  0.46545455E+11 -0.13596390E-29  0.54033771E-29
  0.93090909E+11 -0.16316160E-29  0.44891292E-29
  0.13963636E+12 -0.20540421E-29  0.37089178E-29
  0.18618182E+12 -0.19913444E-29  0.25323815E-29
  0.23272727E+12 -0.87560359E-30  0.18166339E-29
  0.27927273E+12  0.52286115E-31  0.24693785E-29
  0.32581818E+12 -0.20184450E-30  0.31603036E-29
  0.37236364E+12 -0.57622977E-30  0.31004630E-29
  0.41890909E+12 -0.55949984E-30  0.30525178E-29
  0.46545455E+12 -0.65680386E-30  0.30758845E-29
  0.51200000E+12 -0.73772537E-30  0.30416296E-29
  0.55854545E+12 -0.80452892E-30  0.29881006E-29
  0.60509091E+12 -0.77439812E-30  0.29811072E-29
  0.65163636E+12 -0.95778498E-30  0.30297678E-29
  0.69818182E+12 -0.10795121E-29  0.29074517E-29
  0.74472727E+12 -0.10687629E-29  0.28032335E-29
  0.79127273E+12 -0.12584138E-29  0.26209150E-29
  0.83781818E+12 -0.91781021E-30  0.23542383E-29
  0.88436364E+12 -0.81487775E-30  0.27656499E-29
  0.93090909E+12 -0.10129704E-29  0.26114268E-29
  0.97745455E+12 -0.87973267E-30  0.26295924E-29
  0.10240000E+13 -0.79264307E-30  0.32753468E-29
  0.10705455E+13 -0.20995093E-29  0.26097745E-29
  0.11170909E+13 -0.13965520E-29  0.17101515E-29
  0.11636364E+13 -0.45750806E-30  0.20032930E-29
  0.12101818E+13 -0.61684936E-30  0.29486958E-29
  0.12567273E+13 -0.13146409E-29  0.31230238E-29
  0.13032727E+13 -0.19125914E-29  0.25305130E-29
  0.13498182E+13 -0.14612317E-29  0.18287501E-29
  0.13963636E+13 -0.91161231E-30  0.22107534E-29
  0.14429091E+13 -0.12071844E-29  0.25575693E-29
  0.14894545E+13 -0.15209235E-29  0.22668829E-29
  0.15360000E+13 -0.11810555E-29  0.20170358E-29
  0.15825455E+13 -0.99336660E-30  0.25020337E-29
  0.16290909E+13 -0.15694102E-29  0.25212142E-29
  0.16756364E+13 -0.15599936E-29  0.21988970E-29
  0.17221818E+13 -0.17392492E-29  0.21965230E-29
  0.17687273E+13 -0.16195003E-29  0.17381017E-29
  0.18152727E+13 -0.10533804E-29  0.17578331E-29
  0.18618182E+13 -0.13103998E-29  0.25584806E-29
  0.19083636E+13 -0.18794093E-29  0.18133169E-29
  0.19549091E+13 -0.14303977E-29  0.14325441E-29
  0.20014545E+13 -0.70768872E-30  0.18107627E-29
  0.20480000E+13 -0.12317793E-29  0.24121447E-29
  0.20945455E+13 -0.15402922E-29  0.22850956E-29
  0.21410909E+13 -0.17926143E-29  0.20573284E-29
  0.21876364E+13 -0.16818667E-29  0.17545010E-29
  0.22341818E+13 -0.14810387E-29  0.18403457E-29
  0.22807273E+13 -0.16989809E-29  0.17693269E-29
  0.23272727E+13 -0.15127257E-29  0.16524921E-29
  0.23738182E+13 -0.13663604E-29  0.18541933E-29
  0.24203636E+13 -0.16865842E-29  0.20034265E-29
  0.24669091E+13 -0.19306042E-29  0.17094606E-29
  0.25134545E+13 -0.15839270E-29  0.14906834E-29
  0.25600000E+13 -0.16740044E-29  0.15625234E-29
  0.26065455E+13 -0.17216065E-29  0.15344965E-29
  0.26530909E+13 -0.16333259E-29  0.13454361E-29
  0.26996364E+13 -0.14712225E-29  0.15859632E-29
  0.27461818E+13 -0.18201331E-29  0.15831792E-29
  0.27927273E+13 -0.17308565E-29  0.12789914E-29
  0.28392727E+13 -0.16369973E-29  0.11669632E-29
  0.28858182E+13 -0.11880231E-29  0.12010137E-29
  0.29323636E+13 -0.11671993E-29  0.18258430E-29
  0.29789091E+13 -0.23497233E-29  0.21344460E-29
  0.30254545E+13 -0.25347292E-29  0.98730009E-30
  0.30720000E+13 -0.17405019E-29  0.39900469E-30
  0.31185455E+13 -0.12017392E-29  0.10060186E-29
  0.31650909E+13 -0.14886851E-29  0.13548681E-29
  0.32116364E+13 -0.17872244E-29  0.12329440E-29
  0.32581818E+13 -0.17221904E-29  0.98483713E-30
  0.33047273E+13 -0.16785148E-29  0.79220008E-30
  0.33512727E+13 -0.14555350E-29  0.87994026E-30
  0.33978182E+13 -0.12033455E-29  0.12226564E-29
  0.34443636E+13 -0.20395838E-29  0.98243346E-30
  0.34909091E+13 -0.14837289E-29  0.48960372E-30
  0.35374545E+13 -0.11253605E-29  0.99969690E-30
  0.35840000E+13 -0.16509276E-29  0.13303869E-29
  0.36305455E+13 -0.21847249E-29  0.69136649E-30
  0.36770909E+13 -0.15501956E-29  0.15310804E-30
  0.37236364E+13 -0.96769681E-30  0.55263559E-30
  0.37701818E+13 -0.12925369E-29  0.91080534E-30
  0.38167273E+13 -0.13364006E-29  0.87644645E-30
  0.38632727E+13 -0.13467628E-29  0.10167853E-29
  0.39098182E+13 -0.18818810E-29  0.91753888E-30
  0.39563636E+13 -0.18053091E-29  0.30379077E-30
  0.40029091E+13 -0.12153218E-29  0.91789085E-31
  0.40494545E+13 -0.10352148E-29  0.63181577E-30
  0.40960000E+13 -0.14655411E-29  0.78398217E-30
  0.41425455E+13 -0.16669295E-29  0.27127554E-30
  0.41890909E+13 -0.93877923E-30  0.10129692E-30
  0.42356364E+13 -0.10433190E-29  0.68460294E-30
  0.42821818E+13 -0.13802423E-29  0.62775702E-30
  0.43287273E+13 -0.12411109E-29  0.54854201E-30
  0.43752727E+13 -0.12952607E-29  0.38668079E-30
  0.44218182E+13 -0.11573818E-29  0.42867631E-30
  0.44683636E+13 -0.13864188E-29  0.45471059E-30
  0.45149091E+13 -0.14633881E-29  0.18239960E-30
  0.45614545E+13 -0.90943609E-30 -0.92997731E-31
  0.46080000E+13 -0.92165856E-30  0.25725949E-30
  0.46545455E+13 -0.97553471E-30  0.19745420E-30
  0.47010909E+13 -0.92095642E-30  0.30352891E-30
  0.47476364E+13 -0.68913061E-30  0.41196767E-30
  0.47941818E+13 -0.12709328E-29  0.52691914E-30
  0.48407273E+13 -0.13278261E-29 -0.11414049E-30
  0.48872727E+13 -0.71197010E-30 -0.14633152E-30
  0.49338182E+13 -0.61440342E-30  0.15129681E-30
  0.49803636E+13 -0.99282113E-30 -0.42638549E-31
  0.50269091E+13 -0.26119327E-30 -0.26812167E-30
  0.50734545E+13 -0.17965252E-30  0.35772141E-30
  0.51200000E+13 -0.65175754E-30  0.50853710E-30
  0.51665455E+13 -0.58875780E-30  0.20938334E-30
  0.52130909E+13 -0.43026462E-30  0.57477219E-30
  0.52596364E+13 -0.12815811E-29  0.34632931E-30
  0.53061818E+13 -0.92918675E-30 -0.52481891E-30
  0.53527273E+13 -0.31244851E-30 -0.46169603E-30
  0.53992727E+13 -0.19388767E-30 -0.63546453E-31
  0.54458182E+13 -0.22479877E-30 -0.15023592E-31
  0.54923636E+13 -0.12496678E-30 -0.35647723E-30
  0.55389091E+13  0.65057739E-30  0.55739142E-31
  0.55854545E+13 -0.27410130E-30  0.66464987E-30
  0.56320000E+13  0.12867202E-30 -0.21265528E-30
  0.56785455E+13  0.57333647E-30  0.78840474E-30
  0.57250909E+13 -0.32066771E-30  0.17865985E-30
  0.57716364E+13  0.11123194E-29  0.59214446E-30
  0.58181818E+13 -0.20759781E-30  0.11813234E-29
  0.58647273E+13 -0.30042395E-30  0.48770960E-30
  0.59112727E+13 -0.39616436E-30  0.10443914E-30
  0.59578182E+13  0.47461282E-30  0.29796110E-30
  0.60043636E+13 -0.36678554E-30  0.72316370E-31
  0.60509091E+13  0.10678509E-29 -0.20667441E-30
  0.60974545E+13  0.75198437E-30  0.10301719E-29
  0.61440000E+13  0.51360441E-30  0.96023405E-30
  0.61905455E+13  0.21784496E-31  0.11362514E-29
  0.62370909E+13  0.15887450E-30  0.57680064E-30
  0.62836364E+13 -0.10382420E-32  0.56832363E-30
  0.63301818E+13  0.58205812E-30  0.60181497E-30
  0.63767273E+13 -0.25469331E-31  0.83616211E-30
  0.64232727E+13  0.29453584E-30  0.77950176E-30
  0.64698182E+13 -0.28346832E-30  0.24479454E-30
  0.65163636E+13  0.10050653E-29  0.78241400E-31
  0.65629091E+13  0.54741796E-30  0.74807720E-30
  0.66094545E+13  0.63897617E-30  0.23081440E-31
  0.66560000E+13  0.16653777E-29  0.70833554E-30
  0.67025455E+13  0.65597970E-30  0.96533586E-30
  0.67490909E+13  0.12567982E-29  0.49057508E-30
  0.67956364E+13  0.14258804E-29  0.11398082E-29
  0.68421818E+13  0.10669972E-29  0.12628942E-29
  0.68887273E+13  0.87310710E-30  0.12245051E-29
  0.69352727E+13  0.16398151E-29  0.10899680E-29
  0.69818182E+13  0.99591439E-30  0.16049921E-29
  0.70283636E+13  0.11011667E-29  0.15920994E-29
  0.70749091E+13  0.10709374E-29  0.14544874E-29
  0.71214545E+13  0.66253230E-30  0.12517552E-29
  0.71680000E+13  0.13643786E-29  0.89726382E-30
  0.72145455E+13  0.19518385E-29  0.17178992E-29
  0.72610909E+13  0.13687290E-29  0.22940170E-29
  0.73076364E+13  0.87491801E-30  0.20138499E-29
  0.73541818E+13  0.12293549E-29  0.19543181E-29
  0.74007273E+13  0.94600443E-30  0.17982394E-29
  0.74472727E+13  0.18224166E-29  0.16318744E-29
  0.74938182E+13  0.12083226E-29  0.29053464E-29
  0.75403636E+13  0.10960287E-29  0.18328078E-29
  0.75869091E+13  0.13309737E-29  0.17939343E-29
  0.76334545E+13  0.21015707E-29  0.18761516E-29
  0.76800000E+13  0.21678620E-29  0.22846266E-29
  0.77265455E+13  0.18872783E-29  0.27815057E-29
  0.77730909E+13  0.18666407E-29  0.34510646E-29
  0.78196364E+13  0.51256488E-30  0.29316572E-29
  0.78661818E+13  0.15890373E-29  0.13876447E-29
  0.79127273E+13  0.26863360E-29  0.37120824E-29
  0.79592727E+13  0.14479004E-29  0.33974987E-29
  0.80058182E+13  0.23506499E-29  0.22345860E-29
  0.80523636E+13  0.24890736E-29  0.30205884E-29
  0.80989091E+13  0.26757982E-29  0.29146761E-29
  0.81454545E+13  0.39348091E-29  0.41109636E-29
  0.81920000E+13  0.23161253E-29  0.49796278E-29
  0.82385455E+13  0.23575208E-29  0.50201902E-29
  0.82850909E+13  0.19612851E-29  0.45703841E-29
  0.83316364E+13  0.17108869E-29  0.56574527E-29
  0.83781818E+13  0.43607011E-30  0.46979681E-29
  0.84247273E+13  0.25147100E-29  0.55995403E-29
  0.84712727E+13  0.10220605E-29  0.63480523E-29
  0.85178182E+13 -0.58157106E-31  0.52468403E-29
  0.85643636E+13  0.14488399E-29  0.65144499E-29
  0.86109091E+13  0.12701908E-30  0.79812774E-29
  0.86574545E+13 -0.11154101E-29  0.56792353E-29
  0.87040000E+13  0.16144851E-30  0.60858799E-29
  0.87505455E+13  0.30608825E-30  0.64451971E-29
  0.87970909E+13  0.20777709E-30  0.72901070E-29
  0.88436364E+13  0.48751984E-31  0.71855266E-29
  0.88901818E+13 -0.37419650E-30  0.61697236E-29
  0.89367273E+13  0.23020642E-30  0.84215926E-29
  0.89832727E+13 -0.18896344E-29  0.75520322E-29
  0.90298182E+13 -0.26461845E-29  0.55983010E-29
  0.90763636E+13  0.19073649E-29  0.85258513E-29
  0.91229091E+13 -0.29284883E-29  0.71515013E-29
  0.91694545E+13 -0.11448373E-29  0.77539264E-29
  0.92160000E+13 -0.41276175E-29  0.79597258E-29
  0.92625455E+13 -0.29877990E-29  0.69145301E-29
  0.93090909E+13 -0.29809380E-29  0.67495111E-29
  0.93556364E+13 -0.33763588E-29  0.65085869E-29
  0.94021818E+13 -0.24171397E-29  0.63507006E-29
  0.94487273E+13 -0.18205698E-29  0.70593564E-29
  0.94952727E+13 -0.31523956E-29  0.70077992E-29
  0.95418182E+13 -0.25297855E-29  0.68811988E-29
  0.95883636E+13 -0.17560453E-30  0.82317404E-29
  0.96349091E+13 -0.48450133E-29  0.91426898E-29
  0.96814545E+13 -0.56950606E-29  0.71666246E-29
  0.97280000E+13 -0.36161626E-29  0.68276307E-29
  0.97745455E+13 -0.41731662E-29  0.73842978E-29
  0.98210909E+13 -0.45973490E-29  0.82775438E-29
  0.98676364E+13 -0.53178943E-29  0.66782993E-29
  0.99141818E+13 -0.39226550E-29  0.69552994E-29
  0.99607273E+13 -0.51064544E-29  0.79219207E-29
  0.10007273E+14 -0.47784205E-29  0.74058336E-29
  0.10053818E+14 -0.47335103E-29  0.82685139E-29
  0.10100364E+14 -0.68609011E-29  0.91881793E-29
  0.10146909E+14 -0.76281365E-29  0.65399978E-29
  0.10193455E+14 -0.52768726E-29  0.58758964E-29
  0.10240000E+14 -0.51099594E-29  0.75674947E-29
  0.10286545E+14 -0.56695975E-29  0.82828640E-29
  0.10333091E+14 -0.65086219E-29  0.84194159E-29
  0.10379636E+14 -0.69230740E-29  0.80707834E-29
  0.10426182E+14 -0.72381657E-29  0.79817228E-29
  0.10472727E+14 -0.74666777E-29  0.84735128E-29
  0.10519273E+14 -0.82688623E-29  0.84089138E-29
  0.10565818E+14 -0.84350925E-29  0.77549147E-29
  0.10612364E+14 -0.79096202E-29  0.80199131E-29
  0.10658909E+14 -0.84336813E-29  0.84527731E-29
  0.10705455E+14 -0.90218223E-29  0.87740565E-29
  0.10752000E+14 -0.93744027E-29  0.83372279E-29
  0.10798545E+14 -0.89025896E-29  0.88335814E-29
  0.10845091E+14 -0.10969677E-28  0.96072496E-29
  0.10891636E+14 -0.11626190E-28  0.89832863E-29
  0.10938182E+14 -0.10911897E-28  0.82062242E-29
  0.10984727E+14 -0.11450547E-28  0.92401635E-29
  0.11031273E+14 -0.11936118E-28  0.95535965E-29
  0.11077818E+14 -0.13277040E-28  0.99158205E-29
  0.11124364E+14 -0.14906256E-28  0.88522496E-29
  0.11170909E+14 -0.14880200E-28  0.92256144E-29
  0.11217455E+14 -0.14712912E-28  0.87852145E-29
  0.11264000E+14 -0.15506880E-28  0.89065862E-29
  0.11310545E+14 -0.13549549E-28  0.85655191E-29
  0.11357091E+14 -0.19989851E-28  0.14238699E-28
  0.11403636E+14 -0.19973913E-28  0.15367657E-28
  0.11450182E+14 -0.27303558E-28  0.12785033E-28
  0.11496727E+14 -0.28554618E-28  0.14673621E-28
  0.11543273E+14 -0.35868508E-28  0.12198357E-28
  0.11589818E+14 -0.41194479E-28  0.59115847E-29
  0.11636364E+14 -0.42748170E-28 -0.12763033E-28
  0.11682909E+14 -0.32753085E-28 -0.10060087E-28
  0.11729455E+14 -0.32841746E-28 -0.13696812E-28
  0.11776000E+14 -0.30774642E-28 -0.17714804E-28
  0.11822545E+14 -0.26667631E-28 -0.18848198E-28
  0.11869091E+14 -0.24474803E-28 -0.17752495E-28
  0.11915636E+14 -0.23216758E-28 -0.19021859E-28
  0.11962182E+14 -0.23653941E-28 -0.22474858E-28
  0.12008727E+14 -0.21829751E-28 -0.23864189E-28
  0.12055273E+14 -0.16243345E-28 -0.24482192E-28
  0.12101818E+14 -0.14411923E-28 -0.24902924E-28
  0.12148364E+14 -0.11436156E-28 -0.23536190E-28
  0.12194909E+14 -0.12248103E-28 -0.23496468E-28
  0.12241455E+14 -0.11846537E-28 -0.24549391E-28
  0.12288000E+14 -0.79006903E-29 -0.23611198E-28
  0.12334545E+14 -0.56591929E-29 -0.23907465E-28
  0.12381091E+14 -0.36775029E-29 -0.24787556E-28
  0.12427636E+14 -0.93246775E-30 -0.24504194E-28
  0.12474182E+14  0.17249426E-29 -0.21971454E-28
  0.12520727E+14  0.46448644E-29 -0.20113276E-28
  0.12567273E+14  0.52317485E-29 -0.14607558E-28
  0.12613818E+14  0.14181994E-29 -0.12258127E-28
  0.12660364E+14 -0.44153169E-30 -0.12760041E-28
  0.12706909E+14  0.16201831E-29 -0.13700112E-28
  0.12753455E+14  0.18289812E-29 -0.12551491E-28
  0.12800000E+14  0.15768206E-29 -0.10426053E-28
  0.12846545E+14  0.28803763E-30 -0.10265779E-28
  0.12893091E+14 -0.10826175E-29 -0.10932957E-28
  0.12939636E+14  0.68987255E-30 -0.11317076E-28
  0.12986182E+14  0.28547736E-30 -0.10090795E-28
  0.13032727E+14 -0.40795641E-30 -0.10368682E-28
  0.13079273E+14 -0.41868887E-30 -0.10669367E-28
  0.13125818E+14  0.85756286E-30 -0.10834577E-28
  0.13172364E+14 -0.10680851E-30 -0.94946206E-29
  0.13218909E+14 -0.70829505E-31 -0.10454770E-28
  0.13265455E+14  0.24530416E-30 -0.10178541E-28
  0.13312000E+14  0.60406098E-30 -0.98614719E-29
  0.13358545E+14 -0.18941824E-30 -0.95736861E-29
  0.13405091E+14  0.82028148E-30 -0.10152306E-28
  0.13451636E+14  0.89987764E-30 -0.96514077E-29
  0.13498182E+14  0.12535125E-29 -0.85643388E-29
  0.13544727E+14  0.57098197E-31 -0.97641793E-29
  0.13591273E+14  0.15032050E-29 -0.99464835E-29
  0.13637818E+14 -0.40847169E-30 -0.89713734E-29
  0.13684364E+14  0.60085371E-30 -0.86773450E-29
  0.13730909E+14  0.17160471E-29 -0.96867899E-29
  0.13777455E+14  0.13628602E-29 -0.81108330E-29
  0.13824000E+14  0.59280587E-30 -0.86347826E-29
  0.13870545E+14  0.15340382E-29 -0.79216782E-29
  0.13917091E+14  0.27632653E-30 -0.85173205E-29
  0.13963636E+14  0.10038085E-29 -0.85439761E-29
  0.14010182E+14  0.93577069E-30 -0.81965644E-29
  0.14056727E+14  0.45088200E-30 -0.82554888E-29
  0.14103273E+14  0.84247038E-30 -0.88477005E-29
  0.14149818E+14  0.36045646E-30 -0.75646541E-29
  0.14196364E+14 -0.23483583E-30 -0.93001840E-29
  0.14242909E+14  0.14244617E-29 -0.94564602E-29
  0.14289455E+14  0.11198049E-29 -0.92447853E-29
  0.14336000E+14  0.15554254E-29 -0.81124398E-29
  0.14382545E+14 -0.53006834E-31 -0.85871278E-29
  0.14429091E+14  0.13057874E-29 -0.99877315E-29
  0.14475636E+14  0.11203900E-29 -0.85476137E-29
  0.14522182E+14  0.75140878E-30 -0.93569257E-29
  0.14568727E+14  0.96600084E-30 -0.98596377E-29
  0.14615273E+14  0.25946766E-29 -0.10457034E-28
  0.14661818E+14  0.16048162E-29 -0.88405772E-29
  0.14708364E+14  0.82123866E-30 -0.98642827E-29
  0.14754909E+14  0.16526068E-29 -0.98218574E-29
  0.14801455E+14  0.16047636E-29 -0.10634839E-28
  0.14848000E+14  0.22733434E-29 -0.11887483E-28
  0.14894545E+14  0.25768775E-29 -0.10816683E-28
  0.14941091E+14  0.27301151E-29 -0.11795920E-28
  0.14987636E+14  0.43697566E-29 -0.11365279E-28
  0.15034182E+14  0.38427715E-29 -0.11296686E-28
  0.15080727E+14  0.64822971E-29 -0.11758391E-28
  0.15127273E+14  0.47632376E-29 -0.10371092E-28
  0.15173818E+14  0.59546918E-29 -0.11579478E-28
  0.15220364E+14  0.65150265E-29 -0.11038724E-28
  0.15266909E+14  0.53903449E-29 -0.11160505E-28
  0.15313455E+14  0.71197720E-29 -0.11533920E-28
  0.15360000E+14  0.74467419E-29 -0.11071962E-28
  0.15406545E+14  0.79134021E-29 -0.10759431E-28
  0.15453091E+14  0.83539413E-29 -0.10288807E-28
  0.15499636E+14  0.95300926E-29 -0.10869079E-28
  0.15546182E+14  0.10196879E-28 -0.97064461E-29
  0.15592727E+14  0.93847401E-29 -0.87947366E-29
  0.15639273E+14  0.10330983E-28 -0.90747304E-29
  0.15685818E+14  0.10696334E-28 -0.95196071E-29
  0.15732364E+14  0.12721436E-28 -0.90503994E-29
  0.15778909E+14  0.12869922E-28 -0.70413923E-29
  0.15825455E+14  0.12242144E-28 -0.66185653E-29
  0.15872000E+14  0.12365457E-28 -0.60375314E-29
  0.15918545E+14  0.13212250E-28 -0.55281475E-29
  0.15965091E+14  0.12983226E-28 -0.46210271E-29
  0.16011636E+14  0.12447258E-28 -0.43036989E-29
  0.16058182E+14  0.12453453E-28 -0.35684024E-29
  0.16104727E+14  0.12601513E-28 -0.32116114E-29
  0.16151273E+14  0.12972969E-28 -0.27629836E-29
  0.16197818E+14  0.13026213E-28 -0.21703546E-29
  0.16244364E+14  0.12250447E-28 -0.20195706E-29
  0.16290909E+14  0.12641585E-28 -0.12301949E-29
  0.16337455E+14  0.13116906E-28 -0.11815566E-29
  0.16384000E+14  0.12605179E-28 -0.39180556E-30
  0.16430545E+14  0.12591193E-28  0.73914268E-30
  0.16477091E+14  0.12623897E-28  0.48919605E-30
  0.16523636E+14  0.12355563E-28  0.13484252E-29
  0.16570182E+14  0.11979542E-28  0.20937282E-29
  0.16616727E+14  0.12365315E-28  0.23954047E-29
  0.16663273E+14  0.11209228E-28  0.24855850E-29
  0.16709818E+14  0.11939705E-28  0.33616719E-29
  0.16756364E+14  0.11520103E-28  0.39302115E-29
  0.16802909E+14  0.11134492E-28  0.42717903E-29
  0.16849455E+14  0.10426077E-28  0.51990171E-29
  0.16896000E+14  0.10347860E-28  0.53030028E-29
  0.16942545E+14  0.10281538E-28  0.59405318E-29
  0.16989091E+14  0.98779088E-29  0.61572365E-29
  0.17035636E+14  0.91203858E-29  0.70527177E-29
  0.17082182E+14  0.86857577E-29  0.74204594E-29
  0.17128727E+14  0.76495838E-29  0.79547971E-29
  0.17175273E+14  0.74733043E-29  0.85876463E-29
  0.17221818E+14  0.72333798E-29  0.89542053E-29
  0.17268364E+14  0.63943212E-29  0.98100811E-29
  0.17314909E+14  0.48246977E-29  0.10314086E-28
  0.17361455E+14  0.29938720E-29  0.11431880E-28
  0.17408000E+14  0.00000000E+00  0.89002188E-29
  0.17454545E+14  0.00000000E+00  0.74466071E-29
  0.17501091E+14  0.00000000E+00  0.65644977E-29
  0.17547636E+14  0.00000000E+00  0.59186679E-29
  0.17594182E+14  0.00000000E+00  0.54071269E-29
  0.17640727E+14  0.00000000E+00  0.49834443E-29
  0.17687273E+14  0.00000000E+00  0.46220381E-29
  0.17733818E+14  0.00000000E+00  0.43070887E-29
  0.17780364E+14  0.00000000E+00  0.40279990E-29
  0.17826909E+14  0.00000000E+00  0.37772192E-29
  0.17873455E+14  0.00000000E+00  0.35490735E-29
  0.17920000E+14  0.00000000E+00  0.33390575E-29
  0.17966545E+14  0.00000000E+00  0.31433599E-29
  0.18013091E+14  0.00000000E+00  0.29584629E-29
  0.18059636E+14  0.00000000E+00  0.27806895E-29
  0.18106182E+14  0.00000000E+00  0.26054691E-29
  0.18152727E+14  0.00000000E+00  0.24257079E-29
  0.18199273E+14  0.00000000E+00  0.22270218E-29
  0.18245818E+14  0.00000000E+00  0.19683000E-29
  0.18292364E+14  0.00000000E+00  0.14385410E-29
  0.18338909E+14  0.44794811E-29  0.28307932E-29
  0.18385455E+14 -0.22199954E-29  0.16032629E-29
  0.18432000E+14  0.85599499E-31  0.15255956E-29
  0.18478545E+14  0.82288170E-30  0.27652250E-29
  0.18525091E+14 -0.41841548E-30  0.94851958E-30
  0.18571636E+14  0.72891999E-30  0.23025375E-29
  0.18618182E+14  0.72264477E-30  0.16137869E-29
  0.18664727E+14  0.40895197E-30  0.81381896E-30
  0.18711273E+14  0.89947739E-30  0.15627924E-29
  0.18757818E+14  0.66315072E-30  0.13685277E-29
  0.18804364E+14  0.15072849E-29  0.15827662E-29
  0.18850909E+14  0.28634944E-30  0.19147396E-29
  0.18897455E+14  0.48746625E-30  0.10674063E-29
  0.18944000E+14  0.15387834E-29  0.11490823E-29
  0.18990545E+14  0.46523264E-30  0.18100986E-29
  0.19037091E+14  0.79946959E-30  0.18216985E-29
  0.19083636E+14  0.10403294E-29  0.13554260E-29
  0.19130182E+14  0.12449051E-29  0.14701447E-29
  0.19176727E+14  0.91484347E-30  0.22235372E-29
  0.19223273E+14  0.89333357E-30  0.18780046E-29
  0.19269818E+14  0.13346768E-29  0.17281615E-29
  0.19316364E+14  0.38344066E-30  0.23304945E-29
  0.19362909E+14  0.39316033E-30  0.17631191E-29
  0.19409455E+14  0.76436328E-30  0.22812435E-29
  0.19456000E+14  0.43070698E-30  0.21361503E-29
  0.19502545E+14  0.17272949E-30  0.25342340E-29
  0.19549091E+14 -0.49326154E-30  0.18167028E-29
  0.19595636E+14  0.99786185E-31  0.17617061E-29
  0.19642182E+14  0.96902192E-31  0.16896904E-29
  0.19688727E+14  0.25759739E-30  0.19821940E-29
  0.19735273E+14 -0.71348336E-30  0.16529102E-29
  0.19781818E+14  0.85760858E-31  0.15447011E-29
  0.19828364E+14 -0.36656341E-30  0.14557647E-29
  0.19874909E+14  0.17323374E-30  0.12816866E-29
  0.19921455E+14 -0.38458411E-30  0.14172699E-29
  0.19968000E+14 -0.37656554E-30  0.14488401E-29
  0.20014545E+14 -0.17047621E-30  0.87780182E-30
  0.20061091E+14 -0.26241792E-31  0.14773515E-29
  0.20107636E+14 -0.54357547E-30  0.64509008E-30
  0.20154182E+14  0.39592014E-30  0.10447477E-29
  0.20200727E+14  0.13088352E-30  0.18962673E-29
  0.20247273E+14 -0.11573288E-29  0.90235016E-30
  0.20293818E+14 -0.71517284E-30  0.81672640E-30
  0.20340364E+14 -0.32625956E-30  0.63220333E-30
  0.20386909E+14 -0.33597010E-30  0.64285146E-30
  0.20433455E+14  0.96389777E-32  0.53650901E-30
  0.20480000E+14  0.30463465E-30  0.72289347E-30
  0.20526545E+14 -0.18480472E-31  0.17861857E-29
  0.20573091E+14 -0.67109846E-30  0.82892950E-30
  0.20619636E+14  0.11415098E-31  0.76938366E-30
  0.20666182E+14 -0.56187650E-30  0.84660861E-30
  0.20712727E+14 -0.54527422E-30  0.47683751E-30
  0.20759273E+14 -0.24699887E-30 -0.24568068E-30
  0.20805818E+14  0.71878653E-30  0.11045130E-30
  0.20852364E+14  0.51249507E-30  0.16397558E-29
  0.20898909E+14 -0.47613109E-30  0.13247943E-29
  0.20945455E+14 -0.77521547E-30  0.46426830E-30
  0.20992000E+14  0.28288681E-30  0.49788979E-30
  0.21038545E+14 -0.24257064E-30  0.77976109E-30
  0.21085091E+14 -0.54219437E-31  0.45678919E-30
  0.21131636E+14  0.77110238E-31  0.55965001E-30
  0.21178182E+14  0.11398484E-31  0.60851748E-30
  0.21224727E+14 -0.45190918E-30  0.27400596E-30
  0.21271273E+14  0.42925109E-30  0.82952818E-30
  0.21317818E+14 -0.49037677E-30  0.10288581E-29
  0.21364364E+14 -0.34122456E-30  0.16244689E-30
  0.21410909E+14  0.14369294E-30  0.27883255E-30
  0.21457455E+14  0.83793782E-32  0.71303119E-30
  0.21504000E+14 -0.22334443E-30  0.57548290E-30
  0.21550545E+14 -0.65319421E-31  0.56892485E-30
  0.21597091E+14 -0.38871764E-31  0.77625989E-30
  0.21643636E+14 -0.30629601E-30  0.81383472E-30
  0.21690182E+14 -0.71385287E-30  0.28710980E-30
  0.21736727E+14 -0.14564947E-30 -0.34960035E-30
  0.21783273E+14 -0.13684840E-31  0.34641649E-30
  0.21829818E+14  0.57410130E-31  0.53441611E-30
  0.21876364E+14 -0.39068048E-30  0.30726827E-30
  0.21922909E+14  0.81739012E-31 -0.98638948E-31
  0.21969455E+14  0.21011457E-30  0.32603857E-30
  0.22016000E+14 -0.67650876E-31  0.21474653E-30
  0.22062545E+14 -0.55505903E-31  0.29626738E-30
  0.22109091E+14  0.28974561E-30  0.11597389E-30
  0.22155636E+14  0.73559551E-30  0.48457073E-30
  0.22202182E+14 -0.23897772E-30  0.10325974E-29
  0.22248727E+14 -0.35917299E-30 -0.38250526E-32
  0.22295273E+14  0.93240187E-31  0.26195977E-31
  0.22341818E+14  0.25088724E-30  0.55957309E-30
  0.22388364E+14 -0.27688937E-30  0.21047001E-30
  0.22434909E+14  0.18183358E-30  0.62673393E-30
  0.22481455E+14 -0.48362826E-30 -0.20297588E-31
  0.22528000E+14  0.69053825E-30  0.13953302E-30
  0.22574545E+14 -0.12938598E-30  0.85378123E-30
  0.22621091E+14 -0.31516089E-30  0.24999079E-30
  0.22667636E+14 -0.88654644E-31 -0.33030275E-30
  0.22714182E+14  0.65123245E-30 -0.29036428E-30
  0.22760727E+14  0.74561392E-30  0.21269436E-30
  0.22807273E+14  0.64189208E-30  0.65875646E-30
  0.22853818E+14 -0.14315774E-30  0.11122626E-29
  0.22900364E+14 -0.43237457E-30  0.25016806E-30
  0.22946909E+14  0.86890983E-31 -0.14297224E-30
  0.22993455E+14  0.48832257E-31  0.14083852E-30
  0.23040000E+14  0.43541403E-30  0.43558661E-30
  0.23086545E+14  0.21680323E-30  0.38884165E-30
  0.23133091E+14 -0.76117996E-31  0.20950382E-30
  0.23179636E+14  0.43869836E-30  0.23156049E-30
  0.23226182E+14  0.77315027E-30  0.95439176E-30
  0.23272727E+14 -0.59615977E-30  0.63312032E-30
  0.23319273E+14 -0.22132185E-30  0.71262387E-31
  0.23365818E+14  0.70432825E-30  0.45852459E-30
  0.23412364E+14  0.76265171E-31  0.88561833E-30
  0.23458909E+14 -0.21621827E-30  0.58263354E-30
  0.23505455E+14  0.42709998E-31  0.48120427E-30
  0.23552000E+14 -0.17633311E-30  0.72446865E-30
  0.23598545E+14 -0.10534019E-29  0.63547380E-30
  0.23645091E+14 -0.82505068E-30  0.13337267E-30
  0.23691636E+14 -0.58907103E-30 -0.10439923E-30
  0.23738182E+14 -0.64471516E-31 -0.57611991E-30
  0.23784727E+14  0.58519075E-30  0.15400770E-30
  0.23831273E+14  0.47658137E-30  0.41575647E-30
  0.23877818E+14 -0.69424404E-30  0.65816154E-30
  0.23924364E+14  0.42876606E-33 -0.27749665E-30
  0.23970909E+14  0.34544135E-30  0.13504818E-30
  0.24017455E+14 -0.25184519E-30  0.64819558E-30
  0.24064000E+14 -0.19416989E-30  0.28582760E-31
  0.24110545E+14  0.18822130E-30  0.16083879E-30
  0.24157091E+14  0.67457100E-31  0.56152599E-30
  0.24203636E+14 -0.33097490E-30  0.64286518E-30
  0.24250182E+14 -0.83081374E-30 -0.22083159E-30
  0.24296727E+14  0.25005089E-30 -0.49338232E-30
  0.24343273E+14  0.39958905E-30  0.20586298E-30
  0.24389818E+14 -0.45047996E-30  0.41483808E-30
  0.24436364E+14  0.37077489E-32 -0.44931161E-30
  0.24482909E+14  0.66412975E-30  0.31130124E-31
  0.24529455E+14  0.14086915E-30  0.83601028E-30
  0.24576000E+14 -0.57515874E-30  0.34644093E-30
  0.24622545E+14  0.13995576E-30 -0.15030347E-30
  0.24669091E+14 -0.18776273E-30  0.42765202E-30
  0.24715636E+14 -0.34539637E-30  0.46515548E-30
  0.24762182E+14 -0.99992700E-30 -0.35628981E-30
  0.24808727E+14  0.91302391E-30 -0.12259512E-29
  0.24855273E+14  0.98623646E-30  0.56157607E-30
  0.24901818E+14 -0.12218088E-30  0.76224661E-30
  0.24948364E+14  0.10513202E-31  0.35384871E-30
  0.24994909E+14 -0.54926789E-30  0.27489864E-30
  0.25041455E+14 -0.58266308E-30 -0.57357882E-30
  0.25088000E+14  0.70827738E-30 -0.10006296E-29
  0.25134545E+14  0.12332680E-29 -0.13198482E-30
  0.25181091E+14  0.55159641E-30  0.10306104E-29
  0.25227636E+14 -0.42990772E-31  0.42228453E-30
  0.25274182E+14 -0.75772923E-31 -0.92028630E-31
  0.25320727E+14  0.71940478E-30  0.34801019E-30
  0.25367273E+14 -0.16191296E-30  0.89244142E-30
  0.25413818E+14  0.72129109E-31  0.61883356E-31
  0.25460364E+14 -0.20177492E-30 -0.18878476E-30
  0.25506909E+14  0.38122968E-30 -0.18945382E-31
  0.25553455E+14  0.57790682E-30  0.44770527E-30
  0.25600000E+14  0.20704338E-31  0.52054386E-30
  0.25646545E+14 -0.59783691E-31  0.26754608E-30
  0.25693091E+14  0.37115041E-31  0.33431736E-30
  0.25739636E+14 -0.87120393E-30  0.88177210E-31
  0.25786182E+14  0.12990176E-29  0.47292631E-30
  0.25832727E+14 -0.61901152E-30  0.96910032E-31
  0.25879273E+14  0.91860183E-30  0.49814950E-30
  0.25925818E+14  0.53485852E-30 -0.10872077E-30
  0.25972364E+14 -0.31057953E-30  0.10176333E-29
  0.26018909E+14  0.30518395E-30  0.51543098E-30
  0.26065455E+14 -0.90306425E-30  0.96689257E-31
  0.26112000E+14  0.46402142E-30  0.35296798E-30
  0.26158545E+14 -0.35204589E-30  0.59236141E-31
  0.26205091E+14  0.24659657E-30  0.34771056E-30
  0.26251636E+14  0.32327174E-30  0.90614642E-30
  0.26298182E+14 -0.21958483E-29 -0.25860553E-31
  0.26344727E+14  0.43857085E-31  0.59880951E-30
  0.26391273E+14  0.69926415E-30  0.80668385E-30
  0.26437818E+14 -0.20560955E-29 -0.16854156E-30
  0.26484364E+14 -0.37810408E-30  0.64650956E-30
  0.26530909E+14  0.14196846E-29 -0.26518309E-30
  0.26577455E+14 -0.58094386E-30  0.78113801E-30
  0.26624000E+14 -0.39751938E-30 -0.18841677E-30
  0.26670545E+14 -0.30835450E-31 -0.64431690E-30
  0.26717091E+14  0.20742416E-31 -0.20639556E-30
  0.26763636E+14  0.69874443E-31 -0.11496671E-30
  0.26810182E+14  0.11461949E-30 -0.13358785E-31
  0.26856727E+14  0.63807305E-31  0.66367023E-31
  0.26903273E+14  0.39020448E-31  0.91018210E-31
  0.26949818E+14 -0.15972578E-31  0.10782712E-30
  0.26996364E+14 -0.50669172E-31  0.19165030E-31
  0.27042909E+14  0.55377144E-31  0.95409081E-32
  0.27089455E+14  0.90950586E-31  0.69043322E-31
  0.27136000E+14  0.76446024E-31  0.14597729E-30
  0.27182545E+14  0.18999046E-31  0.16110281E-30
  0.27229091E+14 -0.24889590E-31  0.18822506E-30
  0.27275636E+14 -0.16431472E-30  0.98592778E-31
  0.27322182E+14 -0.32518506E-31 -0.31771568E-31
  0.27368727E+14  0.72279319E-31  0.33737251E-32
  0.27415273E+14  0.10858044E-30  0.86894520E-31
  0.27461818E+14  0.56990123E-31  0.15327236E-30
  0.27508364E+14  0.11456938E-31  0.17008776E-30
  0.27554909E+14 -0.30240715E-31  0.13564805E-30
  0.27601455E+14 -0.21041156E-31  0.11617021E-30
  0.27648000E+14 -0.35352299E-31  0.10528115E-30
  0.27694545E+14 -0.37377349E-31  0.11405802E-30
  0.27741091E+14 -0.83461664E-31  0.10232846E-30
  0.27787636E+14 -0.11769273E-30 -0.75968531E-32
  0.27834182E+14  0.19325910E-31 -0.80913715E-31
  0.27880727E+14  0.13687608E-30  0.13082856E-31
  0.27927273E+14  0.10858447E-30  0.10074006E-30
  0.27973818E+14  0.70021240E-31  0.13944967E-30
  0.28020364E+14  0.11768070E-31  0.15208114E-30
  0.28066909E+14 -0.76121128E-32  0.10613626E-30
  0.28113455E+14  0.31512894E-31  0.11272973E-30
  0.28160000E+14 -0.10808917E-31  0.16014296E-30
  0.28206545E+14 -0.65708914E-31  0.13583265E-30
  0.28253091E+14 -0.12700384E-30  0.50488036E-31
  0.28299636E+14 -0.46544892E-31 -0.76893486E-31
  0.28346182E+14  0.11455100E-30 -0.70725305E-31
  0.28392727E+14  0.21511785E-30  0.50404803E-31
  0.28439273E+14  0.14038977E-30  0.21913698E-30
  0.28485818E+14 -0.22767723E-31  0.18386105E-30
  0.28532364E+14  0.17809850E-31  0.17728689E-30
  0.28578909E+14 -0.66104185E-31  0.18219903E-30
  0.28625455E+14 -0.77566627E-31  0.55909868E-31
  0.28672000E+14 -0.62753280E-31  0.28332024E-31
  0.28718545E+14  0.59561926E-31 -0.35334736E-31
  0.28765091E+14  0.14202950E-30  0.65550231E-31
  0.28811636E+14  0.12314116E-30  0.17610504E-30
  0.28858182E+14  0.52732134E-31  0.25452854E-30
  0.28904727E+14 -0.10297405E-30  0.22065847E-30
  0.28951273E+14 -0.11557428E-30  0.12844016E-30
  0.28997818E+14 -0.14397516E-30  0.61572729E-31
  0.29044364E+14 -0.88917459E-31 -0.14290738E-31
  0.29090909E+14  0.56079176E-31 -0.34633826E-31
  0.29137455E+14  0.57240456E-31  0.11559786E-30
  0.29184000E+14 -0.78218568E-31  0.11377016E-30
  0.29230545E+14 -0.50386724E-31 -0.82000101E-32
  0.29277091E+14  0.58265421E-31 -0.15024148E-31
  0.29323636E+14  0.80313354E-31  0.98378126E-31
  0.29370182E+14 -0.31872271E-31  0.12729150E-31
  0.29416727E+14  0.16566011E-30 -0.33504869E-32
  0.29463273E+14  0.11601154E-30  0.25202829E-30
  0.29509818E+14 -0.16256081E-30  0.14413985E-30
  0.29556364E+14  0.52713391E-31 -0.66647811E-31
  0.29602909E+14  0.22163175E-30  0.20377595E-30
  0.29649455E+14 -0.82361629E-31  0.30713055E-30
  0.29696000E+14 -0.86574006E-31  0.18652824E-30
  0.29742545E+14 -0.19173295E-30  0.16949236E-30
  0.29789091E+14 -0.16326966E-30 -0.70132393E-31
  0.29835636E+14  0.54182183E-31 -0.19928654E-31
  0.29882182E+14  0.78148884E-32  0.14009867E-31
  0.29928727E+14  0.12569946E-30  0.12501389E-30
  0.29975273E+14 -0.10612778E-30  0.17920434E-30
  0.30021818E+14  0.25103863E-31  0.16557688E-30
  0.30068364E+14 -0.13122334E-30  0.12849704E-30
  0.30114909E+14 -0.18432412E-30  0.11032718E-30
  0.30161455E+14 -0.26017711E-31  0.31438500E-31
  0.30208000E+14 -0.96285064E-31 -0.13124666E-31
  0.30254545E+14 -0.11636772E-30  0.49840436E-31
  0.30301091E+14 -0.17241139E-30 -0.12036628E-30
  0.30347636E+14  0.13584634E-30  0.12019813E-30
  0.30394182E+14 -0.27748713E-30  0.19551333E-31
  0.30440727E+14 -0.75684787E-31 -0.20316540E-31
  0.30487273E+14  0.24960921E-30  0.22940032E-31
  0.30533818E+14  0.75510947E-31  0.24832190E-30
  0.30580364E+14 -0.24761993E-30 -0.83786846E-31
  0.30626909E+14  0.34418709E-31 -0.13945823E-31
  0.30673455E+14 -0.15984989E-30  0.46993317E-31
  0.30720000E+14 -0.21046908E-31  0.78110942E-31
  0.30766545E+14 -0.15385452E-32  0.30274845E-31
  0.30813091E+14 -0.10798365E-32 -0.35407466E-31
  0.30859636E+14  0.72775682E-31 -0.56669528E-31
  0.30906182E+14  0.18452762E-30  0.10357258E-30
  0.30952727E+14 -0.19524581E-30  0.14492010E-30
  0.30999273E+14 -0.53072058E-32 -0.72082215E-31
  0.31045818E+14  0.12775247E-30  0.55867454E-31
  0.31092364E+14 -0.65150338E-31  0.12688399E-30
  0.31138909E+14 -0.93009395E-32  0.24131026E-31
  0.31185455E+14 -0.12720306E-30  0.21911489E-31
  0.31232000E+14 -0.11992052E-31 -0.10573754E-31
  0.31278545E+14 -0.60415617E-31 -0.39783776E-31
  0.31325091E+14  0.91355104E-31 -0.26586786E-31
  0.31371636E+14 -0.53353796E-31  0.11870121E-30
  0.31418182E+14 -0.30747640E-31 -0.86454120E-31
  0.31464727E+14 -0.16707417E-31  0.62332652E-31
  0.31511273E+14 -0.12250305E-30 -0.12684552E-30
  0.31557818E+14  0.87799288E-31 -0.92466421E-31
  0.31604364E+14  0.10082039E-30  0.14314713E-31
  0.31650909E+14  0.10689438E-30 -0.10924663E-30
  0.31697455E+14  0.19860880E-30  0.49624583E-31
  0.31744000E+14  0.11812844E-30  0.85677203E-31
  0.31790545E+14  0.12708197E-30  0.23256954E-30
  0.31837091E+14 -0.11859239E-30  0.13910221E-30
  0.31883636E+14  0.58967431E-32 -0.46111088E-31
  0.31930182E+14  0.12574563E-30  0.92693207E-31
  0.31976727E+14 -0.19047996E-31  0.13602220E-30
  0.32023273E+14  0.00000000E+00  0.72933849E-31
  0.32069818E+14  0.00000000E+00  0.68193194E-31
  0.32116364E+14  0.00000000E+00  0.63749487E-31
  0.32162909E+14  0.00000000E+00  0.60404196E-31
  0.32209455E+14  0.00000000E+00  0.57790171E-31
  0.32256000E+14  0.00000000E+00  0.55671362E-31
  0.32302545E+14  0.00000000E+00  0.53903615E-31
  0.32349091E+14  0.00000000E+00  0.52394701E-31
  0.32395636E+14  0.00000000E+00  0.51082725E-31
  0.32442182E+14  0.00000000E+00  0.49924446E-31
  0.32488727E+14  0.00000000E+00  0.48888651E-31
  0.32535273E+14  0.00000000E+00  0.47952191E-31
  0.32581818E+14  0.00000000E+00  0.47097508E-31
  0.32628364E+14  0.00000000E+00  0.46311026E-31
  0.32674909E+14  0.00000000E+00  0.45582080E-31
  0.32721455E+14  0.00000000E+00  0.44902165E-31
  0.32768000E+14  0.00000000E+00  0.44264419E-31
  0.32814545E+14  0.00000000E+00  0.43663240E-31
  0.32861091E+14  0.00000000E+00  0.43094011E-31
  0.32907636E+14  0.00000000E+00  0.42552894E-31
  0.32954182E+14  0.00000000E+00  0.42036669E-31
  0.33000727E+14  0.00000000E+00  0.41542616E-31
  0.33047273E+14  0.00000000E+00  0.41068424E-31
  0.33093818E+14  0.00000000E+00  0.40612113E-31
  0.33140364E+14  0.00000000E+00  0.40171981E-31
  0.33186909E+14  0.00000000E+00  0.39746554E-31
  0.33233455E+14  0.00000000E+00  0.39334550E-31
  0.33280000E+14  0.00000000E+00  0.38934847E-31
  0.33326545E+14  0.00000000E+00  0.38546464E-31
  0.33373091E+14  0.00000000E+00  0.38168534E-31
  0.33419636E+14  0.00000000E+00  0.37800289E-31
  0.33466182E+14  0.00000000E+00  0.37441049E-31
  0.33512727E+14  0.00000000E+00  0.37090205E-31
  0.33559273E+14  0.00000000E+00  0.36747215E-31
  0.33605818E+14  0.00000000E+00  0.36411592E-31
  0.33652364E+14  0.00000000E+00  0.36082897E-31
  0.33698909E+14  0.00000000E+00  0.35760733E-31
  0.33745455E+14  0.00000000E+00  0.35444743E-31
  0.33792000E+14  0.00000000E+00  0.35134600E-31
  0.33838545E+14  0.00000000E+00  0.34830008E-31
  0.33885091E+14  0.00000000E+00  0.34530696E-31
  0.33931636E+14  0.00000000E+00  0.34236418E-31
  0.33978182E+14  0.00000000E+00  0.33946947E-31
  0.34024727E+14  0.00000000E+00  0.33662073E-31
  0.34071273E+14  0.00000000E+00  0.33381605E-31
  0.34117818E+14  0.00000000E+00  0.33105366E-31
  0.34164364E+14  0.00000000E+00  0.32833191E-31
  0.34210909E+14  0.00000000E+00  0.32564928E-31
  0.34257455E+14  0.00000000E+00  0.32300437E-31
  0.34304000E+14  0.00000000E+00  0.32039585E-31
  0.34350545E+14  0.00000000E+00  0.31782251E-31
  0.34397091E+14  0.00000000E+00  0.31528319E-31
  0.34443636E+14  0.00000000E+00  0.31277683E-31
  0.34490182E+14  0.00000000E+00  0.31030242E-31
  0.34536727E+14  0.00000000E+00  0.30785903E-31
  0.34583273E+14  0.00000000E+00  0.30544576E-31
  0.34629818E+14  0.00000000E+00  0.30306177E-31
  0.34676364E+14  0.00000000E+00  0.30070630E-31
  0.34722909E+14  0.00000000E+00  0.29837858E-31
  0.34769455E+14  0.00000000E+00  0.29607791E-31
  0.34816000E+14  0.00000000E+00  0.29380364E-31
  0.34862545E+14  0.00000000E+00  0.29155512E-31
  0.34909091E+14  0.00000000E+00  0.28933176E-31
  0.34955636E+14  0.00000000E+00  0.28713299E-31
  0.35002182E+14  0.00000000E+00  0.28495825E-31
  0.35048727E+14  0.00000000E+00  0.28280703E-31
  0.35095273E+14  0.00000000E+00  0.28067884E-31
  0.35141818E+14  0.00000000E+00  0.27857320E-31
  0.35188364E+14  0.00000000E+00  0.27648966E-31
  0.35234909E+14  0.00000000E+00  0.27442778E-31
  0.35281455E+14  0.00000000E+00  0.27238715E-31
  0.35328000E+14  0.00000000E+00  0.27036736E-31
  0.35374545E+14  0.00000000E+00  0.26836804E-31
  0.35421091E+14  0.00000000E+00  0.26638881E-31
  0.35467636E+14  0.00000000E+00  0.26442932E-31
  0.35514182E+14  0.00000000E+00  0.26248922E-31
  0.35560727E+14  0.00000000E+00  0.26056819E-31
  0.35607273E+14  0.00000000E+00  0.25866590E-31
  0.35653818E+14  0.00000000E+00  0.25678204E-31
  0.35700364E+14  0.00000000E+00  0.25491632E-31
  0.35746909E+14  0.00000000E+00  0.25306845E-31
  0.35793455E+14  0.00000000E+00  0.25123815E-31
  0.35840000E+14  0.00000000E+00  0.24942514E-31
  0.35886545E+14  0.00000000E+00  0.24762917E-31
  0.35933091E+14  0.00000000E+00  0.24584998E-31
  0.35979636E+14  0.00000000E+00  0.24408732E-31
  0.36026182E+14  0.00000000E+00  0.24234095E-31
  0.36072727E+14  0.00000000E+00  0.24061063E-31
  0.36119273E+14  0.00000000E+00  0.23889615E-31
  0.36165818E+14  0.00000000E+00  0.23719727E-31
  0.36212364E+14  0.00000000E+00  0.23551379E-31
  0.36258909E+14  0.00000000E+00  0.23384549E-31
  0.36305455E+14  0.00000000E+00  0.23219216E-31
  0.36352000E+14  0.00000000E+00  0.23055362E-31
  0.36398545E+14  0.00000000E+00  0.22892965E-31
  0.36445091E+14  0.00000000E+00  0.22732007E-31
  0.36491636E+14  0.00000000E+00  0.22572470E-31
  0.36538182E+14  0.00000000E+00  0.22414336E-31
  0.36584727E+14  0.00000000E+00  0.22257585E-31
  0.36631273E+14  0.00000000E+00  0.22102202E-31
  0.36677818E+14  0.00000000E+00  0.21948169E-31
  0.36724364E+14  0.00000000E+00  0.21795470E-31
  0.36770909E+14  0.00000000E+00  0.21644087E-31
  0.36817455E+14  0.00000000E+00  0.21494006E-31
  0.36864000E+14  0.00000000E+00  0.21345210E-31
  0.36910545E+14  0.00000000E+00  0.21197685E-31
  0.36957091E+14  0.00000000E+00  0.21051415E-31
  0.37003636E+14  0.00000000E+00  0.20906385E-31
  0.37050182E+14  0.00000000E+00  0.20762581E-31
  0.37096727E+14  0.00000000E+00  0.20619989E-31
  0.37143273E+14  0.00000000E+00  0.20478595E-31
  0.37189818E+14  0.00000000E+00  0.20338385E-31
  0.37236364E+14  0.00000000E+00  0.20199346E-31
  0.37282909E+14  0.00000000E+00  0.20061464E-31
  0.37329455E+14  0.00000000E+00  0.19924727E-31
  0.37376000E+14  0.00000000E+00  0.19789122E-31
  0.37422545E+14  0.00000000E+00  0.19654637E-31
  0.37469091E+14  0.00000000E+00  0.19521258E-31
  0.37515636E+14  0.00000000E+00  0.19388975E-31
  0.37562182E+14  0.00000000E+00  0.19257775E-31
  0.37608727E+14  0.00000000E+00  0.19127646E-31
  0.37655273E+14  0.00000000E+00  0.18998577E-31
  0.37701818E+14  0.00000000E+00  0.18870556E-31
  0.37748364E+14  0.00000000E+00  0.18743573E-31
  0.37794909E+14  0.00000000E+00  0.18617617E-31
  0.37841455E+14  0.00000000E+00  0.18492676E-31
  0.37888000E+14  0.00000000E+00  0.18368740E-31
  0.37934545E+14  0.00000000E+00  0.18245799E-31
  0.37981091E+14  0.00000000E+00  0.18123841E-31
  0.38027636E+14  0.00000000E+00  0.18002858E-31
  0.38074182E+14  0.00000000E+00  0.17882839E-31
  0.38120727E+14  0.00000000E+00  0.17763774E-31
  0.38167273E+14  0.00000000E+00  0.17645654E-31
  0.38213818E+14  0.00000000E+00  0.17528468E-31
  0.38260364E+14  0.00000000E+00  0.17412207E-31
  0.38306909E+14  0.00000000E+00  0.17296863E-31
  0.38353455E+14  0.00000000E+00  0.17182426E-31
  0.38400000E+14  0.00000000E+00  0.17068886E-31
  0.38446545E+14  0.00000000E+00  0.16956235E-31
  0.38493091E+14  0.00000000E+00  0.16844464E-31
  0.38539636E+14  0.00000000E+00  0.16733565E-31
  0.38586182E+14  0.00000000E+00  0.16623528E-31
  0.38632727E+14  0.00000000E+00  0.16514346E-31
  0.38679273E+14  0.00000000E+00  0.16406010E-31
  0.38725818E+14  0.00000000E+00  0.16298511E-31
  0.38772364E+14  0.00000000E+00  0.16191842E-31
  0.38818909E+14  0.00000000E+00  0.16085995E-31
  0.38865455E+14  0.00000000E+00  0.15980961E-31
  0.38912000E+14  0.00000000E+00  0.15876733E-31
  0.38958545E+14  0.00000000E+00  0.15773303E-31
  0.39005091E+14  0.00000000E+00  0.15670663E-31
  0.39051636E+14  0.00000000E+00  0.15568807E-31
  0.39098182E+14  0.00000000E+00  0.15467725E-31
  0.39144727E+14  0.00000000E+00  0.15367413E-31
  0.39191273E+14  0.00000000E+00  0.15267861E-31
  0.39237818E+14  0.00000000E+00  0.15169062E-31
  0.39284364E+14  0.00000000E+00  0.15071011E-31
  0.39330909E+14  0.00000000E+00  0.14973699E-31
  0.39377455E+14  0.00000000E+00  0.14877120E-31
  0.39424000E+14  0.00000000E+00  0.14781267E-31
  0.39470545E+14  0.00000000E+00  0.14686133E-31
  0.39517091E+14  0.00000000E+00  0.14591712E-31
  0.39563636E+14  0.00000000E+00  0.14497996E-31
  0.39610182E+14  0.00000000E+00  0.14404981E-31
  0.39656727E+14  0.00000000E+00  0.14312658E-31
  0.39703273E+14  0.00000000E+00  0.14221022E-31
  0.39749818E+14  0.00000000E+00  0.14130067E-31
  0.39796364E+14  0.00000000E+00  0.14039785E-31
  0.39842909E+14  0.00000000E+00  0.13950172E-31
  0.39889455E+14  0.00000000E+00  0.13861221E-31
  0.39936000E+14  0.00000000E+00  0.13772927E-31
  0.39982545E+14  0.00000000E+00  0.13685282E-31
  0.40029091E+14  0.00000000E+00  0.13598282E-31
  0.40075636E+14  0.00000000E+00  0.13511920E-31
  0.40122182E+14  0.00000000E+00  0.13426191E-31
  0.40168727E+14  0.00000000E+00  0.13341089E-31
  0.40215273E+14  0.00000000E+00  0.13256609E-31
  0.40261818E+14  0.00000000E+00  0.13172745E-31
  0.40308364E+14  0.00000000E+00  0.13089491E-31
  0.40354909E+14  0.00000000E+00  0.13006842E-31
  0.40401455E+14  0.00000000E+00  0.12924794E-31
  0.40448000E+14  0.00000000E+00  0.12843340E-31
  0.40494545E+14  0.00000000E+00  0.12762475E-31
  0.40541091E+14  0.00000000E+00  0.12682194E-31
  0.40587636E+14  0.00000000E+00  0.12602493E-31
  0.40634182E+14  0.00000000E+00  0.12523365E-31
  0.40680727E+14  0.00000000E+00  0.12444806E-31
  0.40727273E+14  0.00000000E+00  0.12366812E-31
  0.40773818E+14  0.00000000E+00  0.12289376E-31
  0.40820364E+14  0.00000000E+00  0.12212494E-31
  0.40866909E+14  0.00000000E+00  0.12136162E-31
  0.40913455E+14  0.00000000E+00  0.12060375E-31
  0.40960000E+14  0.00000000E+00  0.11985128E-31
  0.41006545E+14  0.00000000E+00  0.11910416E-31
  0.41053091E+14  0.00000000E+00  0.11836235E-31
  0.41099636E+14  0.00000000E+00  0.11762580E-31
  0.41146182E+14  0.00000000E+00  0.11689447E-31
  0.41192727E+14  0.00000000E+00  0.11616831E-31
  0.41239273E+14  0.00000000E+00  0.11544728E-31
  0.41285818E+14  0.00000000E+00  0.11473134E-31
  0.41332364E+14  0.00000000E+00  0.11402043E-31
  0.41378909E+14  0.00000000E+00  0.11331453E-31
  0.41425455E+14  0.00000000E+00  0.11261358E-31
  0.41472000E+14  0.00000000E+00  0.11191755E-31
  0.41518545E+14  0.00000000E+00  0.11122639E-31
  0.41565091E+14  0.00000000E+00  0.11054007E-31
  0.41611636E+14  0.00000000E+00  0.10985853E-31
  0.41658182E+14  0.00000000E+00  0.10918175E-31
  0.41704727E+14  0.00000000E+00  0.10850969E-31
  0.41751273E+14  0.00000000E+00  0.10784229E-31
  0.41797818E+14  0.00000000E+00  0.10717953E-31
  0.41844364E+14  0.00000000E+00  0.10652136E-31
  0.41890909E+14  0.00000000E+00  0.10586776E-31
  0.41937455E+14  0.00000000E+00  0.10521867E-31
  0.41984000E+14  0.00000000E+00  0.10457406E-31
  0.42030545E+14  0.00000000E+00  0.10393390E-31
  0.42077091E+14  0.00000000E+00  0.10329815E-31
  0.42123636E+14  0.00000000E+00  0.10266677E-31
  0.42170182E+14  0.00000000E+00  0.10203973E-31
  0.42216727E+14  0.00000000E+00  0.10141698E-31
  0.42263273E+14  0.00000000E+00  0.10079851E-31
  0.42309818E+14  0.00000000E+00  0.10018426E-31
  0.42356364E+14  0.00000000E+00  0.99574210E-32
  0.42402909E+14  0.00000000E+00  0.98968322E-32
  0.42449455E+14  0.00000000E+00  0.98366563E-32
  0.42496000E+14  0.00000000E+00  0.97768898E-32
  0.42542545E+14  0.00000000E+00  0.97175295E-32
  0.42589091E+14  0.00000000E+00  0.96585720E-32
  0.42635636E+14  0.00000000E+00  0.96000141E-32
  0.42682182E+14  0.00000000E+00  0.95418527E-32
  0.42728727E+14  0.00000000E+00  0.94840844E-32
  0.42775273E+14  0.00000000E+00  0.94267061E-32
  0.42821818E+14  0.00000000E+00  0.93697148E-32
  0.42868364E+14  0.00000000E+00  0.93131072E-32
  0.42914909E+14  0.00000000E+00  0.92568803E-32
  0.42961455E+14  0.00000000E+00  0.92010312E-32
  0.43008000E+14  0.00000000E+00  0.91455567E-32
  0.43054545E+14  0.00000000E+00  0.90904539E-32
  0.43101091E+14  0.00000000E+00  0.90357198E-32
  0.43147636E+14  0.00000000E+00  0.89813515E-32
  0.43194182E+14  0.00000000E+00  0.89273461E-32
  0.43240727E+14  0.00000000E+00  0.88737008E-32
  0.43287273E+14  0.00000000E+00  0.88204126E-32
  0.43333818E+14  0.00000000E+00  0.87674788E-32
  0.43380364E+14  0.00000000E+00  0.87148966E-32
  0.43426909E+14  0.00000000E+00  0.86626631E-32
  0.43473455E+14  0.00000000E+00  0.86107757E-32
  0.43520000E+14  0.00000000E+00  0.85592317E-32
  0.43566545E+14  0.00000000E+00  0.85080283E-32
  0.43613091E+14  0.00000000E+00  0.84571629E-32
  0.43659636E+14  0.00000000E+00  0.84066329E-32
  0.43706182E+14  0.00000000E+00  0.83564356E-32
  0.43752727E+14  0.00000000E+00  0.83065685E-32
  0.43799273E+14  0.00000000E+00  0.82570289E-32
  0.43845818E+14  0.00000000E+00  0.82078144E-32
  0.43892364E+14  0.00000000E+00  0.81589224E-32
  0.43938909E+14  0.00000000E+00  0.81103504E-32
  0.43985455E+14  0.00000000E+00  0.80620959E-32
  0.44032000E+14  0.00000000E+00  0.80141566E-32
  0.44078545E+14  0.00000000E+00  0.79665299E-32
  0.44125091E+14  0.00000000E+00  0.79192134E-32
  0.44171636E+14  0.00000000E+00  0.78722049E-32
  0.44218182E+14  0.00000000E+00  0.78255018E-32
  0.44264727E+14  0.00000000E+00  0.77791019E-32
  0.44311273E+14  0.00000000E+00  0.77330029E-32
  0.44357818E+14  0.00000000E+00  0.76872024E-32
  0.44404364E+14  0.00000000E+00  0.76416982E-32
  0.44450909E+14  0.00000000E+00  0.75964880E-32
  0.44497455E+14  0.00000000E+00  0.75515695E-32
  0.44544000E+14  0.00000000E+00  0.75069407E-32
  0.44590545E+14  0.00000000E+00  0.74625992E-32
  0.44637091E+14  0.00000000E+00  0.74185428E-32
  0.44683636E+14  0.00000000E+00  0.73747695E-32
  0.44730182E+14  0.00000000E+00  0.73312771E-32
  0.44776727E+14  0.00000000E+00  0.72880634E-32
  0.44823273E+14  0.00000000E+00  0.72451264E-32
  0.44869818E+14  0.00000000E+00  0.72024640E-32
  0.44916364E+14  0.00000000E+00  0.71600741E-32
  0.44962909E+14  0.00000000E+00  0.71179547E-32
  0.45009455E+14  0.00000000E+00  0.70761037E-32
  0.45056000E+14  0.00000000E+00  0.70345192E-32
  0.45102545E+14  0.00000000E+00  0.69931990E-32
  0.45149091E+14  0.00000000E+00  0.69521414E-32
  0.45195636E+14  0.00000000E+00  0.69113442E-32
  0.45242182E+14  0.00000000E+00  0.68708057E-32
  0.45288727E+14  0.00000000E+00  0.68305238E-32
  0.45335273E+14  0.00000000E+00  0.67904966E-32
  0.45381818E+14  0.00000000E+00  0.67507222E-32
  0.45428364E+14  0.00000000E+00  0.67111989E-32
  0.45474909E+14  0.00000000E+00  0.66719246E-32
  0.45521455E+14  0.00000000E+00  0.66328977E-32
  0.45568000E+14  0.00000000E+00  0.65941162E-32
  0.45614545E+14  0.00000000E+00  0.65555783E-32
  0.45661091E+14  0.00000000E+00  0.65172824E-32
  0.45707636E+14  0.00000000E+00  0.64792264E-32
  0.45754182E+14  0.00000000E+00  0.64414088E-32
  0.45800727E+14  0.00000000E+00  0.64038278E-32
  0.45847273E+14  0.00000000E+00  0.63664816E-32
  0.45893818E+14  0.00000000E+00  0.63293685E-32
  0.45940364E+14  0.00000000E+00  0.62924868E-32
  0.45986909E+14  0.00000000E+00  0.62558349E-32
  0.46033455E+14  0.00000000E+00  0.62194110E-32
  0.46080000E+14  0.00000000E+00  0.61832135E-32
  0.46126545E+14  0.00000000E+00  0.61472408E-32
  0.46173091E+14  0.00000000E+00  0.61114912E-32
  0.46219636E+14  0.00000000E+00  0.60759631E-32
  0.46266182E+14  0.00000000E+00  0.60406549E-32
  0.46312727E+14  0.00000000E+00  0.60055650E-32
  0.46359273E+14  0.00000000E+00  0.59706918E-32
  0.46405818E+14  0.00000000E+00  0.59360338E-32
  0.46452364E+14  0.00000000E+00  0.59015895E-32
  0.46498909E+14  0.00000000E+00  0.58673572E-32
  0.46545455E+14  0.00000000E+00  0.58333355E-32
  0.46592000E+14  0.00000000E+00  0.57995228E-32
  0.46638545E+14  0.00000000E+00  0.57659177E-32
  0.46685091E+14  0.00000000E+00  0.57325187E-32
  0.46731636E+14  0.00000000E+00  0.56993242E-32
  0.46778182E+14  0.00000000E+00  0.56663329E-32
  0.46824727E+14  0.00000000E+00  0.56335433E-32
  0.46871273E+14  0.00000000E+00  0.56009539E-32
  0.46917818E+14  0.00000000E+00  0.55685633E-32
  0.46964364E+14  0.00000000E+00  0.55363702E-32
  0.47010909E+14  0.00000000E+00  0.55043731E-32
  0.47057455E+14  0.00000000E+00  0.54725706E-32
  0.47104000E+14  0.00000000E+00  0.54409613E-32
  0.47150545E+14  0.00000000E+00  0.54095439E-32
  0.47197091E+14  0.00000000E+00  0.53783171E-32
  0.47243636E+14  0.00000000E+00  0.53472794E-32
  0.47290182E+14  0.00000000E+00  0.53164295E-32
  0.47336727E+14  0.00000000E+00  0.52857662E-32
  0.47383273E+14  0.00000000E+00  0.52552881E-32
  0.47429818E+14  0.00000000E+00  0.52249939E-32
  0.47476364E+14  0.00000000E+00  0.51948824E-32
  0.47522909E+14  0.00000000E+00  0.51649522E-32
  0.47569455E+14  0.00000000E+00  0.51352020E-32
  0.47616000E+14  0.00000000E+00  0.51056307E-32
  0.47662545E+14  0.00000000E+00  0.50762370E-32
  0.47709091E+14  0.00000000E+00  0.50470195E-32
  0.47755636E+14  0.00000000E+00  0.50179772E-32
  0.47802182E+14  0.00000000E+00  0.49891088E-32
  0.47848727E+14  0.00000000E+00  0.49604131E-32
  0.47895273E+14  0.00000000E+00  0.49318888E-32
  0.47941818E+14  0.00000000E+00  0.49035348E-32
  0.47988364E+14  0.00000000E+00  0.48753500E-32
  0.48034909E+14  0.00000000E+00  0.48473330E-32
  0.48081455E+14  0.00000000E+00  0.48194829E-32
  0.48128000E+14  0.00000000E+00  0.47917984E-32
  0.48174545E+14  0.00000000E+00  0.47642784E-32
  0.48221091E+14  0.00000000E+00  0.47369218E-32
  0.48267636E+14  0.00000000E+00  0.47097274E-32
  0.48314182E+14  0.00000000E+00  0.46826941E-32
  0.48360727E+14  0.00000000E+00  0.46558208E-32
  0.48407273E+14  0.00000000E+00  0.46291065E-32
  0.48453818E+14  0.00000000E+00  0.46025500E-32
  0.48500364E+14  0.00000000E+00  0.45761502E-32
  0.48546909E+14  0.00000000E+00  0.45499062E-32
  0.48593455E+14  0.00000000E+00  0.45238167E-32
  0.48640000E+14  0.00000000E+00  0.44978809E-32
  0.48686545E+14  0.00000000E+00  0.44720975E-32
  0.48733091E+14  0.00000000E+00  0.44464657E-32
  0.48779636E+14  0.00000000E+00  0.44209843E-32
  0.48826182E+14  0.00000000E+00  0.43956524E-32
  0.48872727E+14  0.00000000E+00  0.43704688E-32
  0.48919273E+14  0.00000000E+00  0.43454327E-32
  0.48965818E+14  0.00000000E+00  0.43205431E-32
  0.49012364E+14  0.00000000E+00  0.42957988E-32
  0.49058909E+14  0.00000000E+00  0.42711991E-32
  0.49105455E+14  0.00000000E+00  0.42467428E-32
  0.49152000E+14  0.00000000E+00  0.42224290E-32
  0.49198545E+14  0.00000000E+00  0.41982568E-32
  0.49245091E+14  0.00000000E+00  0.41742252E-32
  0.49291636E+14  0.00000000E+00  0.41503333E-32
  0.49338182E+14  0.00000000E+00  0.41265801E-32
  0.49384727E+14  0.00000000E+00  0.41029647E-32
  0.49431273E+14  0.00000000E+00  0.40794862E-32
  0.49477818E+14  0.00000000E+00  0.40561436E-32
  0.49524364E+14  0.00000000E+00  0.40329361E-32
  0.49570909E+14  0.00000000E+00  0.40098628E-32
  0.49617455E+14  0.00000000E+00  0.39869227E-32
  0.49664000E+14  0.00000000E+00  0.39641151E-32
  0.49710545E+14  0.00000000E+00  0.39414389E-32
  0.49757091E+14  0.00000000E+00  0.39188933E-32
  0.49803636E+14  0.00000000E+00  0.38964776E-32
  0.49850182E+14  0.00000000E+00  0.38741907E-32
  0.49896727E+14  0.00000000E+00  0.38520319E-32
  0.49943273E+14  0.00000000E+00  0.38300002E-32
  0.49989818E+14  0.00000000E+00  0.38080950E-32
  0.50036364E+14  0.00000000E+00  0.37863153E-32
  0.50082909E+14  0.00000000E+00  0.37646603E-32
  0.50129455E+14  0.00000000E+00  0.37431292E-32
  0.50176000E+14  0.00000000E+00  0.37217211E-32
  0.50222545E+14  0.00000000E+00  0.37004353E-32
  0.50269091E+14  0.00000000E+00  0.36792710E-32
  0.50315636E+14  0.00000000E+00  0.36582273E-32
  0.50362182E+14  0.00000000E+00  0.36373036E-32
  0.50408727E+14  0.00000000E+00  0.36164989E-32
  0.50455273E+14  0.00000000E+00  0.35958125E-32
  0.50501818E+14  0.00000000E+00  0.35752437E-32
  0.50548364E+14  0.00000000E+00  0.35547916E-32
  0.50594909E+14  0.00000000E+00  0.35344556E-32
  0.50641455E+14  0.00000000E+00  0.35142348E-32
  0.50688000E+14  0.00000000E+00  0.34941286E-32
  0.50734545E+14  0.00000000E+00  0.34741361E-32
  0.50781091E+14  0.00000000E+00  0.34542567E-32
  0.50827636E+14  0.00000000E+00  0.34344895E-32
  0.50874182E+14  0.00000000E+00  0.34148340E-32
  0.50920727E+14  0.00000000E+00  0.33952892E-32
  0.50967273E+14  0.00000000E+00  0.33758547E-32
  0.51013818E+14  0.00000000E+00  0.33565295E-32
  0.51060364E+14  0.00000000E+00  0.33373131E-32
  0.51106909E+14  0.00000000E+00  0.33182047E-32
  0.51153455E+14  0.00000000E+00  0.32992036E-32
  0.51200000E+14  0.00000000E+00  0.32803092E-32
  0.51246545E+14  0.00000000E+00  0.32615207E-32
  0.51293091E+14  0.00000000E+00  0.32428375E-32
  0.51339636E+14  0.00000000E+00  0.32242589E-32
  0.51386182E+14  0.00000000E+00  0.32057842E-32
  0.51432727E+14  0.00000000E+00  0.31874128E-32
  0.51479273E+14  0.00000000E+00  0.31691440E-32
  0.51525818E+14  0.00000000E+00  0.31509772E-32
  0.51572364E+14  0.00000000E+00  0.31329117E-32
  0.51618909E+14  0.00000000E+00  0.31149468E-32
  0.51665455E+14  0.00000000E+00  0.30970819E-32
  0.51712000E+14  0.00000000E+00  0.30793165E-32
  0.51758545E+14  0.00000000E+00  0.30616497E-32
  0.51805091E+14  0.00000000E+00  0.30440812E-32
  0.51851636E+14  0.00000000E+00  0.30266101E-32
  0.51898182E+14  0.00000000E+00  0.30092359E-32
  0.51944727E+14  0.00000000E+00  0.29919579E-32
  0.51991273E+14  0.00000000E+00  0.29747757E-32
  0.52037818E+14  0.00000000E+00  0.29576885E-32
  0.52084364E+14  0.00000000E+00  0.29406958E-32
  0.52130909E+14  0.00000000E+00  0.29237969E-32
  0.52177455E+14  0.00000000E+00  0.29069914E-32
  0.52224000E+14  0.00000000E+00  0.28902785E-32
  0.52270545E+14  0.00000000E+00  0.28736577E-32
  0.52317091E+14  0.00000000E+00  0.28571285E-32
  0.52363636E+14  0.00000000E+00  0.28406902E-32
  0.52410182E+14  0.00000000E+00  0.28243423E-32
  0.52456727E+14  0.00000000E+00  0.28080843E-32
  0.52503273E+14  0.00000000E+00  0.27919155E-32
  0.52549818E+14  0.00000000E+00  0.27758354E-32
  0.52596364E+14  0.00000000E+00  0.27598434E-32
  0.52642909E+14  0.00000000E+00  0.27439391E-32
  0.52689455E+14  0.00000000E+00  0.27281218E-32
  0.52736000E+14  0.00000000E+00  0.27123911E-32
  0.52782545E+14  0.00000000E+00  0.26967463E-32
  0.52829091E+14  0.00000000E+00  0.26811870E-32
  0.52875636E+14  0.00000000E+00  0.26657126E-32
  0.52922182E+14  0.00000000E+00  0.26503226E-32
  0.52968727E+14  0.00000000E+00  0.26350165E-32
  0.53015273E+14  0.00000000E+00  0.26197937E-32
  0.53061818E+14  0.00000000E+00  0.26046537E-32
  0.53108364E+14  0.00000000E+00  0.25895961E-32
  0.53154909E+14  0.00000000E+00  0.25746203E-32
  0.53201455E+14  0.00000000E+00  0.25597258E-32
  0.53248000E+14  0.00000000E+00  0.25449121E-32
  0.53294545E+14  0.00000000E+00  0.25301787E-32
  0.53341091E+14  0.00000000E+00  0.25155251E-32
  0.53387636E+14  0.00000000E+00  0.25009509E-32
  0.53434182E+14  0.00000000E+00  0.24864556E-32
  0.53480727E+14  0.00000000E+00  0.24720386E-32
  0.53527273E+14  0.00000000E+00  0.24576994E-32
  0.53573818E+14  0.00000000E+00  0.24434377E-32
  0.53620364E+14  0.00000000E+00  0.24292529E-32
  0.53666909E+14  0.00000000E+00  0.24151446E-32
  0.53713455E+14  0.00000000E+00  0.24011123E-32
  0.53760000E+14  0.00000000E+00  0.23871555E-32
  0.53806545E+14  0.00000000E+00  0.23732738E-32
  0.53853091E+14  0.00000000E+00  0.23594668E-32
  0.53899636E+14  0.00000000E+00  0.23457339E-32
  0.53946182E+14  0.00000000E+00  0.23320747E-32
  0.53992727E+14  0.00000000E+00  0.23184887E-32
  0.54039273E+14  0.00000000E+00  0.23049756E-32
  0.54085818E+14  0.00000000E+00  0.22915349E-32
  0.54132364E+14  0.00000000E+00  0.22781662E-32
  0.54178909E+14  0.00000000E+00  0.22648689E-32
  0.54225455E+14  0.00000000E+00  0.22516428E-32
  0.54272000E+14  0.00000000E+00  0.22384873E-32
  0.54318545E+14  0.00000000E+00  0.22254020E-32
  0.54365091E+14  0.00000000E+00  0.22123865E-32
  0.54411636E+14  0.00000000E+00  0.21994404E-32
  0.54458182E+14  0.00000000E+00  0.21865633E-32
  0.54504727E+14  0.00000000E+00  0.21737547E-32
  0.54551273E+14  0.00000000E+00  0.21610143E-32
  0.54597818E+14  0.00000000E+00  0.21483416E-32
  0.54644364E+14  0.00000000E+00  0.21357363E-32
  0.54690909E+14  0.00000000E+00  0.21231978E-32
  0.54737455E+14  0.00000000E+00  0.21107259E-32
  0.54784000E+14  0.00000000E+00  0.20983201E-32
  0.54830545E+14  0.00000000E+00  0.20859801E-32
  0.54877091E+14  0.00000000E+00  0.20737054E-32
  0.54923636E+14  0.00000000E+00  0.20614957E-32
  0.54970182E+14  0.00000000E+00  0.20493505E-32
  0.55016727E+14  0.00000000E+00  0.20372695E-32
  0.55063273E+14  0.00000000E+00  0.20252523E-32
  0.55109818E+14  0.00000000E+00  0.20132986E-32
  0.55156364E+14  0.00000000E+00  0.20014079E-32
  0.55202909E+14  0.00000000E+00  0.19895798E-32
  0.55249455E+14  0.00000000E+00  0.19778141E-32
  0.55296000E+14  0.00000000E+00  0.19661103E-32
  0.55342545E+14  0.00000000E+00  0.19544681E-32
  0.55389091E+14  0.00000000E+00  0.19428871E-32
  0.55435636E+14  0.00000000E+00  0.19313669E-32
  0.55482182E+14  0.00000000E+00  0.19199072E-32
  0.55528727E+14  0.00000000E+00  0.19085077E-32
  0.55575273E+14  0.00000000E+00  0.18971679E-32
  0.55621818E+14  0.00000000E+00  0.18858876E-32
  0.55668364E+14  0.00000000E+00  0.18746663E-32
  0.55714909E+14  0.00000000E+00  0.18635038E-32
  0.55761455E+14  0.00000000E+00  0.18523996E-32
  0.55808000E+14  0.00000000E+00  0.18413535E-32
  0.55854545E+14  0.00000000E+00  0.18303651E-32
  0.55901091E+14  0.00000000E+00  0.18194341E-32
  0.55947636E+14  0.00000000E+00  0.18085601E-32
  0.55994182E+14  0.00000000E+00  0.17977428E-32
  0.56040727E+14  0.00000000E+00  0.17869819E-32
  0.56087273E+14  0.00000000E+00  0.17762770E-32
  0.56133818E+14  0.00000000E+00  0.17656278E-32
  0.56180364E+14  0.00000000E+00  0.17550340E-32
  0.56226909E+14  0.00000000E+00  0.17444953E-32
  0.56273455E+14  0.00000000E+00  0.17340113E-32
  0.56320000E+14  0.00000000E+00  0.17235818E-32
  0.56366545E+14  0.00000000E+00  0.17132064E-32
  0.56413091E+14  0.00000000E+00  0.17028848E-32
  0.56459636E+14  0.00000000E+00  0.16926166E-32
  0.56506182E+14  0.00000000E+00  0.16824017E-32
  0.56552727E+14  0.00000000E+00  0.16722396E-32
  0.56599273E+14  0.00000000E+00  0.16621301E-32
  0.56645818E+14  0.00000000E+00  0.16520729E-32
  0.56692364E+14  0.00000000E+00  0.16420676E-32
  0.56738909E+14  0.00000000E+00  0.16321140E-32
  0.56785455E+14  0.00000000E+00  0.16222118E-32
  0.56832000E+14  0.00000000E+00  0.16123606E-32
  0.56878545E+14  0.00000000E+00  0.16025603E-32
  0.56925091E+14  0.00000000E+00  0.15928104E-32
  0.56971636E+14  0.00000000E+00  0.15831107E-32
  0.57018182E+14  0.00000000E+00  0.15734609E-32
  0.57064727E+14  0.00000000E+00  0.15638607E-32
  0.57111273E+14  0.00000000E+00  0.15543099E-32
  0.57157818E+14  0.00000000E+00  0.15448082E-32
  0.57204364E+14  0.00000000E+00  0.15353552E-32
  0.57250909E+14  0.00000000E+00  0.15259507E-32
  0.57297455E+14  0.00000000E+00  0.15165945E-32
  0.57344000E+14  0.00000000E+00  0.15072862E-32
  0.57390545E+14  0.00000000E+00  0.14980256E-32
  0.57437091E+14  0.00000000E+00  0.14888123E-32
  0.57483636E+14  0.00000000E+00  0.14796463E-32
  0.57530182E+14  0.00000000E+00  0.14705270E-32
  0.57576727E+14  0.00000000E+00  0.14614544E-32
  0.57623273E+14  0.00000000E+00  0.14524282E-32
  0.57669818E+14  0.00000000E+00  0.14434480E-32
  0.57716364E+14  0.00000000E+00  0.14345136E-32
  0.57762909E+14  0.00000000E+00  0.14256248E-32
  0.57809455E+14  0.00000000E+00  0.14167813E-32
  0.57856000E+14  0.00000000E+00  0.14079828E-32
  0.57902545E+14  0.00000000E+00  0.13992291E-32
  0.57949091E+14  0.00000000E+00  0.13905199E-32
  0.57995636E+14  0.00000000E+00  0.13818551E-32
  0.58042182E+14  0.00000000E+00  0.13732342E-32
  0.58088727E+14  0.00000000E+00  0.13646572E-32
  0.58135273E+14  0.00000000E+00  0.13561237E-32
  0.58181818E+14  0.00000000E+00  0.13476335E-32
  0.58228364E+14  0.00000000E+00  0.13391864E-32
  0.58274909E+14  0.00000000E+00  0.13307820E-32
  0.58321455E+14  0.00000000E+00  0.13224203E-32
  0.58368000E+14  0.00000000E+00  0.13141009E-32
  0.58414545E+14  0.00000000E+00  0.13058235E-32
  0.58461091E+14  0.00000000E+00  0.12975881E-32
  0.58507636E+14  0.00000000E+00  0.12893943E-32
  0.58554182E+14  0.00000000E+00  0.12812418E-32
  0.58600727E+14  0.00000000E+00  0.12731306E-32
  0.58647273E+14  0.00000000E+00  0.12650602E-32
  0.58693818E+14  0.00000000E+00  0.12570306E-32
  0.58740364E+14  0.00000000E+00  0.12490415E-32
  0.58786909E+14  0.00000000E+00  0.12410926E-32
  0.58833455E+14  0.00000000E+00  0.12331838E-32
  0.58880000E+14  0.00000000E+00  0.12253148E-32
  0.58926545E+14  0.00000000E+00  0.12174853E-32
  0.58973091E+14  0.00000000E+00  0.12096953E-32
  0.59019636E+14  0.00000000E+00  0.12019444E-32
  0.59066182E+14  0.00000000E+00  0.11942324E-32
  0.59112727E+14  0.00000000E+00  0.11865592E-32
  0.59159273E+14  0.00000000E+00  0.11789245E-32
  0.59205818E+14  0.00000000E+00  0.11713280E-32
  0.59252364E+14  0.00000000E+00  0.11637697E-32
  0.59298909E+14  0.00000000E+00  0.11562492E-32
  0.59345455E+14  0.00000000E+00  0.11487664E-32
  0.59392000E+14  0.00000000E+00  0.11413210E-32
  0.59438545E+14  0.00000000E+00  0.11339130E-32
  0.59485091E+14  0.00000000E+00  0.11265419E-32
  0.59531636E+14  0.00000000E+00  0.11192077E-32
  0.59578182E+14  0.00000000E+00  0.11119102E-32
  0.59624727E+14  0.00000000E+00  0.11046490E-32
  0.59671273E+14  0.00000000E+00  0.10974242E-32
  0.59717818E+14  0.00000000E+00  0.10902353E-32
  0.59764364E+14  0.00000000E+00  0.10830824E-32
  0.59810909E+14  0.00000000E+00  0.10759650E-32
  0.59857455E+14  0.00000000E+00  0.10688832E-32
  0.59904000E+14  0.00000000E+00  0.10618366E-32
  0.59950545E+14  0.00000000E+00  0.10548250E-32
  0.59997091E+14  0.00000000E+00  0.10478484E-32
  0.60043636E+14  0.00000000E+00  0.10409064E-32
  0.60090182E+14  0.00000000E+00  0.10339990E-32
  0.60136727E+14  0.00000000E+00  0.10271258E-32
  0.60183273E+14  0.00000000E+00  0.10202868E-32
  0.60229818E+14  0.00000000E+00  0.10134817E-32
  0.60276364E+14  0.00000000E+00  0.10067104E-32
  0.60322909E+14  0.00000000E+00  0.99997267E-33
  0.60369455E+14  0.00000000E+00  0.99326832E-33
  0.60416000E+14  0.00000000E+00  0.98659719E-33
  0.60462545E+14  0.00000000E+00  0.97995908E-33
  0.60509091E+14  0.00000000E+00  0.97335384E-33
  0.60555636E+14  0.00000000E+00  0.96678126E-33
  0.60602182E+14  0.00000000E+00  0.96024119E-33
  0.60648727E+14  0.00000000E+00  0.95373345E-33
  0.60695273E+14  0.00000000E+00  0.94725786E-33
  0.60741818E+14  0.00000000E+00  0.94081424E-33
  0.60788364E+14  0.00000000E+00  0.93440243E-33
  0.60834909E+14  0.00000000E+00  0.92802226E-33
  0.60881455E+14  0.00000000E+00  0.92167355E-33
  0.60928000E+14  0.00000000E+00  0.91535614E-33
  0.60974545E+14  0.00000000E+00  0.90906985E-33
  0.61021091E+14  0.00000000E+00  0.90281453E-33
  0.61067636E+14  0.00000000E+00  0.89659000E-33
  0.61114182E+14  0.00000000E+00  0.89039610E-33
  0.61160727E+14  0.00000000E+00  0.88423268E-33
  0.61207273E+14  0.00000000E+00  0.87809955E-33
  0.61253818E+14  0.00000000E+00  0.87199657E-33
  0.61300364E+14  0.00000000E+00  0.86592356E-33
  0.61346909E+14  0.00000000E+00  0.85988038E-33
  0.61393455E+14  0.00000000E+00  0.85386686E-33
  0.61440000E+14  0.00000000E+00  0.84788285E-33
  0.61486545E+14  0.00000000E+00  0.84192818E-33
  0.61533091E+14  0.00000000E+00  0.83600271E-33
  0.61579636E+14  0.00000000E+00  0.83010627E-33
  0.61626182E+14  0.00000000E+00  0.82423871E-33
  0.61672727E+14  0.00000000E+00  0.81839988E-33
  0.61719273E+14  0.00000000E+00  0.81258963E-33
  0.61765818E+14  0.00000000E+00  0.80680780E-33
  0.61812364E+14  0.00000000E+00  0.80105424E-33
  0.61858909E+14  0.00000000E+00  0.79532881E-33
  0.61905455E+14  0.00000000E+00  0.78963136E-33
  0.61952000E+14  0.00000000E+00  0.78396173E-33
  0.61998545E+14  0.00000000E+00  0.77831978E-33
  0.62045091E+14  0.00000000E+00  0.77270537E-33
  0.62091636E+14  0.00000000E+00  0.76711835E-33
  0.62138182E+14  0.00000000E+00  0.76155857E-33
  0.62184727E+14  0.00000000E+00  0.75602590E-33
  0.62231273E+14  0.00000000E+00  0.75052018E-33
  0.62277818E+14  0.00000000E+00  0.74504128E-33
  0.62324364E+14  0.00000000E+00  0.73958906E-33
  0.62370909E+14  0.00000000E+00  0.73416337E-33
  0.62417455E+14  0.00000000E+00  0.72876408E-33
  0.62464000E+14  0.00000000E+00  0.72339105E-33
  0.62510545E+14  0.00000000E+00  0.71804414E-33
  0.62557091E+14  0.00000000E+00  0.71272321E-33
  0.62603636E+14  0.00000000E+00  0.70742813E-33
  0.62650182E+14  0.00000000E+00  0.70215876E-33
  0.62696727E+14  0.00000000E+00  0.69691497E-33
  0.62743273E+14  0.00000000E+00  0.69169663E-33
  0.62789818E+14  0.00000000E+00  0.68650360E-33
  0.62836364E+14  0.00000000E+00  0.68133574E-33
  0.62882909E+14  0.00000000E+00  0.67619294E-33
  0.62929455E+14  0.00000000E+00  0.67107505E-33
  0.62976000E+14  0.00000000E+00  0.66598195E-33
  0.63022545E+14  0.00000000E+00  0.66091351E-33
  0.63069091E+14  0.00000000E+00  0.65586961E-33
  0.63115636E+14  0.00000000E+00  0.65085010E-33
  0.63162182E+14  0.00000000E+00  0.64585487E-33
  0.63208727E+14  0.00000000E+00  0.64088380E-33
  0.63255273E+14  0.00000000E+00  0.63593674E-33
  0.63301818E+14  0.00000000E+00  0.63101359E-33
  0.63348364E+14  0.00000000E+00  0.62611422E-33
  0.63394909E+14  0.00000000E+00  0.62123850E-33
  0.63441455E+14  0.00000000E+00  0.61638632E-33
  0.63488000E+14  0.00000000E+00  0.61155754E-33
  0.63534545E+14  0.00000000E+00  0.60675205E-33
  0.63581091E+14  0.00000000E+00  0.60196974E-33
  0.63627636E+14  0.00000000E+00  0.59721047E-33
  0.63674182E+14  0.00000000E+00  0.59247413E-33
  0.63720727E+14  0.00000000E+00  0.58776061E-33
  0.63767273E+14  0.00000000E+00  0.58306978E-33
  0.63813818E+14  0.00000000E+00  0.57840153E-33
  0.63860364E+14  0.00000000E+00  0.57375575E-33
  0.63906909E+14  0.00000000E+00  0.56913231E-33
  0.63953455E+14  0.00000000E+00  0.56453110E-33
  0.64000000E+14  0.00000000E+00  0.55995201E-33
