  0.46545455E+11 -0.28463319E-30 -0.11877699E-30
  0.93090909E+11 -0.35829897E-30 -0.23252703E-30
  0.13963636E+12 -0.52118010E-30 -0.23249128E-30
  0.18618182E+12 -0.75396073E-30 -0.25741947E-30
  0.23272727E+12 -0.98925723E-30 -0.36051714E-30
  0.27927273E+12 -0.11731281E-29 -0.50206551E-30
  0.32581818E+12 -0.13681799E-29 -0.62476189E-30
  0.37236364E+12 -0.15636660E-29 -0.91633415E-30
  0.41890909E+12 -0.14803119E-29 -0.11968073E-29
  0.46545455E+12 -0.13119593E-29 -0.12831734E-29
  0.51200000E+12 -0.12459029E-29 -0.11587170E-29
  0.55854545E+12 -0.13817412E-29 -0.10483408E-29
  0.60509091E+12 -0.16100963E-29 -0.10449639E-29
  0.65163636E+12 -0.18068062E-29 -0.12113843E-29
  0.69818182E+12 -0.18282569E-29 -0.13954885E-29
  0.74472727E+12 -0.17910710E-29 -0.14148320E-29
  0.79127273E+12 -0.18984641E-29 -0.14132447E-29
  0.83781818E+12 -0.20187079E-29 -0.14632435E-29
  0.88436364E+12 -0.21198775E-29 -0.15829872E-29
  0.93090909E+12 -0.21756251E-29 -0.16625477E-29
  0.97745455E+12 -0.22362699E-29 -0.17414825E-29
  0.10240000E+13 -0.23042481E-29 -0.18199059E-29
  0.10705455E+13 -0.23450832E-29 -0.18726552E-29
  0.11170909E+13 -0.24563543E-29 -0.19539980E-29
  0.11636364E+13 -0.24895266E-29 -0.20649769E-29
  0.12101818E+13 -0.24850840E-29 -0.21171199E-29
  0.12567273E+13 -0.25736702E-29 -0.20972107E-29
  0.13032727E+13 -0.27366810E-29 -0.21608300E-29
  0.13498182E+13 -0.28791079E-29 -0.23349154E-29
  0.13963636E+13 -0.28745479E-29 -0.25148378E-29
  0.14429091E+13 -0.28301623E-29 -0.25983235E-29
  0.14894545E+13 -0.28743698E-29 -0.25933309E-29
  0.15360000E+13 -0.29779612E-29 -0.26501414E-29
  0.15825455E+13 -0.30901768E-29 -0.27611909E-29
  0.16290909E+13 -0.31425058E-29 -0.29071072E-29
  0.16756364E+13 -0.31590768E-29 -0.30237453E-29
  0.17221818E+13 -0.31768606E-29 -0.31055651E-29
  0.17687273E+13 -0.32185182E-29 -0.31706593E-29
  0.18152727E+13 -0.33091271E-29 -0.32570804E-29
  0.18618182E+13 -0.33716407E-29 -0.33991150E-29
  0.19083636E+13 -0.33810000E-29 -0.35218016E-29
  0.19549091E+13 -0.34107224E-29 -0.35933793E-29
  0.20014545E+13 -0.34975415E-29 -0.36954630E-29
  0.20480000E+13 -0.35543781E-29 -0.38652919E-29
  0.20945455E+13 -0.35334966E-29 -0.40201507E-29
  0.21410909E+13 -0.35059464E-29 -0.41110028E-29
  0.21876364E+13 -0.35281688E-29 -0.41667161E-29
  0.22341818E+13 -0.36020706E-29 -0.42550279E-29
  0.22807273E+13 -0.36711650E-29 -0.43973722E-29
  0.23272727E+13 -0.37045378E-29 -0.45694953E-29
  0.23738182E+13 -0.36684465E-29 -0.47248167E-29
  0.24203636E+13 -0.36508745E-29 -0.48056643E-29
  0.24669091E+13 -0.36921580E-29 -0.48996388E-29
  0.25134545E+13 -0.37424511E-29 -0.50537810E-29
  0.25600000E+13 -0.37367256E-29 -0.52238489E-29
  0.26065455E+13 -0.37007508E-29 -0.53578914E-29
  0.26530909E+13 -0.36888198E-29 -0.54647166E-29
  0.26996364E+13 -0.36907127E-29 -0.55726943E-29
  0.27461818E+13 -0.37268340E-29 -0.57031926E-29
  0.27927273E+13 -0.37318858E-29 -0.58770767E-29
  0.28392727E+13 -0.36857674E-29 -0.60394804E-29
  0.28858182E+13 -0.36500106E-29 -0.61513649E-29
  0.29323636E+13 -0.36528726E-29 -0.62789092E-29
  0.29789091E+13 -0.36371383E-29 -0.64476826E-29
  0.30254545E+13 -0.35871996E-29 -0.65923182E-29
  0.30720000E+13 -0.35478762E-29 -0.67194754E-29
  0.31185455E+13 -0.35223506E-29 -0.68484213E-29
  0.31650909E+13 -0.35007222E-29 -0.69914111E-29
  0.32116364E+13 -0.34787310E-29 -0.71528195E-29
  0.32581818E+13 -0.34218607E-29 -0.73309210E-29
  0.33047273E+13 -0.33205754E-29 -0.74711620E-29
  0.33512727E+13 -0.32679651E-29 -0.75666585E-29
  0.33978182E+13 -0.32565153E-29 -0.76982320E-29
  0.34443636E+13 -0.32186986E-29 -0.78823726E-29
  0.34909091E+13 -0.31316752E-29 -0.80551822E-29
  0.35374545E+13 -0.30323984E-29 -0.82096769E-29
  0.35840000E+13 -0.29223752E-29 -0.83312658E-29
  0.36305455E+13 -0.28540262E-29 -0.84237321E-29
  0.36770909E+13 -0.28126550E-29 -0.85691308E-29
  0.37236364E+13 -0.27318118E-29 -0.87385373E-29
  0.37701818E+13 -0.26137628E-29 -0.88808847E-29
  0.38167273E+13 -0.25211753E-29 -0.90096866E-29
  0.38632727E+13 -0.24119659E-29 -0.91517104E-29
  0.39098182E+13 -0.22854940E-29 -0.92753465E-29
  0.39563636E+13 -0.21607636E-29 -0.93843590E-29
  0.40029091E+13 -0.20300444E-29 -0.94672581E-29
  0.40494545E+13 -0.19314638E-29 -0.95427802E-29
  0.40960000E+13 -0.18295495E-29 -0.96300457E-29
  0.41425455E+13 -0.16767956E-29 -0.96554595E-29
  0.41890909E+13 -0.17232598E-29 -0.95904247E-29
  0.42356364E+13 -0.18630235E-29 -0.97530625E-29
  0.42821818E+13 -0.17979013E-29 -0.99977901E-29
  0.43287273E+13 -0.17567534E-29 -0.10186049E-28
  0.43752727E+13 -0.16788218E-29 -0.10393015E-28
  0.44218182E+13 -0.15722076E-29 -0.10578810E-28
  0.44683636E+13 -0.14753241E-29 -0.10763403E-28
  0.45149091E+13 -0.13731353E-29 -0.10952214E-28
  0.45614545E+13 -0.12530475E-29 -0.11162877E-28
  0.46080000E+13 -0.11033767E-29 -0.11354263E-28
  0.46545455E+13 -0.95740621E-30 -0.11537422E-28
  0.47010909E+13 -0.80241990E-30 -0.11721820E-28
  0.47476364E+13 -0.64637856E-30 -0.11897917E-28
  0.47941818E+13 -0.48582564E-30 -0.12084559E-28
  0.48407273E+13 -0.31621552E-30 -0.12282248E-28
  0.48872727E+13 -0.11222322E-30 -0.12468067E-28
  0.49338182E+13  0.84813335E-31 -0.12635197E-28
  0.49803636E+13  0.28118456E-30 -0.12824355E-28
  0.50269091E+13  0.51309296E-30 -0.13001932E-28
  0.50734545E+13  0.74105392E-30 -0.13149514E-28
  0.51200000E+13  0.94714480E-30 -0.13308332E-28
  0.51665455E+13  0.11700150E-29 -0.13489078E-28
  0.52130909E+13  0.14216777E-29 -0.13676469E-28
  0.52596364E+13  0.17118320E-29 -0.13835306E-28
  0.53061818E+13  0.19665701E-29 -0.13964778E-28
  0.53527273E+13  0.22338992E-29 -0.14120735E-28
  0.53992727E+13  0.25157455E-29 -0.14266303E-28
  0.54458182E+13  0.27968713E-29 -0.14415844E-28
  0.54923636E+13  0.31082165E-29 -0.14564031E-28
  0.55389091E+13  0.34273754E-29 -0.14700323E-28
  0.55854545E+13  0.37669778E-29 -0.14822481E-28
  0.56320000E+13  0.40882120E-29 -0.14917275E-28
  0.56785455E+13  0.44036788E-29 -0.15045315E-28
  0.57250909E+13  0.47657401E-29 -0.15163837E-28
  0.57716364E+13  0.51287222E-29 -0.15272060E-28
  0.58181818E+13  0.55195292E-29 -0.15357095E-28
  0.58647273E+13  0.58886772E-29 -0.15433901E-28
  0.59112727E+13  0.62813032E-29 -0.15514153E-28
  0.59578182E+13  0.66740729E-29 -0.15592517E-28
  0.60043636E+13  0.71124195E-29 -0.15656884E-28
  0.60509091E+13  0.75360580E-29 -0.15689151E-28
  0.60974545E+13  0.79658779E-29 -0.15734003E-28
  0.61440000E+13  0.84246391E-29 -0.15758473E-28
  0.61905455E+13  0.88864245E-29 -0.15766062E-28
  0.62370909E+13  0.93507995E-29 -0.15761570E-28
  0.62836364E+13  0.98384407E-29 -0.15750915E-28
  0.63301818E+13  0.10326849E-28 -0.15720039E-28
  0.63767273E+13  0.10840101E-28 -0.15678716E-28
  0.64232727E+13  0.11346170E-28 -0.15621075E-28
  0.64698182E+13  0.11882048E-28 -0.15551669E-28
  0.65163636E+13  0.12434253E-28 -0.15474094E-28
  0.65629091E+13  0.13028683E-28 -0.15351666E-28
  0.66094545E+13  0.13606403E-28 -0.15173736E-28
  0.66560000E+13  0.14153123E-28 -0.15012541E-28
  0.67025455E+13  0.14763525E-28 -0.14839802E-28
  0.67490909E+13  0.15385844E-28 -0.14616977E-28
  0.67956364E+13  0.16001540E-28 -0.14363675E-28
  0.68421818E+13  0.16631135E-28 -0.14089042E-28
  0.68887273E+13  0.17278228E-28 -0.13789274E-28
  0.69352727E+13  0.17949647E-28 -0.13446255E-28
  0.69818182E+13  0.18623941E-28 -0.13054490E-28
  0.70283636E+13  0.19313851E-28 -0.12643303E-28
  0.70749091E+13  0.20044213E-28 -0.12147290E-28
  0.71214545E+13  0.20742128E-28 -0.11590746E-28
  0.71680000E+13  0.21431730E-28 -0.11004448E-28
  0.72145455E+13  0.22157911E-28 -0.10391171E-28
  0.72610909E+13  0.22942525E-28 -0.96730018E-29
  0.73076364E+13  0.23691156E-28 -0.88338158E-29
  0.73541818E+13  0.24398008E-28 -0.79287123E-29
  0.74007273E+13  0.25146814E-28 -0.69590752E-29
  0.74472727E+13  0.25910882E-28 -0.58302861E-29
  0.74938182E+13  0.26626776E-28 -0.45478713E-29
  0.75403636E+13  0.27308212E-28 -0.31282592E-29
  0.75869091E+13  0.28009716E-28 -0.14993293E-29
  0.76334545E+13  0.28558344E-28  0.49607626E-30
  0.76800000E+13  0.28965437E-28  0.27105967E-29
  0.77265455E+13  0.29200165E-28  0.54260613E-29
  0.77730909E+13  0.29049224E-28  0.88956710E-29
  0.78196364E+13  0.27851408E-28  0.13818037E-28
  0.78661818E+13  0.20127636E-28  0.20164391E-28
  0.79127273E+13  0.13249159E-28  0.13462261E-28
  0.79592727E+13  0.13553579E-28  0.10425186E-28
  0.80058182E+13  0.13240402E-28  0.95443844E-29
  0.80523636E+13  0.13159967E-28  0.88077869E-29
  0.80989091E+13  0.13200873E-28  0.84016803E-29
  0.81454545E+13  0.12839596E-28  0.83083995E-29
  0.81920000E+13  0.12948494E-28  0.79668961E-29
  0.82385455E+13  0.12786647E-28  0.82718388E-29
  0.82850909E+13  0.12255945E-28  0.82705690E-29
  0.83316364E+13  0.12280412E-28  0.83213780E-29
  0.83781818E+13  0.11942364E-28  0.86106334E-29
  0.84247273E+13  0.11685355E-28  0.87477965E-29
  0.84712727E+13  0.11348407E-28  0.91368168E-29
  0.85178182E+13  0.10799707E-28  0.93944433E-29
  0.85643636E+13  0.10487461E-28  0.95226491E-29
  0.86109091E+13  0.10092864E-28  0.10029402E-28
  0.86574545E+13  0.93188489E-29  0.10446176E-28
  0.87040000E+13  0.86633386E-29  0.10626886E-28
  0.87505455E+13  0.80229119E-29  0.11103718E-28
  0.87970909E+13  0.70513024E-29  0.11550720E-28
  0.88436364E+13  0.59258719E-29  0.11872257E-28
  0.88901818E+13  0.47567728E-29  0.12324762E-28
  0.89367273E+13  0.30890487E-29  0.12873258E-28
  0.89832727E+13  0.81455446E-30  0.13120727E-28
  0.90298182E+13 -0.22256371E-29  0.13428342E-28
  0.90763636E+13 -0.84693393E-29  0.13498645E-28
  0.91229091E+13 -0.12970478E-28  0.20992149E-29
  0.91694545E+13 -0.94790078E-29 -0.40243338E-29
  0.92160000E+13 -0.62051871E-29 -0.74596130E-29
  0.92625455E+13 -0.23900525E-29 -0.10012112E-28
  0.93090909E+13  0.10140101E-29 -0.11439474E-28
  0.93556364E+13  0.47234614E-29 -0.12532187E-28
  0.94021818E+13  0.86936092E-29 -0.12551493E-28
  0.94487273E+13  0.12366911E-28 -0.11888780E-28
  0.94952727E+13  0.16291340E-28 -0.10551732E-28
  0.95418182E+13  0.20697131E-28 -0.78947031E-29
  0.95883636E+13  0.25477729E-28 -0.19327919E-29
  0.96349091E+13  0.20171503E-28  0.77862224E-29
  0.96814545E+13  0.16477550E-28  0.72091360E-29
  0.97280000E+13  0.14432235E-28  0.74275863E-29
  0.97745455E+13  0.13395675E-28  0.75156418E-29
  0.98210909E+13  0.12240621E-28  0.74232896E-29
  0.98676364E+13  0.11794848E-28  0.74655499E-29
  0.99141818E+13  0.11178600E-28  0.76780563E-29
  0.99607273E+13  0.10660936E-28  0.76606179E-29
  0.10007273E+14  0.10234652E-28  0.78068499E-29
  0.10053818E+14  0.96915513E-29  0.78901833E-29
  0.10100364E+14  0.93963695E-29  0.77851939E-29
  0.10146909E+14  0.92073870E-29  0.78688138E-29
  0.10193455E+14  0.88842106E-29  0.80976176E-29
  0.10240000E+14  0.84532336E-29  0.80969272E-29
  0.10286545E+14  0.82627837E-29  0.80957510E-29
  0.10333091E+14  0.79869838E-29  0.81915071E-29
  0.10379636E+14  0.77551014E-29  0.82379848E-29
  0.10426182E+14  0.75034823E-29  0.82426671E-29
  0.10472727E+14  0.73144799E-29  0.83826692E-29
  0.10519273E+14  0.69924620E-29  0.84254595E-29
  0.10565818E+14  0.67955152E-29  0.84142489E-29
  0.10612364E+14  0.65783066E-29  0.84835270E-29
  0.10658909E+14  0.63809651E-29  0.84781397E-29
  0.10705455E+14  0.61826524E-29  0.85560047E-29
  0.10752000E+14  0.59023145E-29  0.85872592E-29
  0.10798545E+14  0.57136789E-29  0.85508506E-29
  0.10845091E+14  0.55294032E-29  0.85985185E-29
  0.10891636E+14  0.52988583E-29  0.85303719E-29
  0.10938182E+14  0.52100792E-29  0.85037769E-29
  0.10984727E+14  0.50793708E-29  0.85161149E-29
  0.11031273E+14  0.50146293E-29  0.85396981E-29
  0.11077818E+14  0.49269027E-29  0.85996651E-29
  0.11124364E+14  0.48670770E-29  0.87264588E-29
  0.11170909E+14  0.47474605E-29  0.88562576E-29
  0.11217455E+14  0.46438935E-29  0.89784520E-29
  0.11264000E+14  0.46551291E-29  0.90963724E-29
  0.11310545E+14  0.47672075E-29  0.94393625E-29
  0.11357091E+14  0.47261654E-29  0.10499851E-28
  0.11403636E+14  0.35467751E-29  0.11308022E-28
  0.11450182E+14  0.23321787E-29  0.11426428E-28
  0.11496727E+14  0.11536924E-29  0.11164965E-28
  0.11543273E+14  0.21447330E-30  0.10838140E-28
  0.11589818E+14 -0.16133998E-29  0.96042789E-29
  0.11636364E+14 -0.66168496E-30  0.64196196E-29
  0.11682909E+14  0.95557357E-30  0.70463982E-29
  0.11729455E+14  0.13389995E-29  0.73472813E-29
  0.11776000E+14  0.14106972E-29  0.76035182E-29
  0.11822545E+14  0.14350264E-29  0.77864298E-29
  0.11869091E+14  0.13614358E-29  0.80589495E-29
  0.11915636E+14  0.12511492E-29  0.82903791E-29
  0.11962182E+14  0.96539638E-30  0.84819278E-29
  0.12008727E+14  0.66340724E-30  0.85943513E-29
  0.12055273E+14  0.35485187E-30  0.87096344E-29
  0.12101818E+14  0.20407443E-31  0.87688617E-29
  0.12148364E+14 -0.37992624E-30  0.87746051E-29
  0.12194909E+14 -0.74023244E-30  0.88197042E-29
  0.12241455E+14 -0.12594551E-29  0.87012108E-29
  0.12288000E+14 -0.16751165E-29  0.85640612E-29
  0.12334545E+14 -0.21680609E-29  0.83652680E-29
  0.12381091E+14 -0.27355149E-29  0.80296500E-29
  0.12427636E+14 -0.32948558E-29  0.75087970E-29
  0.12474182E+14 -0.29371555E-29  0.63020243E-29
  0.12520727E+14 -0.29863438E-29  0.63448792E-29
  0.12567273E+14 -0.30432583E-29  0.59365308E-29
  0.12613818E+14 -0.28237783E-29  0.56806424E-29
  0.12660364E+14 -0.27337666E-29  0.55559389E-29
  0.12706909E+14 -0.27347593E-29  0.54279722E-29
  0.12753455E+14 -0.27063920E-29  0.53053401E-29
  0.12800000E+14 -0.27848685E-29  0.52164492E-29
  0.12846545E+14 -0.27969893E-29  0.50672324E-29
  0.12893091E+14 -0.28038967E-29  0.49097147E-29
  0.12939636E+14 -0.27700338E-29  0.48154181E-29
  0.12986182E+14 -0.27715440E-29  0.47778390E-29
  0.13032727E+14 -0.28473983E-29  0.47392658E-29
  0.13079273E+14 -0.29405258E-29  0.46800326E-29
  0.13125818E+14 -0.30277708E-29  0.45994136E-29
  0.13172364E+14 -0.31402142E-29  0.45329881E-29
  0.13218909E+14 -0.32615591E-29  0.44356466E-29
  0.13265455E+14 -0.33889316E-29  0.43332913E-29
  0.13312000E+14 -0.35228594E-29  0.42346938E-29
  0.13358545E+14 -0.36831354E-29  0.41143967E-29
  0.13405091E+14 -0.38559655E-29  0.39799696E-29
  0.13451636E+14 -0.40818102E-29  0.37822087E-29
  0.13498182E+14 -0.42182065E-29  0.35079332E-29
  0.13544727E+14 -0.43150115E-29  0.32455198E-29
  0.13591273E+14 -0.43687531E-29  0.29926905E-29
  0.13637818E+14 -0.44466788E-29  0.27961525E-29
  0.13684364E+14 -0.45448726E-29  0.25465672E-29
  0.13730909E+14 -0.45985258E-29  0.22277254E-29
  0.13777455E+14 -0.45946407E-29  0.19718816E-29
  0.13824000E+14 -0.45989482E-29  0.17129102E-29
  0.13870545E+14 -0.45933363E-29  0.14564702E-29
  0.13917091E+14 -0.45493701E-29  0.12055810E-29
  0.13963636E+14 -0.45082334E-29  0.97254298E-30
  0.14010182E+14 -0.44563396E-29  0.74868332E-30
  0.14056727E+14 -0.44046572E-29  0.53011289E-30
  0.14103273E+14 -0.43389507E-29  0.31918707E-30
  0.14149818E+14 -0.42751877E-29  0.12587245E-30
  0.14196364E+14 -0.42123223E-29 -0.74036820E-31
  0.14242909E+14 -0.41322892E-29 -0.26705174E-30
  0.14289455E+14 -0.40572634E-29 -0.43698576E-30
  0.14336000E+14 -0.39816140E-29 -0.60268105E-30
  0.14382545E+14 -0.39363113E-29 -0.75124025E-30
  0.14429091E+14 -0.38817521E-29 -0.93557667E-30
  0.14475636E+14 -0.38177134E-29 -0.10963204E-29
  0.14522182E+14 -0.37886908E-29 -0.12656113E-29
  0.14568727E+14 -0.37448957E-29 -0.14435164E-29
  0.14615273E+14 -0.37278684E-29 -0.16387886E-29
  0.14661818E+14 -0.36543065E-29 -0.18517058E-29
  0.14708364E+14 -0.36123498E-29 -0.20262880E-29
  0.14754909E+14 -0.36062239E-29 -0.22246661E-29
  0.14801455E+14 -0.36481895E-29 -0.24203315E-29
  0.14848000E+14 -0.37510434E-29 -0.28442906E-29
  0.14894545E+14 -0.36573280E-29 -0.32995910E-29
  0.14941091E+14 -0.34865935E-29 -0.37451545E-29
  0.14987636E+14 -0.32667300E-29 -0.41928768E-29
  0.15034182E+14 -0.30125367E-29 -0.46767035E-29
  0.15080727E+14 -0.27271613E-29 -0.54520050E-29
  0.15127273E+14 -0.15571466E-29 -0.56878994E-29
  0.15173818E+14 -0.94313122E-30 -0.55948121E-29
  0.15220364E+14 -0.46418242E-30 -0.55333093E-29
  0.15266909E+14 -0.31554361E-31 -0.54550044E-29
  0.15313455E+14  0.36310151E-30 -0.53962067E-29
  0.15360000E+14  0.74295965E-30 -0.53073549E-29
  0.15406545E+14  0.11070588E-29 -0.52297775E-29
  0.15453091E+14  0.14587479E-29 -0.51313583E-29
  0.15499636E+14  0.18125311E-29 -0.50179462E-29
  0.15546182E+14  0.21280489E-29 -0.48986135E-29
  0.15592727E+14  0.24919124E-29 -0.47710036E-29
  0.15639273E+14  0.28256762E-29 -0.45866822E-29
  0.15685818E+14  0.31743594E-29 -0.44082634E-29
  0.15732364E+14  0.35543616E-29 -0.41641262E-29
  0.15778909E+14  0.39242088E-29 -0.38605344E-29
  0.15825455E+14  0.44435612E-29 -0.32420562E-29
  0.15872000E+14  0.41719851E-29 -0.27613796E-29
  0.15918545E+14  0.41466896E-29 -0.24963563E-29
  0.15965091E+14  0.41984504E-29 -0.22535980E-29
  0.16011636E+14  0.42166398E-29 -0.19750741E-29
  0.16058182E+14  0.42168600E-29 -0.17171433E-29
  0.16104727E+14  0.42278265E-29 -0.14680792E-29
  0.16151273E+14  0.42171079E-29 -0.11895036E-29
  0.16197818E+14  0.41472321E-29 -0.92145742E-30
  0.16244364E+14  0.40233136E-29 -0.65322653E-30
  0.16290909E+14  0.38882895E-29 -0.45924215E-30
  0.16337455E+14  0.37579579E-29 -0.30576818E-30
  0.16384000E+14  0.36343145E-29 -0.14334100E-30
  0.16430545E+14  0.34846061E-29 -0.12670691E-31
  0.16477091E+14  0.33534588E-29  0.98540164E-31
  0.16523636E+14  0.32056338E-29  0.20847746E-30
  0.16570182E+14  0.30558667E-29  0.28522511E-30
  0.16616727E+14  0.29221738E-29  0.37133020E-30
  0.16663273E+14  0.27488875E-29  0.43094308E-30
  0.16709818E+14  0.26099335E-29  0.47216883E-30
  0.16756364E+14  0.24385865E-29  0.51742683E-30
  0.16802909E+14  0.22825026E-29  0.52441719E-30
  0.16849455E+14  0.21144249E-29  0.54141485E-30
  0.16896000E+14  0.19512259E-29  0.52710397E-30
  0.16942545E+14  0.17780147E-29  0.51068117E-30
  0.16989091E+14  0.16011693E-29  0.46680707E-30
  0.17035636E+14  0.14237449E-29  0.41984557E-30
  0.17082182E+14  0.12511450E-29  0.34000650E-30
  0.17128727E+14  0.10578897E-29  0.24558906E-30
  0.17175273E+14  0.87700141E-30  0.14082445E-30
  0.17221818E+14  0.69260150E-30 -0.30736973E-32
  0.17268364E+14  0.49747123E-30 -0.17155690E-30
  0.17314909E+14  0.30572999E-30 -0.37422376E-30
  0.17361455E+14  0.85193855E-31 -0.65038953E-30
  0.17408000E+14  0.00000000E+00 -0.10423145E-29
  0.17454545E+14  0.00000000E+00 -0.13409976E-29
  0.17501091E+14  0.00000000E+00 -0.16107604E-29
  0.17547636E+14  0.00000000E+00 -0.18715566E-29
  0.17594182E+14  0.00000000E+00 -0.21322842E-29
  0.17640727E+14  0.00000000E+00 -0.23987934E-29
  0.17687273E+14  0.00000000E+00 -0.26758879E-29
  0.17733818E+14  0.00000000E+00 -0.29681581E-29
  0.17780364E+14  0.00000000E+00 -0.32804883E-29
  0.17826909E+14  0.00000000E+00 -0.36184952E-29
  0.17873455E+14  0.00000000E+00 -0.39890301E-29
  0.17920000E+14  0.00000000E+00 -0.44008673E-29
  0.17966545E+14  0.00000000E+00 -0.48657604E-29
  0.18013091E+14  0.00000000E+00 -0.54002005E-29
  0.18059636E+14  0.00000000E+00 -0.60285806E-29
  0.18106182E+14  0.00000000E+00 -0.67894168E-29
  0.18152727E+14  0.00000000E+00 -0.77490662E-29
  0.18199273E+14  0.00000000E+00 -0.90373011E-29
  0.18245818E+14  0.00000000E+00 -0.10966567E-28
  0.18292364E+14  0.00000000E+00 -0.14694893E-28
  0.18338909E+14  0.12568953E-28 -0.21152599E-28
  0.18385455E+14  0.14860825E-28 -0.11809989E-28
  0.18432000E+14  0.14463402E-28 -0.84399861E-29
  0.18478545E+14  0.13915377E-28 -0.64326140E-29
  0.18525091E+14  0.13464275E-28 -0.50872846E-29
  0.18571636E+14  0.12954451E-28 -0.41784565E-29
  0.18618182E+14  0.12547141E-28 -0.35140018E-29
  0.18664727E+14  0.12356812E-28 -0.31807060E-29
  0.18711273E+14  0.12316121E-28 -0.28635511E-29
  0.18757818E+14  0.12395978E-28 -0.24900238E-29
  0.18804364E+14  0.12462992E-28 -0.21182717E-29
  0.18850909E+14  0.12588921E-28 -0.17434313E-29
  0.18897455E+14  0.12700474E-28 -0.13357532E-29
  0.18944000E+14  0.12820662E-28 -0.93023760E-30
  0.18990545E+14  0.13030086E-28 -0.43317470E-30
  0.19037091E+14  0.13037620E-28  0.82201830E-31
  0.19083636E+14  0.13003128E-28  0.56684624E-30
  0.19130182E+14  0.13012870E-28  0.95480898E-30
  0.19176727E+14  0.12866218E-28  0.13837603E-29
  0.19223273E+14  0.12904144E-28  0.17653971E-29
  0.19269818E+14  0.12733762E-28  0.20674848E-29
  0.19316364E+14  0.12760088E-28  0.24370066E-29
  0.19362909E+14  0.12679055E-28  0.26677019E-29
  0.19409455E+14  0.12659733E-28  0.30117343E-29
  0.19456000E+14  0.12602719E-28  0.32063741E-29
  0.19502545E+14  0.12649793E-28  0.34914124E-29
  0.19549091E+14  0.12590589E-28  0.37297336E-29
  0.19595636E+14  0.12645577E-28  0.39581690E-29
  0.19642182E+14  0.12632051E-28  0.41898484E-29
  0.19688727E+14  0.12690579E-28  0.43627655E-29
  0.19735273E+14  0.12848322E-28  0.46232706E-29
  0.19781818E+14  0.12864586E-28  0.48123586E-29
  0.19828364E+14  0.13094632E-28  0.49939545E-29
  0.19874909E+14  0.13209825E-28  0.52451205E-29
  0.19921455E+14  0.13486523E-28  0.53587872E-29
  0.19968000E+14  0.13861885E-28  0.56737142E-29
  0.20014545E+14  0.14190148E-28  0.58172659E-29
  0.20061091E+14  0.14858276E-28  0.60639349E-29
  0.20107636E+14  0.15606136E-28  0.62971903E-29
  0.20154182E+14  0.16998719E-28  0.64933012E-29
  0.20200727E+14  0.21222001E-28  0.89087586E-29
  0.20247273E+14  0.19205239E-28  0.13254624E-28
  0.20293818E+14  0.17654066E-28  0.15236123E-28
  0.20340364E+14  0.16138466E-28  0.16523501E-28
  0.20386909E+14  0.14808448E-28  0.17508994E-28
  0.20433455E+14  0.13493742E-28  0.18353955E-28
  0.20480000E+14  0.12252285E-28  0.18950583E-28
  0.20526545E+14  0.11013986E-28  0.19385372E-28
  0.20573091E+14  0.99320017E-29  0.19784009E-28
  0.20619636E+14  0.88370375E-29  0.20037451E-28
  0.20666182E+14  0.77555795E-29  0.20324660E-28
  0.20712727E+14  0.67347169E-29  0.20412885E-28
  0.20759273E+14  0.57457545E-29  0.20542684E-28
  0.20805818E+14  0.47947963E-29  0.20518856E-28
  0.20852364E+14  0.39273452E-29  0.20525577E-28
  0.20898909E+14  0.30064449E-29  0.20509805E-28
  0.20945455E+14  0.21559225E-29  0.20418918E-28
  0.20992000E+14  0.12759881E-29  0.20299606E-28
  0.21038545E+14  0.49555145E-30  0.20091054E-28
  0.21085091E+14 -0.26061555E-30  0.19929417E-28
  0.21131636E+14 -0.99921334E-30  0.19707974E-28
  0.21178182E+14 -0.17191181E-29  0.19507621E-28
  0.21224727E+14 -0.24504216E-29  0.19247758E-28
  0.21271273E+14 -0.31202997E-29  0.18937283E-28
  0.21317818E+14 -0.37760257E-29  0.18628029E-28
  0.21364364E+14 -0.43727702E-29  0.18309595E-28
  0.21410909E+14 -0.50065021E-29  0.17986302E-28
  0.21457455E+14 -0.55906371E-29  0.17604958E-28
  0.21504000E+14 -0.61434071E-29  0.17235617E-28
  0.21550545E+14 -0.66932401E-29  0.16826630E-28
  0.21597091E+14 -0.71844481E-29  0.16418190E-28
  0.21643636E+14 -0.76735163E-29  0.16030048E-28
  0.21690182E+14 -0.81813538E-29  0.15605210E-28
  0.21736727E+14 -0.86679706E-29  0.15110130E-28
  0.21783273E+14 -0.90395691E-29  0.14628394E-28
  0.21829818E+14 -0.94669839E-29  0.14172492E-28
  0.21876364E+14 -0.98292149E-29  0.13689525E-28
  0.21922909E+14 -0.10227787E-28  0.13200913E-28
  0.21969455E+14 -0.10558044E-28  0.12690908E-28
  0.22016000E+14 -0.10909005E-28  0.12151177E-28
  0.22062545E+14 -0.11166511E-28  0.11597013E-28
  0.22109091E+14 -0.11437864E-28  0.11085486E-28
  0.22155636E+14 -0.11707861E-28  0.10537614E-28
  0.22202182E+14 -0.11935635E-28  0.99488170E-29
  0.22248727E+14 -0.12104342E-28  0.93914718E-29
  0.22295273E+14 -0.12288643E-28  0.88286689E-29
  0.22341818E+14 -0.12451291E-28  0.82462569E-29
  0.22388364E+14 -0.12550523E-28  0.76467551E-29
  0.22434909E+14 -0.12653860E-28  0.70654688E-29
  0.22481455E+14 -0.12714862E-28  0.64678167E-29
  0.22528000E+14 -0.12757849E-28  0.58479868E-29
  0.22574545E+14 -0.12743406E-28  0.52444999E-29
  0.22621091E+14 -0.12707444E-28  0.46398674E-29
  0.22667636E+14 -0.12651588E-28  0.40345702E-29
  0.22714182E+14 -0.12546573E-28  0.34133372E-29
  0.22760727E+14 -0.12384443E-28  0.28221972E-29
  0.22807273E+14 -0.12228000E-28  0.22312597E-29
  0.22853818E+14 -0.12029007E-28  0.16274240E-29
  0.22900364E+14 -0.11748765E-28  0.10204118E-29
  0.22946909E+14 -0.11423819E-28  0.45828372E-30
  0.22993455E+14 -0.11062051E-28 -0.98667054E-31
  0.23040000E+14 -0.10664483E-28 -0.64440355E-30
  0.23086545E+14 -0.10180158E-28 -0.11595039E-29
  0.23133091E+14 -0.96219370E-29 -0.16278839E-29
  0.23179636E+14 -0.90371219E-29 -0.20327019E-29
  0.23226182E+14 -0.83793154E-29 -0.24108176E-29
  0.23272727E+14 -0.76187879E-29 -0.27053269E-29
  0.23319273E+14 -0.68029508E-29 -0.29142640E-29
  0.23365818E+14 -0.59091403E-29 -0.29791832E-29
  0.23412364E+14 -0.49185725E-29 -0.28980371E-29
  0.23458909E+14 -0.38373157E-29 -0.25511118E-29
  0.23505455E+14 -0.27200077E-29 -0.18286691E-29
  0.23552000E+14 -0.15334542E-29 -0.36578941E-30
  0.23598545E+14 -0.29650324E-29  0.26189007E-29
  0.23645091E+14 -0.43184384E-29  0.21059132E-29
  0.23691636E+14 -0.48095581E-29  0.18342098E-29
  0.23738182E+14 -0.50933110E-29  0.16112498E-29
  0.23784727E+14 -0.52827207E-29  0.14409221E-29
  0.23831273E+14 -0.53681387E-29  0.13027784E-29
  0.23877818E+14 -0.54303267E-29  0.11671828E-29
  0.23924364E+14 -0.54800906E-29  0.10331840E-29
  0.23970909E+14 -0.54988150E-29  0.94837747E-30
  0.24017455E+14 -0.54903159E-29  0.82307581E-30
  0.24064000E+14 -0.55149683E-29  0.73604645E-30
  0.24110545E+14 -0.54811746E-29  0.65056528E-30
  0.24157091E+14 -0.54859306E-29  0.55537891E-30
  0.24203636E+14 -0.54453229E-29  0.49425699E-30
  0.24250182E+14 -0.54518399E-29  0.40229334E-30
  0.24296727E+14 -0.54006799E-29  0.34208433E-30
  0.24343273E+14 -0.54133401E-29  0.26780981E-30
  0.24389818E+14 -0.53773656E-29  0.19320352E-30
  0.24436364E+14 -0.53665066E-29  0.10737279E-30
  0.24482909E+14 -0.53112826E-29  0.30268956E-31
  0.24529455E+14 -0.53002865E-29 -0.20581634E-31
  0.24576000E+14 -0.52640025E-29 -0.10965925E-30
  0.24622545E+14 -0.52281525E-29 -0.15812796E-30
  0.24669091E+14 -0.52089178E-29 -0.22180589E-30
  0.24715636E+14 -0.51806416E-29 -0.29044812E-30
  0.24762182E+14 -0.51530647E-29 -0.36002285E-30
  0.24808727E+14 -0.51116478E-29 -0.41084244E-30
  0.24855273E+14 -0.51173362E-29 -0.47141166E-30
  0.24901818E+14 -0.50759750E-29 -0.57271982E-30
  0.24948364E+14 -0.50352871E-29 -0.61397774E-30
  0.24994909E+14 -0.50309825E-29 -0.68994814E-30
  0.25041455E+14 -0.49815363E-29 -0.76031813E-30
  0.25088000E+14 -0.49568349E-29 -0.81223272E-30
  0.25134545E+14 -0.49462088E-29 -0.87137348E-30
  0.25181091E+14 -0.49334600E-29 -0.96397004E-30
  0.25227636E+14 -0.48731302E-29 -0.10376108E-29
  0.25274182E+14 -0.48715971E-29 -0.10724875E-29
  0.25320727E+14 -0.48524260E-29 -0.11777359E-29
  0.25367273E+14 -0.48222957E-29 -0.12300216E-29
  0.25413818E+14 -0.48185520E-29 -0.13303691E-29
  0.25460364E+14 -0.47567836E-29 -0.13953349E-29
  0.25506909E+14 -0.47758896E-29 -0.14689434E-29
  0.25553455E+14 -0.47261149E-29 -0.15804640E-29
  0.25600000E+14 -0.46936346E-29 -0.16332182E-29
  0.25646545E+14 -0.46928280E-29 -0.17290866E-29
  0.25693091E+14 -0.46742068E-29 -0.18189225E-29
  0.25739636E+14 -0.46444368E-29 -0.19209574E-29
  0.25786182E+14 -0.46365956E-29 -0.20186873E-29
  0.25832727E+14 -0.46227900E-29 -0.21258079E-29
  0.25879273E+14 -0.45860404E-29 -0.22608797E-29
  0.25925818E+14 -0.45752511E-29 -0.23538229E-29
  0.25972364E+14 -0.45254483E-29 -0.25034607E-29
  0.26018909E+14 -0.45371656E-29 -0.26356475E-29
  0.26065455E+14 -0.44836635E-29 -0.27728497E-29
  0.26112000E+14 -0.44690557E-29 -0.29473255E-29
  0.26158545E+14 -0.44709513E-29 -0.31326827E-29
  0.26205091E+14 -0.44331362E-29 -0.33282100E-29
  0.26251636E+14 -0.44107270E-29 -0.35729328E-29
  0.26298182E+14 -0.43598219E-29 -0.38604872E-29
  0.26344727E+14 -0.43712744E-29 -0.42396501E-29
  0.26391273E+14 -0.44059395E-29 -0.47150193E-29
  0.26437818E+14 -0.45379084E-29 -0.61578646E-29
  0.26484364E+14 -0.23103428E-29 -0.64466413E-29
  0.26530909E+14 -0.14904638E-29 -0.59868900E-29
  0.26577455E+14 -0.84284668E-30 -0.56145113E-29
  0.26624000E+14 -0.35654884E-30 -0.52062828E-29
  0.26670545E+14  0.16191402E-30 -0.46155087E-29
  0.26717091E+14  0.15959464E-30 -0.40432760E-29
  0.26763636E+14  0.15941641E-30 -0.36995889E-29
  0.26810182E+14  0.16004930E-30 -0.34329753E-29
  0.26856727E+14  0.16153551E-30 -0.32122626E-29
  0.26903273E+14  0.16338287E-30 -0.30226458E-29
  0.26949818E+14  0.16313573E-30 -0.28555948E-29
  0.26996364E+14  0.16083308E-30 -0.27080577E-29
  0.27042909E+14  0.15820248E-30 -0.25771454E-29
  0.27089455E+14  0.15568640E-30 -0.24587066E-29
  0.27136000E+14  0.15207902E-30 -0.23520756E-29
  0.27182545E+14  0.15002866E-30 -0.22555497E-29
  0.27229091E+14  0.14964343E-30 -0.21670959E-29
  0.27275636E+14  0.15111935E-30 -0.20840350E-29
  0.27322182E+14  0.15298405E-30 -0.20044189E-29
  0.27368727E+14  0.15300883E-30 -0.19280959E-29
  0.27415273E+14  0.15154535E-30 -0.18566867E-29
  0.27461818E+14  0.14864192E-30 -0.17896740E-29
  0.27508364E+14  0.14464705E-30 -0.17280152E-29
  0.27554909E+14  0.14122134E-30 -0.16723200E-29
  0.27601455E+14  0.14068180E-30 -0.16199529E-29
  0.27648000E+14  0.14102498E-30 -0.15687672E-29
  0.27694545E+14  0.14141416E-30 -0.15195970E-29
  0.27741091E+14  0.14237970E-30 -0.14712849E-29
  0.27787636E+14  0.14090780E-30 -0.14243091E-29
  0.27834182E+14  0.13994932E-30 -0.13804070E-29
  0.27880727E+14  0.13809819E-30 -0.13376497E-29
  0.27927273E+14  0.13548368E-30 -0.12968791E-29
  0.27973818E+14  0.13134753E-30 -0.12595708E-29
  0.28020364E+14  0.12861398E-30 -0.12256002E-29
  0.28066909E+14  0.12872364E-30 -0.11942890E-29
  0.28113455E+14  0.13081799E-30 -0.11619046E-29
  0.28160000E+14  0.13342710E-30 -0.11279165E-29
  0.28206545E+14  0.13333805E-30 -0.10929028E-29
  0.28253091E+14  0.12985952E-30 -0.10595703E-29
  0.28299636E+14  0.12685344E-30 -0.10298372E-29
  0.28346182E+14  0.12308653E-30 -0.10012619E-29
  0.28392727E+14  0.11908573E-30 -0.97587490E-30
  0.28439273E+14  0.11720653E-30 -0.95306109E-30
  0.28485818E+14  0.11788349E-30 -0.93053033E-30
  0.28532364E+14  0.12122583E-30 -0.90642930E-30
  0.28578909E+14  0.12292005E-30 -0.87893376E-30
  0.28625455E+14  0.11995933E-30 -0.85167856E-30
  0.28672000E+14  0.11594031E-30 -0.82821541E-30
  0.28718545E+14  0.11259561E-30 -0.80740059E-30
  0.28765091E+14  0.11014269E-30 -0.78797484E-30
  0.28811636E+14  0.10976403E-30 -0.76941105E-30
  0.28858182E+14  0.11026715E-30 -0.74995994E-30
  0.28904727E+14  0.11209353E-30 -0.73053121E-30
  0.28951273E+14  0.11257921E-30 -0.70753922E-30
  0.28997818E+14  0.11015708E-30 -0.68515642E-30
  0.29044364E+14  0.10459497E-30 -0.66517439E-30
  0.29090909E+14  0.99893946E-31 -0.64950639E-30
  0.29137455E+14  0.98231535E-31 -0.63495179E-30
  0.29184000E+14  0.98174464E-31 -0.62018031E-30
  0.29230545E+14  0.99305198E-31 -0.60429271E-30
  0.29277091E+14  0.10202246E-30 -0.58544917E-30
  0.29323636E+14  0.99504022E-31 -0.56488050E-30
  0.29370182E+14  0.94743217E-31 -0.54650088E-30
  0.29416727E+14  0.90836499E-31 -0.53101131E-30
  0.29463273E+14  0.86976347E-31 -0.51610265E-30
  0.29509818E+14  0.83333829E-31 -0.50171129E-30
  0.29556364E+14  0.80244771E-31 -0.48830085E-30
  0.29602909E+14  0.77975337E-31 -0.47537086E-30
  0.29649455E+14  0.75579406E-31 -0.46120956E-30
  0.29696000E+14  0.73798990E-31 -0.44651755E-30
  0.29742545E+14  0.69528014E-31 -0.43072927E-30
  0.29789091E+14  0.63998755E-31 -0.41756204E-30
  0.29835636E+14  0.57317763E-31 -0.40624257E-30
  0.29882182E+14  0.52910044E-31 -0.39737920E-30
  0.29928727E+14  0.51979471E-31 -0.38565449E-30
  0.29975273E+14  0.47188551E-31 -0.37407105E-30
  0.30021818E+14  0.44095878E-31 -0.36264501E-30
  0.30068364E+14  0.38534041E-31 -0.35112153E-30
  0.30114909E+14  0.32432308E-31 -0.34071471E-30
  0.30161455E+14  0.26481380E-31 -0.33376272E-30
  0.30208000E+14  0.24570189E-31 -0.32650873E-30
  0.30254545E+14  0.20863633E-31 -0.31659546E-30
  0.30301091E+14  0.18111587E-31 -0.30524932E-30
  0.30347636E+14  0.10469475E-31 -0.29800986E-30
  0.30394182E+14  0.85269410E-32 -0.29165371E-30
  0.30440727E+14  0.34177988E-32 -0.28436466E-30
  0.30487273E+14  0.39349652E-33 -0.27456961E-30
  0.30533818E+14 -0.76736692E-32 -0.26980617E-30
  0.30580364E+14 -0.72487980E-32 -0.25952705E-30
  0.30626909E+14 -0.13632610E-31 -0.25258129E-30
  0.30673455E+14 -0.18791044E-31 -0.24459911E-30
  0.30720000E+14 -0.24910444E-31 -0.23973071E-30
  0.30766545E+14 -0.24425586E-31 -0.23318253E-30
  0.30813091E+14 -0.36627103E-31 -0.22564540E-30
  0.30859636E+14 -0.39697184E-31 -0.21912327E-30
  0.30906182E+14 -0.46074597E-31 -0.21276989E-30
  0.30952727E+14 -0.53821257E-31 -0.21089309E-30
  0.30999273E+14 -0.59208643E-31 -0.20288131E-30
  0.31045818E+14 -0.67007972E-31 -0.20109098E-30
  0.31092364E+14 -0.74131595E-31 -0.19791893E-30
  0.31138909E+14 -0.78320123E-31 -0.19662702E-30
  0.31185455E+14 -0.84898021E-31 -0.19113788E-30
  0.31232000E+14 -0.92981472E-31 -0.18878456E-30
  0.31278545E+14 -0.10228237E-30 -0.18689930E-30
  0.31325091E+14 -0.11011482E-30 -0.18959161E-30
  0.31371636E+14 -0.11533079E-30 -0.18916296E-30
  0.31418182E+14 -0.12349805E-30 -0.18948471E-30
  0.31464727E+14 -0.13133563E-30 -0.18889695E-30
  0.31511273E+14 -0.14211012E-30 -0.19195237E-30
  0.31557818E+14 -0.15071091E-30 -0.19688939E-30
  0.31604364E+14 -0.16094511E-30 -0.20434394E-30
  0.31650909E+14 -0.16534670E-30 -0.21303851E-30
  0.31697455E+14 -0.17389668E-30 -0.21885485E-30
  0.31744000E+14 -0.18465619E-30 -0.23073952E-30
  0.31790545E+14 -0.19264918E-30 -0.24557004E-30
  0.31837091E+14 -0.20154294E-30 -0.26379809E-30
  0.31883636E+14 -0.21287256E-30 -0.29127694E-30
  0.31930182E+14 -0.22104165E-30 -0.33346773E-30
  0.31976727E+14 -0.23074102E-30 -0.42136550E-30
  0.32023273E+14  0.00000000E+00 -0.43310963E-30
  0.32069818E+14  0.00000000E+00 -0.35606692E-30
  0.32116364E+14  0.00000000E+00 -0.32198985E-30
  0.32162909E+14  0.00000000E+00 -0.29994763E-30
  0.32209455E+14  0.00000000E+00 -0.28359759E-30
  0.32256000E+14  0.00000000E+00 -0.27054156E-30
  0.32302545E+14  0.00000000E+00 -0.25962053E-30
  0.32349091E+14  0.00000000E+00 -0.25018945E-30
  0.32395636E+14  0.00000000E+00 -0.24185426E-30
  0.32442182E+14  0.00000000E+00 -0.23435765E-30
  0.32488727E+14  0.00000000E+00 -0.22752294E-30
  0.32535273E+14  0.00000000E+00 -0.22122392E-30
  0.32581818E+14  0.00000000E+00 -0.21536754E-30
  0.32628364E+14  0.00000000E+00 -0.20988340E-30
  0.32674909E+14  0.00000000E+00 -0.20471698E-30
  0.32721455E+14  0.00000000E+00 -0.19982531E-30
  0.32768000E+14  0.00000000E+00 -0.19517395E-30
  0.32814545E+14  0.00000000E+00 -0.19073488E-30
  0.32861091E+14  0.00000000E+00 -0.18648503E-30
  0.32907636E+14  0.00000000E+00 -0.18240518E-30
  0.32954182E+14  0.00000000E+00 -0.17847917E-30
  0.33000727E+14  0.00000000E+00 -0.17469326E-30
  0.33047273E+14  0.00000000E+00 -0.17103568E-30
  0.33093818E+14  0.00000000E+00 -0.16749628E-30
  0.33140364E+14  0.00000000E+00 -0.16406622E-30
  0.33186909E+14  0.00000000E+00 -0.16073780E-30
  0.33233455E+14  0.00000000E+00 -0.15750419E-30
  0.33280000E+14  0.00000000E+00 -0.15435938E-30
  0.33326545E+14  0.00000000E+00 -0.15129801E-30
  0.33373091E+14  0.00000000E+00 -0.14831528E-30
  0.33419636E+14  0.00000000E+00 -0.14540688E-30
  0.33466182E+14  0.00000000E+00 -0.14256891E-30
  0.33512727E+14  0.00000000E+00 -0.13979785E-30
  0.33559273E+14  0.00000000E+00 -0.13709049E-30
  0.33605818E+14  0.00000000E+00 -0.13444390E-30
  0.33652364E+14  0.00000000E+00 -0.13185538E-30
  0.33698909E+14  0.00000000E+00 -0.12932246E-30
  0.33745455E+14  0.00000000E+00 -0.12684287E-30
  0.33792000E+14  0.00000000E+00 -0.12441450E-30
  0.33838545E+14  0.00000000E+00 -0.12203539E-30
  0.33885091E+14  0.00000000E+00 -0.11970372E-30
  0.33931636E+14  0.00000000E+00 -0.11741779E-30
  0.33978182E+14  0.00000000E+00 -0.11517602E-30
  0.34024727E+14  0.00000000E+00 -0.11297692E-30
  0.34071273E+14  0.00000000E+00 -0.11081909E-30
  0.34117818E+14  0.00000000E+00 -0.10870122E-30
  0.34164364E+14  0.00000000E+00 -0.10662207E-30
  0.34210909E+14  0.00000000E+00 -0.10458048E-30
  0.34257455E+14  0.00000000E+00 -0.10257534E-30
  0.34304000E+14  0.00000000E+00 -0.10060560E-30
  0.34350545E+14  0.00000000E+00 -0.98670263E-31
  0.34397091E+14  0.00000000E+00 -0.96768388E-31
  0.34443636E+14  0.00000000E+00 -0.94899072E-31
  0.34490182E+14  0.00000000E+00 -0.93061458E-31
  0.34536727E+14  0.00000000E+00 -0.91254728E-31
  0.34583273E+14  0.00000000E+00 -0.89478097E-31
  0.34629818E+14  0.00000000E+00 -0.87730818E-31
  0.34676364E+14  0.00000000E+00 -0.86012173E-31
  0.34722909E+14  0.00000000E+00 -0.84321473E-31
  0.34769455E+14  0.00000000E+00 -0.82658058E-31
  0.34816000E+14  0.00000000E+00 -0.81021295E-31
  0.34862545E+14  0.00000000E+00 -0.79410571E-31
  0.34909091E+14  0.00000000E+00 -0.77825301E-31
  0.34955636E+14  0.00000000E+00 -0.76264917E-31
  0.35002182E+14  0.00000000E+00 -0.74728874E-31
  0.35048727E+14  0.00000000E+00 -0.73216646E-31
  0.35095273E+14  0.00000000E+00 -0.71727724E-31
  0.35141818E+14  0.00000000E+00 -0.70261616E-31
  0.35188364E+14  0.00000000E+00 -0.68817847E-31
  0.35234909E+14  0.00000000E+00 -0.67395958E-31
  0.35281455E+14  0.00000000E+00 -0.65995502E-31
  0.35328000E+14  0.00000000E+00 -0.64616049E-31
  0.35374545E+14  0.00000000E+00 -0.63257181E-31
  0.35421091E+14  0.00000000E+00 -0.61918492E-31
  0.35467636E+14  0.00000000E+00 -0.60599588E-31
  0.35514182E+14  0.00000000E+00 -0.59300088E-31
  0.35560727E+14  0.00000000E+00 -0.58019621E-31
  0.35607273E+14  0.00000000E+00 -0.56757825E-31
  0.35653818E+14  0.00000000E+00 -0.55514351E-31
  0.35700364E+14  0.00000000E+00 -0.54288857E-31
  0.35746909E+14  0.00000000E+00 -0.53081011E-31
  0.35793455E+14  0.00000000E+00 -0.51890492E-31
  0.35840000E+14  0.00000000E+00 -0.50716984E-31
  0.35886545E+14  0.00000000E+00 -0.49560180E-31
  0.35933091E+14  0.00000000E+00 -0.48419784E-31
  0.35979636E+14  0.00000000E+00 -0.47295503E-31
  0.36026182E+14  0.00000000E+00 -0.46187055E-31
  0.36072727E+14  0.00000000E+00 -0.45094162E-31
  0.36119273E+14  0.00000000E+00 -0.44016554E-31
  0.36165818E+14  0.00000000E+00 -0.42953969E-31
  0.36212364E+14  0.00000000E+00 -0.41906149E-31
  0.36258909E+14  0.00000000E+00 -0.40872843E-31
  0.36305455E+14  0.00000000E+00 -0.39853806E-31
  0.36352000E+14  0.00000000E+00 -0.38848799E-31
  0.36398545E+14  0.00000000E+00 -0.37857586E-31
  0.36445091E+14  0.00000000E+00 -0.36879940E-31
  0.36491636E+14  0.00000000E+00 -0.35915637E-31
  0.36538182E+14  0.00000000E+00 -0.34964458E-31
  0.36584727E+14  0.00000000E+00 -0.34026188E-31
  0.36631273E+14  0.00000000E+00 -0.33100620E-31
  0.36677818E+14  0.00000000E+00 -0.32187548E-31
  0.36724364E+14  0.00000000E+00 -0.31286771E-31
  0.36770909E+14  0.00000000E+00 -0.30398095E-31
  0.36817455E+14  0.00000000E+00 -0.29521325E-31
  0.36864000E+14  0.00000000E+00 -0.28656275E-31
  0.36910545E+14  0.00000000E+00 -0.27802761E-31
  0.36957091E+14  0.00000000E+00 -0.26960602E-31
  0.37003636E+14  0.00000000E+00 -0.26129621E-31
  0.37050182E+14  0.00000000E+00 -0.25309645E-31
  0.37096727E+14  0.00000000E+00 -0.24500505E-31
  0.37143273E+14  0.00000000E+00 -0.23702035E-31
  0.37189818E+14  0.00000000E+00 -0.22914071E-31
  0.37236364E+14  0.00000000E+00 -0.22136453E-31
  0.37282909E+14  0.00000000E+00 -0.21369026E-31
  0.37329455E+14  0.00000000E+00 -0.20611635E-31
  0.37376000E+14  0.00000000E+00 -0.19864129E-31
  0.37422545E+14  0.00000000E+00 -0.19126362E-31
  0.37469091E+14  0.00000000E+00 -0.18398187E-31
  0.37515636E+14  0.00000000E+00 -0.17679463E-31
  0.37562182E+14  0.00000000E+00 -0.16970050E-31
  0.37608727E+14  0.00000000E+00 -0.16269811E-31
  0.37655273E+14  0.00000000E+00 -0.15578612E-31
  0.37701818E+14  0.00000000E+00 -0.14896320E-31
  0.37748364E+14  0.00000000E+00 -0.14222806E-31
  0.37794909E+14  0.00000000E+00 -0.13557943E-31
  0.37841455E+14  0.00000000E+00 -0.12901606E-31
  0.37888000E+14  0.00000000E+00 -0.12253672E-31
  0.37934545E+14  0.00000000E+00 -0.11614022E-31
  0.37981091E+14  0.00000000E+00 -0.10982535E-31
  0.38027636E+14  0.00000000E+00 -0.10359097E-31
  0.38074182E+14  0.00000000E+00 -0.97435936E-32
  0.38120727E+14  0.00000000E+00 -0.91359118E-32
  0.38167273E+14  0.00000000E+00 -0.85359418E-32
  0.38213818E+14  0.00000000E+00 -0.79435754E-32
  0.38260364E+14  0.00000000E+00 -0.73587060E-32
  0.38306909E+14  0.00000000E+00 -0.67812291E-32
  0.38353455E+14  0.00000000E+00 -0.62110420E-32
  0.38400000E+14  0.00000000E+00 -0.56480435E-32
  0.38446545E+14  0.00000000E+00 -0.50921343E-32
  0.38493091E+14  0.00000000E+00 -0.45432169E-32
  0.38539636E+14  0.00000000E+00 -0.40011950E-32
  0.38586182E+14  0.00000000E+00 -0.34659745E-32
  0.38632727E+14  0.00000000E+00 -0.29374623E-32
  0.38679273E+14  0.00000000E+00 -0.24155672E-32
  0.38725818E+14  0.00000000E+00 -0.19001995E-32
  0.38772364E+14  0.00000000E+00 -0.13912708E-32
  0.38818909E+14  0.00000000E+00 -0.88869426E-33
  0.38865455E+14  0.00000000E+00 -0.39238441E-33
  0.38912000E+14  0.00000000E+00  0.97742817E-34
  0.38958545E+14  0.00000000E+00  0.58177010E-33
  0.39005091E+14  0.00000000E+00  0.10597788E-32
  0.39051636E+14  0.00000000E+00  0.15318490E-32
  0.39098182E+14  0.00000000E+00  0.19980595E-32
  0.39144727E+14  0.00000000E+00  0.24584878E-32
  0.39191273E+14  0.00000000E+00  0.29132103E-32
  0.39237818E+14  0.00000000E+00  0.33623019E-32
  0.39284364E+14  0.00000000E+00  0.38058366E-32
  0.39330909E+14  0.00000000E+00  0.42438872E-32
  0.39377455E+14  0.00000000E+00  0.46765252E-32
  0.39424000E+14  0.00000000E+00  0.51038213E-32
  0.39470545E+14  0.00000000E+00  0.55258447E-32
  0.39517091E+14  0.00000000E+00  0.59426638E-32
  0.39563636E+14  0.00000000E+00  0.63543459E-32
  0.39610182E+14  0.00000000E+00  0.67609572E-32
  0.39656727E+14  0.00000000E+00  0.71625630E-32
  0.39703273E+14  0.00000000E+00  0.75592274E-32
  0.39749818E+14  0.00000000E+00  0.79510139E-32
  0.39796364E+14  0.00000000E+00  0.83379845E-32
  0.39842909E+14  0.00000000E+00  0.87202008E-32
  0.39889455E+14  0.00000000E+00  0.90977232E-32
  0.39936000E+14  0.00000000E+00  0.94706111E-32
  0.39982545E+14  0.00000000E+00  0.98389233E-32
  0.40029091E+14  0.00000000E+00  0.10202717E-31
  0.40075636E+14  0.00000000E+00  0.10562050E-31
  0.40122182E+14  0.00000000E+00  0.10916978E-31
  0.40168727E+14  0.00000000E+00  0.11267557E-31
  0.40215273E+14  0.00000000E+00  0.11613839E-31
  0.40261818E+14  0.00000000E+00  0.11955880E-31
  0.40308364E+14  0.00000000E+00  0.12293733E-31
  0.40354909E+14  0.00000000E+00  0.12627448E-31
  0.40401455E+14  0.00000000E+00  0.12957078E-31
  0.40448000E+14  0.00000000E+00  0.13282672E-31
  0.40494545E+14  0.00000000E+00  0.13604282E-31
  0.40541091E+14  0.00000000E+00  0.13921956E-31
  0.40587636E+14  0.00000000E+00  0.14235742E-31
  0.40634182E+14  0.00000000E+00  0.14545688E-31
  0.40680727E+14  0.00000000E+00  0.14851842E-31
  0.40727273E+14  0.00000000E+00  0.15154248E-31
  0.40773818E+14  0.00000000E+00  0.15452955E-31
  0.40820364E+14  0.00000000E+00  0.15748005E-31
  0.40866909E+14  0.00000000E+00  0.16039444E-31
  0.40913455E+14  0.00000000E+00  0.16327316E-31
  0.40960000E+14  0.00000000E+00  0.16611663E-31
  0.41006545E+14  0.00000000E+00  0.16892529E-31
  0.41053091E+14  0.00000000E+00  0.17169955E-31
  0.41099636E+14  0.00000000E+00  0.17443983E-31
  0.41146182E+14  0.00000000E+00  0.17714653E-31
  0.41192727E+14  0.00000000E+00  0.17982006E-31
  0.41239273E+14  0.00000000E+00  0.18246081E-31
  0.41285818E+14  0.00000000E+00  0.18506918E-31
  0.41332364E+14  0.00000000E+00  0.18764555E-31
  0.41378909E+14  0.00000000E+00  0.19019031E-31
  0.41425455E+14  0.00000000E+00  0.19270382E-31
  0.41472000E+14  0.00000000E+00  0.19518646E-31
  0.41518545E+14  0.00000000E+00  0.19763860E-31
  0.41565091E+14  0.00000000E+00  0.20006059E-31
  0.41611636E+14  0.00000000E+00  0.20245279E-31
  0.41658182E+14  0.00000000E+00  0.20481556E-31
  0.41704727E+14  0.00000000E+00  0.20714923E-31
  0.41751273E+14  0.00000000E+00  0.20945415E-31
  0.41797818E+14  0.00000000E+00  0.21173065E-31
  0.41844364E+14  0.00000000E+00  0.21397907E-31
  0.41890909E+14  0.00000000E+00  0.21619974E-31
  0.41937455E+14  0.00000000E+00  0.21839298E-31
  0.41984000E+14  0.00000000E+00  0.22055911E-31
  0.42030545E+14  0.00000000E+00  0.22269844E-31
  0.42077091E+14  0.00000000E+00  0.22481128E-31
  0.42123636E+14  0.00000000E+00  0.22689795E-31
  0.42170182E+14  0.00000000E+00  0.22895874E-31
  0.42216727E+14  0.00000000E+00  0.23099395E-31
  0.42263273E+14  0.00000000E+00  0.23300388E-31
  0.42309818E+14  0.00000000E+00  0.23498882E-31
  0.42356364E+14  0.00000000E+00  0.23694905E-31
  0.42402909E+14  0.00000000E+00  0.23888486E-31
  0.42449455E+14  0.00000000E+00  0.24079653E-31
  0.42496000E+14  0.00000000E+00  0.24268433E-31
  0.42542545E+14  0.00000000E+00  0.24454854E-31
  0.42589091E+14  0.00000000E+00  0.24638943E-31
  0.42635636E+14  0.00000000E+00  0.24820726E-31
  0.42682182E+14  0.00000000E+00  0.25000229E-31
  0.42728727E+14  0.00000000E+00  0.25177479E-31
  0.42775273E+14  0.00000000E+00  0.25352500E-31
  0.42821818E+14  0.00000000E+00  0.25525318E-31
  0.42868364E+14  0.00000000E+00  0.25695958E-31
  0.42914909E+14  0.00000000E+00  0.25864445E-31
  0.42961455E+14  0.00000000E+00  0.26030802E-31
  0.43008000E+14  0.00000000E+00  0.26195055E-31
  0.43054545E+14  0.00000000E+00  0.26357225E-31
  0.43101091E+14  0.00000000E+00  0.26517337E-31
  0.43147636E+14  0.00000000E+00  0.26675414E-31
  0.43194182E+14  0.00000000E+00  0.26831479E-31
  0.43240727E+14  0.00000000E+00  0.26985554E-31
  0.43287273E+14  0.00000000E+00  0.27137661E-31
  0.43333818E+14  0.00000000E+00  0.27287822E-31
  0.43380364E+14  0.00000000E+00  0.27436059E-31
  0.43426909E+14  0.00000000E+00  0.27582394E-31
  0.43473455E+14  0.00000000E+00  0.27726847E-31
  0.43520000E+14  0.00000000E+00  0.27869439E-31
  0.43566545E+14  0.00000000E+00  0.28010191E-31
  0.43613091E+14  0.00000000E+00  0.28149124E-31
  0.43659636E+14  0.00000000E+00  0.28286256E-31
  0.43706182E+14  0.00000000E+00  0.28421609E-31
  0.43752727E+14  0.00000000E+00  0.28555202E-31
  0.43799273E+14  0.00000000E+00  0.28687054E-31
  0.43845818E+14  0.00000000E+00  0.28817184E-31
  0.43892364E+14  0.00000000E+00  0.28945612E-31
  0.43938909E+14  0.00000000E+00  0.29072355E-31
  0.43985455E+14  0.00000000E+00  0.29197433E-31
  0.44032000E+14  0.00000000E+00  0.29320863E-31
  0.44078545E+14  0.00000000E+00  0.29442664E-31
  0.44125091E+14  0.00000000E+00  0.29562854E-31
  0.44171636E+14  0.00000000E+00  0.29681449E-31
  0.44218182E+14  0.00000000E+00  0.29798468E-31
  0.44264727E+14  0.00000000E+00  0.29913927E-31
  0.44311273E+14  0.00000000E+00  0.30027844E-31
  0.44357818E+14  0.00000000E+00  0.30140234E-31
  0.44404364E+14  0.00000000E+00  0.30251116E-31
  0.44450909E+14  0.00000000E+00  0.30360504E-31
  0.44497455E+14  0.00000000E+00  0.30468416E-31
  0.44544000E+14  0.00000000E+00  0.30574867E-31
  0.44590545E+14  0.00000000E+00  0.30679873E-31
  0.44637091E+14  0.00000000E+00  0.30783449E-31
  0.44683636E+14  0.00000000E+00  0.30885611E-31
  0.44730182E+14  0.00000000E+00  0.30986375E-31
  0.44776727E+14  0.00000000E+00  0.31085754E-31
  0.44823273E+14  0.00000000E+00  0.31183765E-31
  0.44869818E+14  0.00000000E+00  0.31280422E-31
  0.44916364E+14  0.00000000E+00  0.31375738E-31
  0.44962909E+14  0.00000000E+00  0.31469730E-31
  0.45009455E+14  0.00000000E+00  0.31562410E-31
  0.45056000E+14  0.00000000E+00  0.31653792E-31
  0.45102545E+14  0.00000000E+00  0.31743892E-31
  0.45149091E+14  0.00000000E+00  0.31832722E-31
  0.45195636E+14  0.00000000E+00  0.31920296E-31
  0.45242182E+14  0.00000000E+00  0.32006627E-31
  0.45288727E+14  0.00000000E+00  0.32091728E-31
  0.45335273E+14  0.00000000E+00  0.32175613E-31
  0.45381818E+14  0.00000000E+00  0.32258295E-31
  0.45428364E+14  0.00000000E+00  0.32339786E-31
  0.45474909E+14  0.00000000E+00  0.32420098E-31
  0.45521455E+14  0.00000000E+00  0.32499245E-31
  0.45568000E+14  0.00000000E+00  0.32577239E-31
  0.45614545E+14  0.00000000E+00  0.32654091E-31
  0.45661091E+14  0.00000000E+00  0.32729815E-31
  0.45707636E+14  0.00000000E+00  0.32804421E-31
  0.45754182E+14  0.00000000E+00  0.32877922E-31
  0.45800727E+14  0.00000000E+00  0.32950329E-31
  0.45847273E+14  0.00000000E+00  0.33021654E-31
  0.45893818E+14  0.00000000E+00  0.33091908E-31
  0.45940364E+14  0.00000000E+00  0.33161103E-31
  0.45986909E+14  0.00000000E+00  0.33229249E-31
  0.46033455E+14  0.00000000E+00  0.33296358E-31
  0.46080000E+14  0.00000000E+00  0.33362440E-31
  0.46126545E+14  0.00000000E+00  0.33427507E-31
  0.46173091E+14  0.00000000E+00  0.33491568E-31
  0.46219636E+14  0.00000000E+00  0.33554635E-31
  0.46266182E+14  0.00000000E+00  0.33616717E-31
  0.46312727E+14  0.00000000E+00  0.33677826E-31
  0.46359273E+14  0.00000000E+00  0.33737971E-31
  0.46405818E+14  0.00000000E+00  0.33797162E-31
  0.46452364E+14  0.00000000E+00  0.33855409E-31
  0.46498909E+14  0.00000000E+00  0.33912722E-31
  0.46545455E+14  0.00000000E+00  0.33969112E-31
  0.46592000E+14  0.00000000E+00  0.34024586E-31
  0.46638545E+14  0.00000000E+00  0.34079156E-31
  0.46685091E+14  0.00000000E+00  0.34132830E-31
  0.46731636E+14  0.00000000E+00  0.34185618E-31
  0.46778182E+14  0.00000000E+00  0.34237528E-31
  0.46824727E+14  0.00000000E+00  0.34288571E-31
  0.46871273E+14  0.00000000E+00  0.34338755E-31
  0.46917818E+14  0.00000000E+00  0.34388088E-31
  0.46964364E+14  0.00000000E+00  0.34436580E-31
  0.47010909E+14  0.00000000E+00  0.34484240E-31
  0.47057455E+14  0.00000000E+00  0.34531075E-31
  0.47104000E+14  0.00000000E+00  0.34577095E-31
  0.47150545E+14  0.00000000E+00  0.34622308E-31
  0.47197091E+14  0.00000000E+00  0.34666722E-31
  0.47243636E+14  0.00000000E+00  0.34710346E-31
  0.47290182E+14  0.00000000E+00  0.34753188E-31
  0.47336727E+14  0.00000000E+00  0.34795255E-31
  0.47383273E+14  0.00000000E+00  0.34836556E-31
  0.47429818E+14  0.00000000E+00  0.34877099E-31
  0.47476364E+14  0.00000000E+00  0.34916891E-31
  0.47522909E+14  0.00000000E+00  0.34955941E-31
  0.47569455E+14  0.00000000E+00  0.34994255E-31
  0.47616000E+14  0.00000000E+00  0.35031842E-31
  0.47662545E+14  0.00000000E+00  0.35068708E-31
  0.47709091E+14  0.00000000E+00  0.35104862E-31
  0.47755636E+14  0.00000000E+00  0.35140310E-31
  0.47802182E+14  0.00000000E+00  0.35175061E-31
  0.47848727E+14  0.00000000E+00  0.35209120E-31
  0.47895273E+14  0.00000000E+00  0.35242495E-31
  0.47941818E+14  0.00000000E+00  0.35275194E-31
  0.47988364E+14  0.00000000E+00  0.35307222E-31
  0.48034909E+14  0.00000000E+00  0.35338588E-31
  0.48081455E+14  0.00000000E+00  0.35369297E-31
  0.48128000E+14  0.00000000E+00  0.35399357E-31
  0.48174545E+14  0.00000000E+00  0.35428774E-31
  0.48221091E+14  0.00000000E+00  0.35457554E-31
  0.48267636E+14  0.00000000E+00  0.35485705E-31
  0.48314182E+14  0.00000000E+00  0.35513232E-31
  0.48360727E+14  0.00000000E+00  0.35540142E-31
  0.48407273E+14  0.00000000E+00  0.35566442E-31
  0.48453818E+14  0.00000000E+00  0.35592137E-31
  0.48500364E+14  0.00000000E+00  0.35617234E-31
  0.48546909E+14  0.00000000E+00  0.35641739E-31
  0.48593455E+14  0.00000000E+00  0.35665657E-31
  0.48640000E+14  0.00000000E+00  0.35688996E-31
  0.48686545E+14  0.00000000E+00  0.35711760E-31
  0.48733091E+14  0.00000000E+00  0.35733956E-31
  0.48779636E+14  0.00000000E+00  0.35755590E-31
  0.48826182E+14  0.00000000E+00  0.35776666E-31
  0.48872727E+14  0.00000000E+00  0.35797192E-31
  0.48919273E+14  0.00000000E+00  0.35817172E-31
  0.48965818E+14  0.00000000E+00  0.35836612E-31
  0.49012364E+14  0.00000000E+00  0.35855518E-31
  0.49058909E+14  0.00000000E+00  0.35873895E-31
  0.49105455E+14  0.00000000E+00  0.35891748E-31
  0.49152000E+14  0.00000000E+00  0.35909083E-31
  0.49198545E+14  0.00000000E+00  0.35925905E-31
  0.49245091E+14  0.00000000E+00  0.35942220E-31
  0.49291636E+14  0.00000000E+00  0.35958031E-31
  0.49338182E+14  0.00000000E+00  0.35973346E-31
  0.49384727E+14  0.00000000E+00  0.35988168E-31
  0.49431273E+14  0.00000000E+00  0.36002502E-31
  0.49477818E+14  0.00000000E+00  0.36016355E-31
  0.49524364E+14  0.00000000E+00  0.36029730E-31
  0.49570909E+14  0.00000000E+00  0.36042632E-31
  0.49617455E+14  0.00000000E+00  0.36055066E-31
  0.49664000E+14  0.00000000E+00  0.36067038E-31
  0.49710545E+14  0.00000000E+00  0.36078551E-31
  0.49757091E+14  0.00000000E+00  0.36089611E-31
  0.49803636E+14  0.00000000E+00  0.36100221E-31
  0.49850182E+14  0.00000000E+00  0.36110387E-31
  0.49896727E+14  0.00000000E+00  0.36120114E-31
  0.49943273E+14  0.00000000E+00  0.36129405E-31
  0.49989818E+14  0.00000000E+00  0.36138265E-31
  0.50036364E+14  0.00000000E+00  0.36146698E-31
  0.50082909E+14  0.00000000E+00  0.36154709E-31
  0.50129455E+14  0.00000000E+00  0.36162302E-31
  0.50176000E+14  0.00000000E+00  0.36169482E-31
  0.50222545E+14  0.00000000E+00  0.36176252E-31
  0.50269091E+14  0.00000000E+00  0.36182617E-31
  0.50315636E+14  0.00000000E+00  0.36188581E-31
  0.50362182E+14  0.00000000E+00  0.36194147E-31
  0.50408727E+14  0.00000000E+00  0.36199321E-31
  0.50455273E+14  0.00000000E+00  0.36204106E-31
  0.50501818E+14  0.00000000E+00  0.36208506E-31
  0.50548364E+14  0.00000000E+00  0.36212525E-31
  0.50594909E+14  0.00000000E+00  0.36216166E-31
  0.50641455E+14  0.00000000E+00  0.36219435E-31
  0.50688000E+14  0.00000000E+00  0.36222334E-31
  0.50734545E+14  0.00000000E+00  0.36224867E-31
  0.50781091E+14  0.00000000E+00  0.36227038E-31
  0.50827636E+14  0.00000000E+00  0.36228851E-31
  0.50874182E+14  0.00000000E+00  0.36230309E-31
  0.50920727E+14  0.00000000E+00  0.36231417E-31
  0.50967273E+14  0.00000000E+00  0.36232177E-31
  0.51013818E+14  0.00000000E+00  0.36232593E-31
  0.51060364E+14  0.00000000E+00  0.36232669E-31
  0.51106909E+14  0.00000000E+00  0.36232408E-31
  0.51153455E+14  0.00000000E+00  0.36231814E-31
  0.51200000E+14  0.00000000E+00  0.36230890E-31
  0.51246545E+14  0.00000000E+00  0.36229639E-31
  0.51293091E+14  0.00000000E+00  0.36228065E-31
  0.51339636E+14  0.00000000E+00  0.36226171E-31
  0.51386182E+14  0.00000000E+00  0.36223961E-31
  0.51432727E+14  0.00000000E+00  0.36221438E-31
  0.51479273E+14  0.00000000E+00  0.36218604E-31
  0.51525818E+14  0.00000000E+00  0.36215464E-31
  0.51572364E+14  0.00000000E+00  0.36212019E-31
  0.51618909E+14  0.00000000E+00  0.36208275E-31
  0.51665455E+14  0.00000000E+00  0.36204232E-31
  0.51712000E+14  0.00000000E+00  0.36199896E-31
  0.51758545E+14  0.00000000E+00  0.36195267E-31
  0.51805091E+14  0.00000000E+00  0.36190351E-31
  0.51851636E+14  0.00000000E+00  0.36185149E-31
  0.51898182E+14  0.00000000E+00  0.36179665E-31
  0.51944727E+14  0.00000000E+00  0.36173901E-31
  0.51991273E+14  0.00000000E+00  0.36167861E-31
  0.52037818E+14  0.00000000E+00  0.36161547E-31
  0.52084364E+14  0.00000000E+00  0.36154961E-31
  0.52130909E+14  0.00000000E+00  0.36148108E-31
  0.52177455E+14  0.00000000E+00  0.36140990E-31
  0.52224000E+14  0.00000000E+00  0.36133609E-31
  0.52270545E+14  0.00000000E+00  0.36125968E-31
  0.52317091E+14  0.00000000E+00  0.36118070E-31
  0.52363636E+14  0.00000000E+00  0.36109918E-31
  0.52410182E+14  0.00000000E+00  0.36101513E-31
  0.52456727E+14  0.00000000E+00  0.36092860E-31
  0.52503273E+14  0.00000000E+00  0.36083960E-31
  0.52549818E+14  0.00000000E+00  0.36074816E-31
  0.52596364E+14  0.00000000E+00  0.36065431E-31
  0.52642909E+14  0.00000000E+00  0.36055807E-31
  0.52689455E+14  0.00000000E+00  0.36045946E-31
  0.52736000E+14  0.00000000E+00  0.36035852E-31
  0.52782545E+14  0.00000000E+00  0.36025526E-31
  0.52829091E+14  0.00000000E+00  0.36014971E-31
  0.52875636E+14  0.00000000E+00  0.36004190E-31
  0.52922182E+14  0.00000000E+00  0.35993184E-31
  0.52968727E+14  0.00000000E+00  0.35981956E-31
  0.53015273E+14  0.00000000E+00  0.35970509E-31
  0.53061818E+14  0.00000000E+00  0.35958845E-31
  0.53108364E+14  0.00000000E+00  0.35946966E-31
  0.53154909E+14  0.00000000E+00  0.35934874E-31
  0.53201455E+14  0.00000000E+00  0.35922571E-31
  0.53248000E+14  0.00000000E+00  0.35910061E-31
  0.53294545E+14  0.00000000E+00  0.35897345E-31
  0.53341091E+14  0.00000000E+00  0.35884425E-31
  0.53387636E+14  0.00000000E+00  0.35871303E-31
  0.53434182E+14  0.00000000E+00  0.35857982E-31
  0.53480727E+14  0.00000000E+00  0.35844464E-31
  0.53527273E+14  0.00000000E+00  0.35830750E-31
  0.53573818E+14  0.00000000E+00  0.35816844E-31
  0.53620364E+14  0.00000000E+00  0.35802746E-31
  0.53666909E+14  0.00000000E+00  0.35788460E-31
  0.53713455E+14  0.00000000E+00  0.35773986E-31
  0.53760000E+14  0.00000000E+00  0.35759328E-31
  0.53806545E+14  0.00000000E+00  0.35744486E-31
  0.53853091E+14  0.00000000E+00  0.35729464E-31
  0.53899636E+14  0.00000000E+00  0.35714262E-31
  0.53946182E+14  0.00000000E+00  0.35698884E-31
  0.53992727E+14  0.00000000E+00  0.35683330E-31
  0.54039273E+14  0.00000000E+00  0.35667603E-31
  0.54085818E+14  0.00000000E+00  0.35651705E-31
  0.54132364E+14  0.00000000E+00  0.35635637E-31
  0.54178909E+14  0.00000000E+00  0.35619401E-31
  0.54225455E+14  0.00000000E+00  0.35603000E-31
  0.54272000E+14  0.00000000E+00  0.35586435E-31
  0.54318545E+14  0.00000000E+00  0.35569707E-31
  0.54365091E+14  0.00000000E+00  0.35552819E-31
  0.54411636E+14  0.00000000E+00  0.35535772E-31
  0.54458182E+14  0.00000000E+00  0.35518568E-31
  0.54504727E+14  0.00000000E+00  0.35501209E-31
  0.54551273E+14  0.00000000E+00  0.35483697E-31
  0.54597818E+14  0.00000000E+00  0.35466033E-31
  0.54644364E+14  0.00000000E+00  0.35448218E-31
  0.54690909E+14  0.00000000E+00  0.35430255E-31
  0.54737455E+14  0.00000000E+00  0.35412145E-31
  0.54784000E+14  0.00000000E+00  0.35393891E-31
  0.54830545E+14  0.00000000E+00  0.35375492E-31
  0.54877091E+14  0.00000000E+00  0.35356952E-31
  0.54923636E+14  0.00000000E+00  0.35338271E-31
  0.54970182E+14  0.00000000E+00  0.35319451E-31
  0.55016727E+14  0.00000000E+00  0.35300494E-31
  0.55063273E+14  0.00000000E+00  0.35281402E-31
  0.55109818E+14  0.00000000E+00  0.35262175E-31
  0.55156364E+14  0.00000000E+00  0.35242816E-31
  0.55202909E+14  0.00000000E+00  0.35223325E-31
  0.55249455E+14  0.00000000E+00  0.35203705E-31
  0.55296000E+14  0.00000000E+00  0.35183957E-31
  0.55342545E+14  0.00000000E+00  0.35164082E-31
  0.55389091E+14  0.00000000E+00  0.35144082E-31
  0.55435636E+14  0.00000000E+00  0.35123957E-31
  0.55482182E+14  0.00000000E+00  0.35103711E-31
  0.55528727E+14  0.00000000E+00  0.35083343E-31
  0.55575273E+14  0.00000000E+00  0.35062856E-31
  0.55621818E+14  0.00000000E+00  0.35042251E-31
  0.55668364E+14  0.00000000E+00  0.35021529E-31
  0.55714909E+14  0.00000000E+00  0.35000691E-31
  0.55761455E+14  0.00000000E+00  0.34979739E-31
  0.55808000E+14  0.00000000E+00  0.34958674E-31
  0.55854545E+14  0.00000000E+00  0.34937498E-31
  0.55901091E+14  0.00000000E+00  0.34916212E-31
  0.55947636E+14  0.00000000E+00  0.34894816E-31
  0.55994182E+14  0.00000000E+00  0.34873314E-31
  0.56040727E+14  0.00000000E+00  0.34851704E-31
  0.56087273E+14  0.00000000E+00  0.34829990E-31
  0.56133818E+14  0.00000000E+00  0.34808172E-31
  0.56180364E+14  0.00000000E+00  0.34786251E-31
  0.56226909E+14  0.00000000E+00  0.34764229E-31
  0.56273455E+14  0.00000000E+00  0.34742107E-31
  0.56320000E+14  0.00000000E+00  0.34719885E-31
  0.56366545E+14  0.00000000E+00  0.34697566E-31
  0.56413091E+14  0.00000000E+00  0.34675151E-31
  0.56459636E+14  0.00000000E+00  0.34652640E-31
  0.56506182E+14  0.00000000E+00  0.34630034E-31
  0.56552727E+14  0.00000000E+00  0.34607336E-31
  0.56599273E+14  0.00000000E+00  0.34584546E-31
  0.56645818E+14  0.00000000E+00  0.34561664E-31
  0.56692364E+14  0.00000000E+00  0.34538694E-31
  0.56738909E+14  0.00000000E+00  0.34515634E-31
  0.56785455E+14  0.00000000E+00  0.34492487E-31
  0.56832000E+14  0.00000000E+00  0.34469254E-31
  0.56878545E+14  0.00000000E+00  0.34445935E-31
  0.56925091E+14  0.00000000E+00  0.34422532E-31
  0.56971636E+14  0.00000000E+00  0.34399046E-31
  0.57018182E+14  0.00000000E+00  0.34375477E-31
  0.57064727E+14  0.00000000E+00  0.34351828E-31
  0.57111273E+14  0.00000000E+00  0.34328098E-31
  0.57157818E+14  0.00000000E+00  0.34304289E-31
  0.57204364E+14  0.00000000E+00  0.34280402E-31
  0.57250909E+14  0.00000000E+00  0.34256438E-31
  0.57297455E+14  0.00000000E+00  0.34232398E-31
  0.57344000E+14  0.00000000E+00  0.34208283E-31
  0.57390545E+14  0.00000000E+00  0.34184094E-31
  0.57437091E+14  0.00000000E+00  0.34159832E-31
  0.57483636E+14  0.00000000E+00  0.34135497E-31
  0.57530182E+14  0.00000000E+00  0.34111091E-31
  0.57576727E+14  0.00000000E+00  0.34086615E-31
  0.57623273E+14  0.00000000E+00  0.34062070E-31
  0.57669818E+14  0.00000000E+00  0.34037456E-31
  0.57716364E+14  0.00000000E+00  0.34012774E-31
  0.57762909E+14  0.00000000E+00  0.33988026E-31
  0.57809455E+14  0.00000000E+00  0.33963212E-31
  0.57856000E+14  0.00000000E+00  0.33938333E-31
  0.57902545E+14  0.00000000E+00  0.33913390E-31
  0.57949091E+14  0.00000000E+00  0.33888385E-31
  0.57995636E+14  0.00000000E+00  0.33863317E-31
  0.58042182E+14  0.00000000E+00  0.33838187E-31
  0.58088727E+14  0.00000000E+00  0.33812997E-31
  0.58135273E+14  0.00000000E+00  0.33787747E-31
  0.58181818E+14  0.00000000E+00  0.33762439E-31
  0.58228364E+14  0.00000000E+00  0.33737072E-31
  0.58274909E+14  0.00000000E+00  0.33711649E-31
  0.58321455E+14  0.00000000E+00  0.33686168E-31
  0.58368000E+14  0.00000000E+00  0.33660633E-31
  0.58414545E+14  0.00000000E+00  0.33635042E-31
  0.58461091E+14  0.00000000E+00  0.33609398E-31
  0.58507636E+14  0.00000000E+00  0.33583700E-31
  0.58554182E+14  0.00000000E+00  0.33557950E-31
  0.58600727E+14  0.00000000E+00  0.33532148E-31
  0.58647273E+14  0.00000000E+00  0.33506295E-31
  0.58693818E+14  0.00000000E+00  0.33480392E-31
  0.58740364E+14  0.00000000E+00  0.33454439E-31
  0.58786909E+14  0.00000000E+00  0.33428438E-31
  0.58833455E+14  0.00000000E+00  0.33402389E-31
  0.58880000E+14  0.00000000E+00  0.33376293E-31
  0.58926545E+14  0.00000000E+00  0.33350150E-31
  0.58973091E+14  0.00000000E+00  0.33323962E-31
  0.59019636E+14  0.00000000E+00  0.33297728E-31
  0.59066182E+14  0.00000000E+00  0.33271450E-31
  0.59112727E+14  0.00000000E+00  0.33245129E-31
  0.59159273E+14  0.00000000E+00  0.33218764E-31
  0.59205818E+14  0.00000000E+00  0.33192357E-31
  0.59252364E+14  0.00000000E+00  0.33165909E-31
  0.59298909E+14  0.00000000E+00  0.33139419E-31
  0.59345455E+14  0.00000000E+00  0.33112890E-31
  0.59392000E+14  0.00000000E+00  0.33086320E-31
  0.59438545E+14  0.00000000E+00  0.33059712E-31
  0.59485091E+14  0.00000000E+00  0.33033065E-31
  0.59531636E+14  0.00000000E+00  0.33006381E-31
  0.59578182E+14  0.00000000E+00  0.32979659E-31
  0.59624727E+14  0.00000000E+00  0.32952901E-31
  0.59671273E+14  0.00000000E+00  0.32926107E-31
  0.59717818E+14  0.00000000E+00  0.32899278E-31
  0.59764364E+14  0.00000000E+00  0.32872415E-31
  0.59810909E+14  0.00000000E+00  0.32845517E-31
  0.59857455E+14  0.00000000E+00  0.32818587E-31
  0.59904000E+14  0.00000000E+00  0.32791623E-31
  0.59950545E+14  0.00000000E+00  0.32764627E-31
  0.59997091E+14  0.00000000E+00  0.32737600E-31
  0.60043636E+14  0.00000000E+00  0.32710541E-31
  0.60090182E+14  0.00000000E+00  0.32683452E-31
  0.60136727E+14  0.00000000E+00  0.32656334E-31
  0.60183273E+14  0.00000000E+00  0.32629186E-31
  0.60229818E+14  0.00000000E+00  0.32602009E-31
  0.60276364E+14  0.00000000E+00  0.32574804E-31
  0.60322909E+14  0.00000000E+00  0.32547571E-31
  0.60369455E+14  0.00000000E+00  0.32520311E-31
  0.60416000E+14  0.00000000E+00  0.32493025E-31
  0.60462545E+14  0.00000000E+00  0.32465712E-31
  0.60509091E+14  0.00000000E+00  0.32438374E-31
  0.60555636E+14  0.00000000E+00  0.32411011E-31
  0.60602182E+14  0.00000000E+00  0.32383624E-31
  0.60648727E+14  0.00000000E+00  0.32356212E-31
  0.60695273E+14  0.00000000E+00  0.32328777E-31
  0.60741818E+14  0.00000000E+00  0.32301320E-31
  0.60788364E+14  0.00000000E+00  0.32273839E-31
  0.60834909E+14  0.00000000E+00  0.32246337E-31
  0.60881455E+14  0.00000000E+00  0.32218813E-31
  0.60928000E+14  0.00000000E+00  0.32191269E-31
  0.60974545E+14  0.00000000E+00  0.32163704E-31
  0.61021091E+14  0.00000000E+00  0.32136119E-31
  0.61067636E+14  0.00000000E+00  0.32108514E-31
  0.61114182E+14  0.00000000E+00  0.32080890E-31
  0.61160727E+14  0.00000000E+00  0.32053248E-31
  0.61207273E+14  0.00000000E+00  0.32025587E-31
  0.61253818E+14  0.00000000E+00  0.31997909E-31
  0.61300364E+14  0.00000000E+00  0.31970214E-31
  0.61346909E+14  0.00000000E+00  0.31942502E-31
  0.61393455E+14  0.00000000E+00  0.31914773E-31
  0.61440000E+14  0.00000000E+00  0.31887029E-31
  0.61486545E+14  0.00000000E+00  0.31859269E-31
  0.61533091E+14  0.00000000E+00  0.31831494E-31
  0.61579636E+14  0.00000000E+00  0.31803704E-31
  0.61626182E+14  0.00000000E+00  0.31775901E-31
  0.61672727E+14  0.00000000E+00  0.31748083E-31
  0.61719273E+14  0.00000000E+00  0.31720253E-31
  0.61765818E+14  0.00000000E+00  0.31692409E-31
  0.61812364E+14  0.00000000E+00  0.31664553E-31
  0.61858909E+14  0.00000000E+00  0.31636684E-31
  0.61905455E+14  0.00000000E+00  0.31608804E-31
  0.61952000E+14  0.00000000E+00  0.31580913E-31
  0.61998545E+14  0.00000000E+00  0.31553010E-31
  0.62045091E+14  0.00000000E+00  0.31525097E-31
  0.62091636E+14  0.00000000E+00  0.31497174E-31
  0.62138182E+14  0.00000000E+00  0.31469242E-31
  0.62184727E+14  0.00000000E+00  0.31441300E-31
  0.62231273E+14  0.00000000E+00  0.31413348E-31
  0.62277818E+14  0.00000000E+00  0.31385389E-31
  0.62324364E+14  0.00000000E+00  0.31357420E-31
  0.62370909E+14  0.00000000E+00  0.31329444E-31
  0.62417455E+14  0.00000000E+00  0.31301461E-31
  0.62464000E+14  0.00000000E+00  0.31273470E-31
  0.62510545E+14  0.00000000E+00  0.31245473E-31
  0.62557091E+14  0.00000000E+00  0.31217469E-31
  0.62603636E+14  0.00000000E+00  0.31189459E-31
  0.62650182E+14  0.00000000E+00  0.31161443E-31
  0.62696727E+14  0.00000000E+00  0.31133421E-31
  0.62743273E+14  0.00000000E+00  0.31105395E-31
  0.62789818E+14  0.00000000E+00  0.31077364E-31
  0.62836364E+14  0.00000000E+00  0.31049328E-31
  0.62882909E+14  0.00000000E+00  0.31021289E-31
  0.62929455E+14  0.00000000E+00  0.30993245E-31
  0.62976000E+14  0.00000000E+00  0.30965198E-31
  0.63022545E+14  0.00000000E+00  0.30937148E-31
  0.63069091E+14  0.00000000E+00  0.30909095E-31
  0.63115636E+14  0.00000000E+00  0.30881040E-31
  0.63162182E+14  0.00000000E+00  0.30852982E-31
  0.63208727E+14  0.00000000E+00  0.30824923E-31
  0.63255273E+14  0.00000000E+00  0.30796862E-31
  0.63301818E+14  0.00000000E+00  0.30768800E-31
  0.63348364E+14  0.00000000E+00  0.30740737E-31
  0.63394909E+14  0.00000000E+00  0.30712673E-31
  0.63441455E+14  0.00000000E+00  0.30684609E-31
  0.63488000E+14  0.00000000E+00  0.30656544E-31
  0.63534545E+14  0.00000000E+00  0.30628480E-31
  0.63581091E+14  0.00000000E+00  0.30600417E-31
  0.63627636E+14  0.00000000E+00  0.30572354E-31
  0.63674182E+14  0.00000000E+00  0.30544292E-31
  0.63720727E+14  0.00000000E+00  0.30516232E-31
  0.63767273E+14  0.00000000E+00  0.30488173E-31
  0.63813818E+14  0.00000000E+00  0.30460116E-31
  0.63860364E+14  0.00000000E+00  0.30432062E-31
  0.63906909E+14  0.00000000E+00  0.30404010E-31
  0.63953455E+14  0.00000000E+00  0.30375960E-31
  0.64000000E+14  0.00000000E+00  0.30347914E-31
