  0.46545455E+11 -0.14955008E-29  0.29493979E-29
  0.93090909E+11 -0.16670565E-29  0.17935919E-29
  0.13963636E+12 -0.17967983E-29  0.73942762E-30
  0.18618182E+12 -0.99166831E-30 -0.44498613E-30
  0.23272727E+12  0.73535169E-30 -0.27955100E-30
  0.27927273E+12  0.95947433E-30  0.13720717E-29
  0.32581818E+12 -0.36066360E-30  0.15542949E-29
  0.37236364E+12 -0.44259415E-30  0.77297063E-30
  0.41890909E+12 -0.20628828E-32  0.66839843E-30
  0.46545455E+12  0.13742069E-30  0.71713635E-30
  0.51200000E+12  0.38295397E-30  0.85299687E-30
  0.55854545E+12  0.44409507E-30  0.11712046E-29
  0.60509091E+12  0.32130044E-30  0.15033882E-29
  0.65163636E+12 -0.20991455E-30  0.16088021E-29
  0.69818182E+12 -0.48224650E-30  0.13502221E-29
  0.74472727E+12 -0.41164161E-30  0.11131957E-29
  0.79127273E+12 -0.75209746E-30  0.77541055E-30
  0.83781818E+12 -0.23701371E-31  0.24019286E-30
  0.88436364E+12  0.31028160E-30  0.10382252E-29
  0.93090909E+12  0.44917255E-31  0.84209281E-30
  0.97745455E+12  0.29913402E-30  0.95434858E-30
  0.10240000E+13  0.52708917E-30  0.21729569E-29
  0.10705455E+13 -0.18053104E-29  0.99049453E-30
  0.11170909E+13 -0.40091768E-30 -0.59821690E-30
  0.11636364E+13  0.13779167E-29  0.78276899E-31
  0.12101818E+13  0.10764626E-29  0.18850220E-29
  0.12567273E+13 -0.15968709E-30  0.22627757E-29
  0.13032727E+13 -0.12426946E-29  0.12478455E-29
  0.13498182E+13 -0.43396461E-30 -0.15571052E-32
  0.13963636E+13  0.60194248E-30  0.68096783E-30
  0.14429091E+13  0.16124201E-30  0.13092769E-29
  0.14894545E+13 -0.29948332E-30  0.86453170E-30
  0.15360000E+13  0.37077275E-30  0.48654403E-30
  0.15825455E+13  0.78637061E-30  0.14382410E-29
  0.16290909E+13 -0.20093055E-30  0.16013614E-29
  0.16756364E+13 -0.20994060E-30  0.11161786E-29
  0.17221818E+13 -0.53481970E-30  0.11391244E-29
  0.17687273E+13 -0.26264375E-30  0.34426235E-30
  0.18152727E+13  0.80749523E-30  0.45293304E-30
  0.18618182E+13  0.36256553E-30  0.19855767E-29
  0.19083636E+13 -0.64982105E-30  0.66657565E-30
  0.19549091E+13  0.22279982E-30  0.28113309E-31
  0.20014545E+13  0.15920012E-29  0.79134543E-30
  0.20480000E+13  0.68061342E-30  0.19720947E-29
  0.20945455E+13  0.14911952E-30  0.18451858E-29
  0.21410909E+13 -0.31931072E-30  0.15082665E-29
  0.21876364E+13 -0.11433351E-30  0.10172189E-29
  0.22341818E+13  0.26571162E-30  0.12092082E-29
  0.22807273E+13 -0.77356857E-31  0.11212357E-29
  0.23272727E+13  0.34600701E-30  0.99318194E-30
  0.23738182E+13  0.64615660E-30  0.15011188E-29
  0.24203636E+13  0.42207226E-31  0.18885861E-29
  0.24669091E+13 -0.42679114E-30  0.14338554E-29
  0.25134545E+13  0.18047394E-30  0.10942301E-29
  0.25600000E+13  0.12715092E-31  0.12586417E-29
  0.26065455E+13 -0.39623273E-31  0.12412256E-29
  0.26530909E+13  0.17742744E-30  0.96243374E-30
  0.26996364E+13  0.52518255E-30  0.15112731E-29
  0.27461818E+13 -0.11485862E-30  0.16267201E-29
  0.27927273E+13  0.37073997E-31  0.11696283E-29
  0.28392727E+13  0.18619307E-30  0.10470558E-29
  0.28858182E+13  0.99868235E-30  0.11794556E-29
  0.29323636E+13  0.10386333E-29  0.23937740E-29
  0.29789091E+13 -0.11159114E-29  0.30388054E-29
  0.30254545E+13 -0.14476234E-29  0.10500520E-29
  0.30720000E+13 -0.33683652E-31  0.77574710E-31
  0.31185455E+13  0.90153564E-30  0.12488391E-29
  0.31650909E+13  0.36758350E-30  0.19248781E-29
  0.32116364E+13 -0.16026304E-30  0.17618932E-29
  0.32581818E+13 -0.24832817E-31  0.13881548E-29
  0.33047273E+13  0.78348614E-31  0.11390472E-29
  0.33512727E+13  0.48021818E-30  0.14298563E-29
  0.33978182E+13  0.89565075E-30  0.21885293E-29
  0.34443636E+13 -0.70930301E-30  0.18435052E-29
  0.34909091E+13  0.24396555E-30  0.10021542E-29
  0.35374545E+13  0.86461221E-30  0.19849797E-29
  0.35840000E+13 -0.11366704E-30  0.26452757E-29
  0.36305455E+13 -0.10989681E-29  0.15482486E-29
  0.36770909E+13  0.48470857E-31  0.65290629E-30
  0.37236364E+13  0.10896604E-29  0.14851055E-29
  0.37701818E+13  0.45015751E-30  0.22350666E-29
  0.38167273E+13  0.32980751E-30  0.22548621E-29
  0.38632727E+13  0.27517205E-30  0.25987575E-29
  0.39098182E+13 -0.74829821E-30  0.25248536E-29
  0.39563636E+13 -0.68019579E-30  0.14958551E-29
  0.40029091E+13  0.32755346E-30  0.11825303E-29
  0.40494545E+13  0.59701073E-30  0.22325760E-29
  0.40960000E+13 -0.24337109E-30  0.25783891E-29
  0.41425455E+13 -0.65413352E-30  0.17038317E-29
  0.41890909E+13  0.64393219E-30  0.14835319E-29
  0.42356364E+13  0.39383772E-30  0.26521636E-29
  0.42821818E+13 -0.29942819E-30  0.26424037E-29
  0.43287273E+13 -0.12538039E-30  0.25726952E-29
  0.43752727E+13 -0.29433767E-30  0.23579915E-29
  0.44218182E+13 -0.12451261E-30  0.25158318E-29
  0.44683636E+13 -0.62245587E-30  0.26408101E-29
  0.45149091E+13 -0.85665786E-30  0.22231644E-29
  0.45614545E+13  0.55407857E-31  0.17869139E-29
  0.46080000E+13 -0.59097503E-31  0.24796380E-29
  0.46545455E+13 -0.24057482E-30  0.24251633E-29
  0.47010909E+13 -0.21212825E-30  0.26834545E-29
  0.47476364E+13  0.12775178E-30  0.29689545E-29
  0.47941818E+13 -0.10488391E-29  0.32576269E-29
  0.48407273E+13 -0.12751454E-29  0.21471412E-29
  0.48872727E+13 -0.26355084E-30  0.21301547E-29
  0.49338182E+13 -0.18641300E-30  0.27157973E-29
  0.49803636E+13 -0.97236403E-30  0.24086416E-29
  0.50269091E+13  0.26874221E-30  0.20612954E-29
  0.50734545E+13  0.29731497E-30  0.32730088E-29
  0.51200000E+13 -0.70039012E-30  0.35996748E-29
  0.51665455E+13 -0.71555328E-30  0.30843790E-29
  0.52130909E+13 -0.54590708E-30  0.37815195E-29
  0.52596364E+13 -0.22172012E-29  0.33969864E-29
  0.53061818E+13 -0.16900036E-29  0.18455642E-29
  0.53527273E+13 -0.69557832E-30  0.20015850E-29
  0.53992727E+13 -0.61908606E-30  0.27566367E-29
  0.54458182E+13 -0.80771423E-30  0.28608655E-29
  0.54923636E+13 -0.74887666E-30  0.22545560E-29
  0.55389091E+13  0.54549471E-30  0.30358996E-29
  0.55854545E+13 -0.12836215E-29  0.41833042E-29
  0.56320000E+13 -0.70121408E-30  0.26050372E-29
  0.56785455E+13 -0.50466968E-31  0.44443106E-29
  0.57250909E+13 -0.18423993E-29  0.33207236E-29
  0.57716364E+13  0.63378764E-30  0.40595027E-29
  0.58181818E+13 -0.19077691E-29  0.51299204E-29
  0.58647273E+13 -0.22189981E-29  0.38646942E-29
  0.59112727E+13 -0.25426302E-29  0.31606383E-29
  0.59578182E+13 -0.11000380E-29  0.35095473E-29
  0.60043636E+13 -0.27948133E-29  0.30919971E-29
  0.60509091E+13 -0.33677363E-30  0.25663800E-29
  0.60974545E+13 -0.10783883E-29  0.48078792E-29
  0.61440000E+13 -0.16882551E-29  0.46515641E-29
  0.61905455E+13 -0.27572219E-29  0.49268872E-29
  0.62370909E+13 -0.26631956E-29  0.38536994E-29
  0.62836364E+13 -0.31084569E-29  0.37926586E-29
  0.63301818E+13 -0.21990042E-29  0.38093815E-29
  0.63767273E+13 -0.34667877E-29  0.41917512E-29
  0.64232727E+13 -0.30430243E-29  0.40442371E-29
  0.64698182E+13 -0.42717552E-29  0.30191912E-29
  0.65163636E+13 -0.20913501E-29  0.26570529E-29
  0.65629091E+13 -0.31063724E-29  0.38189606E-29
  0.66094545E+13 -0.31241484E-29  0.24199963E-29
  0.66560000E+13 -0.14304903E-29  0.35841974E-29
  0.67025455E+13 -0.34496849E-29  0.39551804E-29
  0.67490909E+13 -0.25168494E-29  0.29858992E-29
  0.67956364E+13 -0.23651826E-29  0.40737798E-29
  0.68421818E+13 -0.31810667E-29  0.42082200E-29
  0.68887273E+13 -0.37065113E-29  0.40449884E-29
  0.69352727E+13 -0.24785715E-29  0.36985915E-29
  0.69818182E+13 -0.38278694E-29  0.45355747E-29
  0.70283636E+13 -0.38071402E-29  0.44156370E-29
  0.70749091E+13 -0.40765360E-29  0.40528830E-29
  0.71214545E+13 -0.50147616E-29  0.35406398E-29
  0.71680000E+13 -0.39184845E-29  0.27455436E-29
  0.72145455E+13 -0.30222746E-29  0.40943592E-29
  0.72610909E+13 -0.42638225E-29  0.49963729E-29
  0.73076364E+13 -0.53406810E-29  0.43289531E-29
  0.73541818E+13 -0.48660251E-29  0.40657671E-29
  0.74007273E+13 -0.55574604E-29  0.36245317E-29
  0.74472727E+13 -0.41291350E-29  0.31646303E-29
  0.74938182E+13 -0.54232298E-29  0.53381502E-29
  0.75403636E+13 -0.57964896E-29  0.32362069E-29
  0.75869091E+13 -0.54739836E-29  0.30825489E-29
  0.76334545E+13 -0.44563626E-29  0.32402582E-29
  0.76800000E+13 -0.46834925E-29  0.37736453E-29
  0.77265455E+13 -0.55190579E-29  0.44763611E-29
  0.77730909E+13 -0.58794104E-29  0.55233277E-29
  0.78196364E+13 -0.87542839E-29  0.45153583E-29
  0.78661818E+13 -0.78226416E-29  0.17147709E-29
  0.79127273E+13 -0.63872040E-29  0.43540112E-29
  0.79592727E+13 -0.87168095E-29  0.29329477E-29
  0.80058182E+13 -0.70353784E-29  0.67500883E-31
  0.80523636E+13 -0.67740089E-29  0.10827131E-29
  0.80989091E+13 -0.63400235E-29  0.10630098E-30
  0.81454545E+13 -0.39488604E-29  0.19024027E-29
  0.81920000E+13 -0.68650316E-29  0.29117640E-29
  0.82385455E+13 -0.68004148E-29  0.25161405E-29
  0.82850909E+13 -0.74842915E-29  0.10008705E-29
  0.83316364E+13 -0.76480550E-29  0.24948505E-29
  0.83781818E+13 -0.99123189E-29  0.26789648E-30
  0.84247273E+13 -0.59408558E-29  0.13159891E-29
  0.84712727E+13 -0.84388460E-29  0.22144861E-29
  0.85178182E+13 -0.10245786E-28 -0.28430590E-30
  0.85643636E+13 -0.72534159E-29  0.14872838E-29
  0.86109091E+13 -0.94261082E-29  0.37056103E-29
  0.86574545E+13 -0.11478583E-28 -0.10242476E-29
  0.87040000E+13 -0.88427301E-29 -0.87119930E-30
  0.87505455E+13 -0.81765211E-29 -0.71497661E-30
  0.87970909E+13 -0.79571397E-29  0.32972505E-30
  0.88436364E+13 -0.78223950E-29 -0.38221046E-30
  0.88901818E+13 -0.79869512E-29 -0.27557599E-29
  0.89367273E+13 -0.62025437E-29  0.91370442E-30
  0.89832727E+13 -0.94418071E-29 -0.83197027E-30
  0.90298182E+13 -0.10057583E-28 -0.44450496E-29
  0.90763636E+13 -0.11962091E-29  0.11313031E-29
  0.91229091E+13 -0.93147975E-29 -0.14572223E-29
  0.91694545E+13 -0.58409429E-29  0.37025961E-31
  0.92160000E+13 -0.11228142E-28  0.61781162E-30
  0.92625455E+13 -0.90757156E-29 -0.14633625E-29
  0.93090909E+13 -0.90434366E-29 -0.16835977E-29
  0.93556364E+13 -0.96718332E-29 -0.24585254E-29
  0.94021818E+13 -0.77312202E-29 -0.27246575E-29
  0.94487273E+13 -0.66062164E-29 -0.16808652E-29
  0.94952727E+13 -0.89243274E-29 -0.20538946E-29
  0.95418182E+13 -0.76021792E-29 -0.24825724E-29
  0.95883636E+13 -0.32490632E-29 -0.28754474E-30
  0.96349091E+13 -0.11714205E-28  0.10047446E-29
  0.96814545E+13 -0.12983401E-28 -0.30252679E-29
  0.97280000E+13 -0.88784852E-29 -0.39690710E-29
  0.97745455E+13 -0.97090880E-29 -0.33053419E-29
  0.98210909E+13 -0.10129137E-28 -0.20143690E-29
  0.98676364E+13 -0.11188558E-28 -0.52462384E-29
  0.99141818E+13 -0.83467543E-29 -0.51541350E-29
  0.99607273E+13 -0.10185929E-28 -0.38046380E-29
  0.10007273E+14 -0.90748937E-29 -0.51184364E-29
  0.10053818E+14 -0.86853399E-29 -0.38623210E-29
  0.10100364E+14 -0.12185712E-28 -0.26019408E-29
  0.10146909E+14 -0.13146255E-28 -0.77948221E-29
  0.10193455E+14 -0.84332986E-29 -0.94587286E-29
  0.10240000E+14 -0.76328775E-29 -0.67713305E-29
  0.10286545E+14 -0.81005987E-29 -0.58270617E-29
  0.10333091E+14 -0.90909107E-29 -0.59934781E-29
  0.10379636E+14 -0.93144850E-29 -0.70456138E-29
  0.10426182E+14 -0.92401733E-29 -0.76298511E-29
  0.10472727E+14 -0.90415218E-29 -0.71412522E-29
  0.10519273E+14 -0.98554512E-29 -0.77040487E-29
  0.10565818E+14 -0.94213034E-29 -0.92760024E-29
  0.10612364E+14 -0.77468179E-29 -0.92663311E-29
  0.10658909E+14 -0.78794258E-29 -0.88721786E-29
  0.10705455E+14 -0.80922367E-29 -0.87362829E-29
  0.10752000E+14 -0.78125313E-29 -0.99246061E-29
  0.10798545E+14 -0.60999775E-29 -0.94853424E-29
  0.10845091E+14 -0.87366826E-29 -0.84737824E-29
  0.10891636E+14 -0.89806187E-29 -0.10060051E-28
  0.10938182E+14 -0.64077692E-29 -0.11916908E-28
  0.10984727E+14 -0.63190152E-29 -0.10414152E-28
  0.11031273E+14 -0.58414605E-29 -0.10309180E-28
  0.11077818E+14 -0.69794259E-29 -0.10165405E-28
  0.11124364E+14 -0.83923584E-29 -0.12492611E-28
  0.11170909E+14 -0.68151153E-29 -0.12232525E-28
  0.11217455E+14 -0.48961200E-29 -0.13429170E-28
  0.11264000E+14 -0.49187264E-29 -0.13516203E-28
  0.11310545E+14 -0.12779997E-29 -0.13882722E-28
  0.11357091E+14 -0.12247683E-28 -0.15061041E-28
  0.11403636E+14  0.46341772E-30 -0.14635331E-28
  0.11450182E+14 -0.27160741E-29 -0.16925450E-28
  0.11496727E+14  0.31530867E-29 -0.77474812E-29
  0.11543273E+14 -0.38264608E-29 -0.84848349E-29
  0.11589818E+14 -0.18813539E-30 -0.59690421E-29
  0.11636364E+14 -0.60926496E-29 -0.20862968E-28
  0.11682909E+14  0.30334399E-29 -0.10447534E-28
  0.11729455E+14 -0.74426680E-30 -0.12540911E-28
  0.11776000E+14 -0.69394581E-30 -0.15619772E-28
  0.11822545E+14  0.32250048E-29 -0.14118256E-28
  0.11869091E+14  0.35080116E-29 -0.88310462E-29
  0.11915636E+14  0.23913537E-29 -0.85468003E-29
  0.11962182E+14 -0.21511744E-29 -0.12548680E-28
  0.12008727E+14 -0.23978222E-29 -0.13256130E-28
  0.12055273E+14  0.42227923E-29 -0.12810223E-28
  0.12101818E+14  0.40747447E-29 -0.12328105E-28
  0.12148364E+14  0.56781536E-29 -0.89923444E-29
  0.12194909E+14  0.71372407E-30 -0.83851868E-29
  0.12241455E+14 -0.22196868E-29 -0.10153871E-28
  0.12288000E+14  0.14856414E-29 -0.85219745E-29
  0.12334545E+14  0.21177598E-29 -0.95134379E-29
  0.12381091E+14  0.20949437E-29 -0.11876241E-28
  0.12427636E+14  0.34296776E-29 -0.12798379E-28
  0.12474182E+14  0.45958109E-29 -0.10313840E-28
  0.12520727E+14  0.67132289E-29 -0.10016135E-28
  0.12567273E+14  0.49364272E-29 -0.47665998E-29
  0.12613818E+14 -0.21626471E-30 -0.51923649E-29
  0.12660364E+14 -0.22875191E-29 -0.79498818E-29
  0.12706909E+14  0.22966706E-29 -0.11055089E-28
  0.12753455E+14  0.32997163E-29 -0.10093710E-28
  0.12800000E+14  0.34749195E-29 -0.72547903E-29
  0.12846545E+14  0.18154827E-29 -0.77037405E-29
  0.12893091E+14 -0.98905508E-32 -0.94304139E-29
  0.12939636E+14  0.37260504E-29 -0.10524377E-28
  0.12986182E+14  0.35454012E-29 -0.83869205E-29
  0.13032727E+14  0.24113458E-29 -0.87983297E-29
  0.13079273E+14  0.23612283E-29 -0.94565920E-29
  0.13125818E+14  0.46562419E-29 -0.99474609E-29
  0.13172364E+14  0.28765750E-29 -0.77191913E-29
  0.13218909E+14  0.29321147E-29 -0.96870558E-29
  0.13265455E+14  0.34916313E-29 -0.93907654E-29
  0.13312000E+14  0.41263073E-29 -0.90286978E-29
  0.13358545E+14  0.26621613E-29 -0.87142953E-29
  0.13405091E+14  0.44806784E-29 -0.99658373E-29
  0.13451636E+14  0.45707941E-29 -0.92632162E-29
  0.13498182E+14  0.51606857E-29 -0.75402266E-29
  0.13544727E+14  0.29991606E-29 -0.10023384E-28
  0.13591273E+14  0.56718547E-29 -0.10601002E-28
  0.13637818E+14  0.22039223E-29 -0.90804763E-29
  0.13684364E+14  0.41282309E-29 -0.88449331E-29
  0.13730909E+14  0.63114382E-29 -0.10940117E-28
  0.13777455E+14  0.58065509E-29 -0.82958315E-29
  0.13824000E+14  0.45682987E-29 -0.94670647E-29
  0.13870545E+14  0.64762488E-29 -0.83626142E-29
  0.13917091E+14  0.43867423E-29 -0.96432825E-29
  0.13963636E+14  0.59398903E-29 -0.98645143E-29
  0.14010182E+14  0.60969672E-29 -0.93788755E-29
  0.14056727E+14  0.54946333E-29 -0.95827758E-29
  0.14103273E+14  0.64687691E-29 -0.10768264E-28
  0.14149818E+14  0.59029953E-29 -0.85163412E-29
  0.14196364E+14  0.51412651E-29 -0.11744975E-28
  0.14242909E+14  0.85364947E-29 -0.12100441E-28
  0.14289455E+14  0.83777891E-29 -0.11707364E-28
  0.14336000E+14  0.95611845E-29 -0.96435515E-29
  0.14382545E+14  0.70722275E-29 -0.10487510E-28
  0.14429091E+14  0.10005895E-28 -0.13031711E-28
  0.14475636E+14  0.10232572E-28 -0.10336748E-28
  0.14522182E+14  0.10128195E-28 -0.11752375E-28
  0.14568727E+14  0.11150932E-28 -0.12613658E-28
  0.14615273E+14  0.14964686E-28 -0.13638821E-28
  0.14661818E+14  0.14195456E-28 -0.10631713E-28
  0.14708364E+14  0.14100774E-28 -0.12419551E-28
  0.14754909E+14  0.17617876E-28 -0.12397397E-28
  0.14801455E+14  0.23936348E-28 -0.11417157E-28
  0.14848000E+14  0.23284368E-28 -0.77369768E-29
  0.14894545E+14  0.22649509E-28 -0.31843910E-29
  0.14941091E+14  0.21838266E-28 -0.27772122E-29
  0.14987636E+14  0.23954639E-28  0.91986689E-31
  0.15034182E+14  0.22104927E-28  0.24372036E-29
  0.15080727E+14  0.26060923E-28  0.56337866E-29
  0.15127273E+14  0.17489755E-28  0.94546777E-29
  0.15173818E+14  0.17044648E-28  0.71286041E-29
  0.15220364E+14  0.15953338E-28  0.80406693E-29
  0.15266909E+14  0.11991963E-28  0.77363322E-29
  0.15313455E+14  0.13389125E-28  0.69423917E-29
  0.15360000E+14  0.12338908E-28  0.76348178E-29
  0.15406545E+14  0.11561299E-28  0.80323700E-29
  0.15453091E+14  0.10770297E-28  0.86498288E-29
  0.15499636E+14  0.11362094E-28  0.72864959E-29
  0.15546182E+14  0.11010376E-28  0.90890177E-29
  0.15592727E+14  0.79074811E-29  0.10301267E-28
  0.15639273E+14  0.80325387E-29  0.92461928E-29
  0.15685818E+14  0.70227740E-29  0.78035952E-29
  0.15732364E+14  0.89890999E-29  0.78040894E-29
  0.15778909E+14  0.74806607E-29  0.10369003E-28
  0.15825455E+14  0.40981825E-29  0.89780912E-29
  0.15872000E+14  0.46261355E-29  0.82201371E-29
  0.15918545E+14  0.56689556E-29  0.80239668E-29
  0.15965091E+14  0.46252247E-29  0.85716643E-29
  0.16011636E+14  0.30611560E-29  0.79595088E-29
  0.16058182E+14  0.25659657E-29  0.81832999E-29
  0.16104727E+14  0.22474036E-29  0.76627547E-29
  0.16151273E+14  0.24662276E-29  0.72289965E-29
  0.16197818E+14  0.21202064E-29  0.71312539E-29
  0.16244364E+14  0.83640024E-31  0.59551107E-29
  0.16290909E+14  0.82733095E-30  0.58155515E-29
  0.16337455E+14  0.17155172E-29  0.46438521E-29
  0.16384000E+14  0.80873568E-30  0.48133736E-29
  0.16430545E+14  0.95384410E-30  0.56757772E-29
  0.16477091E+14  0.10594723E-29  0.41133531E-29
  0.16523636E+14  0.75789523E-30  0.44412742E-29
  0.16570182E+14  0.36863853E-30  0.47425298E-29
  0.16616727E+14  0.11464025E-29  0.41522566E-29
  0.16663273E+14 -0.50671570E-30  0.31803304E-29
  0.16709818E+14  0.10392208E-29  0.37567494E-29
  0.16756364E+14  0.72419968E-30  0.35807259E-29
  0.16802909E+14  0.39569958E-30  0.32428869E-29
  0.16849455E+14 -0.33546837E-30  0.37212797E-29
  0.16896000E+14  0.75831397E-32  0.29577298E-29
  0.16942545E+14  0.51328798E-30  0.28735356E-29
  0.16989091E+14  0.48444204E-30  0.23415986E-29
  0.17035636E+14 -0.12190400E-30  0.27406818E-29
  0.17082182E+14 -0.92758754E-31  0.24067760E-29
  0.17128727E+14 -0.78278779E-30  0.22891018E-29
  0.17175273E+14 -0.30154834E-31  0.22303483E-29
  0.17221818E+14  0.66535561E-30  0.18207028E-29
  0.17268364E+14  0.74846903E-30  0.22013390E-29
  0.17314909E+14  0.45229559E-31  0.18306732E-29
  0.17361455E+14  0.51357876E-31  0.17767503E-29
  0.17408000E+14  0.00000000E+00  0.16846021E-29
  0.17454545E+14  0.00000000E+00  0.15708540E-29
  0.17501091E+14  0.00000000E+00  0.14676729E-29
  0.17547636E+14  0.00000000E+00  0.13702502E-29
  0.17594182E+14  0.00000000E+00  0.12767600E-29
  0.17640727E+14  0.00000000E+00  0.11861480E-29
  0.17687273E+14  0.00000000E+00  0.10976649E-29
  0.17733818E+14  0.00000000E+00  0.10106957E-29
  0.17780364E+14  0.00000000E+00  0.92467464E-30
  0.17826909E+14  0.00000000E+00  0.83902730E-30
  0.17873455E+14  0.00000000E+00  0.75311604E-30
  0.17920000E+14  0.00000000E+00  0.66616961E-30
  0.17966545E+14  0.00000000E+00  0.57717280E-30
  0.18013091E+14  0.00000000E+00  0.48466714E-30
  0.18059636E+14  0.00000000E+00  0.38634975E-30
  0.18106182E+14  0.00000000E+00  0.27816722E-30
  0.18152727E+14  0.00000000E+00  0.15195766E-30
  0.18199273E+14  0.00000000E+00 -0.12009470E-31
  0.18245818E+14  0.00000000E+00 -0.27699857E-30
  0.18292364E+14  0.00000000E+00 -0.99487550E-30
  0.18338909E+14  0.79745369E-29  0.19697004E-29
  0.18385455E+14 -0.46949208E-29 -0.31186156E-30
  0.18432000E+14 -0.61636369E-30 -0.61527959E-30
  0.18478545E+14  0.71545403E-30  0.15282513E-29
  0.18525091E+14 -0.15127234E-29 -0.18648651E-29
  0.18571636E+14  0.64945350E-30  0.57541023E-30
  0.18618182E+14  0.70786034E-30 -0.67996855E-30
  0.18664727E+14  0.18904364E-30 -0.21063186E-29
  0.18711273E+14  0.11259669E-29 -0.68777601E-30
  0.18757818E+14  0.70867773E-30 -0.98213218E-30
  0.18804364E+14  0.22361582E-29 -0.51479854E-30
  0.18850909E+14 -0.58629556E-31  0.16855719E-30
  0.18897455E+14  0.15283156E-30 -0.12903928E-29
  0.18944000E+14  0.17817985E-29 -0.12757583E-29
  0.18990545E+14 -0.38004080E-30 -0.43757312E-30
  0.19037091E+14  0.30897047E-30 -0.75626059E-30
  0.19083636E+14  0.90654912E-30 -0.19027721E-29
  0.19130182E+14  0.14894091E-29 -0.18632998E-29
  0.19176727E+14  0.12135745E-29 -0.69904626E-30
  0.19223273E+14  0.13435790E-29 -0.14118680E-29
  0.19269818E+14  0.24963576E-29 -0.18252016E-29
  0.19316364E+14  0.98424936E-30 -0.72533282E-30
  0.19362909E+14  0.12664336E-29 -0.17899369E-29
  0.19409455E+14  0.21826038E-29 -0.83782416E-30
  0.19456000E+14  0.18589564E-29 -0.10736223E-29
  0.19502545E+14  0.15714391E-29 -0.27968994E-30
  0.19549091E+14  0.62984064E-30 -0.15457375E-29
  0.19595636E+14  0.18963152E-29 -0.15448603E-29
  0.19642182E+14  0.21208141E-29 -0.15792269E-29
  0.19688727E+14  0.25713314E-29 -0.95537622E-30
  0.19735273E+14  0.10050309E-29 -0.14577750E-29
  0.19781818E+14  0.26079629E-29 -0.15316440E-29
  0.19828364E+14  0.19494392E-29 -0.15537729E-29
  0.19874909E+14  0.30254962E-29 -0.17848675E-29
  0.19921455E+14  0.21743025E-29 -0.14568975E-29
  0.19968000E+14  0.22969103E-29 -0.12644008E-29
  0.20014545E+14  0.28112723E-29 -0.22396173E-29
  0.20061091E+14  0.31714327E-29 -0.10412820E-29
  0.20107636E+14  0.23385412E-29 -0.25596348E-29
  0.20154182E+14  0.42595487E-29 -0.18571831E-29
  0.20200727E+14  0.44169521E-29 -0.31355923E-30
  0.20247273E+14  0.22621566E-29 -0.15865995E-29
  0.20293818E+14  0.30969695E-29 -0.13951551E-29
  0.20340364E+14  0.38660770E-29 -0.14739621E-29
  0.20386909E+14  0.38807971E-29 -0.11920595E-29
  0.20433455E+14  0.45070211E-29 -0.11725299E-29
  0.20480000E+14  0.50865555E-29 -0.63275229E-30
  0.20526545E+14  0.44827223E-29  0.15187941E-29
  0.20573091E+14  0.32650767E-29 -0.57827909E-31
  0.20619636E+14  0.45513170E-29 -0.33401873E-32
  0.20666182E+14  0.34490083E-29  0.34947693E-30
  0.20712727E+14  0.34591208E-29 -0.21994000E-30
  0.20759273E+14  0.40122640E-29 -0.13732087E-29
  0.20805818E+14  0.57348210E-29 -0.57247480E-30
  0.20852364E+14  0.53384935E-29  0.23478559E-29
  0.20898909E+14  0.35006161E-29  0.19074050E-29
  0.20945455E+14  0.29411783E-29  0.43599219E-30
  0.20992000E+14  0.48660558E-29  0.64451406E-30
  0.21038545E+14  0.38644598E-29  0.12838406E-29
  0.21085091E+14  0.41848300E-29  0.80578210E-30
  0.21131636E+14  0.44001477E-29  0.11124583E-29
  0.21178182E+14  0.42490266E-29  0.13140769E-29
  0.21224727E+14  0.33749372E-29  0.81813138E-30
  0.21271273E+14  0.49488908E-29  0.19400440E-29
  0.21317818E+14  0.32345270E-29  0.24062593E-29
  0.21364364E+14  0.34820378E-29  0.92610027E-30
  0.21410909E+14  0.43308393E-29  0.12474866E-29
  0.21457455E+14  0.40421612E-29  0.21467433E-29
  0.21504000E+14  0.35819103E-29  0.19848094E-29
  0.21550545E+14  0.38352117E-29  0.20767571E-29
  0.21597091E+14  0.38352217E-29  0.25445857E-29
  0.21643636E+14  0.33179137E-29  0.27028886E-29
  0.21690182E+14  0.25404376E-29  0.18401149E-29
  0.21736727E+14  0.35276759E-29  0.77514178E-30
  0.21783273E+14  0.37293341E-29  0.21393824E-29
  0.21829818E+14  0.38007187E-29  0.25778876E-29
  0.21876364E+14  0.29322122E-29  0.22395731E-29
  0.21922909E+14  0.37551995E-29  0.15821130E-29
  0.21969455E+14  0.39445447E-29  0.24530886E-29
  0.22016000E+14  0.33773538E-29  0.23299322E-29
  0.22062545E+14  0.33536503E-29  0.25626910E-29
  0.22109091E+14  0.39313199E-29  0.23180616E-29
  0.22155636E+14  0.46825248E-29  0.30761988E-29
  0.22202182E+14  0.28467671E-29  0.41526761E-29
  0.22248727E+14  0.25672311E-29  0.23439551E-29
  0.22295273E+14  0.33271212E-29  0.24717590E-29
  0.22341818E+14  0.35529562E-29  0.35145008E-29
  0.22388364E+14  0.25340264E-29  0.29529491E-29
  0.22434909E+14  0.33024781E-29  0.37836886E-29
  0.22481455E+14  0.20281583E-29  0.26741855E-29
  0.22528000E+14  0.40996422E-29  0.30402013E-29
  0.22574545E+14  0.25296969E-29  0.44106940E-29
  0.22621091E+14  0.21187902E-29  0.33670055E-29
  0.22667636E+14  0.24671215E-29  0.23726387E-29
  0.22714182E+14  0.37402359E-29  0.25069970E-29
  0.22760727E+14  0.38415978E-29  0.34809678E-29
  0.22807273E+14  0.35793260E-29  0.43505549E-29
  0.22853818E+14  0.20755591E-29  0.52317792E-29
  0.22900364E+14  0.14774069E-29  0.37129860E-29
  0.22946909E+14  0.23470960E-29  0.30441457E-29
  0.22993455E+14  0.22132216E-29  0.36088830E-29
  0.23040000E+14  0.28491250E-29  0.41970672E-29
  0.23086545E+14  0.23824169E-29  0.41571254E-29
  0.23133091E+14  0.17802358E-29  0.38748169E-29
  0.23179636E+14  0.26609140E-29  0.39570555E-29
  0.23226182E+14  0.32191985E-29  0.53173241E-29
  0.23272727E+14  0.67715567E-30  0.47768189E-29
  0.23319273E+14  0.13261791E-29  0.38058948E-29
  0.23365818E+14  0.29961827E-29  0.45704210E-29
  0.23412364E+14  0.18489638E-29  0.54307619E-29
  0.23458909E+14  0.13339252E-29  0.49842529E-29
  0.23505455E+14  0.18714366E-29  0.49594292E-29
  0.23552000E+14  0.16041253E-29  0.57024841E-29
  0.23598545E+14 -0.32660787E-30  0.64101471E-29
  0.23645091E+14 -0.59809697E-30  0.55484667E-29
  0.23691636E+14 -0.55874177E-30  0.50536419E-29
  0.23738182E+14  0.59600767E-31  0.41191274E-29
  0.23784727E+14  0.94049247E-30  0.53449692E-29
  0.23831273E+14  0.49691087E-30  0.57509199E-29
  0.23877818E+14 -0.18194702E-29  0.60990212E-29
  0.23924364E+14 -0.78094061E-30  0.42904299E-29
  0.23970909E+14 -0.34571672E-30  0.49605634E-29
  0.24017455E+14 -0.15961207E-29  0.57806003E-29
  0.24064000E+14 -0.16868710E-29  0.45376826E-29
  0.24110545E+14 -0.11137893E-29  0.46924533E-29
  0.24157091E+14 -0.15348850E-29  0.52920371E-29
  0.24203636E+14 -0.23610411E-29  0.53385041E-29
  0.24250182E+14 -0.34470330E-29  0.36387147E-29
  0.24296727E+14 -0.15839921E-29  0.30310878E-29
  0.24343273E+14 -0.14519834E-29  0.41725579E-29
  0.24389818E+14 -0.30977336E-29  0.44451173E-29
  0.24436364E+14 -0.24124418E-29  0.27440993E-29
  0.24482909E+14 -0.12968660E-29  0.34799447E-29
  0.24529455E+14 -0.23754326E-29  0.48314719E-29
  0.24576000E+14 -0.37731961E-29  0.37848234E-29
  0.24622545E+14 -0.25648243E-29  0.27573552E-29
  0.24669091E+14 -0.32653172E-29  0.36528681E-29
  0.24715636E+14 -0.36201189E-29  0.35845696E-29
  0.24762182E+14 -0.49138709E-29  0.19329000E-29
  0.24808727E+14 -0.14749381E-29  0.19051108E-30
  0.24855273E+14 -0.14293224E-29  0.33089474E-29
  0.24901818E+14 -0.35105318E-29  0.34974273E-29
  0.24948364E+14 -0.33256013E-29  0.26083614E-29
  0.24994909E+14 -0.44130032E-29  0.22862807E-29
  0.25041455E+14 -0.45156379E-29  0.56020995E-30
  0.25088000E+14 -0.21987809E-29 -0.39231568E-30
  0.25134545E+14 -0.12714585E-29  0.10140140E-29
  0.25181091E+14 -0.25426068E-29  0.29516902E-29
  0.25227636E+14 -0.36476317E-29  0.16488165E-29
  0.25274182E+14 -0.37180281E-29  0.51400023E-30
  0.25320727E+14 -0.22575673E-29  0.11232409E-29
  0.25367273E+14 -0.38658704E-29  0.19181442E-29
  0.25413818E+14 -0.34150688E-29  0.18540177E-30
  0.25460364E+14 -0.38811314E-29 -0.47876377E-30
  0.25506909E+14 -0.27674178E-29 -0.38473729E-30
  0.25553455E+14 -0.23583140E-29  0.24976878E-30
  0.25600000E+14 -0.32991221E-29  0.15004473E-30
  0.25646545E+14 -0.33552768E-29 -0.53270881E-30
  0.25693091E+14 -0.30685769E-29 -0.64487308E-30
  0.25739636E+14 -0.46007966E-29 -0.13262649E-29
  0.25786182E+14 -0.47093982E-30 -0.85948325E-30
  0.25832727E+14 -0.38066759E-29 -0.17753705E-29
  0.25879273E+14 -0.78363180E-30 -0.12775188E-29
  0.25925818E+14 -0.12497233E-29 -0.26156802E-29
  0.25972364E+14 -0.25252244E-29 -0.76959432E-30
  0.26018909E+14 -0.10572190E-29 -0.19085175E-29
  0.26065455E+14 -0.29337457E-29 -0.28655507E-29
  0.26112000E+14 -0.92874944E-32 -0.25646985E-29
  0.26158545E+14 -0.98067453E-30 -0.32279668E-29
  0.26205091E+14  0.66881407E-30 -0.27946740E-29
  0.26251636E+14  0.14269670E-29 -0.17779808E-29
  0.26298182E+14 -0.24339434E-29 -0.33552677E-29
  0.26344727E+14  0.26105248E-29 -0.18932599E-29
  0.26391273E+14  0.49788413E-29 -0.79306797E-30
  0.26437818E+14  0.15888503E-29  0.90846123E-31
  0.26484364E+14  0.18592207E-29  0.27948739E-29
  0.26530909E+14  0.43498511E-29  0.11785148E-29
  0.26577455E+14  0.12651743E-30  0.31756204E-29
  0.26624000E+14 -0.16558869E-30  0.14685394E-29
  0.26670545E+14 -0.23026261E-30  0.24923731E-30
  0.26717091E+14 -0.13656117E-30  0.59456610E-30
  0.26763636E+14 -0.47668014E-31  0.57817462E-30
  0.26810182E+14  0.32931801E-31  0.65026640E-30
  0.26856727E+14 -0.61050817E-31  0.71886884E-30
  0.26903273E+14 -0.10758730E-30  0.70876478E-30
  0.26949818E+14 -0.20898024E-30  0.69865196E-30
  0.26996364E+14 -0.27313041E-30  0.50596799E-30
  0.27042909E+14 -0.80007833E-31  0.46505502E-30
  0.27089455E+14 -0.15827934E-31  0.55567526E-30
  0.27136000E+14 -0.42938368E-31  0.68230208E-30
  0.27182545E+14 -0.14895090E-30  0.69917059E-30
  0.27229091E+14 -0.23042919E-30  0.74014641E-30
  0.27275636E+14 -0.48641143E-30  0.56943436E-30
  0.27322182E+14 -0.24708753E-30  0.32570460E-30
  0.27368727E+14 -0.56882013E-31  0.38506555E-30
  0.27415273E+14  0.84802580E-32  0.53399531E-30
  0.27461818E+14 -0.86740160E-31  0.65243317E-30
  0.27508364E+14 -0.17099387E-30  0.68098615E-30
  0.27554909E+14 -0.24818625E-30  0.61655018E-30
  0.27601455E+14 -0.23267421E-30  0.57999051E-30
  0.27648000E+14 -0.26021720E-30  0.55925332E-30
  0.27694545E+14 -0.26546217E-30  0.57474421E-30
  0.27741091E+14 -0.35134931E-30  0.55274731E-30
  0.27787636E+14 -0.41525888E-30  0.35133261E-30
  0.27834182E+14 -0.16628845E-30  0.21713138E-30
  0.27880727E+14  0.47073584E-31  0.38870545E-30
  0.27927273E+14 -0.58870084E-32  0.54892368E-30
  0.27973818E+14 -0.77810201E-31  0.61992543E-30
  0.28020364E+14 -0.18582558E-30  0.64329002E-30
  0.28066909E+14 -0.22298872E-30  0.55972533E-30
  0.28113455E+14 -0.15348614E-30  0.57203415E-30
  0.28160000E+14 -0.23255953E-30  0.65866933E-30
  0.28206545E+14 -0.33454740E-30  0.61440219E-30
  0.28253091E+14 -0.44816073E-30  0.45871015E-30
  0.28299636E+14 -0.30293034E-30  0.22637481E-30
  0.28346182E+14 -0.10586678E-31  0.23802459E-30
  0.28392727E+14  0.17124665E-30  0.45963467E-30
  0.28439273E+14  0.32606998E-31  0.76819858E-30
  0.28485818E+14 -0.26751186E-30  0.70396861E-30
  0.28532364E+14 -0.19553264E-30  0.69219949E-30
  0.28578909E+14 -0.35104784E-30  0.70128860E-30
  0.28625455E+14 -0.37407035E-30  0.47081610E-30
  0.28672000E+14 -0.34931348E-30  0.42065192E-30
  0.28718545E+14 -0.12819840E-30  0.30453435E-30
  0.28765091E+14  0.20066854E-31  0.48907594E-30
  0.28811636E+14 -0.16942721E-31  0.69114530E-30
  0.28858182E+14 -0.14812541E-30  0.83456672E-30
  0.28904727E+14 -0.43518953E-30  0.77279282E-30
  0.28951273E+14 -0.46086815E-30  0.60443489E-30
  0.28997818E+14 -0.51556872E-30  0.48233044E-30
  0.29044364E+14 -0.41775647E-30  0.34387883E-30
  0.29090909E+14 -0.15586792E-30  0.30685296E-30
  0.29137455E+14 -0.15682845E-30  0.58138478E-30
  0.29184000E+14 -0.40750486E-30  0.57803968E-30
  0.29230545E+14 -0.35983412E-30  0.35524459E-30
  0.29277091E+14 -0.16471976E-30  0.34278672E-30
  0.29323636E+14 -0.12779704E-30  0.55007590E-30
  0.29370182E+14 -0.33631478E-30  0.39377311E-30
  0.29416727E+14  0.20805233E-31  0.36463706E-30
  0.29463273E+14 -0.74007983E-31  0.83129328E-30
  0.29509818E+14 -0.58700764E-30  0.63426716E-30
  0.29556364E+14 -0.19793251E-30  0.24927068E-30
  0.29602909E+14  0.10633849E-30  0.74350024E-30
  0.29649455E+14 -0.45343538E-30  0.93274026E-30
  0.29696000E+14 -0.46611854E-30  0.71309137E-30
  0.29742545E+14 -0.66358149E-30  0.68268508E-30
  0.29789091E+14 -0.61748037E-30  0.24560333E-30
  0.29835636E+14 -0.22645499E-30  0.33783148E-30
  0.29882182E+14 -0.31758266E-30  0.40053191E-30
  0.29928727E+14 -0.10926923E-30  0.60421094E-30
  0.29975273E+14 -0.54042298E-30  0.70431098E-30
  0.30021818E+14 -0.30933344E-30  0.68056091E-30
  0.30068364E+14 -0.60431650E-30  0.61401525E-30
  0.30114909E+14 -0.71199174E-30  0.58203245E-30
  0.30161455E+14 -0.43456396E-30  0.43893060E-30
  0.30208000E+14 -0.57586018E-30  0.35873219E-30
  0.30254545E+14 -0.62758768E-30  0.47536182E-30
  0.30301091E+14 -0.74866638E-30  0.16653704E-30
  0.30347636E+14 -0.21027694E-30  0.60817863E-30
  0.30394182E+14 -0.10054691E-29  0.41541845E-30
  0.30440727E+14 -0.66413602E-30  0.31388848E-30
  0.30487273E+14 -0.86820250E-31  0.36457917E-30
  0.30533818E+14 -0.41593734E-30  0.74837707E-30
  0.30580364E+14 -0.10140859E-29  0.11504327E-30
  0.30626909E+14 -0.50358249E-30  0.21830689E-30
  0.30673455E+14 -0.86222929E-30  0.30508810E-30
  0.30720000E+14 -0.60953501E-30  0.33848970E-30
  0.30766545E+14 -0.57375025E-30  0.22811099E-30
  0.30813091E+14 -0.57099428E-30  0.86107669E-31
  0.30859636E+14 -0.43258093E-30  0.27044249E-31
  0.30906182E+14 -0.22456542E-30  0.30053131E-30
  0.30952727E+14 -0.91447724E-30  0.35763175E-30
  0.30999273E+14 -0.56310312E-30 -0.56373073E-31
  0.31045818E+14 -0.31551871E-30  0.15920668E-30
  0.31092364E+14 -0.66229355E-30  0.27157466E-30
  0.31138909E+14 -0.55344241E-30  0.67269916E-31
  0.31185455E+14 -0.76289959E-30  0.48403384E-31
  0.31232000E+14 -0.54670511E-30 -0.26155684E-31
  0.31278545E+14 -0.63011071E-30 -0.94615789E-31
  0.31325091E+14 -0.34692591E-30 -0.86511891E-31
  0.31371636E+14 -0.60521903E-30  0.16384331E-30
  0.31418182E+14 -0.55801750E-30 -0.22640441E-30
  0.31464727E+14 -0.52673033E-30  0.30537978E-31
  0.31511273E+14 -0.71543804E-30 -0.33114820E-30
  0.31557818E+14 -0.32658001E-30 -0.28538080E-30
  0.31604364E+14 -0.29851982E-30 -0.10904020E-30
  0.31650909E+14 -0.28221385E-30 -0.35522556E-30
  0.31697455E+14 -0.11000923E-30 -0.86118192E-31
  0.31744000E+14 -0.25384123E-30 -0.44785603E-31
  0.31790545E+14 -0.23479577E-30  0.19431687E-30
  0.31837091E+14 -0.68168532E-30 -0.14092142E-31
  0.31883636E+14 -0.45129547E-30 -0.40251180E-30
  0.31930182E+14 -0.22924024E-30 -0.22276605E-30
  0.31976727E+14 -0.49252251E-30 -0.30246076E-30
  0.32023273E+14  0.00000000E+00 -0.41918298E-30
  0.32069818E+14  0.00000000E+00 -0.26638429E-30
  0.32116364E+14  0.00000000E+00 -0.20078474E-30
  0.32162909E+14  0.00000000E+00 -0.15883333E-30
  0.32209455E+14  0.00000000E+00 -0.12811182E-30
  0.32256000E+14  0.00000000E+00 -0.10398119E-30
  0.32302545E+14  0.00000000E+00 -0.84197121E-31
  0.32349091E+14  0.00000000E+00 -0.67501023E-31
  0.32395636E+14  0.00000000E+00 -0.53115235E-31
  0.32442182E+14  0.00000000E+00 -0.40524921E-31
  0.32488727E+14  0.00000000E+00 -0.29371153E-31
  0.32535273E+14  0.00000000E+00 -0.19393416E-31
  0.32581818E+14  0.00000000E+00 -0.10396437E-31
  0.32628364E+14  0.00000000E+00 -0.22299395E-32
  0.32674909E+14  0.00000000E+00  0.52242931E-32
  0.32721455E+14  0.00000000E+00  0.12060994E-31
  0.32768000E+14  0.00000000E+00  0.18357294E-31
  0.32814545E+14  0.00000000E+00  0.24176854E-31
  0.32861091E+14  0.00000000E+00  0.29572855E-31
  0.32907636E+14  0.00000000E+00  0.34590190E-31
  0.32954182E+14  0.00000000E+00  0.39267110E-31
  0.33000727E+14  0.00000000E+00  0.43636484E-31
  0.33047273E+14  0.00000000E+00  0.47726760E-31
  0.33093818E+14  0.00000000E+00  0.51562732E-31
  0.33140364E+14  0.00000000E+00  0.55166142E-31
  0.33186909E+14  0.00000000E+00  0.58556157E-31
  0.33233455E+14  0.00000000E+00  0.61749763E-31
  0.33280000E+14  0.00000000E+00  0.64762085E-31
  0.33326545E+14  0.00000000E+00  0.67606647E-31
  0.33373091E+14  0.00000000E+00  0.70295588E-31
  0.33419636E+14  0.00000000E+00  0.72839847E-31
  0.33466182E+14  0.00000000E+00  0.75249315E-31
  0.33512727E+14  0.00000000E+00  0.77532960E-31
  0.33559273E+14  0.00000000E+00  0.79698944E-31
  0.33605818E+14  0.00000000E+00  0.81754710E-31
  0.33652364E+14  0.00000000E+00  0.83707066E-31
  0.33698909E+14  0.00000000E+00  0.85562255E-31
  0.33745455E+14  0.00000000E+00  0.87326011E-31
  0.33792000E+14  0.00000000E+00  0.89003619E-31
  0.33838545E+14  0.00000000E+00  0.90599953E-31
  0.33885091E+14  0.00000000E+00  0.92119522E-31
  0.33931636E+14  0.00000000E+00  0.93566501E-31
  0.33978182E+14  0.00000000E+00  0.94944767E-31
  0.34024727E+14  0.00000000E+00  0.96257922E-31
  0.34071273E+14  0.00000000E+00  0.97509318E-31
  0.34117818E+14  0.00000000E+00  0.98702085E-31
  0.34164364E+14  0.00000000E+00  0.99839141E-31
  0.34210909E+14  0.00000000E+00  0.10092322E-30
  0.34257455E+14  0.00000000E+00  0.10195687E-30
  0.34304000E+14  0.00000000E+00  0.10294249E-30
  0.34350545E+14  0.00000000E+00  0.10388234E-30
  0.34397091E+14  0.00000000E+00  0.10477852E-30
  0.34443636E+14  0.00000000E+00  0.10563302E-30
  0.34490182E+14  0.00000000E+00  0.10644772E-30
  0.34536727E+14  0.00000000E+00  0.10722438E-30
  0.34583273E+14  0.00000000E+00  0.10796466E-30
  0.34629818E+14  0.00000000E+00  0.10867014E-30
  0.34676364E+14  0.00000000E+00  0.10934230E-30
  0.34722909E+14  0.00000000E+00  0.10998255E-30
  0.34769455E+14  0.00000000E+00  0.11059222E-30
  0.34816000E+14  0.00000000E+00  0.11117258E-30
  0.34862545E+14  0.00000000E+00  0.11172482E-30
  0.34909091E+14  0.00000000E+00  0.11225007E-30
  0.34955636E+14  0.00000000E+00  0.11274942E-30
  0.35002182E+14  0.00000000E+00  0.11322389E-30
  0.35048727E+14  0.00000000E+00  0.11367446E-30
  0.35095273E+14  0.00000000E+00  0.11410205E-30
  0.35141818E+14  0.00000000E+00  0.11450755E-30
  0.35188364E+14  0.00000000E+00  0.11489181E-30
  0.35234909E+14  0.00000000E+00  0.11525562E-30
  0.35281455E+14  0.00000000E+00  0.11559976E-30
  0.35328000E+14  0.00000000E+00  0.11592495E-30
  0.35374545E+14  0.00000000E+00  0.11623189E-30
  0.35421091E+14  0.00000000E+00  0.11652126E-30
  0.35467636E+14  0.00000000E+00  0.11679369E-30
  0.35514182E+14  0.00000000E+00  0.11704979E-30
  0.35560727E+14  0.00000000E+00  0.11729015E-30
  0.35607273E+14  0.00000000E+00  0.11751533E-30
  0.35653818E+14  0.00000000E+00  0.11772586E-30
  0.35700364E+14  0.00000000E+00  0.11792226E-30
  0.35746909E+14  0.00000000E+00  0.11810503E-30
  0.35793455E+14  0.00000000E+00  0.11827463E-30
  0.35840000E+14  0.00000000E+00  0.11843152E-30
  0.35886545E+14  0.00000000E+00  0.11857613E-30
  0.35933091E+14  0.00000000E+00  0.11870889E-30
  0.35979636E+14  0.00000000E+00  0.11883019E-30
  0.36026182E+14  0.00000000E+00  0.11894042E-30
  0.36072727E+14  0.00000000E+00  0.11903996E-30
  0.36119273E+14  0.00000000E+00  0.11912917E-30
  0.36165818E+14  0.00000000E+00  0.11920837E-30
  0.36212364E+14  0.00000000E+00  0.11927792E-30
  0.36258909E+14  0.00000000E+00  0.11933811E-30
  0.36305455E+14  0.00000000E+00  0.11938928E-30
  0.36352000E+14  0.00000000E+00  0.11943169E-30
  0.36398545E+14  0.00000000E+00  0.11946566E-30
  0.36445091E+14  0.00000000E+00  0.11949144E-30
  0.36491636E+14  0.00000000E+00  0.11950930E-30
  0.36538182E+14  0.00000000E+00  0.11951950E-30
  0.36584727E+14  0.00000000E+00  0.11952228E-30
  0.36631273E+14  0.00000000E+00  0.11951789E-30
  0.36677818E+14  0.00000000E+00  0.11950655E-30
  0.36724364E+14  0.00000000E+00  0.11948848E-30
  0.36770909E+14  0.00000000E+00  0.11946390E-30
  0.36817455E+14  0.00000000E+00  0.11943301E-30
  0.36864000E+14  0.00000000E+00  0.11939602E-30
  0.36910545E+14  0.00000000E+00  0.11935311E-30
  0.36957091E+14  0.00000000E+00  0.11930448E-30
  0.37003636E+14  0.00000000E+00  0.11925031E-30
  0.37050182E+14  0.00000000E+00  0.11919076E-30
  0.37096727E+14  0.00000000E+00  0.11912601E-30
  0.37143273E+14  0.00000000E+00  0.11905622E-30
  0.37189818E+14  0.00000000E+00  0.11898155E-30
  0.37236364E+14  0.00000000E+00  0.11890215E-30
  0.37282909E+14  0.00000000E+00  0.11881818E-30
  0.37329455E+14  0.00000000E+00  0.11872977E-30
  0.37376000E+14  0.00000000E+00  0.11863706E-30
  0.37422545E+14  0.00000000E+00  0.11854019E-30
  0.37469091E+14  0.00000000E+00  0.11843928E-30
  0.37515636E+14  0.00000000E+00  0.11833447E-30
  0.37562182E+14  0.00000000E+00  0.11822588E-30
  0.37608727E+14  0.00000000E+00  0.11811362E-30
  0.37655273E+14  0.00000000E+00  0.11799781E-30
  0.37701818E+14  0.00000000E+00  0.11787857E-30
  0.37748364E+14  0.00000000E+00  0.11775599E-30
  0.37794909E+14  0.00000000E+00  0.11763019E-30
  0.37841455E+14  0.00000000E+00  0.11750127E-30
  0.37888000E+14  0.00000000E+00  0.11736932E-30
  0.37934545E+14  0.00000000E+00  0.11723444E-30
  0.37981091E+14  0.00000000E+00  0.11709672E-30
  0.38027636E+14  0.00000000E+00  0.11695626E-30
  0.38074182E+14  0.00000000E+00  0.11681315E-30
  0.38120727E+14  0.00000000E+00  0.11666746E-30
  0.38167273E+14  0.00000000E+00  0.11651928E-30
  0.38213818E+14  0.00000000E+00  0.11636868E-30
  0.38260364E+14  0.00000000E+00  0.11621576E-30
  0.38306909E+14  0.00000000E+00  0.11606058E-30
  0.38353455E+14  0.00000000E+00  0.11590322E-30
  0.38400000E+14  0.00000000E+00  0.11574374E-30
  0.38446545E+14  0.00000000E+00  0.11558223E-30
  0.38493091E+14  0.00000000E+00  0.11541873E-30
  0.38539636E+14  0.00000000E+00  0.11525333E-30
  0.38586182E+14  0.00000000E+00  0.11508608E-30
  0.38632727E+14  0.00000000E+00  0.11491705E-30
  0.38679273E+14  0.00000000E+00  0.11474630E-30
  0.38725818E+14  0.00000000E+00  0.11457388E-30
  0.38772364E+14  0.00000000E+00  0.11439985E-30
  0.38818909E+14  0.00000000E+00  0.11422427E-30
  0.38865455E+14  0.00000000E+00  0.11404719E-30
  0.38912000E+14  0.00000000E+00  0.11386866E-30
  0.38958545E+14  0.00000000E+00  0.11368874E-30
  0.39005091E+14  0.00000000E+00  0.11350747E-30
  0.39051636E+14  0.00000000E+00  0.11332490E-30
  0.39098182E+14  0.00000000E+00  0.11314109E-30
  0.39144727E+14  0.00000000E+00  0.11295606E-30
  0.39191273E+14  0.00000000E+00  0.11276988E-30
  0.39237818E+14  0.00000000E+00  0.11258257E-30
  0.39284364E+14  0.00000000E+00  0.11239420E-30
  0.39330909E+14  0.00000000E+00  0.11220478E-30
  0.39377455E+14  0.00000000E+00  0.11201437E-30
  0.39424000E+14  0.00000000E+00  0.11182301E-30
  0.39470545E+14  0.00000000E+00  0.11163072E-30
  0.39517091E+14  0.00000000E+00  0.11143756E-30
  0.39563636E+14  0.00000000E+00  0.11124355E-30
  0.39610182E+14  0.00000000E+00  0.11104872E-30
  0.39656727E+14  0.00000000E+00  0.11085312E-30
  0.39703273E+14  0.00000000E+00  0.11065678E-30
  0.39749818E+14  0.00000000E+00  0.11045972E-30
  0.39796364E+14  0.00000000E+00  0.11026198E-30
  0.39842909E+14  0.00000000E+00  0.11006359E-30
  0.39889455E+14  0.00000000E+00  0.10986458E-30
  0.39936000E+14  0.00000000E+00  0.10966498E-30
  0.39982545E+14  0.00000000E+00  0.10946481E-30
  0.40029091E+14  0.00000000E+00  0.10926411E-30
  0.40075636E+14  0.00000000E+00  0.10906290E-30
  0.40122182E+14  0.00000000E+00  0.10886121E-30
  0.40168727E+14  0.00000000E+00  0.10865905E-30
  0.40215273E+14  0.00000000E+00  0.10845647E-30
  0.40261818E+14  0.00000000E+00  0.10825347E-30
  0.40308364E+14  0.00000000E+00  0.10805009E-30
  0.40354909E+14  0.00000000E+00  0.10784635E-30
  0.40401455E+14  0.00000000E+00  0.10764226E-30
  0.40448000E+14  0.00000000E+00  0.10743786E-30
  0.40494545E+14  0.00000000E+00  0.10723316E-30
  0.40541091E+14  0.00000000E+00  0.10702818E-30
  0.40587636E+14  0.00000000E+00  0.10682294E-30
  0.40634182E+14  0.00000000E+00  0.10661747E-30
  0.40680727E+14  0.00000000E+00  0.10641178E-30
  0.40727273E+14  0.00000000E+00  0.10620589E-30
  0.40773818E+14  0.00000000E+00  0.10599981E-30
  0.40820364E+14  0.00000000E+00  0.10579357E-30
  0.40866909E+14  0.00000000E+00  0.10558719E-30
  0.40913455E+14  0.00000000E+00  0.10538067E-30
  0.40960000E+14  0.00000000E+00  0.10517404E-30
  0.41006545E+14  0.00000000E+00  0.10496731E-30
  0.41053091E+14  0.00000000E+00  0.10476050E-30
  0.41099636E+14  0.00000000E+00  0.10455363E-30
  0.41146182E+14  0.00000000E+00  0.10434669E-30
  0.41192727E+14  0.00000000E+00  0.10413972E-30
  0.41239273E+14  0.00000000E+00  0.10393273E-30
  0.41285818E+14  0.00000000E+00  0.10372572E-30
  0.41332364E+14  0.00000000E+00  0.10351872E-30
  0.41378909E+14  0.00000000E+00  0.10331173E-30
  0.41425455E+14  0.00000000E+00  0.10310477E-30
  0.41472000E+14  0.00000000E+00  0.10289785E-30
  0.41518545E+14  0.00000000E+00  0.10269098E-30
  0.41565091E+14  0.00000000E+00  0.10248417E-30
  0.41611636E+14  0.00000000E+00  0.10227744E-30
  0.41658182E+14  0.00000000E+00  0.10207080E-30
  0.41704727E+14  0.00000000E+00  0.10186425E-30
  0.41751273E+14  0.00000000E+00  0.10165781E-30
  0.41797818E+14  0.00000000E+00  0.10145148E-30
  0.41844364E+14  0.00000000E+00  0.10124528E-30
  0.41890909E+14  0.00000000E+00  0.10103922E-30
  0.41937455E+14  0.00000000E+00  0.10083331E-30
  0.41984000E+14  0.00000000E+00  0.10062755E-30
  0.42030545E+14  0.00000000E+00  0.10042196E-30
  0.42077091E+14  0.00000000E+00  0.10021653E-30
  0.42123636E+14  0.00000000E+00  0.10001130E-30
  0.42170182E+14  0.00000000E+00  0.99806245E-31
  0.42216727E+14  0.00000000E+00  0.99601393E-31
  0.42263273E+14  0.00000000E+00  0.99396746E-31
  0.42309818E+14  0.00000000E+00  0.99192313E-31
  0.42356364E+14  0.00000000E+00  0.98988100E-31
  0.42402909E+14  0.00000000E+00  0.98784116E-31
  0.42449455E+14  0.00000000E+00  0.98580366E-31
  0.42496000E+14  0.00000000E+00  0.98376857E-31
  0.42542545E+14  0.00000000E+00  0.98173597E-31
  0.42589091E+14  0.00000000E+00  0.97970592E-31
  0.42635636E+14  0.00000000E+00  0.97767848E-31
  0.42682182E+14  0.00000000E+00  0.97565371E-31
  0.42728727E+14  0.00000000E+00  0.97363167E-31
  0.42775273E+14  0.00000000E+00  0.97161241E-31
  0.42821818E+14  0.00000000E+00  0.96959601E-31
  0.42868364E+14  0.00000000E+00  0.96758250E-31
  0.42914909E+14  0.00000000E+00  0.96557195E-31
  0.42961455E+14  0.00000000E+00  0.96356439E-31
  0.43008000E+14  0.00000000E+00  0.96155990E-31
  0.43054545E+14  0.00000000E+00  0.95955850E-31
  0.43101091E+14  0.00000000E+00  0.95756026E-31
  0.43147636E+14  0.00000000E+00  0.95556521E-31
  0.43194182E+14  0.00000000E+00  0.95357340E-31
  0.43240727E+14  0.00000000E+00  0.95158488E-31
  0.43287273E+14  0.00000000E+00  0.94959968E-31
  0.43333818E+14  0.00000000E+00  0.94761785E-31
  0.43380364E+14  0.00000000E+00  0.94563942E-31
  0.43426909E+14  0.00000000E+00  0.94366444E-31
  0.43473455E+14  0.00000000E+00  0.94169294E-31
  0.43520000E+14  0.00000000E+00  0.93972496E-31
  0.43566545E+14  0.00000000E+00  0.93776053E-31
  0.43613091E+14  0.00000000E+00  0.93579969E-31
  0.43659636E+14  0.00000000E+00  0.93384247E-31
  0.43706182E+14  0.00000000E+00  0.93188890E-31
  0.43752727E+14  0.00000000E+00  0.92993902E-31
  0.43799273E+14  0.00000000E+00  0.92799284E-31
  0.43845818E+14  0.00000000E+00  0.92605041E-31
  0.43892364E+14  0.00000000E+00  0.92411174E-31
  0.43938909E+14  0.00000000E+00  0.92217688E-31
  0.43985455E+14  0.00000000E+00  0.92024583E-31
  0.44032000E+14  0.00000000E+00  0.91831863E-31
  0.44078545E+14  0.00000000E+00  0.91639531E-31
  0.44125091E+14  0.00000000E+00  0.91447588E-31
  0.44171636E+14  0.00000000E+00  0.91256037E-31
  0.44218182E+14  0.00000000E+00  0.91064880E-31
  0.44264727E+14  0.00000000E+00  0.90874119E-31
  0.44311273E+14  0.00000000E+00  0.90683756E-31
  0.44357818E+14  0.00000000E+00  0.90493793E-31
  0.44404364E+14  0.00000000E+00  0.90304233E-31
  0.44450909E+14  0.00000000E+00  0.90115076E-31
  0.44497455E+14  0.00000000E+00  0.89926325E-31
  0.44544000E+14  0.00000000E+00  0.89737981E-31
  0.44590545E+14  0.00000000E+00  0.89550046E-31
  0.44637091E+14  0.00000000E+00  0.89362522E-31
  0.44683636E+14  0.00000000E+00  0.89175410E-31
  0.44730182E+14  0.00000000E+00  0.88988711E-31
  0.44776727E+14  0.00000000E+00  0.88802427E-31
  0.44823273E+14  0.00000000E+00  0.88616558E-31
  0.44869818E+14  0.00000000E+00  0.88431108E-31
  0.44916364E+14  0.00000000E+00  0.88246075E-31
  0.44962909E+14  0.00000000E+00  0.88061462E-31
  0.45009455E+14  0.00000000E+00  0.87877270E-31
  0.45056000E+14  0.00000000E+00  0.87693500E-31
  0.45102545E+14  0.00000000E+00  0.87510153E-31
  0.45149091E+14  0.00000000E+00  0.87327229E-31
  0.45195636E+14  0.00000000E+00  0.87144729E-31
  0.45242182E+14  0.00000000E+00  0.86962655E-31
  0.45288727E+14  0.00000000E+00  0.86781007E-31
  0.45335273E+14  0.00000000E+00  0.86599786E-31
  0.45381818E+14  0.00000000E+00  0.86418993E-31
  0.45428364E+14  0.00000000E+00  0.86238627E-31
  0.45474909E+14  0.00000000E+00  0.86058691E-31
  0.45521455E+14  0.00000000E+00  0.85879184E-31
  0.45568000E+14  0.00000000E+00  0.85700106E-31
  0.45614545E+14  0.00000000E+00  0.85521459E-31
  0.45661091E+14  0.00000000E+00  0.85343243E-31
  0.45707636E+14  0.00000000E+00  0.85165458E-31
  0.45754182E+14  0.00000000E+00  0.84988105E-31
  0.45800727E+14  0.00000000E+00  0.84811183E-31
  0.45847273E+14  0.00000000E+00  0.84634694E-31
  0.45893818E+14  0.00000000E+00  0.84458636E-31
  0.45940364E+14  0.00000000E+00  0.84283012E-31
  0.45986909E+14  0.00000000E+00  0.84107820E-31
  0.46033455E+14  0.00000000E+00  0.83933062E-31
  0.46080000E+14  0.00000000E+00  0.83758736E-31
  0.46126545E+14  0.00000000E+00  0.83584844E-31
  0.46173091E+14  0.00000000E+00  0.83411385E-31
  0.46219636E+14  0.00000000E+00  0.83238359E-31
  0.46266182E+14  0.00000000E+00  0.83065766E-31
  0.46312727E+14  0.00000000E+00  0.82893607E-31
  0.46359273E+14  0.00000000E+00  0.82721880E-31
  0.46405818E+14  0.00000000E+00  0.82550587E-31
  0.46452364E+14  0.00000000E+00  0.82379727E-31
  0.46498909E+14  0.00000000E+00  0.82209300E-31
  0.46545455E+14  0.00000000E+00  0.82039305E-31
  0.46592000E+14  0.00000000E+00  0.81869743E-31
  0.46638545E+14  0.00000000E+00  0.81700614E-31
  0.46685091E+14  0.00000000E+00  0.81531916E-31
  0.46731636E+14  0.00000000E+00  0.81363650E-31
  0.46778182E+14  0.00000000E+00  0.81195816E-31
  0.46824727E+14  0.00000000E+00  0.81028413E-31
  0.46871273E+14  0.00000000E+00  0.80861441E-31
  0.46917818E+14  0.00000000E+00  0.80694899E-31
  0.46964364E+14  0.00000000E+00  0.80528788E-31
  0.47010909E+14  0.00000000E+00  0.80363106E-31
  0.47057455E+14  0.00000000E+00  0.80197854E-31
  0.47104000E+14  0.00000000E+00  0.80033031E-31
  0.47150545E+14  0.00000000E+00  0.79868636E-31
  0.47197091E+14  0.00000000E+00  0.79704670E-31
  0.47243636E+14  0.00000000E+00  0.79541131E-31
  0.47290182E+14  0.00000000E+00  0.79378019E-31
  0.47336727E+14  0.00000000E+00  0.79215334E-31
  0.47383273E+14  0.00000000E+00  0.79053076E-31
  0.47429818E+14  0.00000000E+00  0.78891242E-31
  0.47476364E+14  0.00000000E+00  0.78729834E-31
  0.47522909E+14  0.00000000E+00  0.78568850E-31
  0.47569455E+14  0.00000000E+00  0.78408290E-31
  0.47616000E+14  0.00000000E+00  0.78248154E-31
  0.47662545E+14  0.00000000E+00  0.78088440E-31
  0.47709091E+14  0.00000000E+00  0.77929148E-31
  0.47755636E+14  0.00000000E+00  0.77770277E-31
  0.47802182E+14  0.00000000E+00  0.77611827E-31
  0.47848727E+14  0.00000000E+00  0.77453797E-31
  0.47895273E+14  0.00000000E+00  0.77296187E-31
  0.47941818E+14  0.00000000E+00  0.77138995E-31
  0.47988364E+14  0.00000000E+00  0.76982221E-31
  0.48034909E+14  0.00000000E+00  0.76825865E-31
  0.48081455E+14  0.00000000E+00  0.76669925E-31
  0.48128000E+14  0.00000000E+00  0.76514401E-31
  0.48174545E+14  0.00000000E+00  0.76359292E-31
  0.48221091E+14  0.00000000E+00  0.76204598E-31
  0.48267636E+14  0.00000000E+00  0.76050317E-31
  0.48314182E+14  0.00000000E+00  0.75896448E-31
  0.48360727E+14  0.00000000E+00  0.75742992E-31
  0.48407273E+14  0.00000000E+00  0.75589947E-31
  0.48453818E+14  0.00000000E+00  0.75437313E-31
  0.48500364E+14  0.00000000E+00  0.75285088E-31
  0.48546909E+14  0.00000000E+00  0.75133271E-31
  0.48593455E+14  0.00000000E+00  0.74981863E-31
  0.48640000E+14  0.00000000E+00  0.74830862E-31
  0.48686545E+14  0.00000000E+00  0.74680267E-31
  0.48733091E+14  0.00000000E+00  0.74530078E-31
  0.48779636E+14  0.00000000E+00  0.74380293E-31
  0.48826182E+14  0.00000000E+00  0.74230912E-31
  0.48872727E+14  0.00000000E+00  0.74081934E-31
  0.48919273E+14  0.00000000E+00  0.73933358E-31
  0.48965818E+14  0.00000000E+00  0.73785183E-31
  0.49012364E+14  0.00000000E+00  0.73637408E-31
  0.49058909E+14  0.00000000E+00  0.73490032E-31
  0.49105455E+14  0.00000000E+00  0.73343055E-31
  0.49152000E+14  0.00000000E+00  0.73196476E-31
  0.49198545E+14  0.00000000E+00  0.73050293E-31
  0.49245091E+14  0.00000000E+00  0.72904505E-31
  0.49291636E+14  0.00000000E+00  0.72759113E-31
  0.49338182E+14  0.00000000E+00  0.72614114E-31
  0.49384727E+14  0.00000000E+00  0.72469508E-31
  0.49431273E+14  0.00000000E+00  0.72325295E-31
  0.49477818E+14  0.00000000E+00  0.72181472E-31
  0.49524364E+14  0.00000000E+00  0.72038039E-31
  0.49570909E+14  0.00000000E+00  0.71894996E-31
  0.49617455E+14  0.00000000E+00  0.71752341E-31
  0.49664000E+14  0.00000000E+00  0.71610073E-31
  0.49710545E+14  0.00000000E+00  0.71468191E-31
  0.49757091E+14  0.00000000E+00  0.71326694E-31
  0.49803636E+14  0.00000000E+00  0.71185582E-31
  0.49850182E+14  0.00000000E+00  0.71044854E-31
  0.49896727E+14  0.00000000E+00  0.70904508E-31
  0.49943273E+14  0.00000000E+00  0.70764543E-31
  0.49989818E+14  0.00000000E+00  0.70624959E-31
  0.50036364E+14  0.00000000E+00  0.70485754E-31
  0.50082909E+14  0.00000000E+00  0.70346928E-31
  0.50129455E+14  0.00000000E+00  0.70208479E-31
  0.50176000E+14  0.00000000E+00  0.70070407E-31
  0.50222545E+14  0.00000000E+00  0.69932711E-31
  0.50269091E+14  0.00000000E+00  0.69795389E-31
  0.50315636E+14  0.00000000E+00  0.69658441E-31
  0.50362182E+14  0.00000000E+00  0.69521865E-31
  0.50408727E+14  0.00000000E+00  0.69385661E-31
  0.50455273E+14  0.00000000E+00  0.69249828E-31
  0.50501818E+14  0.00000000E+00  0.69114364E-31
  0.50548364E+14  0.00000000E+00  0.68979269E-31
  0.50594909E+14  0.00000000E+00  0.68844541E-31
  0.50641455E+14  0.00000000E+00  0.68710180E-31
  0.50688000E+14  0.00000000E+00  0.68576185E-31
  0.50734545E+14  0.00000000E+00  0.68442554E-31
  0.50781091E+14  0.00000000E+00  0.68309287E-31
  0.50827636E+14  0.00000000E+00  0.68176383E-31
  0.50874182E+14  0.00000000E+00  0.68043840E-31
  0.50920727E+14  0.00000000E+00  0.67911658E-31
  0.50967273E+14  0.00000000E+00  0.67779835E-31
  0.51013818E+14  0.00000000E+00  0.67648371E-31
  0.51060364E+14  0.00000000E+00  0.67517264E-31
  0.51106909E+14  0.00000000E+00  0.67386514E-31
  0.51153455E+14  0.00000000E+00  0.67256120E-31
  0.51200000E+14  0.00000000E+00  0.67126080E-31
  0.51246545E+14  0.00000000E+00  0.66996394E-31
  0.51293091E+14  0.00000000E+00  0.66867060E-31
  0.51339636E+14  0.00000000E+00  0.66738078E-31
  0.51386182E+14  0.00000000E+00  0.66609447E-31
  0.51432727E+14  0.00000000E+00  0.66481164E-31
  0.51479273E+14  0.00000000E+00  0.66353231E-31
  0.51525818E+14  0.00000000E+00  0.66225645E-31
  0.51572364E+14  0.00000000E+00  0.66098405E-31
  0.51618909E+14  0.00000000E+00  0.65971511E-31
  0.51665455E+14  0.00000000E+00  0.65844961E-31
  0.51712000E+14  0.00000000E+00  0.65718755E-31
  0.51758545E+14  0.00000000E+00  0.65592891E-31
  0.51805091E+14  0.00000000E+00  0.65467369E-31
  0.51851636E+14  0.00000000E+00  0.65342187E-31
  0.51898182E+14  0.00000000E+00  0.65217345E-31
  0.51944727E+14  0.00000000E+00  0.65092841E-31
  0.51991273E+14  0.00000000E+00  0.64968675E-31
  0.52037818E+14  0.00000000E+00  0.64844845E-31
  0.52084364E+14  0.00000000E+00  0.64721351E-31
  0.52130909E+14  0.00000000E+00  0.64598191E-31
  0.52177455E+14  0.00000000E+00  0.64475364E-31
  0.52224000E+14  0.00000000E+00  0.64352870E-31
  0.52270545E+14  0.00000000E+00  0.64230708E-31
  0.52317091E+14  0.00000000E+00  0.64108875E-31
  0.52363636E+14  0.00000000E+00  0.63987373E-31
  0.52410182E+14  0.00000000E+00  0.63866199E-31
  0.52456727E+14  0.00000000E+00  0.63745352E-31
  0.52503273E+14  0.00000000E+00  0.63624832E-31
  0.52549818E+14  0.00000000E+00  0.63504638E-31
  0.52596364E+14  0.00000000E+00  0.63384768E-31
  0.52642909E+14  0.00000000E+00  0.63265222E-31
  0.52689455E+14  0.00000000E+00  0.63145998E-31
  0.52736000E+14  0.00000000E+00  0.63027096E-31
  0.52782545E+14  0.00000000E+00  0.62908514E-31
  0.52829091E+14  0.00000000E+00  0.62790252E-31
  0.52875636E+14  0.00000000E+00  0.62672309E-31
  0.52922182E+14  0.00000000E+00  0.62554684E-31
  0.52968727E+14  0.00000000E+00  0.62437375E-31
  0.53015273E+14  0.00000000E+00  0.62320382E-31
  0.53061818E+14  0.00000000E+00  0.62203704E-31
  0.53108364E+14  0.00000000E+00  0.62087339E-31
  0.53154909E+14  0.00000000E+00  0.61971288E-31
  0.53201455E+14  0.00000000E+00  0.61855548E-31
  0.53248000E+14  0.00000000E+00  0.61740119E-31
  0.53294545E+14  0.00000000E+00  0.61625001E-31
  0.53341091E+14  0.00000000E+00  0.61510191E-31
  0.53387636E+14  0.00000000E+00  0.61395689E-31
  0.53434182E+14  0.00000000E+00  0.61281494E-31
  0.53480727E+14  0.00000000E+00  0.61167606E-31
  0.53527273E+14  0.00000000E+00  0.61054023E-31
  0.53573818E+14  0.00000000E+00  0.60940744E-31
  0.53620364E+14  0.00000000E+00  0.60827768E-31
  0.53666909E+14  0.00000000E+00  0.60715095E-31
  0.53713455E+14  0.00000000E+00  0.60602723E-31
  0.53760000E+14  0.00000000E+00  0.60490651E-31
  0.53806545E+14  0.00000000E+00  0.60378879E-31
  0.53853091E+14  0.00000000E+00  0.60267406E-31
  0.53899636E+14  0.00000000E+00  0.60156230E-31
  0.53946182E+14  0.00000000E+00  0.60045351E-31
  0.53992727E+14  0.00000000E+00  0.59934768E-31
  0.54039273E+14  0.00000000E+00  0.59824480E-31
  0.54085818E+14  0.00000000E+00  0.59714486E-31
  0.54132364E+14  0.00000000E+00  0.59604785E-31
  0.54178909E+14  0.00000000E+00  0.59495375E-31
  0.54225455E+14  0.00000000E+00  0.59386258E-31
  0.54272000E+14  0.00000000E+00  0.59277430E-31
  0.54318545E+14  0.00000000E+00  0.59168892E-31
  0.54365091E+14  0.00000000E+00  0.59060642E-31
  0.54411636E+14  0.00000000E+00  0.58952679E-31
  0.54458182E+14  0.00000000E+00  0.58845004E-31
  0.54504727E+14  0.00000000E+00  0.58737614E-31
  0.54551273E+14  0.00000000E+00  0.58630508E-31
  0.54597818E+14  0.00000000E+00  0.58523687E-31
  0.54644364E+14  0.00000000E+00  0.58417149E-31
  0.54690909E+14  0.00000000E+00  0.58310893E-31
  0.54737455E+14  0.00000000E+00  0.58204918E-31
  0.54784000E+14  0.00000000E+00  0.58099224E-31
  0.54830545E+14  0.00000000E+00  0.57993809E-31
  0.54877091E+14  0.00000000E+00  0.57888672E-31
  0.54923636E+14  0.00000000E+00  0.57783814E-31
  0.54970182E+14  0.00000000E+00  0.57679232E-31
  0.55016727E+14  0.00000000E+00  0.57574926E-31
  0.55063273E+14  0.00000000E+00  0.57470895E-31
  0.55109818E+14  0.00000000E+00  0.57367138E-31
  0.55156364E+14  0.00000000E+00  0.57263654E-31
  0.55202909E+14  0.00000000E+00  0.57160443E-31
  0.55249455E+14  0.00000000E+00  0.57057504E-31
  0.55296000E+14  0.00000000E+00  0.56954835E-31
  0.55342545E+14  0.00000000E+00  0.56852436E-31
  0.55389091E+14  0.00000000E+00  0.56750307E-31
  0.55435636E+14  0.00000000E+00  0.56648445E-31
  0.55482182E+14  0.00000000E+00  0.56546850E-31
  0.55528727E+14  0.00000000E+00  0.56445522E-31
  0.55575273E+14  0.00000000E+00  0.56344460E-31
  0.55621818E+14  0.00000000E+00  0.56243662E-31
  0.55668364E+14  0.00000000E+00  0.56143128E-31
  0.55714909E+14  0.00000000E+00  0.56042858E-31
  0.55761455E+14  0.00000000E+00  0.55942849E-31
  0.55808000E+14  0.00000000E+00  0.55843102E-31
  0.55854545E+14  0.00000000E+00  0.55743615E-31
  0.55901091E+14  0.00000000E+00  0.55644388E-31
  0.55947636E+14  0.00000000E+00  0.55545420E-31
  0.55994182E+14  0.00000000E+00  0.55446710E-31
  0.56040727E+14  0.00000000E+00  0.55348257E-31
  0.56087273E+14  0.00000000E+00  0.55250061E-31
  0.56133818E+14  0.00000000E+00  0.55152120E-31
  0.56180364E+14  0.00000000E+00  0.55054434E-31
  0.56226909E+14  0.00000000E+00  0.54957002E-31
  0.56273455E+14  0.00000000E+00  0.54859823E-31
  0.56320000E+14  0.00000000E+00  0.54762896E-31
  0.56366545E+14  0.00000000E+00  0.54666221E-31
  0.56413091E+14  0.00000000E+00  0.54569797E-31
  0.56459636E+14  0.00000000E+00  0.54473622E-31
  0.56506182E+14  0.00000000E+00  0.54377697E-31
  0.56552727E+14  0.00000000E+00  0.54282020E-31
  0.56599273E+14  0.00000000E+00  0.54186590E-31
  0.56645818E+14  0.00000000E+00  0.54091408E-31
  0.56692364E+14  0.00000000E+00  0.53996471E-31
  0.56738909E+14  0.00000000E+00  0.53901779E-31
  0.56785455E+14  0.00000000E+00  0.53807332E-31
  0.56832000E+14  0.00000000E+00  0.53713128E-31
  0.56878545E+14  0.00000000E+00  0.53619168E-31
  0.56925091E+14  0.00000000E+00  0.53525449E-31
  0.56971636E+14  0.00000000E+00  0.53431971E-31
  0.57018182E+14  0.00000000E+00  0.53338734E-31
  0.57064727E+14  0.00000000E+00  0.53245737E-31
  0.57111273E+14  0.00000000E+00  0.53152979E-31
  0.57157818E+14  0.00000000E+00  0.53060458E-31
  0.57204364E+14  0.00000000E+00  0.52968176E-31
  0.57250909E+14  0.00000000E+00  0.52876130E-31
  0.57297455E+14  0.00000000E+00  0.52784320E-31
  0.57344000E+14  0.00000000E+00  0.52692745E-31
  0.57390545E+14  0.00000000E+00  0.52601404E-31
  0.57437091E+14  0.00000000E+00  0.52510297E-31
  0.57483636E+14  0.00000000E+00  0.52419423E-31
  0.57530182E+14  0.00000000E+00  0.52328781E-31
  0.57576727E+14  0.00000000E+00  0.52238371E-31
  0.57623273E+14  0.00000000E+00  0.52148191E-31
  0.57669818E+14  0.00000000E+00  0.52058242E-31
  0.57716364E+14  0.00000000E+00  0.51968521E-31
  0.57762909E+14  0.00000000E+00  0.51879029E-31
  0.57809455E+14  0.00000000E+00  0.51789765E-31
  0.57856000E+14  0.00000000E+00  0.51700728E-31
  0.57902545E+14  0.00000000E+00  0.51611917E-31
  0.57949091E+14  0.00000000E+00  0.51523331E-31
  0.57995636E+14  0.00000000E+00  0.51434971E-31
  0.58042182E+14  0.00000000E+00  0.51346835E-31
  0.58088727E+14  0.00000000E+00  0.51258922E-31
  0.58135273E+14  0.00000000E+00  0.51171232E-31
  0.58181818E+14  0.00000000E+00  0.51083763E-31
  0.58228364E+14  0.00000000E+00  0.50996517E-31
  0.58274909E+14  0.00000000E+00  0.50909490E-31
  0.58321455E+14  0.00000000E+00  0.50822684E-31
  0.58368000E+14  0.00000000E+00  0.50736097E-31
  0.58414545E+14  0.00000000E+00  0.50649728E-31
  0.58461091E+14  0.00000000E+00  0.50563577E-31
  0.58507636E+14  0.00000000E+00  0.50477643E-31
  0.58554182E+14  0.00000000E+00  0.50391926E-31
  0.58600727E+14  0.00000000E+00  0.50306424E-31
  0.58647273E+14  0.00000000E+00  0.50221137E-31
  0.58693818E+14  0.00000000E+00  0.50136065E-31
  0.58740364E+14  0.00000000E+00  0.50051206E-31
  0.58786909E+14  0.00000000E+00  0.49966561E-31
  0.58833455E+14  0.00000000E+00  0.49882127E-31
  0.58880000E+14  0.00000000E+00  0.49797906E-31
  0.58926545E+14  0.00000000E+00  0.49713895E-31
  0.58973091E+14  0.00000000E+00  0.49630095E-31
  0.59019636E+14  0.00000000E+00  0.49546504E-31
  0.59066182E+14  0.00000000E+00  0.49463122E-31
  0.59112727E+14  0.00000000E+00  0.49379948E-31
  0.59159273E+14  0.00000000E+00  0.49296982E-31
  0.59205818E+14  0.00000000E+00  0.49214223E-31
  0.59252364E+14  0.00000000E+00  0.49131671E-31
  0.59298909E+14  0.00000000E+00  0.49049324E-31
  0.59345455E+14  0.00000000E+00  0.48967182E-31
  0.59392000E+14  0.00000000E+00  0.48885244E-31
  0.59438545E+14  0.00000000E+00  0.48803510E-31
  0.59485091E+14  0.00000000E+00  0.48721980E-31
  0.59531636E+14  0.00000000E+00  0.48640651E-31
  0.59578182E+14  0.00000000E+00  0.48559525E-31
  0.59624727E+14  0.00000000E+00  0.48478599E-31
  0.59671273E+14  0.00000000E+00  0.48397874E-31
  0.59717818E+14  0.00000000E+00  0.48317349E-31
  0.59764364E+14  0.00000000E+00  0.48237024E-31
  0.59810909E+14  0.00000000E+00  0.48156896E-31
  0.59857455E+14  0.00000000E+00  0.48076967E-31
  0.59904000E+14  0.00000000E+00  0.47997235E-31
  0.59950545E+14  0.00000000E+00  0.47917700E-31
  0.59997091E+14  0.00000000E+00  0.47838361E-31
  0.60043636E+14  0.00000000E+00  0.47759218E-31
  0.60090182E+14  0.00000000E+00  0.47680269E-31
  0.60136727E+14  0.00000000E+00  0.47601515E-31
  0.60183273E+14  0.00000000E+00  0.47522954E-31
  0.60229818E+14  0.00000000E+00  0.47444587E-31
  0.60276364E+14  0.00000000E+00  0.47366412E-31
  0.60322909E+14  0.00000000E+00  0.47288428E-31
  0.60369455E+14  0.00000000E+00  0.47210636E-31
  0.60416000E+14  0.00000000E+00  0.47133035E-31
  0.60462545E+14  0.00000000E+00  0.47055624E-31
  0.60509091E+14  0.00000000E+00  0.46978402E-31
  0.60555636E+14  0.00000000E+00  0.46901369E-31
  0.60602182E+14  0.00000000E+00  0.46824524E-31
  0.60648727E+14  0.00000000E+00  0.46747866E-31
  0.60695273E+14  0.00000000E+00  0.46671396E-31
  0.60741818E+14  0.00000000E+00  0.46595113E-31
  0.60788364E+14  0.00000000E+00  0.46519015E-31
  0.60834909E+14  0.00000000E+00  0.46443102E-31
  0.60881455E+14  0.00000000E+00  0.46367375E-31
  0.60928000E+14  0.00000000E+00  0.46291831E-31
  0.60974545E+14  0.00000000E+00  0.46216471E-31
  0.61021091E+14  0.00000000E+00  0.46141294E-31
  0.61067636E+14  0.00000000E+00  0.46066300E-31
  0.61114182E+14  0.00000000E+00  0.45991487E-31
  0.61160727E+14  0.00000000E+00  0.45916856E-31
  0.61207273E+14  0.00000000E+00  0.45842405E-31
  0.61253818E+14  0.00000000E+00  0.45768135E-31
  0.61300364E+14  0.00000000E+00  0.45694044E-31
  0.61346909E+14  0.00000000E+00  0.45620132E-31
  0.61393455E+14  0.00000000E+00  0.45546399E-31
  0.61440000E+14  0.00000000E+00  0.45472843E-31
  0.61486545E+14  0.00000000E+00  0.45399465E-31
  0.61533091E+14  0.00000000E+00  0.45326264E-31
  0.61579636E+14  0.00000000E+00  0.45253239E-31
  0.61626182E+14  0.00000000E+00  0.45180390E-31
  0.61672727E+14  0.00000000E+00  0.45107716E-31
  0.61719273E+14  0.00000000E+00  0.45035217E-31
  0.61765818E+14  0.00000000E+00  0.44962891E-31
  0.61812364E+14  0.00000000E+00  0.44890739E-31
  0.61858909E+14  0.00000000E+00  0.44818761E-31
  0.61905455E+14  0.00000000E+00  0.44746954E-31
  0.61952000E+14  0.00000000E+00  0.44675320E-31
  0.61998545E+14  0.00000000E+00  0.44603857E-31
  0.62045091E+14  0.00000000E+00  0.44532565E-31
  0.62091636E+14  0.00000000E+00  0.44461444E-31
  0.62138182E+14  0.00000000E+00  0.44390492E-31
  0.62184727E+14  0.00000000E+00  0.44319709E-31
  0.62231273E+14  0.00000000E+00  0.44249095E-31
  0.62277818E+14  0.00000000E+00  0.44178650E-31
  0.62324364E+14  0.00000000E+00  0.44108372E-31
  0.62370909E+14  0.00000000E+00  0.44038261E-31
  0.62417455E+14  0.00000000E+00  0.43968317E-31
  0.62464000E+14  0.00000000E+00  0.43898540E-31
  0.62510545E+14  0.00000000E+00  0.43828928E-31
  0.62557091E+14  0.00000000E+00  0.43759481E-31
  0.62603636E+14  0.00000000E+00  0.43690199E-31
  0.62650182E+14  0.00000000E+00  0.43621080E-31
  0.62696727E+14  0.00000000E+00  0.43552126E-31
  0.62743273E+14  0.00000000E+00  0.43483335E-31
  0.62789818E+14  0.00000000E+00  0.43414706E-31
  0.62836364E+14  0.00000000E+00  0.43346240E-31
  0.62882909E+14  0.00000000E+00  0.43277935E-31
  0.62929455E+14  0.00000000E+00  0.43209791E-31
  0.62976000E+14  0.00000000E+00  0.43141808E-31
  0.63022545E+14  0.00000000E+00  0.43073985E-31
  0.63069091E+14  0.00000000E+00  0.43006322E-31
  0.63115636E+14  0.00000000E+00  0.42938817E-31
  0.63162182E+14  0.00000000E+00  0.42871472E-31
  0.63208727E+14  0.00000000E+00  0.42804285E-31
  0.63255273E+14  0.00000000E+00  0.42737255E-31
  0.63301818E+14  0.00000000E+00  0.42670383E-31
  0.63348364E+14  0.00000000E+00  0.42603668E-31
  0.63394909E+14  0.00000000E+00  0.42537108E-31
  0.63441455E+14  0.00000000E+00  0.42470705E-31
  0.63488000E+14  0.00000000E+00  0.42404457E-31
  0.63534545E+14  0.00000000E+00  0.42338364E-31
  0.63581091E+14  0.00000000E+00  0.42272425E-31
  0.63627636E+14  0.00000000E+00  0.42206640E-31
  0.63674182E+14  0.00000000E+00  0.42141008E-31
  0.63720727E+14  0.00000000E+00  0.42075530E-31
  0.63767273E+14  0.00000000E+00  0.42010204E-31
  0.63813818E+14  0.00000000E+00  0.41945030E-31
  0.63860364E+14  0.00000000E+00  0.41880008E-31
  0.63906909E+14  0.00000000E+00  0.41815136E-31
  0.63953455E+14  0.00000000E+00  0.41750416E-31
  0.64000000E+14  0.00000000E+00  0.41685846E-31
