  0.46545455E+11  0.71299637E-31 -0.17642397E-29
  0.93090909E+11  0.89135723E-31 -0.17273011E-29
  0.13963636E+12  0.13400025E-30 -0.17119896E-29
  0.18618182E+12  0.19652811E-30 -0.16413081E-29
  0.23272727E+12  0.17187189E-30 -0.15251946E-29
  0.27927273E+12  0.65959611E-31 -0.15002752E-29
  0.32581818E+12  0.14445760E-32 -0.15727991E-29
  0.37236364E+12  0.41552063E-31 -0.16227551E-29
  0.41890909E+12  0.69700362E-31 -0.16255758E-29
  0.46545455E+12  0.87976773E-31 -0.16243133E-29
  0.51200000E+12  0.10707819E-30 -0.16237004E-29
  0.55854545E+12  0.12997506E-30 -0.16031518E-29
  0.60509091E+12  0.12252423E-30 -0.15800162E-29
  0.65163636E+12  0.11676465E-30 -0.15787240E-29
  0.69818182E+12  0.11061890E-30 -0.15775216E-29
  0.74472727E+12  0.11108023E-30 -0.15814544E-29
  0.79127273E+12  0.10755487E-30 -0.15835876E-29
  0.83781818E+12  0.10856209E-30 -0.15954250E-29
  0.88436364E+12  0.12010449E-30 -0.16036070E-29
  0.93090909E+12  0.13278755E-30 -0.16053114E-29
  0.97745455E+12  0.14014976E-30 -0.16018831E-29
  0.10240000E+13  0.14489597E-30 -0.16006759E-29
  0.10705455E+13  0.14903759E-30 -0.16020999E-29
  0.11170909E+13  0.15701740E-30 -0.16017976E-29
  0.11636364E+13  0.15905925E-30 -0.15996154E-29
  0.12101818E+13  0.15938997E-30 -0.16029854E-29
  0.12567273E+13  0.16704544E-30 -0.16075439E-29
  0.13032727E+13  0.17276680E-30 -0.16064651E-29
  0.13498182E+13  0.17317621E-30 -0.16077414E-29
  0.13963636E+13  0.17490419E-30 -0.16133947E-29
  0.14429091E+13  0.18023450E-30 -0.16207891E-29
  0.14894545E+13  0.18831767E-30 -0.16260541E-29
  0.15360000E+13  0.19562214E-30 -0.16315436E-29
  0.15825455E+13  0.20740581E-30 -0.16352632E-29
  0.16290909E+13  0.21679235E-30 -0.16323941E-29
  0.16756364E+13  0.21905997E-30 -0.16305749E-29
  0.17221818E+13  0.22028869E-30 -0.16334805E-29
  0.17687273E+13  0.22335091E-30 -0.16390811E-29
  0.18152727E+13  0.22844867E-30 -0.16454615E-29
  0.18618182E+13  0.23452880E-30 -0.16509210E-29
  0.19083636E+13  0.24115981E-30 -0.16571559E-29
  0.19549091E+13  0.24929400E-30 -0.16630730E-29
  0.20014545E+13  0.25815477E-30 -0.16666850E-29
  0.20480000E+13  0.26534681E-30 -0.16693554E-29
  0.20945455E+13  0.27082345E-30 -0.16719530E-29
  0.21410909E+13  0.27498942E-30 -0.16772631E-29
  0.21876364E+13  0.28111217E-30 -0.16839369E-29
  0.22341818E+13  0.28845912E-30 -0.16907271E-29
  0.22807273E+13  0.29590579E-30 -0.16976239E-29
  0.23272727E+13  0.30869207E-30 -0.17023172E-29
  0.23738182E+13  0.31502576E-30 -0.17017860E-29
  0.24203636E+13  0.31739168E-30 -0.17081287E-29
  0.24669091E+13  0.32357054E-30 -0.17153470E-29
  0.25134545E+13  0.33085339E-30 -0.17231533E-29
  0.25600000E+13  0.33895545E-30 -0.17304171E-29
  0.26065455E+13  0.34757030E-30 -0.17378840E-29
  0.26530909E+13  0.35697941E-30 -0.17447756E-29
  0.26996364E+13  0.36646633E-30 -0.17504302E-29
  0.27461818E+13  0.37499676E-30 -0.17561041E-29
  0.27927273E+13  0.38316130E-30 -0.17619428E-29
  0.28392727E+13  0.39098799E-30 -0.17681977E-29
  0.28858182E+13  0.39866043E-30 -0.17753963E-29
  0.29323636E+13  0.40725924E-30 -0.17830703E-29
  0.29789091E+13  0.41580957E-30 -0.17907152E-29
  0.30254545E+13  0.42581688E-30 -0.17980375E-29
  0.30720000E+13  0.43386018E-30 -0.18046635E-29
  0.31185455E+13  0.44156901E-30 -0.18140753E-29
  0.31650909E+13  0.45163402E-30 -0.18238531E-29
  0.32116364E+13  0.46309269E-30 -0.18326562E-29
  0.32581818E+13  0.47385322E-30 -0.18404389E-29
  0.33047273E+13  0.48450617E-30 -0.18484475E-29
  0.33512727E+13  0.49565127E-30 -0.18566258E-29
  0.33978182E+13  0.50649200E-30 -0.18635543E-29
  0.34443636E+13  0.51598853E-30 -0.18706812E-29
  0.34909091E+13  0.52443235E-30 -0.18790539E-29
  0.35374545E+13  0.53314463E-30 -0.18891657E-29
  0.35840000E+13  0.54279440E-30 -0.19009691E-29
  0.36305455E+13  0.55498992E-30 -0.19133738E-29
  0.36770909E+13  0.56842970E-30 -0.19249337E-29
  0.37236364E+13  0.58337425E-30 -0.19333093E-29
  0.37701818E+13  0.59409470E-30 -0.19413085E-29
  0.38167273E+13  0.60621510E-30 -0.19520176E-29
  0.38632727E+13  0.61809119E-30 -0.19622316E-29
  0.39098182E+13  0.63008242E-30 -0.19724459E-29
  0.39563636E+13  0.64135878E-30 -0.19834736E-29
  0.40029091E+13  0.65285646E-30 -0.19960731E-29
  0.40494545E+13  0.66587633E-30 -0.20093370E-29
  0.40960000E+13  0.67924320E-30 -0.20223994E-29
  0.41425455E+13  0.69273207E-30 -0.20364031E-29
  0.41890909E+13  0.70736975E-30 -0.20513658E-29
  0.42356364E+13  0.72327503E-30 -0.20664922E-29
  0.42821818E+13  0.74048686E-30 -0.20814461E-29
  0.43287273E+13  0.75871717E-30 -0.20957180E-29
  0.43752727E+13  0.77766207E-30 -0.21089260E-29
  0.44218182E+13  0.79487085E-30 -0.21212583E-29
  0.44683636E+13  0.81173010E-30 -0.21364858E-29
  0.45149091E+13  0.83078609E-30 -0.21519910E-29
  0.45614545E+13  0.85093331E-30 -0.21668933E-29
  0.46080000E+13  0.87147945E-30 -0.21817595E-29
  0.46545455E+13  0.89224429E-30 -0.21968188E-29
  0.47010909E+13  0.91529249E-30 -0.22119702E-29
  0.47476364E+13  0.93815885E-30 -0.22253308E-29
  0.47941818E+13  0.96071552E-30 -0.22391228E-29
  0.48407273E+13  0.98283629E-30 -0.22525420E-29
  0.48872727E+13  0.10052305E-29 -0.22677087E-29
  0.49338182E+13  0.10296256E-29 -0.22832873E-29
  0.49803636E+13  0.10554975E-29 -0.22977107E-29
  0.50269091E+13  0.10808177E-29 -0.23111797E-29
  0.50734545E+13  0.11057891E-29 -0.23250487E-29
  0.51200000E+13  0.11314685E-29 -0.23398853E-29
  0.51665455E+13  0.11585249E-29 -0.23546258E-29
  0.52130909E+13  0.11858217E-29 -0.23685982E-29
  0.52596364E+13  0.12130012E-29 -0.23828392E-29
  0.53061818E+13  0.12409031E-29 -0.23980862E-29
  0.53527273E+13  0.12702329E-29 -0.24133252E-29
  0.53992727E+13  0.13006900E-29 -0.24277726E-29
  0.54458182E+13  0.13310327E-29 -0.24417027E-29
  0.54923636E+13  0.13618041E-29 -0.24561335E-29
  0.55389091E+13  0.13934386E-29 -0.24705709E-29
  0.55854545E+13  0.14257310E-29 -0.24844977E-29
  0.56320000E+13  0.14583679E-29 -0.24981097E-29
  0.56785455E+13  0.14906248E-29 -0.25116803E-29
  0.57250909E+13  0.15230275E-29 -0.25265621E-29
  0.57716364E+13  0.15569842E-29 -0.25421806E-29
  0.58181818E+13  0.15921725E-29 -0.25575780E-29
  0.58647273E+13  0.16282358E-29 -0.25734102E-29
  0.59112727E+13  0.16657788E-29 -0.25890440E-29
  0.59578182E+13  0.17049623E-29 -0.26039778E-29
  0.60043636E+13  0.17444723E-29 -0.26174162E-29
  0.60509091E+13  0.17835207E-29 -0.26305716E-29
  0.60974545E+13  0.18222342E-29 -0.26447962E-29
  0.61440000E+13  0.18621725E-29 -0.26595957E-29
  0.61905455E+13  0.19032088E-29 -0.26746570E-29
  0.62370909E+13  0.19451622E-29 -0.26895640E-29
  0.62836364E+13  0.19873995E-29 -0.27047663E-29
  0.63301818E+13  0.20306954E-29 -0.27207992E-29
  0.63767273E+13  0.20752425E-29 -0.27371248E-29
  0.64232727E+13  0.21201842E-29 -0.27545814E-29
  0.64698182E+13  0.21696605E-29 -0.27734316E-29
  0.65163636E+13  0.22208493E-29 -0.27896416E-29
  0.65629091E+13  0.22728566E-29 -0.28043486E-29
  0.66094545E+13  0.23234393E-29 -0.28186580E-29
  0.66560000E+13  0.23748169E-29 -0.28341443E-29
  0.67025455E+13  0.24279825E-29 -0.28509423E-29
  0.67490909E+13  0.24828286E-29 -0.28672781E-29
  0.67956364E+13  0.25385787E-29 -0.28834891E-29
  0.68421818E+13  0.25942130E-29 -0.29002842E-29
  0.68887273E+13  0.26511711E-29 -0.29187583E-29
  0.69352727E+13  0.27093831E-29 -0.29381570E-29
  0.69818182E+13  0.27671331E-29 -0.29603497E-29
  0.70283636E+13  0.28254589E-29 -0.29942655E-29
  0.70749091E+13  0.29121633E-29 -0.30248771E-29
  0.71214545E+13  0.29919337E-29 -0.30400746E-29
  0.71680000E+13  0.30686634E-29 -0.30553356E-29
  0.72145455E+13  0.31451139E-29 -0.30727697E-29
  0.72610909E+13  0.32235077E-29 -0.30915234E-29
  0.73076364E+13  0.33034221E-29 -0.31104808E-29
  0.73541818E+13  0.33834402E-29 -0.31323397E-29
  0.74007273E+13  0.34657728E-29 -0.31578103E-29
  0.74472727E+13  0.35508629E-29 -0.31881559E-29
  0.74938182E+13  0.36387742E-29 -0.32242170E-29
  0.75403636E+13  0.37285736E-29 -0.32708478E-29
  0.75869091E+13  0.37890425E-29 -0.33604310E-29
  0.76334545E+13  0.40303828E-29 -0.34887460E-29
  0.76800000E+13  0.42370023E-29 -0.34875013E-29
  0.77265455E+13  0.44293483E-29 -0.34922862E-29
  0.77730909E+13  0.46203295E-29 -0.35014975E-29
  0.78196364E+13  0.48366598E-29 -0.35570286E-29
  0.78661818E+13  0.53719138E-29 -0.35237320E-29
  0.79127273E+13  0.54004982E-29 -0.31591187E-29
  0.79592727E+13  0.56287315E-29 -0.29781500E-29
  0.80058182E+13  0.56882977E-29 -0.28757074E-29
  0.80523636E+13  0.57928959E-29 -0.27120175E-29
  0.80989091E+13  0.58377406E-29 -0.25943593E-29
  0.81454545E+13  0.59191150E-29 -0.25619199E-29
  0.81920000E+13  0.60561417E-29 -0.24918185E-29
  0.82385455E+13  0.62120346E-29 -0.24024802E-29
  0.82850909E+13  0.63729727E-29 -0.22359023E-29
  0.83316364E+13  0.64294602E-29 -0.20859655E-29
  0.83781818E+13  0.64871216E-29 -0.19864904E-29
  0.84247273E+13  0.65928729E-29 -0.19224069E-29
  0.84712727E+13  0.67263851E-29 -0.18059034E-29
  0.85178182E+13  0.68036877E-29 -0.16963881E-29
  0.85643636E+13  0.68893536E-29 -0.16074791E-29
  0.86109091E+13  0.70009359E-29 -0.15312254E-29
  0.86574545E+13  0.71289482E-29 -0.14268582E-29
  0.87040000E+13  0.71963458E-29 -0.13567672E-29
  0.87505455E+13  0.73623753E-29 -0.13218283E-29
  0.87970909E+13  0.76005111E-29 -0.12873890E-29
  0.88436364E+13  0.78346243E-29 -0.11187561E-29
  0.88901818E+13  0.80624072E-29 -0.97262059E-30
  0.89367273E+13  0.82898806E-29 -0.83249613E-30
  0.89832727E+13  0.84985043E-29 -0.59117012E-30
  0.90298182E+13  0.88700429E-29 -0.33258655E-30
  0.90763636E+13  0.91082066E-29  0.16869469E-30
  0.91229091E+13  0.94479500E-29  0.54538927E-30
  0.91694545E+13  0.94042387E-29  0.11969673E-29
  0.92160000E+13  0.92364487E-29  0.16514820E-29
  0.92625455E+13  0.91752971E-29  0.18789084E-29
  0.93090909E+13  0.90574247E-29  0.22995866E-29
  0.93556364E+13  0.89643952E-29  0.24978193E-29
  0.94021818E+13  0.89250669E-29  0.28589141E-29
  0.94487273E+13  0.88034498E-29  0.31221200E-29
  0.94952727E+13  0.86998268E-29  0.33549384E-29
  0.95418182E+13  0.86572821E-29  0.36304730E-29
  0.95883636E+13  0.85787555E-29  0.39412725E-29
  0.96349091E+13  0.83708352E-29  0.43034039E-29
  0.96814545E+13  0.81749264E-29  0.45249266E-29
  0.97280000E+13  0.80238748E-29  0.47406794E-29
  0.97745455E+13  0.78111000E-29  0.49611066E-29
  0.98210909E+13  0.76445240E-29  0.51726542E-29
  0.98676364E+13  0.74198005E-29  0.53490213E-29
  0.99141818E+13  0.72495561E-29  0.54816604E-29
  0.99607273E+13  0.70664656E-29  0.56274915E-29
  0.10007273E+14  0.69522787E-29  0.57794953E-29
  0.10053818E+14  0.67504344E-29  0.59529261E-29
  0.10100364E+14  0.65467692E-29  0.60830007E-29
  0.10146909E+14  0.63654467E-29  0.62040298E-29
  0.10193455E+14  0.61893466E-29  0.62839620E-29
  0.10240000E+14  0.60493173E-29  0.64061869E-29
  0.10286545E+14  0.58980365E-29  0.65464257E-29
  0.10333091E+14  0.57155406E-29  0.66629894E-29
  0.10379636E+14  0.55209888E-29  0.67527746E-29
  0.10426182E+14  0.53787994E-29  0.68339322E-29
  0.10472727E+14  0.52165261E-29  0.69266296E-29
  0.10519273E+14  0.50669129E-29  0.70220167E-29
  0.10565818E+14  0.49068189E-29  0.71620528E-29
  0.10612364E+14  0.46840379E-29  0.72391804E-29
  0.10658909E+14  0.45168166E-29  0.73155929E-29
  0.10705455E+14  0.43502626E-29  0.73768273E-29
  0.10752000E+14  0.42028351E-29  0.74513235E-29
  0.10798545E+14  0.40158209E-29  0.75388835E-29
  0.10845091E+14  0.38556233E-29  0.76329377E-29
  0.10891636E+14  0.36399677E-29  0.77006205E-29
  0.10938182E+14  0.34670677E-29  0.77475537E-29
  0.10984727E+14  0.32766464E-29  0.78131805E-29
  0.11031273E+14  0.31076765E-29  0.78757301E-29
  0.11077818E+14  0.29020235E-29  0.79497861E-29
  0.11124364E+14  0.26915685E-29  0.80415635E-29
  0.11170909E+14  0.24341113E-29  0.80982542E-29
  0.11217455E+14  0.21625853E-29  0.81637141E-29
  0.11264000E+14  0.18487306E-29  0.82099031E-29
  0.11310545E+14  0.14136415E-29  0.82869245E-29
  0.11357091E+14  0.69320124E-30  0.78072615E-29
  0.11403636E+14  0.65400949E-30  0.71509163E-29
  0.11450182E+14  0.89065475E-30  0.66526622E-29
  0.11496727E+14  0.12839708E-29  0.63847431E-29
  0.11543273E+14  0.16897867E-29  0.59587028E-29
  0.11589818E+14  0.31872142E-29  0.70357279E-29
  0.11636364E+14  0.25779067E-29  0.87147306E-29
  0.11682909E+14  0.13051068E-29  0.84181184E-29
  0.11729455E+14  0.10585528E-29  0.83258730E-29
  0.11776000E+14  0.81493189E-30  0.83199877E-29
  0.11822545E+14  0.58362659E-30  0.83420258E-29
  0.11869091E+14  0.32444200E-30  0.83754746E-29
  0.11915636E+14  0.64225583E-31  0.83882168E-29
  0.11962182E+14 -0.21488619E-30  0.83842258E-29
  0.12008727E+14 -0.49486813E-30  0.83602737E-29
  0.12055273E+14 -0.76212755E-30  0.82991449E-29
  0.12101818E+14 -0.10213886E-29  0.82644458E-29
  0.12148364E+14 -0.13302574E-29  0.81944275E-29
  0.12194909E+14 -0.16131176E-29  0.80961143E-29
  0.12241455E+14 -0.19143896E-29  0.79661196E-29
  0.12288000E+14 -0.22157360E-29  0.78099819E-29
  0.12334545E+14 -0.25311810E-29  0.76261367E-29
  0.12381091E+14 -0.28561952E-29  0.73366247E-29
  0.12427636E+14 -0.31157289E-29  0.69853594E-29
  0.12474182E+14 -0.32820156E-29  0.64760639E-29
  0.12520727E+14 -0.32786540E-29  0.60933667E-29
  0.12567273E+14 -0.32609311E-29  0.56589712E-29
  0.12613818E+14 -0.29675528E-29  0.53968223E-29
  0.12660364E+14 -0.28372406E-29  0.52981174E-29
  0.12706909E+14 -0.27795611E-29  0.51589798E-29
  0.12753455E+14 -0.26964082E-29  0.50038610E-29
  0.12800000E+14 -0.26144199E-29  0.49164046E-29
  0.12846545E+14 -0.25315687E-29  0.48123789E-29
  0.12893091E+14 -0.24398557E-29  0.46959789E-29
  0.12939636E+14 -0.23140152E-29  0.46014334E-29
  0.12986182E+14 -0.21566378E-29  0.45856791E-29
  0.13032727E+14 -0.20622256E-29  0.46121141E-29
  0.13079273E+14 -0.19930866E-29  0.46409574E-29
  0.13125818E+14 -0.19422167E-29  0.46699759E-29
  0.13172364E+14 -0.18985001E-29  0.47026063E-29
  0.13218909E+14 -0.18617974E-29  0.47429178E-29
  0.13265455E+14 -0.18341576E-29  0.47883263E-29
  0.13312000E+14 -0.18139640E-29  0.48429605E-29
  0.13358545E+14 -0.18015553E-29  0.48989683E-29
  0.13405091E+14 -0.17876817E-29  0.49697431E-29
  0.13451636E+14 -0.17583606E-29  0.50910005E-29
  0.13498182E+14 -0.18691733E-29  0.52240879E-29
  0.13544727E+14 -0.19779583E-29  0.52872955E-29
  0.13591273E+14 -0.20932712E-29  0.53213972E-29
  0.13637818E+14 -0.22047863E-29  0.53011382E-29
  0.13684364E+14 -0.22383782E-29  0.52256745E-29
  0.13730909E+14 -0.21614091E-29  0.52717504E-29
  0.13777455E+14 -0.21769630E-29  0.53790763E-29
  0.13824000E+14 -0.22267605E-29  0.54876132E-29
  0.13870545E+14 -0.23015608E-29  0.55893763E-29
  0.13917091E+14 -0.23870469E-29  0.56959192E-29
  0.13963636E+14 -0.24943116E-29  0.58044401E-29
  0.14010182E+14 -0.26219001E-29  0.59044577E-29
  0.14056727E+14 -0.27619582E-29  0.59949177E-29
  0.14103273E+14 -0.29011668E-29  0.60842255E-29
  0.14149818E+14 -0.30573901E-29  0.61848056E-29
  0.14196364E+14 -0.32363926E-29  0.62786252E-29
  0.14242909E+14 -0.34258476E-29  0.63663413E-29
  0.14289455E+14 -0.36204236E-29  0.64454409E-29
  0.14336000E+14 -0.38253447E-29  0.65466099E-29
  0.14382545E+14 -0.40685094E-29  0.66437880E-29
  0.14429091E+14 -0.43231576E-29  0.67489003E-29
  0.14475636E+14 -0.46173718E-29  0.68459541E-29
  0.14522182E+14 -0.49400935E-29  0.69674473E-29
  0.14568727E+14 -0.53055994E-29  0.70729745E-29
  0.14615273E+14 -0.57389289E-29  0.71955226E-29
  0.14661818E+14 -0.62779914E-29  0.73370436E-29
  0.14708364E+14 -0.69411588E-29  0.74751554E-29
  0.14754909E+14 -0.78692464E-29  0.76558207E-29
  0.14801455E+14 -0.10356694E-28  0.69955054E-29
  0.14848000E+14 -0.10095613E-28  0.49868533E-29
  0.14894545E+14 -0.99377563E-29  0.40863258E-29
  0.14941091E+14 -0.97265411E-29  0.33916435E-29
  0.14987636E+14 -0.95899532E-29  0.27984892E-29
  0.15034182E+14 -0.93685773E-29  0.22507541E-29
  0.15080727E+14 -0.89949354E-29  0.17658993E-29
  0.15127273E+14 -0.86759796E-29  0.16570978E-29
  0.15173818E+14 -0.85471366E-29  0.15247424E-29
  0.15220364E+14 -0.84865547E-29  0.14151176E-29
  0.15266909E+14 -0.85064491E-29  0.12722874E-29
  0.15313455E+14 -0.85287736E-29  0.11012446E-29
  0.15360000E+14 -0.86051417E-29  0.92234559E-30
  0.15406545E+14 -0.86845365E-29  0.69558259E-30
  0.15453091E+14 -0.88117084E-29  0.46780855E-30
  0.15499636E+14 -0.89262926E-29  0.18139747E-30
  0.15546182E+14 -0.90743550E-29 -0.13828035E-30
  0.15592727E+14 -0.92266636E-29 -0.50402742E-30
  0.15639273E+14 -0.94147305E-29 -0.96945285E-30
  0.15685818E+14 -0.96012078E-29 -0.14743222E-29
  0.15732364E+14 -0.97906708E-29 -0.21558109E-29
  0.15778909E+14 -0.10028338E-28 -0.30667344E-29
  0.15825455E+14 -0.10505502E-28 -0.51927447E-29
  0.15872000E+14 -0.76956881E-29 -0.59561430E-29
  0.15918545E+14 -0.66986335E-29 -0.57391981E-29
  0.15965091E+14 -0.59837575E-29 -0.55852637E-29
  0.16011636E+14 -0.54040596E-29 -0.54529959E-29
  0.16058182E+14 -0.48969584E-29 -0.53106659E-29
  0.16104727E+14 -0.44639085E-29 -0.51665030E-29
  0.16151273E+14 -0.40627764E-29 -0.50235010E-29
  0.16197818E+14 -0.36918033E-29 -0.48474264E-29
  0.16244364E+14 -0.33707369E-29 -0.46010821E-29
  0.16290909E+14 -0.32195280E-29 -0.43858178E-29
  0.16337455E+14 -0.30735000E-29 -0.42429251E-29
  0.16384000E+14 -0.29492439E-29 -0.41427823E-29
  0.16430545E+14 -0.28041083E-29 -0.40615001E-29
  0.16477091E+14 -0.26764716E-29 -0.39792593E-29
  0.16523636E+14 -0.25540099E-29 -0.39311975E-29
  0.16570182E+14 -0.24147164E-29 -0.38705117E-29
  0.16616727E+14 -0.23021890E-29 -0.38279607E-29
  0.16663273E+14 -0.21590508E-29 -0.37858706E-29
  0.16709818E+14 -0.20475628E-29 -0.37384338E-29
  0.16756364E+14 -0.19084807E-29 -0.37129467E-29
  0.16802909E+14 -0.17854063E-29 -0.36641854E-29
  0.16849455E+14 -0.16508970E-29 -0.36353907E-29
  0.16896000E+14 -0.15228754E-29 -0.35898495E-29
  0.16942545E+14 -0.13880736E-29 -0.35566280E-29
  0.16989091E+14 -0.12511654E-29 -0.35063391E-29
  0.17035636E+14 -0.11150485E-29 -0.34649575E-29
  0.17082182E+14 -0.97969959E-30 -0.34078816E-29
  0.17128727E+14 -0.82385952E-30 -0.33482928E-29
  0.17175273E+14 -0.68689603E-30 -0.32839036E-29
  0.17221818E+14 -0.54274575E-30 -0.32015772E-29
  0.17268364E+14 -0.39187283E-30 -0.31092771E-29
  0.17314909E+14 -0.23778993E-30 -0.29943548E-29
  0.17361455E+14 -0.70639870E-31 -0.28360822E-29
  0.17408000E+14  0.00000000E+00 -0.25944976E-29
  0.17454545E+14  0.00000000E+00 -0.24356981E-29
  0.17501091E+14  0.00000000E+00 -0.23110016E-29
  0.17547636E+14  0.00000000E+00 -0.22055560E-29
  0.17594182E+14  0.00000000E+00 -0.21135736E-29
  0.17640727E+14  0.00000000E+00 -0.20319682E-29
  0.17687273E+14  0.00000000E+00 -0.19588428E-29
  0.17733818E+14  0.00000000E+00 -0.18929374E-29
  0.17780364E+14  0.00000000E+00 -0.18333799E-29
  0.17826909E+14  0.00000000E+00 -0.17795596E-29
  0.17873455E+14  0.00000000E+00 -0.17310594E-29
  0.17920000E+14  0.00000000E+00 -0.16876202E-29
  0.17966545E+14  0.00000000E+00 -0.16491278E-29
  0.18013091E+14  0.00000000E+00 -0.16156186E-29
  0.18059636E+14  0.00000000E+00 -0.15873091E-29
  0.18106182E+14  0.00000000E+00 -0.15646655E-29
  0.18152727E+14  0.00000000E+00 -0.15485550E-29
  0.18199273E+14  0.00000000E+00 -0.15406110E-29
  0.18245818E+14  0.00000000E+00 -0.15443299E-29
  0.18292364E+14  0.00000000E+00 -0.15703100E-29
  0.18338909E+14  0.75009499E-31 -0.16490178E-29
  0.18385455E+14  0.16949148E-30 -0.16098679E-29
  0.18432000E+14  0.21403248E-30 -0.15794228E-29
  0.18478545E+14  0.25343220E-30 -0.15636714E-29
  0.18525091E+14  0.29606457E-30 -0.15576474E-29
  0.18571636E+14  0.34324895E-30 -0.15596078E-29
  0.18618182E+14  0.40049136E-30 -0.15674160E-29
  0.18664727E+14  0.47392689E-30 -0.15830793E-29
  0.18711273E+14  0.56398523E-30 -0.15985039E-29
  0.18757818E+14  0.67508085E-30 -0.16102016E-29
  0.18804364E+14  0.80498710E-30 -0.16175285E-29
  0.18850909E+14  0.96801029E-30 -0.16218741E-29
  0.18897455E+14  0.11872744E-29 -0.16208401E-29
  0.18944000E+14  0.14871127E-29 -0.14849721E-29
  0.18990545E+14  0.17515546E-29 -0.11940591E-29
  0.19037091E+14  0.18345056E-29 -0.89638626E-30
  0.19083636E+14  0.18632766E-29 -0.62197111E-30
  0.19130182E+14  0.18658905E-29 -0.41539444E-30
  0.19176727E+14  0.17691612E-29 -0.15814446E-30
  0.19223273E+14  0.17758360E-29  0.15285840E-31
  0.19269818E+14  0.16378580E-29  0.22714047E-30
  0.19316364E+14  0.16048134E-29  0.36367411E-30
  0.19362909E+14  0.15075549E-29  0.52304299E-30
  0.19409455E+14  0.14268061E-29  0.66357792E-30
  0.19456000E+14  0.12928544E-29  0.77696391E-30
  0.19502545E+14  0.12526762E-29  0.87556378E-30
  0.19549091E+14  0.10953446E-29  0.10088961E-29
  0.19595636E+14  0.10166196E-29  0.10692767E-29
  0.19642182E+14  0.86750913E-30  0.11561661E-29
  0.19688727E+14  0.78423656E-30  0.12015059E-29
  0.19735273E+14  0.67289704E-30  0.13036226E-29
  0.19781818E+14  0.54389149E-30  0.13329617E-29
  0.19828364E+14  0.45314647E-30  0.13326266E-29
  0.19874909E+14  0.37158754E-30  0.14209324E-29
  0.19921455E+14  0.21696378E-30  0.14347799E-29
  0.19968000E+14  0.16086585E-30  0.14498306E-29
  0.20014545E+14 -0.23128044E-31  0.14748379E-29
  0.20061091E+14 -0.53560854E-31  0.14233463E-29
  0.20107636E+14 -0.15176141E-30  0.14989805E-29
  0.20154182E+14 -0.32695667E-30  0.14456275E-29
  0.20200727E+14 -0.32833437E-30  0.14434161E-29
  0.20247273E+14 -0.48970944E-30  0.14324924E-29
  0.20293818E+14 -0.54341847E-30  0.13604069E-29
  0.20340364E+14 -0.62645617E-30  0.13590481E-29
  0.20386909E+14 -0.70853644E-30  0.12832151E-29
  0.20433455E+14 -0.73982662E-30  0.12663126E-29
  0.20480000E+14 -0.80707776E-30  0.12110126E-29
  0.20526545E+14 -0.86071321E-30  0.11653038E-29
  0.20573091E+14 -0.89148440E-30  0.11108289E-29
  0.20619636E+14 -0.89951923E-30  0.10984984E-29
  0.20666182E+14 -0.95557705E-30  0.10796624E-29
  0.20712727E+14 -0.10065474E-29  0.10331121E-29
  0.20759273E+14 -0.10371481E-29  0.97557170E-30
  0.20805818E+14 -0.10464047E-29  0.94483995E-30
  0.20852364E+14 -0.10894817E-29  0.92740758E-30
  0.20898909E+14 -0.11142750E-29  0.86877561E-30
  0.20945455E+14 -0.11141812E-29  0.81793236E-30
  0.20992000E+14 -0.10984720E-29  0.81423372E-30
  0.21038545E+14 -0.11443852E-29  0.79101829E-30
  0.21085091E+14 -0.11454087E-29  0.75594645E-30
  0.21131636E+14 -0.11651755E-29  0.74348405E-30
  0.21178182E+14 -0.11755396E-29  0.70712367E-30
  0.21224727E+14 -0.11820047E-29  0.69117008E-30
  0.21271273E+14 -0.11955475E-29  0.66877521E-30
  0.21317818E+14 -0.11884561E-29  0.64544001E-30
  0.21364364E+14 -0.12079034E-29  0.64795563E-30
  0.21410909E+14 -0.12223766E-29  0.62328896E-30
  0.21457455E+14 -0.12269729E-29  0.59769339E-30
  0.21504000E+14 -0.12311738E-29  0.59011519E-30
  0.21550545E+14 -0.12395233E-29  0.57179365E-30
  0.21597091E+14 -0.12391697E-29  0.56987153E-30
  0.21643636E+14 -0.12567811E-29  0.56459325E-30
  0.21690182E+14 -0.12825553E-29  0.54752303E-30
  0.21736727E+14 -0.12713567E-29  0.52649276E-30
  0.21783273E+14 -0.12822128E-29  0.53101207E-30
  0.21829818E+14 -0.12964609E-29  0.52775354E-30
  0.21876364E+14 -0.13157182E-29  0.51587115E-30
  0.21922909E+14 -0.13216257E-29  0.51188578E-30
  0.21969455E+14 -0.13456491E-29  0.50506477E-30
  0.22016000E+14 -0.13576865E-29  0.49615435E-30
  0.22062545E+14 -0.13696868E-29  0.48866262E-30
  0.22109091E+14 -0.13909933E-29  0.49137212E-30
  0.22155636E+14 -0.14117875E-29  0.47859275E-30
  0.22202182E+14 -0.14301283E-29  0.46688145E-30
  0.22248727E+14 -0.14422819E-29  0.46542867E-30
  0.22295273E+14 -0.14729661E-29  0.46853253E-30
  0.22341818E+14 -0.15050267E-29  0.44986483E-30
  0.22388364E+14 -0.15215816E-29  0.43410117E-30
  0.22434909E+14 -0.15400889E-29  0.43208304E-30
  0.22481455E+14 -0.15750862E-29  0.42558837E-30
  0.22528000E+14 -0.15986371E-29  0.41191134E-30
  0.22574545E+14 -0.16371725E-29  0.40191441E-30
  0.22621091E+14 -0.16693813E-29  0.38147607E-30
  0.22667636E+14 -0.16951299E-29  0.36011658E-30
  0.22714182E+14 -0.17258371E-29  0.35325837E-30
  0.22760727E+14 -0.17691480E-29  0.32871971E-30
  0.22807273E+14 -0.17988500E-29  0.30258480E-30
  0.22853818E+14 -0.18294997E-29  0.28506873E-30
  0.22900364E+14 -0.18756535E-29  0.26173142E-30
  0.22946909E+14 -0.19137420E-29  0.22553211E-30
  0.22993455E+14 -0.19494449E-29  0.19079170E-30
  0.23040000E+14 -0.19831249E-29  0.15839066E-30
  0.23086545E+14 -0.20242523E-29  0.12517376E-30
  0.23133091E+14 -0.20675165E-29  0.83537893E-31
  0.23179636E+14 -0.21101511E-29  0.35447492E-31
  0.23226182E+14 -0.21490078E-29 -0.16490297E-31
  0.23272727E+14 -0.21838387E-29 -0.71155599E-31
  0.23319273E+14 -0.22241153E-29 -0.12424348E-30
  0.23365818E+14 -0.22663750E-29 -0.18667879E-30
  0.23412364E+14 -0.23101926E-29 -0.25891654E-30
  0.23458909E+14 -0.23457384E-29 -0.33609833E-30
  0.23505455E+14 -0.23916792E-29 -0.41774273E-30
  0.23552000E+14 -0.24514471E-29 -0.51205841E-30
  0.23598545E+14 -0.25450298E-29 -0.75072902E-30
  0.23645091E+14 -0.23823906E-29 -0.90526273E-30
  0.23691636E+14 -0.23026127E-29 -0.99276671E-30
  0.23738182E+14 -0.22294786E-29 -0.10483306E-29
  0.23784727E+14 -0.21477294E-29 -0.11179305E-29
  0.23831273E+14 -0.21004694E-29 -0.11626993E-29
  0.23877818E+14 -0.20269511E-29 -0.12040326E-29
  0.23924364E+14 -0.19838508E-29 -0.12393597E-29
  0.23970909E+14 -0.19249625E-29 -0.12866953E-29
  0.24017455E+14 -0.18816156E-29 -0.13036464E-29
  0.24064000E+14 -0.18355397E-29 -0.13565668E-29
  0.24110545E+14 -0.17735271E-29 -0.13713352E-29
  0.24157091E+14 -0.17505387E-29 -0.13987757E-29
  0.24203636E+14 -0.16914477E-29 -0.14384866E-29
  0.24250182E+14 -0.16461519E-29 -0.14458465E-29
  0.24296727E+14 -0.16264327E-29 -0.14840227E-29
  0.24343273E+14 -0.15572887E-29 -0.15100938E-29
  0.24389818E+14 -0.15279339E-29 -0.15120118E-29
  0.24436364E+14 -0.15039299E-29 -0.15523974E-29
  0.24482909E+14 -0.14437542E-29 -0.15731898E-29
  0.24529455E+14 -0.14113255E-29 -0.15792403E-29
  0.24576000E+14 -0.13850594E-29 -0.16139416E-29
  0.24622545E+14 -0.13236897E-29 -0.16371326E-29
  0.24669091E+14 -0.12893129E-29 -0.16325296E-29
  0.24715636E+14 -0.12744799E-29 -0.16636454E-29
  0.24762182E+14 -0.12148352E-29 -0.16938368E-29
  0.24808727E+14 -0.11725366E-29 -0.16935331E-29
  0.24855273E+14 -0.11537018E-29 -0.17100926E-29
  0.24901818E+14 -0.11039744E-29 -0.17467124E-29
  0.24948364E+14 -0.10526056E-29 -0.17481686E-29
  0.24994909E+14 -0.10382465E-29 -0.17599011E-29
  0.25041455E+14 -0.98336392E-30 -0.17926979E-29
  0.25088000E+14 -0.94581020E-30 -0.17952669E-29
  0.25134545E+14 -0.91523956E-30 -0.18170939E-29
  0.25181091E+14 -0.85847485E-30 -0.18435962E-29
  0.25227636E+14 -0.81664070E-30 -0.18364328E-29
  0.25274182E+14 -0.80242709E-30 -0.18601584E-29
  0.25320727E+14 -0.73864967E-30 -0.18975445E-29
  0.25367273E+14 -0.67988144E-30 -0.18878268E-29
  0.25413818E+14 -0.66421235E-30 -0.19061358E-29
  0.25460364E+14 -0.60167868E-30 -0.19322315E-29
  0.25506909E+14 -0.55398946E-30 -0.19437197E-29
  0.25553455E+14 -0.49716623E-30 -0.19589914E-29
  0.25600000E+14 -0.45246369E-30 -0.19652254E-29
  0.25646545E+14 -0.40157409E-30 -0.19923506E-29
  0.25693091E+14 -0.32401236E-30 -0.20037109E-29
  0.25739636E+14 -0.28799746E-30 -0.20062737E-29
  0.25786182E+14 -0.21091541E-30 -0.20333663E-29
  0.25832727E+14 -0.14316493E-30 -0.20386648E-29
  0.25879273E+14 -0.71696826E-31 -0.20464609E-29
  0.25925818E+14 -0.12105973E-32 -0.20637119E-29
  0.25972364E+14  0.94939851E-31 -0.20571748E-29
  0.26018909E+14  0.17017818E-30 -0.20678122E-29
  0.26065455E+14  0.27986616E-30 -0.20675649E-29
  0.26112000E+14  0.37075281E-30 -0.20567005E-29
  0.26158545E+14  0.49737524E-30 -0.20492168E-29
  0.26205091E+14  0.60885983E-30 -0.20253043E-29
  0.26251636E+14  0.76280318E-30 -0.19968874E-29
  0.26298182E+14  0.90966639E-30 -0.19492658E-29
  0.26344727E+14  0.10879568E-29 -0.18780334E-29
  0.26391273E+14  0.12972076E-29 -0.17868438E-29
  0.26437818E+14  0.15516739E-29 -0.16411037E-29
  0.26484364E+14  0.18943462E-29 -0.12900543E-29
  0.26530909E+14  0.20445940E-29 -0.70843114E-30
  0.26577455E+14  0.18906192E-29 -0.26374351E-31
  0.26624000E+14  0.13268832E-29  0.65014973E-30
  0.26670545E+14  0.13643683E-30  0.47394559E-30
  0.26717091E+14  0.13762726E-30 -0.90035367E-31
  0.26763636E+14  0.13879844E-30 -0.26784749E-30
  0.26810182E+14  0.13994495E-30 -0.37013106E-30
  0.26856727E+14  0.14108962E-30 -0.43641388E-30
  0.26903273E+14  0.14222207E-30 -0.48213156E-30
  0.26949818E+14  0.14339755E-30 -0.51486178E-30
  0.26996364E+14  0.14459797E-30 -0.53879063E-30
  0.27042909E+14  0.14582647E-30 -0.55648611E-30
  0.27089455E+14  0.14707282E-30 -0.56961349E-30
  0.27136000E+14  0.14835054E-30 -0.57928872E-30
  0.27182545E+14  0.14963197E-30 -0.58628714E-30
  0.27229091E+14  0.15091178E-30 -0.59119728E-30
  0.27275636E+14  0.15215464E-30 -0.59445123E-30
  0.27322182E+14  0.15336755E-30 -0.59641855E-30
  0.27368727E+14  0.15459221E-30 -0.59737147E-30
  0.27415273E+14  0.15586957E-30 -0.59747248E-30
  0.27461818E+14  0.15718703E-30 -0.59684538E-30
  0.27508364E+14  0.15853606E-30 -0.59561255E-30
  0.27554909E+14  0.15992791E-30 -0.59385066E-30
  0.27601455E+14  0.16130987E-30 -0.59161946E-30
  0.27648000E+14  0.16266061E-30 -0.58903309E-30
  0.27694545E+14  0.16399728E-30 -0.58615608E-30
  0.27741091E+14  0.16531896E-30 -0.58306084E-30
  0.27787636E+14  0.16665869E-30 -0.57979667E-30
  0.27834182E+14  0.16804618E-30 -0.57637375E-30
  0.27880727E+14  0.16946908E-30 -0.57278512E-30
  0.27927273E+14  0.17092510E-30 -0.56906797E-30
  0.27973818E+14  0.17241625E-30 -0.56520781E-30
  0.28020364E+14  0.17389918E-30 -0.56121839E-30
  0.28066909E+14  0.17536023E-30 -0.55714781E-30
  0.28113455E+14  0.17682108E-30 -0.55301826E-30
  0.28160000E+14  0.17826676E-30 -0.54884291E-30
  0.28206545E+14  0.17972028E-30 -0.54466818E-30
  0.28253091E+14  0.18121967E-30 -0.54048637E-30
  0.28299636E+14  0.18277842E-30 -0.53626856E-30
  0.28346182E+14  0.18437805E-30 -0.53199777E-30
  0.28392727E+14  0.18600532E-30 -0.52765859E-30
  0.28439273E+14  0.18761677E-30 -0.52326091E-30
  0.28485818E+14  0.18919001E-30 -0.51884493E-30
  0.28532364E+14  0.19074024E-30 -0.51444866E-30
  0.28578909E+14  0.19231036E-30 -0.51010671E-30
  0.28625455E+14  0.19394498E-30 -0.50578018E-30
  0.28672000E+14  0.19564270E-30 -0.50143275E-30
  0.28718545E+14  0.19737617E-30 -0.49704056E-30
  0.28765091E+14  0.19911984E-30 -0.49261235E-30
  0.28811636E+14  0.20085837E-30 -0.48815536E-30
  0.28858182E+14  0.20258028E-30 -0.48368802E-30
  0.28904727E+14  0.20428642E-30 -0.47924385E-30
  0.28951273E+14  0.20601764E-30 -0.47485331E-30
  0.28997818E+14  0.20782716E-30 -0.47045927E-30
  0.29044364E+14  0.20966557E-30 -0.46604008E-30
  0.29090909E+14  0.21153243E-30 -0.46160844E-30
  0.29137455E+14  0.21344445E-30 -0.45714422E-30
  0.29184000E+14  0.21535614E-30 -0.45263541E-30
  0.29230545E+14  0.21725470E-30 -0.44811855E-30
  0.29277091E+14  0.21915161E-30 -0.44360584E-30
  0.29323636E+14  0.22108146E-30 -0.43912835E-30
  0.29370182E+14  0.22306690E-30 -0.43464227E-30
  0.29416727E+14  0.22509677E-30 -0.43013827E-30
  0.29463273E+14  0.22719663E-30 -0.42560232E-30
  0.29509818E+14  0.22932869E-30 -0.42098639E-30
  0.29556364E+14  0.23144159E-30 -0.41631484E-30
  0.29602909E+14  0.23353636E-30 -0.41163789E-30
  0.29649455E+14  0.23565686E-30 -0.40698171E-30
  0.29696000E+14  0.23785134E-30 -0.40231663E-30
  0.29742545E+14  0.24010051E-30 -0.39760668E-30
  0.29789091E+14  0.24242239E-30 -0.39283649E-30
  0.29835636E+14  0.24476817E-30 -0.38796390E-30
  0.29882182E+14  0.24709570E-30 -0.38303004E-30
  0.29928727E+14  0.24942562E-30 -0.37807988E-30
  0.29975273E+14  0.25179826E-30 -0.37312701E-30
  0.30021818E+14  0.25426107E-30 -0.36812654E-30
  0.30068364E+14  0.25678002E-30 -0.36305211E-30
  0.30114909E+14  0.25937085E-30 -0.35790913E-30
  0.30161455E+14  0.26203224E-30 -0.35266244E-30
  0.30208000E+14  0.26470469E-30 -0.34732752E-30
  0.30254545E+14  0.26744989E-30 -0.34195833E-30
  0.30301091E+14  0.27032840E-30 -0.33657567E-30
  0.30347636E+14  0.27347913E-30 -0.33108176E-30
  0.30394182E+14  0.27701947E-30 -0.32531262E-30
  0.30440727E+14  0.28064629E-30 -0.31885659E-30
  0.30487273E+14  0.28403596E-30 -0.31198936E-30
  0.30533818E+14  0.28718309E-30 -0.30478537E-30
  0.30580364E+14  0.29013542E-30 -0.29739281E-30
  0.30626909E+14  0.29287338E-30 -0.28996738E-30
  0.30673455E+14  0.29566006E-30 -0.28229977E-30
  0.30720000E+14  0.29826569E-30 -0.27439143E-30
  0.30766545E+14  0.30076510E-30 -0.26628730E-30
  0.30813091E+14  0.30297775E-30 -0.25796604E-30
  0.30859636E+14  0.30514048E-30 -0.24962556E-30
  0.30906182E+14  0.30715645E-30 -0.24108407E-30
  0.30952727E+14  0.30911386E-30 -0.23244204E-30
  0.30999273E+14  0.31106959E-30 -0.22365476E-30
  0.31045818E+14  0.31310957E-30 -0.21451498E-30
  0.31092364E+14  0.31488443E-30 -0.20501667E-30
  0.31138909E+14  0.31648579E-30 -0.19535994E-30
  0.31185455E+14  0.31807272E-30 -0.18557197E-30
  0.31232000E+14  0.31977317E-30 -0.17542418E-30
  0.31278545E+14  0.32139844E-30 -0.16482477E-30
  0.31325091E+14  0.32297470E-30 -0.15379302E-30
  0.31371636E+14  0.32450597E-30 -0.14230950E-30
  0.31418182E+14  0.32609315E-30 -0.13020473E-30
  0.31464727E+14  0.32758011E-30 -0.11739139E-30
  0.31511273E+14  0.32906218E-30 -0.10380821E-30
  0.31557818E+14  0.33059146E-30 -0.89260667E-31
  0.31604364E+14  0.33218924E-30 -0.73423122E-31
  0.31650909E+14  0.33370732E-30 -0.55956027E-31
  0.31697455E+14  0.33513767E-30 -0.36584155E-31
  0.31744000E+14  0.33663810E-30 -0.14648455E-31
  0.31790545E+14  0.33830694E-30  0.11027628E-31
  0.31837091E+14  0.34007492E-30  0.42551903E-31
  0.31883636E+14  0.34171362E-30  0.83653611E-31
  0.31930182E+14  0.34326923E-30  0.14407743E-30
  0.31976727E+14  0.34488215E-30  0.26944031E-30
  0.32023273E+14  0.00000000E+00  0.27625771E-30
  0.32069818E+14  0.00000000E+00  0.15848372E-30
  0.32116364E+14  0.00000000E+00  0.10634683E-30
  0.32162909E+14  0.00000000E+00  0.73194287E-31
  0.32209455E+14  0.00000000E+00  0.49249216E-31
  0.32256000E+14  0.00000000E+00  0.30745409E-31
  0.32302545E+14  0.00000000E+00  0.15830369E-31
  0.32349091E+14  0.00000000E+00  0.34556061E-32
  0.32395636E+14  0.00000000E+00 -0.70298270E-32
  0.32442182E+14  0.00000000E+00 -0.16057625E-31
  0.32488727E+14  0.00000000E+00 -0.23928628E-31
  0.32535273E+14  0.00000000E+00 -0.30860749E-31
  0.32581818E+14  0.00000000E+00 -0.37016807E-31
  0.32628364E+14  0.00000000E+00 -0.42521596E-31
  0.32674909E+14  0.00000000E+00 -0.47472823E-31
  0.32721455E+14  0.00000000E+00 -0.51948378E-31
  0.32768000E+14  0.00000000E+00 -0.56011329E-31
  0.32814545E+14  0.00000000E+00 -0.59713431E-31
  0.32861091E+14  0.00000000E+00 -0.63097660E-31
  0.32907636E+14  0.00000000E+00 -0.66200079E-31
  0.32954182E+14  0.00000000E+00 -0.69051230E-31
  0.33000727E+14  0.00000000E+00 -0.71677196E-31
  0.33047273E+14  0.00000000E+00 -0.74100419E-31
  0.33093818E+14  0.00000000E+00 -0.76340341E-31
  0.33140364E+14  0.00000000E+00 -0.78413906E-31
  0.33186909E+14  0.00000000E+00 -0.80335969E-31
  0.33233455E+14  0.00000000E+00 -0.82119616E-31
  0.33280000E+14  0.00000000E+00 -0.83776434E-31
  0.33326545E+14  0.00000000E+00 -0.85316724E-31
  0.33373091E+14  0.00000000E+00 -0.86749685E-31
  0.33419636E+14  0.00000000E+00 -0.88083558E-31
  0.33466182E+14  0.00000000E+00 -0.89325756E-31
  0.33512727E+14  0.00000000E+00 -0.90482967E-31
  0.33559273E+14  0.00000000E+00 -0.91561243E-31
  0.33605818E+14  0.00000000E+00 -0.92566077E-31
  0.33652364E+14  0.00000000E+00 -0.93502469E-31
  0.33698909E+14  0.00000000E+00 -0.94374980E-31
  0.33745455E+14  0.00000000E+00 -0.95187780E-31
  0.33792000E+14  0.00000000E+00 -0.95944692E-31
  0.33838545E+14  0.00000000E+00 -0.96649228E-31
  0.33885091E+14  0.00000000E+00 -0.97304621E-31
  0.33931636E+14  0.00000000E+00 -0.97913849E-31
  0.33978182E+14  0.00000000E+00 -0.98479666E-31
  0.34024727E+14  0.00000000E+00 -0.99004619E-31
  0.34071273E+14  0.00000000E+00 -0.99491069E-31
  0.34117818E+14  0.00000000E+00 -0.99941209E-31
  0.34164364E+14  0.00000000E+00 -0.10035708E-30
  0.34210909E+14  0.00000000E+00 -0.10074057E-30
  0.34257455E+14  0.00000000E+00 -0.10109345E-30
  0.34304000E+14  0.00000000E+00 -0.10141737E-30
  0.34350545E+14  0.00000000E+00 -0.10171388E-30
  0.34397091E+14  0.00000000E+00 -0.10198442E-30
  0.34443636E+14  0.00000000E+00 -0.10223034E-30
  0.34490182E+14  0.00000000E+00 -0.10245291E-30
  0.34536727E+14  0.00000000E+00 -0.10265332E-30
  0.34583273E+14  0.00000000E+00 -0.10283269E-30
  0.34629818E+14  0.00000000E+00 -0.10299206E-30
  0.34676364E+14  0.00000000E+00 -0.10313244E-30
  0.34722909E+14  0.00000000E+00 -0.10325475E-30
  0.34769455E+14  0.00000000E+00 -0.10335986E-30
  0.34816000E+14  0.00000000E+00 -0.10344863E-30
  0.34862545E+14  0.00000000E+00 -0.10352181E-30
  0.34909091E+14  0.00000000E+00 -0.10358017E-30
  0.34955636E+14  0.00000000E+00 -0.10362440E-30
  0.35002182E+14  0.00000000E+00 -0.10365516E-30
  0.35048727E+14  0.00000000E+00 -0.10367308E-30
  0.35095273E+14  0.00000000E+00 -0.10367876E-30
  0.35141818E+14  0.00000000E+00 -0.10367276E-30
  0.35188364E+14  0.00000000E+00 -0.10365562E-30
  0.35234909E+14  0.00000000E+00 -0.10362785E-30
  0.35281455E+14  0.00000000E+00 -0.10358994E-30
  0.35328000E+14  0.00000000E+00 -0.10354234E-30
  0.35374545E+14  0.00000000E+00 -0.10348549E-30
  0.35421091E+14  0.00000000E+00 -0.10341980E-30
  0.35467636E+14  0.00000000E+00 -0.10334569E-30
  0.35514182E+14  0.00000000E+00 -0.10326351E-30
  0.35560727E+14  0.00000000E+00 -0.10317364E-30
  0.35607273E+14  0.00000000E+00 -0.10307641E-30
  0.35653818E+14  0.00000000E+00 -0.10297215E-30
  0.35700364E+14  0.00000000E+00 -0.10286118E-30
  0.35746909E+14  0.00000000E+00 -0.10274380E-30
  0.35793455E+14  0.00000000E+00 -0.10262029E-30
  0.35840000E+14  0.00000000E+00 -0.10249091E-30
  0.35886545E+14  0.00000000E+00 -0.10235594E-30
  0.35933091E+14  0.00000000E+00 -0.10221562E-30
  0.35979636E+14  0.00000000E+00 -0.10207019E-30
  0.36026182E+14  0.00000000E+00 -0.10191987E-30
  0.36072727E+14  0.00000000E+00 -0.10176489E-30
  0.36119273E+14  0.00000000E+00 -0.10160546E-30
  0.36165818E+14  0.00000000E+00 -0.10144176E-30
  0.36212364E+14  0.00000000E+00 -0.10127400E-30
  0.36258909E+14  0.00000000E+00 -0.10110236E-30
  0.36305455E+14  0.00000000E+00 -0.10092702E-30
  0.36352000E+14  0.00000000E+00 -0.10074814E-30
  0.36398545E+14  0.00000000E+00 -0.10056588E-30
  0.36445091E+14  0.00000000E+00 -0.10038040E-30
  0.36491636E+14  0.00000000E+00 -0.10019185E-30
  0.36538182E+14  0.00000000E+00 -0.10000038E-30
  0.36584727E+14  0.00000000E+00 -0.99806112E-31
  0.36631273E+14  0.00000000E+00 -0.99609188E-31
  0.36677818E+14  0.00000000E+00 -0.99409732E-31
  0.36724364E+14  0.00000000E+00 -0.99207865E-31
  0.36770909E+14  0.00000000E+00 -0.99003706E-31
  0.36817455E+14  0.00000000E+00 -0.98797365E-31
  0.36864000E+14  0.00000000E+00 -0.98588951E-31
  0.36910545E+14  0.00000000E+00 -0.98378568E-31
  0.36957091E+14  0.00000000E+00 -0.98166316E-31
  0.37003636E+14  0.00000000E+00 -0.97952291E-31
  0.37050182E+14  0.00000000E+00 -0.97736585E-31
  0.37096727E+14  0.00000000E+00 -0.97519287E-31
  0.37143273E+14  0.00000000E+00 -0.97300483E-31
  0.37189818E+14  0.00000000E+00 -0.97080254E-31
  0.37236364E+14  0.00000000E+00 -0.96858681E-31
  0.37282909E+14  0.00000000E+00 -0.96635839E-31
  0.37329455E+14  0.00000000E+00 -0.96411802E-31
  0.37376000E+14  0.00000000E+00 -0.96186641E-31
  0.37422545E+14  0.00000000E+00 -0.95960423E-31
  0.37469091E+14  0.00000000E+00 -0.95733215E-31
  0.37515636E+14  0.00000000E+00 -0.95505079E-31
  0.37562182E+14  0.00000000E+00 -0.95276076E-31
  0.37608727E+14  0.00000000E+00 -0.95046266E-31
  0.37655273E+14  0.00000000E+00 -0.94815703E-31
  0.37701818E+14  0.00000000E+00 -0.94584444E-31
  0.37748364E+14  0.00000000E+00 -0.94352540E-31
  0.37794909E+14  0.00000000E+00 -0.94120042E-31
  0.37841455E+14  0.00000000E+00 -0.93886999E-31
  0.37888000E+14  0.00000000E+00 -0.93653457E-31
  0.37934545E+14  0.00000000E+00 -0.93419462E-31
  0.37981091E+14  0.00000000E+00 -0.93185057E-31
  0.38027636E+14  0.00000000E+00 -0.92950286E-31
  0.38074182E+14  0.00000000E+00 -0.92715187E-31
  0.38120727E+14  0.00000000E+00 -0.92479801E-31
  0.38167273E+14  0.00000000E+00 -0.92244164E-31
  0.38213818E+14  0.00000000E+00 -0.92008314E-31
  0.38260364E+14  0.00000000E+00 -0.91772286E-31
  0.38306909E+14  0.00000000E+00 -0.91536112E-31
  0.38353455E+14  0.00000000E+00 -0.91299827E-31
  0.38400000E+14  0.00000000E+00 -0.91063460E-31
  0.38446545E+14  0.00000000E+00 -0.90827043E-31
  0.38493091E+14  0.00000000E+00 -0.90590605E-31
  0.38539636E+14  0.00000000E+00 -0.90354173E-31
  0.38586182E+14  0.00000000E+00 -0.90117776E-31
  0.38632727E+14  0.00000000E+00 -0.89881438E-31
  0.38679273E+14  0.00000000E+00 -0.89645186E-31
  0.38725818E+14  0.00000000E+00 -0.89409044E-31
  0.38772364E+14  0.00000000E+00 -0.89173035E-31
  0.38818909E+14  0.00000000E+00 -0.88937182E-31
  0.38865455E+14  0.00000000E+00 -0.88701506E-31
  0.38912000E+14  0.00000000E+00 -0.88466029E-31
  0.38958545E+14  0.00000000E+00 -0.88230770E-31
  0.39005091E+14  0.00000000E+00 -0.87995750E-31
  0.39051636E+14  0.00000000E+00 -0.87760987E-31
  0.39098182E+14  0.00000000E+00 -0.87526499E-31
  0.39144727E+14  0.00000000E+00 -0.87292304E-31
  0.39191273E+14  0.00000000E+00 -0.87058418E-31
  0.39237818E+14  0.00000000E+00 -0.86824858E-31
  0.39284364E+14  0.00000000E+00 -0.86591639E-31
  0.39330909E+14  0.00000000E+00 -0.86358776E-31
  0.39377455E+14  0.00000000E+00 -0.86126284E-31
  0.39424000E+14  0.00000000E+00 -0.85894177E-31
  0.39470545E+14  0.00000000E+00 -0.85662467E-31
  0.39517091E+14  0.00000000E+00 -0.85431168E-31
  0.39563636E+14  0.00000000E+00 -0.85200292E-31
  0.39610182E+14  0.00000000E+00 -0.84969851E-31
  0.39656727E+14  0.00000000E+00 -0.84739856E-31
  0.39703273E+14  0.00000000E+00 -0.84510319E-31
  0.39749818E+14  0.00000000E+00 -0.84281250E-31
  0.39796364E+14  0.00000000E+00 -0.84052660E-31
  0.39842909E+14  0.00000000E+00 -0.83824557E-31
  0.39889455E+14  0.00000000E+00 -0.83596951E-31
  0.39936000E+14  0.00000000E+00 -0.83369852E-31
  0.39982545E+14  0.00000000E+00 -0.83143268E-31
  0.40029091E+14  0.00000000E+00 -0.82917207E-31
  0.40075636E+14  0.00000000E+00 -0.82691676E-31
  0.40122182E+14  0.00000000E+00 -0.82466685E-31
  0.40168727E+14  0.00000000E+00 -0.82242240E-31
  0.40215273E+14  0.00000000E+00 -0.82018347E-31
  0.40261818E+14  0.00000000E+00 -0.81795015E-31
  0.40308364E+14  0.00000000E+00 -0.81572248E-31
  0.40354909E+14  0.00000000E+00 -0.81350053E-31
  0.40401455E+14  0.00000000E+00 -0.81128436E-31
  0.40448000E+14  0.00000000E+00 -0.80907403E-31
  0.40494545E+14  0.00000000E+00 -0.80686959E-31
  0.40541091E+14  0.00000000E+00 -0.80467108E-31
  0.40587636E+14  0.00000000E+00 -0.80247856E-31
  0.40634182E+14  0.00000000E+00 -0.80029207E-31
  0.40680727E+14  0.00000000E+00 -0.79811166E-31
  0.40727273E+14  0.00000000E+00 -0.79593737E-31
  0.40773818E+14  0.00000000E+00 -0.79376923E-31
  0.40820364E+14  0.00000000E+00 -0.79160729E-31
  0.40866909E+14  0.00000000E+00 -0.78945158E-31
  0.40913455E+14  0.00000000E+00 -0.78730213E-31
  0.40960000E+14  0.00000000E+00 -0.78515898E-31
  0.41006545E+14  0.00000000E+00 -0.78302215E-31
  0.41053091E+14  0.00000000E+00 -0.78089167E-31
  0.41099636E+14  0.00000000E+00 -0.77876757E-31
  0.41146182E+14  0.00000000E+00 -0.77664988E-31
  0.41192727E+14  0.00000000E+00 -0.77453861E-31
  0.41239273E+14  0.00000000E+00 -0.77243379E-31
  0.41285818E+14  0.00000000E+00 -0.77033544E-31
  0.41332364E+14  0.00000000E+00 -0.76824357E-31
  0.41378909E+14  0.00000000E+00 -0.76615821E-31
  0.41425455E+14  0.00000000E+00 -0.76407937E-31
  0.41472000E+14  0.00000000E+00 -0.76200706E-31
  0.41518545E+14  0.00000000E+00 -0.75994131E-31
  0.41565091E+14  0.00000000E+00 -0.75788211E-31
  0.41611636E+14  0.00000000E+00 -0.75582948E-31
  0.41658182E+14  0.00000000E+00 -0.75378343E-31
  0.41704727E+14  0.00000000E+00 -0.75174398E-31
  0.41751273E+14  0.00000000E+00 -0.74971112E-31
  0.41797818E+14  0.00000000E+00 -0.74768486E-31
  0.41844364E+14  0.00000000E+00 -0.74566522E-31
  0.41890909E+14  0.00000000E+00 -0.74365219E-31
  0.41937455E+14  0.00000000E+00 -0.74164577E-31
  0.41984000E+14  0.00000000E+00 -0.73964598E-31
  0.42030545E+14  0.00000000E+00 -0.73765280E-31
  0.42077091E+14  0.00000000E+00 -0.73566625E-31
  0.42123636E+14  0.00000000E+00 -0.73368632E-31
  0.42170182E+14  0.00000000E+00 -0.73171302E-31
  0.42216727E+14  0.00000000E+00 -0.72974634E-31
  0.42263273E+14  0.00000000E+00 -0.72778627E-31
  0.42309818E+14  0.00000000E+00 -0.72583282E-31
  0.42356364E+14  0.00000000E+00 -0.72388598E-31
  0.42402909E+14  0.00000000E+00 -0.72194575E-31
  0.42449455E+14  0.00000000E+00 -0.72001212E-31
  0.42496000E+14  0.00000000E+00 -0.71808509E-31
  0.42542545E+14  0.00000000E+00 -0.71616465E-31
  0.42589091E+14  0.00000000E+00 -0.71425079E-31
  0.42635636E+14  0.00000000E+00 -0.71234351E-31
  0.42682182E+14  0.00000000E+00 -0.71044279E-31
  0.42728727E+14  0.00000000E+00 -0.70854864E-31
  0.42775273E+14  0.00000000E+00 -0.70666104E-31
  0.42821818E+14  0.00000000E+00 -0.70477998E-31
  0.42868364E+14  0.00000000E+00 -0.70290544E-31
  0.42914909E+14  0.00000000E+00 -0.70103743E-31
  0.42961455E+14  0.00000000E+00 -0.69917593E-31
  0.43008000E+14  0.00000000E+00 -0.69732093E-31
  0.43054545E+14  0.00000000E+00 -0.69547241E-31
  0.43101091E+14  0.00000000E+00 -0.69363036E-31
  0.43147636E+14  0.00000000E+00 -0.69179478E-31
  0.43194182E+14  0.00000000E+00 -0.68996565E-31
  0.43240727E+14  0.00000000E+00 -0.68814295E-31
  0.43287273E+14  0.00000000E+00 -0.68632667E-31
  0.43333818E+14  0.00000000E+00 -0.68451679E-31
  0.43380364E+14  0.00000000E+00 -0.68271331E-31
  0.43426909E+14  0.00000000E+00 -0.68091621E-31
  0.43473455E+14  0.00000000E+00 -0.67912547E-31
  0.43520000E+14  0.00000000E+00 -0.67734108E-31
  0.43566545E+14  0.00000000E+00 -0.67556301E-31
  0.43613091E+14  0.00000000E+00 -0.67379127E-31
  0.43659636E+14  0.00000000E+00 -0.67202582E-31
  0.43706182E+14  0.00000000E+00 -0.67026666E-31
  0.43752727E+14  0.00000000E+00 -0.66851376E-31
  0.43799273E+14  0.00000000E+00 -0.66676711E-31
  0.43845818E+14  0.00000000E+00 -0.66502670E-31
  0.43892364E+14  0.00000000E+00 -0.66329250E-31
  0.43938909E+14  0.00000000E+00 -0.66156449E-31
  0.43985455E+14  0.00000000E+00 -0.65984267E-31
  0.44032000E+14  0.00000000E+00 -0.65812701E-31
  0.44078545E+14  0.00000000E+00 -0.65641749E-31
  0.44125091E+14  0.00000000E+00 -0.65471410E-31
  0.44171636E+14  0.00000000E+00 -0.65301681E-31
  0.44218182E+14  0.00000000E+00 -0.65132562E-31
  0.44264727E+14  0.00000000E+00 -0.64964049E-31
  0.44311273E+14  0.00000000E+00 -0.64796141E-31
  0.44357818E+14  0.00000000E+00 -0.64628837E-31
  0.44404364E+14  0.00000000E+00 -0.64462134E-31
  0.44450909E+14  0.00000000E+00 -0.64296030E-31
  0.44497455E+14  0.00000000E+00 -0.64130523E-31
  0.44544000E+14  0.00000000E+00 -0.63965612E-31
  0.44590545E+14  0.00000000E+00 -0.63801295E-31
  0.44637091E+14  0.00000000E+00 -0.63637569E-31
  0.44683636E+14  0.00000000E+00 -0.63474432E-31
  0.44730182E+14  0.00000000E+00 -0.63311883E-31
  0.44776727E+14  0.00000000E+00 -0.63149920E-31
  0.44823273E+14  0.00000000E+00 -0.62988540E-31
  0.44869818E+14  0.00000000E+00 -0.62827742E-31
  0.44916364E+14  0.00000000E+00 -0.62667523E-31
  0.44962909E+14  0.00000000E+00 -0.62507881E-31
  0.45009455E+14  0.00000000E+00 -0.62348815E-31
  0.45056000E+14  0.00000000E+00 -0.62190323E-31
  0.45102545E+14  0.00000000E+00 -0.62032402E-31
  0.45149091E+14  0.00000000E+00 -0.61875050E-31
  0.45195636E+14  0.00000000E+00 -0.61718265E-31
  0.45242182E+14  0.00000000E+00 -0.61562046E-31
  0.45288727E+14  0.00000000E+00 -0.61406390E-31
  0.45335273E+14  0.00000000E+00 -0.61251295E-31
  0.45381818E+14  0.00000000E+00 -0.61096759E-31
  0.45428364E+14  0.00000000E+00 -0.60942780E-31
  0.45474909E+14  0.00000000E+00 -0.60789355E-31
  0.45521455E+14  0.00000000E+00 -0.60636484E-31
  0.45568000E+14  0.00000000E+00 -0.60484163E-31
  0.45614545E+14  0.00000000E+00 -0.60332391E-31
  0.45661091E+14  0.00000000E+00 -0.60181166E-31
  0.45707636E+14  0.00000000E+00 -0.60030485E-31
  0.45754182E+14  0.00000000E+00 -0.59880347E-31
  0.45800727E+14  0.00000000E+00 -0.59730748E-31
  0.45847273E+14  0.00000000E+00 -0.59581689E-31
  0.45893818E+14  0.00000000E+00 -0.59433165E-31
  0.45940364E+14  0.00000000E+00 -0.59285176E-31
  0.45986909E+14  0.00000000E+00 -0.59137718E-31
  0.46033455E+14  0.00000000E+00 -0.58990791E-31
  0.46080000E+14  0.00000000E+00 -0.58844391E-31
  0.46126545E+14  0.00000000E+00 -0.58698518E-31
  0.46173091E+14  0.00000000E+00 -0.58553168E-31
  0.46219636E+14  0.00000000E+00 -0.58408340E-31
  0.46266182E+14  0.00000000E+00 -0.58264031E-31
  0.46312727E+14  0.00000000E+00 -0.58120240E-31
  0.46359273E+14  0.00000000E+00 -0.57976965E-31
  0.46405818E+14  0.00000000E+00 -0.57834203E-31
  0.46452364E+14  0.00000000E+00 -0.57691952E-31
  0.46498909E+14  0.00000000E+00 -0.57550211E-31
  0.46545455E+14  0.00000000E+00 -0.57408977E-31
  0.46592000E+14  0.00000000E+00 -0.57268249E-31
  0.46638545E+14  0.00000000E+00 -0.57128023E-31
  0.46685091E+14  0.00000000E+00 -0.56988299E-31
  0.46731636E+14  0.00000000E+00 -0.56849074E-31
  0.46778182E+14  0.00000000E+00 -0.56710347E-31
  0.46824727E+14  0.00000000E+00 -0.56572114E-31
  0.46871273E+14  0.00000000E+00 -0.56434374E-31
  0.46917818E+14  0.00000000E+00 -0.56297126E-31
  0.46964364E+14  0.00000000E+00 -0.56160366E-31
  0.47010909E+14  0.00000000E+00 -0.56024094E-31
  0.47057455E+14  0.00000000E+00 -0.55888307E-31
  0.47104000E+14  0.00000000E+00 -0.55753003E-31
  0.47150545E+14  0.00000000E+00 -0.55618180E-31
  0.47197091E+14  0.00000000E+00 -0.55483835E-31
  0.47243636E+14  0.00000000E+00 -0.55349969E-31
  0.47290182E+14  0.00000000E+00 -0.55216577E-31
  0.47336727E+14  0.00000000E+00 -0.55083658E-31
  0.47383273E+14  0.00000000E+00 -0.54951211E-31
  0.47429818E+14  0.00000000E+00 -0.54819232E-31
  0.47476364E+14  0.00000000E+00 -0.54687722E-31
  0.47522909E+14  0.00000000E+00 -0.54556676E-31
  0.47569455E+14  0.00000000E+00 -0.54426094E-31
  0.47616000E+14  0.00000000E+00 -0.54295973E-31
  0.47662545E+14  0.00000000E+00 -0.54166312E-31
  0.47709091E+14  0.00000000E+00 -0.54037108E-31
  0.47755636E+14  0.00000000E+00 -0.53908360E-31
  0.47802182E+14  0.00000000E+00 -0.53780066E-31
  0.47848727E+14  0.00000000E+00 -0.53652224E-31
  0.47895273E+14  0.00000000E+00 -0.53524832E-31
  0.47941818E+14  0.00000000E+00 -0.53397887E-31
  0.47988364E+14  0.00000000E+00 -0.53271389E-31
  0.48034909E+14  0.00000000E+00 -0.53145336E-31
  0.48081455E+14  0.00000000E+00 -0.53019724E-31
  0.48128000E+14  0.00000000E+00 -0.52894554E-31
  0.48174545E+14  0.00000000E+00 -0.52769821E-31
  0.48221091E+14  0.00000000E+00 -0.52645526E-31
  0.48267636E+14  0.00000000E+00 -0.52521666E-31
  0.48314182E+14  0.00000000E+00 -0.52398239E-31
  0.48360727E+14  0.00000000E+00 -0.52275243E-31
  0.48407273E+14  0.00000000E+00 -0.52152677E-31
  0.48453818E+14  0.00000000E+00 -0.52030538E-31
  0.48500364E+14  0.00000000E+00 -0.51908825E-31
  0.48546909E+14  0.00000000E+00 -0.51787536E-31
  0.48593455E+14  0.00000000E+00 -0.51666670E-31
  0.48640000E+14  0.00000000E+00 -0.51546224E-31
  0.48686545E+14  0.00000000E+00 -0.51426196E-31
  0.48733091E+14  0.00000000E+00 -0.51306585E-31
  0.48779636E+14  0.00000000E+00 -0.51187390E-31
  0.48826182E+14  0.00000000E+00 -0.51068608E-31
  0.48872727E+14  0.00000000E+00 -0.50950237E-31
  0.48919273E+14  0.00000000E+00 -0.50832276E-31
  0.48965818E+14  0.00000000E+00 -0.50714723E-31
  0.49012364E+14  0.00000000E+00 -0.50597577E-31
  0.49058909E+14  0.00000000E+00 -0.50480835E-31
  0.49105455E+14  0.00000000E+00 -0.50364496E-31
  0.49152000E+14  0.00000000E+00 -0.50248558E-31
  0.49198545E+14  0.00000000E+00 -0.50133020E-31
  0.49245091E+14  0.00000000E+00 -0.50017879E-31
  0.49291636E+14  0.00000000E+00 -0.49903134E-31
  0.49338182E+14  0.00000000E+00 -0.49788784E-31
  0.49384727E+14  0.00000000E+00 -0.49674826E-31
  0.49431273E+14  0.00000000E+00 -0.49561259E-31
  0.49477818E+14  0.00000000E+00 -0.49448081E-31
  0.49524364E+14  0.00000000E+00 -0.49335291E-31
  0.49570909E+14  0.00000000E+00 -0.49222888E-31
  0.49617455E+14  0.00000000E+00 -0.49110868E-31
  0.49664000E+14  0.00000000E+00 -0.48999231E-31
  0.49710545E+14  0.00000000E+00 -0.48887975E-31
  0.49757091E+14  0.00000000E+00 -0.48777099E-31
  0.49803636E+14  0.00000000E+00 -0.48666600E-31
  0.49850182E+14  0.00000000E+00 -0.48556477E-31
  0.49896727E+14  0.00000000E+00 -0.48446729E-31
  0.49943273E+14  0.00000000E+00 -0.48337354E-31
  0.49989818E+14  0.00000000E+00 -0.48228351E-31
  0.50036364E+14  0.00000000E+00 -0.48119717E-31
  0.50082909E+14  0.00000000E+00 -0.48011451E-31
  0.50129455E+14  0.00000000E+00 -0.47903552E-31
  0.50176000E+14  0.00000000E+00 -0.47796018E-31
  0.50222545E+14  0.00000000E+00 -0.47688848E-31
  0.50269091E+14  0.00000000E+00 -0.47582039E-31
  0.50315636E+14  0.00000000E+00 -0.47475591E-31
  0.50362182E+14  0.00000000E+00 -0.47369502E-31
  0.50408727E+14  0.00000000E+00 -0.47263770E-31
  0.50455273E+14  0.00000000E+00 -0.47158394E-31
  0.50501818E+14  0.00000000E+00 -0.47053372E-31
  0.50548364E+14  0.00000000E+00 -0.46948703E-31
  0.50594909E+14  0.00000000E+00 -0.46844386E-31
  0.50641455E+14  0.00000000E+00 -0.46740418E-31
  0.50688000E+14  0.00000000E+00 -0.46636798E-31
  0.50734545E+14  0.00000000E+00 -0.46533525E-31
  0.50781091E+14  0.00000000E+00 -0.46430598E-31
  0.50827636E+14  0.00000000E+00 -0.46328014E-31
  0.50874182E+14  0.00000000E+00 -0.46225773E-31
  0.50920727E+14  0.00000000E+00 -0.46123872E-31
  0.50967273E+14  0.00000000E+00 -0.46022311E-31
  0.51013818E+14  0.00000000E+00 -0.45921088E-31
  0.51060364E+14  0.00000000E+00 -0.45820202E-31
  0.51106909E+14  0.00000000E+00 -0.45719651E-31
  0.51153455E+14  0.00000000E+00 -0.45619433E-31
  0.51200000E+14  0.00000000E+00 -0.45519548E-31
  0.51246545E+14  0.00000000E+00 -0.45419994E-31
  0.51293091E+14  0.00000000E+00 -0.45320769E-31
  0.51339636E+14  0.00000000E+00 -0.45221873E-31
  0.51386182E+14  0.00000000E+00 -0.45123303E-31
  0.51432727E+14  0.00000000E+00 -0.45025058E-31
  0.51479273E+14  0.00000000E+00 -0.44927138E-31
  0.51525818E+14  0.00000000E+00 -0.44829540E-31
  0.51572364E+14  0.00000000E+00 -0.44732263E-31
  0.51618909E+14  0.00000000E+00 -0.44635306E-31
  0.51665455E+14  0.00000000E+00 -0.44538667E-31
  0.51712000E+14  0.00000000E+00 -0.44442346E-31
  0.51758545E+14  0.00000000E+00 -0.44346340E-31
  0.51805091E+14  0.00000000E+00 -0.44250649E-31
  0.51851636E+14  0.00000000E+00 -0.44155271E-31
  0.51898182E+14  0.00000000E+00 -0.44060205E-31
  0.51944727E+14  0.00000000E+00 -0.43965450E-31
  0.51991273E+14  0.00000000E+00 -0.43871003E-31
  0.52037818E+14  0.00000000E+00 -0.43776864E-31
  0.52084364E+14  0.00000000E+00 -0.43683032E-31
  0.52130909E+14  0.00000000E+00 -0.43589506E-31
  0.52177455E+14  0.00000000E+00 -0.43496283E-31
  0.52224000E+14  0.00000000E+00 -0.43403363E-31
  0.52270545E+14  0.00000000E+00 -0.43310745E-31
  0.52317091E+14  0.00000000E+00 -0.43218426E-31
  0.52363636E+14  0.00000000E+00 -0.43126407E-31
  0.52410182E+14  0.00000000E+00 -0.43034685E-31
  0.52456727E+14  0.00000000E+00 -0.42943260E-31
  0.52503273E+14  0.00000000E+00 -0.42852130E-31
  0.52549818E+14  0.00000000E+00 -0.42761294E-31
  0.52596364E+14  0.00000000E+00 -0.42670750E-31
  0.52642909E+14  0.00000000E+00 -0.42580498E-31
  0.52689455E+14  0.00000000E+00 -0.42490536E-31
  0.52736000E+14  0.00000000E+00 -0.42400864E-31
  0.52782545E+14  0.00000000E+00 -0.42311479E-31
  0.52829091E+14  0.00000000E+00 -0.42222381E-31
  0.52875636E+14  0.00000000E+00 -0.42133568E-31
  0.52922182E+14  0.00000000E+00 -0.42045039E-31
  0.52968727E+14  0.00000000E+00 -0.41956794E-31
  0.53015273E+14  0.00000000E+00 -0.41868830E-31
  0.53061818E+14  0.00000000E+00 -0.41781147E-31
  0.53108364E+14  0.00000000E+00 -0.41693744E-31
  0.53154909E+14  0.00000000E+00 -0.41606619E-31
  0.53201455E+14  0.00000000E+00 -0.41519771E-31
  0.53248000E+14  0.00000000E+00 -0.41433200E-31
  0.53294545E+14  0.00000000E+00 -0.41346903E-31
  0.53341091E+14  0.00000000E+00 -0.41260880E-31
  0.53387636E+14  0.00000000E+00 -0.41175130E-31
  0.53434182E+14  0.00000000E+00 -0.41089651E-31
  0.53480727E+14  0.00000000E+00 -0.41004443E-31
  0.53527273E+14  0.00000000E+00 -0.40919503E-31
  0.53573818E+14  0.00000000E+00 -0.40834833E-31
  0.53620364E+14  0.00000000E+00 -0.40750429E-31
  0.53666909E+14  0.00000000E+00 -0.40666291E-31
  0.53713455E+14  0.00000000E+00 -0.40582417E-31
  0.53760000E+14  0.00000000E+00 -0.40498808E-31
  0.53806545E+14  0.00000000E+00 -0.40415461E-31
  0.53853091E+14  0.00000000E+00 -0.40332376E-31
  0.53899636E+14  0.00000000E+00 -0.40249552E-31
  0.53946182E+14  0.00000000E+00 -0.40166987E-31
  0.53992727E+14  0.00000000E+00 -0.40084680E-31
  0.54039273E+14  0.00000000E+00 -0.40002630E-31
  0.54085818E+14  0.00000000E+00 -0.39920837E-31
  0.54132364E+14  0.00000000E+00 -0.39839299E-31
  0.54178909E+14  0.00000000E+00 -0.39758015E-31
  0.54225455E+14  0.00000000E+00 -0.39676984E-31
  0.54272000E+14  0.00000000E+00 -0.39596206E-31
  0.54318545E+14  0.00000000E+00 -0.39515678E-31
  0.54365091E+14  0.00000000E+00 -0.39435400E-31
  0.54411636E+14  0.00000000E+00 -0.39355372E-31
  0.54458182E+14  0.00000000E+00 -0.39275591E-31
  0.54504727E+14  0.00000000E+00 -0.39196057E-31
  0.54551273E+14  0.00000000E+00 -0.39116770E-31
  0.54597818E+14  0.00000000E+00 -0.39037727E-31
  0.54644364E+14  0.00000000E+00 -0.38958928E-31
  0.54690909E+14  0.00000000E+00 -0.38880372E-31
  0.54737455E+14  0.00000000E+00 -0.38802058E-31
  0.54784000E+14  0.00000000E+00 -0.38723986E-31
  0.54830545E+14  0.00000000E+00 -0.38646153E-31
  0.54877091E+14  0.00000000E+00 -0.38568559E-31
  0.54923636E+14  0.00000000E+00 -0.38491203E-31
  0.54970182E+14  0.00000000E+00 -0.38414085E-31
  0.55016727E+14  0.00000000E+00 -0.38337202E-31
  0.55063273E+14  0.00000000E+00 -0.38260555E-31
  0.55109818E+14  0.00000000E+00 -0.38184142E-31
  0.55156364E+14  0.00000000E+00 -0.38107962E-31
  0.55202909E+14  0.00000000E+00 -0.38032015E-31
  0.55249455E+14  0.00000000E+00 -0.37956299E-31
  0.55296000E+14  0.00000000E+00 -0.37880814E-31
  0.55342545E+14  0.00000000E+00 -0.37805558E-31
  0.55389091E+14  0.00000000E+00 -0.37730531E-31
  0.55435636E+14  0.00000000E+00 -0.37655731E-31
  0.55482182E+14  0.00000000E+00 -0.37581159E-31
  0.55528727E+14  0.00000000E+00 -0.37506812E-31
  0.55575273E+14  0.00000000E+00 -0.37432690E-31
  0.55621818E+14  0.00000000E+00 -0.37358793E-31
  0.55668364E+14  0.00000000E+00 -0.37285118E-31
  0.55714909E+14  0.00000000E+00 -0.37211666E-31
  0.55761455E+14  0.00000000E+00 -0.37138435E-31
  0.55808000E+14  0.00000000E+00 -0.37065425E-31
  0.55854545E+14  0.00000000E+00 -0.36992635E-31
  0.55901091E+14  0.00000000E+00 -0.36920063E-31
  0.55947636E+14  0.00000000E+00 -0.36847709E-31
  0.55994182E+14  0.00000000E+00 -0.36775572E-31
  0.56040727E+14  0.00000000E+00 -0.36703651E-31
  0.56087273E+14  0.00000000E+00 -0.36631946E-31
  0.56133818E+14  0.00000000E+00 -0.36560455E-31
  0.56180364E+14  0.00000000E+00 -0.36489178E-31
  0.56226909E+14  0.00000000E+00 -0.36418113E-31
  0.56273455E+14  0.00000000E+00 -0.36347261E-31
  0.56320000E+14  0.00000000E+00 -0.36276619E-31
  0.56366545E+14  0.00000000E+00 -0.36206188E-31
  0.56413091E+14  0.00000000E+00 -0.36135966E-31
  0.56459636E+14  0.00000000E+00 -0.36065953E-31
  0.56506182E+14  0.00000000E+00 -0.35996147E-31
  0.56552727E+14  0.00000000E+00 -0.35926548E-31
  0.56599273E+14  0.00000000E+00 -0.35857156E-31
  0.56645818E+14  0.00000000E+00 -0.35787969E-31
  0.56692364E+14  0.00000000E+00 -0.35718986E-31
  0.56738909E+14  0.00000000E+00 -0.35650207E-31
  0.56785455E+14  0.00000000E+00 -0.35581631E-31
  0.56832000E+14  0.00000000E+00 -0.35513257E-31
  0.56878545E+14  0.00000000E+00 -0.35445085E-31
  0.56925091E+14  0.00000000E+00 -0.35377113E-31
  0.56971636E+14  0.00000000E+00 -0.35309340E-31
  0.57018182E+14  0.00000000E+00 -0.35241767E-31
  0.57064727E+14  0.00000000E+00 -0.35174392E-31
  0.57111273E+14  0.00000000E+00 -0.35107214E-31
  0.57157818E+14  0.00000000E+00 -0.35040233E-31
  0.57204364E+14  0.00000000E+00 -0.34973447E-31
  0.57250909E+14  0.00000000E+00 -0.34906857E-31
  0.57297455E+14  0.00000000E+00 -0.34840461E-31
  0.57344000E+14  0.00000000E+00 -0.34774259E-31
  0.57390545E+14  0.00000000E+00 -0.34708249E-31
  0.57437091E+14  0.00000000E+00 -0.34642432E-31
  0.57483636E+14  0.00000000E+00 -0.34576806E-31
  0.57530182E+14  0.00000000E+00 -0.34511371E-31
  0.57576727E+14  0.00000000E+00 -0.34446125E-31
  0.57623273E+14  0.00000000E+00 -0.34381069E-31
  0.57669818E+14  0.00000000E+00 -0.34316201E-31
  0.57716364E+14  0.00000000E+00 -0.34251521E-31
  0.57762909E+14  0.00000000E+00 -0.34187027E-31
  0.57809455E+14  0.00000000E+00 -0.34122720E-31
  0.57856000E+14  0.00000000E+00 -0.34058599E-31
  0.57902545E+14  0.00000000E+00 -0.33994662E-31
  0.57949091E+14  0.00000000E+00 -0.33930909E-31
  0.57995636E+14  0.00000000E+00 -0.33867340E-31
  0.58042182E+14  0.00000000E+00 -0.33803953E-31
  0.58088727E+14  0.00000000E+00 -0.33740748E-31
  0.58135273E+14  0.00000000E+00 -0.33677725E-31
  0.58181818E+14  0.00000000E+00 -0.33614882E-31
  0.58228364E+14  0.00000000E+00 -0.33552219E-31
  0.58274909E+14  0.00000000E+00 -0.33489735E-31
  0.58321455E+14  0.00000000E+00 -0.33427430E-31
  0.58368000E+14  0.00000000E+00 -0.33365303E-31
  0.58414545E+14  0.00000000E+00 -0.33303353E-31
  0.58461091E+14  0.00000000E+00 -0.33241579E-31
  0.58507636E+14  0.00000000E+00 -0.33179981E-31
  0.58554182E+14  0.00000000E+00 -0.33118558E-31
  0.58600727E+14  0.00000000E+00 -0.33057310E-31
  0.58647273E+14  0.00000000E+00 -0.32996235E-31
  0.58693818E+14  0.00000000E+00 -0.32935334E-31
  0.58740364E+14  0.00000000E+00 -0.32874605E-31
  0.58786909E+14  0.00000000E+00 -0.32814048E-31
  0.58833455E+14  0.00000000E+00 -0.32753662E-31
  0.58880000E+14  0.00000000E+00 -0.32693447E-31
  0.58926545E+14  0.00000000E+00 -0.32633401E-31
  0.58973091E+14  0.00000000E+00 -0.32573525E-31
  0.59019636E+14  0.00000000E+00 -0.32513818E-31
  0.59066182E+14  0.00000000E+00 -0.32454278E-31
  0.59112727E+14  0.00000000E+00 -0.32394906E-31
  0.59159273E+14  0.00000000E+00 -0.32335701E-31
  0.59205818E+14  0.00000000E+00 -0.32276661E-31
  0.59252364E+14  0.00000000E+00 -0.32217787E-31
  0.59298909E+14  0.00000000E+00 -0.32159078E-31
  0.59345455E+14  0.00000000E+00 -0.32100534E-31
  0.59392000E+14  0.00000000E+00 -0.32042152E-31
  0.59438545E+14  0.00000000E+00 -0.31983934E-31
  0.59485091E+14  0.00000000E+00 -0.31925879E-31
  0.59531636E+14  0.00000000E+00 -0.31867985E-31
  0.59578182E+14  0.00000000E+00 -0.31810252E-31
  0.59624727E+14  0.00000000E+00 -0.31752680E-31
  0.59671273E+14  0.00000000E+00 -0.31695267E-31
  0.59717818E+14  0.00000000E+00 -0.31638014E-31
  0.59764364E+14  0.00000000E+00 -0.31580920E-31
  0.59810909E+14  0.00000000E+00 -0.31523985E-31
  0.59857455E+14  0.00000000E+00 -0.31467206E-31
  0.59904000E+14  0.00000000E+00 -0.31410585E-31
  0.59950545E+14  0.00000000E+00 -0.31354120E-31
  0.59997091E+14  0.00000000E+00 -0.31297811E-31
  0.60043636E+14  0.00000000E+00 -0.31241658E-31
  0.60090182E+14  0.00000000E+00 -0.31185659E-31
  0.60136727E+14  0.00000000E+00 -0.31129814E-31
  0.60183273E+14  0.00000000E+00 -0.31074123E-31
  0.60229818E+14  0.00000000E+00 -0.31018585E-31
  0.60276364E+14  0.00000000E+00 -0.30963199E-31
  0.60322909E+14  0.00000000E+00 -0.30907965E-31
  0.60369455E+14  0.00000000E+00 -0.30852883E-31
  0.60416000E+14  0.00000000E+00 -0.30797951E-31
  0.60462545E+14  0.00000000E+00 -0.30743170E-31
  0.60509091E+14  0.00000000E+00 -0.30688538E-31
  0.60555636E+14  0.00000000E+00 -0.30634055E-31
  0.60602182E+14  0.00000000E+00 -0.30579721E-31
  0.60648727E+14  0.00000000E+00 -0.30525535E-31
  0.60695273E+14  0.00000000E+00 -0.30471496E-31
  0.60741818E+14  0.00000000E+00 -0.30417605E-31
  0.60788364E+14  0.00000000E+00 -0.30363859E-31
  0.60834909E+14  0.00000000E+00 -0.30310260E-31
  0.60881455E+14  0.00000000E+00 -0.30256806E-31
  0.60928000E+14  0.00000000E+00 -0.30203496E-31
  0.60974545E+14  0.00000000E+00 -0.30150331E-31
  0.61021091E+14  0.00000000E+00 -0.30097310E-31
  0.61067636E+14  0.00000000E+00 -0.30044432E-31
  0.61114182E+14  0.00000000E+00 -0.29991697E-31
  0.61160727E+14  0.00000000E+00 -0.29939104E-31
  0.61207273E+14  0.00000000E+00 -0.29886653E-31
  0.61253818E+14  0.00000000E+00 -0.29834342E-31
  0.61300364E+14  0.00000000E+00 -0.29782173E-31
  0.61346909E+14  0.00000000E+00 -0.29730143E-31
  0.61393455E+14  0.00000000E+00 -0.29678254E-31
  0.61440000E+14  0.00000000E+00 -0.29626503E-31
  0.61486545E+14  0.00000000E+00 -0.29574891E-31
  0.61533091E+14  0.00000000E+00 -0.29523417E-31
  0.61579636E+14  0.00000000E+00 -0.29472081E-31
  0.61626182E+14  0.00000000E+00 -0.29420882E-31
  0.61672727E+14  0.00000000E+00 -0.29369820E-31
  0.61719273E+14  0.00000000E+00 -0.29318894E-31
  0.61765818E+14  0.00000000E+00 -0.29268103E-31
  0.61812364E+14  0.00000000E+00 -0.29217448E-31
  0.61858909E+14  0.00000000E+00 -0.29166927E-31
  0.61905455E+14  0.00000000E+00 -0.29116541E-31
  0.61952000E+14  0.00000000E+00 -0.29066288E-31
  0.61998545E+14  0.00000000E+00 -0.29016169E-31
  0.62045091E+14  0.00000000E+00 -0.28966182E-31
  0.62091636E+14  0.00000000E+00 -0.28916328E-31
  0.62138182E+14  0.00000000E+00 -0.28866606E-31
  0.62184727E+14  0.00000000E+00 -0.28817015E-31
  0.62231273E+14  0.00000000E+00 -0.28767554E-31
  0.62277818E+14  0.00000000E+00 -0.28718225E-31
  0.62324364E+14  0.00000000E+00 -0.28669025E-31
  0.62370909E+14  0.00000000E+00 -0.28619955E-31
  0.62417455E+14  0.00000000E+00 -0.28571014E-31
  0.62464000E+14  0.00000000E+00 -0.28522201E-31
  0.62510545E+14  0.00000000E+00 -0.28473517E-31
  0.62557091E+14  0.00000000E+00 -0.28424960E-31
  0.62603636E+14  0.00000000E+00 -0.28376531E-31
  0.62650182E+14  0.00000000E+00 -0.28328228E-31
  0.62696727E+14  0.00000000E+00 -0.28280052E-31
  0.62743273E+14  0.00000000E+00 -0.28232002E-31
  0.62789818E+14  0.00000000E+00 -0.28184077E-31
  0.62836364E+14  0.00000000E+00 -0.28136277E-31
  0.62882909E+14  0.00000000E+00 -0.28088602E-31
  0.62929455E+14  0.00000000E+00 -0.28041051E-31
  0.62976000E+14  0.00000000E+00 -0.27993623E-31
  0.63022545E+14  0.00000000E+00 -0.27946319E-31
  0.63069091E+14  0.00000000E+00 -0.27899138E-31
  0.63115636E+14  0.00000000E+00 -0.27852079E-31
  0.63162182E+14  0.00000000E+00 -0.27805142E-31
  0.63208727E+14  0.00000000E+00 -0.27758327E-31
  0.63255273E+14  0.00000000E+00 -0.27711633E-31
  0.63301818E+14  0.00000000E+00 -0.27665059E-31
  0.63348364E+14  0.00000000E+00 -0.27618606E-31
  0.63394909E+14  0.00000000E+00 -0.27572273E-31
  0.63441455E+14  0.00000000E+00 -0.27526059E-31
  0.63488000E+14  0.00000000E+00 -0.27479964E-31
  0.63534545E+14  0.00000000E+00 -0.27433988E-31
  0.63581091E+14  0.00000000E+00 -0.27388130E-31
  0.63627636E+14  0.00000000E+00 -0.27342390E-31
  0.63674182E+14  0.00000000E+00 -0.27296768E-31
  0.63720727E+14  0.00000000E+00 -0.27251262E-31
  0.63767273E+14  0.00000000E+00 -0.27205873E-31
  0.63813818E+14  0.00000000E+00 -0.27160600E-31
  0.63860364E+14  0.00000000E+00 -0.27115443E-31
  0.63906909E+14  0.00000000E+00 -0.27070401E-31
  0.63953455E+14  0.00000000E+00 -0.27025474E-31
  0.64000000E+14  0.00000000E+00 -0.26980662E-31
