  0.00000000E+00  0.40895370E-01  0.10000000E+01  0.64025034E-19
  0.17489738E+01  0.38530998E-01  0.99900000E+00  0.63937090E-19
  0.36052697E+01  0.36181976E-01  0.99800000E+00  0.63848738E-19
  0.55820807E+01  0.33909052E-01  0.99700000E+00  0.63759988E-19
  0.76913975E+01  0.31752657E-01  0.99600000E+00  0.63670848E-19
  0.99439627E+01  0.29736493E-01  0.99500000E+00  0.63581326E-19
  0.12349254E+02  0.18322392E-01  0.99400000E+00  0.63491430E-19
  0.16252944E+02  0.17579375E-01  0.99300000E+00  0.63401169E-19
  0.20321628E+02  0.16919783E-01  0.99200000E+00  0.63310551E-19
  0.24548924E+02  0.16331807E-01  0.99100000E+00  0.63219583E-19
  0.28928411E+02  0.15805614E-01  0.99000000E+00  0.63128275E-19
  0.33453697E+02  0.15332957E-01  0.98900000E+00  0.63036633E-19
  0.38118481E+02  0.14906869E-01  0.98800000E+00  0.62944666E-19
  0.42916600E+02  0.14521428E-01  0.98700000E+00  0.62852381E-19
  0.47842075E+02  0.14086395E-01  0.98600000E+00  0.62759787E-19
  0.52919665E+02  0.13945293E-01  0.98500000E+00  0.62666890E-19
  0.58048631E+02  0.13808161E-01  0.98400000E+00  0.62573699E-19
  0.63228533E+02  0.13673850E-01  0.98300000E+00  0.62480220E-19
  0.68459315E+02  0.13541366E-01  0.98200000E+00  0.62386462E-19
  0.73741274E+02  0.13409869E-01  0.98100000E+00  0.62292432E-19
  0.79075027E+02  0.13278658E-01  0.98000000E+00  0.62198136E-19
  0.84461485E+02  0.13147172E-01  0.97900000E+00  0.62103583E-19
  0.89901813E+02  0.13014971E-01  0.97800000E+00  0.62008779E-19
  0.95397402E+02  0.12881735E-01  0.97700000E+00  0.61913731E-19
  0.10094983E+03  0.14084465E-01  0.97600000E+00  0.61818447E-19
  0.10602812E+03  0.13843807E-01  0.97500000E+00  0.61722933E-19
  0.11119468E+03  0.13604899E-01  0.97400000E+00  0.61627197E-19
  0.11645198E+03  0.13368635E-01  0.97300000E+00  0.61531244E-19
  0.12180218E+03  0.13135793E-01  0.97200000E+00  0.61435083E-19
  0.12724722E+03  0.12907031E-01  0.97100000E+00  0.61338719E-19
  0.13278877E+03  0.12682900E-01  0.97000000E+00  0.61242159E-19
  0.13842825E+03  0.12463841E-01  0.96900000E+00  0.61145409E-19
  0.14416684E+03  0.12250200E-01  0.96800000E+00  0.61048477E-19
  0.15000552E+03  0.12042236E-01  0.96700000E+00  0.60951369E-19
  0.15594502E+03  0.11876416E-01  0.96600000E+00  0.60854090E-19
  0.16196746E+03  0.11671859E-01  0.96500000E+00  0.60756647E-19
  0.16809544E+03  0.11476391E-01  0.96400000E+00  0.60659047E-19
  0.17432779E+03  0.11289465E-01  0.96300000E+00  0.60561295E-19
  0.18066334E+03  0.11110552E-01  0.96200000E+00  0.60463398E-19
  0.18710091E+03  0.10939145E-01  0.96100000E+00  0.60365362E-19
  0.19363934E+03  0.10774763E-01  0.96000000E+00  0.60267192E-19
  0.20027753E+03  0.10616947E-01  0.95900000E+00  0.60168894E-19
  0.20701440E+03  0.10465264E-01  0.95800000E+00  0.60070475E-19
  0.21384891E+03  0.10319307E-01  0.95700000E+00  0.59971940E-19
  0.22078008E+03  0.10178695E-01  0.95600000E+00  0.59873294E-19
  0.22780701E+03  0.99530802E-02  0.95500000E+00  0.59774544E-19
  0.23499322E+03  0.98339517E-02  0.95400000E+00  0.59675694E-19
  0.24226648E+03  0.97178312E-02  0.95300000E+00  0.59576751E-19
  0.24962666E+03  0.96045254E-02  0.95200000E+00  0.59477720E-19
  0.25707366E+03  0.94938629E-02  0.95100000E+00  0.59378606E-19
  0.26460747E+03  0.93856919E-02  0.95000000E+00  0.59279414E-19
  0.27222810E+03  0.92798783E-02  0.94900000E+00  0.59180150E-19
  0.27993563E+03  0.91763041E-02  0.94800000E+00  0.59080819E-19
  0.28773016E+03  0.90748650E-02  0.94700000E+00  0.58981426E-19
  0.29561181E+03  0.89754696E-02  0.94600000E+00  0.58881976E-19
  0.30358074E+03  0.88780372E-02  0.94500000E+00  0.58782474E-19
  0.31163713E+03  0.87824969E-02  0.94400000E+00  0.58682925E-19
  0.31978117E+03  0.86239226E-02  0.94300000E+00  0.58583334E-19
  0.32807495E+03  0.85300782E-02  0.94200000E+00  0.58483705E-19
  0.33645997E+03  0.84381660E-02  0.94100000E+00  0.58384044E-19
  0.34493633E+03  0.83481515E-02  0.94000000E+00  0.58284356E-19
  0.35350409E+03  0.82600003E-02  0.93900000E+00  0.58184643E-19
  0.36216328E+03  0.81736783E-02  0.93800000E+00  0.58084913E-19
  0.37091392E+03  0.80891515E-02  0.93700000E+00  0.57985168E-19
  0.37975600E+03  0.80063854E-02  0.93600000E+00  0.57885413E-19
  0.38868949E+03  0.79253454E-02  0.93500000E+00  0.57785654E-19
  0.39771433E+03  0.78459964E-02  0.93400000E+00  0.57685893E-19
  0.40683043E+03  0.77683029E-02  0.93300000E+00  0.57586136E-19
  0.41603771E+03  0.76922292E-02  0.93200000E+00  0.57486386E-19
  0.42533605E+03  0.75771673E-02  0.93100000E+00  0.57386648E-19
  0.43477558E+03  0.75043795E-02  0.93000000E+00  0.57286926E-19
  0.44430667E+03  0.74331753E-02  0.92900000E+00  0.57187223E-19
  0.45392906E+03  0.73635067E-02  0.92800000E+00  0.57087545E-19
  0.46364250E+03  0.72953260E-02  0.92700000E+00  0.56987895E-19
  0.47344671E+03  0.72285864E-02  0.92600000E+00  0.56888276E-19
  0.48334144E+03  0.71632415E-02  0.92500000E+00  0.56788693E-19
  0.49332644E+03  0.70992459E-02  0.92400000E+00  0.56689149E-19
  0.50340144E+03  0.70365550E-02  0.92300000E+00  0.56589648E-19
  0.51356621E+03  0.69751255E-02  0.92200000E+00  0.56490194E-19
  0.52382049E+03  0.69149149E-02  0.92100000E+00  0.56390790E-19
  0.53416407E+03  0.68558819E-02  0.92000000E+00  0.56291441E-19
  0.54459671E+03  0.67589090E-02  0.91900000E+00  0.56192148E-19
  0.55517902E+03  0.67031537E-02  0.91800000E+00  0.56092917E-19
  0.56584936E+03  0.66484013E-02  0.91700000E+00  0.55993750E-19
  0.57660758E+03  0.65946144E-02  0.91600000E+00  0.55894650E-19
  0.58745354E+03  0.65417576E-02  0.91500000E+00  0.55795622E-19
  0.59838714E+03  0.64897974E-02  0.91400000E+00  0.55696667E-19
  0.60940827E+03  0.64387019E-02  0.91300000E+00  0.55597790E-19
  0.62051687E+03  0.63884408E-02  0.91200000E+00  0.55498994E-19
  0.63171286E+03  0.63389854E-02  0.91100000E+00  0.55400281E-19
  0.64299620E+03  0.62903087E-02  0.91000000E+00  0.55301655E-19
  0.65436685E+03  0.62423850E-02  0.90900000E+00  0.55203118E-19
  0.66582480E+03  0.61951901E-02  0.90800000E+00  0.55104674E-19
  0.67737004E+03  0.61194642E-02  0.90700000E+00  0.55006325E-19
  0.68905814E+03  0.60736172E-02  0.90600000E+00  0.54908075E-19
  0.70083447E+03  0.60284048E-02  0.90500000E+00  0.54809925E-19
  0.71269913E+03  0.59838115E-02  0.90400000E+00  0.54711880E-19
  0.72465220E+03  0.59398222E-02  0.90300000E+00  0.54613941E-19
  0.73669379E+03  0.58964232E-02  0.90200000E+00  0.54516111E-19
  0.74882402E+03  0.58536013E-02  0.90100000E+00  0.54418393E-19
  0.76104298E+03  0.58113443E-02  0.90000000E+00  0.54320789E-19
  0.77335079E+03  0.57696405E-02  0.89900000E+00  0.54223303E-19
  0.78574757E+03  0.57284790E-02  0.89800000E+00  0.54125935E-19
  0.79823342E+03  0.56878495E-02  0.89700000E+00  0.54028689E-19
  0.81080846E+03  0.56477422E-02  0.89600000E+00  0.53931567E-19
  0.82347280E+03  0.55699890E-02  0.89500000E+00  0.53834572E-19
  0.83631392E+03  0.55309455E-02  0.89400000E+00  0.53737705E-19
  0.84924569E+03  0.54923994E-02  0.89300000E+00  0.53640969E-19
  0.86226822E+03  0.54543437E-02  0.89200000E+00  0.53544366E-19
  0.87538161E+03  0.54167715E-02  0.89100000E+00  0.53447898E-19
  0.88858596E+03  0.53796765E-02  0.89000000E+00  0.53351568E-19
  0.90188136E+03  0.53430522E-02  0.88900000E+00  0.53255377E-19
  0.91526789E+03  0.53068923E-02  0.88800000E+00  0.53159327E-19
  0.92874563E+03  0.52711908E-02  0.88700000E+00  0.53063420E-19
  0.94231466E+03  0.52359415E-02  0.88600000E+00  0.52967659E-19
  0.95597503E+03  0.52011388E-02  0.88500000E+00  0.52872045E-19
  0.96972682E+03  0.51274856E-02  0.88400000E+00  0.52776580E-19
  0.98367614E+03  0.50936805E-02  0.88300000E+00  0.52681265E-19
  0.99771803E+03  0.50603156E-02  0.88200000E+00  0.52586103E-19
  0.10118525E+04  0.50273850E-02  0.88100000E+00  0.52491095E-19
  0.10260796E+04  0.49948828E-02  0.88000000E+00  0.52396243E-19
  0.10403992E+04  0.49628030E-02  0.87900000E+00  0.52301549E-19
  0.10548114E+04  0.49311399E-02  0.87800000E+00  0.52207013E-19
  0.10693162E+04  0.48998876E-02  0.87700000E+00  0.52112639E-19
  0.10839134E+04  0.48690402E-02  0.87600000E+00  0.52018426E-19
  0.10986032E+04  0.48385920E-02  0.87500000E+00  0.51924377E-19
  0.11133853E+04  0.48085371E-02  0.87400000E+00  0.51830493E-19
  0.11282599E+04  0.47411608E-02  0.87300000E+00  0.51736775E-19
  0.11433459E+04  0.47121255E-02  0.87200000E+00  0.51643225E-19
  0.11585248E+04  0.46834732E-02  0.87100000E+00  0.51549844E-19
  0.11737966E+04  0.46551977E-02  0.87000000E+00  0.51456633E-19
  0.11891611E+04  0.46272928E-02  0.86900000E+00  0.51363594E-19
  0.12046183E+04  0.45997525E-02  0.86800000E+00  0.51270728E-19
  0.12201680E+04  0.45725708E-02  0.86700000E+00  0.51178035E-19
  0.12358102E+04  0.45457417E-02  0.86600000E+00  0.51085518E-19
  0.12515447E+04  0.45192593E-02  0.86500000E+00  0.50993177E-19
  0.12673714E+04  0.44931178E-02  0.86400000E+00  0.50901013E-19
  0.12832901E+04  0.44366782E-02  0.86300000E+00  0.50809027E-19
  0.12994114E+04  0.44114431E-02  0.86200000E+00  0.50717220E-19
  0.13156249E+04  0.43865335E-02  0.86100000E+00  0.50625593E-19
  0.13319305E+04  0.43619435E-02  0.86000000E+00  0.50534147E-19
  0.13483280E+04  0.43376676E-02  0.85900000E+00  0.50442884E-19
  0.13648172E+04  0.43137000E-02  0.85800000E+00  0.50351803E-19
  0.13813981E+04  0.42900353E-02  0.85700000E+00  0.50260905E-19
  0.13980705E+04  0.42666680E-02  0.85600000E+00  0.50170192E-19
  0.14148341E+04  0.42435928E-02  0.85500000E+00  0.50079663E-19
  0.14316889E+04  0.41883004E-02  0.85400000E+00  0.49989321E-19
  0.14487662E+04  0.41661840E-02  0.85300000E+00  0.49899165E-19
  0.14659342E+04  0.41443394E-02  0.85200000E+00  0.49809195E-19
  0.14831927E+04  0.41227616E-02  0.85100000E+00  0.49719414E-19
  0.15005415E+04  0.41014458E-02  0.85000000E+00  0.49629820E-19
  0.15179804E+04  0.40803871E-02  0.84900000E+00  0.49540416E-19
  0.15355094E+04  0.40595809E-02  0.84800000E+00  0.49451200E-19
  0.15531282E+04  0.40390226E-02  0.84700000E+00  0.49362174E-19
  0.15708366E+04  0.40187076E-02  0.84600000E+00  0.49273339E-19
  0.15886346E+04  0.39712766E-02  0.84500000E+00  0.49184694E-19
  0.16066452E+04  0.39517528E-02  0.84400000E+00  0.49096239E-19
  0.16247447E+04  0.39324552E-02  0.84300000E+00  0.49007977E-19
  0.16429331E+04  0.39133796E-02  0.84200000E+00  0.48919905E-19
  0.16612101E+04  0.38945221E-02  0.84100000E+00  0.48832026E-19
  0.16795757E+04  0.38758787E-02  0.84000000E+00  0.48744338E-19
  0.16980295E+04  0.38574457E-02  0.83900000E+00  0.48656844E-19
  0.17165716E+04  0.38392191E-02  0.83800000E+00  0.48569541E-19
  0.17352016E+04  0.38211955E-02  0.83700000E+00  0.48482432E-19
  0.17539196E+04  0.37847339E-02  0.83600000E+00  0.48395515E-19
  0.17728179E+04  0.37672890E-02  0.83500000E+00  0.48308791E-19
  0.17918036E+04  0.37500346E-02  0.83400000E+00  0.48222260E-19
  0.18108768E+04  0.37329673E-02  0.83300000E+00  0.48135923E-19
  0.18300371E+04  0.37160837E-02  0.83200000E+00  0.48049778E-19
  0.18492845E+04  0.36993808E-02  0.83100000E+00  0.47963827E-19
  0.18686188E+04  0.36828554E-02  0.83000000E+00  0.47878069E-19
  0.18880399E+04  0.36665045E-02  0.82900000E+00  0.47792504E-19
  0.19075475E+04  0.36347480E-02  0.82800000E+00  0.47707132E-19
  0.19272256E+04  0.36189127E-02  0.82700000E+00  0.47621953E-19
  0.19469898E+04  0.36032407E-02  0.82600000E+00  0.47536967E-19
  0.19668400E+04  0.35877293E-02  0.82500000E+00  0.47452173E-19
  0.19867760E+04  0.35723756E-02  0.82400000E+00  0.47367572E-19
  0.20067977E+04  0.35571772E-02  0.82300000E+00  0.47283163E-19
  0.20269049E+04  0.35421314E-02  0.82200000E+00  0.47198946E-19
  0.20470975E+04  0.35141790E-02  0.82100000E+00  0.47114921E-19
  0.20674507E+04  0.34995865E-02  0.82000000E+00  0.47031087E-19
  0.20878888E+04  0.34851370E-02  0.81900000E+00  0.46947445E-19
  0.21084117E+04  0.34708282E-02  0.81800000E+00  0.46863993E-19
  0.21290191E+04  0.34566578E-02  0.81700000E+00  0.46780732E-19
  0.21497111E+04  0.34426238E-02  0.81600000E+00  0.46697660E-19
  0.21704874E+04  0.34287237E-02  0.81500000E+00  0.46614779E-19
  0.21913479E+04  0.34038810E-02  0.81400000E+00  0.46532087E-19
  0.22123606E+04  0.33903777E-02  0.81300000E+00  0.46449583E-19
  0.22334571E+04  0.33770004E-02  0.81200000E+00  0.46367268E-19
  0.22546371E+04  0.33637470E-02  0.81100000E+00  0.46285141E-19
  0.22759006E+04  0.33506156E-02  0.81000000E+00  0.46203201E-19
  0.22972474E+04  0.33376044E-02  0.80900000E+00  0.46121448E-19
  0.23186774E+04  0.33247115E-02  0.80800000E+00  0.46039881E-19
  0.23401905E+04  0.33022465E-02  0.80700000E+00  0.45958499E-19
  0.23618500E+04  0.32897069E-02  0.80600000E+00  0.45877303E-19
  0.23835920E+04  0.32772785E-02  0.80500000E+00  0.45796291E-19
  0.24054165E+04  0.32649597E-02  0.80400000E+00  0.45715463E-19
  0.24273234E+04  0.32527491E-02  0.80300000E+00  0.45634818E-19
  0.24493124E+04  0.32406448E-02  0.80200000E+00  0.45554356E-19
  0.24713836E+04  0.32286456E-02  0.80100000E+00  0.45474075E-19
  0.24935369E+04  0.32100476E-02  0.80000000E+00  0.45393975E-19
  0.25158184E+04  0.31983378E-02  0.79900000E+00  0.45314056E-19
  0.25381816E+04  0.31867275E-02  0.79800000E+00  0.45234316E-19
  0.25606262E+04  0.31752151E-02  0.79700000E+00  0.45154754E-19
  0.25831522E+04  0.31637994E-02  0.79600000E+00  0.45075371E-19
  0.26057595E+04  0.31524790E-02  0.79500000E+00  0.44996164E-19
  0.26284480E+04  0.31412525E-02  0.79400000E+00  0.44917134E-19
  0.26512176E+04  0.31243069E-02  0.79300000E+00  0.44838279E-19
  0.26741106E+04  0.31133502E-02  0.79200000E+00  0.44759599E-19
  0.26970842E+04  0.31024823E-02  0.79100000E+00  0.44681092E-19
  0.27201383E+04  0.30917022E-02  0.79000000E+00  0.44602758E-19
  0.27432728E+04  0.30810087E-02  0.78900000E+00  0.44524595E-19
  0.27664876E+04  0.30704005E-02  0.78800000E+00  0.44446604E-19
  0.27897826E+04  0.30557864E-02  0.78700000E+00  0.44368782E-19
  0.28131890E+04  0.30454082E-02  0.78600000E+00  0.44291129E-19
  0.28366751E+04  0.30351113E-02  0.78500000E+00  0.44213644E-19
  0.28602410E+04  0.30248947E-02  0.78400000E+00  0.44136325E-19
  0.28838864E+04  0.30147573E-02  0.78300000E+00  0.44059172E-19
  0.29076113E+04  0.30046982E-02  0.78200000E+00  0.43982185E-19
  0.29314157E+04  0.29916133E-02  0.78100000E+00  0.43905360E-19
  0.29553242E+04  0.29817612E-02  0.78000000E+00  0.43828698E-19
  0.29793117E+04  0.29719838E-02  0.77900000E+00  0.43752198E-19
  0.30033781E+04  0.29622801E-02  0.77800000E+00  0.43675858E-19
  0.30275233E+04  0.29526493E-02  0.77700000E+00  0.43599677E-19
  0.30517473E+04  0.29430903E-02  0.77600000E+00  0.43523655E-19
  0.30760499E+04  0.29303910E-02  0.77500000E+00  0.43447789E-19
  0.31004579E+04  0.29210413E-02  0.77400000E+00  0.43372079E-19
  0.31249440E+04  0.29117598E-02  0.77300000E+00  0.43296523E-19
  0.31495082E+04  0.29025457E-02  0.77200000E+00  0.43221121E-19
  0.31741503E+04  0.28933982E-02  0.77100000E+00  0.43145871E-19
  0.31988704E+04  0.28858075E-02  0.77000000E+00  0.43070772E-19
  0.32236554E+04  0.28768131E-02  0.76900000E+00  0.42995822E-19
  0.32485180E+04  0.28678825E-02  0.76800000E+00  0.42921021E-19
  0.32734580E+04  0.28590150E-02  0.76700000E+00  0.42846367E-19
  0.32984753E+04  0.28502100E-02  0.76600000E+00  0.42771859E-19
  0.33235699E+04  0.28414667E-02  0.76500000E+00  0.42697495E-19
  0.33487417E+04  0.28402364E-02  0.76400000E+00  0.42623275E-19
  0.33739245E+04  0.28315900E-02  0.76300000E+00  0.42549196E-19
  0.33991841E+04  0.28230033E-02  0.76200000E+00  0.42475258E-19
  0.34245206E+04  0.28144756E-02  0.76100000E+00  0.42401459E-19
  0.34499338E+04  0.28060063E-02  0.76000000E+00  0.42327798E-19
  0.34754238E+04  0.28125023E-02  0.75900000E+00  0.42254273E-19
  0.35008548E+04  0.28040651E-02  0.75800000E+00  0.42180884E-19
  0.35263624E+04  0.27956848E-02  0.75700000E+00  0.42107628E-19
  0.35519465E+04  0.27873610E-02  0.75600000E+00  0.42034504E-19
  0.35776069E+04  0.27790931E-02  0.75500000E+00  0.41961512E-19
  0.36033437E+04  0.28038743E-02  0.75400000E+00  0.41888648E-19
  0.36288530E+04  0.27954382E-02  0.75300000E+00  0.41815913E-19
  0.36544393E+04  0.27870596E-02  0.75200000E+00  0.41743304E-19
  0.36801025E+04  0.27787380E-02  0.75100000E+00  0.41670821E-19
  0.37058426E+04  0.27704728E-02  0.75000000E+00  0.41598461E-19
  0.37316595E+04  0.27622633E-02  0.74900000E+00  0.41526223E-19
  0.37575531E+04  0.28045023E-02  0.74800000E+00  0.41454105E-19
  0.37830567E+04  0.27959573E-02  0.74700000E+00  0.41382107E-19
  0.38086383E+04  0.27874718E-02  0.74600000E+00  0.41310227E-19
  0.38342977E+04  0.27790453E-02  0.74500000E+00  0.41238462E-19
  0.38600349E+04  0.27706771E-02  0.74400000E+00  0.41166812E-19
  0.38858499E+04  0.28257896E-02  0.74300000E+00  0.41095275E-19
  0.39111614E+04  0.28168995E-02  0.74200000E+00  0.41023850E-19
  0.39365527E+04  0.28080757E-02  0.74100000E+00  0.40952534E-19
  0.39620239E+04  0.27993173E-02  0.74000000E+00  0.40881327E-19
  0.39875747E+04  0.27906236E-02  0.73900000E+00  0.40810227E-19
  0.40132052E+04  0.28438614E-02  0.73800000E+00  0.40739231E-19
  0.40383558E+04  0.28346859E-02  0.73700000E+00  0.40668340E-19
  0.40635879E+04  0.28255821E-02  0.73600000E+00  0.40597550E-19
  0.40889012E+04  0.28165489E-02  0.73500000E+00  0.40526861E-19
  0.41142957E+04  0.28598953E-02  0.73400000E+00  0.40456271E-19
  0.41393054E+04  0.28505391E-02  0.73300000E+00  0.40385778E-19
  0.41643971E+04  0.28412575E-02  0.73200000E+00  0.40315380E-19
  0.41895708E+04  0.28320494E-02  0.73100000E+00  0.40245076E-19
  0.42148263E+04  0.28229138E-02  0.73000000E+00  0.40174865E-19
  0.42401636E+04  0.28538485E-02  0.72900000E+00  0.40104744E-19
  0.42652262E+04  0.28445683E-02  0.72800000E+00  0.40034712E-19
  0.42903706E+04  0.28353611E-02  0.72700000E+00  0.39964768E-19
  0.43155966E+04  0.28262260E-02  0.72600000E+00  0.39894909E-19
  0.43409042E+04  0.28171622E-02  0.72500000E+00  0.39825134E-19
  0.43662932E+04  0.28371883E-02  0.72400000E+00  0.39755441E-19
  0.43915030E+04  0.28281203E-02  0.72300000E+00  0.39685829E-19
  0.44167936E+04  0.28191217E-02  0.72200000E+00  0.39616296E-19
  0.44421650E+04  0.28101917E-02  0.72100000E+00  0.39546841E-19
  0.44676170E+04  0.28224636E-02  0.72000000E+00  0.39477460E-19
  0.44929583E+04  0.28136159E-02  0.71900000E+00  0.39408154E-19
  0.45183793E+04  0.28048339E-02  0.71800000E+00  0.39338920E-19
  0.45438799E+04  0.27961169E-02  0.71700000E+00  0.39269756E-19
  0.45694600E+04  0.27874641E-02  0.71600000E+00  0.39200660E-19
  0.45951195E+04  0.27948017E-02  0.71500000E+00  0.39131632E-19
  0.46207116E+04  0.27862716E-02  0.71400000E+00  0.39062669E-19
  0.46463821E+04  0.27778026E-02  0.71300000E+00  0.38993770E-19
  0.46721308E+04  0.27693940E-02  0.71200000E+00  0.38924932E-19
  0.46979577E+04  0.27734042E-02  0.71100000E+00  0.38856154E-19
  0.47237473E+04  0.27651395E-02  0.71000000E+00  0.38787435E-19
  0.47496140E+04  0.27569319E-02  0.70900000E+00  0.38718772E-19
  0.47755577E+04  0.27487809E-02  0.70800000E+00  0.38650164E-19
  0.48015783E+04  0.27406859E-02  0.70700000E+00  0.38581609E-19
  0.48276757E+04  0.27439311E-02  0.70600000E+00  0.38513105E-19
  0.48537423E+04  0.27359696E-02  0.70500000E+00  0.38444651E-19
  0.48798848E+04  0.27280612E-02  0.70400000E+00  0.38376244E-19
  0.49061030E+04  0.27202055E-02  0.70300000E+00  0.38307884E-19
  0.49323969E+04  0.27234780E-02  0.70200000E+00  0.38239568E-19
  0.49586593E+04  0.27157440E-02  0.70100000E+00  0.38171294E-19
  0.49849964E+04  0.27080601E-02  0.70000000E+00  0.38103061E-19
  0.50114083E+04  0.27004259E-02  0.69900000E+00  0.38034867E-19
  0.50378948E+04  0.27066474E-02  0.69800000E+00  0.37966710E-19
  0.50643205E+04  0.26990971E-02  0.69700000E+00  0.37898588E-19
  0.50908201E+04  0.26915945E-02  0.69600000E+00  0.37830500E-19
  0.51173935E+04  0.26841392E-02  0.69500000E+00  0.37762444E-19
  0.51440407E+04  0.26767308E-02  0.69400000E+00  0.37694418E-19
  0.51707618E+04  0.26897507E-02  0.69300000E+00  0.37626421E-19
  0.51973534E+04  0.26823544E-02  0.69200000E+00  0.37558449E-19
  0.52240184E+04  0.26750040E-02  0.69100000E+00  0.37490503E-19
  0.52507566E+04  0.26676992E-02  0.69000000E+00  0.37422579E-19
  0.52775681E+04  0.26920419E-02  0.68900000E+00  0.37354677E-19
  0.53041371E+04  0.26846378E-02  0.68800000E+00  0.37286794E-19
  0.53307794E+04  0.26772795E-02  0.68700000E+00  0.37218929E-19
  0.53574950E+04  0.26699668E-02  0.68600000E+00  0.37151079E-19
  0.53842837E+04  0.27150159E-02  0.68500000E+00  0.37083244E-19
  0.54106279E+04  0.27073854E-02  0.68400000E+00  0.37015420E-19
  0.54370463E+04  0.26998037E-02  0.68300000E+00  0.36947608E-19
  0.54635390E+04  0.26922706E-02  0.68200000E+00  0.36879804E-19
  0.54901057E+04  0.27755533E-02  0.68100000E+00  0.36812007E-19
  0.55158753E+04  0.27672840E-02  0.68000000E+00  0.36744215E-19
  0.55417220E+04  0.27590726E-02  0.67900000E+00  0.36676426E-19
  0.55676455E+04  0.27509186E-02  0.67800000E+00  0.36608640E-19
  0.55936459E+04  0.27428215E-02  0.67700000E+00  0.36540853E-19
  0.56197230E+04  0.28686803E-02  0.67600000E+00  0.36473064E-19
  0.56446561E+04  0.28593570E-02  0.67500000E+00  0.36405271E-19
  0.56696704E+04  0.28501079E-02  0.67400000E+00  0.36337473E-19
  0.56947659E+04  0.28409320E-02  0.67300000E+00  0.36269668E-19
  0.57199425E+04  0.30103199E-02  0.67200000E+00  0.36201854E-19
  0.57437024E+04  0.29993778E-02  0.67100000E+00  0.36134029E-19
  0.57675490E+04  0.29885356E-02  0.67000000E+00  0.36066192E-19
  0.57914821E+04  0.29777922E-02  0.66900000E+00  0.35998340E-19
  0.58155015E+04  0.31808410E-02  0.66800000E+00  0.35930473E-19
  0.58379877E+04  0.31678398E-02  0.66700000E+00  0.35862587E-19
  0.58605662E+04  0.31549730E-02  0.66600000E+00  0.35794683E-19
  0.58832367E+04  0.31422386E-02  0.66500000E+00  0.35726757E-19
  0.59059991E+04  0.33521390E-02  0.66400000E+00  0.35658808E-19
  0.59273362E+04  0.33366506E-02  0.66300000E+00  0.35590834E-19
  0.59487724E+04  0.33213496E-02  0.66200000E+00  0.35522835E-19
  0.59703073E+04  0.33062325E-02  0.66100000E+00  0.35454807E-19
  0.59919406E+04  0.34693219E-02  0.66000000E+00  0.35386749E-19
  0.60125570E+04  0.34523721E-02  0.65900000E+00  0.35318660E-19
  0.60332746E+04  0.34356405E-02  0.65800000E+00  0.35250537E-19
  0.60540932E+04  0.34191229E-02  0.65700000E+00  0.35182380E-19
  0.60750123E+04  0.35229333E-02  0.65600000E+00  0.35114186E-19
  0.60953149E+04  0.35057591E-02  0.65500000E+00  0.35045953E-19
  0.61157170E+04  0.34887984E-02  0.65400000E+00  0.34977681E-19
  0.61362183E+04  0.34720473E-02  0.65300000E+00  0.34909367E-19
  0.61568186E+04  0.35280324E-02  0.65200000E+00  0.34841009E-19
  0.61770919E+04  0.35112783E-02  0.65100000E+00  0.34772607E-19
  0.61974619E+04  0.34947231E-02  0.65000000E+00  0.34704157E-19
  0.62179285E+04  0.34783634E-02  0.64900000E+00  0.34635660E-19
  0.62384913E+04  0.34942097E-02  0.64800000E+00  0.34567112E-19
  0.62589609E+04  0.34783191E-02  0.64700000E+00  0.34498513E-19
  0.62795239E+04  0.34626073E-02  0.64600000E+00  0.34429860E-19
  0.63001803E+04  0.34470715E-02  0.64500000E+00  0.34361153E-19
  0.63209298E+04  0.34345821E-02  0.64400000E+00  0.34292388E-19
  0.63417547E+04  0.34197699E-02  0.64300000E+00  0.34223566E-19
  0.63626699E+04  0.34051152E-02  0.64200000E+00  0.34154684E-19
  0.63836750E+04  0.33906159E-02  0.64100000E+00  0.34085740E-19
  0.64047700E+04  0.33583674E-02  0.64000000E+00  0.34016734E-19
  0.64260675E+04  0.33447110E-02  0.63900000E+00  0.33947663E-19
  0.64474520E+04  0.33311918E-02  0.63800000E+00  0.33878526E-19
  0.64689233E+04  0.33178081E-02  0.63700000E+00  0.33809321E-19
  0.64904811E+04  0.32739271E-02  0.63600000E+00  0.33740046E-19
  0.65123280E+04  0.32614078E-02  0.63500000E+00  0.33670701E-19
  0.65342587E+04  0.32490077E-02  0.63400000E+00  0.33601283E-19
  0.65562731E+04  0.32367255E-02  0.63300000E+00  0.33531792E-19
  0.65783710E+04  0.32245595E-02  0.63200000E+00  0.33462225E-19
  0.66005523E+04  0.31764299E-02  0.63100000E+00  0.33392581E-19
  0.66230697E+04  0.31650717E-02  0.63000000E+00  0.33322858E-19
  0.66456679E+04  0.31538162E-02  0.62900000E+00  0.33253056E-19
  0.66683467E+04  0.31426623E-02  0.62800000E+00  0.33183171E-19
  0.66911061E+04  0.30941189E-02  0.62700000E+00  0.33113204E-19
  0.67142225E+04  0.30836992E-02  0.62600000E+00  0.33043153E-19
  0.67374170E+04  0.30733698E-02  0.62500000E+00  0.32973015E-19
  0.67606895E+04  0.30631299E-02  0.62400000E+00  0.32902790E-19
  0.67840398E+04  0.30157348E-02  0.62300000E+00  0.32832476E-19
  0.68077570E+04  0.30061317E-02  0.62200000E+00  0.32762072E-19
  0.68315500E+04  0.29966092E-02  0.62100000E+00  0.32691576E-19
  0.68554187E+04  0.29871664E-02  0.62000000E+00  0.32620987E-19
  0.68793627E+04  0.29437129E-02  0.61900000E+00  0.32550303E-19
  0.69036603E+04  0.29347899E-02  0.61800000E+00  0.32479524E-19
  0.69280316E+04  0.29259402E-02  0.61700000E+00  0.32408647E-19
  0.69524768E+04  0.29171631E-02  0.61600000E+00  0.32337672E-19
  0.69769954E+04  0.28840007E-02  0.61500000E+00  0.32266596E-19
  0.70017960E+04  0.28755729E-02  0.61400000E+00  0.32195419E-19
  0.70266693E+04  0.28672141E-02  0.61300000E+00  0.32124140E-19
  0.70516151E+04  0.28589238E-02  0.61200000E+00  0.32052756E-19
  0.70766332E+04  0.28435804E-02  0.61100000E+00  0.31981267E-19
  0.71017863E+04  0.28354030E-02  0.61000000E+00  0.31909671E-19
  0.71270120E+04  0.28272942E-02  0.60900000E+00  0.31837967E-19
  0.71523100E+04  0.28192536E-02  0.60800000E+00  0.31766154E-19
  0.71776802E+04  0.28112805E-02  0.60700000E+00  0.31694231E-19
  0.72031223E+04  0.28194122E-02  0.60600000E+00  0.31622196E-19
  0.72284910E+04  0.28112239E-02  0.60500000E+00  0.31550048E-19
  0.72539337E+04  0.28031089E-02  0.60400000E+00  0.31477785E-19
  0.72794500E+04  0.27950665E-02  0.60300000E+00  0.31405407E-19
  0.73050397E+04  0.28379916E-02  0.60200000E+00  0.31332913E-19
  0.73302423E+04  0.28292230E-02  0.60100000E+00  0.31260301E-19
  0.73555231E+04  0.28205421E-02  0.60000000E+00  0.31187569E-19
  0.73808817E+04  0.28119480E-02  0.59900000E+00  0.31114718E-19
  0.74063178E+04  0.28838646E-02  0.59800000E+00  0.31041745E-19
  0.74311195E+04  0.28740424E-02  0.59700000E+00  0.30968650E-19
  0.74560060E+04  0.28643336E-02  0.59600000E+00  0.30895432E-19
  0.74809769E+04  0.28547364E-02  0.59500000E+00  0.30822088E-19
  0.75060318E+04  0.28452492E-02  0.59400000E+00  0.30748619E-19
  0.75311701E+04  0.29385921E-02  0.59300000E+00  0.30675024E-19
  0.75555100E+04  0.29274001E-02  0.59200000E+00  0.30601300E-19
  0.75799429E+04  0.29163586E-02  0.59100000E+00  0.30527448E-19
  0.76044683E+04  0.29054649E-02  0.59000000E+00  0.30453465E-19
  0.76290857E+04  0.30234140E-02  0.58900000E+00  0.30379352E-19
  0.76527427E+04  0.30099772E-02  0.58800000E+00  0.30305107E-19
  0.76765053E+04  0.29967633E-02  0.58700000E+00  0.30230728E-19
  0.77003727E+04  0.29837666E-02  0.58600000E+00  0.30156216E-19
  0.77243441E+04  0.29709818E-02  0.58500000E+00  0.30081569E-19
  0.77484186E+04  0.30226670E-02  0.58400000E+00  0.30006787E-19
  0.77720814E+04  0.30094381E-02  0.58300000E+00  0.29931867E-19
  0.77958483E+04  0.29964100E-02  0.58200000E+00  0.29856811E-19
  0.78197185E+04  0.29835785E-02  0.58100000E+00  0.29781615E-19
  0.78436914E+04  0.29709398E-02  0.58000000E+00  0.29706281E-19
  0.78677662E+04  0.30040946E-02  0.57900000E+00  0.29630806E-19
