  0.46545455E+11  0.91541449E-31  0.11301356E-29
  0.93090909E+11  0.15277919E-30  0.11823508E-29
  0.13963636E+12  0.22884279E-30  0.12616197E-29
  0.18618182E+12  0.27148051E-30  0.14157331E-29
  0.23272727E+12  0.11633391E-30  0.16067254E-29
  0.27927273E+12 -0.10002230E-30  0.15218378E-29
  0.32581818E+12 -0.11561693E-30  0.13463392E-29
  0.37236364E+12 -0.52241136E-32  0.12981772E-29
  0.41890909E+12 -0.31242086E-32  0.12974417E-29
  0.46545455E+12  0.89421691E-31  0.12505333E-29
  0.51200000E+12  0.23371023E-30  0.13628803E-29
  0.55854545E+12  0.14273784E-30  0.15329757E-29
  0.60509091E+12  0.12137695E-31  0.15324480E-29
  0.65163636E+12 -0.27309997E-31  0.14949973E-29
  0.69818182E+12 -0.81627764E-31  0.14115184E-29
  0.74472727E+12  0.23738956E-32  0.13106384E-29
  0.79127273E+12  0.13409102E-30  0.13696530E-29
  0.83781818E+12  0.10822316E-30  0.14815586E-29
  0.88436364E+12  0.66310876E-31  0.15089080E-29
  0.93090909E+12  0.98733464E-32  0.15207404E-29
  0.97745455E+12 -0.81293787E-32  0.14717403E-29
  0.10240000E+13  0.32976911E-31  0.14395904E-29
  0.10705455E+13  0.85405183E-31  0.14841729E-29
  0.11170909E+13  0.79004495E-31  0.15565145E-29
  0.11636364E+13  0.19502914E-31  0.15885532E-29
  0.12101818E+13 -0.47421214E-31  0.15527685E-29
  0.12567273E+13 -0.16619898E-31  0.15026595E-29
  0.13032727E+13  0.31381942E-31  0.15041292E-29
  0.13498182E+13  0.77501164E-31  0.15442300E-29
  0.13963636E+13  0.80831039E-31  0.16261219E-29
  0.14429091E+13  0.12015717E-31  0.16736742E-29
  0.14894545E+13 -0.35411641E-31  0.16432869E-29
  0.15360000E+13 -0.32160426E-31  0.16272421E-29
  0.15825455E+13 -0.21720984E-31  0.16247447E-29
  0.16290909E+13  0.58563098E-32  0.16364416E-29
  0.16756364E+13  0.12572808E-31  0.16863398E-29
  0.17221818E+13 -0.23763267E-31  0.17190938E-29
  0.17687273E+13 -0.36312541E-31  0.17198819E-29
  0.18152727E+13 -0.31683724E-31  0.17284470E-29
  0.18618182E+13 -0.35409904E-31  0.17551436E-29
  0.19083636E+13 -0.44541054E-31  0.17817342E-29
  0.19549091E+13 -0.60296428E-31  0.18068168E-29
  0.20014545E+13 -0.90292268E-31  0.18160088E-29
  0.20480000E+13 -0.95480625E-31  0.18107782E-29
  0.20945455E+13 -0.74520875E-31  0.18331035E-29
  0.21410909E+13 -0.85804275E-31  0.18770209E-29
  0.21876364E+13 -0.10843945E-30  0.19018914E-29
  0.22341818E+13 -0.13441316E-30  0.19210590E-29
  0.22807273E+13 -0.14164684E-30  0.19344053E-29
  0.23272727E+13 -0.14650944E-30  0.19517353E-29
  0.23738182E+13 -0.16003316E-30  0.19866353E-29
  0.24203636E+13 -0.18581489E-30  0.20110752E-29
  0.24669091E+13 -0.20693621E-30  0.20288154E-29
  0.25134545E+13 -0.22073923E-30  0.20325042E-29
  0.25600000E+13 -0.21413059E-30  0.20597049E-29
  0.26065455E+13 -0.22902705E-30  0.21078782E-29
  0.26530909E+13 -0.26290508E-30  0.21436775E-29
  0.26996364E+13 -0.29983096E-30  0.21687902E-29
  0.27461818E+13 -0.34297482E-30  0.21669575E-29
  0.27927273E+13 -0.33370369E-30  0.21641293E-29
  0.28392727E+13 -0.31945688E-30  0.22066899E-29
  0.28858182E+13 -0.34792636E-30  0.22671731E-29
  0.29323636E+13 -0.39326721E-30  0.23067150E-29
  0.29789091E+13 -0.45258429E-30  0.23261099E-29
  0.30254545E+13 -0.48108602E-30  0.23163688E-29
  0.30720000E+13 -0.47521377E-30  0.23275277E-29
  0.31185455E+13 -0.48249413E-30  0.23776182E-29
  0.31650909E+13 -0.52218465E-30  0.24249735E-29
  0.32116364E+13 -0.57035104E-30  0.24599269E-29
  0.32581818E+13 -0.61641177E-30  0.24694099E-29
  0.33047273E+13 -0.63787973E-30  0.24793902E-29
  0.33512727E+13 -0.64771572E-30  0.25164316E-29
  0.33978182E+13 -0.68634666E-30  0.25662225E-29
  0.34443636E+13 -0.74280584E-30  0.26049831E-29
  0.34909091E+13 -0.80635662E-30  0.26128410E-29
  0.35374545E+13 -0.82940411E-30  0.26128550E-29
  0.35840000E+13 -0.84249821E-30  0.26414196E-29
  0.36305455E+13 -0.87092020E-30  0.26914642E-29
  0.36770909E+13 -0.92188383E-30  0.27492361E-29
  0.37236364E+13 -0.10078179E-29  0.27771213E-29
  0.37701818E+13 -0.10587169E-29  0.27764369E-29
  0.38167273E+13 -0.10921158E-29  0.27905550E-29
  0.38632727E+13 -0.11288361E-29  0.28199739E-29
  0.39098182E+13 -0.11739278E-29  0.28621582E-29
  0.39563636E+13 -0.12413071E-29  0.28956869E-29
  0.40029091E+13 -0.12988519E-29  0.29122127E-29
  0.40494545E+13 -0.13475678E-29  0.29331623E-29
  0.40960000E+13 -0.13987827E-29  0.29717247E-29
  0.41425455E+13 -0.14714917E-29  0.30047081E-29
  0.41890909E+13 -0.15464187E-29  0.30257144E-29
  0.42356364E+13 -0.16143444E-29  0.30322501E-29
  0.42821818E+13 -0.16645677E-29  0.30427967E-29
  0.43287273E+13 -0.17134504E-29  0.30801023E-29
  0.43752727E+13 -0.17904610E-29  0.31167440E-29
  0.44218182E+13 -0.18765219E-29  0.31432886E-29
  0.44683636E+13 -0.19588177E-29  0.31488677E-29
  0.45149091E+13 -0.20275849E-29  0.31606395E-29
  0.45614545E+13 -0.20982087E-29  0.31843634E-29
  0.46080000E+13 -0.21817896E-29  0.32079106E-29
  0.46545455E+13 -0.22781583E-29  0.32213537E-29
  0.47010909E+13 -0.23575665E-29  0.32191351E-29
  0.47476364E+13 -0.24292652E-29  0.32335564E-29
  0.47941818E+13 -0.25139403E-29  0.32621281E-29
  0.48407273E+13 -0.26195569E-29  0.32839410E-29
  0.48872727E+13 -0.27378018E-29  0.32850324E-29
  0.49338182E+13 -0.28326189E-29  0.32626174E-29
  0.49803636E+13 -0.29080487E-29  0.32596418E-29
  0.50269091E+13 -0.29946093E-29  0.32824449E-29
  0.50734545E+13 -0.31112219E-29  0.32998221E-29
  0.51200000E+13 -0.32426763E-29  0.32953262E-29
  0.51665455E+13 -0.33539632E-29  0.32662470E-29
  0.52130909E+13 -0.34471403E-29  0.32524418E-29
  0.52596364E+13 -0.35550344E-29  0.32558398E-29
  0.53061818E+13 -0.36814603E-29  0.32509071E-29
  0.53527273E+13 -0.38186370E-29  0.32228057E-29
  0.53992727E+13 -0.39278039E-29  0.31862793E-29
  0.54458182E+13 -0.40334619E-29  0.31685068E-29
  0.54923636E+13 -0.41624177E-29  0.31618907E-29
  0.55389091E+13 -0.43141900E-29  0.31394686E-29
  0.55854545E+13 -0.44650354E-29  0.30806259E-29
  0.56320000E+13 -0.45848981E-29  0.30194282E-29
  0.56785455E+13 -0.47008775E-29  0.29805025E-29
  0.57250909E+13 -0.48360783E-29  0.29485011E-29
  0.57716364E+13 -0.49985968E-29  0.29031898E-29
  0.58181818E+13 -0.51485953E-29  0.28263055E-29
  0.58647273E+13 -0.52839508E-29  0.27546607E-29
  0.59112727E+13 -0.54300580E-29  0.26931674E-29
  0.59578182E+13 -0.55906607E-29  0.26189045E-29
  0.60043636E+13 -0.57564755E-29  0.25192084E-29
  0.60509091E+13 -0.58934548E-29  0.24102920E-29
  0.60974545E+13 -0.60284074E-29  0.23241852E-29
  0.61440000E+13 -0.61924353E-29  0.22370092E-29
  0.61905455E+13 -0.63731067E-29  0.21231184E-29
  0.62370909E+13 -0.65376906E-29  0.19788007E-29
  0.62836364E+13 -0.66801718E-29  0.18367640E-29
  0.63301818E+13 -0.68336991E-29  0.17063722E-29
  0.63767273E+13 -0.70019329E-29  0.15589884E-29
  0.64232727E+13 -0.71651345E-29  0.13843251E-29
  0.64698182E+13 -0.73103979E-29  0.12072242E-29
  0.65163636E+13 -0.74595972E-29  0.10381946E-29
  0.65629091E+13 -0.76306496E-29  0.85158369E-30
  0.66094545E+13 -0.78000004E-29  0.62561690E-30
  0.66560000E+13 -0.79356176E-29  0.38527984E-30
  0.67025455E+13 -0.80604132E-29  0.15539080E-30
  0.67490909E+13 -0.82017643E-29 -0.77852156E-31
  0.67956364E+13 -0.83551336E-29 -0.34538267E-30
  0.68421818E+13 -0.84758958E-29 -0.64191476E-30
  0.68887273E+13 -0.85820202E-29 -0.93564772E-30
  0.69352727E+13 -0.86984526E-29 -0.12418386E-29
  0.69818182E+13 -0.88121393E-29 -0.15853981E-29
  0.70283636E+13 -0.88820369E-29 -0.19591499E-29
  0.70749091E+13 -0.89240224E-29 -0.23230499E-29
  0.71214545E+13 -0.89798597E-29 -0.26975433E-29
  0.71680000E+13 -0.90290427E-29 -0.31201259E-29
  0.72145455E+13 -0.90250314E-29 -0.35819510E-29
  0.72610909E+13 -0.89774015E-29 -0.40441783E-29
  0.73076364E+13 -0.89131285E-29 -0.45254056E-29
  0.73541818E+13 -0.88139615E-29 -0.50591540E-29
  0.74007273E+13 -0.86227356E-29 -0.56125289E-29
  0.74472727E+13 -0.83809937E-29 -0.61705267E-29
  0.74938182E+13 -0.80690080E-29 -0.67715338E-29
  0.75403636E+13 -0.76249821E-29 -0.74376421E-29
  0.75869091E+13 -0.69569194E-29 -0.81276514E-29
  0.76334545E+13 -0.59205211E-29 -0.88538777E-29
  0.76800000E+13 -0.35178515E-29 -0.84613193E-29
  0.77265455E+13 -0.37410014E-29 -0.71040041E-29
  0.77730909E+13 -0.37480029E-29 -0.68150379E-29
  0.78196364E+13 -0.36560250E-29 -0.65456037E-29
  0.78661818E+13 -0.36680336E-29 -0.64257718E-29
  0.79127273E+13 -0.35452332E-29 -0.63677036E-29
  0.79592727E+13 -0.35585548E-29 -0.62645661E-29
  0.80058182E+13 -0.33912923E-29 -0.62617608E-29
  0.80523636E+13 -0.32569408E-29 -0.61984262E-29
  0.80989091E+13 -0.32066785E-29 -0.62548917E-29
  0.81454545E+13 -0.31380553E-29 -0.62073816E-29
  0.81920000E+13 -0.30469631E-29 -0.61973474E-29
  0.82385455E+13 -0.28974962E-29 -0.63161285E-29
  0.82850909E+13 -0.28571697E-29 -0.62642946E-29
  0.83316364E+13 -0.27370404E-29 -0.62659384E-29
  0.83781818E+13 -0.26001473E-29 -0.63833738E-29
  0.84247273E+13 -0.25095370E-29 -0.63410132E-29
  0.84712727E+13 -0.23643571E-29 -0.63713860E-29
  0.85178182E+13 -0.23169490E-29 -0.64576987E-29
  0.85643636E+13 -0.21065166E-29 -0.64635389E-29
  0.86109091E+13 -0.19594536E-29 -0.65212653E-29
  0.86574545E+13 -0.18917788E-29 -0.64741056E-29
  0.87040000E+13 -0.16752891E-29 -0.65618784E-29
  0.87505455E+13 -0.15740715E-29 -0.66127799E-29
  0.87970909E+13 -0.13579779E-29 -0.65405139E-29
  0.88436364E+13 -0.12317140E-29 -0.66322142E-29
  0.88901818E+13 -0.10499176E-29 -0.66002829E-29
  0.89367273E+13 -0.78392105E-30 -0.65801164E-29
  0.89832727E+13 -0.67539601E-30 -0.65361621E-29
  0.90298182E+13 -0.45979048E-30 -0.64331858E-29
  0.90763636E+13 -0.29975876E-30 -0.63929796E-29
  0.91229091E+13 -0.18558863E-30 -0.62436114E-29
  0.91694545E+13 -0.82029567E-31 -0.61299059E-29
  0.92160000E+13 -0.54447554E-31 -0.60724778E-29
  0.92625455E+13 -0.15642574E-31 -0.60651844E-29
  0.93090909E+13  0.97832796E-31 -0.60332487E-29
  0.93556364E+13  0.16696989E-30 -0.60502766E-29
  0.94021818E+13  0.15421155E-30 -0.61332984E-29
  0.94487273E+13  0.26399574E-30 -0.62610757E-29
  0.94952727E+13  0.46956445E-30 -0.64919814E-29
  0.95418182E+13  0.75083331E-30 -0.68625853E-29
  0.95883636E+13  0.12727571E-29 -0.78364718E-29
  0.96349091E+13  0.38448414E-29 -0.75179846E-29
  0.96814545E+13  0.50401430E-29 -0.59635342E-29
  0.97280000E+13  0.58007319E-29 -0.41018415E-29
  0.97745455E+13  0.61224922E-29 -0.14736867E-29
  0.98210909E+13  0.26009033E-29  0.16093180E-29
  0.98676364E+13  0.78334801E-30  0.64923569E-30
  0.99141818E+13 -0.37881498E-30  0.15108092E-30
  0.99607273E+13 -0.13050026E-29 -0.30676520E-30
  0.10007273E+14 -0.20640694E-29 -0.87012089E-30
  0.10053818E+14 -0.26852248E-29 -0.14663094E-29
  0.10100364E+14 -0.31290643E-29 -0.21084175E-29
  0.10146909E+14 -0.35109364E-29 -0.27537963E-29
  0.10193455E+14 -0.37851993E-29 -0.34435492E-29
  0.10240000E+14 -0.39785895E-29 -0.41815681E-29
  0.10286545E+14 -0.39946154E-29 -0.49383510E-29
  0.10333091E+14 -0.39341343E-29 -0.56917928E-29
  0.10379636E+14 -0.37344940E-29 -0.64359596E-29
  0.10426182E+14 -0.34248513E-29 -0.72034666E-29
  0.10472727E+14 -0.29004759E-29 -0.79412275E-29
  0.10519273E+14 -0.21562587E-29 -0.86211474E-29
  0.10565818E+14 -0.10627547E-29 -0.89485763E-29
  0.10612364E+14 -0.22742977E-31 -0.88965793E-29
  0.10658909E+14  0.10072990E-29 -0.84710625E-29
  0.10705455E+14  0.20145664E-29 -0.70058906E-29
  0.10752000E+14  0.58286780E-30 -0.60991996E-29
  0.10798545E+14  0.80673317E-31 -0.64030461E-29
  0.10845091E+14 -0.15213596E-30 -0.67141606E-29
  0.10891636E+14 -0.20425892E-30 -0.70421188E-29
  0.10938182E+14 -0.18701212E-30 -0.73679312E-29
  0.10984727E+14 -0.11924499E-30 -0.77052167E-29
  0.11031273E+14  0.51226253E-31 -0.80797057E-29
  0.11077818E+14  0.34003693E-30 -0.84138349E-29
  0.11124364E+14  0.64962902E-30 -0.86775267E-29
  0.11170909E+14  0.96750115E-30 -0.89337835E-29
  0.11217455E+14  0.13742370E-29 -0.92282919E-29
  0.11264000E+14  0.18789640E-29 -0.94925695E-29
  0.11310545E+14  0.27668626E-29 -0.95325267E-29
  0.11357091E+14  0.32804090E-29 -0.90381591E-29
  0.11403636E+14  0.33313871E-29 -0.87203515E-29
  0.11450182E+14  0.34135445E-29 -0.86800569E-29
  0.11496727E+14  0.35912658E-29 -0.86741207E-29
  0.11543273E+14  0.37542569E-29 -0.86902592E-29
  0.11589818E+14  0.39554568E-29 -0.87432766E-29
  0.11636364E+14  0.41981812E-29 -0.88155791E-29
  0.11682909E+14  0.44803478E-29 -0.88573383E-29
  0.11729455E+14  0.47590809E-29 -0.88857484E-29
  0.11776000E+14  0.50391254E-29 -0.89328072E-29
  0.11822545E+14  0.53743792E-29 -0.89884004E-29
  0.11869091E+14  0.57274043E-29 -0.89836662E-29
  0.11915636E+14  0.60512362E-29 -0.89797734E-29
  0.11962182E+14  0.64079323E-29 -0.90232578E-29
  0.12008727E+14  0.68255547E-29 -0.89984235E-29
  0.12055273E+14  0.71659662E-29 -0.89451953E-29
  0.12101818E+14  0.75491270E-29 -0.89457231E-29
  0.12148364E+14  0.79691341E-29 -0.89386797E-29
  0.12194909E+14  0.83629728E-29 -0.89364261E-29
  0.12241455E+14  0.88082819E-29 -0.89620831E-29
  0.12288000E+14  0.93343544E-29 -0.90187872E-29
  0.12334545E+14  0.99028227E-29 -0.90068538E-29
  0.12381091E+14  0.10500470E-28 -0.90794956E-29
  0.12427636E+14  0.11249475E-28 -0.91073253E-29
  0.12474182E+14  0.12077637E-28 -0.91288182E-29
  0.12520727E+14  0.12992724E-28 -0.91751614E-29
  0.12567273E+14  0.14163548E-28 -0.92192426E-29
  0.12613818E+14  0.15590654E-28 -0.92474379E-29
  0.12660364E+14  0.17425915E-28 -0.92913462E-29
  0.12706909E+14  0.20128476E-28 -0.92917880E-29
  0.12753455E+14  0.25354001E-28 -0.88503994E-29
  0.12800000E+14  0.31729608E-28 -0.74776398E-30
  0.12846545E+14  0.26335998E-28  0.11111491E-28
  0.12893091E+14  0.20489566E-28  0.11474438E-28
  0.12939636E+14  0.17468938E-28  0.11590931E-28
  0.12986182E+14  0.15308431E-28  0.11659307E-28
  0.13032727E+14  0.13584188E-28  0.11735216E-28
  0.13079273E+14  0.12149449E-28  0.11794891E-28
  0.13125818E+14  0.10852304E-28  0.11845850E-28
  0.13172364E+14  0.96903031E-29  0.11912437E-28
  0.13218909E+14  0.85534476E-29  0.11983017E-28
  0.13265455E+14  0.74669757E-29  0.12085230E-28
  0.13312000E+14  0.62857680E-29  0.12284287E-28
  0.13358545E+14  0.40363429E-29  0.12429792E-28
  0.13405091E+14  0.27372090E-29  0.10885043E-28
  0.13451636E+14  0.22355152E-29  0.98006612E-29
  0.13498182E+14  0.18823872E-29  0.89943476E-29
  0.13544727E+14  0.16231040E-29  0.83567596E-29
  0.13591273E+14  0.14106521E-29  0.78013001E-29
  0.13637818E+14  0.12305126E-29  0.73398173E-29
  0.13684364E+14  0.10839071E-29  0.69174415E-29
  0.13730909E+14  0.95009888E-30  0.65594792E-29
  0.13777455E+14  0.84593915E-30  0.62231511E-29
  0.13824000E+14  0.73057734E-30  0.59255924E-29
  0.13870545E+14  0.64886569E-30  0.56556018E-29
  0.13917091E+14  0.55658691E-30  0.54006089E-29
  0.13963636E+14  0.48055165E-30  0.51740743E-29
  0.14010182E+14  0.41836358E-30  0.49563376E-29
  0.14056727E+14  0.34672340E-30  0.47521259E-29
  0.14103273E+14  0.27927304E-30  0.45654130E-29
  0.14149818E+14  0.22466944E-30  0.43848663E-29
  0.14196364E+14  0.17174190E-30  0.42130064E-29
  0.14242909E+14  0.11843894E-30  0.40445139E-29
  0.14289455E+14  0.67073742E-31  0.38872529E-29
  0.14336000E+14  0.17120286E-31  0.37153220E-29
  0.14382545E+14  0.00000000E+00  0.35366008E-29
  0.14429091E+14  0.00000000E+00  0.33899322E-29
  0.14475636E+14  0.00000000E+00  0.32596957E-29
  0.14522182E+14  0.00000000E+00  0.31409420E-29
  0.14568727E+14  0.00000000E+00  0.30313558E-29
  0.14615273E+14  0.00000000E+00  0.29294894E-29
  0.14661818E+14  0.00000000E+00  0.28343120E-29
  0.14708364E+14  0.00000000E+00  0.27450349E-29
  0.14754909E+14  0.00000000E+00  0.26610268E-29
  0.14801455E+14  0.00000000E+00  0.25817664E-29
  0.14848000E+14  0.00000000E+00  0.25068142E-29
  0.14894545E+14  0.00000000E+00  0.24357933E-29
  0.14941091E+14  0.00000000E+00  0.23683764E-29
  0.14987636E+14  0.00000000E+00  0.23042767E-29
  0.15034182E+14  0.00000000E+00  0.22432405E-29
  0.15080727E+14  0.00000000E+00  0.21850421E-29
  0.15127273E+14  0.00000000E+00  0.21294794E-29
  0.15173818E+14  0.00000000E+00  0.20763706E-29
  0.15220364E+14  0.00000000E+00  0.20255513E-29
  0.15266909E+14  0.00000000E+00  0.19768725E-29
  0.15313455E+14  0.00000000E+00  0.19301985E-29
  0.15360000E+14  0.00000000E+00  0.18854054E-29
  0.15406545E+14  0.00000000E+00  0.18423796E-29
  0.15453091E+14  0.00000000E+00  0.18010169E-29
  0.15499636E+14  0.00000000E+00  0.17612215E-29
  0.15546182E+14  0.00000000E+00  0.17229049E-29
  0.15592727E+14  0.00000000E+00  0.16859851E-29
  0.15639273E+14  0.00000000E+00  0.16503866E-29
  0.15685818E+14  0.00000000E+00  0.16160389E-29
  0.15732364E+14  0.00000000E+00  0.15828768E-29
  0.15778909E+14  0.00000000E+00  0.15508394E-29
  0.15825455E+14  0.00000000E+00  0.15198699E-29
  0.15872000E+14  0.00000000E+00  0.14899154E-29
  0.15918545E+14  0.00000000E+00  0.14609263E-29
  0.15965091E+14  0.00000000E+00  0.14328563E-29
  0.16011636E+14  0.00000000E+00  0.14056619E-29
  0.16058182E+14  0.00000000E+00  0.13793023E-29
  0.16104727E+14  0.00000000E+00  0.13537390E-29
  0.16151273E+14  0.00000000E+00  0.13289360E-29
  0.16197818E+14  0.00000000E+00  0.13048593E-29
  0.16244364E+14  0.00000000E+00  0.12814768E-29
  0.16290909E+14  0.00000000E+00  0.12587582E-29
  0.16337455E+14  0.00000000E+00  0.12366751E-29
  0.16384000E+14  0.00000000E+00  0.12152003E-29
  0.16430545E+14  0.00000000E+00  0.11943082E-29
  0.16477091E+14  0.00000000E+00  0.11739746E-29
  0.16523636E+14  0.00000000E+00  0.11541765E-29
  0.16570182E+14  0.00000000E+00  0.11348921E-29
  0.16616727E+14  0.00000000E+00  0.11161007E-29
  0.16663273E+14  0.00000000E+00  0.10977824E-29
  0.16709818E+14  0.00000000E+00  0.10799186E-29
  0.16756364E+14  0.00000000E+00  0.10624915E-29
  0.16802909E+14  0.00000000E+00  0.10454839E-29
  0.16849455E+14  0.00000000E+00  0.10288796E-29
  0.16896000E+14  0.00000000E+00  0.10126632E-29
  0.16942545E+14  0.00000000E+00  0.99681974E-30
  0.16989091E+14  0.00000000E+00  0.98133515E-30
  0.17035636E+14  0.00000000E+00  0.96619585E-30
  0.17082182E+14  0.00000000E+00  0.95138884E-30
  0.17128727E+14  0.00000000E+00  0.93690168E-30
  0.17175273E+14  0.00000000E+00  0.92272243E-30
  0.17221818E+14  0.00000000E+00  0.90883963E-30
  0.17268364E+14  0.00000000E+00  0.89524225E-30
  0.17314909E+14  0.00000000E+00  0.88191970E-30
  0.17361455E+14  0.00000000E+00  0.86886177E-30
  0.17408000E+14  0.00000000E+00  0.85605864E-30
  0.17454545E+14  0.00000000E+00  0.84350082E-30
  0.17501091E+14  0.00000000E+00  0.83117917E-30
  0.17547636E+14  0.00000000E+00  0.81908484E-30
  0.17594182E+14  0.00000000E+00  0.80720927E-30
  0.17640727E+14  0.00000000E+00  0.79554417E-30
  0.17687273E+14  0.00000000E+00  0.78408152E-30
  0.17733818E+14  0.00000000E+00  0.77281353E-30
  0.17780364E+14  0.00000000E+00  0.76173260E-30
  0.17826909E+14  0.00000000E+00  0.75083139E-30
  0.17873455E+14  0.00000000E+00  0.74010269E-30
  0.17920000E+14  0.00000000E+00  0.72953952E-30
  0.17966545E+14  0.00000000E+00  0.71913502E-30
  0.18013091E+14  0.00000000E+00  0.70888251E-30
  0.18059636E+14  0.00000000E+00  0.69877541E-30
  0.18106182E+14  0.00000000E+00  0.68880729E-30
  0.18152727E+14  0.00000000E+00  0.67897181E-30
  0.18199273E+14  0.00000000E+00  0.66926274E-30
  0.18245818E+14  0.00000000E+00  0.65967392E-30
  0.18292364E+14  0.00000000E+00  0.65019925E-30
  0.18338909E+14  0.00000000E+00  0.64083271E-30
  0.18385455E+14  0.00000000E+00  0.63156831E-30
  0.18432000E+14  0.00000000E+00  0.62240007E-30
  0.18478545E+14  0.00000000E+00  0.61332205E-30
  0.18525091E+14  0.00000000E+00  0.60432830E-30
  0.18571636E+14  0.00000000E+00  0.59541286E-30
  0.18618182E+14  0.00000000E+00  0.58656972E-30
  0.18664727E+14  0.00000000E+00  0.57779286E-30
  0.18711273E+14  0.00000000E+00  0.56907616E-30
  0.18757818E+14  0.00000000E+00  0.56041343E-30
  0.18804364E+14  0.00000000E+00  0.55179840E-30
  0.18850909E+14  0.00000000E+00  0.54322464E-30
  0.18897455E+14  0.00000000E+00  0.53468561E-30
  0.18944000E+14  0.00000000E+00  0.52617459E-30
  0.18990545E+14  0.00000000E+00  0.51768467E-30
  0.19037091E+14  0.00000000E+00  0.50920872E-30
  0.19083636E+14  0.00000000E+00  0.50073937E-30
  0.19130182E+14  0.00000000E+00  0.49226896E-30
  0.19176727E+14  0.00000000E+00  0.48378951E-30
  0.19223273E+14  0.00000000E+00  0.47529269E-30
  0.19269818E+14  0.00000000E+00  0.46676979E-30
  0.19316364E+14  0.00000000E+00  0.45821162E-30
  0.19362909E+14  0.00000000E+00  0.44960853E-30
  0.19409455E+14  0.00000000E+00  0.44095028E-30
  0.19456000E+14  0.00000000E+00  0.43222603E-30
  0.19502545E+14  0.00000000E+00  0.42342425E-30
  0.19549091E+14  0.00000000E+00  0.41453263E-30
  0.19595636E+14  0.00000000E+00  0.40553800E-30
  0.19642182E+14  0.00000000E+00  0.39642622E-30
  0.19688727E+14  0.00000000E+00  0.38718207E-30
  0.19735273E+14  0.00000000E+00  0.37778912E-30
  0.19781818E+14  0.00000000E+00  0.36822959E-30
  0.19828364E+14  0.00000000E+00  0.35848416E-30
  0.19874909E+14  0.00000000E+00  0.34853179E-30
  0.19921455E+14  0.00000000E+00  0.33834953E-30
  0.19968000E+14  0.00000000E+00  0.32791219E-30
  0.20014545E+14  0.00000000E+00  0.31719214E-30
  0.20061091E+14  0.00000000E+00  0.30615890E-30
  0.20107636E+14  0.00000000E+00  0.29477882E-30
  0.20154182E+14  0.00000000E+00  0.28301455E-30
  0.20200727E+14  0.00000000E+00  0.27082456E-30
  0.20247273E+14  0.00000000E+00  0.25816252E-30
  0.20293818E+14  0.00000000E+00  0.24497652E-30
  0.20340364E+14  0.00000000E+00  0.23120828E-30
  0.20386909E+14  0.00000000E+00  0.21679204E-30
  0.20433455E+14  0.00000000E+00  0.20165338E-30
  0.20480000E+14  0.00000000E+00  0.18570772E-30
  0.20526545E+14  0.00000000E+00  0.16885855E-30
  0.20573091E+14  0.00000000E+00  0.15099525E-30
  0.20619636E+14  0.00000000E+00  0.13199047E-30
  0.20666182E+14  0.00000000E+00  0.11169684E-30
  0.20712727E+14  0.00000000E+00  0.89942938E-31
  0.20759273E+14  0.00000000E+00  0.66528275E-31
  0.20805818E+14  0.00000000E+00  0.41216909E-31
  0.20852364E+14  0.00000000E+00  0.13729377E-31
  0.20898909E+14  0.00000000E+00 -0.16267700E-31
  0.20945455E+14  0.00000000E+00 -0.49175118E-31
  0.20992000E+14  0.00000000E+00 -0.85478872E-31
  0.21038545E+14  0.00000000E+00 -0.12577389E-30
  0.21085091E+14  0.00000000E+00 -0.17079621E-30
  0.21131636E+14  0.00000000E+00 -0.22146748E-30
  0.21178182E+14  0.00000000E+00 -0.27895759E-30
  0.21224727E+14  0.00000000E+00 -0.34477521E-30
  0.21271273E+14  0.00000000E+00 -0.42090223E-30
  0.21317818E+14  0.00000000E+00 -0.51000032E-30
  0.21364364E+14  0.00000000E+00 -0.61574148E-30
  0.21410909E+14  0.00000000E+00 -0.74336494E-30
  0.21457455E+14  0.00000000E+00 -0.90067894E-30
  0.21504000E+14  0.00000000E+00 -0.11000271E-29
  0.21550545E+14  0.00000000E+00 -0.13626497E-29
  0.21597091E+14  0.00000000E+00 -0.17303060E-29
  0.21643636E+14  0.00000000E+00 -0.23076905E-29
  0.21690182E+14  0.00000000E+00 -0.40659080E-29
  0.21736727E+14  0.30079206E-29 -0.37526408E-29
  0.21783273E+14  0.32859575E-29 -0.27874709E-29
  0.21829818E+14  0.31605750E-29 -0.28666236E-29
  0.21876364E+14  0.43588007E-29 -0.42204226E-29
  0.21922909E+14  0.68091512E-29 -0.31405028E-29
  0.21969455E+14  0.81834817E-29 -0.19597232E-29
  0.22016000E+14  0.97956888E-29 -0.53904448E-30
  0.22062545E+14  0.11584769E-28  0.22096496E-29
  0.22109091E+14  0.12917678E-28  0.71787980E-29
  0.22155636E+14  0.27393846E-29  0.14704956E-28
  0.22202182E+14  0.31055317E-30  0.79103652E-29
  0.22248727E+14  0.10602125E-29  0.58216897E-29
  0.22295273E+14  0.19126048E-29  0.55644245E-29
  0.22341818E+14  0.26481641E-29  0.60966649E-29
  0.22388364E+14  0.24609008E-29  0.70005228E-29
  0.22434909E+14  0.22664656E-29  0.83260596E-29
  0.22481455E+14  0.13283680E-29  0.94593071E-29
  0.22528000E+14 -0.13529764E-30  0.10927504E-28
  0.22574545E+14 -0.21266730E-29  0.11727936E-28
  0.22621091E+14 -0.46105855E-29  0.12509213E-28
  0.22667636E+14 -0.78748114E-29  0.12548093E-28
  0.22714182E+14 -0.11649324E-28  0.11576886E-28
  0.22760727E+14 -0.15806240E-28  0.90946558E-29
  0.22807273E+14 -0.20269297E-28  0.41594491E-29
  0.22853818E+14 -0.22753752E-28 -0.88211098E-29
  0.22900364E+14 -0.94098731E-29 -0.10353923E-28
  0.22946909E+14 -0.65750214E-29 -0.88957024E-29
  0.22993455E+14 -0.46468228E-29 -0.80931660E-29
  0.23040000E+14 -0.32255528E-29 -0.75186224E-29
  0.23086545E+14 -0.20967201E-29 -0.69419012E-29
  0.23133091E+14 -0.10837513E-29 -0.63693792E-29
  0.23179636E+14 -0.30762944E-30 -0.58432866E-29
  0.23226182E+14  0.32845520E-30 -0.52569277E-29
  0.23272727E+14  0.81530160E-30 -0.46832571E-29
  0.23319273E+14  0.12157830E-29 -0.40920713E-29
  0.23365818E+14  0.14775472E-29 -0.35240105E-29
  0.23412364E+14  0.16817117E-29 -0.29508947E-29
  0.23458909E+14  0.17433012E-29 -0.24023765E-29
  0.23505455E+14  0.17112561E-29 -0.18997644E-29
  0.23552000E+14  0.15428079E-29 -0.14267828E-29
  0.23598545E+14  0.12683914E-29 -0.10582936E-29
  0.23645091E+14  0.87719130E-30 -0.82701052E-30
  0.23691636E+14  0.50588524E-30 -0.85798844E-30
  0.23738182E+14  0.29043484E-30 -0.97110146E-30
  0.23784727E+14  0.14130644E-30 -0.10910820E-29
  0.23831273E+14  0.18384920E-31 -0.12365282E-29
  0.23877818E+14 -0.56017213E-31 -0.14111600E-29
  0.23924364E+14 -0.10066584E-30 -0.16075516E-29
  0.23970909E+14 -0.12166167E-30 -0.18513409E-29
  0.24017455E+14 -0.85253047E-31 -0.21651330E-29
  0.24064000E+14  0.98734294E-31 -0.25700690E-29
  0.24110545E+14  0.56431085E-30 -0.29681775E-29
  0.24157091E+14  0.12568214E-29 -0.30291109E-29
  0.24203636E+14  0.17957316E-29 -0.26509221E-29
  0.24250182E+14  0.19307096E-29 -0.23260858E-29
  0.24296727E+14  0.20357058E-29 -0.21229547E-29
  0.24343273E+14  0.21319468E-29 -0.19671385E-29
  0.24389818E+14  0.22250130E-29 -0.18270559E-29
  0.24436364E+14  0.23064147E-29 -0.17036745E-29
  0.24482909E+14  0.23900673E-29 -0.15951689E-29
  0.24529455E+14  0.24782949E-29 -0.14911861E-29
  0.24576000E+14  0.25667986E-29 -0.13920635E-29
  0.24622545E+14  0.26656015E-29 -0.13018538E-29
  0.24669091E+14  0.28098002E-29 -0.12009222E-29
  0.24715636E+14  0.29398660E-29 -0.10178816E-29
  0.24762182E+14  0.30131548E-29 -0.83615899E-30
  0.24808727E+14  0.30695903E-29 -0.66339034E-30
  0.24855273E+14  0.31121335E-29 -0.48911827E-30
  0.24901818E+14  0.31325662E-29 -0.32118312E-30
  0.24948364E+14  0.31468437E-29 -0.16459225E-30
  0.24994909E+14  0.31573571E-29 -0.92783440E-32
  0.25041455E+14  0.31524357E-29  0.14578381E-30
  0.25088000E+14  0.31390946E-29  0.28931438E-30
  0.25134545E+14  0.31242113E-29  0.42740848E-30
  0.25181091E+14  0.31045557E-29  0.56697194E-30
  0.25227636E+14  0.30718046E-29  0.70097080E-30
  0.25274182E+14  0.30393151E-29  0.82389052E-30
  0.25320727E+14  0.30047256E-29  0.94760058E-30
  0.25367273E+14  0.29598253E-29  0.10704066E-29
  0.25413818E+14  0.29111126E-29  0.11836938E-29
  0.25460364E+14  0.28650371E-29  0.12902879E-29
  0.25506909E+14  0.28106523E-29  0.14017572E-29
  0.25553455E+14  0.27495099E-29  0.15045209E-29
  0.25600000E+14  0.26888902E-29  0.15997192E-29
  0.25646545E+14  0.26243395E-29  0.16957433E-29
  0.25693091E+14  0.25529378E-29  0.17844956E-29
  0.25739636E+14  0.24780541E-29  0.18614637E-29
  0.25786182E+14  0.24103299E-29  0.19333375E-29
  0.25832727E+14  0.23412170E-29  0.20057615E-29
  0.25879273E+14  0.22678948E-29  0.20722854E-29
  0.25925818E+14  0.21987394E-29  0.21337217E-29
  0.25972364E+14  0.21272303E-29  0.21933905E-29
  0.26018909E+14  0.20573571E-29  0.22495206E-29
  0.26065455E+14  0.19854392E-29  0.23026730E-29
  0.26112000E+14  0.19164198E-29  0.23524826E-29
  0.26158545E+14  0.18449274E-29  0.24026007E-29
  0.26205091E+14  0.17720740E-29  0.24463470E-29
  0.26251636E+14  0.17031601E-29  0.24872426E-29
  0.26298182E+14  0.16336613E-29  0.25296534E-29
  0.26344727E+14  0.15606836E-29  0.25677947E-29
  0.26391273E+14  0.14904481E-29  0.26017993E-29
  0.26437818E+14  0.14216546E-29  0.26363573E-29
  0.26484364E+14  0.13490007E-29  0.26684156E-29
  0.26530909E+14  0.12794870E-29  0.26949593E-29
  0.26577455E+14  0.12118251E-29  0.27238826E-29
  0.26624000E+14  0.11395903E-29  0.27499228E-29
  0.26670545E+14  0.10704911E-29  0.27717491E-29
  0.26717091E+14  0.10017835E-29  0.27939978E-29
  0.26763636E+14  0.93199288E-30  0.28139554E-29
  0.26810182E+14  0.86309122E-30  0.28311565E-29
  0.26856727E+14  0.79546317E-30  0.28470021E-29
  0.26903273E+14  0.72744337E-30  0.28629100E-29
  0.26949818E+14  0.65790723E-30  0.28751831E-29
  0.26996364E+14  0.59178199E-30  0.28855755E-29
  0.27042909E+14  0.52455504E-30  0.28970865E-29
  0.27089455E+14  0.45623646E-30  0.29041370E-29
  0.27136000E+14  0.39125461E-30  0.29102508E-29
  0.27182545E+14  0.32499820E-30  0.29165367E-29
  0.27229091E+14  0.25836433E-30  0.29203081E-29
  0.27275636E+14  0.19297555E-30  0.29219264E-29
  0.27322182E+14  0.12917584E-30  0.29231887E-29
  0.27368727E+14  0.63562446E-31  0.29239965E-29
  0.27415273E+14 -0.13170680E-32  0.29206610E-29
  0.27461818E+14 -0.63397800E-31  0.29179696E-29
  0.27508364E+14 -0.12804795E-30  0.29147027E-29
  0.27554909E+14 -0.19112284E-30  0.29082378E-29
  0.27601455E+14 -0.25324655E-30  0.29016039E-29
  0.27648000E+14 -0.31531751E-30  0.28936361E-29
  0.27694545E+14 -0.37713276E-30  0.28848855E-29
  0.27741091E+14 -0.43898418E-30  0.28737738E-29
  0.27787636E+14 -0.49900459E-30  0.28620878E-29
  0.27834182E+14 -0.55990212E-30  0.28498991E-29
  0.27880727E+14 -0.61980904E-30  0.28356514E-29
  0.27927273E+14 -0.67948816E-30  0.28205196E-29
  0.27973818E+14 -0.73798979E-30  0.28040851E-29
  0.28020364E+14 -0.79656583E-30  0.27875247E-29
  0.28066909E+14 -0.85525419E-30  0.27684424E-29
  0.28113455E+14 -0.91229741E-30  0.27490192E-29
  0.28160000E+14 -0.96991766E-30  0.27283547E-29
  0.28206545E+14 -0.10260790E-29  0.27068190E-29
  0.28253091E+14 -0.10832609E-29  0.26840848E-29
  0.28299636E+14 -0.11379394E-29  0.26593973E-29
  0.28346182E+14 -0.11932053E-29  0.26356873E-29
  0.28392727E+14 -0.12486882E-29  0.26088792E-29
  0.28439273E+14 -0.13018135E-29  0.25818619E-29
  0.28485818E+14 -0.13560024E-29  0.25540067E-29
  0.28532364E+14 -0.14089168E-29  0.25245723E-29
  0.28578909E+14 -0.14616554E-29  0.24944720E-29
  0.28625455E+14 -0.15138641E-29  0.24630640E-29
  0.28672000E+14 -0.15649428E-29  0.24303921E-29
  0.28718545E+14 -0.16157236E-29  0.23979282E-29
  0.28765091E+14 -0.16673682E-29  0.23626464E-29
  0.28811636E+14 -0.17153184E-29  0.23271799E-29
  0.28858182E+14 -0.17663365E-29  0.22914377E-29
  0.28904727E+14 -0.18137106E-29  0.22523593E-29
  0.28951273E+14 -0.18621262E-29  0.22151824E-29
  0.28997818E+14 -0.19095244E-29  0.21737614E-29
  0.29044364E+14 -0.19555022E-29  0.21343645E-29
  0.29090909E+14 -0.20031764E-29  0.20915788E-29
  0.29137455E+14 -0.20467417E-29  0.20483328E-29
  0.29184000E+14 -0.20924692E-29  0.20050659E-29
  0.29230545E+14 -0.21362950E-29  0.19589123E-29
  0.29277091E+14 -0.21792193E-29  0.19135187E-29
  0.29323636E+14 -0.22227512E-29  0.18647588E-29
  0.29370182E+14 -0.22628015E-29  0.18171977E-29
  0.29416727E+14 -0.23064059E-29  0.17673216E-29
  0.29463273E+14 -0.23436658E-29  0.17157980E-29
  0.29509818E+14 -0.23862000E-29  0.16650187E-29
  0.29556364E+14 -0.24218419E-29  0.16100996E-29
  0.29602909E+14 -0.24622589E-29  0.15573601E-29
  0.29649455E+14 -0.24968348E-29  0.14995878E-29
  0.29696000E+14 -0.25342424E-29  0.14451388E-29
  0.29742545E+14 -0.25678890E-29  0.13849525E-29
  0.29789091E+14 -0.26030455E-29  0.13275940E-29
  0.29835636E+14 -0.26347871E-29  0.12648882E-29
  0.29882182E+14 -0.26676011E-29  0.12052070E-29
  0.29928727E+14 -0.26982623E-29  0.11398764E-29
  0.29975273E+14 -0.27281049E-29  0.10772054E-29
  0.30021818E+14 -0.27560091E-29  0.10092448E-29
  0.30068364E+14 -0.27841836E-29  0.94461122E-30
  0.30114909E+14 -0.28089557E-29  0.87319760E-30
  0.30161455E+14 -0.28359020E-29  0.80549229E-30
  0.30208000E+14 -0.28558935E-29  0.73235113E-30
  0.30254545E+14 -0.28824006E-29  0.65939008E-30
  0.30301091E+14 -0.28980569E-29  0.58585979E-30
  0.30347636E+14 -0.29207564E-29  0.50745328E-30
  0.30394182E+14 -0.29365940E-29  0.43305807E-30
  0.30440727E+14 -0.29503427E-29  0.35000831E-30
  0.30487273E+14 -0.29680051E-29  0.27108882E-30
  0.30533818E+14 -0.29758697E-29  0.18764539E-30
  0.30580364E+14 -0.29873792E-29  0.10143209E-30
  0.30626909E+14 -0.29949260E-29  0.17363676E-31
  0.30673455E+14 -0.29982760E-29 -0.72672869E-31
  0.30720000E+14 -0.30044401E-29 -0.16371739E-30
  0.30766545E+14 -0.30028663E-29 -0.25445124E-30
  0.30813091E+14 -0.29973827E-29 -0.34991273E-30
  0.30859636E+14 -0.29953680E-29 -0.44762695E-30
  0.30906182E+14 -0.29904598E-29 -0.54531273E-30
  0.30952727E+14 -0.29722675E-29 -0.64687614E-30
  0.30999273E+14 -0.29543288E-29 -0.75176511E-30
  0.31045818E+14 -0.29390368E-29 -0.85930061E-30
  0.31092364E+14 -0.29185191E-29 -0.96901801E-30
  0.31138909E+14 -0.28903289E-29 -0.10829348E-29
  0.31185455E+14 -0.28542195E-29 -0.11973996E-29
  0.31232000E+14 -0.28115629E-29 -0.13171284E-29
  0.31278545E+14 -0.27633864E-29 -0.14414949E-29
  0.31325091E+14 -0.27083569E-29 -0.15691258E-29
  0.31371636E+14 -0.26453967E-29 -0.16992643E-29
  0.31418182E+14 -0.25743294E-29 -0.18361546E-29
  0.31464727E+14 -0.24839199E-29 -0.19789586E-29
  0.31511273E+14 -0.23780248E-29 -0.21266332E-29
  0.31557818E+14 -0.22639562E-29 -0.22855295E-29
  0.31604364E+14 -0.21082562E-29 -0.24468085E-29
  0.31650909E+14 -0.19307572E-29 -0.26205429E-29
  0.31697455E+14 -0.16828566E-29 -0.28041489E-29
  0.31744000E+14 -0.13434986E-29 -0.29961348E-29
  0.31790545E+14 -0.53923086E-30 -0.28507191E-29
  0.31837091E+14 -0.65758007E-30 -0.25979404E-29
  0.31883636E+14 -0.40709789E-30 -0.25347809E-29
  0.31930182E+14 -0.13103127E-30 -0.23884616E-29
  0.31976727E+14  0.00000000E+00 -0.20513134E-29
  0.32023273E+14  0.00000000E+00 -0.18559836E-29
  0.32069818E+14  0.00000000E+00 -0.17143646E-29
  0.32116364E+14  0.00000000E+00 -0.16007359E-29
  0.32162909E+14  0.00000000E+00 -0.15053440E-29
  0.32209455E+14  0.00000000E+00 -0.14230729E-29
  0.32256000E+14  0.00000000E+00 -0.13508043E-29
  0.32302545E+14  0.00000000E+00 -0.12864600E-29
  0.32349091E+14  0.00000000E+00 -0.12285705E-29
  0.32395636E+14  0.00000000E+00 -0.11760508E-29
  0.32442182E+14  0.00000000E+00 -0.11280734E-29
  0.32488727E+14  0.00000000E+00 -0.10839910E-29
  0.32535273E+14  0.00000000E+00 -0.10432861E-29
  0.32581818E+14  0.00000000E+00 -0.10055384E-29
  0.32628364E+14  0.00000000E+00 -0.97040080E-30
  0.32674909E+14  0.00000000E+00 -0.93758375E-30
  0.32721455E+14  0.00000000E+00 -0.90684262E-30
  0.32768000E+14  0.00000000E+00 -0.87796892E-30
  0.32814545E+14  0.00000000E+00 -0.85078345E-30
  0.32861091E+14  0.00000000E+00 -0.82513101E-30
  0.32907636E+14  0.00000000E+00 -0.80087629E-30
  0.32954182E+14  0.00000000E+00 -0.77790062E-30
  0.33000727E+14  0.00000000E+00 -0.75609929E-30
  0.33047273E+14  0.00000000E+00 -0.73537951E-30
  0.33093818E+14  0.00000000E+00 -0.71565864E-30
  0.33140364E+14  0.00000000E+00 -0.69686276E-30
  0.33186909E+14  0.00000000E+00 -0.67892552E-30
  0.33233455E+14  0.00000000E+00 -0.66178712E-30
  0.33280000E+14  0.00000000E+00 -0.64539349E-30
  0.33326545E+14  0.00000000E+00 -0.62969560E-30
  0.33373091E+14  0.00000000E+00 -0.61464885E-30
  0.33419636E+14  0.00000000E+00 -0.60021255E-30
  0.33466182E+14  0.00000000E+00 -0.58634950E-30
  0.33512727E+14  0.00000000E+00 -0.57302559E-30
  0.33559273E+14  0.00000000E+00 -0.56020949E-30
  0.33605818E+14  0.00000000E+00 -0.54787234E-30
  0.33652364E+14  0.00000000E+00 -0.53598752E-30
  0.33698909E+14  0.00000000E+00 -0.52453042E-30
  0.33745455E+14  0.00000000E+00 -0.51347826E-30
  0.33792000E+14  0.00000000E+00 -0.50280989E-30
  0.33838545E+14  0.00000000E+00 -0.49250566E-30
  0.33885091E+14  0.00000000E+00 -0.48254729E-30
  0.33931636E+14  0.00000000E+00 -0.47291773E-30
  0.33978182E+14  0.00000000E+00 -0.46360107E-30
  0.34024727E+14  0.00000000E+00 -0.45458244E-30
  0.34071273E+14  0.00000000E+00 -0.44584792E-30
  0.34117818E+14  0.00000000E+00 -0.43738447E-30
  0.34164364E+14  0.00000000E+00 -0.42917983E-30
  0.34210909E+14  0.00000000E+00 -0.42122253E-30
  0.34257455E+14  0.00000000E+00 -0.41350174E-30
  0.34304000E+14  0.00000000E+00 -0.40600729E-30
  0.34350545E+14  0.00000000E+00 -0.39872958E-30
  0.34397091E+14  0.00000000E+00 -0.39165957E-30
  0.34443636E+14  0.00000000E+00 -0.38478872E-30
  0.34490182E+14  0.00000000E+00 -0.37810895E-30
  0.34536727E+14  0.00000000E+00 -0.37161263E-30
  0.34583273E+14  0.00000000E+00 -0.36529252E-30
  0.34629818E+14  0.00000000E+00 -0.35914178E-30
  0.34676364E+14  0.00000000E+00 -0.35315390E-30
  0.34722909E+14  0.00000000E+00 -0.34732273E-30
  0.34769455E+14  0.00000000E+00 -0.34164242E-30
  0.34816000E+14  0.00000000E+00 -0.33610738E-30
  0.34862545E+14  0.00000000E+00 -0.33071235E-30
  0.34909091E+14  0.00000000E+00 -0.32545227E-30
  0.34955636E+14  0.00000000E+00 -0.32032236E-30
  0.35002182E+14  0.00000000E+00 -0.31531803E-30
  0.35048727E+14  0.00000000E+00 -0.31043495E-30
  0.35095273E+14  0.00000000E+00 -0.30566893E-30
  0.35141818E+14  0.00000000E+00 -0.30101603E-30
  0.35188364E+14  0.00000000E+00 -0.29647244E-30
  0.35234909E+14  0.00000000E+00 -0.29203453E-30
  0.35281455E+14  0.00000000E+00 -0.28769886E-30
  0.35328000E+14  0.00000000E+00 -0.28346208E-30
  0.35374545E+14  0.00000000E+00 -0.27932104E-30
  0.35421091E+14  0.00000000E+00 -0.27527270E-30
  0.35467636E+14  0.00000000E+00 -0.27131413E-30
  0.35514182E+14  0.00000000E+00 -0.26744254E-30
  0.35560727E+14  0.00000000E+00 -0.26365527E-30
  0.35607273E+14  0.00000000E+00 -0.25994972E-30
  0.35653818E+14  0.00000000E+00 -0.25632345E-30
  0.35700364E+14  0.00000000E+00 -0.25277407E-30
  0.35746909E+14  0.00000000E+00 -0.24929931E-30
  0.35793455E+14  0.00000000E+00 -0.24589699E-30
  0.35840000E+14  0.00000000E+00 -0.24256498E-30
  0.35886545E+14  0.00000000E+00 -0.23930128E-30
  0.35933091E+14  0.00000000E+00 -0.23610393E-30
  0.35979636E+14  0.00000000E+00 -0.23297106E-30
  0.36026182E+14  0.00000000E+00 -0.22990086E-30
  0.36072727E+14  0.00000000E+00 -0.22689158E-30
  0.36119273E+14  0.00000000E+00 -0.22394155E-30
  0.36165818E+14  0.00000000E+00 -0.22104916E-30
  0.36212364E+14  0.00000000E+00 -0.21821284E-30
  0.36258909E+14  0.00000000E+00 -0.21543109E-30
  0.36305455E+14  0.00000000E+00 -0.21270245E-30
  0.36352000E+14  0.00000000E+00 -0.21002553E-30
  0.36398545E+14  0.00000000E+00 -0.20739897E-30
  0.36445091E+14  0.00000000E+00 -0.20482146E-30
  0.36491636E+14  0.00000000E+00 -0.20229174E-30
  0.36538182E+14  0.00000000E+00 -0.19980859E-30
  0.36584727E+14  0.00000000E+00 -0.19737082E-30
  0.36631273E+14  0.00000000E+00 -0.19497730E-30
  0.36677818E+14  0.00000000E+00 -0.19262691E-30
  0.36724364E+14  0.00000000E+00 -0.19031860E-30
  0.36770909E+14  0.00000000E+00 -0.18805132E-30
  0.36817455E+14  0.00000000E+00 -0.18582408E-30
  0.36864000E+14  0.00000000E+00 -0.18363591E-30
  0.36910545E+14  0.00000000E+00 -0.18148585E-30
  0.36957091E+14  0.00000000E+00 -0.17937301E-30
  0.37003636E+14  0.00000000E+00 -0.17729651E-30
  0.37050182E+14  0.00000000E+00 -0.17525548E-30
  0.37096727E+14  0.00000000E+00 -0.17324910E-30
  0.37143273E+14  0.00000000E+00 -0.17127656E-30
  0.37189818E+14  0.00000000E+00 -0.16933709E-30
  0.37236364E+14  0.00000000E+00 -0.16742992E-30
  0.37282909E+14  0.00000000E+00 -0.16555433E-30
  0.37329455E+14  0.00000000E+00 -0.16370960E-30
  0.37376000E+14  0.00000000E+00 -0.16189503E-30
  0.37422545E+14  0.00000000E+00 -0.16010996E-30
  0.37469091E+14  0.00000000E+00 -0.15835373E-30
  0.37515636E+14  0.00000000E+00 -0.15662571E-30
  0.37562182E+14  0.00000000E+00 -0.15492528E-30
  0.37608727E+14  0.00000000E+00 -0.15325184E-30
  0.37655273E+14  0.00000000E+00 -0.15160482E-30
  0.37701818E+14  0.00000000E+00 -0.14998364E-30
  0.37748364E+14  0.00000000E+00 -0.14838775E-30
  0.37794909E+14  0.00000000E+00 -0.14681662E-30
  0.37841455E+14  0.00000000E+00 -0.14526973E-30
  0.37888000E+14  0.00000000E+00 -0.14374657E-30
  0.37934545E+14  0.00000000E+00 -0.14224665E-30
  0.37981091E+14  0.00000000E+00 -0.14076948E-30
  0.38027636E+14  0.00000000E+00 -0.13931461E-30
  0.38074182E+14  0.00000000E+00 -0.13788157E-30
  0.38120727E+14  0.00000000E+00 -0.13646992E-30
  0.38167273E+14  0.00000000E+00 -0.13507923E-30
  0.38213818E+14  0.00000000E+00 -0.13370908E-30
  0.38260364E+14  0.00000000E+00 -0.13235907E-30
  0.38306909E+14  0.00000000E+00 -0.13102878E-30
  0.38353455E+14  0.00000000E+00 -0.12971784E-30
  0.38400000E+14  0.00000000E+00 -0.12842586E-30
  0.38446545E+14  0.00000000E+00 -0.12715247E-30
  0.38493091E+14  0.00000000E+00 -0.12589732E-30
  0.38539636E+14  0.00000000E+00 -0.12466005E-30
  0.38586182E+14  0.00000000E+00 -0.12344032E-30
  0.38632727E+14  0.00000000E+00 -0.12223779E-30
  0.38679273E+14  0.00000000E+00 -0.12105214E-30
  0.38725818E+14  0.00000000E+00 -0.11988304E-30
  0.38772364E+14  0.00000000E+00 -0.11873020E-30
  0.38818909E+14  0.00000000E+00 -0.11759330E-30
  0.38865455E+14  0.00000000E+00 -0.11647205E-30
  0.38912000E+14  0.00000000E+00 -0.11536617E-30
  0.38958545E+14  0.00000000E+00 -0.11427535E-30
  0.39005091E+14  0.00000000E+00 -0.11319935E-30
  0.39051636E+14  0.00000000E+00 -0.11213787E-30
  0.39098182E+14  0.00000000E+00 -0.11109066E-30
  0.39144727E+14  0.00000000E+00 -0.11005747E-30
  0.39191273E+14  0.00000000E+00 -0.10903804E-30
  0.39237818E+14  0.00000000E+00 -0.10803213E-30
  0.39284364E+14  0.00000000E+00 -0.10703949E-30
  0.39330909E+14  0.00000000E+00 -0.10605989E-30
  0.39377455E+14  0.00000000E+00 -0.10509311E-30
  0.39424000E+14  0.00000000E+00 -0.10413892E-30
  0.39470545E+14  0.00000000E+00 -0.10319710E-30
  0.39517091E+14  0.00000000E+00 -0.10226743E-30
  0.39563636E+14  0.00000000E+00 -0.10134972E-30
  0.39610182E+14  0.00000000E+00 -0.10044374E-30
  0.39656727E+14  0.00000000E+00 -0.99549308E-31
  0.39703273E+14  0.00000000E+00 -0.98666219E-31
  0.39749818E+14  0.00000000E+00 -0.97794285E-31
  0.39796364E+14  0.00000000E+00 -0.96933317E-31
  0.39842909E+14  0.00000000E+00 -0.96083132E-31
  0.39889455E+14  0.00000000E+00 -0.95243549E-31
  0.39936000E+14  0.00000000E+00 -0.94414393E-31
  0.39982545E+14  0.00000000E+00 -0.93595492E-31
  0.40029091E+14  0.00000000E+00 -0.92786676E-31
  0.40075636E+14  0.00000000E+00 -0.91987781E-31
  0.40122182E+14  0.00000000E+00 -0.91198645E-31
  0.40168727E+14  0.00000000E+00 -0.90419109E-31
  0.40215273E+14  0.00000000E+00 -0.89649019E-31
  0.40261818E+14  0.00000000E+00 -0.88888222E-31
  0.40308364E+14  0.00000000E+00 -0.88136569E-31
  0.40354909E+14  0.00000000E+00 -0.87393916E-31
  0.40401455E+14  0.00000000E+00 -0.86660118E-31
  0.40448000E+14  0.00000000E+00 -0.85935036E-31
  0.40494545E+14  0.00000000E+00 -0.85218532E-31
  0.40541091E+14  0.00000000E+00 -0.84510473E-31
  0.40587636E+14  0.00000000E+00 -0.83810725E-31
  0.40634182E+14  0.00000000E+00 -0.83119161E-31
  0.40680727E+14  0.00000000E+00 -0.82435653E-31
  0.40727273E+14  0.00000000E+00 -0.81760077E-31
  0.40773818E+14  0.00000000E+00 -0.81092311E-31
  0.40820364E+14  0.00000000E+00 -0.80432236E-31
  0.40866909E+14  0.00000000E+00 -0.79779734E-31
  0.40913455E+14  0.00000000E+00 -0.79134692E-31
  0.40960000E+14  0.00000000E+00 -0.78496995E-31
  0.41006545E+14  0.00000000E+00 -0.77866535E-31
  0.41053091E+14  0.00000000E+00 -0.77243201E-31
  0.41099636E+14  0.00000000E+00 -0.76626888E-31
  0.41146182E+14  0.00000000E+00 -0.76017491E-31
  0.41192727E+14  0.00000000E+00 -0.75414909E-31
  0.41239273E+14  0.00000000E+00 -0.74819039E-31
  0.41285818E+14  0.00000000E+00 -0.74229785E-31
  0.41332364E+14  0.00000000E+00 -0.73647049E-31
  0.41378909E+14  0.00000000E+00 -0.73070735E-31
  0.41425455E+14  0.00000000E+00 -0.72500751E-31
  0.41472000E+14  0.00000000E+00 -0.71937005E-31
  0.41518545E+14  0.00000000E+00 -0.71379408E-31
  0.41565091E+14  0.00000000E+00 -0.70827870E-31
  0.41611636E+14  0.00000000E+00 -0.70282305E-31
  0.41658182E+14  0.00000000E+00 -0.69742629E-31
  0.41704727E+14  0.00000000E+00 -0.69208756E-31
  0.41751273E+14  0.00000000E+00 -0.68680606E-31
  0.41797818E+14  0.00000000E+00 -0.68158098E-31
  0.41844364E+14  0.00000000E+00 -0.67641152E-31
  0.41890909E+14  0.00000000E+00 -0.67129691E-31
  0.41937455E+14  0.00000000E+00 -0.66623638E-31
  0.41984000E+14  0.00000000E+00 -0.66122918E-31
  0.42030545E+14  0.00000000E+00 -0.65627458E-31
  0.42077091E+14  0.00000000E+00 -0.65137184E-31
  0.42123636E+14  0.00000000E+00 -0.64652025E-31
  0.42170182E+14  0.00000000E+00 -0.64171912E-31
  0.42216727E+14  0.00000000E+00 -0.63696776E-31
  0.42263273E+14  0.00000000E+00 -0.63226548E-31
  0.42309818E+14  0.00000000E+00 -0.62761163E-31
  0.42356364E+14  0.00000000E+00 -0.62300555E-31
  0.42402909E+14  0.00000000E+00 -0.61844660E-31
  0.42449455E+14  0.00000000E+00 -0.61393414E-31
  0.42496000E+14  0.00000000E+00 -0.60946756E-31
  0.42542545E+14  0.00000000E+00 -0.60504624E-31
  0.42589091E+14  0.00000000E+00 -0.60066958E-31
  0.42635636E+14  0.00000000E+00 -0.59633700E-31
  0.42682182E+14  0.00000000E+00 -0.59204791E-31
  0.42728727E+14  0.00000000E+00 -0.58780175E-31
  0.42775273E+14  0.00000000E+00 -0.58359794E-31
  0.42821818E+14  0.00000000E+00 -0.57943593E-31
  0.42868364E+14  0.00000000E+00 -0.57531519E-31
  0.42914909E+14  0.00000000E+00 -0.57123518E-31
  0.42961455E+14  0.00000000E+00 -0.56719537E-31
  0.43008000E+14  0.00000000E+00 -0.56319525E-31
  0.43054545E+14  0.00000000E+00 -0.55923430E-31
  0.43101091E+14  0.00000000E+00 -0.55531202E-31
  0.43147636E+14  0.00000000E+00 -0.55142793E-31
  0.43194182E+14  0.00000000E+00 -0.54758153E-31
  0.43240727E+14  0.00000000E+00 -0.54377235E-31
  0.43287273E+14  0.00000000E+00 -0.53999991E-31
  0.43333818E+14  0.00000000E+00 -0.53626377E-31
  0.43380364E+14  0.00000000E+00 -0.53256345E-31
  0.43426909E+14  0.00000000E+00 -0.52889852E-31
  0.43473455E+14  0.00000000E+00 -0.52526853E-31
  0.43520000E+14  0.00000000E+00 -0.52167305E-31
  0.43566545E+14  0.00000000E+00 -0.51811165E-31
  0.43613091E+14  0.00000000E+00 -0.51458390E-31
  0.43659636E+14  0.00000000E+00 -0.51108940E-31
  0.43706182E+14  0.00000000E+00 -0.50762774E-31
  0.43752727E+14  0.00000000E+00 -0.50419851E-31
  0.43799273E+14  0.00000000E+00 -0.50080133E-31
  0.43845818E+14  0.00000000E+00 -0.49743579E-31
  0.43892364E+14  0.00000000E+00 -0.49410152E-31
  0.43938909E+14  0.00000000E+00 -0.49079813E-31
  0.43985455E+14  0.00000000E+00 -0.48752527E-31
  0.44032000E+14  0.00000000E+00 -0.48428255E-31
  0.44078545E+14  0.00000000E+00 -0.48106962E-31
  0.44125091E+14  0.00000000E+00 -0.47788612E-31
  0.44171636E+14  0.00000000E+00 -0.47473171E-31
  0.44218182E+14  0.00000000E+00 -0.47160603E-31
  0.44264727E+14  0.00000000E+00 -0.46850875E-31
  0.44311273E+14  0.00000000E+00 -0.46543953E-31
  0.44357818E+14  0.00000000E+00 -0.46239804E-31
  0.44404364E+14  0.00000000E+00 -0.45938396E-31
  0.44450909E+14  0.00000000E+00 -0.45639696E-31
  0.44497455E+14  0.00000000E+00 -0.45343674E-31
  0.44544000E+14  0.00000000E+00 -0.45050297E-31
  0.44590545E+14  0.00000000E+00 -0.44759535E-31
  0.44637091E+14  0.00000000E+00 -0.44471359E-31
  0.44683636E+14  0.00000000E+00 -0.44185737E-31
  0.44730182E+14  0.00000000E+00 -0.43902641E-31
  0.44776727E+14  0.00000000E+00 -0.43622042E-31
  0.44823273E+14  0.00000000E+00 -0.43343911E-31
  0.44869818E+14  0.00000000E+00 -0.43068221E-31
  0.44916364E+14  0.00000000E+00 -0.42794942E-31
  0.44962909E+14  0.00000000E+00 -0.42524049E-31
  0.45009455E+14  0.00000000E+00 -0.42255514E-31
  0.45056000E+14  0.00000000E+00 -0.41989310E-31
  0.45102545E+14  0.00000000E+00 -0.41725411E-31
  0.45149091E+14  0.00000000E+00 -0.41463792E-31
  0.45195636E+14  0.00000000E+00 -0.41204427E-31
  0.45242182E+14  0.00000000E+00 -0.40947291E-31
  0.45288727E+14  0.00000000E+00 -0.40692358E-31
  0.45335273E+14  0.00000000E+00 -0.40439606E-31
  0.45381818E+14  0.00000000E+00 -0.40189008E-31
  0.45428364E+14  0.00000000E+00 -0.39940543E-31
  0.45474909E+14  0.00000000E+00 -0.39694186E-31
  0.45521455E+14  0.00000000E+00 -0.39449913E-31
  0.45568000E+14  0.00000000E+00 -0.39207704E-31
  0.45614545E+14  0.00000000E+00 -0.38967534E-31
  0.45661091E+14  0.00000000E+00 -0.38729381E-31
  0.45707636E+14  0.00000000E+00 -0.38493225E-31
  0.45754182E+14  0.00000000E+00 -0.38259042E-31
  0.45800727E+14  0.00000000E+00 -0.38026813E-31
  0.45847273E+14  0.00000000E+00 -0.37796515E-31
  0.45893818E+14  0.00000000E+00 -0.37568128E-31
  0.45940364E+14  0.00000000E+00 -0.37341631E-31
  0.45986909E+14  0.00000000E+00 -0.37117006E-31
  0.46033455E+14  0.00000000E+00 -0.36894230E-31
  0.46080000E+14  0.00000000E+00 -0.36673285E-31
  0.46126545E+14  0.00000000E+00 -0.36454152E-31
  0.46173091E+14  0.00000000E+00 -0.36236811E-31
  0.46219636E+14  0.00000000E+00 -0.36021243E-31
  0.46266182E+14  0.00000000E+00 -0.35807430E-31
  0.46312727E+14  0.00000000E+00 -0.35595353E-31
  0.46359273E+14  0.00000000E+00 -0.35384994E-31
  0.46405818E+14  0.00000000E+00 -0.35176335E-31
  0.46452364E+14  0.00000000E+00 -0.34969359E-31
  0.46498909E+14  0.00000000E+00 -0.34764048E-31
  0.46545455E+14  0.00000000E+00 -0.34560384E-31
  0.46592000E+14  0.00000000E+00 -0.34358351E-31
  0.46638545E+14  0.00000000E+00 -0.34157932E-31
  0.46685091E+14  0.00000000E+00 -0.33959110E-31
  0.46731636E+14  0.00000000E+00 -0.33761869E-31
  0.46778182E+14  0.00000000E+00 -0.33566192E-31
  0.46824727E+14  0.00000000E+00 -0.33372064E-31
  0.46871273E+14  0.00000000E+00 -0.33179470E-31
  0.46917818E+14  0.00000000E+00 -0.32988392E-31
  0.46964364E+14  0.00000000E+00 -0.32798817E-31
  0.47010909E+14  0.00000000E+00 -0.32610728E-31
  0.47057455E+14  0.00000000E+00 -0.32424111E-31
  0.47104000E+14  0.00000000E+00 -0.32238951E-31
  0.47150545E+14  0.00000000E+00 -0.32055234E-31
  0.47197091E+14  0.00000000E+00 -0.31872944E-31
  0.47243636E+14  0.00000000E+00 -0.31692068E-31
  0.47290182E+14  0.00000000E+00 -0.31512592E-31
  0.47336727E+14  0.00000000E+00 -0.31334501E-31
  0.47383273E+14  0.00000000E+00 -0.31157782E-31
  0.47429818E+14  0.00000000E+00 -0.30982421E-31
  0.47476364E+14  0.00000000E+00 -0.30808406E-31
  0.47522909E+14  0.00000000E+00 -0.30635722E-31
  0.47569455E+14  0.00000000E+00 -0.30464356E-31
  0.47616000E+14  0.00000000E+00 -0.30294296E-31
  0.47662545E+14  0.00000000E+00 -0.30125529E-31
  0.47709091E+14  0.00000000E+00 -0.29958043E-31
  0.47755636E+14  0.00000000E+00 -0.29791824E-31
  0.47802182E+14  0.00000000E+00 -0.29626860E-31
  0.47848727E+14  0.00000000E+00 -0.29463140E-31
  0.47895273E+14  0.00000000E+00 -0.29300652E-31
  0.47941818E+14  0.00000000E+00 -0.29139382E-31
  0.47988364E+14  0.00000000E+00 -0.28979321E-31
  0.48034909E+14  0.00000000E+00 -0.28820455E-31
  0.48081455E+14  0.00000000E+00 -0.28662774E-31
  0.48128000E+14  0.00000000E+00 -0.28506266E-31
  0.48174545E+14  0.00000000E+00 -0.28350921E-31
  0.48221091E+14  0.00000000E+00 -0.28196726E-31
  0.48267636E+14  0.00000000E+00 -0.28043672E-31
  0.48314182E+14  0.00000000E+00 -0.27891746E-31
  0.48360727E+14  0.00000000E+00 -0.27740940E-31
  0.48407273E+14  0.00000000E+00 -0.27591242E-31
  0.48453818E+14  0.00000000E+00 -0.27442641E-31
  0.48500364E+14  0.00000000E+00 -0.27295127E-31
  0.48546909E+14  0.00000000E+00 -0.27148691E-31
  0.48593455E+14  0.00000000E+00 -0.27003322E-31
  0.48640000E+14  0.00000000E+00 -0.26859010E-31
  0.48686545E+14  0.00000000E+00 -0.26715745E-31
  0.48733091E+14  0.00000000E+00 -0.26573518E-31
  0.48779636E+14  0.00000000E+00 -0.26432318E-31
  0.48826182E+14  0.00000000E+00 -0.26292138E-31
  0.48872727E+14  0.00000000E+00 -0.26152966E-31
  0.48919273E+14  0.00000000E+00 -0.26014794E-31
  0.48965818E+14  0.00000000E+00 -0.25877612E-31
  0.49012364E+14  0.00000000E+00 -0.25741412E-31
  0.49058909E+14  0.00000000E+00 -0.25606185E-31
  0.49105455E+14  0.00000000E+00 -0.25471921E-31
  0.49152000E+14  0.00000000E+00 -0.25338612E-31
  0.49198545E+14  0.00000000E+00 -0.25206249E-31
  0.49245091E+14  0.00000000E+00 -0.25074823E-31
  0.49291636E+14  0.00000000E+00 -0.24944327E-31
  0.49338182E+14  0.00000000E+00 -0.24814751E-31
  0.49384727E+14  0.00000000E+00 -0.24686088E-31
  0.49431273E+14  0.00000000E+00 -0.24558329E-31
  0.49477818E+14  0.00000000E+00 -0.24431466E-31
  0.49524364E+14  0.00000000E+00 -0.24305491E-31
  0.49570909E+14  0.00000000E+00 -0.24180396E-31
  0.49617455E+14  0.00000000E+00 -0.24056174E-31
  0.49664000E+14  0.00000000E+00 -0.23932815E-31
  0.49710545E+14  0.00000000E+00 -0.23810314E-31
  0.49757091E+14  0.00000000E+00 -0.23688662E-31
  0.49803636E+14  0.00000000E+00 -0.23567851E-31
  0.49850182E+14  0.00000000E+00 -0.23447875E-31
  0.49896727E+14  0.00000000E+00 -0.23328726E-31
  0.49943273E+14  0.00000000E+00 -0.23210396E-31
  0.49989818E+14  0.00000000E+00 -0.23092879E-31
  0.50036364E+14  0.00000000E+00 -0.22976167E-31
  0.50082909E+14  0.00000000E+00 -0.22860253E-31
  0.50129455E+14  0.00000000E+00 -0.22745131E-31
  0.50176000E+14  0.00000000E+00 -0.22630793E-31
  0.50222545E+14  0.00000000E+00 -0.22517232E-31
  0.50269091E+14  0.00000000E+00 -0.22404443E-31
  0.50315636E+14  0.00000000E+00 -0.22292417E-31
  0.50362182E+14  0.00000000E+00 -0.22181150E-31
  0.50408727E+14  0.00000000E+00 -0.22070633E-31
  0.50455273E+14  0.00000000E+00 -0.21960861E-31
  0.50501818E+14  0.00000000E+00 -0.21851827E-31
  0.50548364E+14  0.00000000E+00 -0.21743525E-31
  0.50594909E+14  0.00000000E+00 -0.21635948E-31
  0.50641455E+14  0.00000000E+00 -0.21529091E-31
  0.50688000E+14  0.00000000E+00 -0.21422947E-31
  0.50734545E+14  0.00000000E+00 -0.21317511E-31
  0.50781091E+14  0.00000000E+00 -0.21212775E-31
  0.50827636E+14  0.00000000E+00 -0.21108735E-31
  0.50874182E+14  0.00000000E+00 -0.21005385E-31
  0.50920727E+14  0.00000000E+00 -0.20902718E-31
  0.50967273E+14  0.00000000E+00 -0.20800728E-31
  0.51013818E+14  0.00000000E+00 -0.20699411E-31
  0.51060364E+14  0.00000000E+00 -0.20598761E-31
  0.51106909E+14  0.00000000E+00 -0.20498771E-31
  0.51153455E+14  0.00000000E+00 -0.20399437E-31
  0.51200000E+14  0.00000000E+00 -0.20300752E-31
  0.51246545E+14  0.00000000E+00 -0.20202712E-31
  0.51293091E+14  0.00000000E+00 -0.20105312E-31
  0.51339636E+14  0.00000000E+00 -0.20008545E-31
  0.51386182E+14  0.00000000E+00 -0.19912406E-31
  0.51432727E+14  0.00000000E+00 -0.19816891E-31
  0.51479273E+14  0.00000000E+00 -0.19721995E-31
  0.51525818E+14  0.00000000E+00 -0.19627711E-31
  0.51572364E+14  0.00000000E+00 -0.19534036E-31
  0.51618909E+14  0.00000000E+00 -0.19440964E-31
  0.51665455E+14  0.00000000E+00 -0.19348490E-31
  0.51712000E+14  0.00000000E+00 -0.19256609E-31
  0.51758545E+14  0.00000000E+00 -0.19165317E-31
  0.51805091E+14  0.00000000E+00 -0.19074609E-31
  0.51851636E+14  0.00000000E+00 -0.18984479E-31
  0.51898182E+14  0.00000000E+00 -0.18894924E-31
  0.51944727E+14  0.00000000E+00 -0.18805939E-31
  0.51991273E+14  0.00000000E+00 -0.18717518E-31
  0.52037818E+14  0.00000000E+00 -0.18629658E-31
  0.52084364E+14  0.00000000E+00 -0.18542354E-31
  0.52130909E+14  0.00000000E+00 -0.18455601E-31
  0.52177455E+14  0.00000000E+00 -0.18369395E-31
  0.52224000E+14  0.00000000E+00 -0.18283732E-31
  0.52270545E+14  0.00000000E+00 -0.18198607E-31
  0.52317091E+14  0.00000000E+00 -0.18114017E-31
  0.52363636E+14  0.00000000E+00 -0.18029956E-31
  0.52410182E+14  0.00000000E+00 -0.17946421E-31
  0.52456727E+14  0.00000000E+00 -0.17863407E-31
  0.52503273E+14  0.00000000E+00 -0.17780910E-31
  0.52549818E+14  0.00000000E+00 -0.17698926E-31
  0.52596364E+14  0.00000000E+00 -0.17617452E-31
  0.52642909E+14  0.00000000E+00 -0.17536483E-31
  0.52689455E+14  0.00000000E+00 -0.17456014E-31
  0.52736000E+14  0.00000000E+00 -0.17376043E-31
  0.52782545E+14  0.00000000E+00 -0.17296566E-31
  0.52829091E+14  0.00000000E+00 -0.17217577E-31
  0.52875636E+14  0.00000000E+00 -0.17139075E-31
  0.52922182E+14  0.00000000E+00 -0.17061054E-31
  0.52968727E+14  0.00000000E+00 -0.16983511E-31
  0.53015273E+14  0.00000000E+00 -0.16906443E-31
  0.53061818E+14  0.00000000E+00 -0.16829845E-31
  0.53108364E+14  0.00000000E+00 -0.16753714E-31
  0.53154909E+14  0.00000000E+00 -0.16678047E-31
  0.53201455E+14  0.00000000E+00 -0.16602840E-31
  0.53248000E+14  0.00000000E+00 -0.16528089E-31
  0.53294545E+14  0.00000000E+00 -0.16453790E-31
  0.53341091E+14  0.00000000E+00 -0.16379941E-31
  0.53387636E+14  0.00000000E+00 -0.16306538E-31
  0.53434182E+14  0.00000000E+00 -0.16233578E-31
  0.53480727E+14  0.00000000E+00 -0.16161056E-31
  0.53527273E+14  0.00000000E+00 -0.16088970E-31
  0.53573818E+14  0.00000000E+00 -0.16017317E-31
  0.53620364E+14  0.00000000E+00 -0.15946093E-31
  0.53666909E+14  0.00000000E+00 -0.15875294E-31
  0.53713455E+14  0.00000000E+00 -0.15804919E-31
  0.53760000E+14  0.00000000E+00 -0.15734962E-31
  0.53806545E+14  0.00000000E+00 -0.15665422E-31
  0.53853091E+14  0.00000000E+00 -0.15596295E-31
  0.53899636E+14  0.00000000E+00 -0.15527579E-31
  0.53946182E+14  0.00000000E+00 -0.15459269E-31
  0.53992727E+14  0.00000000E+00 -0.15391363E-31
  0.54039273E+14  0.00000000E+00 -0.15323858E-31
  0.54085818E+14  0.00000000E+00 -0.15256751E-31
  0.54132364E+14  0.00000000E+00 -0.15190039E-31
  0.54178909E+14  0.00000000E+00 -0.15123718E-31
  0.54225455E+14  0.00000000E+00 -0.15057787E-31
  0.54272000E+14  0.00000000E+00 -0.14992242E-31
  0.54318545E+14  0.00000000E+00 -0.14927081E-31
  0.54365091E+14  0.00000000E+00 -0.14862300E-31
  0.54411636E+14  0.00000000E+00 -0.14797896E-31
  0.54458182E+14  0.00000000E+00 -0.14733867E-31
  0.54504727E+14  0.00000000E+00 -0.14670211E-31
  0.54551273E+14  0.00000000E+00 -0.14606924E-31
  0.54597818E+14  0.00000000E+00 -0.14544003E-31
  0.54644364E+14  0.00000000E+00 -0.14481447E-31
  0.54690909E+14  0.00000000E+00 -0.14419252E-31
  0.54737455E+14  0.00000000E+00 -0.14357416E-31
  0.54784000E+14  0.00000000E+00 -0.14295935E-31
  0.54830545E+14  0.00000000E+00 -0.14234808E-31
  0.54877091E+14  0.00000000E+00 -0.14174032E-31
  0.54923636E+14  0.00000000E+00 -0.14113605E-31
  0.54970182E+14  0.00000000E+00 -0.14053523E-31
  0.55016727E+14  0.00000000E+00 -0.13993785E-31
  0.55063273E+14  0.00000000E+00 -0.13934387E-31
  0.55109818E+14  0.00000000E+00 -0.13875328E-31
  0.55156364E+14  0.00000000E+00 -0.13816605E-31
  0.55202909E+14  0.00000000E+00 -0.13758215E-31
  0.55249455E+14  0.00000000E+00 -0.13700156E-31
  0.55296000E+14  0.00000000E+00 -0.13642427E-31
  0.55342545E+14  0.00000000E+00 -0.13585023E-31
  0.55389091E+14  0.00000000E+00 -0.13527944E-31
  0.55435636E+14  0.00000000E+00 -0.13471187E-31
  0.55482182E+14  0.00000000E+00 -0.13414749E-31
  0.55528727E+14  0.00000000E+00 -0.13358628E-31
  0.55575273E+14  0.00000000E+00 -0.13302822E-31
  0.55621818E+14  0.00000000E+00 -0.13247329E-31
  0.55668364E+14  0.00000000E+00 -0.13192147E-31
  0.55714909E+14  0.00000000E+00 -0.13137273E-31
  0.55761455E+14  0.00000000E+00 -0.13082705E-31
  0.55808000E+14  0.00000000E+00 -0.13028441E-31
  0.55854545E+14  0.00000000E+00 -0.12974478E-31
  0.55901091E+14  0.00000000E+00 -0.12920816E-31
  0.55947636E+14  0.00000000E+00 -0.12867451E-31
  0.55994182E+14  0.00000000E+00 -0.12814382E-31
  0.56040727E+14  0.00000000E+00 -0.12761606E-31
  0.56087273E+14  0.00000000E+00 -0.12709122E-31
  0.56133818E+14  0.00000000E+00 -0.12656927E-31
  0.56180364E+14  0.00000000E+00 -0.12605019E-31
  0.56226909E+14  0.00000000E+00 -0.12553397E-31
  0.56273455E+14  0.00000000E+00 -0.12502058E-31
  0.56320000E+14  0.00000000E+00 -0.12451001E-31
  0.56366545E+14  0.00000000E+00 -0.12400223E-31
  0.56413091E+14  0.00000000E+00 -0.12349723E-31
  0.56459636E+14  0.00000000E+00 -0.12299499E-31
  0.56506182E+14  0.00000000E+00 -0.12249548E-31
  0.56552727E+14  0.00000000E+00 -0.12199869E-31
  0.56599273E+14  0.00000000E+00 -0.12150460E-31
  0.56645818E+14  0.00000000E+00 -0.12101319E-31
  0.56692364E+14  0.00000000E+00 -0.12052445E-31
  0.56738909E+14  0.00000000E+00 -0.12003835E-31
  0.56785455E+14  0.00000000E+00 -0.11955488E-31
  0.56832000E+14  0.00000000E+00 -0.11907402E-31
  0.56878545E+14  0.00000000E+00 -0.11859574E-31
  0.56925091E+14  0.00000000E+00 -0.11812005E-31
  0.56971636E+14  0.00000000E+00 -0.11764690E-31
  0.57018182E+14  0.00000000E+00 -0.11717630E-31
  0.57064727E+14  0.00000000E+00 -0.11670822E-31
  0.57111273E+14  0.00000000E+00 -0.11624265E-31
  0.57157818E+14  0.00000000E+00 -0.11577956E-31
  0.57204364E+14  0.00000000E+00 -0.11531894E-31
  0.57250909E+14  0.00000000E+00 -0.11486078E-31
  0.57297455E+14  0.00000000E+00 -0.11440505E-31
  0.57344000E+14  0.00000000E+00 -0.11395175E-31
  0.57390545E+14  0.00000000E+00 -0.11350085E-31
  0.57437091E+14  0.00000000E+00 -0.11305234E-31
  0.57483636E+14  0.00000000E+00 -0.11260621E-31
  0.57530182E+14  0.00000000E+00 -0.11216243E-31
  0.57576727E+14  0.00000000E+00 -0.11172100E-31
  0.57623273E+14  0.00000000E+00 -0.11128189E-31
  0.57669818E+14  0.00000000E+00 -0.11084509E-31
  0.57716364E+14  0.00000000E+00 -0.11041059E-31
  0.57762909E+14  0.00000000E+00 -0.10997836E-31
  0.57809455E+14  0.00000000E+00 -0.10954841E-31
  0.57856000E+14  0.00000000E+00 -0.10912070E-31
  0.57902545E+14  0.00000000E+00 -0.10869523E-31
  0.57949091E+14  0.00000000E+00 -0.10827198E-31
  0.57995636E+14  0.00000000E+00 -0.10785093E-31
  0.58042182E+14  0.00000000E+00 -0.10743208E-31
  0.58088727E+14  0.00000000E+00 -0.10701541E-31
  0.58135273E+14  0.00000000E+00 -0.10660089E-31
  0.58181818E+14  0.00000000E+00 -0.10618853E-31
  0.58228364E+14  0.00000000E+00 -0.10577830E-31
  0.58274909E+14  0.00000000E+00 -0.10537020E-31
  0.58321455E+14  0.00000000E+00 -0.10496420E-31
  0.58368000E+14  0.00000000E+00 -0.10456029E-31
  0.58414545E+14  0.00000000E+00 -0.10415846E-31
  0.58461091E+14  0.00000000E+00 -0.10375870E-31
  0.58507636E+14  0.00000000E+00 -0.10336099E-31
  0.58554182E+14  0.00000000E+00 -0.10296533E-31
  0.58600727E+14  0.00000000E+00 -0.10257169E-31
  0.58647273E+14  0.00000000E+00 -0.10218006E-31
  0.58693818E+14  0.00000000E+00 -0.10179043E-31
  0.58740364E+14  0.00000000E+00 -0.10140279E-31
  0.58786909E+14  0.00000000E+00 -0.10101713E-31
  0.58833455E+14  0.00000000E+00 -0.10063343E-31
  0.58880000E+14  0.00000000E+00 -0.10025168E-31
  0.58926545E+14  0.00000000E+00 -0.99871864E-32
  0.58973091E+14  0.00000000E+00 -0.99493975E-32
  0.59019636E+14  0.00000000E+00 -0.99117998E-32
  0.59066182E+14  0.00000000E+00 -0.98743922E-32
  0.59112727E+14  0.00000000E+00 -0.98371734E-32
  0.59159273E+14  0.00000000E+00 -0.98001423E-32
  0.59205818E+14  0.00000000E+00 -0.97632976E-32
  0.59252364E+14  0.00000000E+00 -0.97266382E-32
  0.59298909E+14  0.00000000E+00 -0.96901629E-32
  0.59345455E+14  0.00000000E+00 -0.96538706E-32
  0.59392000E+14  0.00000000E+00 -0.96177600E-32
  0.59438545E+14  0.00000000E+00 -0.95818301E-32
  0.59485091E+14  0.00000000E+00 -0.95460796E-32
  0.59531636E+14  0.00000000E+00 -0.95105076E-32
  0.59578182E+14  0.00000000E+00 -0.94751128E-32
  0.59624727E+14  0.00000000E+00 -0.94398941E-32
  0.59671273E+14  0.00000000E+00 -0.94048505E-32
  0.59717818E+14  0.00000000E+00 -0.93699809E-32
  0.59764364E+14  0.00000000E+00 -0.93352841E-32
  0.59810909E+14  0.00000000E+00 -0.93007591E-32
  0.59857455E+14  0.00000000E+00 -0.92664049E-32
  0.59904000E+14  0.00000000E+00 -0.92322202E-32
  0.59950545E+14  0.00000000E+00 -0.91982042E-32
  0.59997091E+14  0.00000000E+00 -0.91643558E-32
  0.60043636E+14  0.00000000E+00 -0.91306739E-32
  0.60090182E+14  0.00000000E+00 -0.90971575E-32
  0.60136727E+14  0.00000000E+00 -0.90638055E-32
  0.60183273E+14  0.00000000E+00 -0.90306171E-32
  0.60229818E+14  0.00000000E+00 -0.89975910E-32
  0.60276364E+14  0.00000000E+00 -0.89647265E-32
  0.60322909E+14  0.00000000E+00 -0.89320224E-32
  0.60369455E+14  0.00000000E+00 -0.88994777E-32
  0.60416000E+14  0.00000000E+00 -0.88670916E-32
  0.60462545E+14  0.00000000E+00 -0.88348630E-32
  0.60509091E+14  0.00000000E+00 -0.88027910E-32
  0.60555636E+14  0.00000000E+00 -0.87708746E-32
  0.60602182E+14  0.00000000E+00 -0.87391128E-32
  0.60648727E+14  0.00000000E+00 -0.87075048E-32
  0.60695273E+14  0.00000000E+00 -0.86760496E-32
  0.60741818E+14  0.00000000E+00 -0.86447462E-32
  0.60788364E+14  0.00000000E+00 -0.86135938E-32
  0.60834909E+14  0.00000000E+00 -0.85825914E-32
  0.60881455E+14  0.00000000E+00 -0.85517382E-32
  0.60928000E+14  0.00000000E+00 -0.85210331E-32
  0.60974545E+14  0.00000000E+00 -0.84904754E-32
  0.61021091E+14  0.00000000E+00 -0.84600641E-32
  0.61067636E+14  0.00000000E+00 -0.84297984E-32
  0.61114182E+14  0.00000000E+00 -0.83996774E-32
  0.61160727E+14  0.00000000E+00 -0.83697002E-32
  0.61207273E+14  0.00000000E+00 -0.83398659E-32
  0.61253818E+14  0.00000000E+00 -0.83101738E-32
  0.61300364E+14  0.00000000E+00 -0.82806229E-32
  0.61346909E+14  0.00000000E+00 -0.82512124E-32
  0.61393455E+14  0.00000000E+00 -0.82219414E-32
  0.61440000E+14  0.00000000E+00 -0.81928092E-32
  0.61486545E+14  0.00000000E+00 -0.81638149E-32
  0.61533091E+14  0.00000000E+00 -0.81349578E-32
  0.61579636E+14  0.00000000E+00 -0.81062369E-32
  0.61626182E+14  0.00000000E+00 -0.80776514E-32
  0.61672727E+14  0.00000000E+00 -0.80492007E-32
  0.61719273E+14  0.00000000E+00 -0.80208838E-32
  0.61765818E+14  0.00000000E+00 -0.79927000E-32
  0.61812364E+14  0.00000000E+00 -0.79646485E-32
  0.61858909E+14  0.00000000E+00 -0.79367285E-32
  0.61905455E+14  0.00000000E+00 -0.79089392E-32
  0.61952000E+14  0.00000000E+00 -0.78812800E-32
  0.61998545E+14  0.00000000E+00 -0.78537499E-32
  0.62045091E+14  0.00000000E+00 -0.78263484E-32
  0.62091636E+14  0.00000000E+00 -0.77990745E-32
  0.62138182E+14  0.00000000E+00 -0.77719276E-32
  0.62184727E+14  0.00000000E+00 -0.77449069E-32
  0.62231273E+14  0.00000000E+00 -0.77180117E-32
  0.62277818E+14  0.00000000E+00 -0.76912412E-32
  0.62324364E+14  0.00000000E+00 -0.76645948E-32
  0.62370909E+14  0.00000000E+00 -0.76380717E-32
  0.62417455E+14  0.00000000E+00 -0.76116711E-32
  0.62464000E+14  0.00000000E+00 -0.75853925E-32
  0.62510545E+14  0.00000000E+00 -0.75592350E-32
  0.62557091E+14  0.00000000E+00 -0.75331980E-32
  0.62603636E+14  0.00000000E+00 -0.75072808E-32
  0.62650182E+14  0.00000000E+00 -0.74814827E-32
  0.62696727E+14  0.00000000E+00 -0.74558029E-32
  0.62743273E+14  0.00000000E+00 -0.74302409E-32
  0.62789818E+14  0.00000000E+00 -0.74047960E-32
  0.62836364E+14  0.00000000E+00 -0.73794674E-32
  0.62882909E+14  0.00000000E+00 -0.73542545E-32
  0.62929455E+14  0.00000000E+00 -0.73291567E-32
  0.62976000E+14  0.00000000E+00 -0.73041732E-32
  0.63022545E+14  0.00000000E+00 -0.72793035E-32
  0.63069091E+14  0.00000000E+00 -0.72545469E-32
  0.63115636E+14  0.00000000E+00 -0.72299027E-32
  0.63162182E+14  0.00000000E+00 -0.72053703E-32
  0.63208727E+14  0.00000000E+00 -0.71809490E-32
  0.63255273E+14  0.00000000E+00 -0.71566383E-32
  0.63301818E+14  0.00000000E+00 -0.71324375E-32
  0.63348364E+14  0.00000000E+00 -0.71083460E-32
  0.63394909E+14  0.00000000E+00 -0.70843632E-32
  0.63441455E+14  0.00000000E+00 -0.70604884E-32
  0.63488000E+14  0.00000000E+00 -0.70367210E-32
  0.63534545E+14  0.00000000E+00 -0.70130605E-32
  0.63581091E+14  0.00000000E+00 -0.69895062E-32
  0.63627636E+14  0.00000000E+00 -0.69660575E-32
  0.63674182E+14  0.00000000E+00 -0.69427139E-32
  0.63720727E+14  0.00000000E+00 -0.69194747E-32
  0.63767273E+14  0.00000000E+00 -0.68963394E-32
  0.63813818E+14  0.00000000E+00 -0.68733074E-32
  0.63860364E+14  0.00000000E+00 -0.68503781E-32
  0.63906909E+14  0.00000000E+00 -0.68275509E-32
  0.63953455E+14  0.00000000E+00 -0.68048253E-32
  0.64000000E+14  0.00000000E+00 -0.67822007E-32
