  0.46545455E+11 -0.41930314E-30  0.31749795E-28
  0.93090909E+11 -0.61120374E-30  0.31618315E-28
  0.13963636E+12 -0.94442176E-30  0.31614176E-28
  0.18618182E+12 -0.13844747E-29  0.31521928E-28
  0.23272727E+12 -0.17401177E-29  0.31287825E-28
  0.27927273E+12 -0.21288353E-29  0.31071543E-28
  0.32581818E+12 -0.23277450E-29  0.30515328E-28
  0.37236364E+12 -0.20734708E-29  0.30220915E-28
  0.41890909E+12 -0.18541370E-29  0.30430018E-28
  0.46545455E+12 -0.21102314E-29  0.30698327E-28
  0.51200000E+12 -0.25552584E-29  0.30700629E-28
  0.55854545E+12 -0.27952105E-29  0.30402443E-28
  0.60509091E+12 -0.27208998E-29  0.30317690E-28
  0.65163636E+12 -0.29125345E-29  0.30418752E-28
  0.69818182E+12 -0.31575839E-29  0.30388780E-28
  0.74472727E+12 -0.33161301E-29  0.30272370E-28
  0.79127273E+12 -0.34420259E-29  0.30214761E-28
  0.83781818E+12 -0.35776383E-29  0.30194918E-28
  0.88436364E+12 -0.37058652E-29  0.30199403E-28
  0.93090909E+12 -0.39128313E-29  0.30132185E-28
  0.97745455E+12 -0.39759516E-29  0.30079175E-28
  0.10240000E+13 -0.40745435E-29  0.30214609E-28
  0.10705455E+13 -0.44151631E-29  0.30265333E-28
  0.11170909E+13 -0.47063369E-29  0.30061479E-28
  0.11636364E+13 -0.47103529E-29  0.29910717E-28
  0.12101818E+13 -0.47176193E-29  0.30003039E-28
  0.12567273E+13 -0.49540941E-29  0.30094677E-28
  0.13032727E+13 -0.52204505E-29  0.30054527E-28
  0.13498182E+13 -0.53706389E-29  0.29945630E-28
  0.13963636E+13 -0.54548685E-29  0.29917128E-28
  0.14429091E+13 -0.55884881E-29  0.29964409E-28
  0.14894545E+13 -0.58114243E-29  0.29996309E-28
  0.15360000E+13 -0.60128522E-29  0.29920132E-28
  0.15825455E+13 -0.61054085E-29  0.29894976E-28
  0.16290909E+13 -0.62980445E-29  0.29950076E-28
  0.16756364E+13 -0.65469789E-29  0.29888282E-28
  0.17221818E+13 -0.66513927E-29  0.29777137E-28
  0.17687273E+13 -0.67062933E-29  0.29806731E-28
  0.18152727E+13 -0.68905637E-29  0.29907639E-28
  0.18618182E+13 -0.71581324E-29  0.29915319E-28
  0.19083636E+13 -0.73774564E-29  0.29819889E-28
  0.19549091E+13 -0.74718666E-29  0.29742839E-28
  0.20014545E+13 -0.75834243E-29  0.29807180E-28
  0.20480000E+13 -0.78170259E-29  0.29843522E-28
  0.20945455E+13 -0.80387997E-29  0.29765327E-28
  0.21410909E+13 -0.81445996E-29  0.29705752E-28
  0.21876364E+13 -0.82655720E-29  0.29759810E-28
  0.22341818E+13 -0.84735505E-29  0.29811142E-28
  0.22807273E+13 -0.87322669E-29  0.29763730E-28
  0.23272727E+13 -0.88720286E-29  0.29677417E-28
  0.23738182E+13 -0.89715589E-29  0.29707590E-28
  0.24203636E+13 -0.91915758E-29  0.29755652E-28
  0.24669091E+13 -0.94193631E-29  0.29704407E-28
  0.25134545E+13 -0.95592158E-29  0.29661204E-28
  0.25600000E+13 -0.96950880E-29  0.29679065E-28
  0.26065455E+13 -0.99036394E-29  0.29718409E-28
  0.26530909E+13 -0.10151995E-28  0.29690566E-28
  0.26996364E+13 -0.10311355E-28  0.29604046E-28
  0.27461818E+13 -0.10393144E-28  0.29622100E-28
  0.27927273E+13 -0.10616494E-28  0.29705205E-28
  0.28392727E+13 -0.10898949E-28  0.29675557E-28
  0.28858182E+13 -0.11070124E-28  0.29579075E-28
  0.29323636E+13 -0.11167411E-28  0.29562616E-28
  0.29789091E+13 -0.11340163E-28  0.29637628E-28
  0.30254545E+13 -0.11605527E-28  0.29665933E-28
  0.30720000E+13 -0.11839339E-28  0.29592853E-28
  0.31185455E+13 -0.11976545E-28  0.29542237E-28
  0.31650909E+13 -0.12144742E-28  0.29575834E-28
  0.32116364E+13 -0.12368499E-28  0.29583103E-28
  0.32581818E+13 -0.12572690E-28  0.29547196E-28
  0.33047273E+13 -0.12728970E-28  0.29537949E-28
  0.33512727E+13 -0.12938195E-28  0.29588463E-28
  0.33978182E+13 -0.13205436E-28  0.29581994E-28
  0.34443636E+13 -0.13422488E-28  0.29487634E-28
  0.34909091E+13 -0.13543753E-28  0.29455822E-28
  0.35374545E+13 -0.13716179E-28  0.29525509E-28
  0.35840000E+13 -0.13987016E-28  0.29559741E-28
  0.36305455E+13 -0.14245498E-28  0.29490793E-28
  0.36770909E+13 -0.14405505E-28  0.29430437E-28
  0.37236364E+13 -0.14561460E-28  0.29476392E-28
  0.37701818E+13 -0.14826567E-28  0.29518201E-28
  0.38167273E+13 -0.15094125E-28  0.29460281E-28
  0.38632727E+13 -0.15275365E-28  0.29403004E-28
  0.39098182E+13 -0.15449969E-28  0.29429965E-28
  0.39563636E+13 -0.15699070E-28  0.29454721E-28
  0.40029091E+13 -0.15960050E-28  0.29409298E-28
  0.40494545E+13 -0.16145857E-28  0.29368059E-28
  0.40960000E+13 -0.16336972E-28  0.29406701E-28
  0.41425455E+13 -0.16616012E-28  0.29433747E-28
  0.41890909E+13 -0.16897956E-28  0.29371894E-28
  0.42356364E+13 -0.17085921E-28  0.29309498E-28
  0.42821818E+13 -0.17270708E-28  0.29345723E-28
  0.43287273E+13 -0.17548404E-28  0.29371834E-28
  0.43752727E+13 -0.17828023E-28  0.29319057E-28
  0.44218182E+13 -0.18031584E-28  0.29271911E-28
  0.44683636E+13 -0.18237799E-28  0.29310491E-28
  0.45149091E+13 -0.18536801E-28  0.29336347E-28
  0.45614545E+13 -0.18838626E-28  0.29267079E-28
  0.46080000E+13 -0.19042608E-28  0.29202183E-28
  0.46545455E+13 -0.19241359E-28  0.29236857E-28
  0.47010909E+13 -0.19543049E-28  0.29276441E-28
  0.47476364E+13 -0.19859743E-28  0.29217902E-28
  0.47941818E+13 -0.20085742E-28  0.29154948E-28
  0.48407273E+13 -0.20311282E-28  0.29184320E-28
  0.48872727E+13 -0.20620857E-28  0.29200832E-28
  0.49338182E+13 -0.20931270E-28  0.29143379E-28
  0.49803636E+13 -0.21170567E-28  0.29094407E-28
  0.50269091E+13 -0.21422154E-28  0.29121002E-28
  0.50734545E+13 -0.21748354E-28  0.29128078E-28
  0.51200000E+13 -0.22063213E-28  0.29061233E-28
  0.51665455E+13 -0.22304210E-28  0.29021846E-28
  0.52130909E+13 -0.22587338E-28  0.29061550E-28
  0.52596364E+13 -0.22946775E-28  0.29052522E-28
  0.53061818E+13 -0.23265352E-28  0.28968264E-28
  0.53527273E+13 -0.23508032E-28  0.28931793E-28
  0.53992727E+13 -0.23811731E-28  0.28975461E-28
  0.54458182E+13 -0.24191991E-28  0.28966199E-28
  0.54923636E+13 -0.24524955E-28  0.28882549E-28
  0.55389091E+13 -0.24789016E-28  0.28854692E-28
  0.55854545E+13 -0.25132831E-28  0.28887221E-28
  0.56320000E+13 -0.25533067E-28  0.28854023E-28
  0.56785455E+13 -0.25864172E-28  0.28768277E-28
  0.57250909E+13 -0.26145918E-28  0.28755841E-28
  0.57716364E+13 -0.26523296E-28  0.28785119E-28
  0.58181818E+13 -0.26944143E-28  0.28741111E-28
  0.58647273E+13 -0.27289481E-28  0.28661118E-28
  0.59112727E+13 -0.27620875E-28  0.28665520E-28
  0.59578182E+13 -0.28042517E-28  0.28669196E-28
  0.60043636E+13 -0.28471185E-28  0.28590373E-28
  0.60509091E+13 -0.28814620E-28  0.28526309E-28
  0.60974545E+13 -0.29193784E-28  0.28553576E-28
  0.61440000E+13 -0.29665511E-28  0.28541572E-28
  0.61905455E+13 -0.30113591E-28  0.28451361E-28
  0.62370909E+13 -0.30480941E-28  0.28402947E-28
  0.62836364E+13 -0.30932973E-28  0.28421213E-28
  0.63301818E+13 -0.31446193E-28  0.28382746E-28
  0.63767273E+13 -0.31897696E-28  0.28284019E-28
  0.64232727E+13 -0.32316422E-28  0.28268785E-28
  0.64698182E+13 -0.32841397E-28  0.28273311E-28
  0.65163636E+13 -0.33395052E-28  0.28201401E-28
  0.65629091E+13 -0.33867196E-28  0.28118377E-28
  0.66094545E+13 -0.34380712E-28  0.28128172E-28
  0.66560000E+13 -0.34977998E-28  0.28100491E-28
  0.67025455E+13 -0.35568653E-28  0.27991487E-28
  0.67490909E+13 -0.36091041E-28  0.27952156E-28
  0.67956364E+13 -0.36717345E-28  0.27955344E-28
  0.68421818E+13 -0.37415389E-28  0.27890099E-28
  0.68887273E+13 -0.38035219E-28  0.27788996E-28
  0.69352727E+13 -0.38683587E-28  0.27780311E-28
  0.69818182E+13 -0.39456322E-28  0.27754538E-28
  0.70283636E+13 -0.40230319E-28  0.27637688E-28
  0.70749091E+13 -0.40948932E-28  0.27579159E-28
  0.71214545E+13 -0.41794823E-28  0.27589356E-28
  0.71680000E+13 -0.42757550E-28  0.27513256E-28
  0.72145455E+13 -0.43661867E-28  0.27389153E-28
  0.72610909E+13 -0.44620865E-28  0.27374017E-28
  0.73076364E+13 -0.45768225E-28  0.27345806E-28
  0.73541818E+13 -0.46973341E-28  0.27219278E-28
  0.74007273E+13 -0.48224031E-28  0.27152366E-28
  0.74472727E+13 -0.49703360E-28  0.27146466E-28
  0.74938182E+13 -0.51450159E-28  0.27046692E-28
  0.75403636E+13 -0.53396313E-28  0.26920084E-28
  0.75869091E+13 -0.55843842E-28  0.26893613E-28
  0.76334545E+13 -0.59507548E-28  0.26854350E-28
  0.76800000E+13 -0.66847640E-28  0.22880515E-28
  0.77265455E+13 -0.65971502E-28  0.16265214E-28
  0.77730909E+13 -0.65133069E-28  0.13082955E-28
  0.78196364E+13 -0.64521017E-28  0.10253392E-28
  0.78661818E+13 -0.63934334E-28  0.80430827E-29
  0.79127273E+13 -0.63173490E-28  0.60934590E-29
  0.79592727E+13 -0.62709064E-28  0.42576277E-29
  0.80058182E+13 -0.62033042E-28  0.25141432E-29
  0.80523636E+13 -0.61503276E-28  0.10818908E-29
  0.80989091E+13 -0.60978179E-28 -0.43554411E-30
  0.81454545E+13 -0.60255913E-28 -0.18433254E-29
  0.81920000E+13 -0.59729714E-28 -0.31177304E-29
  0.82385455E+13 -0.59166353E-28 -0.43786965E-29
  0.82850909E+13 -0.58413329E-28 -0.56204811E-29
  0.83316364E+13 -0.57833987E-28 -0.67225198E-29
  0.83781818E+13 -0.57299845E-28 -0.78402610E-29
  0.84247273E+13 -0.56580816E-28 -0.89608334E-29
  0.84712727E+13 -0.55935290E-28 -0.99258217E-29
  0.85178182E+13 -0.55349438E-28 -0.10939227E-28
  0.85643636E+13 -0.54666410E-28 -0.11986811E-28
  0.86109091E+13 -0.53917404E-28 -0.12828777E-28
  0.86574545E+13 -0.53339012E-28 -0.13734154E-28
  0.87040000E+13 -0.52670638E-28 -0.14714426E-28
  0.87505455E+13 -0.51831797E-28 -0.15502918E-28
  0.87970909E+13 -0.51242787E-28 -0.16300560E-28
  0.88436364E+13 -0.50502344E-28 -0.17182179E-28
  0.88901818E+13 -0.49688569E-28 -0.17920726E-28
  0.89367273E+13 -0.49020151E-28 -0.18701430E-28
  0.89832727E+13 -0.48161684E-28 -0.19449772E-28
  0.90298182E+13 -0.47398313E-28 -0.20100238E-28
  0.90763636E+13 -0.46612201E-28 -0.20877216E-28
  0.91229091E+13 -0.45669206E-28 -0.21511658E-28
  0.91694545E+13 -0.44814705E-28 -0.22086097E-28
  0.92160000E+13 -0.43950367E-28 -0.22730312E-28
  0.92625455E+13 -0.42897291E-28 -0.23274437E-28
  0.93090909E+13 -0.41971853E-28 -0.23727165E-28
  0.93556364E+13 -0.40898414E-28 -0.24218755E-28
  0.94021818E+13 -0.39798539E-28 -0.24504701E-28
  0.94487273E+13 -0.38668948E-28 -0.24852882E-28
  0.94952727E+13 -0.37271378E-28 -0.25022371E-28
  0.95418182E+13 -0.35898718E-28 -0.24887163E-28
  0.95883636E+13 -0.33990348E-28 -0.24268837E-28
  0.96349091E+13 -0.33756559E-28 -0.21441197E-28
  0.96814545E+13 -0.35186070E-28 -0.21106278E-28
  0.97280000E+13 -0.35723224E-28 -0.21692805E-28
  0.97745455E+13 -0.35676631E-28 -0.22265848E-28
  0.98210909E+13 -0.36392011E-28 -0.22434829E-28
  0.98676364E+13 -0.35840124E-28 -0.24006043E-28
  0.99141818E+13 -0.34968504E-28 -0.24887484E-28
  0.99607273E+13 -0.33859914E-28 -0.25340543E-28
  0.10007273E+14 -0.32905406E-28 -0.25588344E-28
  0.10053818E+14 -0.31820145E-28 -0.25643987E-28
  0.10100364E+14 -0.30938670E-28 -0.25461587E-28
  0.10146909E+14 -0.30066850E-28 -0.25199995E-28
  0.10193455E+14 -0.29314090E-28 -0.24676345E-28
  0.10240000E+14 -0.28767374E-28 -0.24191567E-28
  0.10286545E+14 -0.28276354E-28 -0.23384493E-28
  0.10333091E+14 -0.28100714E-28 -0.22594643E-28
  0.10379636E+14 -0.28127687E-28 -0.21546388E-28
  0.10426182E+14 -0.28635399E-28 -0.20445685E-28
  0.10472727E+14 -0.29573291E-28 -0.19100771E-28
  0.10519273E+14 -0.32076674E-28 -0.17498961E-28
  0.10565818E+14 -0.36698535E-28 -0.18886529E-28
  0.10612364E+14 -0.39129696E-28 -0.22349138E-28
  0.10658909E+14 -0.40282514E-28 -0.26321011E-28
  0.10705455E+14 -0.40397292E-28 -0.32049468E-28
  0.10752000E+14 -0.35306012E-28 -0.35292964E-28
  0.10798545E+14 -0.32609931E-28 -0.36039392E-28
  0.10845091E+14 -0.30346153E-28 -0.36765095E-28
  0.10891636E+14 -0.28184708E-28 -0.37424852E-28
  0.10938182E+14 -0.26063281E-28 -0.37931509E-28
  0.10984727E+14 -0.23700637E-28 -0.38174417E-28
  0.11031273E+14 -0.21352191E-28 -0.38230805E-28
  0.11077818E+14 -0.18775933E-28 -0.37545990E-28
  0.11124364E+14 -0.16539573E-28 -0.36431734E-28
  0.11170909E+14 -0.14878241E-28 -0.35078620E-28
  0.11217455E+14 -0.13266081E-28 -0.33608227E-28
  0.11264000E+14 -0.11847282E-28 -0.32060790E-28
  0.11310545E+14 -0.97334083E-29 -0.29581090E-28
  0.11357091E+14 -0.97597346E-29 -0.25611905E-28
  0.11403636E+14 -0.11965567E-28 -0.22996721E-28
  0.11450182E+14 -0.13976219E-28 -0.22046857E-28
  0.11496727E+14 -0.15606659E-28 -0.21745974E-28
  0.11543273E+14 -0.16958455E-28 -0.21757126E-28
  0.11589818E+14 -0.18104456E-28 -0.22008419E-28
  0.11636364E+14 -0.19068084E-28 -0.22452741E-28
  0.11682909E+14 -0.19888040E-28 -0.23032717E-28
  0.11729455E+14 -0.20540987E-28 -0.23716078E-28
  0.11776000E+14 -0.21049350E-28 -0.24495135E-28
  0.11822545E+14 -0.21466492E-28 -0.25385902E-28
  0.11869091E+14 -0.21845906E-28 -0.26368392E-28
  0.11915636E+14 -0.22037346E-28 -0.27397569E-28
  0.11962182E+14 -0.22209127E-28 -0.28624918E-28
  0.12008727E+14 -0.22309834E-28 -0.30048508E-28
  0.12055273E+14 -0.22337951E-28 -0.31862640E-28
  0.12101818E+14 -0.20878510E-28 -0.35005073E-28
  0.12148364E+14 -0.17974300E-28 -0.35519419E-28
  0.12194909E+14 -0.16364849E-28 -0.35526148E-28
  0.12241455E+14 -0.15058027E-28 -0.35500466E-28
  0.12288000E+14 -0.13924224E-28 -0.35488147E-28
  0.12334545E+14 -0.12880502E-28 -0.35502430E-28
  0.12381091E+14 -0.11855165E-28 -0.35517479E-28
  0.12427636E+14 -0.10869931E-28 -0.35515011E-28
  0.12474182E+14 -0.98924154E-29 -0.35538116E-28
  0.12520727E+14 -0.88793243E-29 -0.35543660E-28
  0.12567273E+14 -0.78370041E-29 -0.35544121E-28
  0.12613818E+14 -0.67233116E-29 -0.35570938E-28
  0.12660364E+14 -0.54765197E-29 -0.35569025E-28
  0.12706909E+14 -0.40300479E-29 -0.35568099E-28
  0.12753455E+14 -0.18550294E-29 -0.35389071E-28
  0.12800000E+14  0.34688400E-30 -0.33429664E-28
  0.12846545E+14  0.44663008E-30 -0.30757311E-28
  0.12893091E+14  0.20240180E-30 -0.30018148E-28
  0.12939636E+14  0.38280736E-30 -0.29358656E-28
  0.12986182E+14  0.61137138E-30 -0.28688453E-28
  0.13032727E+14  0.86380756E-30 -0.28030779E-28
  0.13079273E+14  0.10932937E-29 -0.27380705E-28
  0.13125818E+14  0.12917807E-29 -0.26732216E-28
  0.13172364E+14  0.14513528E-29 -0.26101662E-28
  0.13218909E+14  0.15183677E-29 -0.25492323E-28
  0.13265455E+14  0.15247917E-29 -0.24916813E-28
  0.13312000E+14  0.13705775E-29 -0.24492989E-28
  0.13358545E+14  0.15161993E-29 -0.24689294E-28
  0.13405091E+14  0.20498109E-29 -0.24281710E-28
  0.13451636E+14  0.24498842E-29 -0.23745147E-28
  0.13498182E+14  0.27368683E-29 -0.23168679E-28
  0.13544727E+14  0.29556867E-29 -0.22547897E-28
  0.13591273E+14  0.31136455E-29 -0.21953767E-28
  0.13637818E+14  0.32046593E-29 -0.21327863E-28
  0.13684364E+14  0.32648092E-29 -0.20747267E-28
  0.13730909E+14  0.32590142E-29 -0.20151440E-28
  0.13777455E+14  0.32332994E-29 -0.19594387E-28
  0.13824000E+14  0.31340961E-29 -0.19048874E-28
  0.13870545E+14  0.30454502E-29 -0.18520713E-28
  0.13917091E+14  0.28827980E-29 -0.18036332E-28
  0.13963636E+14  0.26976356E-29 -0.17557234E-28
  0.14010182E+14  0.24945456E-29 -0.17127932E-28
  0.14056727E+14  0.22412393E-29 -0.16732173E-28
  0.14103273E+14  0.19536596E-29 -0.16368620E-28
  0.14149818E+14  0.16523299E-29 -0.16053335E-28
  0.14196364E+14  0.13188371E-29 -0.15793441E-28
  0.14242909E+14  0.95417139E-30 -0.15597935E-28
  0.14289455E+14  0.56081569E-30 -0.15479673E-28
  0.14336000E+14  0.14047871E-30 -0.15545434E-28
  0.14382545E+14  0.00000000E+00 -0.15802161E-28
  0.14429091E+14  0.00000000E+00 -0.15872067E-28
  0.14475636E+14  0.00000000E+00 -0.15878675E-28
  0.14522182E+14  0.00000000E+00 -0.15854787E-28
  0.14568727E+14  0.00000000E+00 -0.15812958E-28
  0.14615273E+14  0.00000000E+00 -0.15759656E-28
  0.14661818E+14  0.00000000E+00 -0.15698713E-28
  0.14708364E+14  0.00000000E+00 -0.15632597E-28
  0.14754909E+14  0.00000000E+00 -0.15562990E-28
  0.14801455E+14  0.00000000E+00 -0.15491082E-28
  0.14848000E+14  0.00000000E+00 -0.15417742E-28
  0.14894545E+14  0.00000000E+00 -0.15343619E-28
  0.14941091E+14  0.00000000E+00 -0.15269204E-28
  0.14987636E+14  0.00000000E+00 -0.15194877E-28
  0.15034182E+14  0.00000000E+00 -0.15120933E-28
  0.15080727E+14  0.00000000E+00 -0.15047602E-28
  0.15127273E+14  0.00000000E+00 -0.14975067E-28
  0.15173818E+14  0.00000000E+00 -0.14903472E-28
  0.15220364E+14  0.00000000E+00 -0.14832931E-28
  0.15266909E+14  0.00000000E+00 -0.14763537E-28
  0.15313455E+14  0.00000000E+00 -0.14695360E-28
  0.15360000E+14  0.00000000E+00 -0.14628458E-28
  0.15406545E+14  0.00000000E+00 -0.14562875E-28
  0.15453091E+14  0.00000000E+00 -0.14498647E-28
  0.15499636E+14  0.00000000E+00 -0.14435799E-28
  0.15546182E+14  0.00000000E+00 -0.14374352E-28
  0.15592727E+14  0.00000000E+00 -0.14314321E-28
  0.15639273E+14  0.00000000E+00 -0.14255714E-28
  0.15685818E+14  0.00000000E+00 -0.14198540E-28
  0.15732364E+14  0.00000000E+00 -0.14142801E-28
  0.15778909E+14  0.00000000E+00 -0.14088499E-28
  0.15825455E+14  0.00000000E+00 -0.14035633E-28
  0.15872000E+14  0.00000000E+00 -0.13984200E-28
  0.15918545E+14  0.00000000E+00 -0.13934197E-28
  0.15965091E+14  0.00000000E+00 -0.13885619E-28
  0.16011636E+14  0.00000000E+00 -0.13838462E-28
  0.16058182E+14  0.00000000E+00 -0.13792718E-28
  0.16104727E+14  0.00000000E+00 -0.13748383E-28
  0.16151273E+14  0.00000000E+00 -0.13705449E-28
  0.16197818E+14  0.00000000E+00 -0.13663910E-28
  0.16244364E+14  0.00000000E+00 -0.13623760E-28
  0.16290909E+14  0.00000000E+00 -0.13584992E-28
  0.16337455E+14  0.00000000E+00 -0.13547600E-28
  0.16384000E+14  0.00000000E+00 -0.13511577E-28
  0.16430545E+14  0.00000000E+00 -0.13476919E-28
  0.16477091E+14  0.00000000E+00 -0.13443619E-28
  0.16523636E+14  0.00000000E+00 -0.13411673E-28
  0.16570182E+14  0.00000000E+00 -0.13381076E-28
  0.16616727E+14  0.00000000E+00 -0.13351825E-28
  0.16663273E+14  0.00000000E+00 -0.13323914E-28
  0.16709818E+14  0.00000000E+00 -0.13297342E-28
  0.16756364E+14  0.00000000E+00 -0.13272105E-28
  0.16802909E+14  0.00000000E+00 -0.13248202E-28
  0.16849455E+14  0.00000000E+00 -0.13225631E-28
  0.16896000E+14  0.00000000E+00 -0.13204391E-28
  0.16942545E+14  0.00000000E+00 -0.13184483E-28
  0.16989091E+14  0.00000000E+00 -0.13165907E-28
  0.17035636E+14  0.00000000E+00 -0.13148664E-28
  0.17082182E+14  0.00000000E+00 -0.13132755E-28
  0.17128727E+14  0.00000000E+00 -0.13118184E-28
  0.17175273E+14  0.00000000E+00 -0.13104954E-28
  0.17221818E+14  0.00000000E+00 -0.13093069E-28
  0.17268364E+14  0.00000000E+00 -0.13082533E-28
  0.17314909E+14  0.00000000E+00 -0.13073353E-28
  0.17361455E+14  0.00000000E+00 -0.13065534E-28
  0.17408000E+14  0.00000000E+00 -0.13059085E-28
  0.17454545E+14  0.00000000E+00 -0.13054013E-28
  0.17501091E+14  0.00000000E+00 -0.13050326E-28
  0.17547636E+14  0.00000000E+00 -0.13048036E-28
  0.17594182E+14  0.00000000E+00 -0.13047153E-28
  0.17640727E+14  0.00000000E+00 -0.13047688E-28
  0.17687273E+14  0.00000000E+00 -0.13049655E-28
  0.17733818E+14  0.00000000E+00 -0.13053068E-28
  0.17780364E+14  0.00000000E+00 -0.13057940E-28
  0.17826909E+14  0.00000000E+00 -0.13064289E-28
  0.17873455E+14  0.00000000E+00 -0.13072131E-28
  0.17920000E+14  0.00000000E+00 -0.13081484E-28
  0.17966545E+14  0.00000000E+00 -0.13092369E-28
  0.18013091E+14  0.00000000E+00 -0.13104805E-28
  0.18059636E+14  0.00000000E+00 -0.13118815E-28
  0.18106182E+14  0.00000000E+00 -0.13134422E-28
  0.18152727E+14  0.00000000E+00 -0.13151651E-28
  0.18199273E+14  0.00000000E+00 -0.13170529E-28
  0.18245818E+14  0.00000000E+00 -0.13191083E-28
  0.18292364E+14  0.00000000E+00 -0.13213343E-28
  0.18338909E+14  0.00000000E+00 -0.13237339E-28
  0.18385455E+14  0.00000000E+00 -0.13263106E-28
  0.18432000E+14  0.00000000E+00 -0.13290677E-28
  0.18478545E+14  0.00000000E+00 -0.13320089E-28
  0.18525091E+14  0.00000000E+00 -0.13351381E-28
  0.18571636E+14  0.00000000E+00 -0.13384594E-28
  0.18618182E+14  0.00000000E+00 -0.13419771E-28
  0.18664727E+14  0.00000000E+00 -0.13456958E-28
  0.18711273E+14  0.00000000E+00 -0.13496201E-28
  0.18757818E+14  0.00000000E+00 -0.13537553E-28
  0.18804364E+14  0.00000000E+00 -0.13581065E-28
  0.18850909E+14  0.00000000E+00 -0.13626795E-28
  0.18897455E+14  0.00000000E+00 -0.13674802E-28
  0.18944000E+14  0.00000000E+00 -0.13725147E-28
  0.18990545E+14  0.00000000E+00 -0.13777897E-28
  0.19037091E+14  0.00000000E+00 -0.13833123E-28
  0.19083636E+14  0.00000000E+00 -0.13890896E-28
  0.19130182E+14  0.00000000E+00 -0.13951295E-28
  0.19176727E+14  0.00000000E+00 -0.14014401E-28
  0.19223273E+14  0.00000000E+00 -0.14080302E-28
  0.19269818E+14  0.00000000E+00 -0.14149089E-28
  0.19316364E+14  0.00000000E+00 -0.14220858E-28
  0.19362909E+14  0.00000000E+00 -0.14295713E-28
  0.19409455E+14  0.00000000E+00 -0.14373761E-28
  0.19456000E+14  0.00000000E+00 -0.14455119E-28
  0.19502545E+14  0.00000000E+00 -0.14539906E-28
  0.19549091E+14  0.00000000E+00 -0.14628254E-28
  0.19595636E+14  0.00000000E+00 -0.14720299E-28
  0.19642182E+14  0.00000000E+00 -0.14816188E-28
  0.19688727E+14  0.00000000E+00 -0.14916074E-28
  0.19735273E+14  0.00000000E+00 -0.15020123E-28
  0.19781818E+14  0.00000000E+00 -0.15128511E-28
  0.19828364E+14  0.00000000E+00 -0.15241425E-28
  0.19874909E+14  0.00000000E+00 -0.15359065E-28
  0.19921455E+14  0.00000000E+00 -0.15481643E-28
  0.19968000E+14  0.00000000E+00 -0.15609389E-28
  0.20014545E+14  0.00000000E+00 -0.15742545E-28
  0.20061091E+14  0.00000000E+00 -0.15881374E-28
  0.20107636E+14  0.00000000E+00 -0.16026156E-28
  0.20154182E+14  0.00000000E+00 -0.16177192E-28
  0.20200727E+14  0.00000000E+00 -0.16334806E-28
  0.20247273E+14  0.00000000E+00 -0.16499347E-28
  0.20293818E+14  0.00000000E+00 -0.16671191E-28
  0.20340364E+14  0.00000000E+00 -0.16850745E-28
  0.20386909E+14  0.00000000E+00 -0.17038449E-28
  0.20433455E+14  0.00000000E+00 -0.17234779E-28
  0.20480000E+14  0.00000000E+00 -0.17440253E-28
  0.20526545E+14  0.00000000E+00 -0.17655435E-28
  0.20573091E+14  0.00000000E+00 -0.17880937E-28
  0.20619636E+14  0.00000000E+00 -0.18117431E-28
  0.20666182E+14  0.00000000E+00 -0.18365651E-28
  0.20712727E+14  0.00000000E+00 -0.18626404E-28
  0.20759273E+14  0.00000000E+00 -0.18900577E-28
  0.20805818E+14  0.00000000E+00 -0.19189149E-28
  0.20852364E+14  0.00000000E+00 -0.19493207E-28
  0.20898909E+14  0.00000000E+00 -0.19813956E-28
  0.20945455E+14  0.00000000E+00 -0.20152741E-28
  0.20992000E+14  0.00000000E+00 -0.20511071E-28
  0.21038545E+14  0.00000000E+00 -0.20890643E-28
  0.21085091E+14  0.00000000E+00 -0.21293379E-28
  0.21131636E+14  0.00000000E+00 -0.21721473E-28
  0.21178182E+14  0.00000000E+00 -0.22177441E-28
  0.21224727E+14  0.00000000E+00 -0.22664208E-28
  0.21271273E+14  0.00000000E+00 -0.23185207E-28
  0.21317818E+14  0.00000000E+00 -0.23744543E-28
  0.21364364E+14  0.00000000E+00 -0.24347232E-28
  0.21410909E+14  0.00000000E+00 -0.24999604E-28
  0.21457455E+14  0.00000000E+00 -0.25710037E-28
  0.21504000E+14  0.00000000E+00 -0.26490442E-28
  0.21550545E+14  0.00000000E+00 -0.27359759E-28
  0.21597091E+14  0.00000000E+00 -0.28353954E-28
  0.21643636E+14  0.00000000E+00 -0.29565315E-28
  0.21690182E+14  0.00000000E+00 -0.31937065E-28
  0.21736727E+14  0.30651099E-29 -0.32192680E-28
  0.21783273E+14  0.33982791E-29 -0.31350844E-28
  0.21829818E+14  0.29486736E-29 -0.30754555E-28
  0.21876364E+14  0.12859534E-29 -0.29409917E-28
  0.21922909E+14 -0.37983124E-29 -0.31659725E-28
  0.21969455E+14 -0.67290166E-29 -0.36308537E-28
  0.22016000E+14 -0.88617605E-29 -0.42482040E-28
  0.22062545E+14 -0.10084826E-28 -0.50967447E-28
  0.22109091E+14 -0.90680347E-29 -0.64086087E-28
  0.22155636E+14  0.13709927E-28 -0.79493479E-28
  0.22202182E+14  0.24074170E-28 -0.70712942E-28
  0.22248727E+14  0.30355487E-28 -0.67433181E-28
  0.22295273E+14  0.35632614E-28 -0.64980361E-28
  0.22341818E+14  0.40715312E-28 -0.62961380E-28
  0.22388364E+14  0.45748494E-28 -0.60747102E-28
  0.22434909E+14  0.50647296E-28 -0.58391073E-28
  0.22481455E+14  0.55570278E-28 -0.55735435E-28
  0.22528000E+14  0.60465845E-28 -0.52769323E-28
  0.22574545E+14  0.65427343E-28 -0.49234851E-28
  0.22621091E+14  0.70369206E-28 -0.45412951E-28
  0.22667636E+14  0.75666321E-28 -0.40752044E-28
  0.22714182E+14  0.80967413E-28 -0.35158817E-28
  0.22760727E+14  0.86652758E-28 -0.28203462E-28
  0.22807273E+14  0.92880647E-28 -0.18849165E-28
  0.22853818E+14  0.10112090E-27  0.22108478E-29
  0.22900364E+14  0.80785440E-28  0.14772901E-28
  0.22946909E+14  0.72678005E-28  0.16370662E-28
  0.22993455E+14  0.67226976E-28  0.17701773E-28
  0.23040000E+14  0.63116299E-28  0.18895474E-28
  0.23086545E+14  0.59831618E-28  0.19986867E-28
  0.23133091E+14  0.57072516E-28  0.21092009E-28
  0.23179636E+14  0.54766387E-28  0.22222737E-28
  0.23226182E+14  0.52664111E-28  0.23437423E-28
  0.23272727E+14  0.50778227E-28  0.24713290E-28
  0.23319273E+14  0.49012691E-28  0.26095837E-28
  0.23365818E+14  0.47271159E-28  0.27669634E-28
  0.23412364E+14  0.45575880E-28  0.29300725E-28
  0.23458909E+14  0.43652245E-28  0.31197250E-28
  0.23505455E+14  0.41647715E-28  0.33162517E-28
  0.23552000E+14  0.39292214E-28  0.35366758E-28
  0.23598545E+14  0.36416364E-28  0.37670090E-28
  0.23645091E+14  0.32512136E-28  0.40204092E-28
  0.23691636E+14  0.27350692E-28  0.40697716E-28
  0.23738182E+14  0.23319537E-28  0.40394039E-28
  0.23784727E+14  0.19484345E-28  0.39872253E-28
  0.23831273E+14  0.15722617E-28  0.39028458E-28
  0.23877818E+14  0.12009767E-28  0.37585529E-28
  0.23924364E+14  0.85444260E-29  0.35237972E-28
  0.23970909E+14  0.62935055E-29  0.32748147E-28
  0.24017455E+14  0.38855329E-29  0.30278439E-28
  0.24064000E+14  0.17187538E-29  0.26595059E-28
  0.24110545E+14  0.19468561E-29  0.21517154E-28
  0.24157091E+14  0.58458488E-29  0.18995575E-28
  0.24203636E+14  0.76165887E-29  0.22517450E-28
  0.24250182E+14  0.46652277E-29  0.22289160E-28
  0.24296727E+14  0.37437588E-29  0.20963528E-28
  0.24343273E+14  0.32159645E-29  0.19791177E-28
  0.24389818E+14  0.28754333E-29  0.18756865E-28
  0.24436364E+14  0.26257671E-29  0.17823869E-28
  0.24482909E+14  0.24442309E-29  0.16978336E-28
  0.24529455E+14  0.23037966E-29  0.16205442E-28
  0.24576000E+14  0.21955128E-29  0.15495619E-28
  0.24622545E+14  0.21097429E-29  0.14842205E-28
  0.24669091E+14  0.20521386E-29  0.14237623E-28
  0.24715636E+14  0.20130178E-29  0.13690421E-28
  0.24762182E+14  0.19758479E-29  0.13188870E-28
  0.24808727E+14  0.19437878E-29  0.12726310E-28
  0.24855273E+14  0.19151209E-29  0.12299178E-28
  0.24901818E+14  0.18856700E-29  0.11901668E-28
  0.24948364E+14  0.18561623E-29  0.11528084E-28
  0.24994909E+14  0.18297542E-29  0.11179946E-28
  0.25041455E+14  0.18012285E-29  0.10853028E-28
  0.25088000E+14  0.17711478E-29  0.10544330E-28
  0.25134545E+14  0.17424042E-29  0.10251811E-28
  0.25181091E+14  0.17129545E-29  0.99761835E-29
  0.25227636E+14  0.16816309E-29  0.97144245E-29
  0.25274182E+14  0.16504736E-29  0.94639786E-29
  0.25320727E+14  0.16187584E-29  0.92255970E-29
  0.25367273E+14  0.15856296E-29  0.89984961E-29
  0.25413818E+14  0.15525640E-29  0.87803984E-29
  0.25460364E+14  0.15196408E-29  0.85696384E-29
  0.25506909E+14  0.14849514E-29  0.83684800E-29
  0.25553455E+14  0.14506704E-29  0.81736136E-29
  0.25600000E+14  0.14165647E-29  0.79850933E-29
  0.25646545E+14  0.13813299E-29  0.78023564E-29
  0.25693091E+14  0.13485845E-29  0.76245808E-29
  0.25739636E+14  0.13146973E-29  0.74518910E-29
  0.25786182E+14  0.12838122E-29  0.72839973E-29
  0.25832727E+14  0.12524095E-29  0.71214252E-29
  0.25879273E+14  0.12229102E-29  0.69627067E-29
  0.25925818E+14  0.11945496E-29  0.68095236E-29
  0.25972364E+14  0.11656655E-29  0.66592423E-29
  0.26018909E+14  0.11400855E-29  0.65137794E-29
  0.26065455E+14  0.11130188E-29  0.63719951E-29
  0.26112000E+14  0.10887068E-29  0.62330520E-29
  0.26158545E+14  0.10641938E-29  0.60985671E-29
  0.26205091E+14  0.10416245E-29  0.59662791E-29
  0.26251636E+14  0.10197123E-29  0.58384897E-29
  0.26298182E+14  0.99763896E-30  0.57120932E-29
  0.26344727E+14  0.97875146E-30  0.55888292E-29
  0.26391273E+14  0.95894986E-30  0.54696679E-29
  0.26437818E+14  0.94033336E-30  0.53510088E-29
  0.26484364E+14  0.92419445E-30  0.52360187E-29
  0.26530909E+14  0.90786632E-30  0.51235158E-29
  0.26577455E+14  0.89258841E-30  0.50126814E-29
  0.26624000E+14  0.87896136E-30  0.49037823E-29
  0.26670545E+14  0.86657369E-30  0.47981451E-29
  0.26717091E+14  0.85406566E-30  0.46938987E-29
  0.26763636E+14  0.84414369E-30  0.45909960E-29
  0.26810182E+14  0.83489950E-30  0.44914737E-29
  0.26856727E+14  0.82598312E-30  0.43928301E-29
  0.26903273E+14  0.81931910E-30  0.42958265E-29
  0.26949818E+14  0.81353487E-30  0.42014518E-29
  0.26996364E+14  0.80858105E-30  0.41086012E-29
  0.27042909E+14  0.80485541E-30  0.40170186E-29
  0.27089455E+14  0.80318799E-30  0.39273174E-29
  0.27136000E+14  0.80184262E-30  0.38403025E-29
  0.27182545E+14  0.80117687E-30  0.37534861E-29
  0.27229091E+14  0.80362681E-30  0.36687185E-29
  0.27275636E+14  0.80584301E-30  0.35869120E-29
  0.27322182E+14  0.80886133E-30  0.35051084E-29
  0.27368727E+14  0.81488907E-30  0.34251489E-29
  0.27415273E+14  0.82123760E-30  0.33482225E-29
  0.27461818E+14  0.82769463E-30  0.32718447E-29
  0.27508364E+14  0.83704847E-30  0.31966234E-29
  0.27554909E+14  0.84735479E-30  0.31243664E-29
  0.27601455E+14  0.85773378E-30  0.30532323E-29
  0.27648000E+14  0.87027763E-30  0.29832836E-29
  0.27694545E+14  0.88411527E-30  0.29155447E-29
  0.27741091E+14  0.89873997E-30  0.28497563E-29
  0.27787636E+14  0.91435284E-30  0.27853506E-29
  0.27834182E+14  0.93153673E-30  0.27226223E-29
  0.27880727E+14  0.94956373E-30  0.26617588E-29
  0.27927273E+14  0.96907559E-30  0.26028160E-29
  0.27973818E+14  0.98893132E-30  0.25458811E-29
  0.28020364E+14  0.10102425E-29  0.24898220E-29
  0.28066909E+14  0.10331534E-29  0.24367537E-29
  0.28113455E+14  0.10560649E-29  0.23852672E-29
  0.28160000E+14  0.10805272E-29  0.23354760E-29
  0.28206545E+14  0.11055269E-29  0.22874455E-29
  0.28253091E+14  0.11324408E-29  0.22417284E-29
  0.28299636E+14  0.11585750E-29  0.21984705E-29
  0.28346182E+14  0.11866153E-29  0.21557254E-29
  0.28392727E+14  0.12156322E-29  0.21166921E-29
  0.28439273E+14  0.12441840E-29  0.20788188E-29
  0.28485818E+14  0.12746059E-29  0.20433294E-29
  0.28532364E+14  0.13046876E-29  0.20098746E-29
  0.28578909E+14  0.13362086E-29  0.19783445E-29
  0.28625455E+14  0.13679765E-29  0.19493798E-29
  0.28672000E+14  0.13997696E-29  0.19227794E-29
  0.28718545E+14  0.14319988E-29  0.18971975E-29
  0.28765091E+14  0.14661446E-29  0.18753198E-29
  0.28811636E+14  0.14976257E-29  0.18553011E-29
  0.28858182E+14  0.15323558E-29  0.18366250E-29
  0.28904727E+14  0.15645201E-29  0.18220176E-29
  0.28951273E+14  0.15987512E-29  0.18072668E-29
  0.28997818E+14  0.16321056E-29  0.17979241E-29
  0.29044364E+14  0.16649393E-29  0.17878214E-29
  0.29090909E+14  0.16992739E-29  0.17824097E-29
  0.29137455E+14  0.17308606E-29  0.17783773E-29
  0.29184000E+14  0.17643625E-29  0.17765913E-29
  0.29230545E+14  0.17957793E-29  0.17777764E-29
  0.29277091E+14  0.18274522E-29  0.17799130E-29
  0.29323636E+14  0.18594223E-29  0.17868365E-29
  0.29370182E+14  0.18880387E-29  0.17938041E-29
  0.29416727E+14  0.19199495E-29  0.18041691E-29
  0.29463273E+14  0.19458267E-29  0.18172463E-29
  0.29509818E+14  0.19764204E-29  0.18312378E-29
  0.29556364E+14  0.19998546E-29  0.18501733E-29
  0.29602909E+14  0.20274943E-29  0.18679019E-29
  0.29649455E+14  0.20500618E-29  0.18915165E-29
  0.29696000E+14  0.20736159E-29  0.19139961E-29
  0.29742545E+14  0.20933533E-29  0.19416646E-29
  0.29789091E+14  0.21139664E-29  0.19686572E-29
  0.29835636E+14  0.21305210E-29  0.20011049E-29
  0.29882182E+14  0.21469036E-29  0.20321087E-29
  0.29928727E+14  0.21600961E-29  0.20682900E-29
  0.29975273E+14  0.21723289E-29  0.21032383E-29
  0.30021818E+14  0.21808238E-29  0.21440963E-29
  0.30068364E+14  0.21883220E-29  0.21820069E-29
  0.30114909E+14  0.21920487E-29  0.22263116E-29
  0.30161455E+14  0.21952414E-29  0.22686287E-29
  0.30208000E+14  0.21920454E-29  0.23151252E-29
  0.30254545E+14  0.21903719E-29  0.23618612E-29
  0.30301091E+14  0.21814341E-29  0.24092854E-29
  0.30347636E+14  0.21726354E-29  0.24604550E-29
  0.30394182E+14  0.21584324E-29  0.25086126E-29
  0.30440727E+14  0.21404976E-29  0.25627311E-29
  0.30487273E+14  0.21219301E-29  0.26134064E-29
  0.30533818E+14  0.20945797E-29  0.26670600E-29
  0.30580364E+14  0.20679076E-29  0.27207591E-29
  0.30626909E+14  0.20349271E-29  0.27735415E-29
  0.30673455E+14  0.19968518E-29  0.28275814E-29
  0.30720000E+14  0.19575679E-29  0.28817351E-29
  0.30766545E+14  0.19112841E-29  0.29338738E-29
  0.30813091E+14  0.18584475E-29  0.29858095E-29
  0.30859636E+14  0.18045949E-29  0.30372288E-29
  0.30906182E+14  0.17450839E-29  0.30863557E-29
  0.30952727E+14  0.16784803E-29  0.31339916E-29
  0.30999273E+14  0.16067192E-29  0.31792006E-29
  0.31045818E+14  0.15299953E-29  0.32220660E-29
  0.31092364E+14  0.14496724E-29  0.32608468E-29
  0.31138909E+14  0.13606502E-29  0.32958993E-29
  0.31185455E+14  0.12658130E-29  0.33260499E-29
  0.31232000E+14  0.11669540E-29  0.33510457E-29
  0.31278545E+14  0.10607765E-29  0.33686842E-29
  0.31325091E+14  0.94862731E-30  0.33790110E-29
  0.31371636E+14  0.83195800E-30  0.33806861E-29
  0.31418182E+14  0.70834629E-30  0.33707345E-29
  0.31464727E+14  0.58272701E-30  0.33474444E-29
  0.31511273E+14  0.45417730E-30  0.33113817E-29
  0.31557818E+14  0.31899345E-30  0.32521468E-29
  0.31604364E+14  0.18875435E-30  0.31730190E-29
  0.31650909E+14  0.58079769E-31  0.30611169E-29
  0.31697455E+14 -0.37257654E-31  0.29072391E-29
  0.31744000E+14 -0.86080644E-31  0.26921696E-29
  0.31790545E+14  0.29799572E-30  0.26342020E-29
  0.31837091E+14 -0.12976587E-30  0.28187988E-29
  0.31883636E+14 -0.23456728E-30  0.25182062E-29
  0.31930182E+14 -0.11446033E-30  0.22737589E-29
  0.31976727E+14  0.00000000E+00  0.23022703E-29
  0.32023273E+14  0.00000000E+00  0.22793741E-29
  0.32069818E+14  0.00000000E+00  0.22432241E-29
  0.32116364E+14  0.00000000E+00  0.22048526E-29
  0.32162909E+14  0.00000000E+00  0.21667518E-29
  0.32209455E+14  0.00000000E+00  0.21296911E-29
  0.32256000E+14  0.00000000E+00  0.20939132E-29
  0.32302545E+14  0.00000000E+00  0.20594672E-29
  0.32349091E+14  0.00000000E+00  0.20263244E-29
  0.32395636E+14  0.00000000E+00  0.19944255E-29
  0.32442182E+14  0.00000000E+00  0.19637000E-29
  0.32488727E+14  0.00000000E+00  0.19340757E-29
  0.32535273E+14  0.00000000E+00  0.19054827E-29
  0.32581818E+14  0.00000000E+00  0.18778555E-29
  0.32628364E+14  0.00000000E+00  0.18511331E-29
  0.32674909E+14  0.00000000E+00  0.18252594E-29
  0.32721455E+14  0.00000000E+00  0.18001831E-29
  0.32768000E+14  0.00000000E+00  0.17758572E-29
  0.32814545E+14  0.00000000E+00  0.17522384E-29
  0.32861091E+14  0.00000000E+00  0.17292875E-29
  0.32907636E+14  0.00000000E+00  0.17069680E-29
  0.32954182E+14  0.00000000E+00  0.16852466E-29
  0.33000727E+14  0.00000000E+00  0.16640929E-29
  0.33047273E+14  0.00000000E+00  0.16434784E-29
  0.33093818E+14  0.00000000E+00  0.16233770E-29
  0.33140364E+14  0.00000000E+00  0.16037646E-29
  0.33186909E+14  0.00000000E+00  0.15846187E-29
  0.33233455E+14  0.00000000E+00  0.15659185E-29
  0.33280000E+14  0.00000000E+00  0.15476446E-29
  0.33326545E+14  0.00000000E+00  0.15297789E-29
  0.33373091E+14  0.00000000E+00  0.15123044E-29
  0.33419636E+14  0.00000000E+00  0.14952055E-29
  0.33466182E+14  0.00000000E+00  0.14784672E-29
  0.33512727E+14  0.00000000E+00  0.14620758E-29
  0.33559273E+14  0.00000000E+00  0.14460181E-29
  0.33605818E+14  0.00000000E+00  0.14302818E-29
  0.33652364E+14  0.00000000E+00  0.14148553E-29
  0.33698909E+14  0.00000000E+00  0.13997278E-29
  0.33745455E+14  0.00000000E+00  0.13848889E-29
  0.33792000E+14  0.00000000E+00  0.13703289E-29
  0.33838545E+14  0.00000000E+00  0.13560384E-29
  0.33885091E+14  0.00000000E+00  0.13420088E-29
  0.33931636E+14  0.00000000E+00  0.13282317E-29
  0.33978182E+14  0.00000000E+00  0.13146991E-29
  0.34024727E+14  0.00000000E+00  0.13014037E-29
  0.34071273E+14  0.00000000E+00  0.12883382E-29
  0.34117818E+14  0.00000000E+00  0.12754957E-29
  0.34164364E+14  0.00000000E+00  0.12628699E-29
  0.34210909E+14  0.00000000E+00  0.12504545E-29
  0.34257455E+14  0.00000000E+00  0.12382435E-29
  0.34304000E+14  0.00000000E+00  0.12262313E-29
  0.34350545E+14  0.00000000E+00  0.12144124E-29
  0.34397091E+14  0.00000000E+00  0.12027817E-29
  0.34443636E+14  0.00000000E+00  0.11913342E-29
  0.34490182E+14  0.00000000E+00  0.11800651E-29
  0.34536727E+14  0.00000000E+00  0.11689698E-29
  0.34583273E+14  0.00000000E+00  0.11580439E-29
  0.34629818E+14  0.00000000E+00  0.11472832E-29
  0.34676364E+14  0.00000000E+00  0.11366836E-29
  0.34722909E+14  0.00000000E+00  0.11262412E-29
  0.34769455E+14  0.00000000E+00  0.11159522E-29
  0.34816000E+14  0.00000000E+00  0.11058131E-29
  0.34862545E+14  0.00000000E+00  0.10958202E-29
  0.34909091E+14  0.00000000E+00  0.10859703E-29
  0.34955636E+14  0.00000000E+00  0.10762600E-29
  0.35002182E+14  0.00000000E+00  0.10666863E-29
  0.35048727E+14  0.00000000E+00  0.10572461E-29
  0.35095273E+14  0.00000000E+00  0.10479364E-29
  0.35141818E+14  0.00000000E+00  0.10387544E-29
  0.35188364E+14  0.00000000E+00  0.10296974E-29
  0.35234909E+14  0.00000000E+00  0.10207628E-29
  0.35281455E+14  0.00000000E+00  0.10119479E-29
  0.35328000E+14  0.00000000E+00  0.10032503E-29
  0.35374545E+14  0.00000000E+00  0.99466753E-30
  0.35421091E+14  0.00000000E+00  0.98619729E-30
  0.35467636E+14  0.00000000E+00  0.97783730E-30
  0.35514182E+14  0.00000000E+00  0.96958538E-30
  0.35560727E+14  0.00000000E+00  0.96143938E-30
  0.35607273E+14  0.00000000E+00  0.95339723E-30
  0.35653818E+14  0.00000000E+00  0.94545693E-30
  0.35700364E+14  0.00000000E+00  0.93761652E-30
  0.35746909E+14  0.00000000E+00  0.92987411E-30
  0.35793455E+14  0.00000000E+00  0.92222785E-30
  0.35840000E+14  0.00000000E+00  0.91467594E-30
  0.35886545E+14  0.00000000E+00  0.90721665E-30
  0.35933091E+14  0.00000000E+00  0.89984827E-30
  0.35979636E+14  0.00000000E+00  0.89256916E-30
  0.36026182E+14  0.00000000E+00  0.88537770E-30
  0.36072727E+14  0.00000000E+00  0.87827233E-30
  0.36119273E+14  0.00000000E+00  0.87125153E-30
  0.36165818E+14  0.00000000E+00  0.86431381E-30
  0.36212364E+14  0.00000000E+00  0.85745772E-30
  0.36258909E+14  0.00000000E+00  0.85068185E-30
  0.36305455E+14  0.00000000E+00  0.84398483E-30
  0.36352000E+14  0.00000000E+00  0.83736531E-30
  0.36398545E+14  0.00000000E+00  0.83082198E-30
  0.36445091E+14  0.00000000E+00  0.82435356E-30
  0.36491636E+14  0.00000000E+00  0.81795882E-30
  0.36538182E+14  0.00000000E+00  0.81163652E-30
  0.36584727E+14  0.00000000E+00  0.80538549E-30
  0.36631273E+14  0.00000000E+00  0.79920455E-30
  0.36677818E+14  0.00000000E+00  0.79309259E-30
  0.36724364E+14  0.00000000E+00  0.78704848E-30
  0.36770909E+14  0.00000000E+00  0.78107116E-30
  0.36817455E+14  0.00000000E+00  0.77515955E-30
  0.36864000E+14  0.00000000E+00  0.76931262E-30
  0.36910545E+14  0.00000000E+00  0.76352937E-30
  0.36957091E+14  0.00000000E+00  0.75780881E-30
  0.37003636E+14  0.00000000E+00  0.75214996E-30
  0.37050182E+14  0.00000000E+00  0.74655188E-30
  0.37096727E+14  0.00000000E+00  0.74101364E-30
  0.37143273E+14  0.00000000E+00  0.73553434E-30
  0.37189818E+14  0.00000000E+00  0.73011309E-30
  0.37236364E+14  0.00000000E+00  0.72474903E-30
  0.37282909E+14  0.00000000E+00  0.71944129E-30
  0.37329455E+14  0.00000000E+00  0.71418905E-30
  0.37376000E+14  0.00000000E+00  0.70899149E-30
  0.37422545E+14  0.00000000E+00  0.70384782E-30
  0.37469091E+14  0.00000000E+00  0.69875725E-30
  0.37515636E+14  0.00000000E+00  0.69371901E-30
  0.37562182E+14  0.00000000E+00  0.68873235E-30
  0.37608727E+14  0.00000000E+00  0.68379653E-30
  0.37655273E+14  0.00000000E+00  0.67891083E-30
  0.37701818E+14  0.00000000E+00  0.67407455E-30
  0.37748364E+14  0.00000000E+00  0.66928698E-30
  0.37794909E+14  0.00000000E+00  0.66454746E-30
  0.37841455E+14  0.00000000E+00  0.65985530E-30
  0.37888000E+14  0.00000000E+00  0.65520985E-30
  0.37934545E+14  0.00000000E+00  0.65061047E-30
  0.37981091E+14  0.00000000E+00  0.64605653E-30
  0.38027636E+14  0.00000000E+00  0.64154741E-30
  0.38074182E+14  0.00000000E+00  0.63708251E-30
  0.38120727E+14  0.00000000E+00  0.63266121E-30
  0.38167273E+14  0.00000000E+00  0.62828295E-30
  0.38213818E+14  0.00000000E+00  0.62394714E-30
  0.38260364E+14  0.00000000E+00  0.61965322E-30
  0.38306909E+14  0.00000000E+00  0.61540064E-30
  0.38353455E+14  0.00000000E+00  0.61118884E-30
  0.38400000E+14  0.00000000E+00  0.60701731E-30
  0.38446545E+14  0.00000000E+00  0.60288550E-30
  0.38493091E+14  0.00000000E+00  0.59879291E-30
  0.38539636E+14  0.00000000E+00  0.59473902E-30
  0.38586182E+14  0.00000000E+00  0.59072335E-30
  0.38632727E+14  0.00000000E+00  0.58674539E-30
  0.38679273E+14  0.00000000E+00  0.58280467E-30
  0.38725818E+14  0.00000000E+00  0.57890072E-30
  0.38772364E+14  0.00000000E+00  0.57503306E-30
  0.38818909E+14  0.00000000E+00  0.57120125E-30
  0.38865455E+14  0.00000000E+00  0.56740483E-30
  0.38912000E+14  0.00000000E+00  0.56364336E-30
  0.38958545E+14  0.00000000E+00  0.55991641E-30
  0.39005091E+14  0.00000000E+00  0.55622355E-30
  0.39051636E+14  0.00000000E+00  0.55256435E-30
  0.39098182E+14  0.00000000E+00  0.54893841E-30
  0.39144727E+14  0.00000000E+00  0.54534532E-30
  0.39191273E+14  0.00000000E+00  0.54178467E-30
  0.39237818E+14  0.00000000E+00  0.53825608E-30
  0.39284364E+14  0.00000000E+00  0.53475916E-30
  0.39330909E+14  0.00000000E+00  0.53129352E-30
  0.39377455E+14  0.00000000E+00  0.52785879E-30
  0.39424000E+14  0.00000000E+00  0.52445460E-30
  0.39470545E+14  0.00000000E+00  0.52108059E-30
  0.39517091E+14  0.00000000E+00  0.51773640E-30
  0.39563636E+14  0.00000000E+00  0.51442167E-30
  0.39610182E+14  0.00000000E+00  0.51113607E-30
  0.39656727E+14  0.00000000E+00  0.50787924E-30
  0.39703273E+14  0.00000000E+00  0.50465086E-30
  0.39749818E+14  0.00000000E+00  0.50145059E-30
  0.39796364E+14  0.00000000E+00  0.49827811E-30
  0.39842909E+14  0.00000000E+00  0.49513309E-30
  0.39889455E+14  0.00000000E+00  0.49201523E-30
  0.39936000E+14  0.00000000E+00  0.48892420E-30
  0.39982545E+14  0.00000000E+00  0.48585970E-30
  0.40029091E+14  0.00000000E+00  0.48282143E-30
  0.40075636E+14  0.00000000E+00  0.47980909E-30
  0.40122182E+14  0.00000000E+00  0.47682239E-30
  0.40168727E+14  0.00000000E+00  0.47386104E-30
  0.40215273E+14  0.00000000E+00  0.47092475E-30
  0.40261818E+14  0.00000000E+00  0.46801325E-30
  0.40308364E+14  0.00000000E+00  0.46512625E-30
  0.40354909E+14  0.00000000E+00  0.46226349E-30
  0.40401455E+14  0.00000000E+00  0.45942470E-30
  0.40448000E+14  0.00000000E+00  0.45660961E-30
  0.40494545E+14  0.00000000E+00  0.45381796E-30
  0.40541091E+14  0.00000000E+00  0.45104949E-30
  0.40587636E+14  0.00000000E+00  0.44830395E-30
  0.40634182E+14  0.00000000E+00  0.44558109E-30
  0.40680727E+14  0.00000000E+00  0.44288067E-30
  0.40727273E+14  0.00000000E+00  0.44020244E-30
  0.40773818E+14  0.00000000E+00  0.43754616E-30
  0.40820364E+14  0.00000000E+00  0.43491159E-30
  0.40866909E+14  0.00000000E+00  0.43229851E-30
  0.40913455E+14  0.00000000E+00  0.42970668E-30
  0.40960000E+14  0.00000000E+00  0.42713587E-30
  0.41006545E+14  0.00000000E+00  0.42458587E-30
  0.41053091E+14  0.00000000E+00  0.42205644E-30
  0.41099636E+14  0.00000000E+00  0.41954739E-30
  0.41146182E+14  0.00000000E+00  0.41705848E-30
  0.41192727E+14  0.00000000E+00  0.41458951E-30
  0.41239273E+14  0.00000000E+00  0.41214027E-30
  0.41285818E+14  0.00000000E+00  0.40971055E-30
  0.41332364E+14  0.00000000E+00  0.40730015E-30
  0.41378909E+14  0.00000000E+00  0.40490888E-30
  0.41425455E+14  0.00000000E+00  0.40253652E-30
  0.41472000E+14  0.00000000E+00  0.40018289E-30
  0.41518545E+14  0.00000000E+00  0.39784780E-30
  0.41565091E+14  0.00000000E+00  0.39553105E-30
  0.41611636E+14  0.00000000E+00  0.39323246E-30
  0.41658182E+14  0.00000000E+00  0.39095183E-30
  0.41704727E+14  0.00000000E+00  0.38868900E-30
  0.41751273E+14  0.00000000E+00  0.38644378E-30
  0.41797818E+14  0.00000000E+00  0.38421598E-30
  0.41844364E+14  0.00000000E+00  0.38200544E-30
  0.41890909E+14  0.00000000E+00  0.37981198E-30
  0.41937455E+14  0.00000000E+00  0.37763543E-30
  0.41984000E+14  0.00000000E+00  0.37547561E-30
  0.42030545E+14  0.00000000E+00  0.37333238E-30
  0.42077091E+14  0.00000000E+00  0.37120555E-30
  0.42123636E+14  0.00000000E+00  0.36909496E-30
  0.42170182E+14  0.00000000E+00  0.36700046E-30
  0.42216727E+14  0.00000000E+00  0.36492189E-30
  0.42263273E+14  0.00000000E+00  0.36285909E-30
  0.42309818E+14  0.00000000E+00  0.36081190E-30
  0.42356364E+14  0.00000000E+00  0.35878017E-30
  0.42402909E+14  0.00000000E+00  0.35676376E-30
  0.42449455E+14  0.00000000E+00  0.35476250E-30
  0.42496000E+14  0.00000000E+00  0.35277626E-30
  0.42542545E+14  0.00000000E+00  0.35080489E-30
  0.42589091E+14  0.00000000E+00  0.34884825E-30
  0.42635636E+14  0.00000000E+00  0.34690619E-30
  0.42682182E+14  0.00000000E+00  0.34497857E-30
  0.42728727E+14  0.00000000E+00  0.34306525E-30
  0.42775273E+14  0.00000000E+00  0.34116611E-30
  0.42821818E+14  0.00000000E+00  0.33928100E-30
  0.42868364E+14  0.00000000E+00  0.33740978E-30
  0.42914909E+14  0.00000000E+00  0.33555234E-30
  0.42961455E+14  0.00000000E+00  0.33370853E-30
  0.43008000E+14  0.00000000E+00  0.33187822E-30
  0.43054545E+14  0.00000000E+00  0.33006130E-30
  0.43101091E+14  0.00000000E+00  0.32825764E-30
  0.43147636E+14  0.00000000E+00  0.32646710E-30
  0.43194182E+14  0.00000000E+00  0.32468958E-30
  0.43240727E+14  0.00000000E+00  0.32292493E-30
  0.43287273E+14  0.00000000E+00  0.32117306E-30
  0.43333818E+14  0.00000000E+00  0.31943383E-30
  0.43380364E+14  0.00000000E+00  0.31770714E-30
  0.43426909E+14  0.00000000E+00  0.31599286E-30
  0.43473455E+14  0.00000000E+00  0.31429088E-30
  0.43520000E+14  0.00000000E+00  0.31260108E-30
  0.43566545E+14  0.00000000E+00  0.31092337E-30
  0.43613091E+14  0.00000000E+00  0.30925761E-30
  0.43659636E+14  0.00000000E+00  0.30760372E-30
  0.43706182E+14  0.00000000E+00  0.30596157E-30
  0.43752727E+14  0.00000000E+00  0.30433106E-30
  0.43799273E+14  0.00000000E+00  0.30271209E-30
  0.43845818E+14  0.00000000E+00  0.30110454E-30
  0.43892364E+14  0.00000000E+00  0.29950833E-30
  0.43938909E+14  0.00000000E+00  0.29792334E-30
  0.43985455E+14  0.00000000E+00  0.29634947E-30
  0.44032000E+14  0.00000000E+00  0.29478663E-30
  0.44078545E+14  0.00000000E+00  0.29323472E-30
  0.44125091E+14  0.00000000E+00  0.29169363E-30
  0.44171636E+14  0.00000000E+00  0.29016328E-30
  0.44218182E+14  0.00000000E+00  0.28864356E-30
  0.44264727E+14  0.00000000E+00  0.28713438E-30
  0.44311273E+14  0.00000000E+00  0.28563566E-30
  0.44357818E+14  0.00000000E+00  0.28414729E-30
  0.44404364E+14  0.00000000E+00  0.28266918E-30
  0.44450909E+14  0.00000000E+00  0.28120125E-30
  0.44497455E+14  0.00000000E+00  0.27974341E-30
  0.44544000E+14  0.00000000E+00  0.27829556E-30
  0.44590545E+14  0.00000000E+00  0.27685763E-30
  0.44637091E+14  0.00000000E+00  0.27542952E-30
  0.44683636E+14  0.00000000E+00  0.27401114E-30
  0.44730182E+14  0.00000000E+00  0.27260242E-30
  0.44776727E+14  0.00000000E+00  0.27120327E-30
  0.44823273E+14  0.00000000E+00  0.26981361E-30
  0.44869818E+14  0.00000000E+00  0.26843335E-30
  0.44916364E+14  0.00000000E+00  0.26706242E-30
  0.44962909E+14  0.00000000E+00  0.26570074E-30
  0.45009455E+14  0.00000000E+00  0.26434821E-30
  0.45056000E+14  0.00000000E+00  0.26300478E-30
  0.45102545E+14  0.00000000E+00  0.26167036E-30
  0.45149091E+14  0.00000000E+00  0.26034486E-30
  0.45195636E+14  0.00000000E+00  0.25902823E-30
  0.45242182E+14  0.00000000E+00  0.25772037E-30
  0.45288727E+14  0.00000000E+00  0.25642123E-30
  0.45335273E+14  0.00000000E+00  0.25513071E-30
  0.45381818E+14  0.00000000E+00  0.25384876E-30
  0.45428364E+14  0.00000000E+00  0.25257530E-30
  0.45474909E+14  0.00000000E+00  0.25131025E-30
  0.45521455E+14  0.00000000E+00  0.25005355E-30
  0.45568000E+14  0.00000000E+00  0.24880513E-30
  0.45614545E+14  0.00000000E+00  0.24756492E-30
  0.45661091E+14  0.00000000E+00  0.24633284E-30
  0.45707636E+14  0.00000000E+00  0.24510884E-30
  0.45754182E+14  0.00000000E+00  0.24389285E-30
  0.45800727E+14  0.00000000E+00  0.24268479E-30
  0.45847273E+14  0.00000000E+00  0.24148460E-30
  0.45893818E+14  0.00000000E+00  0.24029223E-30
  0.45940364E+14  0.00000000E+00  0.23910759E-30
  0.45986909E+14  0.00000000E+00  0.23793064E-30
  0.46033455E+14  0.00000000E+00  0.23676131E-30
  0.46080000E+14  0.00000000E+00  0.23559953E-30
  0.46126545E+14  0.00000000E+00  0.23444524E-30
  0.46173091E+14  0.00000000E+00  0.23329839E-30
  0.46219636E+14  0.00000000E+00  0.23215890E-30
  0.46266182E+14  0.00000000E+00  0.23102673E-30
  0.46312727E+14  0.00000000E+00  0.22990181E-30
  0.46359273E+14  0.00000000E+00  0.22878409E-30
  0.46405818E+14  0.00000000E+00  0.22767350E-30
  0.46452364E+14  0.00000000E+00  0.22656999E-30
  0.46498909E+14  0.00000000E+00  0.22547350E-30
  0.46545455E+14  0.00000000E+00  0.22438397E-30
  0.46592000E+14  0.00000000E+00  0.22330136E-30
  0.46638545E+14  0.00000000E+00  0.22222559E-30
  0.46685091E+14  0.00000000E+00  0.22115663E-30
  0.46731636E+14  0.00000000E+00  0.22009441E-30
  0.46778182E+14  0.00000000E+00  0.21903888E-30
  0.46824727E+14  0.00000000E+00  0.21798999E-30
  0.46871273E+14  0.00000000E+00  0.21694769E-30
  0.46917818E+14  0.00000000E+00  0.21591192E-30
  0.46964364E+14  0.00000000E+00  0.21488263E-30
  0.47010909E+14  0.00000000E+00  0.21385977E-30
  0.47057455E+14  0.00000000E+00  0.21284329E-30
  0.47104000E+14  0.00000000E+00  0.21183314E-30
  0.47150545E+14  0.00000000E+00  0.21082927E-30
  0.47197091E+14  0.00000000E+00  0.20983163E-30
  0.47243636E+14  0.00000000E+00  0.20884017E-30
  0.47290182E+14  0.00000000E+00  0.20785485E-30
  0.47336727E+14  0.00000000E+00  0.20687561E-30
  0.47383273E+14  0.00000000E+00  0.20590242E-30
  0.47429818E+14  0.00000000E+00  0.20493521E-30
  0.47476364E+14  0.00000000E+00  0.20397395E-30
  0.47522909E+14  0.00000000E+00  0.20301859E-30
  0.47569455E+14  0.00000000E+00  0.20206908E-30
  0.47616000E+14  0.00000000E+00  0.20112539E-30
  0.47662545E+14  0.00000000E+00  0.20018746E-30
  0.47709091E+14  0.00000000E+00  0.19925524E-30
  0.47755636E+14  0.00000000E+00  0.19832871E-30
  0.47802182E+14  0.00000000E+00  0.19740780E-30
  0.47848727E+14  0.00000000E+00  0.19649249E-30
  0.47895273E+14  0.00000000E+00  0.19558272E-30
  0.47941818E+14  0.00000000E+00  0.19467846E-30
  0.47988364E+14  0.00000000E+00  0.19377966E-30
  0.48034909E+14  0.00000000E+00  0.19288629E-30
  0.48081455E+14  0.00000000E+00  0.19199829E-30
  0.48128000E+14  0.00000000E+00  0.19111564E-30
  0.48174545E+14  0.00000000E+00  0.19023828E-30
  0.48221091E+14  0.00000000E+00  0.18936618E-30
  0.48267636E+14  0.00000000E+00  0.18849931E-30
  0.48314182E+14  0.00000000E+00  0.18763761E-30
  0.48360727E+14  0.00000000E+00  0.18678106E-30
  0.48407273E+14  0.00000000E+00  0.18592961E-30
  0.48453818E+14  0.00000000E+00  0.18508323E-30
  0.48500364E+14  0.00000000E+00  0.18424187E-30
  0.48546909E+14  0.00000000E+00  0.18340550E-30
  0.48593455E+14  0.00000000E+00  0.18257409E-30
  0.48640000E+14  0.00000000E+00  0.18174759E-30
  0.48686545E+14  0.00000000E+00  0.18092598E-30
  0.48733091E+14  0.00000000E+00  0.18010921E-30
  0.48779636E+14  0.00000000E+00  0.17929724E-30
  0.48826182E+14  0.00000000E+00  0.17849005E-30
  0.48872727E+14  0.00000000E+00  0.17768760E-30
  0.48919273E+14  0.00000000E+00  0.17688984E-30
  0.48965818E+14  0.00000000E+00  0.17609676E-30
  0.49012364E+14  0.00000000E+00  0.17530831E-30
  0.49058909E+14  0.00000000E+00  0.17452446E-30
  0.49105455E+14  0.00000000E+00  0.17374518E-30
  0.49152000E+14  0.00000000E+00  0.17297043E-30
  0.49198545E+14  0.00000000E+00  0.17220018E-30
  0.49245091E+14  0.00000000E+00  0.17143440E-30
  0.49291636E+14  0.00000000E+00  0.17067305E-30
  0.49338182E+14  0.00000000E+00  0.16991611E-30
  0.49384727E+14  0.00000000E+00  0.16916354E-30
  0.49431273E+14  0.00000000E+00  0.16841531E-30
  0.49477818E+14  0.00000000E+00  0.16767138E-30
  0.49524364E+14  0.00000000E+00  0.16693173E-30
  0.49570909E+14  0.00000000E+00  0.16619633E-30
  0.49617455E+14  0.00000000E+00  0.16546515E-30
  0.49664000E+14  0.00000000E+00  0.16473815E-30
  0.49710545E+14  0.00000000E+00  0.16401531E-30
  0.49757091E+14  0.00000000E+00  0.16329659E-30
  0.49803636E+14  0.00000000E+00  0.16258197E-30
  0.49850182E+14  0.00000000E+00  0.16187142E-30
  0.49896727E+14  0.00000000E+00  0.16116491E-30
  0.49943273E+14  0.00000000E+00  0.16046241E-30
  0.49989818E+14  0.00000000E+00  0.15976388E-30
  0.50036364E+14  0.00000000E+00  0.15906932E-30
  0.50082909E+14  0.00000000E+00  0.15837867E-30
  0.50129455E+14  0.00000000E+00  0.15769193E-30
  0.50176000E+14  0.00000000E+00  0.15700906E-30
  0.50222545E+14  0.00000000E+00  0.15633002E-30
  0.50269091E+14  0.00000000E+00  0.15565481E-30
  0.50315636E+14  0.00000000E+00  0.15498338E-30
  0.50362182E+14  0.00000000E+00  0.15431572E-30
  0.50408727E+14  0.00000000E+00  0.15365180E-30
  0.50455273E+14  0.00000000E+00  0.15299158E-30
  0.50501818E+14  0.00000000E+00  0.15233505E-30
  0.50548364E+14  0.00000000E+00  0.15168218E-30
  0.50594909E+14  0.00000000E+00  0.15103294E-30
  0.50641455E+14  0.00000000E+00  0.15038731E-30
  0.50688000E+14  0.00000000E+00  0.14974527E-30
  0.50734545E+14  0.00000000E+00  0.14910678E-30
  0.50781091E+14  0.00000000E+00  0.14847183E-30
  0.50827636E+14  0.00000000E+00  0.14784038E-30
  0.50874182E+14  0.00000000E+00  0.14721242E-30
  0.50920727E+14  0.00000000E+00  0.14658793E-30
  0.50967273E+14  0.00000000E+00  0.14596687E-30
  0.51013818E+14  0.00000000E+00  0.14534922E-30
  0.51060364E+14  0.00000000E+00  0.14473497E-30
  0.51106909E+14  0.00000000E+00  0.14412408E-30
  0.51153455E+14  0.00000000E+00  0.14351654E-30
  0.51200000E+14  0.00000000E+00  0.14291232E-30
  0.51246545E+14  0.00000000E+00  0.14231140E-30
  0.51293091E+14  0.00000000E+00  0.14171376E-30
  0.51339636E+14  0.00000000E+00  0.14111937E-30
  0.51386182E+14  0.00000000E+00  0.14052821E-30
  0.51432727E+14  0.00000000E+00  0.13994026E-30
  0.51479273E+14  0.00000000E+00  0.13935550E-30
  0.51525818E+14  0.00000000E+00  0.13877391E-30
  0.51572364E+14  0.00000000E+00  0.13819547E-30
  0.51618909E+14  0.00000000E+00  0.13762015E-30
  0.51665455E+14  0.00000000E+00  0.13704794E-30
  0.51712000E+14  0.00000000E+00  0.13647880E-30
  0.51758545E+14  0.00000000E+00  0.13591273E-30
  0.51805091E+14  0.00000000E+00  0.13534971E-30
  0.51851636E+14  0.00000000E+00  0.13478970E-30
  0.51898182E+14  0.00000000E+00  0.13423270E-30
  0.51944727E+14  0.00000000E+00  0.13367867E-30
  0.51991273E+14  0.00000000E+00  0.13312761E-30
  0.52037818E+14  0.00000000E+00  0.13257949E-30
  0.52084364E+14  0.00000000E+00  0.13203429E-30
  0.52130909E+14  0.00000000E+00  0.13149200E-30
  0.52177455E+14  0.00000000E+00  0.13095259E-30
  0.52224000E+14  0.00000000E+00  0.13041604E-30
  0.52270545E+14  0.00000000E+00  0.12988234E-30
  0.52317091E+14  0.00000000E+00  0.12935147E-30
  0.52363636E+14  0.00000000E+00  0.12882341E-30
  0.52410182E+14  0.00000000E+00  0.12829813E-30
  0.52456727E+14  0.00000000E+00  0.12777563E-30
  0.52503273E+14  0.00000000E+00  0.12725588E-30
  0.52549818E+14  0.00000000E+00  0.12673887E-30
  0.52596364E+14  0.00000000E+00  0.12622457E-30
  0.52642909E+14  0.00000000E+00  0.12571298E-30
  0.52689455E+14  0.00000000E+00  0.12520406E-30
  0.52736000E+14  0.00000000E+00  0.12469782E-30
  0.52782545E+14  0.00000000E+00  0.12419421E-30
  0.52829091E+14  0.00000000E+00  0.12369324E-30
  0.52875636E+14  0.00000000E+00  0.12319489E-30
  0.52922182E+14  0.00000000E+00  0.12269913E-30
  0.52968727E+14  0.00000000E+00  0.12220595E-30
  0.53015273E+14  0.00000000E+00  0.12171533E-30
  0.53061818E+14  0.00000000E+00  0.12122726E-30
  0.53108364E+14  0.00000000E+00  0.12074172E-30
  0.53154909E+14  0.00000000E+00  0.12025869E-30
  0.53201455E+14  0.00000000E+00  0.11977816E-30
  0.53248000E+14  0.00000000E+00  0.11930011E-30
  0.53294545E+14  0.00000000E+00  0.11882453E-30
  0.53341091E+14  0.00000000E+00  0.11835140E-30
  0.53387636E+14  0.00000000E+00  0.11788070E-30
  0.53434182E+14  0.00000000E+00  0.11741242E-30
  0.53480727E+14  0.00000000E+00  0.11694655E-30
  0.53527273E+14  0.00000000E+00  0.11648306E-30
  0.53573818E+14  0.00000000E+00  0.11602195E-30
  0.53620364E+14  0.00000000E+00  0.11556319E-30
  0.53666909E+14  0.00000000E+00  0.11510678E-30
  0.53713455E+14  0.00000000E+00  0.11465269E-30
  0.53760000E+14  0.00000000E+00  0.11420092E-30
  0.53806545E+14  0.00000000E+00  0.11375145E-30
  0.53853091E+14  0.00000000E+00  0.11330426E-30
  0.53899636E+14  0.00000000E+00  0.11285934E-30
  0.53946182E+14  0.00000000E+00  0.11241668E-30
  0.53992727E+14  0.00000000E+00  0.11197626E-30
  0.54039273E+14  0.00000000E+00  0.11153807E-30
  0.54085818E+14  0.00000000E+00  0.11110209E-30
  0.54132364E+14  0.00000000E+00  0.11066831E-30
  0.54178909E+14  0.00000000E+00  0.11023671E-30
  0.54225455E+14  0.00000000E+00  0.10980729E-30
  0.54272000E+14  0.00000000E+00  0.10938003E-30
  0.54318545E+14  0.00000000E+00  0.10895491E-30
  0.54365091E+14  0.00000000E+00  0.10853193E-30
  0.54411636E+14  0.00000000E+00  0.10811106E-30
  0.54458182E+14  0.00000000E+00  0.10769230E-30
  0.54504727E+14  0.00000000E+00  0.10727563E-30
  0.54551273E+14  0.00000000E+00  0.10686104E-30
  0.54597818E+14  0.00000000E+00  0.10644852E-30
  0.54644364E+14  0.00000000E+00  0.10603805E-30
  0.54690909E+14  0.00000000E+00  0.10562962E-30
  0.54737455E+14  0.00000000E+00  0.10522323E-30
  0.54784000E+14  0.00000000E+00  0.10481884E-30
  0.54830545E+14  0.00000000E+00  0.10441647E-30
  0.54877091E+14  0.00000000E+00  0.10401608E-30
  0.54923636E+14  0.00000000E+00  0.10361768E-30
  0.54970182E+14  0.00000000E+00  0.10322124E-30
  0.55016727E+14  0.00000000E+00  0.10282675E-30
  0.55063273E+14  0.00000000E+00  0.10243421E-30
  0.55109818E+14  0.00000000E+00  0.10204361E-30
  0.55156364E+14  0.00000000E+00  0.10165492E-30
  0.55202909E+14  0.00000000E+00  0.10126814E-30
  0.55249455E+14  0.00000000E+00  0.10088326E-30
  0.55296000E+14  0.00000000E+00  0.10050026E-30
  0.55342545E+14  0.00000000E+00  0.10011914E-30
  0.55389091E+14  0.00000000E+00  0.99739874E-31
  0.55435636E+14  0.00000000E+00  0.99362464E-31
  0.55482182E+14  0.00000000E+00  0.98986894E-31
  0.55528727E+14  0.00000000E+00  0.98613152E-31
  0.55575273E+14  0.00000000E+00  0.98241229E-31
  0.55621818E+14  0.00000000E+00  0.97871113E-31
  0.55668364E+14  0.00000000E+00  0.97502793E-31
  0.55714909E+14  0.00000000E+00  0.97136258E-31
  0.55761455E+14  0.00000000E+00  0.96771498E-31
  0.55808000E+14  0.00000000E+00  0.96408503E-31
  0.55854545E+14  0.00000000E+00  0.96047261E-31
  0.55901091E+14  0.00000000E+00  0.95687761E-31
  0.55947636E+14  0.00000000E+00  0.95329995E-31
  0.55994182E+14  0.00000000E+00  0.94973951E-31
  0.56040727E+14  0.00000000E+00  0.94619620E-31
  0.56087273E+14  0.00000000E+00  0.94266990E-31
  0.56133818E+14  0.00000000E+00  0.93916052E-31
  0.56180364E+14  0.00000000E+00  0.93566796E-31
  0.56226909E+14  0.00000000E+00  0.93219212E-31
  0.56273455E+14  0.00000000E+00  0.92873291E-31
  0.56320000E+14  0.00000000E+00  0.92529021E-31
  0.56366545E+14  0.00000000E+00  0.92186394E-31
  0.56413091E+14  0.00000000E+00  0.91845400E-31
  0.56459636E+14  0.00000000E+00  0.91506029E-31
  0.56506182E+14  0.00000000E+00  0.91168272E-31
  0.56552727E+14  0.00000000E+00  0.90832119E-31
  0.56599273E+14  0.00000000E+00  0.90497561E-31
  0.56645818E+14  0.00000000E+00  0.90164588E-31
  0.56692364E+14  0.00000000E+00  0.89833192E-31
  0.56738909E+14  0.00000000E+00  0.89503363E-31
  0.56785455E+14  0.00000000E+00  0.89175092E-31
  0.56832000E+14  0.00000000E+00  0.88848369E-31
  0.56878545E+14  0.00000000E+00  0.88523187E-31
  0.56925091E+14  0.00000000E+00  0.88199535E-31
  0.56971636E+14  0.00000000E+00  0.87877405E-31
  0.57018182E+14  0.00000000E+00  0.87556788E-31
  0.57064727E+14  0.00000000E+00  0.87237676E-31
  0.57111273E+14  0.00000000E+00  0.86920060E-31
  0.57157818E+14  0.00000000E+00  0.86603930E-31
  0.57204364E+14  0.00000000E+00  0.86289279E-31
  0.57250909E+14  0.00000000E+00  0.85976098E-31
  0.57297455E+14  0.00000000E+00  0.85664378E-31
  0.57344000E+14  0.00000000E+00  0.85354112E-31
  0.57390545E+14  0.00000000E+00  0.85045290E-31
  0.57437091E+14  0.00000000E+00  0.84737905E-31
  0.57483636E+14  0.00000000E+00  0.84431948E-31
  0.57530182E+14  0.00000000E+00  0.84127410E-31
  0.57576727E+14  0.00000000E+00  0.83824285E-31
  0.57623273E+14  0.00000000E+00  0.83522564E-31
  0.57669818E+14  0.00000000E+00  0.83222238E-31
  0.57716364E+14  0.00000000E+00  0.82923301E-31
  0.57762909E+14  0.00000000E+00  0.82625743E-31
  0.57809455E+14  0.00000000E+00  0.82329557E-31
  0.57856000E+14  0.00000000E+00  0.82034736E-31
  0.57902545E+14  0.00000000E+00  0.81741271E-31
  0.57949091E+14  0.00000000E+00  0.81449155E-31
  0.57995636E+14  0.00000000E+00  0.81158381E-31
  0.58042182E+14  0.00000000E+00  0.80868940E-31
  0.58088727E+14  0.00000000E+00  0.80580825E-31
  0.58135273E+14  0.00000000E+00  0.80294029E-31
  0.58181818E+14  0.00000000E+00  0.80008545E-31
  0.58228364E+14  0.00000000E+00  0.79724364E-31
  0.58274909E+14  0.00000000E+00  0.79441479E-31
  0.58321455E+14  0.00000000E+00  0.79159884E-31
  0.58368000E+14  0.00000000E+00  0.78879571E-31
  0.58414545E+14  0.00000000E+00  0.78600532E-31
  0.58461091E+14  0.00000000E+00  0.78322762E-31
  0.58507636E+14  0.00000000E+00  0.78046252E-31
  0.58554182E+14  0.00000000E+00  0.77770995E-31
  0.58600727E+14  0.00000000E+00  0.77496985E-31
  0.58647273E+14  0.00000000E+00  0.77224215E-31
  0.58693818E+14  0.00000000E+00  0.76952677E-31
  0.58740364E+14  0.00000000E+00  0.76682365E-31
  0.58786909E+14  0.00000000E+00  0.76413272E-31
  0.58833455E+14  0.00000000E+00  0.76145392E-31
  0.58880000E+14  0.00000000E+00  0.75878717E-31
  0.58926545E+14  0.00000000E+00  0.75613241E-31
  0.58973091E+14  0.00000000E+00  0.75348957E-31
  0.59019636E+14  0.00000000E+00  0.75085859E-31
  0.59066182E+14  0.00000000E+00  0.74823940E-31
  0.59112727E+14  0.00000000E+00  0.74563194E-31
  0.59159273E+14  0.00000000E+00  0.74303613E-31
  0.59205818E+14  0.00000000E+00  0.74045193E-31
  0.59252364E+14  0.00000000E+00  0.73787926E-31
  0.59298909E+14  0.00000000E+00  0.73531806E-31
  0.59345455E+14  0.00000000E+00  0.73276826E-31
  0.59392000E+14  0.00000000E+00  0.73022982E-31
  0.59438545E+14  0.00000000E+00  0.72770265E-31
  0.59485091E+14  0.00000000E+00  0.72518671E-31
  0.59531636E+14  0.00000000E+00  0.72268192E-31
  0.59578182E+14  0.00000000E+00  0.72018824E-31
  0.59624727E+14  0.00000000E+00  0.71770559E-31
  0.59671273E+14  0.00000000E+00  0.71523393E-31
  0.59717818E+14  0.00000000E+00  0.71277318E-31
  0.59764364E+14  0.00000000E+00  0.71032329E-31
  0.59810909E+14  0.00000000E+00  0.70788420E-31
  0.59857455E+14  0.00000000E+00  0.70545586E-31
  0.59904000E+14  0.00000000E+00  0.70303820E-31
  0.59950545E+14  0.00000000E+00  0.70063116E-31
  0.59997091E+14  0.00000000E+00  0.69823470E-31
  0.60043636E+14  0.00000000E+00  0.69584874E-31
  0.60090182E+14  0.00000000E+00  0.69347325E-31
  0.60136727E+14  0.00000000E+00  0.69110815E-31
  0.60183273E+14  0.00000000E+00  0.68875339E-31
  0.60229818E+14  0.00000000E+00  0.68640892E-31
  0.60276364E+14  0.00000000E+00  0.68407468E-31
  0.60322909E+14  0.00000000E+00  0.68175062E-31
  0.60369455E+14  0.00000000E+00  0.67943669E-31
  0.60416000E+14  0.00000000E+00  0.67713282E-31
  0.60462545E+14  0.00000000E+00  0.67483897E-31
  0.60509091E+14  0.00000000E+00  0.67255507E-31
  0.60555636E+14  0.00000000E+00  0.67028109E-31
  0.60602182E+14  0.00000000E+00  0.66801696E-31
  0.60648727E+14  0.00000000E+00  0.66576264E-31
  0.60695273E+14  0.00000000E+00  0.66351806E-31
  0.60741818E+14  0.00000000E+00  0.66128319E-31
  0.60788364E+14  0.00000000E+00  0.65905796E-31
  0.60834909E+14  0.00000000E+00  0.65684233E-31
  0.60881455E+14  0.00000000E+00  0.65463624E-31
  0.60928000E+14  0.00000000E+00  0.65243965E-31
  0.60974545E+14  0.00000000E+00  0.65025250E-31
  0.61021091E+14  0.00000000E+00  0.64807475E-31
  0.61067636E+14  0.00000000E+00  0.64590635E-31
  0.61114182E+14  0.00000000E+00  0.64374724E-31
  0.61160727E+14  0.00000000E+00  0.64159738E-31
  0.61207273E+14  0.00000000E+00  0.63945672E-31
  0.61253818E+14  0.00000000E+00  0.63732520E-31
  0.61300364E+14  0.00000000E+00  0.63520279E-31
  0.61346909E+14  0.00000000E+00  0.63308944E-31
  0.61393455E+14  0.00000000E+00  0.63098509E-31
  0.61440000E+14  0.00000000E+00  0.62888970E-31
  0.61486545E+14  0.00000000E+00  0.62680323E-31
  0.61533091E+14  0.00000000E+00  0.62472562E-31
  0.61579636E+14  0.00000000E+00  0.62265683E-31
  0.61626182E+14  0.00000000E+00  0.62059682E-31
  0.61672727E+14  0.00000000E+00  0.61854554E-31
  0.61719273E+14  0.00000000E+00  0.61650294E-31
  0.61765818E+14  0.00000000E+00  0.61446898E-31
  0.61812364E+14  0.00000000E+00  0.61244361E-31
  0.61858909E+14  0.00000000E+00  0.61042679E-31
  0.61905455E+14  0.00000000E+00  0.60841848E-31
  0.61952000E+14  0.00000000E+00  0.60641863E-31
  0.61998545E+14  0.00000000E+00  0.60442719E-31
  0.62045091E+14  0.00000000E+00  0.60244413E-31
  0.62091636E+14  0.00000000E+00  0.60046940E-31
  0.62138182E+14  0.00000000E+00  0.59850295E-31
  0.62184727E+14  0.00000000E+00  0.59654475E-31
  0.62231273E+14  0.00000000E+00  0.59459476E-31
  0.62277818E+14  0.00000000E+00  0.59265292E-31
  0.62324364E+14  0.00000000E+00  0.59071920E-31
  0.62370909E+14  0.00000000E+00  0.58879356E-31
  0.62417455E+14  0.00000000E+00  0.58687595E-31
  0.62464000E+14  0.00000000E+00  0.58496634E-31
  0.62510545E+14  0.00000000E+00  0.58306468E-31
  0.62557091E+14  0.00000000E+00  0.58117094E-31
  0.62603636E+14  0.00000000E+00  0.57928507E-31
  0.62650182E+14  0.00000000E+00  0.57740703E-31
  0.62696727E+14  0.00000000E+00  0.57553678E-31
  0.62743273E+14  0.00000000E+00  0.57367428E-31
  0.62789818E+14  0.00000000E+00  0.57181950E-31
  0.62836364E+14  0.00000000E+00  0.56997240E-31
  0.62882909E+14  0.00000000E+00  0.56813292E-31
  0.62929455E+14  0.00000000E+00  0.56630105E-31
  0.62976000E+14  0.00000000E+00  0.56447673E-31
  0.63022545E+14  0.00000000E+00  0.56265993E-31
  0.63069091E+14  0.00000000E+00  0.56085062E-31
  0.63115636E+14  0.00000000E+00  0.55904875E-31
  0.63162182E+14  0.00000000E+00  0.55725428E-31
  0.63208727E+14  0.00000000E+00  0.55546719E-31
  0.63255273E+14  0.00000000E+00  0.55368743E-31
  0.63301818E+14  0.00000000E+00  0.55191496E-31
  0.63348364E+14  0.00000000E+00  0.55014975E-31
  0.63394909E+14  0.00000000E+00  0.54839177E-31
  0.63441455E+14  0.00000000E+00  0.54664097E-31
  0.63488000E+14  0.00000000E+00  0.54489732E-31
  0.63534545E+14  0.00000000E+00  0.54316078E-31
  0.63581091E+14  0.00000000E+00  0.54143132E-31
  0.63627636E+14  0.00000000E+00  0.53970891E-31
  0.63674182E+14  0.00000000E+00  0.53799351E-31
  0.63720727E+14  0.00000000E+00  0.53628507E-31
  0.63767273E+14  0.00000000E+00  0.53458358E-31
  0.63813818E+14  0.00000000E+00  0.53288899E-31
  0.63860364E+14  0.00000000E+00  0.53120127E-31
  0.63906909E+14  0.00000000E+00  0.52952039E-31
  0.63953455E+14  0.00000000E+00  0.52784631E-31
  0.64000000E+14  0.00000000E+00  0.52617900E-31
