  0.46545455E+11  0.10682308E-30 -0.18919441E-29
  0.93090909E+11  0.17197012E-30 -0.18312042E-29
  0.13963636E+12  0.25313988E-30 -0.17436705E-29
  0.18618182E+12  0.26658922E-30 -0.15805563E-29
  0.23272727E+12  0.94323680E-31 -0.14898747E-29
  0.27927273E+12  0.10472270E-31 -0.16276496E-29
  0.32581818E+12  0.85240624E-31 -0.16801806E-29
  0.37236364E+12  0.12360936E-30 -0.16767890E-29
  0.41890909E+12  0.15295436E-30 -0.16759984E-29
  0.46545455E+12  0.19556721E-30 -0.16380874E-29
  0.51200000E+12  0.17279420E-30 -0.16049921E-29
  0.55854545E+12  0.16908154E-30 -0.16007936E-29
  0.60509091E+12  0.16383737E-30 -0.16047472E-29
  0.65163636E+12  0.16066542E-30 -0.16066702E-29
  0.69818182E+12  0.16116545E-30 -0.16247875E-29
  0.74472727E+12  0.18827952E-30 -0.16370019E-29
  0.79127273E+12  0.20500289E-30 -0.16261406E-29
  0.83781818E+12  0.21542583E-30 -0.16242700E-29
  0.88436364E+12  0.22209076E-30 -0.16221171E-29
  0.93090909E+12  0.23492627E-30 -0.16170182E-29
  0.97745455E+12  0.23599760E-30 -0.16143535E-29
  0.10240000E+13  0.24398672E-30 -0.16183887E-29
  0.10705455E+13  0.25457332E-30 -0.16169914E-29
  0.11170909E+13  0.25786178E-30 -0.16150608E-29
  0.11636364E+13  0.26173451E-30 -0.16232430E-29
  0.12101818E+13  0.27466839E-30 -0.16308544E-29
  0.12567273E+13  0.28730257E-30 -0.16356935E-29
  0.13032727E+13  0.30687925E-30 -0.16385471E-29
  0.13498182E+13  0.32188988E-30 -0.16285696E-29
  0.13963636E+13  0.32414219E-30 -0.16238792E-29
  0.14429091E+13  0.32773381E-30 -0.16276670E-29
  0.14894545E+13  0.33585574E-30 -0.16340073E-29
  0.15360000E+13  0.34631668E-30 -0.16390113E-29
  0.15825455E+13  0.36029104E-30 -0.16445489E-29
  0.16290909E+13  0.37298087E-30 -0.16471705E-29
  0.16756364E+13  0.38873456E-30 -0.16480046E-29
  0.17221818E+13  0.39726076E-30 -0.16452408E-29
  0.17687273E+13  0.40508150E-30 -0.16492323E-29
  0.18152727E+13  0.41585857E-30 -0.16546697E-29
  0.18618182E+13  0.43008703E-30 -0.16607657E-29
  0.19083636E+13  0.44780440E-30 -0.16623222E-29
  0.19549091E+13  0.45996496E-30 -0.16583082E-29
  0.20014545E+13  0.46589974E-30 -0.16598019E-29
  0.20480000E+13  0.47627878E-30 -0.16669419E-29
  0.20945455E+13  0.49038868E-30 -0.16726239E-29
  0.21410909E+13  0.50508988E-30 -0.16772239E-29
  0.21876364E+13  0.52102075E-30 -0.16810549E-29
  0.22341818E+13  0.53628968E-30 -0.16818554E-29
  0.22807273E+13  0.55020159E-30 -0.16838205E-29
  0.23272727E+13  0.56407429E-30 -0.16850797E-29
  0.23738182E+13  0.57655022E-30 -0.16875935E-29
  0.24203636E+13  0.59066579E-30 -0.16908546E-29
  0.24669091E+13  0.60436448E-30 -0.16965108E-29
  0.25134545E+13  0.62186846E-30 -0.16966836E-29
  0.25600000E+13  0.63237746E-30 -0.17011352E-29
  0.26065455E+13  0.64938700E-30 -0.17072072E-29
  0.26530909E+13  0.66824344E-30 -0.17114918E-29
  0.26996364E+13  0.68671070E-30 -0.17130307E-29
  0.27461818E+13  0.70399366E-30 -0.17139854E-29
  0.27927273E+13  0.72097448E-30 -0.17140580E-29
  0.28392727E+13  0.73555761E-30 -0.17145814E-29
  0.28858182E+13  0.74984695E-30 -0.17173572E-29
  0.29323636E+13  0.76474052E-30 -0.17215230E-29
  0.29789091E+13  0.78183195E-30 -0.17287306E-29
  0.30254545E+13  0.80414492E-30 -0.17341549E-29
  0.30720000E+13  0.82739887E-30 -0.17337252E-29
  0.31185455E+13  0.84562696E-30 -0.17320119E-29
  0.31650909E+13  0.86286665E-30 -0.17324855E-29
  0.32116364E+13  0.88083473E-30 -0.17342382E-29
  0.32581818E+13  0.89944055E-30 -0.17358925E-29
  0.33047273E+13  0.91802083E-30 -0.17374849E-29
  0.33512727E+13  0.93693057E-30 -0.17407364E-29
  0.33978182E+13  0.95842807E-30 -0.17436548E-29
  0.34443636E+13  0.98085031E-30 -0.17448925E-29
  0.34909091E+13  0.10029730E-29 -0.17442954E-29
  0.35374545E+13  0.10231938E-29 -0.17444399E-29
  0.35840000E+13  0.10455961E-29 -0.17455084E-29
  0.36305455E+13  0.10686186E-29 -0.17437956E-29
  0.36770909E+13  0.10888334E-29 -0.17417600E-29
  0.37236364E+13  0.11083415E-29 -0.17423369E-29
  0.37701818E+13  0.11306208E-29 -0.17447673E-29
  0.38167273E+13  0.11555586E-29 -0.17454388E-29
  0.38632727E+13  0.11807710E-29 -0.17435209E-29
  0.39098182E+13  0.12042432E-29 -0.17410309E-29
  0.39563636E+13  0.12275086E-29 -0.17389972E-29
  0.40029091E+13  0.12515923E-29 -0.17373280E-29
  0.40494545E+13  0.12757039E-29 -0.17345822E-29
  0.40960000E+13  0.12993160E-29 -0.17327417E-29
  0.41425455E+13  0.13253771E-29 -0.17315878E-29
  0.41890909E+13  0.13519492E-29 -0.17269789E-29
  0.42356364E+13  0.13766289E-29 -0.17223394E-29
  0.42821818E+13  0.14002250E-29 -0.17190157E-29
  0.43287273E+13  0.14263964E-29 -0.17168698E-29
  0.43752727E+13  0.14541966E-29 -0.17127211E-29
  0.44218182E+13  0.14818314E-29 -0.17070791E-29
  0.44683636E+13  0.15074187E-29 -0.17011714E-29
  0.45149091E+13  0.15348358E-29 -0.16968356E-29
  0.45614545E+13  0.15639645E-29 -0.16901492E-29
  0.46080000E+13  0.15908252E-29 -0.16815112E-29
  0.46545455E+13  0.16163428E-29 -0.16747090E-29
  0.47010909E+13  0.16435613E-29 -0.16693336E-29
  0.47476364E+13  0.16731292E-29 -0.16627528E-29
  0.47941818E+13  0.17023235E-29 -0.16540464E-29
  0.48407273E+13  0.17307049E-29 -0.16459445E-29
  0.48872727E+13  0.17609985E-29 -0.16376051E-29
  0.49338182E+13  0.17921209E-29 -0.16264696E-29
  0.49803636E+13  0.18204960E-29 -0.16137030E-29
  0.50269091E+13  0.18471919E-29 -0.16029826E-29
  0.50734545E+13  0.18757365E-29 -0.15940058E-29
  0.51200000E+13  0.19067685E-29 -0.15837782E-29
  0.51665455E+13  0.19375117E-29 -0.15712567E-29
  0.52130909E+13  0.19675772E-29 -0.15596862E-29
  0.52596364E+13  0.19999245E-29 -0.15466310E-29
  0.53061818E+13  0.20317632E-29 -0.15310713E-29
  0.53527273E+13  0.20612683E-29 -0.15144735E-29
  0.53992727E+13  0.20896806E-29 -0.15000059E-29
  0.54458182E+13  0.21205334E-29 -0.14861985E-29
  0.54923636E+13  0.21522575E-29 -0.14698786E-29
  0.55389091E+13  0.21823474E-29 -0.14533289E-29
  0.55854545E+13  0.22138427E-29 -0.14379116E-29
  0.56320000E+13  0.22476306E-29 -0.14202488E-29
  0.56785455E+13  0.22801277E-29 -0.13993009E-29
  0.57250909E+13  0.23094475E-29 -0.13782434E-29
  0.57716364E+13  0.23390209E-29 -0.13597131E-29
  0.58181818E+13  0.23713082E-29 -0.13405832E-29
  0.58647273E+13  0.24032475E-29 -0.13187030E-29
  0.59112727E+13  0.24336334E-29 -0.12973144E-29
  0.59578182E+13  0.24656904E-29 -0.12761233E-29
  0.60043636E+13  0.24990080E-29 -0.12523317E-29
  0.60509091E+13  0.25296351E-29 -0.12265797E-29
  0.60974545E+13  0.25589032E-29 -0.12028416E-29
  0.61440000E+13  0.25906443E-29 -0.11794307E-29
  0.61905455E+13  0.26233668E-29 -0.11531306E-29
  0.62370909E+13  0.26537374E-29 -0.11253154E-29
  0.62836364E+13  0.26835905E-29 -0.10991756E-29
  0.63301818E+13  0.27158070E-29 -0.10719683E-29
  0.63767273E+13  0.27467028E-29 -0.10418170E-29
  0.64232727E+13  0.27750757E-29 -0.10124226E-29
  0.64698182E+13  0.28050837E-29 -0.98479694E-30
  0.65163636E+13  0.28374692E-29 -0.95487447E-30
  0.65629091E+13  0.28679952E-29 -0.92181405E-30
  0.66094545E+13  0.28962076E-29 -0.89016578E-30
  0.66560000E+13  0.29266308E-29 -0.85867870E-30
  0.67025455E+13  0.29569136E-29 -0.82383930E-30
  0.67490909E+13  0.29837494E-29 -0.78907545E-30
  0.67956364E+13  0.30110324E-29 -0.75686815E-30
  0.68421818E+13  0.30416165E-29 -0.72400313E-30
  0.68887273E+13  0.30717989E-29 -0.68709424E-30
  0.69352727E+13  0.30990501E-29 -0.65020636E-30
  0.69818182E+13  0.31275762E-29 -0.61395881E-30
  0.70283636E+13  0.31558714E-29 -0.57510150E-30
  0.70749091E+13  0.31814032E-29 -0.53624809E-30
  0.71214545E+13  0.32068875E-29 -0.49991576E-30
  0.71680000E+13  0.32359859E-29 -0.46296320E-30
  0.72145455E+13  0.32640143E-29 -0.42215238E-30
  0.72610909E+13  0.32903650E-29 -0.38255599E-30
  0.73076364E+13  0.33181347E-29 -0.34243686E-30
  0.73541818E+13  0.33459890E-29 -0.29951753E-30
  0.74007273E+13  0.33699223E-29 -0.25687631E-30
  0.74472727E+13  0.33959413E-29 -0.21774999E-30
  0.74938182E+13  0.34258504E-29 -0.17595714E-30
  0.75403636E+13  0.34538901E-29 -0.13087388E-30
  0.75869091E+13  0.34808407E-29 -0.86726833E-31
  0.76334545E+13  0.35112473E-29 -0.42246351E-31
  0.76800000E+13  0.35416108E-29  0.93245874E-32
  0.77265455E+13  0.35658654E-29  0.59857010E-31
  0.77730909E+13  0.35921987E-29  0.10840180E-30
  0.78196364E+13  0.36195260E-29  0.15992506E-30
  0.78661818E+13  0.36446305E-29  0.21409539E-30
  0.79127273E+13  0.36686694E-29  0.26525624E-30
  0.79592727E+13  0.36952755E-29  0.32065402E-30
  0.80058182E+13  0.37177213E-29  0.37656592E-30
  0.80523636E+13  0.37401605E-29  0.43029457E-30
  0.80989091E+13  0.37657311E-29  0.48630519E-30
  0.81454545E+13  0.37885409E-29  0.54492979E-30
  0.81920000E+13  0.38110549E-29  0.60272745E-30
  0.82385455E+13  0.38344595E-29  0.66255821E-30
  0.82850909E+13  0.38555007E-29  0.72483028E-30
  0.83316364E+13  0.38746424E-29  0.78435023E-30
  0.83781818E+13  0.38973808E-29  0.84466246E-30
  0.84247273E+13  0.39192534E-29  0.90944390E-30
  0.84712727E+13  0.39388638E-29  0.97271038E-30
  0.85178182E+13  0.39606076E-29  0.10379994E-29
  0.85643636E+13  0.39794008E-29  0.11073598E-29
  0.86109091E+13  0.39952870E-29  0.11722800E-29
  0.86574545E+13  0.40159060E-29  0.12384330E-29
  0.87040000E+13  0.40338673E-29  0.13095157E-29
  0.87505455E+13  0.40503191E-29  0.13779352E-29
  0.87970909E+13  0.40707268E-29  0.14487529E-29
  0.88436364E+13  0.40849274E-29  0.15235807E-29
  0.88901818E+13  0.40984675E-29  0.15954450E-29
  0.89367273E+13  0.41144234E-29  0.16673280E-29
  0.89832727E+13  0.41281216E-29  0.17420051E-29
  0.90298182E+13  0.41405642E-29  0.18172469E-29
  0.90763636E+13  0.41526535E-29  0.18920188E-29
  0.91229091E+13  0.41587339E-29  0.19709624E-29
  0.91694545E+13  0.41617548E-29  0.20436485E-29
  0.92160000E+13  0.41656179E-29  0.21188037E-29
  0.92625455E+13  0.41559410E-29  0.21914837E-29
  0.93090909E+13  0.41457621E-29  0.22603304E-29
  0.93556364E+13  0.41197343E-29  0.23271538E-29
  0.94021818E+13  0.40668129E-29  0.23861004E-29
  0.94487273E+13  0.39859418E-29  0.24324405E-29
  0.94952727E+13  0.38261635E-29  0.24600952E-29
  0.95418182E+13  0.35080926E-29  0.24480895E-29
  0.95883636E+13  0.26242805E-29  0.23988385E-29
  0.96349091E+13  0.20861595E-29 -0.11818381E-29
  0.96814545E+13  0.52510273E-29 -0.25246986E-29
  0.97280000E+13  0.81140817E-29 -0.20674708E-29
  0.97745455E+13  0.10480546E-28 -0.47093523E-30
  0.98210909E+13  0.11950425E-28  0.20407372E-29
  0.98676364E+13  0.12064400E-28  0.44816687E-29
  0.99141818E+13  0.11730618E-28  0.64622191E-29
  0.99607273E+13  0.11150432E-28  0.81490021E-29
  0.10007273E+14  0.10411964E-28  0.96468107E-29
  0.10053818E+14  0.95278505E-29  0.10961956E-28
  0.10100364E+14  0.85283038E-29  0.12145791E-28
  0.10146909E+14  0.74339425E-29  0.13215483E-28
  0.10193455E+14  0.62111784E-29  0.14165714E-28
  0.10240000E+14  0.49141724E-29  0.15012302E-28
  0.10286545E+14  0.34671028E-29  0.15756035E-28
  0.10333091E+14  0.19211028E-29  0.16410084E-28
  0.10379636E+14  0.17415484E-30  0.16952930E-28
  0.10426182E+14 -0.17787878E-29  0.17388897E-28
  0.10472727E+14 -0.41631803E-29  0.17735691E-28
  0.10519273E+14 -0.72034966E-29  0.17650224E-28
  0.10565818E+14 -0.10983558E-28  0.15546596E-28
  0.10612364E+14 -0.12920092E-28  0.12706303E-28
  0.10658909E+14 -0.14353522E-28  0.96094133E-29
  0.10705455E+14 -0.15356199E-28  0.49751318E-29
  0.10752000E+14 -0.11726734E-28  0.21316768E-29
  0.10798545E+14 -0.10266426E-28  0.16219059E-29
  0.10845091E+14 -0.93142338E-29  0.10280756E-29
  0.10891636E+14 -0.86010418E-29  0.44737015E-30
  0.10938182E+14 -0.79787922E-29 -0.15517020E-30
  0.10984727E+14 -0.73794251E-29 -0.72257760E-30
  0.11031273E+14 -0.67730617E-29 -0.13142601E-29
  0.11077818E+14 -0.61030541E-29 -0.18703084E-29
  0.11124364E+14 -0.54326236E-29 -0.24227469E-29
  0.11170909E+14 -0.46293521E-29 -0.29157494E-29
  0.11217455E+14 -0.37082351E-29 -0.33745954E-29
  0.11264000E+14 -0.26842004E-29 -0.37646527E-29
  0.11310545E+14 -0.10849685E-29 -0.37883181E-29
  0.11357091E+14 -0.10640282E-31 -0.31233671E-29
  0.11403636E+14  0.68372792E-30 -0.24607556E-29
  0.11450182E+14  0.12110543E-29 -0.18133676E-29
  0.11496727E+14  0.15683163E-29 -0.12172894E-29
  0.11543273E+14  0.18527210E-29 -0.67866961E-30
  0.11589818E+14  0.20754636E-29 -0.16069228E-30
  0.11636364E+14  0.22438930E-29  0.33937992E-30
  0.11682909E+14  0.23624670E-29  0.81745159E-30
  0.11729455E+14  0.24354791E-29  0.12724444E-29
  0.11776000E+14  0.24694255E-29  0.17218028E-29
  0.11822545E+14  0.24812654E-29  0.21647058E-29
  0.11869091E+14  0.24534327E-29  0.25905423E-29
  0.11915636E+14  0.23799738E-29  0.30022772E-29
  0.11962182E+14  0.22896210E-29  0.34252039E-29
  0.12008727E+14  0.21689988E-29  0.38267803E-29
  0.12055273E+14  0.20355403E-29  0.42214245E-29
  0.12101818E+14  0.18212965E-29  0.46136920E-29
  0.12148364E+14  0.15844210E-29  0.49838121E-29
  0.12194909E+14  0.13265992E-29  0.53576630E-29
  0.12241455E+14  0.10436466E-29  0.57007157E-29
  0.12288000E+14  0.72890986E-30  0.60470360E-29
  0.12334545E+14  0.37661706E-30  0.63822655E-29
  0.12381091E+14 -0.33742199E-31  0.67196077E-29
  0.12427636E+14 -0.48050523E-30  0.70420312E-29
  0.12474182E+14 -0.99784942E-30  0.73599675E-29
  0.12520727E+14 -0.15740571E-29  0.76693775E-29
  0.12567273E+14 -0.22360057E-29  0.79829384E-29
  0.12613818E+14 -0.30561829E-29  0.82834304E-29
  0.12660364E+14 -0.40755490E-29  0.85737068E-29
  0.12706909E+14 -0.54972050E-29  0.88548480E-29
  0.12753455E+14 -0.83136587E-29  0.85997977E-29
  0.12800000E+14 -0.94947242E-29  0.44778717E-29
  0.12846545E+14 -0.77208334E-29  0.29325236E-29
  0.12893091E+14 -0.69860247E-29  0.28478119E-29
  0.12939636E+14 -0.67479154E-29  0.27249727E-29
  0.12986182E+14 -0.66407050E-29  0.25809871E-29
  0.13032727E+14 -0.66878733E-29  0.23845111E-29
  0.13079273E+14 -0.67971554E-29  0.21906320E-29
  0.13125818E+14 -0.69289030E-29  0.19114356E-29
  0.13172364E+14 -0.71678089E-29  0.15866611E-29
  0.13218909E+14 -0.73885852E-29  0.11905410E-29
  0.13265455E+14 -0.76982865E-29  0.63398523E-30
  0.13312000E+14 -0.80235354E-29 -0.14529651E-30
  0.13358545E+14 -0.77131748E-29 -0.17718087E-29
  0.13405091E+14 -0.65964460E-29 -0.22024094E-29
  0.13451636E+14 -0.60070633E-29 -0.23394939E-29
  0.13498182E+14 -0.55589648E-29 -0.24478628E-29
  0.13544727E+14 -0.51910014E-29 -0.25790369E-29
  0.13591273E+14 -0.48586470E-29 -0.26680043E-29
  0.13637818E+14 -0.45488666E-29 -0.27886809E-29
  0.13684364E+14 -0.42618451E-29 -0.28732333E-29
  0.13730909E+14 -0.39749191E-29 -0.29771186E-29
  0.13777455E+14 -0.37121690E-29 -0.30539272E-29
  0.13824000E+14 -0.34125905E-29 -0.31307485E-29
  0.13870545E+14 -0.31568736E-29 -0.32024648E-29
  0.13917091E+14 -0.28671753E-29 -0.32492035E-29
  0.13963636E+14 -0.25857377E-29 -0.33013311E-29
  0.14010182E+14 -0.23131629E-29 -0.33232381E-29
  0.14056727E+14 -0.20136326E-29 -0.33283445E-29
  0.14103273E+14 -0.17062462E-29 -0.33215369E-29
  0.14149818E+14 -0.14051849E-29 -0.32845865E-29
  0.14196364E+14 -0.10928945E-29 -0.32180612E-29
  0.14242909E+14 -0.77485311E-30 -0.31093435E-29
  0.14289455E+14 -0.44477221E-30 -0.29561887E-29
  0.14336000E+14 -0.10474652E-30 -0.26698335E-29
  0.14382545E+14  0.00000000E+00 -0.22601677E-29
  0.14429091E+14  0.00000000E+00 -0.20127723E-29
  0.14475636E+14  0.00000000E+00 -0.18264511E-29
  0.14522182E+14  0.00000000E+00 -0.16739799E-29
  0.14568727E+14  0.00000000E+00 -0.15443100E-29
  0.14615273E+14  0.00000000E+00 -0.14314299E-29
  0.14661818E+14  0.00000000E+00 -0.13315797E-29
  0.14708364E+14  0.00000000E+00 -0.12422020E-29
  0.14754909E+14  0.00000000E+00 -0.11614559E-29
  0.14801455E+14  0.00000000E+00 -0.10879611E-29
  0.14848000E+14  0.00000000E+00 -0.10206502E-29
  0.14894545E+14  0.00000000E+00 -0.95867719E-30
  0.14941091E+14  0.00000000E+00 -0.90135822E-30
  0.14987636E+14  0.00000000E+00 -0.84813162E-30
  0.15034182E+14  0.00000000E+00 -0.79852962E-30
  0.15080727E+14  0.00000000E+00 -0.75215813E-30
  0.15127273E+14  0.00000000E+00 -0.70868174E-30
  0.15173818E+14  0.00000000E+00 -0.66781250E-30
  0.15220364E+14  0.00000000E+00 -0.62930125E-30
  0.15266909E+14  0.00000000E+00 -0.59293092E-30
  0.15313455E+14  0.00000000E+00 -0.55851119E-30
  0.15360000E+14  0.00000000E+00 -0.52587430E-30
  0.15406545E+14  0.00000000E+00 -0.49487160E-30
  0.15453091E+14  0.00000000E+00 -0.46537075E-30
  0.15499636E+14  0.00000000E+00 -0.43725345E-30
  0.15546182E+14  0.00000000E+00 -0.41041353E-30
  0.15592727E+14  0.00000000E+00 -0.38475533E-30
  0.15639273E+14  0.00000000E+00 -0.36019241E-30
  0.15685818E+14  0.00000000E+00 -0.33664638E-30
  0.15732364E+14  0.00000000E+00 -0.31404596E-30
  0.15778909E+14  0.00000000E+00 -0.29232614E-30
  0.15825455E+14  0.00000000E+00 -0.27142750E-30
  0.15872000E+14  0.00000000E+00 -0.25129553E-30
  0.15918545E+14  0.00000000E+00 -0.23188019E-30
  0.15965091E+14  0.00000000E+00 -0.21313537E-30
  0.16011636E+14  0.00000000E+00 -0.19501853E-30
  0.16058182E+14  0.00000000E+00 -0.17749033E-30
  0.16104727E+14  0.00000000E+00 -0.16051430E-30
  0.16151273E+14  0.00000000E+00 -0.14405662E-30
  0.16197818E+14  0.00000000E+00 -0.12808579E-30
  0.16244364E+14  0.00000000E+00 -0.11257249E-30
  0.16290909E+14  0.00000000E+00 -0.97489334E-31
  0.16337455E+14  0.00000000E+00 -0.82810727E-31
  0.16384000E+14  0.00000000E+00 -0.68512694E-31
  0.16430545E+14  0.00000000E+00 -0.54572747E-31
  0.16477091E+14  0.00000000E+00 -0.40969755E-31
  0.16523636E+14  0.00000000E+00 -0.27683832E-31
  0.16570182E+14  0.00000000E+00 -0.14696238E-31
  0.16616727E+14  0.00000000E+00 -0.19892803E-32
  0.16663273E+14  0.00000000E+00  0.10453769E-31
  0.16709818E+14  0.00000000E+00  0.22648748E-31
  0.16756364E+14  0.00000000E+00  0.34610677E-31
  0.16802909E+14  0.00000000E+00  0.46353823E-31
  0.16849455E+14  0.00000000E+00  0.57891758E-31
  0.16896000E+14  0.00000000E+00  0.69237409E-31
  0.16942545E+14  0.00000000E+00  0.80403116E-31
  0.16989091E+14  0.00000000E+00  0.91400670E-31
  0.17035636E+14  0.00000000E+00  0.10224136E-30
  0.17082182E+14  0.00000000E+00  0.11293600E-30
  0.17128727E+14  0.00000000E+00  0.12349499E-30
  0.17175273E+14  0.00000000E+00  0.13392833E-30
  0.17221818E+14  0.00000000E+00  0.14424565E-30
  0.17268364E+14  0.00000000E+00  0.15445624E-30
  0.17314909E+14  0.00000000E+00  0.16456911E-30
  0.17361455E+14  0.00000000E+00  0.17459294E-30
  0.17408000E+14  0.00000000E+00  0.18453619E-30
  0.17454545E+14  0.00000000E+00  0.19440708E-30
  0.17501091E+14  0.00000000E+00  0.20421360E-30
  0.17547636E+14  0.00000000E+00  0.21396356E-30
  0.17594182E+14  0.00000000E+00  0.22366458E-30
  0.17640727E+14  0.00000000E+00  0.23332413E-30
  0.17687273E+14  0.00000000E+00  0.24294955E-30
  0.17733818E+14  0.00000000E+00  0.25254804E-30
  0.17780364E+14  0.00000000E+00  0.26212672E-30
  0.17826909E+14  0.00000000E+00  0.27169258E-30
  0.17873455E+14  0.00000000E+00  0.28125256E-30
  0.17920000E+14  0.00000000E+00  0.29081355E-30
  0.17966545E+14  0.00000000E+00  0.30038236E-30
  0.18013091E+14  0.00000000E+00  0.30996580E-30
  0.18059636E+14  0.00000000E+00  0.31957063E-30
  0.18106182E+14  0.00000000E+00  0.32920364E-30
  0.18152727E+14  0.00000000E+00  0.33887160E-30
  0.18199273E+14  0.00000000E+00  0.34858132E-30
  0.18245818E+14  0.00000000E+00  0.35833963E-30
  0.18292364E+14  0.00000000E+00  0.36815342E-30
  0.18338909E+14  0.00000000E+00  0.37802965E-30
  0.18385455E+14  0.00000000E+00  0.38797535E-30
  0.18432000E+14  0.00000000E+00  0.39799764E-30
  0.18478545E+14  0.00000000E+00  0.40810375E-30
  0.18525091E+14  0.00000000E+00  0.41830104E-30
  0.18571636E+14  0.00000000E+00  0.42859698E-30
  0.18618182E+14  0.00000000E+00  0.43899924E-30
  0.18664727E+14  0.00000000E+00  0.44951561E-30
  0.18711273E+14  0.00000000E+00  0.46015411E-30
  0.18757818E+14  0.00000000E+00  0.47092294E-30
  0.18804364E+14  0.00000000E+00  0.48183053E-30
  0.18850909E+14  0.00000000E+00  0.49288557E-30
  0.18897455E+14  0.00000000E+00  0.50409699E-30
  0.18944000E+14  0.00000000E+00  0.51547403E-30
  0.18990545E+14  0.00000000E+00  0.52702624E-30
  0.19037091E+14  0.00000000E+00  0.53876349E-30
  0.19083636E+14  0.00000000E+00  0.55069603E-30
  0.19130182E+14  0.00000000E+00  0.56283449E-30
  0.19176727E+14  0.00000000E+00  0.57518994E-30
  0.19223273E+14  0.00000000E+00  0.58777388E-30
  0.19269818E+14  0.00000000E+00  0.60059831E-30
  0.19316364E+14  0.00000000E+00  0.61367576E-30
  0.19362909E+14  0.00000000E+00  0.62701933E-30
  0.19409455E+14  0.00000000E+00  0.64064271E-30
  0.19456000E+14  0.00000000E+00  0.65456027E-30
  0.19502545E+14  0.00000000E+00  0.66878706E-30
  0.19549091E+14  0.00000000E+00  0.68333893E-30
  0.19595636E+14  0.00000000E+00  0.69823250E-30
  0.19642182E+14  0.00000000E+00  0.71348533E-30
  0.19688727E+14  0.00000000E+00  0.72911590E-30
  0.19735273E+14  0.00000000E+00  0.74514373E-30
  0.19781818E+14  0.00000000E+00  0.76158948E-30
  0.19828364E+14  0.00000000E+00  0.77847501E-30
  0.19874909E+14  0.00000000E+00  0.79582348E-30
  0.19921455E+14  0.00000000E+00  0.81365950E-30
  0.19968000E+14  0.00000000E+00  0.83200923E-30
  0.20014545E+14  0.00000000E+00  0.85090051E-30
  0.20061091E+14  0.00000000E+00  0.87036302E-30
  0.20107636E+14  0.00000000E+00  0.89042848E-30
  0.20154182E+14  0.00000000E+00  0.91113078E-30
  0.20200727E+14  0.00000000E+00  0.93250624E-30
  0.20247273E+14  0.00000000E+00  0.95459385E-30
  0.20293818E+14  0.00000000E+00  0.97743549E-30
  0.20340364E+14  0.00000000E+00  0.10010763E-29
  0.20386909E+14  0.00000000E+00  0.10255649E-29
  0.20433455E+14  0.00000000E+00  0.10509541E-29
  0.20480000E+14  0.00000000E+00  0.10773008E-29
  0.20526545E+14  0.00000000E+00  0.11046669E-29
  0.20573091E+14  0.00000000E+00  0.11331200E-29
  0.20619636E+14  0.00000000E+00  0.11627337E-29
  0.20666182E+14  0.00000000E+00  0.11935885E-29
  0.20712727E+14  0.00000000E+00  0.12257730E-29
  0.20759273E+14  0.00000000E+00  0.12593844E-29
  0.20805818E+14  0.00000000E+00  0.12945305E-29
  0.20852364E+14  0.00000000E+00  0.13313307E-29
  0.20898909E+14  0.00000000E+00  0.13699179E-29
  0.20945455E+14  0.00000000E+00  0.14104409E-29
  0.20992000E+14  0.00000000E+00  0.14530667E-29
  0.21038545E+14  0.00000000E+00  0.14979842E-29
  0.21085091E+14  0.00000000E+00  0.15454079E-29
  0.21131636E+14  0.00000000E+00  0.15955832E-29
  0.21178182E+14  0.00000000E+00  0.16487925E-29
  0.21224727E+14  0.00000000E+00  0.17053638E-29
  0.21271273E+14  0.00000000E+00  0.17656803E-29
  0.21317818E+14  0.00000000E+00  0.18301946E-29
  0.21364364E+14  0.00000000E+00  0.18994454E-29
  0.21410909E+14  0.00000000E+00  0.19740794E-29
  0.21457455E+14  0.00000000E+00  0.20548759E-29
  0.21504000E+14  0.00000000E+00  0.21427693E-29
  0.21550545E+14  0.00000000E+00  0.22388362E-29
  0.21597091E+14  0.00000000E+00  0.23441128E-29
  0.21643636E+14  0.00000000E+00  0.24585065E-29
  0.21690182E+14  0.00000000E+00  0.25657063E-29
  0.21736727E+14  0.12819199E-30  0.26812603E-29
  0.21783273E+14  0.28676728E-30  0.30861142E-29
  0.21829818E+14  0.14906486E-30  0.37691765E-29
  0.21876364E+14 -0.10093986E-29  0.39714575E-29
  0.21922909E+14 -0.69003565E-30  0.38080163E-29
  0.21969455E+14 -0.11709814E-29  0.41459672E-29
  0.22016000E+14 -0.17343992E-29  0.40830189E-29
  0.22062545E+14 -0.20436960E-29  0.37681424E-29
  0.22109091E+14 -0.23088110E-29  0.37164871E-29
  0.22155636E+14 -0.30976460E-29  0.27562002E-29
  0.22202182E+14 -0.19784773E-29  0.23038753E-29
  0.22248727E+14 -0.15912283E-29  0.24846225E-29
  0.22295273E+14 -0.13551802E-29  0.26986552E-29
  0.22341818E+14 -0.11901444E-29  0.29425870E-29
  0.22388364E+14 -0.10681774E-29  0.32277243E-29
  0.22434909E+14 -0.99582369E-30  0.35551432E-29
  0.22481455E+14 -0.95822053E-30  0.39222919E-29
  0.22528000E+14 -0.95349573E-30  0.43626235E-29
  0.22574545E+14 -0.10173767E-29  0.48659831E-29
  0.22621091E+14 -0.11394508E-29  0.54458059E-29
  0.22667636E+14 -0.13733524E-29  0.61128144E-29
  0.22714182E+14 -0.17493705E-29  0.68690426E-29
  0.22760727E+14 -0.23466004E-29  0.77354349E-29
  0.22807273E+14 -0.32527293E-29  0.86695650E-29
  0.22853818E+14 -0.47902352E-29  0.95292863E-29
  0.22900364E+14 -0.67138307E-29  0.94436503E-29
  0.22946909E+14 -0.81342231E-29  0.89970668E-29
  0.22993455E+14 -0.94246300E-29  0.84221510E-29
  0.23040000E+14 -0.10585934E-28  0.77705660E-29
  0.23086545E+14 -0.11677872E-28  0.69904847E-29
  0.23133091E+14 -0.12728459E-28  0.60898228E-29
  0.23179636E+14 -0.13720677E-28  0.51029401E-29
  0.23226182E+14 -0.14597966E-28  0.39376723E-29
  0.23272727E+14 -0.15367810E-28  0.26573420E-29
  0.23319273E+14 -0.16013237E-28  0.12310150E-29
  0.23365818E+14 -0.16573641E-28 -0.34862280E-30
  0.23412364E+14 -0.16947398E-28 -0.20857458E-29
  0.23458909E+14 -0.17125641E-28 -0.40065218E-29
  0.23505455E+14 -0.16964531E-28 -0.60749609E-29
  0.23552000E+14 -0.16474644E-28 -0.83184438E-29
  0.23598545E+14 -0.15401678E-28 -0.10752848E-28
  0.23645091E+14 -0.13261462E-28 -0.13314722E-28
  0.23691636E+14 -0.99186907E-29 -0.13768195E-28
  0.23738182E+14 -0.79737230E-29 -0.13485391E-28
  0.23784727E+14 -0.64348098E-29 -0.13189129E-28
  0.23831273E+14 -0.51405984E-29 -0.12862499E-28
  0.23877818E+14 -0.40095506E-29 -0.12494212E-28
  0.23924364E+14 -0.30220755E-29 -0.12108395E-28
  0.23970909E+14 -0.21249994E-29 -0.11730003E-28
  0.24017455E+14 -0.12692343E-29 -0.11333924E-28
  0.24064000E+14 -0.42858615E-30 -0.10898977E-28
  0.24110545E+14  0.45814473E-30 -0.10346584E-28
  0.24157091E+14  0.11928399E-29 -0.95897344E-29
  0.24203636E+14  0.16908699E-29 -0.85485438E-29
  0.24250182E+14  0.16871691E-29 -0.77464628E-29
  0.24296727E+14  0.16785995E-29 -0.71882234E-29
  0.24343273E+14  0.16739702E-29 -0.67419441E-29
  0.24389818E+14  0.16691781E-29 -0.63638248E-29
  0.24436364E+14  0.16682144E-29 -0.60382645E-29
  0.24482909E+14  0.16684351E-29 -0.57517834E-29
  0.24529455E+14  0.16708439E-29 -0.54985637E-29
  0.24576000E+14  0.16760475E-29 -0.52700346E-29
  0.24622545E+14  0.16824589E-29 -0.50632894E-29
  0.24669091E+14  0.16965625E-29 -0.48750342E-29
  0.24715636E+14  0.17166742E-29 -0.46937083E-29
  0.24762182E+14  0.17324849E-29 -0.45199201E-29
  0.24808727E+14  0.17457312E-29 -0.43550311E-29
  0.24855273E+14  0.17578411E-29 -0.41978740E-29
  0.24901818E+14  0.17667778E-29 -0.40484429E-29
  0.24948364E+14  0.17728727E-29 -0.39068163E-29
  0.24994909E+14  0.17777506E-29 -0.37720008E-29
  0.25041455E+14  0.17807896E-29 -0.36430758E-29
  0.25088000E+14  0.17810769E-29 -0.35204086E-29
  0.25134545E+14  0.17801725E-29 -0.34036854E-29
  0.25181091E+14  0.17780474E-29 -0.32922476E-29
  0.25227636E+14  0.17738327E-29 -0.31848908E-29
  0.25274182E+14  0.17685309E-29 -0.30834811E-29
  0.25320727E+14  0.17621414E-29 -0.29860671E-29
  0.25367273E+14  0.17543376E-29 -0.28928506E-29
  0.25413818E+14  0.17453163E-29 -0.28034314E-29
  0.25460364E+14  0.17360287E-29 -0.27188862E-29
  0.25506909E+14  0.17251371E-29 -0.26371618E-29
  0.25553455E+14  0.17141202E-29 -0.25591771E-29
  0.25600000E+14  0.17017164E-29 -0.24851308E-29
  0.25646545E+14  0.16891884E-29 -0.24136756E-29
  0.25693091E+14  0.16767977E-29 -0.23458184E-29
  0.25739636E+14  0.16625616E-29 -0.22810153E-29
  0.25786182E+14  0.16495837E-29 -0.22190005E-29
  0.25832727E+14  0.16359823E-29 -0.21599338E-29
  0.25879273E+14  0.16219360E-29 -0.21029249E-29
  0.25925818E+14  0.16088156E-29 -0.20488448E-29
  0.25972364E+14  0.15948696E-29 -0.19963688E-29
  0.26018909E+14  0.15815564E-29 -0.19462372E-29
  0.26065455E+14  0.15674365E-29 -0.18981145E-29
  0.26112000E+14  0.15543989E-29 -0.18522395E-29
  0.26158545E+14  0.15408326E-29 -0.18071275E-29
  0.26205091E+14  0.15268257E-29 -0.17646116E-29
  0.26251636E+14  0.15135678E-29 -0.17239772E-29
  0.26298182E+14  0.15002230E-29 -0.16844034E-29
  0.26344727E+14  0.14869911E-29 -0.16468443E-29
  0.26391273E+14  0.14738232E-29 -0.16101792E-29
  0.26437818E+14  0.14604133E-29 -0.15756869E-29
  0.26484364E+14  0.14479919E-29 -0.15422701E-29
  0.26530909E+14  0.14348989E-29 -0.15101177E-29
  0.26577455E+14  0.14224440E-29 -0.14799035E-29
  0.26624000E+14  0.14106919E-29 -0.14502397E-29
  0.26670545E+14  0.13982155E-29 -0.14215534E-29
  0.26717091E+14  0.13861137E-29 -0.13951499E-29
  0.26763636E+14  0.13753499E-29 -0.13692502E-29
  0.26810182E+14  0.13637567E-29 -0.13439458E-29
  0.26856727E+14  0.13525427E-29 -0.13208206E-29
  0.26903273E+14  0.13427941E-29 -0.12980879E-29
  0.26949818E+14  0.13323479E-29 -0.12756025E-29
  0.26996364E+14  0.13219010E-29 -0.12552461E-29
  0.27042909E+14  0.13130445E-29 -0.12356426E-29
  0.27089455E+14  0.13040228E-29 -0.12159792E-29
  0.27136000E+14  0.12948431E-29 -0.11978609E-29
  0.27182545E+14  0.12869544E-29 -0.11808222E-29
  0.27229091E+14  0.12794977E-29 -0.11636238E-29
  0.27275636E+14  0.12715519E-29 -0.11473306E-29
  0.27322182E+14  0.12645784E-29 -0.11325079E-29
  0.27368727E+14  0.12585722E-29 -0.11177076E-29
  0.27415273E+14  0.12523725E-29 -0.11032728E-29
  0.27461818E+14  0.12466457E-29 -0.10898936E-29
  0.27508364E+14  0.12418308E-29 -0.10770230E-29
  0.27554909E+14  0.12374331E-29 -0.10643408E-29
  0.27601455E+14  0.12331800E-29 -0.10520796E-29
  0.27648000E+14  0.12293848E-29 -0.10406600E-29
  0.27694545E+14  0.12266185E-29 -0.10297358E-29
  0.27741091E+14  0.12243477E-29 -0.10185706E-29
  0.27787636E+14  0.12218641E-29 -0.10078832E-29
  0.27834182E+14  0.12203678E-29 -0.99821208E-30
  0.27880727E+14  0.12199123E-29 -0.98815509E-30
  0.27927273E+14  0.12191072E-29 -0.97804881E-30
  0.27973818E+14  0.12188613E-29 -0.96901336E-30
  0.28020364E+14  0.12198924E-29 -0.95994686E-30
  0.28066909E+14  0.12210214E-29 -0.95051724E-30
  0.28113455E+14  0.12224720E-29 -0.94156466E-30
  0.28160000E+14  0.12246554E-29 -0.93277723E-30
  0.28206545E+14  0.12273127E-29 -0.92409424E-30
  0.28253091E+14  0.12307734E-29 -0.91522187E-30
  0.28299636E+14  0.12341734E-29 -0.90619324E-30
  0.28346182E+14  0.12381726E-29 -0.89790107E-30
  0.28392727E+14  0.12434398E-29 -0.88904769E-30
  0.28439273E+14  0.12484225E-29 -0.87975514E-30
  0.28485818E+14  0.12539066E-29 -0.87101440E-30
  0.28532364E+14  0.12602601E-29 -0.86190372E-30
  0.28578909E+14  0.12668820E-29 -0.85259430E-30
  0.28625455E+14  0.12740964E-29 -0.84306308E-30
  0.28672000E+14  0.12814283E-29 -0.83324966E-30
  0.28718545E+14  0.12894330E-29 -0.82370968E-30
  0.28765091E+14  0.12983721E-29 -0.81329502E-30
  0.28811636E+14  0.13067760E-29 -0.80251331E-30
  0.28858182E+14  0.13161416E-29 -0.79206284E-30
  0.28904727E+14  0.13259496E-29 -0.78067670E-30
  0.28951273E+14  0.13358980E-29 -0.76928943E-30
  0.28997818E+14  0.13465277E-29 -0.75708070E-30
  0.29044364E+14  0.13569285E-29 -0.74484994E-30
  0.29090909E+14  0.13685348E-29 -0.73217551E-30
  0.29137455E+14  0.13798646E-29 -0.71845841E-30
  0.29184000E+14  0.13914938E-29 -0.70477343E-30
  0.29230545E+14  0.14035881E-29 -0.69037200E-30
  0.29277091E+14  0.14158469E-29 -0.67560152E-30
  0.29323636E+14  0.14287182E-29 -0.65985264E-30
  0.29370182E+14  0.14410478E-29 -0.64373152E-30
  0.29416727E+14  0.14544661E-29 -0.62725539E-30
  0.29463273E+14  0.14674325E-29 -0.60946029E-30
  0.29509818E+14  0.14810111E-29 -0.59156057E-30
  0.29556364E+14  0.14941325E-29 -0.57234801E-30
  0.29602909E+14  0.15078267E-29 -0.55336378E-30
  0.29649455E+14  0.15217171E-29 -0.53251304E-30
  0.29696000E+14  0.15351509E-29 -0.51170594E-30
  0.29742545E+14  0.15490052E-29 -0.48955772E-30
  0.29789091E+14  0.15627530E-29 -0.46709931E-30
  0.29835636E+14  0.15765519E-29 -0.44298453E-30
  0.29882182E+14  0.15898677E-29 -0.41878690E-30
  0.29928727E+14  0.16035240E-29 -0.39317676E-30
  0.29975273E+14  0.16169147E-29 -0.36711851E-30
  0.30021818E+14  0.16302162E-29 -0.33929189E-30
  0.30068364E+14  0.16428993E-29 -0.31140003E-30
  0.30114909E+14  0.16559252E-29 -0.28182615E-30
  0.30161455E+14  0.16683258E-29 -0.25145523E-30
  0.30208000E+14  0.16800682E-29 -0.21987979E-30
  0.30254545E+14  0.16921181E-29 -0.18751584E-30
  0.30301091E+14  0.17030960E-29 -0.15379722E-30
  0.30347636E+14  0.17139960E-29 -0.11870803E-30
  0.30394182E+14  0.17240168E-29 -0.83100755E-31
  0.30440727E+14  0.17337257E-29 -0.45502273E-31
  0.30487273E+14  0.17428500E-29 -0.69344668E-32
  0.30533818E+14  0.17505292E-29  0.32551405E-31
  0.30580364E+14  0.17581581E-29  0.73948975E-31
  0.30626909E+14  0.17648348E-29  0.11623372E-30
  0.30673455E+14  0.17699968E-29  0.16014539E-30
  0.30720000E+14  0.17747894E-29  0.20546838E-30
  0.30766545E+14  0.17783217E-29  0.25244026E-30
  0.30813091E+14  0.17799445E-29  0.30031568E-30
  0.30859636E+14  0.17812090E-29  0.35056534E-30
  0.30906182E+14  0.17811439E-29  0.40198224E-30
  0.30952727E+14  0.17782915E-29  0.45517580E-30
  0.30999273E+14  0.17745265E-29  0.51046494E-30
  0.31045818E+14  0.17684904E-29  0.56769377E-30
  0.31092364E+14  0.17625635E-29  0.62631492E-30
  0.31138909E+14  0.17521495E-29  0.68761996E-30
  0.31185455E+14  0.17395105E-29  0.75073330E-30
  0.31232000E+14  0.17243323E-29  0.81658068E-30
  0.31278545E+14  0.17059050E-29  0.88530088E-30
  0.31325091E+14  0.16852959E-29  0.95653187E-30
  0.31371636E+14  0.16603299E-29  0.10309097E-29
  0.31418182E+14  0.16317624E-29  0.11091344E-29
  0.31464727E+14  0.15990316E-29  0.11921491E-29
  0.31511273E+14  0.15616725E-29  0.12807376E-29
  0.31557818E+14  0.15195026E-29  0.13758505E-29
  0.31604364E+14  0.14672529E-29  0.14790999E-29
  0.31650909E+14  0.14107486E-29  0.15997370E-29
  0.31697455E+14  0.13421102E-29  0.17399294E-29
  0.31744000E+14  0.12824750E-29  0.19304298E-29
  0.31790545E+14  0.13324397E-29  0.27213304E-29
  0.31837091E+14 -0.19029936E-30  0.22959943E-29
  0.31883636E+14 -0.26030520E-30  0.16740053E-29
  0.31930182E+14 -0.11721504E-30  0.13008856E-29
  0.31976727E+14  0.00000000E+00  0.12585667E-29
  0.32023273E+14  0.00000000E+00  0.11858926E-29
  0.32069818E+14  0.00000000E+00  0.11148298E-29
  0.32116364E+14  0.00000000E+00  0.10516048E-29
  0.32162909E+14  0.00000000E+00  0.99573425E-30
  0.32209455E+14  0.00000000E+00  0.94607936E-30
  0.32256000E+14  0.00000000E+00  0.90160248E-30
  0.32302545E+14  0.00000000E+00  0.86145904E-30
  0.32349091E+14  0.00000000E+00  0.82497646E-30
  0.32395636E+14  0.00000000E+00  0.79161828E-30
  0.32442182E+14  0.00000000E+00  0.76095287E-30
  0.32488727E+14  0.00000000E+00  0.73262921E-30
  0.32535273E+14  0.00000000E+00  0.70635868E-30
  0.32581818E+14  0.00000000E+00  0.68190145E-30
  0.32628364E+14  0.00000000E+00  0.65905626E-30
  0.32674909E+14  0.00000000E+00  0.63765276E-30
  0.32721455E+14  0.00000000E+00  0.61754548E-30
  0.32768000E+14  0.00000000E+00  0.59860933E-30
  0.32814545E+14  0.00000000E+00  0.58073598E-30
  0.32861091E+14  0.00000000E+00  0.56383101E-30
  0.32907636E+14  0.00000000E+00  0.54781166E-30
  0.32954182E+14  0.00000000E+00  0.53260499E-30
  0.33000727E+14  0.00000000E+00  0.51814644E-30
  0.33047273E+14  0.00000000E+00  0.50437853E-30
  0.33093818E+14  0.00000000E+00  0.49124995E-30
  0.33140364E+14  0.00000000E+00  0.47871466E-30
  0.33186909E+14  0.00000000E+00  0.46673123E-30
  0.33233455E+14  0.00000000E+00  0.45526222E-30
  0.33280000E+14  0.00000000E+00  0.44427374E-30
  0.33326545E+14  0.00000000E+00  0.43373497E-30
  0.33373091E+14  0.00000000E+00  0.42361782E-30
  0.33419636E+14  0.00000000E+00  0.41389663E-30
  0.33466182E+14  0.00000000E+00  0.40454790E-30
  0.33512727E+14  0.00000000E+00  0.39555005E-30
  0.33559273E+14  0.00000000E+00  0.38688321E-30
  0.33605818E+14  0.00000000E+00  0.37852908E-30
  0.33652364E+14  0.00000000E+00  0.37047073E-30
  0.33698909E+14  0.00000000E+00  0.36269250E-30
  0.33745455E+14  0.00000000E+00  0.35517987E-30
  0.33792000E+14  0.00000000E+00  0.34791933E-30
  0.33838545E+14  0.00000000E+00  0.34089835E-30
  0.33885091E+14  0.00000000E+00  0.33410520E-30
  0.33931636E+14  0.00000000E+00  0.32752899E-30
  0.33978182E+14  0.00000000E+00  0.32115949E-30
  0.34024727E+14  0.00000000E+00  0.31498716E-30
  0.34071273E+14  0.00000000E+00  0.30900304E-30
  0.34117818E+14  0.00000000E+00  0.30319874E-30
  0.34164364E+14  0.00000000E+00  0.29756636E-30
  0.34210909E+14  0.00000000E+00  0.29209850E-30
  0.34257455E+14  0.00000000E+00  0.28678815E-30
  0.34304000E+14  0.00000000E+00  0.28162874E-30
  0.34350545E+14  0.00000000E+00  0.27661404E-30
  0.34397091E+14  0.00000000E+00  0.27173821E-30
  0.34443636E+14  0.00000000E+00  0.26699569E-30
  0.34490182E+14  0.00000000E+00  0.26238122E-30
  0.34536727E+14  0.00000000E+00  0.25788985E-30
  0.34583273E+14  0.00000000E+00  0.25351686E-30
  0.34629818E+14  0.00000000E+00  0.24925779E-30
  0.34676364E+14  0.00000000E+00  0.24510838E-30
  0.34722909E+14  0.00000000E+00  0.24106462E-30
  0.34769455E+14  0.00000000E+00  0.23712267E-30
  0.34816000E+14  0.00000000E+00  0.23327889E-30
  0.34862545E+14  0.00000000E+00  0.22952980E-30
  0.34909091E+14  0.00000000E+00  0.22587210E-30
  0.34955636E+14  0.00000000E+00  0.22230263E-30
  0.35002182E+14  0.00000000E+00  0.21881839E-30
  0.35048727E+14  0.00000000E+00  0.21541650E-30
  0.35095273E+14  0.00000000E+00  0.21209423E-30
  0.35141818E+14  0.00000000E+00  0.20884894E-30
  0.35188364E+14  0.00000000E+00  0.20567814E-30
  0.35234909E+14  0.00000000E+00  0.20257942E-30
  0.35281455E+14  0.00000000E+00  0.19955050E-30
  0.35328000E+14  0.00000000E+00  0.19658916E-30
  0.35374545E+14  0.00000000E+00  0.19369330E-30
  0.35421091E+14  0.00000000E+00  0.19086091E-30
  0.35467636E+14  0.00000000E+00  0.18809004E-30
  0.35514182E+14  0.00000000E+00  0.18537883E-30
  0.35560727E+14  0.00000000E+00  0.18272550E-30
  0.35607273E+14  0.00000000E+00  0.18012833E-30
  0.35653818E+14  0.00000000E+00  0.17758568E-30
  0.35700364E+14  0.00000000E+00  0.17509595E-30
  0.35746909E+14  0.00000000E+00  0.17265763E-30
  0.35793455E+14  0.00000000E+00  0.17026924E-30
  0.35840000E+14  0.00000000E+00  0.16792937E-30
  0.35886545E+14  0.00000000E+00  0.16563668E-30
  0.35933091E+14  0.00000000E+00  0.16338983E-30
  0.35979636E+14  0.00000000E+00  0.16118758E-30
  0.36026182E+14  0.00000000E+00  0.15902871E-30
  0.36072727E+14  0.00000000E+00  0.15691204E-30
  0.36119273E+14  0.00000000E+00  0.15483644E-30
  0.36165818E+14  0.00000000E+00  0.15280083E-30
  0.36212364E+14  0.00000000E+00  0.15080413E-30
  0.36258909E+14  0.00000000E+00  0.14884535E-30
  0.36305455E+14  0.00000000E+00  0.14692349E-30
  0.36352000E+14  0.00000000E+00  0.14503760E-30
  0.36398545E+14  0.00000000E+00  0.14318677E-30
  0.36445091E+14  0.00000000E+00  0.14137010E-30
  0.36491636E+14  0.00000000E+00  0.13958675E-30
  0.36538182E+14  0.00000000E+00  0.13783587E-30
  0.36584727E+14  0.00000000E+00  0.13611666E-30
  0.36631273E+14  0.00000000E+00  0.13442836E-30
  0.36677818E+14  0.00000000E+00  0.13277019E-30
  0.36724364E+14  0.00000000E+00  0.13114144E-30
  0.36770909E+14  0.00000000E+00  0.12954139E-30
  0.36817455E+14  0.00000000E+00  0.12796937E-30
  0.36864000E+14  0.00000000E+00  0.12642471E-30
  0.36910545E+14  0.00000000E+00  0.12490676E-30
  0.36957091E+14  0.00000000E+00  0.12341490E-30
  0.37003636E+14  0.00000000E+00  0.12194852E-30
  0.37050182E+14  0.00000000E+00  0.12050705E-30
  0.37096727E+14  0.00000000E+00  0.11908990E-30
  0.37143273E+14  0.00000000E+00  0.11769654E-30
  0.37189818E+14  0.00000000E+00  0.11632641E-30
  0.37236364E+14  0.00000000E+00  0.11497900E-30
  0.37282909E+14  0.00000000E+00  0.11365380E-30
  0.37329455E+14  0.00000000E+00  0.11235033E-30
  0.37376000E+14  0.00000000E+00  0.11106810E-30
  0.37422545E+14  0.00000000E+00  0.10980665E-30
  0.37469091E+14  0.00000000E+00  0.10856553E-30
  0.37515636E+14  0.00000000E+00  0.10734430E-30
  0.37562182E+14  0.00000000E+00  0.10614253E-30
  0.37608727E+14  0.00000000E+00  0.10495981E-30
  0.37655273E+14  0.00000000E+00  0.10379574E-30
  0.37701818E+14  0.00000000E+00  0.10264992E-30
  0.37748364E+14  0.00000000E+00  0.10152197E-30
  0.37794909E+14  0.00000000E+00  0.10041152E-30
  0.37841455E+14  0.00000000E+00  0.99318204E-31
  0.37888000E+14  0.00000000E+00  0.98241677E-31
  0.37934545E+14  0.00000000E+00  0.97181592E-31
  0.37981091E+14  0.00000000E+00  0.96137615E-31
  0.38027636E+14  0.00000000E+00  0.95109420E-31
  0.38074182E+14  0.00000000E+00  0.94096691E-31
  0.38120727E+14  0.00000000E+00  0.93099119E-31
  0.38167273E+14  0.00000000E+00  0.92116402E-31
  0.38213818E+14  0.00000000E+00  0.91148246E-31
  0.38260364E+14  0.00000000E+00  0.90194367E-31
  0.38306909E+14  0.00000000E+00  0.89254484E-31
  0.38353455E+14  0.00000000E+00  0.88328326E-31
  0.38400000E+14  0.00000000E+00  0.87415627E-31
  0.38446545E+14  0.00000000E+00  0.86516129E-31
  0.38493091E+14  0.00000000E+00  0.85629578E-31
  0.38539636E+14  0.00000000E+00  0.84755730E-31
  0.38586182E+14  0.00000000E+00  0.83894342E-31
  0.38632727E+14  0.00000000E+00  0.83045181E-31
  0.38679273E+14  0.00000000E+00  0.82208018E-31
  0.38725818E+14  0.00000000E+00  0.81382628E-31
  0.38772364E+14  0.00000000E+00  0.80568793E-31
  0.38818909E+14  0.00000000E+00  0.79766301E-31
  0.38865455E+14  0.00000000E+00  0.78974943E-31
  0.38912000E+14  0.00000000E+00  0.78194515E-31
  0.38958545E+14  0.00000000E+00  0.77424819E-31
  0.39005091E+14  0.00000000E+00  0.76665660E-31
  0.39051636E+14  0.00000000E+00  0.75916850E-31
  0.39098182E+14  0.00000000E+00  0.75178201E-31
  0.39144727E+14  0.00000000E+00  0.74449534E-31
  0.39191273E+14  0.00000000E+00  0.73730671E-31
  0.39237818E+14  0.00000000E+00  0.73021439E-31
  0.39284364E+14  0.00000000E+00  0.72321669E-31
  0.39330909E+14  0.00000000E+00  0.71631194E-31
  0.39377455E+14  0.00000000E+00  0.70949854E-31
  0.39424000E+14  0.00000000E+00  0.70277489E-31
  0.39470545E+14  0.00000000E+00  0.69613945E-31
  0.39517091E+14  0.00000000E+00  0.68959070E-31
  0.39563636E+14  0.00000000E+00  0.68312716E-31
  0.39610182E+14  0.00000000E+00  0.67674738E-31
  0.39656727E+14  0.00000000E+00  0.67044993E-31
  0.39703273E+14  0.00000000E+00  0.66423344E-31
  0.39749818E+14  0.00000000E+00  0.65809654E-31
  0.39796364E+14  0.00000000E+00  0.65203789E-31
  0.39842909E+14  0.00000000E+00  0.64605620E-31
  0.39889455E+14  0.00000000E+00  0.64015018E-31
  0.39936000E+14  0.00000000E+00  0.63431859E-31
  0.39982545E+14  0.00000000E+00  0.62856021E-31
  0.40029091E+14  0.00000000E+00  0.62287383E-31
  0.40075636E+14  0.00000000E+00  0.61725829E-31
  0.40122182E+14  0.00000000E+00  0.61171242E-31
  0.40168727E+14  0.00000000E+00  0.60623512E-31
  0.40215273E+14  0.00000000E+00  0.60082526E-31
  0.40261818E+14  0.00000000E+00  0.59548177E-31
  0.40308364E+14  0.00000000E+00  0.59020360E-31
  0.40354909E+14  0.00000000E+00  0.58498969E-31
  0.40401455E+14  0.00000000E+00  0.57983904E-31
  0.40448000E+14  0.00000000E+00  0.57475065E-31
  0.40494545E+14  0.00000000E+00  0.56972353E-31
  0.40541091E+14  0.00000000E+00  0.56475673E-31
  0.40587636E+14  0.00000000E+00  0.55984931E-31
  0.40634182E+14  0.00000000E+00  0.55500035E-31
  0.40680727E+14  0.00000000E+00  0.55020894E-31
  0.40727273E+14  0.00000000E+00  0.54547420E-31
  0.40773818E+14  0.00000000E+00  0.54079525E-31
  0.40820364E+14  0.00000000E+00  0.53617125E-31
  0.40866909E+14  0.00000000E+00  0.53160135E-31
  0.40913455E+14  0.00000000E+00  0.52708474E-31
  0.40960000E+14  0.00000000E+00  0.52262061E-31
  0.41006545E+14  0.00000000E+00  0.51820818E-31
  0.41053091E+14  0.00000000E+00  0.51384665E-31
  0.41099636E+14  0.00000000E+00  0.50953529E-31
  0.41146182E+14  0.00000000E+00  0.50527333E-31
  0.41192727E+14  0.00000000E+00  0.50106005E-31
  0.41239273E+14  0.00000000E+00  0.49689473E-31
  0.41285818E+14  0.00000000E+00  0.49277666E-31
  0.41332364E+14  0.00000000E+00  0.48870515E-31
  0.41378909E+14  0.00000000E+00  0.48467951E-31
  0.41425455E+14  0.00000000E+00  0.48069908E-31
  0.41472000E+14  0.00000000E+00  0.47676321E-31
  0.41518545E+14  0.00000000E+00  0.47287125E-31
  0.41565091E+14  0.00000000E+00  0.46902256E-31
  0.41611636E+14  0.00000000E+00  0.46521653E-31
  0.41658182E+14  0.00000000E+00  0.46145255E-31
  0.41704727E+14  0.00000000E+00  0.45773001E-31
  0.41751273E+14  0.00000000E+00  0.45404833E-31
  0.41797818E+14  0.00000000E+00  0.45040693E-31
  0.41844364E+14  0.00000000E+00  0.44680524E-31
  0.41890909E+14  0.00000000E+00  0.44324271E-31
  0.41937455E+14  0.00000000E+00  0.43971878E-31
  0.41984000E+14  0.00000000E+00  0.43623291E-31
  0.42030545E+14  0.00000000E+00  0.43278458E-31
  0.42077091E+14  0.00000000E+00  0.42937327E-31
  0.42123636E+14  0.00000000E+00  0.42599846E-31
  0.42170182E+14  0.00000000E+00  0.42265965E-31
  0.42216727E+14  0.00000000E+00  0.41935635E-31
  0.42263273E+14  0.00000000E+00  0.41608807E-31
  0.42309818E+14  0.00000000E+00  0.41285434E-31
  0.42356364E+14  0.00000000E+00  0.40965468E-31
  0.42402909E+14  0.00000000E+00  0.40648863E-31
  0.42449455E+14  0.00000000E+00  0.40335574E-31
  0.42496000E+14  0.00000000E+00  0.40025557E-31
  0.42542545E+14  0.00000000E+00  0.39718767E-31
  0.42589091E+14  0.00000000E+00  0.39415161E-31
  0.42635636E+14  0.00000000E+00  0.39114697E-31
  0.42682182E+14  0.00000000E+00  0.38817333E-31
  0.42728727E+14  0.00000000E+00  0.38523028E-31
  0.42775273E+14  0.00000000E+00  0.38231742E-31
  0.42821818E+14  0.00000000E+00  0.37943434E-31
  0.42868364E+14  0.00000000E+00  0.37658067E-31
  0.42914909E+14  0.00000000E+00  0.37375600E-31
  0.42961455E+14  0.00000000E+00  0.37095998E-31
  0.43008000E+14  0.00000000E+00  0.36819221E-31
  0.43054545E+14  0.00000000E+00  0.36545235E-31
  0.43101091E+14  0.00000000E+00  0.36274002E-31
  0.43147636E+14  0.00000000E+00  0.36005487E-31
  0.43194182E+14  0.00000000E+00  0.35739656E-31
  0.43240727E+14  0.00000000E+00  0.35476473E-31
  0.43287273E+14  0.00000000E+00  0.35215906E-31
  0.43333818E+14  0.00000000E+00  0.34957921E-31
  0.43380364E+14  0.00000000E+00  0.34702485E-31
  0.43426909E+14  0.00000000E+00  0.34449566E-31
  0.43473455E+14  0.00000000E+00  0.34199132E-31
  0.43520000E+14  0.00000000E+00  0.33951152E-31
  0.43566545E+14  0.00000000E+00  0.33705595E-31
  0.43613091E+14  0.00000000E+00  0.33462432E-31
  0.43659636E+14  0.00000000E+00  0.33221631E-31
  0.43706182E+14  0.00000000E+00  0.32983164E-31
  0.43752727E+14  0.00000000E+00  0.32747002E-31
  0.43799273E+14  0.00000000E+00  0.32513117E-31
  0.43845818E+14  0.00000000E+00  0.32281480E-31
  0.43892364E+14  0.00000000E+00  0.32052063E-31
  0.43938909E+14  0.00000000E+00  0.31824840E-31
  0.43985455E+14  0.00000000E+00  0.31599784E-31
  0.44032000E+14  0.00000000E+00  0.31376869E-31
  0.44078545E+14  0.00000000E+00  0.31156068E-31
  0.44125091E+14  0.00000000E+00  0.30937355E-31
  0.44171636E+14  0.00000000E+00  0.30720707E-31
  0.44218182E+14  0.00000000E+00  0.30506097E-31
  0.44264727E+14  0.00000000E+00  0.30293501E-31
  0.44311273E+14  0.00000000E+00  0.30082896E-31
  0.44357818E+14  0.00000000E+00  0.29874257E-31
  0.44404364E+14  0.00000000E+00  0.29667561E-31
  0.44450909E+14  0.00000000E+00  0.29462785E-31
  0.44497455E+14  0.00000000E+00  0.29259907E-31
  0.44544000E+14  0.00000000E+00  0.29058903E-31
  0.44590545E+14  0.00000000E+00  0.28859752E-31
  0.44637091E+14  0.00000000E+00  0.28662432E-31
  0.44683636E+14  0.00000000E+00  0.28466922E-31
  0.44730182E+14  0.00000000E+00  0.28273200E-31
  0.44776727E+14  0.00000000E+00  0.28081245E-31
  0.44823273E+14  0.00000000E+00  0.27891038E-31
  0.44869818E+14  0.00000000E+00  0.27702558E-31
  0.44916364E+14  0.00000000E+00  0.27515784E-31
  0.44962909E+14  0.00000000E+00  0.27330698E-31
  0.45009455E+14  0.00000000E+00  0.27147279E-31
  0.45056000E+14  0.00000000E+00  0.26965509E-31
  0.45102545E+14  0.00000000E+00  0.26785369E-31
  0.45149091E+14  0.00000000E+00  0.26606841E-31
  0.45195636E+14  0.00000000E+00  0.26429905E-31
  0.45242182E+14  0.00000000E+00  0.26254544E-31
  0.45288727E+14  0.00000000E+00  0.26080741E-31
  0.45335273E+14  0.00000000E+00  0.25908476E-31
  0.45381818E+14  0.00000000E+00  0.25737734E-31
  0.45428364E+14  0.00000000E+00  0.25568497E-31
  0.45474909E+14  0.00000000E+00  0.25400749E-31
  0.45521455E+14  0.00000000E+00  0.25234472E-31
  0.45568000E+14  0.00000000E+00  0.25069650E-31
  0.45614545E+14  0.00000000E+00  0.24906267E-31
  0.45661091E+14  0.00000000E+00  0.24744307E-31
  0.45707636E+14  0.00000000E+00  0.24583754E-31
  0.45754182E+14  0.00000000E+00  0.24424594E-31
  0.45800727E+14  0.00000000E+00  0.24266810E-31
  0.45847273E+14  0.00000000E+00  0.24110387E-31
  0.45893818E+14  0.00000000E+00  0.23955311E-31
  0.45940364E+14  0.00000000E+00  0.23801566E-31
  0.45986909E+14  0.00000000E+00  0.23649139E-31
  0.46033455E+14  0.00000000E+00  0.23498015E-31
  0.46080000E+14  0.00000000E+00  0.23348180E-31
  0.46126545E+14  0.00000000E+00  0.23199620E-31
  0.46173091E+14  0.00000000E+00  0.23052320E-31
  0.46219636E+14  0.00000000E+00  0.22906269E-31
  0.46266182E+14  0.00000000E+00  0.22761451E-31
  0.46312727E+14  0.00000000E+00  0.22617855E-31
  0.46359273E+14  0.00000000E+00  0.22475467E-31
  0.46405818E+14  0.00000000E+00  0.22334273E-31
  0.46452364E+14  0.00000000E+00  0.22194262E-31
  0.46498909E+14  0.00000000E+00  0.22055421E-31
  0.46545455E+14  0.00000000E+00  0.21917737E-31
  0.46592000E+14  0.00000000E+00  0.21781199E-31
  0.46638545E+14  0.00000000E+00  0.21645793E-31
  0.46685091E+14  0.00000000E+00  0.21511509E-31
  0.46731636E+14  0.00000000E+00  0.21378335E-31
  0.46778182E+14  0.00000000E+00  0.21246258E-31
  0.46824727E+14  0.00000000E+00  0.21115268E-31
  0.46871273E+14  0.00000000E+00  0.20985352E-31
  0.46917818E+14  0.00000000E+00  0.20856501E-31
  0.46964364E+14  0.00000000E+00  0.20728703E-31
  0.47010909E+14  0.00000000E+00  0.20601947E-31
  0.47057455E+14  0.00000000E+00  0.20476222E-31
  0.47104000E+14  0.00000000E+00  0.20351518E-31
  0.47150545E+14  0.00000000E+00  0.20227824E-31
  0.47197091E+14  0.00000000E+00  0.20105130E-31
  0.47243636E+14  0.00000000E+00  0.19983426E-31
  0.47290182E+14  0.00000000E+00  0.19862702E-31
  0.47336727E+14  0.00000000E+00  0.19742946E-31
  0.47383273E+14  0.00000000E+00  0.19624151E-31
  0.47429818E+14  0.00000000E+00  0.19506306E-31
  0.47476364E+14  0.00000000E+00  0.19389401E-31
  0.47522909E+14  0.00000000E+00  0.19273427E-31
  0.47569455E+14  0.00000000E+00  0.19158375E-31
  0.47616000E+14  0.00000000E+00  0.19044235E-31
  0.47662545E+14  0.00000000E+00  0.18930999E-31
  0.47709091E+14  0.00000000E+00  0.18818656E-31
  0.47755636E+14  0.00000000E+00  0.18707199E-31
  0.47802182E+14  0.00000000E+00  0.18596618E-31
  0.47848727E+14  0.00000000E+00  0.18486905E-31
  0.47895273E+14  0.00000000E+00  0.18378052E-31
  0.47941818E+14  0.00000000E+00  0.18270049E-31
  0.47988364E+14  0.00000000E+00  0.18162888E-31
  0.48034909E+14  0.00000000E+00  0.18056561E-31
  0.48081455E+14  0.00000000E+00  0.17951060E-31
  0.48128000E+14  0.00000000E+00  0.17846377E-31
  0.48174545E+14  0.00000000E+00  0.17742504E-31
  0.48221091E+14  0.00000000E+00  0.17639432E-31
  0.48267636E+14  0.00000000E+00  0.17537155E-31
  0.48314182E+14  0.00000000E+00  0.17435663E-31
  0.48360727E+14  0.00000000E+00  0.17334951E-31
  0.48407273E+14  0.00000000E+00  0.17235009E-31
  0.48453818E+14  0.00000000E+00  0.17135832E-31
  0.48500364E+14  0.00000000E+00  0.17037410E-31
  0.48546909E+14  0.00000000E+00  0.16939738E-31
  0.48593455E+14  0.00000000E+00  0.16842808E-31
  0.48640000E+14  0.00000000E+00  0.16746612E-31
  0.48686545E+14  0.00000000E+00  0.16651145E-31
  0.48733091E+14  0.00000000E+00  0.16556398E-31
  0.48779636E+14  0.00000000E+00  0.16462365E-31
  0.48826182E+14  0.00000000E+00  0.16369039E-31
  0.48872727E+14  0.00000000E+00  0.16276414E-31
  0.48919273E+14  0.00000000E+00  0.16184483E-31
  0.48965818E+14  0.00000000E+00  0.16093239E-31
  0.49012364E+14  0.00000000E+00  0.16002676E-31
  0.49058909E+14  0.00000000E+00  0.15912788E-31
  0.49105455E+14  0.00000000E+00  0.15823567E-31
  0.49152000E+14  0.00000000E+00  0.15735009E-31
  0.49198545E+14  0.00000000E+00  0.15647106E-31
  0.49245091E+14  0.00000000E+00  0.15559853E-31
  0.49291636E+14  0.00000000E+00  0.15473244E-31
  0.49338182E+14  0.00000000E+00  0.15387272E-31
  0.49384727E+14  0.00000000E+00  0.15301931E-31
  0.49431273E+14  0.00000000E+00  0.15217217E-31
  0.49477818E+14  0.00000000E+00  0.15133123E-31
  0.49524364E+14  0.00000000E+00  0.15049643E-31
  0.49570909E+14  0.00000000E+00  0.14966772E-31
  0.49617455E+14  0.00000000E+00  0.14884504E-31
  0.49664000E+14  0.00000000E+00  0.14802833E-31
  0.49710545E+14  0.00000000E+00  0.14721755E-31
  0.49757091E+14  0.00000000E+00  0.14641264E-31
  0.49803636E+14  0.00000000E+00  0.14561354E-31
  0.49850182E+14  0.00000000E+00  0.14482020E-31
  0.49896727E+14  0.00000000E+00  0.14403257E-31
  0.49943273E+14  0.00000000E+00  0.14325060E-31
  0.49989818E+14  0.00000000E+00  0.14247423E-31
  0.50036364E+14  0.00000000E+00  0.14170343E-31
  0.50082909E+14  0.00000000E+00  0.14093812E-31
  0.50129455E+14  0.00000000E+00  0.14017828E-31
  0.50176000E+14  0.00000000E+00  0.13942384E-31
  0.50222545E+14  0.00000000E+00  0.13867476E-31
  0.50269091E+14  0.00000000E+00  0.13793099E-31
  0.50315636E+14  0.00000000E+00  0.13719249E-31
  0.50362182E+14  0.00000000E+00  0.13645921E-31
  0.50408727E+14  0.00000000E+00  0.13573109E-31
  0.50455273E+14  0.00000000E+00  0.13500811E-31
  0.50501818E+14  0.00000000E+00  0.13429020E-31
  0.50548364E+14  0.00000000E+00  0.13357733E-31
  0.50594909E+14  0.00000000E+00  0.13286945E-31
  0.50641455E+14  0.00000000E+00  0.13216651E-31
  0.50688000E+14  0.00000000E+00  0.13146848E-31
  0.50734545E+14  0.00000000E+00  0.13077531E-31
  0.50781091E+14  0.00000000E+00  0.13008696E-31
  0.50827636E+14  0.00000000E+00  0.12940339E-31
  0.50874182E+14  0.00000000E+00  0.12872455E-31
  0.50920727E+14  0.00000000E+00  0.12805040E-31
  0.50967273E+14  0.00000000E+00  0.12738091E-31
  0.51013818E+14  0.00000000E+00  0.12671603E-31
  0.51060364E+14  0.00000000E+00  0.12605572E-31
  0.51106909E+14  0.00000000E+00  0.12539995E-31
  0.51153455E+14  0.00000000E+00  0.12474867E-31
  0.51200000E+14  0.00000000E+00  0.12410184E-31
  0.51246545E+14  0.00000000E+00  0.12345944E-31
  0.51293091E+14  0.00000000E+00  0.12282141E-31
  0.51339636E+14  0.00000000E+00  0.12218772E-31
  0.51386182E+14  0.00000000E+00  0.12155834E-31
  0.51432727E+14  0.00000000E+00  0.12093323E-31
  0.51479273E+14  0.00000000E+00  0.12031235E-31
  0.51525818E+14  0.00000000E+00  0.11969567E-31
  0.51572364E+14  0.00000000E+00  0.11908315E-31
  0.51618909E+14  0.00000000E+00  0.11847475E-31
  0.51665455E+14  0.00000000E+00  0.11787045E-31
  0.51712000E+14  0.00000000E+00  0.11727020E-31
  0.51758545E+14  0.00000000E+00  0.11667397E-31
  0.51805091E+14  0.00000000E+00  0.11608173E-31
  0.51851636E+14  0.00000000E+00  0.11549345E-31
  0.51898182E+14  0.00000000E+00  0.11490909E-31
  0.51944727E+14  0.00000000E+00  0.11432861E-31
  0.51991273E+14  0.00000000E+00  0.11375200E-31
  0.52037818E+14  0.00000000E+00  0.11317921E-31
  0.52084364E+14  0.00000000E+00  0.11261021E-31
  0.52130909E+14  0.00000000E+00  0.11204497E-31
  0.52177455E+14  0.00000000E+00  0.11148347E-31
  0.52224000E+14  0.00000000E+00  0.11092566E-31
  0.52270545E+14  0.00000000E+00  0.11037152E-31
  0.52317091E+14  0.00000000E+00  0.10982102E-31
  0.52363636E+14  0.00000000E+00  0.10927413E-31
  0.52410182E+14  0.00000000E+00  0.10873082E-31
  0.52456727E+14  0.00000000E+00  0.10819106E-31
  0.52503273E+14  0.00000000E+00  0.10765482E-31
  0.52549818E+14  0.00000000E+00  0.10712207E-31
  0.52596364E+14  0.00000000E+00  0.10659279E-31
  0.52642909E+14  0.00000000E+00  0.10606694E-31
  0.52689455E+14  0.00000000E+00  0.10554450E-31
  0.52736000E+14  0.00000000E+00  0.10502544E-31
  0.52782545E+14  0.00000000E+00  0.10450973E-31
  0.52829091E+14  0.00000000E+00  0.10399735E-31
  0.52875636E+14  0.00000000E+00  0.10348826E-31
  0.52922182E+14  0.00000000E+00  0.10298245E-31
  0.52968727E+14  0.00000000E+00  0.10247989E-31
  0.53015273E+14  0.00000000E+00  0.10198054E-31
  0.53061818E+14  0.00000000E+00  0.10148439E-31
  0.53108364E+14  0.00000000E+00  0.10099140E-31
  0.53154909E+14  0.00000000E+00  0.10050156E-31
  0.53201455E+14  0.00000000E+00  0.10001484E-31
  0.53248000E+14  0.00000000E+00  0.99531214E-32
  0.53294545E+14  0.00000000E+00  0.99050654E-32
  0.53341091E+14  0.00000000E+00  0.98573139E-32
  0.53387636E+14  0.00000000E+00  0.98098644E-32
  0.53434182E+14  0.00000000E+00  0.97627146E-32
  0.53480727E+14  0.00000000E+00  0.97158620E-32
  0.53527273E+14  0.00000000E+00  0.96693044E-32
  0.53573818E+14  0.00000000E+00  0.96230394E-32
  0.53620364E+14  0.00000000E+00  0.95770647E-32
  0.53666909E+14  0.00000000E+00  0.95313780E-32
  0.53713455E+14  0.00000000E+00  0.94859772E-32
  0.53760000E+14  0.00000000E+00  0.94408599E-32
  0.53806545E+14  0.00000000E+00  0.93960240E-32
  0.53853091E+14  0.00000000E+00  0.93514672E-32
  0.53899636E+14  0.00000000E+00  0.93071874E-32
  0.53946182E+14  0.00000000E+00  0.92631824E-32
  0.53992727E+14  0.00000000E+00  0.92194502E-32
  0.54039273E+14  0.00000000E+00  0.91759885E-32
  0.54085818E+14  0.00000000E+00  0.91327953E-32
  0.54132364E+14  0.00000000E+00  0.90898686E-32
  0.54178909E+14  0.00000000E+00  0.90472063E-32
  0.54225455E+14  0.00000000E+00  0.90048063E-32
  0.54272000E+14  0.00000000E+00  0.89626666E-32
  0.54318545E+14  0.00000000E+00  0.89207853E-32
  0.54365091E+14  0.00000000E+00  0.88791603E-32
  0.54411636E+14  0.00000000E+00  0.88377897E-32
  0.54458182E+14  0.00000000E+00  0.87966716E-32
  0.54504727E+14  0.00000000E+00  0.87558041E-32
  0.54551273E+14  0.00000000E+00  0.87151852E-32
  0.54597818E+14  0.00000000E+00  0.86748130E-32
  0.54644364E+14  0.00000000E+00  0.86346857E-32
  0.54690909E+14  0.00000000E+00  0.85948014E-32
  0.54737455E+14  0.00000000E+00  0.85551583E-32
  0.54784000E+14  0.00000000E+00  0.85157546E-32
  0.54830545E+14  0.00000000E+00  0.84765885E-32
  0.54877091E+14  0.00000000E+00  0.84376581E-32
  0.54923636E+14  0.00000000E+00  0.83989618E-32
  0.54970182E+14  0.00000000E+00  0.83604977E-32
  0.55016727E+14  0.00000000E+00  0.83222641E-32
  0.55063273E+14  0.00000000E+00  0.82842593E-32
  0.55109818E+14  0.00000000E+00  0.82464816E-32
  0.55156364E+14  0.00000000E+00  0.82089293E-32
  0.55202909E+14  0.00000000E+00  0.81716007E-32
  0.55249455E+14  0.00000000E+00  0.81344942E-32
  0.55296000E+14  0.00000000E+00  0.80976080E-32
  0.55342545E+14  0.00000000E+00  0.80609407E-32
  0.55389091E+14  0.00000000E+00  0.80244905E-32
  0.55435636E+14  0.00000000E+00  0.79882559E-32
  0.55482182E+14  0.00000000E+00  0.79522352E-32
  0.55528727E+14  0.00000000E+00  0.79164270E-32
  0.55575273E+14  0.00000000E+00  0.78808295E-32
  0.55621818E+14  0.00000000E+00  0.78454414E-32
  0.55668364E+14  0.00000000E+00  0.78102610E-32
  0.55714909E+14  0.00000000E+00  0.77752868E-32
  0.55761455E+14  0.00000000E+00  0.77405174E-32
  0.55808000E+14  0.00000000E+00  0.77059512E-32
  0.55854545E+14  0.00000000E+00  0.76715868E-32
  0.55901091E+14  0.00000000E+00  0.76374226E-32
  0.55947636E+14  0.00000000E+00  0.76034573E-32
  0.55994182E+14  0.00000000E+00  0.75696893E-32
  0.56040727E+14  0.00000000E+00  0.75361174E-32
  0.56087273E+14  0.00000000E+00  0.75027399E-32
  0.56133818E+14  0.00000000E+00  0.74695557E-32
  0.56180364E+14  0.00000000E+00  0.74365631E-32
  0.56226909E+14  0.00000000E+00  0.74037610E-32
  0.56273455E+14  0.00000000E+00  0.73711478E-32
  0.56320000E+14  0.00000000E+00  0.73387223E-32
  0.56366545E+14  0.00000000E+00  0.73064831E-32
  0.56413091E+14  0.00000000E+00  0.72744288E-32
  0.56459636E+14  0.00000000E+00  0.72425582E-32
  0.56506182E+14  0.00000000E+00  0.72108699E-32
  0.56552727E+14  0.00000000E+00  0.71793627E-32
  0.56599273E+14  0.00000000E+00  0.71480353E-32
  0.56645818E+14  0.00000000E+00  0.71168863E-32
  0.56692364E+14  0.00000000E+00  0.70859145E-32
  0.56738909E+14  0.00000000E+00  0.70551186E-32
  0.56785455E+14  0.00000000E+00  0.70244975E-32
  0.56832000E+14  0.00000000E+00  0.69940499E-32
  0.56878545E+14  0.00000000E+00  0.69637745E-32
  0.56925091E+14  0.00000000E+00  0.69336702E-32
  0.56971636E+14  0.00000000E+00  0.69037357E-32
  0.57018182E+14  0.00000000E+00  0.68739698E-32
  0.57064727E+14  0.00000000E+00  0.68443714E-32
  0.57111273E+14  0.00000000E+00  0.68149393E-32
  0.57157818E+14  0.00000000E+00  0.67856723E-32
  0.57204364E+14  0.00000000E+00  0.67565694E-32
  0.57250909E+14  0.00000000E+00  0.67276292E-32
  0.57297455E+14  0.00000000E+00  0.66988508E-32
  0.57344000E+14  0.00000000E+00  0.66702329E-32
  0.57390545E+14  0.00000000E+00  0.66417745E-32
  0.57437091E+14  0.00000000E+00  0.66134744E-32
  0.57483636E+14  0.00000000E+00  0.65853317E-32
  0.57530182E+14  0.00000000E+00  0.65573450E-32
  0.57576727E+14  0.00000000E+00  0.65295135E-32
  0.57623273E+14  0.00000000E+00  0.65018361E-32
  0.57669818E+14  0.00000000E+00  0.64743116E-32
  0.57716364E+14  0.00000000E+00  0.64469390E-32
  0.57762909E+14  0.00000000E+00  0.64197173E-32
  0.57809455E+14  0.00000000E+00  0.63926454E-32
  0.57856000E+14  0.00000000E+00  0.63657223E-32
  0.57902545E+14  0.00000000E+00  0.63389471E-32
  0.57949091E+14  0.00000000E+00  0.63123186E-32
  0.57995636E+14  0.00000000E+00  0.62858360E-32
  0.58042182E+14  0.00000000E+00  0.62594981E-32
  0.58088727E+14  0.00000000E+00  0.62333041E-32
  0.58135273E+14  0.00000000E+00  0.62072528E-32
  0.58181818E+14  0.00000000E+00  0.61813435E-32
  0.58228364E+14  0.00000000E+00  0.61555751E-32
  0.58274909E+14  0.00000000E+00  0.61299466E-32
  0.58321455E+14  0.00000000E+00  0.61044572E-32
  0.58368000E+14  0.00000000E+00  0.60791058E-32
  0.58414545E+14  0.00000000E+00  0.60538916E-32
  0.58461091E+14  0.00000000E+00  0.60288136E-32
  0.58507636E+14  0.00000000E+00  0.60038709E-32
  0.58554182E+14  0.00000000E+00  0.59790626E-32
  0.58600727E+14  0.00000000E+00  0.59543878E-32
  0.58647273E+14  0.00000000E+00  0.59298457E-32
  0.58693818E+14  0.00000000E+00  0.59054353E-32
  0.58740364E+14  0.00000000E+00  0.58811557E-32
  0.58786909E+14  0.00000000E+00  0.58570061E-32
  0.58833455E+14  0.00000000E+00  0.58329856E-32
  0.58880000E+14  0.00000000E+00  0.58090934E-32
  0.58926545E+14  0.00000000E+00  0.57853286E-32
  0.58973091E+14  0.00000000E+00  0.57616903E-32
  0.59019636E+14  0.00000000E+00  0.57381778E-32
  0.59066182E+14  0.00000000E+00  0.57147901E-32
  0.59112727E+14  0.00000000E+00  0.56915266E-32
  0.59159273E+14  0.00000000E+00  0.56683863E-32
  0.59205818E+14  0.00000000E+00  0.56453684E-32
  0.59252364E+14  0.00000000E+00  0.56224722E-32
  0.59298909E+14  0.00000000E+00  0.55996968E-32
  0.59345455E+14  0.00000000E+00  0.55770415E-32
  0.59392000E+14  0.00000000E+00  0.55545055E-32
  0.59438545E+14  0.00000000E+00  0.55320879E-32
  0.59485091E+14  0.00000000E+00  0.55097880E-32
  0.59531636E+14  0.00000000E+00  0.54876051E-32
  0.59578182E+14  0.00000000E+00  0.54655384E-32
  0.59624727E+14  0.00000000E+00  0.54435871E-32
  0.59671273E+14  0.00000000E+00  0.54217505E-32
  0.59717818E+14  0.00000000E+00  0.54000278E-32
  0.59764364E+14  0.00000000E+00  0.53784183E-32
  0.59810909E+14  0.00000000E+00  0.53569213E-32
  0.59857455E+14  0.00000000E+00  0.53355361E-32
  0.59904000E+14  0.00000000E+00  0.53142618E-32
  0.59950545E+14  0.00000000E+00  0.52930979E-32
  0.59997091E+14  0.00000000E+00  0.52720435E-32
  0.60043636E+14  0.00000000E+00  0.52510981E-32
  0.60090182E+14  0.00000000E+00  0.52302608E-32
  0.60136727E+14  0.00000000E+00  0.52095311E-32
  0.60183273E+14  0.00000000E+00  0.51889081E-32
  0.60229818E+14  0.00000000E+00  0.51683913E-32
  0.60276364E+14  0.00000000E+00  0.51479799E-32
  0.60322909E+14  0.00000000E+00  0.51276734E-32
  0.60369455E+14  0.00000000E+00  0.51074709E-32
  0.60416000E+14  0.00000000E+00  0.50873719E-32
  0.60462545E+14  0.00000000E+00  0.50673756E-32
  0.60509091E+14  0.00000000E+00  0.50474816E-32
  0.60555636E+14  0.00000000E+00  0.50276890E-32
  0.60602182E+14  0.00000000E+00  0.50079973E-32
  0.60648727E+14  0.00000000E+00  0.49884057E-32
  0.60695273E+14  0.00000000E+00  0.49689138E-32
  0.60741818E+14  0.00000000E+00  0.49495208E-32
  0.60788364E+14  0.00000000E+00  0.49302262E-32
  0.60834909E+14  0.00000000E+00  0.49110293E-32
  0.60881455E+14  0.00000000E+00  0.48919295E-32
  0.60928000E+14  0.00000000E+00  0.48729261E-32
  0.60974545E+14  0.00000000E+00  0.48540187E-32
  0.61021091E+14  0.00000000E+00  0.48352066E-32
  0.61067636E+14  0.00000000E+00  0.48164891E-32
  0.61114182E+14  0.00000000E+00  0.47978658E-32
  0.61160727E+14  0.00000000E+00  0.47793359E-32
  0.61207273E+14  0.00000000E+00  0.47608990E-32
  0.61253818E+14  0.00000000E+00  0.47425545E-32
  0.61300364E+14  0.00000000E+00  0.47243017E-32
  0.61346909E+14  0.00000000E+00  0.47061402E-32
  0.61393455E+14  0.00000000E+00  0.46880693E-32
  0.61440000E+14  0.00000000E+00  0.46700885E-32
  0.61486545E+14  0.00000000E+00  0.46521973E-32
  0.61533091E+14  0.00000000E+00  0.46343950E-32
  0.61579636E+14  0.00000000E+00  0.46166811E-32
  0.61626182E+14  0.00000000E+00  0.45990552E-32
  0.61672727E+14  0.00000000E+00  0.45815166E-32
  0.61719273E+14  0.00000000E+00  0.45640648E-32
  0.61765818E+14  0.00000000E+00  0.45466993E-32
  0.61812364E+14  0.00000000E+00  0.45294195E-32
  0.61858909E+14  0.00000000E+00  0.45122250E-32
  0.61905455E+14  0.00000000E+00  0.44951152E-32
  0.61952000E+14  0.00000000E+00  0.44780895E-32
  0.61998545E+14  0.00000000E+00  0.44611476E-32
  0.62045091E+14  0.00000000E+00  0.44442888E-32
  0.62091636E+14  0.00000000E+00  0.44275127E-32
  0.62138182E+14  0.00000000E+00  0.44108187E-32
  0.62184727E+14  0.00000000E+00  0.43942064E-32
  0.62231273E+14  0.00000000E+00  0.43776752E-32
  0.62277818E+14  0.00000000E+00  0.43612248E-32
  0.62324364E+14  0.00000000E+00  0.43448545E-32
  0.62370909E+14  0.00000000E+00  0.43285640E-32
  0.62417455E+14  0.00000000E+00  0.43123526E-32
  0.62464000E+14  0.00000000E+00  0.42962200E-32
  0.62510545E+14  0.00000000E+00  0.42801657E-32
  0.62557091E+14  0.00000000E+00  0.42641892E-32
  0.62603636E+14  0.00000000E+00  0.42482900E-32
  0.62650182E+14  0.00000000E+00  0.42324677E-32
  0.62696727E+14  0.00000000E+00  0.42167218E-32
  0.62743273E+14  0.00000000E+00  0.42010519E-32
  0.62789818E+14  0.00000000E+00  0.41854575E-32
  0.62836364E+14  0.00000000E+00  0.41699381E-32
  0.62882909E+14  0.00000000E+00  0.41544934E-32
  0.62929455E+14  0.00000000E+00  0.41391228E-32
  0.62976000E+14  0.00000000E+00  0.41238259E-32
  0.63022545E+14  0.00000000E+00  0.41086023E-32
  0.63069091E+14  0.00000000E+00  0.40934515E-32
  0.63115636E+14  0.00000000E+00  0.40783732E-32
  0.63162182E+14  0.00000000E+00  0.40633669E-32
  0.63208727E+14  0.00000000E+00  0.40484321E-32
  0.63255273E+14  0.00000000E+00  0.40335685E-32
  0.63301818E+14  0.00000000E+00  0.40187756E-32
  0.63348364E+14  0.00000000E+00  0.40040530E-32
  0.63394909E+14  0.00000000E+00  0.39894003E-32
  0.63441455E+14  0.00000000E+00  0.39748171E-32
  0.63488000E+14  0.00000000E+00  0.39603030E-32
  0.63534545E+14  0.00000000E+00  0.39458575E-32
  0.63581091E+14  0.00000000E+00  0.39314803E-32
  0.63627636E+14  0.00000000E+00  0.39171710E-32
  0.63674182E+14  0.00000000E+00  0.39029291E-32
  0.63720727E+14  0.00000000E+00  0.38887544E-32
  0.63767273E+14  0.00000000E+00  0.38746463E-32
  0.63813818E+14  0.00000000E+00  0.38606045E-32
  0.63860364E+14  0.00000000E+00  0.38466286E-32
  0.63906909E+14  0.00000000E+00  0.38327183E-32
  0.63953455E+14  0.00000000E+00  0.38188731E-32
  0.64000000E+14  0.00000000E+00  0.38050927E-32
