  0.46545455E+11 -0.39733449E-30 -0.14523890E-28
  0.93090909E+11 -0.51245766E-30 -0.14803549E-28
  0.13963636E+12 -0.71423607E-30 -0.15124165E-28
  0.18618182E+12 -0.65343731E-30 -0.15776443E-28
  0.23272727E+12  0.89692529E-31 -0.16114397E-28
  0.27927273E+12  0.67247856E-30 -0.15695811E-28
  0.32581818E+12  0.66466282E-30 -0.15212210E-28
  0.37236364E+12  0.37947610E-30 -0.14982223E-28
  0.41890909E+12  0.15918683E-31 -0.15159288E-28
  0.46545455E+12  0.77429790E-31 -0.15557226E-28
  0.51200000E+12  0.46645424E-30 -0.15716229E-28
  0.55854545E+12  0.68826565E-30 -0.15460775E-28
  0.60509091E+12  0.58033319E-30 -0.15365557E-28
  0.65163636E+12  0.61850187E-30 -0.15367086E-28
  0.69818182E+12  0.56289618E-30 -0.15428381E-28
  0.74472727E+12  0.61788015E-30 -0.15536789E-28
  0.79127273E+12  0.80018681E-30 -0.15578938E-28
  0.83781818E+12  0.89534256E-30 -0.15494507E-28
  0.88436364E+12  0.88856532E-30 -0.15448468E-28
  0.93090909E+12  0.89563662E-30 -0.15426601E-28
  0.97745455E+12  0.83421289E-30 -0.15490080E-28
  0.10240000E+13  0.89102148E-30 -0.15657631E-28
  0.10705455E+13  0.11090718E-29 -0.15711501E-28
  0.11170909E+13  0.12494514E-29 -0.15583212E-28
  0.11636364E+13  0.12008155E-29 -0.15488257E-28
  0.12101818E+13  0.11072205E-29 -0.15585030E-28
  0.12567273E+13  0.12090872E-29 -0.15706396E-28
  0.13032727E+13  0.13523709E-29 -0.15723802E-28
  0.13498182E+13  0.14125980E-29 -0.15676703E-28
  0.13963636E+13  0.14342828E-29 -0.15672658E-28
  0.14429091E+13  0.14425683E-29 -0.15702002E-28
  0.14894545E+13  0.14820869E-29 -0.15799763E-28
  0.15360000E+13  0.16080543E-29 -0.15834010E-28
  0.15825455E+13  0.16734559E-29 -0.15823814E-28
  0.16290909E+13  0.17370953E-29 -0.15853402E-28
  0.16756364E+13  0.18191645E-29 -0.15830231E-28
  0.17221818E+13  0.17944023E-29 -0.15813689E-28
  0.17687273E+13  0.17965834E-29 -0.15914972E-28
  0.18152727E+13  0.19102675E-29 -0.16027254E-28
  0.18618182E+13  0.20480385E-29 -0.16029993E-28
  0.19083636E+13  0.21253403E-29 -0.15999708E-28
  0.19549091E+13  0.21346546E-29 -0.15986115E-28
  0.20014545E+13  0.21524595E-29 -0.16077046E-28
  0.20480000E+13  0.22593638E-29 -0.16143376E-28
  0.20945455E+13  0.23698905E-29 -0.16135828E-28
  0.21410909E+13  0.23957192E-29 -0.16126405E-28
  0.21876364E+13  0.24148033E-29 -0.16188159E-28
  0.22341818E+13  0.24758488E-29 -0.16280639E-28
  0.22807273E+13  0.26191274E-29 -0.16328749E-28
  0.23272727E+13  0.27110921E-29 -0.16313206E-28
  0.23738182E+13  0.27474503E-29 -0.16332691E-28
  0.24203636E+13  0.28230801E-29 -0.16369375E-28
  0.24669091E+13  0.28740041E-29 -0.16383075E-28
  0.25134545E+13  0.29064255E-29 -0.16462946E-28
  0.25600000E+13  0.30012704E-29 -0.16542518E-28
  0.26065455E+13  0.31295207E-29 -0.16588516E-28
  0.26530909E+13  0.32387106E-29 -0.16589176E-28
  0.26996364E+13  0.32915624E-29 -0.16570789E-28
  0.27461818E+13  0.32892106E-29 -0.16636565E-28
  0.27927273E+13  0.33967194E-29 -0.16751762E-28
  0.28392727E+13  0.35544400E-29 -0.16782155E-28
  0.28858182E+13  0.36349214E-29 -0.16758324E-28
  0.29323636E+13  0.36540937E-29 -0.16781828E-28
  0.29789091E+13  0.37051192E-29 -0.16884175E-28
  0.30254545E+13  0.38360194E-29 -0.16979011E-28
  0.30720000E+13  0.39797950E-29 -0.17003874E-28
  0.31185455E+13  0.40724899E-29 -0.16998979E-28
  0.31650909E+13  0.41416133E-29 -0.17028248E-28
  0.32116364E+13  0.42086043E-29 -0.17067525E-28
  0.32581818E+13  0.42810875E-29 -0.17136374E-28
  0.33047273E+13  0.43692273E-29 -0.17212686E-28
  0.33512727E+13  0.45067277E-29 -0.17292190E-28
  0.33978182E+13  0.46522652E-29 -0.17320283E-28
  0.34443636E+13  0.47542104E-29 -0.17300372E-28
  0.34909091E+13  0.47908549E-29 -0.17337462E-28
  0.35374545E+13  0.48726648E-29 -0.17441561E-28
  0.35840000E+13  0.50245115E-29 -0.17518814E-28
  0.36305455E+13  0.51622322E-29 -0.17530760E-28
  0.36770909E+13  0.52442050E-29 -0.17546504E-28
  0.37236364E+13  0.53129920E-29 -0.17624276E-28
  0.37701818E+13  0.54553594E-29 -0.17714459E-28
  0.38167273E+13  0.56086349E-29 -0.17742751E-28
  0.38632727E+13  0.57169927E-29 -0.17755048E-28
  0.39098182E+13  0.58055412E-29 -0.17811051E-28
  0.39563636E+13  0.59209113E-29 -0.17878367E-28
  0.40029091E+13  0.60590565E-29 -0.17929335E-28
  0.40494545E+13  0.61772414E-29 -0.17973301E-28
  0.40960000E+13  0.62938606E-29 -0.18039536E-28
  0.41425455E+13  0.64473597E-29 -0.18103322E-28
  0.41890909E+13  0.65975981E-29 -0.18125692E-28
  0.42356364E+13  0.67051636E-29 -0.18155702E-28
  0.42821818E+13  0.68200615E-29 -0.18231306E-28
  0.43287273E+13  0.69765971E-29 -0.18291124E-28
  0.43752727E+13  0.71229074E-29 -0.18319685E-28
  0.44218182E+13  0.72374676E-29 -0.18365910E-28
  0.44683636E+13  0.73708620E-29 -0.18458122E-28
  0.45149091E+13  0.75631469E-29 -0.18527926E-28
  0.45614545E+13  0.77482533E-29 -0.18528552E-28
  0.46080000E+13  0.78601360E-29 -0.18534505E-28
  0.46545455E+13  0.79582995E-29 -0.18610173E-28
  0.47010909E+13  0.81292106E-29 -0.18716203E-28
  0.47476364E+13  0.83339899E-29 -0.18758115E-28
  0.47941818E+13  0.84942704E-29 -0.18773757E-28
  0.48407273E+13  0.86366399E-29 -0.18832029E-28
  0.48872727E+13  0.88124976E-29 -0.18889452E-28
  0.49338182E+13  0.89901971E-29 -0.18926172E-28
  0.49803636E+13  0.91519003E-29 -0.18968219E-28
  0.50269091E+13  0.93183671E-29 -0.19029312E-28
  0.50734545E+13  0.95105581E-29 -0.19084489E-28
  0.51200000E+13  0.96968688E-29 -0.19111212E-28
  0.51665455E+13  0.98551545E-29 -0.19158952E-28
  0.52130909E+13  0.10047973E-28 -0.19242145E-28
  0.52596364E+13  0.10280291E-28 -0.19285975E-28
  0.53061818E+13  0.10479090E-28 -0.19286050E-28
  0.53527273E+13  0.10632634E-28 -0.19319833E-28
  0.53992727E+13  0.10821385E-28 -0.19403848E-28
  0.54458182E+13  0.11060410E-28 -0.19462087E-28
  0.54923636E+13  0.11275871E-28 -0.19476449E-28
  0.55389091E+13  0.11462205E-28 -0.19519085E-28
  0.55854545E+13  0.11687289E-28 -0.19586545E-28
  0.56320000E+13  0.11939880E-28 -0.19619223E-28
  0.56785455E+13  0.12156963E-28 -0.19624352E-28
  0.57250909E+13  0.12343390E-28 -0.19668040E-28
  0.57716364E+13  0.12579173E-28 -0.19742367E-28
  0.58181818E+13  0.12851436E-28 -0.19779946E-28
  0.58647273E+13  0.13088407E-28 -0.19792317E-28
  0.59112727E+13  0.13318218E-28 -0.19840429E-28
  0.59578182E+13  0.13588396E-28 -0.19886121E-28
  0.60043636E+13  0.13859400E-28 -0.19892884E-28
  0.60509091E+13  0.14086187E-28 -0.19912969E-28
  0.60974545E+13  0.14342493E-28 -0.19981710E-28
  0.61440000E+13  0.14647225E-28 -0.20024598E-28
  0.61905455E+13  0.14942101E-28 -0.20025931E-28
  0.62370909E+13  0.15197237E-28 -0.20043139E-28
  0.62836364E+13  0.15488047E-28 -0.20092531E-28
  0.63301818E+13  0.15812232E-28 -0.20122311E-28
  0.63767273E+13  0.16111495E-28 -0.20116893E-28
  0.64232727E+13  0.16395201E-28 -0.20151934E-28
  0.64698182E+13  0.16731795E-28 -0.20195197E-28
  0.65163636E+13  0.17082882E-28 -0.20201927E-28
  0.65629091E+13  0.17398433E-28 -0.20203306E-28
  0.66094545E+13  0.17741327E-28 -0.20245615E-28
  0.66560000E+13  0.18119297E-28 -0.20261949E-28
  0.67025455E+13  0.18489391E-28 -0.20242333E-28
  0.67490909E+13  0.18830908E-28 -0.20262886E-28
  0.67956364E+13  0.19232184E-28 -0.20299096E-28
  0.68421818E+13  0.19661099E-28 -0.20300103E-28
  0.68887273E+13  0.20061565E-28 -0.20286065E-28
  0.69352727E+13  0.20480560E-28 -0.20312530E-28
  0.69818182E+13  0.20963691E-28 -0.20320389E-28
  0.70283636E+13  0.21432223E-28 -0.20277695E-28
  0.70749091E+13  0.21867723E-28 -0.20280147E-28
  0.71214545E+13  0.22387777E-28 -0.20326717E-28
  0.71680000E+13  0.22979700E-28 -0.20310432E-28
  0.72145455E+13  0.23527696E-28 -0.20256894E-28
  0.72610909E+13  0.24094518E-28 -0.20267960E-28
  0.73076364E+13  0.24767309E-28 -0.20276536E-28
  0.73541818E+13  0.25471714E-28 -0.20226908E-28
  0.74007273E+13  0.26194934E-28 -0.20203283E-28
  0.74472727E+13  0.27029499E-28 -0.20220211E-28
  0.74938182E+13  0.28015970E-28 -0.20186575E-28
  0.75403636E+13  0.29099374E-28 -0.20117941E-28
  0.75869091E+13  0.30413339E-28 -0.20105213E-28
  0.76334545E+13  0.32349002E-28 -0.20105345E-28
  0.76800000E+13  0.36142350E-28 -0.18119408E-28
  0.77265455E+13  0.35808600E-28 -0.14796417E-28
  0.77730909E+13  0.35485366E-28 -0.13205633E-28
  0.78196364E+13  0.35295041E-28 -0.11795457E-28
  0.78661818E+13  0.35121280E-28 -0.10673095E-28
  0.79127273E+13  0.34841832E-28 -0.96823874E-29
  0.79592727E+13  0.34723638E-28 -0.87618739E-29
  0.80058182E+13  0.34513559E-28 -0.78666784E-29
  0.80523636E+13  0.34349703E-28 -0.71146328E-29
  0.80989091E+13  0.34187908E-28 -0.63524504E-29
  0.81454545E+13  0.33967973E-28 -0.56261792E-29
  0.81920000E+13  0.33819322E-28 -0.49351059E-29
  0.82385455E+13  0.33634757E-28 -0.42780894E-29
  0.82850909E+13  0.33391682E-28 -0.36258759E-29
  0.83316364E+13  0.33214270E-28 -0.30131428E-29
  0.83781818E+13  0.33046431E-28 -0.24221273E-29
  0.84247273E+13  0.32831648E-28 -0.18198686E-29
  0.84712727E+13  0.32625474E-28 -0.12505398E-29
  0.85178182E+13  0.32423964E-28 -0.69179437E-30
  0.85643636E+13  0.32222561E-28 -0.10898851E-30
  0.86109091E+13  0.31954554E-28  0.40808528E-30
  0.86574545E+13  0.31767779E-28  0.91862926E-30
  0.87040000E+13  0.31579978E-28  0.15070265E-29
  0.87505455E+13  0.31241962E-28  0.20171856E-29
  0.87970909E+13  0.31060498E-28  0.24908171E-29
  0.88436364E+13  0.30815415E-28  0.30702048E-29
  0.88901818E+13  0.30485581E-28  0.35505773E-29
  0.89367273E+13  0.30288870E-28  0.40808989E-29
  0.89832727E+13  0.29917956E-28  0.46209047E-29
  0.90298182E+13  0.29649733E-28  0.50828315E-29
  0.90763636E+13  0.29335315E-28  0.56735525E-29
  0.91229091E+13  0.28953430E-28  0.61646513E-29
  0.91694545E+13  0.28603647E-28  0.67154987E-29
  0.92160000E+13  0.28229245E-28  0.72783382E-29
  0.92625455E+13  0.27737691E-28  0.78826347E-29
  0.93090909E+13  0.27287225E-28  0.84426713E-29
  0.93556364E+13  0.26689478E-28  0.91408832E-29
  0.94021818E+13  0.26081869E-28  0.98030501E-29
  0.94487273E+13  0.25280240E-28  0.10579790E-28
  0.94952727E+13  0.24177547E-28  0.11460718E-28
  0.95418182E+13  0.22775471E-28  0.12432077E-28
  0.95883636E+13  0.20300406E-28  0.14062855E-28
  0.96349091E+13  0.14818297E-28  0.11382564E-28
  0.96814545E+13  0.14802787E-28  0.75807248E-29
  0.97280000E+13  0.15161708E-28  0.53143654E-29
  0.97745455E+13  0.15524045E-28  0.29722131E-29
  0.98210909E+13  0.20007900E-28  0.27774751E-30
  0.98676364E+13  0.21302850E-28  0.28036527E-29
  0.99141818E+13  0.21460687E-28  0.40183864E-29
  0.99607273E+13  0.21201858E-28  0.47335847E-29
  0.10007273E+14  0.20807079E-28  0.51716671E-29
  0.10053818E+14  0.20251788E-28  0.53749704E-29
  0.10100364E+14  0.19757138E-28  0.53313785E-29
  0.10146909E+14  0.19205900E-28  0.51123384E-29
  0.10193455E+14  0.18726730E-28  0.46989957E-29
  0.10240000E+14  0.18322215E-28  0.41568744E-29
  0.10286545E+14  0.17936705E-28  0.33532878E-29
  0.10333091E+14  0.17797804E-28  0.23953389E-29
  0.10379636E+14  0.17804173E-28  0.11496749E-29
  0.10426182E+14  0.18169202E-28 -0.29320501E-30
  0.10472727E+14  0.19011611E-28 -0.21554245E-29
  0.10519273E+14  0.21210488E-28 -0.46080338E-29
  0.10565818E+14  0.25736503E-28 -0.45621729E-29
  0.10612364E+14  0.28653407E-28 -0.26763681E-29
  0.10658909E+14  0.30857772E-28 -0.37479644E-30
  0.10705455E+14  0.32672801E-28  0.35995876E-29
  0.10752000E+14  0.30192902E-28  0.63887260E-29
  0.10798545E+14  0.29283873E-28  0.72006197E-29
  0.10845091E+14  0.28628766E-28  0.81087126E-29
  0.10891636E+14  0.28008789E-28  0.90083966E-29
  0.10938182E+14  0.27259226E-28  0.98663160E-29
  0.10984727E+14  0.26298388E-28  0.10518164E-28
  0.11031273E+14  0.25234256E-28  0.11087704E-28
  0.11077818E+14  0.23794330E-28  0.10878235E-28
  0.11124364E+14  0.23000399E-28  0.10318204E-28
  0.11170909E+14  0.22754040E-28  0.99130770E-29
  0.11217455E+14  0.22153082E-28  0.98446459E-29
  0.11264000E+14  0.21303922E-28  0.99674844E-29
  0.11310545E+14  0.17855531E-28  0.82648608E-29
  0.11357091E+14  0.18009885E-28  0.30863792E-29
  0.11403636E+14  0.22165836E-28 -0.94708312E-31
  0.11450182E+14  0.25994979E-28 -0.39549768E-30
  0.11496727E+14  0.29116199E-28  0.36779786E-30
  0.11543273E+14  0.31706834E-28  0.15784984E-29
  0.11589818E+14  0.33913732E-28  0.31442683E-29
  0.11636364E+14  0.35772869E-28  0.49927326E-29
  0.11682909E+14  0.37356141E-28  0.70297964E-29
  0.11729455E+14  0.38622998E-28  0.92012203E-29
  0.11776000E+14  0.39611419E-28  0.11507562E-28
  0.11822545E+14  0.40415203E-28  0.13987358E-28
  0.11869091E+14  0.41151275E-28  0.16601315E-28
  0.11915636E+14  0.41527035E-28  0.19268576E-28
  0.11962182E+14  0.41861303E-28  0.22300053E-28
  0.12008727E+14  0.42049656E-28  0.25694530E-28
  0.12055273E+14  0.42097099E-28  0.29836694E-28
  0.12101818E+14  0.39179705E-28  0.36615558E-28
  0.12148364E+14  0.33361267E-28  0.38114877E-28
  0.12194909E+14  0.30132084E-28  0.38567377E-28
  0.12241455E+14  0.27515044E-28  0.38939870E-28
  0.12288000E+14  0.25233492E-28  0.39329204E-28
  0.12334545E+14  0.23120275E-28  0.39742371E-28
  0.12381091E+14  0.21053033E-28  0.40137633E-28
  0.12427636E+14  0.19057512E-28  0.40492046E-28
  0.12474182E+14  0.17051827E-28  0.40875661E-28
  0.12520727E+14  0.14980144E-28  0.41203739E-28
  0.12567273E+14  0.12826359E-28  0.41523457E-28
  0.12613818E+14  0.10474391E-28  0.41863095E-28
  0.12660364E+14  0.78431716E-29  0.42132819E-28
  0.12706909E+14  0.46687999E-29  0.42409988E-28
  0.12753455E+14 -0.39218105E-30  0.42144368E-28
  0.12800000E+14 -0.49526199E-29  0.36897743E-28
  0.12846545E+14 -0.41587597E-29  0.31321652E-28
  0.12893091E+14 -0.31357770E-29  0.30084590E-28
  0.12939636E+14 -0.31502549E-29  0.28992893E-28
  0.12986182E+14 -0.33136920E-29  0.27866735E-28
  0.13032727E+14 -0.35717209E-29  0.26752947E-28
  0.13079273E+14 -0.37732920E-29  0.25651319E-28
  0.13125818E+14 -0.39607373E-29  0.24530457E-28
  0.13172364E+14 -0.40655111E-29  0.23435261E-28
  0.13218909E+14 -0.39949085E-29  0.22356151E-28
  0.13265455E+14 -0.37858733E-29  0.21307164E-28
  0.13312000E+14 -0.32955413E-29  0.20473075E-28
  0.13358545E+14 -0.31701642E-29  0.20589639E-28
  0.13405091E+14 -0.33177964E-29  0.19896569E-28
  0.13451636E+14 -0.34145081E-29  0.19309183E-28
  0.13498182E+14 -0.34422041E-29  0.18714904E-28
  0.13544727E+14 -0.34363425E-29  0.18105368E-28
  0.13591273E+14 -0.34038571E-29  0.17545127E-28
  0.13637818E+14 -0.33394645E-29  0.16971745E-28
  0.13684364E+14 -0.32642248E-29  0.16451535E-28
  0.13730909E+14 -0.31476642E-29  0.15927973E-28
  0.13777455E+14 -0.30330506E-29  0.15446881E-28
  0.13824000E+14 -0.28655827E-29  0.14980861E-28
  0.13870545E+14 -0.27217119E-29  0.14537074E-28
  0.13917091E+14 -0.25262674E-29  0.14132794E-28
  0.13963636E+14 -0.23213989E-29  0.13737196E-28
  0.14010182E+14 -0.21140116E-29  0.13385594E-28
  0.14056727E+14 -0.18698782E-29  0.13064311E-28
  0.14103273E+14 -0.16082546E-29  0.12769236E-28
  0.14149818E+14 -0.13411558E-29  0.12516439E-28
  0.14196364E+14 -0.10567124E-29  0.12306312E-28
  0.14242909E+14 -0.75650256E-30  0.12150420E-28
  0.14289455E+14 -0.43858750E-30  0.12052383E-28
  0.14336000E+14 -0.10438426E-30  0.12100033E-28
  0.14382545E+14  0.00000000E+00  0.12285973E-28
  0.14429091E+14  0.00000000E+00  0.12323247E-28
  0.14475636E+14  0.00000000E+00  0.12310157E-28
  0.14522182E+14  0.00000000E+00  0.12272565E-28
  0.14568727E+14  0.00000000E+00  0.12220560E-28
  0.14615273E+14  0.00000000E+00  0.12159409E-28
  0.14661818E+14  0.00000000E+00  0.12092260E-28
  0.14708364E+14  0.00000000E+00  0.12021152E-28
  0.14754909E+14  0.00000000E+00  0.11947481E-28
  0.14801455E+14  0.00000000E+00  0.11872235E-28
  0.14848000E+14  0.00000000E+00  0.11796137E-28
  0.14894545E+14  0.00000000E+00  0.11719722E-28
  0.14941091E+14  0.00000000E+00  0.11643395E-28
  0.14987636E+14  0.00000000E+00  0.11567465E-28
  0.15034182E+14  0.00000000E+00  0.11492171E-28
  0.15080727E+14  0.00000000E+00  0.11417696E-28
  0.15127273E+14  0.00000000E+00  0.11344182E-28
  0.15173818E+14  0.00000000E+00  0.11271740E-28
  0.15220364E+14  0.00000000E+00  0.11200453E-28
  0.15266909E+14  0.00000000E+00  0.11130386E-28
  0.15313455E+14  0.00000000E+00  0.11061589E-28
  0.15360000E+14  0.00000000E+00  0.10994096E-28
  0.15406545E+14  0.00000000E+00  0.10927935E-28
  0.15453091E+14  0.00000000E+00  0.10863121E-28
  0.15499636E+14  0.00000000E+00  0.10799667E-28
  0.15546182E+14  0.00000000E+00  0.10737576E-28
  0.15592727E+14  0.00000000E+00  0.10676851E-28
  0.15639273E+14  0.00000000E+00  0.10617488E-28
  0.15685818E+14  0.00000000E+00  0.10559482E-28
  0.15732364E+14  0.00000000E+00  0.10502826E-28
  0.15778909E+14  0.00000000E+00  0.10447511E-28
  0.15825455E+14  0.00000000E+00  0.10393524E-28
  0.15872000E+14  0.00000000E+00  0.10340855E-28
  0.15918545E+14  0.00000000E+00  0.10289490E-28
  0.15965091E+14  0.00000000E+00  0.10239417E-28
  0.16011636E+14  0.00000000E+00  0.10190621E-28
  0.16058182E+14  0.00000000E+00  0.10143089E-28
  0.16104727E+14  0.00000000E+00  0.10096807E-28
  0.16151273E+14  0.00000000E+00  0.10051760E-28
  0.16197818E+14  0.00000000E+00  0.10007935E-28
  0.16244364E+14  0.00000000E+00  0.99653185E-29
  0.16290909E+14  0.00000000E+00  0.99238958E-29
  0.16337455E+14  0.00000000E+00  0.98836543E-29
  0.16384000E+14  0.00000000E+00  0.98445810E-29
  0.16430545E+14  0.00000000E+00  0.98066634E-29
  0.16477091E+14  0.00000000E+00  0.97698893E-29
  0.16523636E+14  0.00000000E+00  0.97342472E-29
  0.16570182E+14  0.00000000E+00  0.96997258E-29
  0.16616727E+14  0.00000000E+00  0.96663144E-29
  0.16663273E+14  0.00000000E+00  0.96340026E-29
  0.16709818E+14  0.00000000E+00  0.96027808E-29
  0.16756364E+14  0.00000000E+00  0.95726398E-29
  0.16802909E+14  0.00000000E+00  0.95435709E-29
  0.16849455E+14  0.00000000E+00  0.95155659E-29
  0.16896000E+14  0.00000000E+00  0.94886173E-29
  0.16942545E+14  0.00000000E+00  0.94627180E-29
  0.16989091E+14  0.00000000E+00  0.94378615E-29
  0.17035636E+14  0.00000000E+00  0.94140420E-29
  0.17082182E+14  0.00000000E+00  0.93912540E-29
  0.17128727E+14  0.00000000E+00  0.93694928E-29
  0.17175273E+14  0.00000000E+00  0.93487542E-29
  0.17221818E+14  0.00000000E+00  0.93290347E-29
  0.17268364E+14  0.00000000E+00  0.93103312E-29
  0.17314909E+14  0.00000000E+00  0.92926413E-29
  0.17361455E+14  0.00000000E+00  0.92759632E-29
  0.17408000E+14  0.00000000E+00  0.92602957E-29
  0.17454545E+14  0.00000000E+00  0.92456383E-29
  0.17501091E+14  0.00000000E+00  0.92319911E-29
  0.17547636E+14  0.00000000E+00  0.92193547E-29
  0.17594182E+14  0.00000000E+00  0.92077304E-29
  0.17640727E+14  0.00000000E+00  0.91971204E-29
  0.17687273E+14  0.00000000E+00  0.91875274E-29
  0.17733818E+14  0.00000000E+00  0.91789546E-29
  0.17780364E+14  0.00000000E+00  0.91714061E-29
  0.17826909E+14  0.00000000E+00  0.91648868E-29
  0.17873455E+14  0.00000000E+00  0.91594022E-29
  0.17920000E+14  0.00000000E+00  0.91549586E-29
  0.17966545E+14  0.00000000E+00  0.91515629E-29
  0.18013091E+14  0.00000000E+00  0.91492231E-29
  0.18059636E+14  0.00000000E+00  0.91479478E-29
  0.18106182E+14  0.00000000E+00  0.91477466E-29
  0.18152727E+14  0.00000000E+00  0.91486297E-29
  0.18199273E+14  0.00000000E+00  0.91506084E-29
  0.18245818E+14  0.00000000E+00  0.91536950E-29
  0.18292364E+14  0.00000000E+00  0.91579026E-29
  0.18338909E+14  0.00000000E+00  0.91632454E-29
  0.18385455E+14  0.00000000E+00  0.91697385E-29
  0.18432000E+14  0.00000000E+00  0.91773981E-29
  0.18478545E+14  0.00000000E+00  0.91862418E-29
  0.18525091E+14  0.00000000E+00  0.91962881E-29
  0.18571636E+14  0.00000000E+00  0.92075567E-29
  0.18618182E+14  0.00000000E+00  0.92200687E-29
  0.18664727E+14  0.00000000E+00  0.92338466E-29
  0.18711273E+14  0.00000000E+00  0.92489141E-29
  0.18757818E+14  0.00000000E+00  0.92652965E-29
  0.18804364E+14  0.00000000E+00  0.92830207E-29
  0.18850909E+14  0.00000000E+00  0.93021150E-29
  0.18897455E+14  0.00000000E+00  0.93226097E-29
  0.18944000E+14  0.00000000E+00  0.93445368E-29
  0.18990545E+14  0.00000000E+00  0.93679300E-29
  0.19037091E+14  0.00000000E+00  0.93928254E-29
  0.19083636E+14  0.00000000E+00  0.94192609E-29
  0.19130182E+14  0.00000000E+00  0.94472768E-29
  0.19176727E+14  0.00000000E+00  0.94769158E-29
  0.19223273E+14  0.00000000E+00  0.95082231E-29
  0.19269818E+14  0.00000000E+00  0.95412467E-29
  0.19316364E+14  0.00000000E+00  0.95760373E-29
  0.19362909E+14  0.00000000E+00  0.96126487E-29
  0.19409455E+14  0.00000000E+00  0.96511382E-29
  0.19456000E+14  0.00000000E+00  0.96915663E-29
  0.19502545E+14  0.00000000E+00  0.97339974E-29
  0.19549091E+14  0.00000000E+00  0.97784999E-29
  0.19595636E+14  0.00000000E+00  0.98251465E-29
  0.19642182E+14  0.00000000E+00  0.98740144E-29
  0.19688727E+14  0.00000000E+00  0.99251859E-29
  0.19735273E+14  0.00000000E+00  0.99787485E-29
  0.19781818E+14  0.00000000E+00  0.10034796E-28
  0.19828364E+14  0.00000000E+00  0.10093427E-28
  0.19874909E+14  0.00000000E+00  0.10154749E-28
  0.19921455E+14  0.00000000E+00  0.10218875E-28
  0.19968000E+14  0.00000000E+00  0.10285927E-28
  0.20014545E+14  0.00000000E+00  0.10356035E-28
  0.20061091E+14  0.00000000E+00  0.10429339E-28
  0.20107636E+14  0.00000000E+00  0.10505988E-28
  0.20154182E+14  0.00000000E+00  0.10586146E-28
  0.20200727E+14  0.00000000E+00  0.10669984E-28
  0.20247273E+14  0.00000000E+00  0.10757691E-28
  0.20293818E+14  0.00000000E+00  0.10849469E-28
  0.20340364E+14  0.00000000E+00  0.10945537E-28
  0.20386909E+14  0.00000000E+00  0.11046134E-28
  0.20433455E+14  0.00000000E+00  0.11151517E-28
  0.20480000E+14  0.00000000E+00  0.11261968E-28
  0.20526545E+14  0.00000000E+00  0.11377795E-28
  0.20573091E+14  0.00000000E+00  0.11499334E-28
  0.20619636E+14  0.00000000E+00  0.11626956E-28
  0.20666182E+14  0.00000000E+00  0.11761066E-28
  0.20712727E+14  0.00000000E+00  0.11902116E-28
  0.20759273E+14  0.00000000E+00  0.12050606E-28
  0.20805818E+14  0.00000000E+00  0.12207094E-28
  0.20852364E+14  0.00000000E+00  0.12372206E-28
  0.20898909E+14  0.00000000E+00  0.12546646E-28
  0.20945455E+14  0.00000000E+00  0.12731216E-28
  0.20992000E+14  0.00000000E+00  0.12926832E-28
  0.21038545E+14  0.00000000E+00  0.13134553E-28
  0.21085091E+14  0.00000000E+00  0.13355615E-28
  0.21131636E+14  0.00000000E+00  0.13591480E-28
  0.21178182E+14  0.00000000E+00  0.13843907E-28
  0.21224727E+14  0.00000000E+00  0.14115052E-28
  0.21271273E+14  0.00000000E+00  0.14407622E-28
  0.21317818E+14  0.00000000E+00  0.14725122E-28
  0.21364364E+14  0.00000000E+00  0.15072268E-28
  0.21410909E+14  0.00000000E+00  0.15455717E-28
  0.21457455E+14  0.00000000E+00  0.15885473E-28
  0.21504000E+14  0.00000000E+00  0.16377847E-28
  0.21550545E+14  0.00000000E+00  0.16962551E-28
  0.21597091E+14  0.00000000E+00  0.17703075E-28
  0.21643636E+14  0.00000000E+00  0.18776332E-28
  0.21690182E+14  0.00000000E+00  0.22064506E-28
  0.21736727E+14 -0.61280290E-29  0.21019982E-28
  0.21783273E+14 -0.67785740E-29  0.17732485E-28
  0.21829818E+14 -0.58497652E-29  0.15119960E-28
  0.21876364E+14 -0.31173860E-29  0.13066967E-28
  0.21922909E+14  0.24462357E-30  0.13502241E-28
  0.21969455E+14  0.35532665E-29  0.14657899E-28
  0.22016000E+14  0.73180400E-29  0.17553542E-28
  0.22062545E+14  0.10997821E-28  0.22896295E-28
  0.22109091E+14  0.13375794E-28  0.32696365E-28
  0.22155636E+14 -0.12758394E-29  0.46420116E-28
  0.22202182E+14 -0.84411856E-29  0.40741602E-28
  0.22248727E+14 -0.12103035E-28  0.38939213E-28
  0.22295273E+14 -0.15073502E-28  0.37788488E-28
  0.22341818E+14 -0.17845587E-28  0.36923024E-28
  0.22388364E+14 -0.20557177E-28  0.36015332E-28
  0.22434909E+14 -0.23183544E-28  0.35073897E-28
  0.22481455E+14 -0.25838969E-28  0.34003573E-28
  0.22528000E+14 -0.28492971E-28  0.32793598E-28
  0.22574545E+14 -0.31187541E-28  0.31300661E-28
  0.22621091E+14 -0.33895779E-28  0.29670453E-28
  0.22667636E+14 -0.36806880E-28  0.27627989E-28
  0.22714182E+14 -0.39746997E-28  0.25123028E-28
  0.22760727E+14 -0.42894956E-28  0.21934873E-28
  0.22807273E+14 -0.46355520E-28  0.17550388E-28
  0.22853818E+14 -0.50868549E-28  0.73120464E-29
  0.22900364E+14 -0.41128531E-28  0.13232629E-29
  0.22946909E+14 -0.37558562E-28  0.79050166E-30
  0.22993455E+14 -0.35382216E-28  0.37399156E-30
  0.23040000E+14 -0.33939810E-28 -0.20318442E-31
  0.23086545E+14 -0.32963426E-28 -0.41113547E-30
  0.23133091E+14 -0.32300696E-28 -0.87811141E-30
  0.23179636E+14 -0.31890554E-28 -0.14422275E-29
  0.23226182E+14 -0.31623405E-28 -0.21068274E-29
  0.23272727E+14 -0.31506524E-28 -0.28947092E-29
  0.23319273E+14 -0.31453933E-28 -0.38615867E-29
  0.23365818E+14 -0.31409728E-28 -0.50078419E-29
  0.23412364E+14 -0.31367296E-28 -0.63075099E-29
  0.23458909E+14 -0.31213695E-28 -0.78581752E-29
  0.23505455E+14 -0.30971740E-28 -0.96024220E-29
  0.23552000E+14 -0.30487372E-28 -0.11585242E-28
  0.23598545E+14 -0.29593567E-28 -0.13796840E-28
  0.23645091E+14 -0.27988734E-28 -0.16355379E-28
  0.23691636E+14 -0.25259203E-28 -0.17506318E-28
  0.23738182E+14 -0.23426644E-28 -0.18258480E-28
  0.23784727E+14 -0.21629330E-28 -0.19069385E-28
  0.23831273E+14 -0.19800903E-28 -0.19886584E-28
  0.23877818E+14 -0.17870444E-28 -0.20672854E-28
  0.23924364E+14 -0.15638553E-28 -0.21680917E-28
  0.23970909E+14 -0.11957775E-28 -0.22480182E-28
  0.24017455E+14 -0.74076287E-29 -0.21325726E-28
  0.24064000E+14 -0.32879863E-29 -0.17067358E-28
  0.24110545E+14 -0.37731890E-29 -0.96351298E-29
  0.24157091E+14 -0.11397535E-28 -0.68414445E-29
  0.24203636E+14 -0.14780339E-28 -0.15736471E-28
  0.24250182E+14 -0.87673103E-29 -0.16879810E-28
  0.24296727E+14 -0.68381923E-29 -0.15654471E-28
  0.24343273E+14 -0.57037779E-29 -0.14593061E-28
  0.24389818E+14 -0.49513885E-29 -0.13681749E-28
  0.24436364E+14 -0.43902235E-29 -0.12871765E-28
  0.24482909E+14 -0.39665260E-29 -0.12150887E-28
  0.24529455E+14 -0.36245384E-29 -0.11495533E-28
  0.24576000E+14 -0.33523817E-29 -0.10896058E-28
  0.24622545E+14 -0.31249841E-29 -0.10352887E-28
  0.24669091E+14 -0.29455033E-29 -0.98506255E-29
  0.24715636E+14 -0.28017777E-29 -0.93978606E-29
  0.24762182E+14 -0.26742221E-29 -0.89869000E-29
  0.24808727E+14 -0.25627034E-29 -0.86122746E-29
  0.24855273E+14 -0.24641086E-29 -0.82672125E-29
  0.24901818E+14 -0.23749602E-29 -0.79474916E-29
  0.24948364E+14 -0.22913775E-29 -0.76495073E-29
  0.24994909E+14 -0.22172555E-29 -0.73725891E-29
  0.25041455E+14 -0.21467079E-29 -0.71131766E-29
  0.25088000E+14 -0.20802159E-29 -0.68700664E-29
  0.25134545E+14 -0.20186743E-29 -0.66400196E-29
  0.25181091E+14 -0.19599101E-29 -0.64238099E-29
  0.25227636E+14 -0.19038989E-29 -0.62194805E-29
  0.25274182E+14 -0.18510434E-29 -0.60247082E-29
  0.25320727E+14 -0.18001621E-29 -0.58400158E-29
  0.25367273E+14 -0.17511426E-29 -0.56641376E-29
  0.25413818E+14 -0.17035872E-29 -0.54964396E-29
  0.25460364E+14 -0.16587761E-29 -0.53347643E-29
  0.25506909E+14 -0.16150912E-29 -0.51814602E-29
  0.25553455E+14 -0.15726529E-29 -0.50327554E-29
  0.25600000E+14 -0.15318639E-29 -0.48909743E-29
  0.25646545E+14 -0.14913890E-29 -0.47539923E-29
  0.25693091E+14 -0.14549968E-29 -0.46218231E-29
  0.25739636E+14 -0.14150413E-29 -0.44945235E-29
  0.25786182E+14 -0.13806038E-29 -0.43709346E-29
  0.25832727E+14 -0.13435352E-29 -0.42527965E-29
  0.25879273E+14 -0.13083554E-29 -0.41364721E-29
  0.25925818E+14 -0.12737360E-29 -0.40253648E-29
  0.25972364E+14 -0.12371183E-29 -0.39139090E-29
  0.26018909E+14 -0.12057378E-29 -0.38066585E-29
  0.26065455E+14 -0.11705096E-29 -0.37014235E-29
  0.26112000E+14 -0.11389842E-29 -0.35964788E-29
  0.26158545E+14 -0.11067428E-29 -0.34946995E-29
  0.26205091E+14 -0.10773867E-29 -0.33927214E-29
  0.26251636E+14 -0.10486643E-29 -0.32945902E-29
  0.26298182E+14 -0.10193726E-29 -0.31949949E-29
  0.26344727E+14 -0.99476772E-30 -0.30974554E-29
  0.26391273E+14 -0.96827598E-30 -0.30025052E-29
  0.26437818E+14 -0.94438364E-30 -0.29057419E-29
  0.26484364E+14 -0.92327739E-30 -0.28118253E-29
  0.26530909E+14 -0.90296433E-30 -0.27182529E-29
  0.26577455E+14 -0.88422141E-30 -0.26260620E-29
  0.26624000E+14 -0.86667095E-30 -0.25331843E-29
  0.26670545E+14 -0.85306146E-30 -0.24424149E-29
  0.26717091E+14 -0.83891259E-30 -0.23532028E-29
  0.26763636E+14 -0.82764834E-30 -0.22624601E-29
  0.26810182E+14 -0.81942495E-30 -0.21742784E-29
  0.26856727E+14 -0.81187828E-30 -0.20870670E-29
  0.26903273E+14 -0.80634079E-30 -0.19997138E-29
  0.26949818E+14 -0.80371834E-30 -0.19131658E-29
  0.26996364E+14 -0.80376840E-30 -0.18289344E-29
  0.27042909E+14 -0.80377235E-30 -0.17450662E-29
  0.27089455E+14 -0.80807482E-30 -0.16603596E-29
  0.27136000E+14 -0.81479381E-30 -0.15796693E-29
  0.27182545E+14 -0.82111233E-30 -0.14985953E-29
  0.27229091E+14 -0.83248340E-30 -0.14175779E-29
  0.27275636E+14 -0.84540741E-30 -0.13399248E-29
  0.27322182E+14 -0.85950926E-30 -0.12623513E-29
  0.27368727E+14 -0.87745617E-30 -0.11857370E-29
  0.27415273E+14 -0.89715138E-30 -0.11116040E-29
  0.27461818E+14 -0.91826994E-30 -0.10380753E-29
  0.27508364E+14 -0.94328615E-30 -0.96605988E-30
  0.27554909E+14 -0.96958502E-30 -0.89653372E-30
  0.27601455E+14 -0.99777637E-30 -0.82734588E-30
  0.27648000E+14 -0.10298829E-29 -0.76067250E-30
  0.27694545E+14 -0.10627295E-29 -0.69637035E-30
  0.27741091E+14 -0.10978083E-29 -0.63290519E-30
  0.27787636E+14 -0.11361414E-29 -0.57148220E-30
  0.27834182E+14 -0.11764258E-29 -0.51327398E-30
  0.27880727E+14 -0.12173020E-29 -0.45621426E-30
  0.27927273E+14 -0.12624147E-29 -0.40077955E-30
  0.27973818E+14 -0.13086312E-29 -0.34957929E-30
  0.28020364E+14 -0.13560380E-29 -0.29913379E-30
  0.28066909E+14 -0.14065571E-29 -0.25188635E-30
  0.28113455E+14 -0.14582784E-29 -0.20664543E-30
  0.28160000E+14 -0.15128999E-29 -0.16493859E-30
  0.28206545E+14 -0.15673076E-29 -0.12529322E-30
  0.28253091E+14 -0.16257865E-29 -0.88016157E-31
  0.28299636E+14 -0.16837457E-29 -0.55170077E-31
  0.28346182E+14 -0.17447257E-29 -0.23303127E-31
  0.28392727E+14 -0.18065733E-29  0.30407000E-32
  0.28439273E+14 -0.18682036E-29  0.28846217E-31
  0.28485818E+14 -0.19343502E-29  0.50047276E-31
  0.28532364E+14 -0.19987971E-29  0.67533590E-31
  0.28578909E+14 -0.20654942E-29  0.82976143E-31
  0.28625455E+14 -0.21335960E-29  0.94520948E-31
  0.28672000E+14 -0.22019159E-29  0.10133002E-30
  0.28718545E+14 -0.22699339E-29  0.10682098E-30
  0.28765091E+14 -0.23416727E-29  0.10666254E-30
  0.28811636E+14 -0.24089529E-29  0.10372378E-30
  0.28858182E+14 -0.24826151E-29  0.98023220E-31
  0.28904727E+14 -0.25501703E-29  0.85059168E-31
  0.28951273E+14 -0.26221123E-29  0.73928758E-31
  0.28997818E+14 -0.26928232E-29  0.52439768E-31
  0.29044364E+14 -0.27620460E-29  0.32578692E-31
  0.29090909E+14 -0.28336030E-29  0.44619242E-32
  0.29137455E+14 -0.28999847E-29 -0.25070270E-31
  0.29184000E+14 -0.29706997E-29 -0.58842786E-31
  0.29230545E+14 -0.30367022E-29 -0.98402443E-31
  0.29277091E+14 -0.31027764E-29 -0.13863361E-30
  0.29323636E+14 -0.31698368E-29 -0.18752950E-30
  0.29370182E+14 -0.32303775E-29 -0.23642029E-30
  0.29416727E+14 -0.32967631E-29 -0.29159303E-30
  0.29463273E+14 -0.33510397E-29 -0.35089515E-30
  0.29509818E+14 -0.34151478E-29 -0.41151810E-30
  0.29556364E+14 -0.34649699E-29 -0.48181999E-30
  0.29602909E+14 -0.35225801E-29 -0.54919184E-30
  0.29649455E+14 -0.35700597E-29 -0.62714839E-30
  0.29696000E+14 -0.36199656E-29 -0.70263499E-30
  0.29742545E+14 -0.36617454E-29 -0.78820350E-30
  0.29789091E+14 -0.37049691E-29 -0.87146993E-30
  0.29835636E+14 -0.37404216E-29 -0.96486774E-30
  0.29882182E+14 -0.37756341E-29 -0.10553150E-29
  0.29928727E+14 -0.38040085E-29 -0.11555908E-29
  0.29975273E+14 -0.38303287E-29 -0.12526227E-29
  0.30021818E+14 -0.38494781E-29 -0.13608729E-29
  0.30068364E+14 -0.38664071E-29 -0.14631841E-29
  0.30114909E+14 -0.38753623E-29 -0.15774363E-29
  0.30161455E+14 -0.38836292E-29 -0.16869188E-29
  0.30208000E+14 -0.38791102E-29 -0.18048246E-29
  0.30254545E+14 -0.38772362E-29 -0.19225438E-29
  0.30301091E+14 -0.38607126E-29 -0.20410681E-29
  0.30347636E+14 -0.38449159E-29 -0.21665238E-29
  0.30394182E+14 -0.38175815E-29 -0.22858466E-29
  0.30440727E+14 -0.37828809E-29 -0.24162273E-29
  0.30487273E+14 -0.37469558E-29 -0.25390991E-29
  0.30533818E+14 -0.36934082E-29 -0.26681689E-29
  0.30580364E+14 -0.36408865E-29 -0.27962281E-29
  0.30626909E+14 -0.35755530E-29 -0.29221378E-29
  0.30673455E+14 -0.35001898E-29 -0.30502919E-29
  0.30720000E+14 -0.34219876E-29 -0.31779950E-29
  0.30766545E+14 -0.33294759E-29 -0.33008947E-29
  0.30813091E+14 -0.32242060E-29 -0.34237551E-29
  0.30859636E+14 -0.31160624E-29 -0.35442435E-29
  0.30906182E+14 -0.29963675E-29 -0.36600328E-29
  0.30952727E+14 -0.28624712E-29 -0.37722106E-29
  0.30999273E+14 -0.27174622E-29 -0.38790007E-29
  0.31045818E+14 -0.25632088E-29 -0.39802571E-29
  0.31092364E+14 -0.23991215E-29 -0.40732017E-29
  0.31138909E+14 -0.22184925E-29 -0.41576609E-29
  0.31185455E+14 -0.20252437E-29 -0.42316757E-29
  0.31232000E+14 -0.18226778E-29 -0.42944694E-29
  0.31278545E+14 -0.16049145E-29 -0.43413723E-29
  0.31325091E+14 -0.13726304E-29 -0.43727681E-29
  0.31371636E+14 -0.11300976E-29 -0.43854412E-29
  0.31418182E+14 -0.87104438E-30 -0.43729926E-29
  0.31464727E+14 -0.60342233E-30 -0.43310941E-29
  0.31511273E+14 -0.32370152E-30 -0.42600410E-29
  0.31557818E+14 -0.22840399E-31 -0.41382129E-29
  0.31604364E+14  0.27722329E-30 -0.39694110E-29
  0.31650909E+14  0.60072005E-30 -0.37188587E-29
  0.31697455E+14  0.89043948E-30 -0.33623595E-29
  0.31744000E+14  0.12075066E-29 -0.28147089E-29
  0.31790545E+14  0.13509452E-29 -0.11716339E-29
  0.31837091E+14 -0.65848879E-30 -0.20027699E-29
  0.31883636E+14 -0.37836841E-30 -0.24830465E-29
  0.31930182E+14 -0.10986533E-30 -0.25702877E-29
  0.31976727E+14  0.00000000E+00 -0.24054132E-29
  0.32023273E+14  0.00000000E+00 -0.23251776E-29
  0.32069818E+14  0.00000000E+00 -0.22654040E-29
  0.32116364E+14  0.00000000E+00 -0.22128372E-29
  0.32162909E+14  0.00000000E+00 -0.21642731E-29
  0.32209455E+14  0.00000000E+00 -0.21185635E-29
  0.32256000E+14  0.00000000E+00 -0.20751784E-29
  0.32302545E+14  0.00000000E+00 -0.20338156E-29
  0.32349091E+14  0.00000000E+00 -0.19942716E-29
  0.32395636E+14  0.00000000E+00 -0.19563915E-29
  0.32442182E+14  0.00000000E+00 -0.19200483E-29
  0.32488727E+14  0.00000000E+00 -0.18851325E-29
  0.32535273E+14  0.00000000E+00 -0.18515478E-29
  0.32581818E+14  0.00000000E+00 -0.18192076E-29
  0.32628364E+14  0.00000000E+00 -0.17880339E-29
  0.32674909E+14  0.00000000E+00 -0.17579553E-29
  0.32721455E+14  0.00000000E+00 -0.17289068E-29
  0.32768000E+14  0.00000000E+00 -0.17008288E-29
  0.32814545E+14  0.00000000E+00 -0.16736664E-29
  0.32861091E+14  0.00000000E+00 -0.16473692E-29
  0.32907636E+14  0.00000000E+00 -0.16218905E-29
  0.32954182E+14  0.00000000E+00 -0.15971874E-29
  0.33000727E+14  0.00000000E+00 -0.15732198E-29
  0.33047273E+14  0.00000000E+00 -0.15499509E-29
  0.33093818E+14  0.00000000E+00 -0.15273463E-29
  0.33140364E+14  0.00000000E+00 -0.15053740E-29
  0.33186909E+14  0.00000000E+00 -0.14840042E-29
  0.33233455E+14  0.00000000E+00 -0.14632092E-29
  0.33280000E+14  0.00000000E+00 -0.14429630E-29
  0.33326545E+14  0.00000000E+00 -0.14232414E-29
  0.33373091E+14  0.00000000E+00 -0.14040215E-29
  0.33419636E+14  0.00000000E+00 -0.13852821E-29
  0.33466182E+14  0.00000000E+00 -0.13670032E-29
  0.33512727E+14  0.00000000E+00 -0.13491658E-29
  0.33559273E+14  0.00000000E+00 -0.13317523E-29
  0.33605818E+14  0.00000000E+00 -0.13147460E-29
  0.33652364E+14  0.00000000E+00 -0.12981312E-29
  0.33698909E+14  0.00000000E+00 -0.12818929E-29
  0.33745455E+14  0.00000000E+00 -0.12660171E-29
  0.33792000E+14  0.00000000E+00 -0.12504905E-29
  0.33838545E+14  0.00000000E+00 -0.12353004E-29
  0.33885091E+14  0.00000000E+00 -0.12204351E-29
  0.33931636E+14  0.00000000E+00 -0.12058830E-29
  0.33978182E+14  0.00000000E+00 -0.11916336E-29
  0.34024727E+14  0.00000000E+00 -0.11776764E-29
  0.34071273E+14  0.00000000E+00 -0.11640019E-29
  0.34117818E+14  0.00000000E+00 -0.11506007E-29
  0.34164364E+14  0.00000000E+00 -0.11374640E-29
  0.34210909E+14  0.00000000E+00 -0.11245834E-29
  0.34257455E+14  0.00000000E+00 -0.11119510E-29
  0.34304000E+14  0.00000000E+00 -0.10995589E-29
  0.34350545E+14  0.00000000E+00 -0.10874000E-29
  0.34397091E+14  0.00000000E+00 -0.10754672E-29
  0.34443636E+14  0.00000000E+00 -0.10637538E-29
  0.34490182E+14  0.00000000E+00 -0.10522534E-29
  0.34536727E+14  0.00000000E+00 -0.10409598E-29
  0.34583273E+14  0.00000000E+00 -0.10298672E-29
  0.34629818E+14  0.00000000E+00 -0.10189700E-29
  0.34676364E+14  0.00000000E+00 -0.10082627E-29
  0.34722909E+14  0.00000000E+00 -0.99774005E-30
  0.34769455E+14  0.00000000E+00 -0.98739715E-30
  0.34816000E+14  0.00000000E+00 -0.97722917E-30
  0.34862545E+14  0.00000000E+00 -0.96723150E-30
  0.34909091E+14  0.00000000E+00 -0.95739967E-30
  0.34955636E+14  0.00000000E+00 -0.94772944E-30
  0.35002182E+14  0.00000000E+00 -0.93821666E-30
  0.35048727E+14  0.00000000E+00 -0.92885738E-30
  0.35095273E+14  0.00000000E+00 -0.91964778E-30
  0.35141818E+14  0.00000000E+00 -0.91058415E-30
  0.35188364E+14  0.00000000E+00 -0.90166296E-30
  0.35234909E+14  0.00000000E+00 -0.89288075E-30
  0.35281455E+14  0.00000000E+00 -0.88423422E-30
  0.35328000E+14  0.00000000E+00 -0.87572016E-30
  0.35374545E+14  0.00000000E+00 -0.86733547E-30
  0.35421091E+14  0.00000000E+00 -0.85907717E-30
  0.35467636E+14  0.00000000E+00 -0.85094235E-30
  0.35514182E+14  0.00000000E+00 -0.84292823E-30
  0.35560727E+14  0.00000000E+00 -0.83503208E-30
  0.35607273E+14  0.00000000E+00 -0.82725130E-30
  0.35653818E+14  0.00000000E+00 -0.81958332E-30
  0.35700364E+14  0.00000000E+00 -0.81202570E-30
  0.35746909E+14  0.00000000E+00 -0.80457605E-30
  0.35793455E+14  0.00000000E+00 -0.79723206E-30
  0.35840000E+14  0.00000000E+00 -0.78999148E-30
  0.35886545E+14  0.00000000E+00 -0.78285214E-30
  0.35933091E+14  0.00000000E+00 -0.77581193E-30
  0.35979636E+14  0.00000000E+00 -0.76886880E-30
  0.36026182E+14  0.00000000E+00 -0.76202076E-30
  0.36072727E+14  0.00000000E+00 -0.75526588E-30
  0.36119273E+14  0.00000000E+00 -0.74860228E-30
  0.36165818E+14  0.00000000E+00 -0.74202814E-30
  0.36212364E+14  0.00000000E+00 -0.73554169E-30
  0.36258909E+14  0.00000000E+00 -0.72914121E-30
  0.36305455E+14  0.00000000E+00 -0.72282501E-30
  0.36352000E+14  0.00000000E+00 -0.71659148E-30
  0.36398545E+14  0.00000000E+00 -0.71043902E-30
  0.36445091E+14  0.00000000E+00 -0.70436608E-30
  0.36491636E+14  0.00000000E+00 -0.69837118E-30
  0.36538182E+14  0.00000000E+00 -0.69245284E-30
  0.36584727E+14  0.00000000E+00 -0.68660965E-30
  0.36631273E+14  0.00000000E+00 -0.68084020E-30
  0.36677818E+14  0.00000000E+00 -0.67514316E-30
  0.36724364E+14  0.00000000E+00 -0.66951720E-30
  0.36770909E+14  0.00000000E+00 -0.66396104E-30
  0.36817455E+14  0.00000000E+00 -0.65847343E-30
  0.36864000E+14  0.00000000E+00 -0.65305314E-30
  0.36910545E+14  0.00000000E+00 -0.64769900E-30
  0.36957091E+14  0.00000000E+00 -0.64240982E-30
  0.37003636E+14  0.00000000E+00 -0.63718448E-30
  0.37050182E+14  0.00000000E+00 -0.63202188E-30
  0.37096727E+14  0.00000000E+00 -0.62692094E-30
  0.37143273E+14  0.00000000E+00 -0.62188059E-30
  0.37189818E+14  0.00000000E+00 -0.61689981E-30
  0.37236364E+14  0.00000000E+00 -0.61197760E-30
  0.37282909E+14  0.00000000E+00 -0.60711297E-30
  0.37329455E+14  0.00000000E+00 -0.60230497E-30
  0.37376000E+14  0.00000000E+00 -0.59755265E-30
  0.37422545E+14  0.00000000E+00 -0.59285511E-30
  0.37469091E+14  0.00000000E+00 -0.58821143E-30
  0.37515636E+14  0.00000000E+00 -0.58362076E-30
  0.37562182E+14  0.00000000E+00 -0.57908223E-30
  0.37608727E+14  0.00000000E+00 -0.57459500E-30
  0.37655273E+14  0.00000000E+00 -0.57015827E-30
  0.37701818E+14  0.00000000E+00 -0.56577121E-30
  0.37748364E+14  0.00000000E+00 -0.56143306E-30
  0.37794909E+14  0.00000000E+00 -0.55714305E-30
  0.37841455E+14  0.00000000E+00 -0.55290042E-30
  0.37888000E+14  0.00000000E+00 -0.54870444E-30
  0.37934545E+14  0.00000000E+00 -0.54455439E-30
  0.37981091E+14  0.00000000E+00 -0.54044957E-30
  0.38027636E+14  0.00000000E+00 -0.53638928E-30
  0.38074182E+14  0.00000000E+00 -0.53237285E-30
  0.38120727E+14  0.00000000E+00 -0.52839963E-30
  0.38167273E+14  0.00000000E+00 -0.52446896E-30
  0.38213818E+14  0.00000000E+00 -0.52058020E-30
  0.38260364E+14  0.00000000E+00 -0.51673274E-30
  0.38306909E+14  0.00000000E+00 -0.51292597E-30
  0.38353455E+14  0.00000000E+00 -0.50915929E-30
  0.38400000E+14  0.00000000E+00 -0.50543210E-30
  0.38446545E+14  0.00000000E+00 -0.50174385E-30
  0.38493091E+14  0.00000000E+00 -0.49809396E-30
  0.38539636E+14  0.00000000E+00 -0.49448188E-30
  0.38586182E+14  0.00000000E+00 -0.49090708E-30
  0.38632727E+14  0.00000000E+00 -0.48736902E-30
  0.38679273E+14  0.00000000E+00 -0.48386717E-30
  0.38725818E+14  0.00000000E+00 -0.48040104E-30
  0.38772364E+14  0.00000000E+00 -0.47697011E-30
  0.38818909E+14  0.00000000E+00 -0.47357390E-30
  0.38865455E+14  0.00000000E+00 -0.47021193E-30
  0.38912000E+14  0.00000000E+00 -0.46688371E-30
  0.38958545E+14  0.00000000E+00 -0.46358878E-30
  0.39005091E+14  0.00000000E+00 -0.46032670E-30
  0.39051636E+14  0.00000000E+00 -0.45709700E-30
  0.39098182E+14  0.00000000E+00 -0.45389926E-30
  0.39144727E+14  0.00000000E+00 -0.45073303E-30
  0.39191273E+14  0.00000000E+00 -0.44759789E-30
  0.39237818E+14  0.00000000E+00 -0.44449343E-30
  0.39284364E+14  0.00000000E+00 -0.44141924E-30
  0.39330909E+14  0.00000000E+00 -0.43837491E-30
  0.39377455E+14  0.00000000E+00 -0.43536006E-30
  0.39424000E+14  0.00000000E+00 -0.43237428E-30
  0.39470545E+14  0.00000000E+00 -0.42941721E-30
  0.39517091E+14  0.00000000E+00 -0.42648846E-30
  0.39563636E+14  0.00000000E+00 -0.42358767E-30
  0.39610182E+14  0.00000000E+00 -0.42071448E-30
  0.39656727E+14  0.00000000E+00 -0.41786852E-30
  0.39703273E+14  0.00000000E+00 -0.41504946E-30
  0.39749818E+14  0.00000000E+00 -0.41225694E-30
  0.39796364E+14  0.00000000E+00 -0.40949063E-30
  0.39842909E+14  0.00000000E+00 -0.40675020E-30
  0.39889455E+14  0.00000000E+00 -0.40403531E-30
  0.39936000E+14  0.00000000E+00 -0.40134566E-30
  0.39982545E+14  0.00000000E+00 -0.39868091E-30
  0.40029091E+14  0.00000000E+00 -0.39604077E-30
  0.40075636E+14  0.00000000E+00 -0.39342492E-30
  0.40122182E+14  0.00000000E+00 -0.39083307E-30
  0.40168727E+14  0.00000000E+00 -0.38826491E-30
  0.40215273E+14  0.00000000E+00 -0.38572017E-30
  0.40261818E+14  0.00000000E+00 -0.38319854E-30
  0.40308364E+14  0.00000000E+00 -0.38069975E-30
  0.40354909E+14  0.00000000E+00 -0.37822353E-30
  0.40401455E+14  0.00000000E+00 -0.37576959E-30
  0.40448000E+14  0.00000000E+00 -0.37333767E-30
  0.40494545E+14  0.00000000E+00 -0.37092751E-30
  0.40541091E+14  0.00000000E+00 -0.36853885E-30
  0.40587636E+14  0.00000000E+00 -0.36617142E-30
  0.40634182E+14  0.00000000E+00 -0.36382498E-30
  0.40680727E+14  0.00000000E+00 -0.36149927E-30
  0.40727273E+14  0.00000000E+00 -0.35919407E-30
  0.40773818E+14  0.00000000E+00 -0.35690911E-30
  0.40820364E+14  0.00000000E+00 -0.35464417E-30
  0.40866909E+14  0.00000000E+00 -0.35239901E-30
  0.40913455E+14  0.00000000E+00 -0.35017341E-30
  0.40960000E+14  0.00000000E+00 -0.34796713E-30
  0.41006545E+14  0.00000000E+00 -0.34577995E-30
  0.41053091E+14  0.00000000E+00 -0.34361166E-30
  0.41099636E+14  0.00000000E+00 -0.34146203E-30
  0.41146182E+14  0.00000000E+00 -0.33933085E-30
  0.41192727E+14  0.00000000E+00 -0.33721792E-30
  0.41239273E+14  0.00000000E+00 -0.33512302E-30
  0.41285818E+14  0.00000000E+00 -0.33304596E-30
  0.41332364E+14  0.00000000E+00 -0.33098653E-30
  0.41378909E+14  0.00000000E+00 -0.32894452E-30
  0.41425455E+14  0.00000000E+00 -0.32691976E-30
  0.41472000E+14  0.00000000E+00 -0.32491204E-30
  0.41518545E+14  0.00000000E+00 -0.32292118E-30
  0.41565091E+14  0.00000000E+00 -0.32094698E-30
  0.41611636E+14  0.00000000E+00 -0.31898927E-30
  0.41658182E+14  0.00000000E+00 -0.31704786E-30
  0.41704727E+14  0.00000000E+00 -0.31512258E-30
  0.41751273E+14  0.00000000E+00 -0.31321324E-30
  0.41797818E+14  0.00000000E+00 -0.31131967E-30
  0.41844364E+14  0.00000000E+00 -0.30944171E-30
  0.41890909E+14  0.00000000E+00 -0.30757918E-30
  0.41937455E+14  0.00000000E+00 -0.30573191E-30
  0.41984000E+14  0.00000000E+00 -0.30389974E-30
  0.42030545E+14  0.00000000E+00 -0.30208252E-30
  0.42077091E+14  0.00000000E+00 -0.30028007E-30
  0.42123636E+14  0.00000000E+00 -0.29849224E-30
  0.42170182E+14  0.00000000E+00 -0.29671887E-30
  0.42216727E+14  0.00000000E+00 -0.29495982E-30
  0.42263273E+14  0.00000000E+00 -0.29321492E-30
  0.42309818E+14  0.00000000E+00 -0.29148404E-30
  0.42356364E+14  0.00000000E+00 -0.28976702E-30
  0.42402909E+14  0.00000000E+00 -0.28806371E-30
  0.42449455E+14  0.00000000E+00 -0.28637398E-30
  0.42496000E+14  0.00000000E+00 -0.28469769E-30
  0.42542545E+14  0.00000000E+00 -0.28303468E-30
  0.42589091E+14  0.00000000E+00 -0.28138483E-30
  0.42635636E+14  0.00000000E+00 -0.27974800E-30
  0.42682182E+14  0.00000000E+00 -0.27812405E-30
  0.42728727E+14  0.00000000E+00 -0.27651286E-30
  0.42775273E+14  0.00000000E+00 -0.27491428E-30
  0.42821818E+14  0.00000000E+00 -0.27332820E-30
  0.42868364E+14  0.00000000E+00 -0.27175448E-30
  0.42914909E+14  0.00000000E+00 -0.27019301E-30
  0.42961455E+14  0.00000000E+00 -0.26864364E-30
  0.43008000E+14  0.00000000E+00 -0.26710627E-30
  0.43054545E+14  0.00000000E+00 -0.26558078E-30
  0.43101091E+14  0.00000000E+00 -0.26406703E-30
  0.43147636E+14  0.00000000E+00 -0.26256492E-30
  0.43194182E+14  0.00000000E+00 -0.26107433E-30
  0.43240727E+14  0.00000000E+00 -0.25959514E-30
  0.43287273E+14  0.00000000E+00 -0.25812724E-30
  0.43333818E+14  0.00000000E+00 -0.25667052E-30
  0.43380364E+14  0.00000000E+00 -0.25522487E-30
  0.43426909E+14  0.00000000E+00 -0.25379017E-30
  0.43473455E+14  0.00000000E+00 -0.25236633E-30
  0.43520000E+14  0.00000000E+00 -0.25095323E-30
  0.43566545E+14  0.00000000E+00 -0.24955077E-30
  0.43613091E+14  0.00000000E+00 -0.24815884E-30
  0.43659636E+14  0.00000000E+00 -0.24677735E-30
  0.43706182E+14  0.00000000E+00 -0.24540619E-30
  0.43752727E+14  0.00000000E+00 -0.24404525E-30
  0.43799273E+14  0.00000000E+00 -0.24269445E-30
  0.43845818E+14  0.00000000E+00 -0.24135369E-30
  0.43892364E+14  0.00000000E+00 -0.24002286E-30
  0.43938909E+14  0.00000000E+00 -0.23870188E-30
  0.43985455E+14  0.00000000E+00 -0.23739064E-30
  0.44032000E+14  0.00000000E+00 -0.23608906E-30
  0.44078545E+14  0.00000000E+00 -0.23479705E-30
  0.44125091E+14  0.00000000E+00 -0.23351450E-30
  0.44171636E+14  0.00000000E+00 -0.23224134E-30
  0.44218182E+14  0.00000000E+00 -0.23097748E-30
  0.44264727E+14  0.00000000E+00 -0.22972282E-30
  0.44311273E+14  0.00000000E+00 -0.22847728E-30
  0.44357818E+14  0.00000000E+00 -0.22724078E-30
  0.44404364E+14  0.00000000E+00 -0.22601323E-30
  0.44450909E+14  0.00000000E+00 -0.22479454E-30
  0.44497455E+14  0.00000000E+00 -0.22358464E-30
  0.44544000E+14  0.00000000E+00 -0.22238345E-30
  0.44590545E+14  0.00000000E+00 -0.22119087E-30
  0.44637091E+14  0.00000000E+00 -0.22000684E-30
  0.44683636E+14  0.00000000E+00 -0.21883127E-30
  0.44730182E+14  0.00000000E+00 -0.21766409E-30
  0.44776727E+14  0.00000000E+00 -0.21650521E-30
  0.44823273E+14  0.00000000E+00 -0.21535457E-30
  0.44869818E+14  0.00000000E+00 -0.21421209E-30
  0.44916364E+14  0.00000000E+00 -0.21307769E-30
  0.44962909E+14  0.00000000E+00 -0.21195130E-30
  0.45009455E+14  0.00000000E+00 -0.21083285E-30
  0.45056000E+14  0.00000000E+00 -0.20972226E-30
  0.45102545E+14  0.00000000E+00 -0.20861947E-30
  0.45149091E+14  0.00000000E+00 -0.20752440E-30
  0.45195636E+14  0.00000000E+00 -0.20643699E-30
  0.45242182E+14  0.00000000E+00 -0.20535716E-30
  0.45288727E+14  0.00000000E+00 -0.20428485E-30
  0.45335273E+14  0.00000000E+00 -0.20321999E-30
  0.45381818E+14  0.00000000E+00 -0.20216252E-30
  0.45428364E+14  0.00000000E+00 -0.20111237E-30
  0.45474909E+14  0.00000000E+00 -0.20006947E-30
  0.45521455E+14  0.00000000E+00 -0.19903376E-30
  0.45568000E+14  0.00000000E+00 -0.19800518E-30
  0.45614545E+14  0.00000000E+00 -0.19698366E-30
  0.45661091E+14  0.00000000E+00 -0.19596914E-30
  0.45707636E+14  0.00000000E+00 -0.19496157E-30
  0.45754182E+14  0.00000000E+00 -0.19396087E-30
  0.45800727E+14  0.00000000E+00 -0.19296700E-30
  0.45847273E+14  0.00000000E+00 -0.19197988E-30
  0.45893818E+14  0.00000000E+00 -0.19099946E-30
  0.45940364E+14  0.00000000E+00 -0.19002569E-30
  0.45986909E+14  0.00000000E+00 -0.18905851E-30
  0.46033455E+14  0.00000000E+00 -0.18809785E-30
  0.46080000E+14  0.00000000E+00 -0.18714367E-30
  0.46126545E+14  0.00000000E+00 -0.18619590E-30
  0.46173091E+14  0.00000000E+00 -0.18525450E-30
  0.46219636E+14  0.00000000E+00 -0.18431940E-30
  0.46266182E+14  0.00000000E+00 -0.18339055E-30
  0.46312727E+14  0.00000000E+00 -0.18246791E-30
  0.46359273E+14  0.00000000E+00 -0.18155141E-30
  0.46405818E+14  0.00000000E+00 -0.18064101E-30
  0.46452364E+14  0.00000000E+00 -0.17973665E-30
  0.46498909E+14  0.00000000E+00 -0.17883829E-30
  0.46545455E+14  0.00000000E+00 -0.17794587E-30
  0.46592000E+14  0.00000000E+00 -0.17705933E-30
  0.46638545E+14  0.00000000E+00 -0.17617865E-30
  0.46685091E+14  0.00000000E+00 -0.17530375E-30
  0.46731636E+14  0.00000000E+00 -0.17443460E-30
  0.46778182E+14  0.00000000E+00 -0.17357114E-30
  0.46824727E+14  0.00000000E+00 -0.17271334E-30
  0.46871273E+14  0.00000000E+00 -0.17186113E-30
  0.46917818E+14  0.00000000E+00 -0.17101449E-30
  0.46964364E+14  0.00000000E+00 -0.17017335E-30
  0.47010909E+14  0.00000000E+00 -0.16933768E-30
  0.47057455E+14  0.00000000E+00 -0.16850742E-30
  0.47104000E+14  0.00000000E+00 -0.16768254E-30
  0.47150545E+14  0.00000000E+00 -0.16686299E-30
  0.47197091E+14  0.00000000E+00 -0.16604873E-30
  0.47243636E+14  0.00000000E+00 -0.16523970E-30
  0.47290182E+14  0.00000000E+00 -0.16443588E-30
  0.47336727E+14  0.00000000E+00 -0.16363722E-30
  0.47383273E+14  0.00000000E+00 -0.16284367E-30
  0.47429818E+14  0.00000000E+00 -0.16205520E-30
  0.47476364E+14  0.00000000E+00 -0.16127176E-30
  0.47522909E+14  0.00000000E+00 -0.16049331E-30
  0.47569455E+14  0.00000000E+00 -0.15971982E-30
  0.47616000E+14  0.00000000E+00 -0.15895123E-30
  0.47662545E+14  0.00000000E+00 -0.15818752E-30
  0.47709091E+14  0.00000000E+00 -0.15742865E-30
  0.47755636E+14  0.00000000E+00 -0.15667456E-30
  0.47802182E+14  0.00000000E+00 -0.15592523E-30
  0.47848727E+14  0.00000000E+00 -0.15518063E-30
  0.47895273E+14  0.00000000E+00 -0.15444070E-30
  0.47941818E+14  0.00000000E+00 -0.15370541E-30
  0.47988364E+14  0.00000000E+00 -0.15297473E-30
  0.48034909E+14  0.00000000E+00 -0.15224863E-30
  0.48081455E+14  0.00000000E+00 -0.15152705E-30
  0.48128000E+14  0.00000000E+00 -0.15080997E-30
  0.48174545E+14  0.00000000E+00 -0.15009736E-30
  0.48221091E+14  0.00000000E+00 -0.14938917E-30
  0.48267636E+14  0.00000000E+00 -0.14868538E-30
  0.48314182E+14  0.00000000E+00 -0.14798594E-30
  0.48360727E+14  0.00000000E+00 -0.14729083E-30
  0.48407273E+14  0.00000000E+00 -0.14660001E-30
  0.48453818E+14  0.00000000E+00 -0.14591344E-30
  0.48500364E+14  0.00000000E+00 -0.14523110E-30
  0.48546909E+14  0.00000000E+00 -0.14455295E-30
  0.48593455E+14  0.00000000E+00 -0.14387895E-30
  0.48640000E+14  0.00000000E+00 -0.14320909E-30
  0.48686545E+14  0.00000000E+00 -0.14254332E-30
  0.48733091E+14  0.00000000E+00 -0.14188161E-30
  0.48779636E+14  0.00000000E+00 -0.14122393E-30
  0.48826182E+14  0.00000000E+00 -0.14057025E-30
  0.48872727E+14  0.00000000E+00 -0.13992054E-30
  0.48919273E+14  0.00000000E+00 -0.13927477E-30
  0.48965818E+14  0.00000000E+00 -0.13863291E-30
  0.49012364E+14  0.00000000E+00 -0.13799493E-30
  0.49058909E+14  0.00000000E+00 -0.13736080E-30
  0.49105455E+14  0.00000000E+00 -0.13673049E-30
  0.49152000E+14  0.00000000E+00 -0.13610397E-30
  0.49198545E+14  0.00000000E+00 -0.13548121E-30
  0.49245091E+14  0.00000000E+00 -0.13486219E-30
  0.49291636E+14  0.00000000E+00 -0.13424687E-30
  0.49338182E+14  0.00000000E+00 -0.13363523E-30
  0.49384727E+14  0.00000000E+00 -0.13302724E-30
  0.49431273E+14  0.00000000E+00 -0.13242288E-30
  0.49477818E+14  0.00000000E+00 -0.13182211E-30
  0.49524364E+14  0.00000000E+00 -0.13122490E-30
  0.49570909E+14  0.00000000E+00 -0.13063124E-30
  0.49617455E+14  0.00000000E+00 -0.13004110E-30
  0.49664000E+14  0.00000000E+00 -0.12945445E-30
  0.49710545E+14  0.00000000E+00 -0.12887126E-30
  0.49757091E+14  0.00000000E+00 -0.12829150E-30
  0.49803636E+14  0.00000000E+00 -0.12771516E-30
  0.49850182E+14  0.00000000E+00 -0.12714221E-30
  0.49896727E+14  0.00000000E+00 -0.12657262E-30
  0.49943273E+14  0.00000000E+00 -0.12600636E-30
  0.49989818E+14  0.00000000E+00 -0.12544342E-30
  0.50036364E+14  0.00000000E+00 -0.12488377E-30
  0.50082909E+14  0.00000000E+00 -0.12432738E-30
  0.50129455E+14  0.00000000E+00 -0.12377423E-30
  0.50176000E+14  0.00000000E+00 -0.12322430E-30
  0.50222545E+14  0.00000000E+00 -0.12267756E-30
  0.50269091E+14  0.00000000E+00 -0.12213399E-30
  0.50315636E+14  0.00000000E+00 -0.12159356E-30
  0.50362182E+14  0.00000000E+00 -0.12105626E-30
  0.50408727E+14  0.00000000E+00 -0.12052206E-30
  0.50455273E+14  0.00000000E+00 -0.11999094E-30
  0.50501818E+14  0.00000000E+00 -0.11946288E-30
  0.50548364E+14  0.00000000E+00 -0.11893785E-30
  0.50594909E+14  0.00000000E+00 -0.11841583E-30
  0.50641455E+14  0.00000000E+00 -0.11789681E-30
  0.50688000E+14  0.00000000E+00 -0.11738075E-30
  0.50734545E+14  0.00000000E+00 -0.11686764E-30
  0.50781091E+14  0.00000000E+00 -0.11635746E-30
  0.50827636E+14  0.00000000E+00 -0.11585018E-30
  0.50874182E+14  0.00000000E+00 -0.11534579E-30
  0.50920727E+14  0.00000000E+00 -0.11484426E-30
  0.50967273E+14  0.00000000E+00 -0.11434558E-30
  0.51013818E+14  0.00000000E+00 -0.11384972E-30
  0.51060364E+14  0.00000000E+00 -0.11335667E-30
  0.51106909E+14  0.00000000E+00 -0.11286640E-30
  0.51153455E+14  0.00000000E+00 -0.11237889E-30
  0.51200000E+14  0.00000000E+00 -0.11189413E-30
  0.51246545E+14  0.00000000E+00 -0.11141209E-30
  0.51293091E+14  0.00000000E+00 -0.11093276E-30
  0.51339636E+14  0.00000000E+00 -0.11045612E-30
  0.51386182E+14  0.00000000E+00 -0.10998215E-30
  0.51432727E+14  0.00000000E+00 -0.10951082E-30
  0.51479273E+14  0.00000000E+00 -0.10904213E-30
  0.51525818E+14  0.00000000E+00 -0.10857605E-30
  0.51572364E+14  0.00000000E+00 -0.10811256E-30
  0.51618909E+14  0.00000000E+00 -0.10765165E-30
  0.51665455E+14  0.00000000E+00 -0.10719330E-30
  0.51712000E+14  0.00000000E+00 -0.10673749E-30
  0.51758545E+14  0.00000000E+00 -0.10628420E-30
  0.51805091E+14  0.00000000E+00 -0.10583342E-30
  0.51851636E+14  0.00000000E+00 -0.10538513E-30
  0.51898182E+14  0.00000000E+00 -0.10493930E-30
  0.51944727E+14  0.00000000E+00 -0.10449594E-30
  0.51991273E+14  0.00000000E+00 -0.10405501E-30
  0.52037818E+14  0.00000000E+00 -0.10361650E-30
  0.52084364E+14  0.00000000E+00 -0.10318039E-30
  0.52130909E+14  0.00000000E+00 -0.10274667E-30
  0.52177455E+14  0.00000000E+00 -0.10231532E-30
  0.52224000E+14  0.00000000E+00 -0.10188633E-30
  0.52270545E+14  0.00000000E+00 -0.10145968E-30
  0.52317091E+14  0.00000000E+00 -0.10103534E-30
  0.52363636E+14  0.00000000E+00 -0.10061332E-30
  0.52410182E+14  0.00000000E+00 -0.10019359E-30
  0.52456727E+14  0.00000000E+00 -0.99776131E-31
  0.52503273E+14  0.00000000E+00 -0.99360935E-31
  0.52549818E+14  0.00000000E+00 -0.98947984E-31
  0.52596364E+14  0.00000000E+00 -0.98537263E-31
  0.52642909E+14  0.00000000E+00 -0.98128758E-31
  0.52689455E+14  0.00000000E+00 -0.97722452E-31
  0.52736000E+14  0.00000000E+00 -0.97318332E-31
  0.52782545E+14  0.00000000E+00 -0.96916382E-31
  0.52829091E+14  0.00000000E+00 -0.96516589E-31
  0.52875636E+14  0.00000000E+00 -0.96118937E-31
  0.52922182E+14  0.00000000E+00 -0.95723413E-31
  0.52968727E+14  0.00000000E+00 -0.95330002E-31
  0.53015273E+14  0.00000000E+00 -0.94938690E-31
  0.53061818E+14  0.00000000E+00 -0.94549463E-31
  0.53108364E+14  0.00000000E+00 -0.94162308E-31
  0.53154909E+14  0.00000000E+00 -0.93777210E-31
  0.53201455E+14  0.00000000E+00 -0.93394156E-31
  0.53248000E+14  0.00000000E+00 -0.93013132E-31
  0.53294545E+14  0.00000000E+00 -0.92634126E-31
  0.53341091E+14  0.00000000E+00 -0.92257123E-31
  0.53387636E+14  0.00000000E+00 -0.91882110E-31
  0.53434182E+14  0.00000000E+00 -0.91509075E-31
  0.53480727E+14  0.00000000E+00 -0.91138005E-31
  0.53527273E+14  0.00000000E+00 -0.90768886E-31
  0.53573818E+14  0.00000000E+00 -0.90401705E-31
  0.53620364E+14  0.00000000E+00 -0.90036451E-31
  0.53666909E+14  0.00000000E+00 -0.89673110E-31
  0.53713455E+14  0.00000000E+00 -0.89311670E-31
  0.53760000E+14  0.00000000E+00 -0.88952119E-31
  0.53806545E+14  0.00000000E+00 -0.88594444E-31
  0.53853091E+14  0.00000000E+00 -0.88238633E-31
  0.53899636E+14  0.00000000E+00 -0.87884675E-31
  0.53946182E+14  0.00000000E+00 -0.87532556E-31
  0.53992727E+14  0.00000000E+00 -0.87182265E-31
  0.54039273E+14  0.00000000E+00 -0.86833791E-31
  0.54085818E+14  0.00000000E+00 -0.86487122E-31
  0.54132364E+14  0.00000000E+00 -0.86142245E-31
  0.54178909E+14  0.00000000E+00 -0.85799150E-31
  0.54225455E+14  0.00000000E+00 -0.85457824E-31
  0.54272000E+14  0.00000000E+00 -0.85118258E-31
  0.54318545E+14  0.00000000E+00 -0.84780439E-31
  0.54365091E+14  0.00000000E+00 -0.84444356E-31
  0.54411636E+14  0.00000000E+00 -0.84109998E-31
  0.54458182E+14  0.00000000E+00 -0.83777354E-31
  0.54504727E+14  0.00000000E+00 -0.83446413E-31
  0.54551273E+14  0.00000000E+00 -0.83117165E-31
  0.54597818E+14  0.00000000E+00 -0.82789598E-31
  0.54644364E+14  0.00000000E+00 -0.82463702E-31
  0.54690909E+14  0.00000000E+00 -0.82139467E-31
  0.54737455E+14  0.00000000E+00 -0.81816881E-31
  0.54784000E+14  0.00000000E+00 -0.81495934E-31
  0.54830545E+14  0.00000000E+00 -0.81176617E-31
  0.54877091E+14  0.00000000E+00 -0.80858918E-31
  0.54923636E+14  0.00000000E+00 -0.80542828E-31
  0.54970182E+14  0.00000000E+00 -0.80228336E-31
  0.55016727E+14  0.00000000E+00 -0.79915433E-31
  0.55063273E+14  0.00000000E+00 -0.79604108E-31
  0.55109818E+14  0.00000000E+00 -0.79294351E-31
  0.55156364E+14  0.00000000E+00 -0.78986153E-31
  0.55202909E+14  0.00000000E+00 -0.78679505E-31
  0.55249455E+14  0.00000000E+00 -0.78374395E-31
  0.55296000E+14  0.00000000E+00 -0.78070815E-31
  0.55342545E+14  0.00000000E+00 -0.77768756E-31
  0.55389091E+14  0.00000000E+00 -0.77468207E-31
  0.55435636E+14  0.00000000E+00 -0.77169159E-31
  0.55482182E+14  0.00000000E+00 -0.76871604E-31
  0.55528727E+14  0.00000000E+00 -0.76575532E-31
  0.55575273E+14  0.00000000E+00 -0.76280933E-31
  0.55621818E+14  0.00000000E+00 -0.75987798E-31
  0.55668364E+14  0.00000000E+00 -0.75696120E-31
  0.55714909E+14  0.00000000E+00 -0.75405887E-31
  0.55761455E+14  0.00000000E+00 -0.75117093E-31
  0.55808000E+14  0.00000000E+00 -0.74829727E-31
  0.55854545E+14  0.00000000E+00 -0.74543781E-31
  0.55901091E+14  0.00000000E+00 -0.74259247E-31
  0.55947636E+14  0.00000000E+00 -0.73976115E-31
  0.55994182E+14  0.00000000E+00 -0.73694378E-31
  0.56040727E+14  0.00000000E+00 -0.73414026E-31
  0.56087273E+14  0.00000000E+00 -0.73135052E-31
  0.56133818E+14  0.00000000E+00 -0.72857446E-31
  0.56180364E+14  0.00000000E+00 -0.72581200E-31
  0.56226909E+14  0.00000000E+00 -0.72306307E-31
  0.56273455E+14  0.00000000E+00 -0.72032758E-31
  0.56320000E+14  0.00000000E+00 -0.71760545E-31
  0.56366545E+14  0.00000000E+00 -0.71489659E-31
  0.56413091E+14  0.00000000E+00 -0.71220094E-31
  0.56459636E+14  0.00000000E+00 -0.70951840E-31
  0.56506182E+14  0.00000000E+00 -0.70684890E-31
  0.56552727E+14  0.00000000E+00 -0.70419236E-31
  0.56599273E+14  0.00000000E+00 -0.70154870E-31
  0.56645818E+14  0.00000000E+00 -0.69891784E-31
  0.56692364E+14  0.00000000E+00 -0.69629972E-31
  0.56738909E+14  0.00000000E+00 -0.69369425E-31
  0.56785455E+14  0.00000000E+00 -0.69110135E-31
  0.56832000E+14  0.00000000E+00 -0.68852096E-31
  0.56878545E+14  0.00000000E+00 -0.68595299E-31
  0.56925091E+14  0.00000000E+00 -0.68339737E-31
  0.56971636E+14  0.00000000E+00 -0.68085403E-31
  0.57018182E+14  0.00000000E+00 -0.67832290E-31
  0.57064727E+14  0.00000000E+00 -0.67580390E-31
  0.57111273E+14  0.00000000E+00 -0.67329696E-31
  0.57157818E+14  0.00000000E+00 -0.67080202E-31
  0.57204364E+14  0.00000000E+00 -0.66831899E-31
  0.57250909E+14  0.00000000E+00 -0.66584781E-31
  0.57297455E+14  0.00000000E+00 -0.66338840E-31
  0.57344000E+14  0.00000000E+00 -0.66094071E-31
  0.57390545E+14  0.00000000E+00 -0.65850466E-31
  0.57437091E+14  0.00000000E+00 -0.65608018E-31
  0.57483636E+14  0.00000000E+00 -0.65366720E-31
  0.57530182E+14  0.00000000E+00 -0.65126566E-31
  0.57576727E+14  0.00000000E+00 -0.64887548E-31
  0.57623273E+14  0.00000000E+00 -0.64649661E-31
  0.57669818E+14  0.00000000E+00 -0.64412898E-31
  0.57716364E+14  0.00000000E+00 -0.64177251E-31
  0.57762909E+14  0.00000000E+00 -0.63942716E-31
  0.57809455E+14  0.00000000E+00 -0.63709284E-31
  0.57856000E+14  0.00000000E+00 -0.63476950E-31
  0.57902545E+14  0.00000000E+00 -0.63245707E-31
  0.57949091E+14  0.00000000E+00 -0.63015549E-31
  0.57995636E+14  0.00000000E+00 -0.62786470E-31
  0.58042182E+14  0.00000000E+00 -0.62558463E-31
  0.58088727E+14  0.00000000E+00 -0.62331523E-31
  0.58135273E+14  0.00000000E+00 -0.62105642E-31
  0.58181818E+14  0.00000000E+00 -0.61880815E-31
  0.58228364E+14  0.00000000E+00 -0.61657036E-31
  0.58274909E+14  0.00000000E+00 -0.61434299E-31
  0.58321455E+14  0.00000000E+00 -0.61212598E-31
  0.58368000E+14  0.00000000E+00 -0.60991927E-31
  0.58414545E+14  0.00000000E+00 -0.60772279E-31
  0.58461091E+14  0.00000000E+00 -0.60553650E-31
  0.58507636E+14  0.00000000E+00 -0.60336033E-31
  0.58554182E+14  0.00000000E+00 -0.60119422E-31
  0.58600727E+14  0.00000000E+00 -0.59903813E-31
  0.58647273E+14  0.00000000E+00 -0.59689198E-31
  0.58693818E+14  0.00000000E+00 -0.59475572E-31
  0.58740364E+14  0.00000000E+00 -0.59262930E-31
  0.58786909E+14  0.00000000E+00 -0.59051267E-31
  0.58833455E+14  0.00000000E+00 -0.58840575E-31
  0.58880000E+14  0.00000000E+00 -0.58630851E-31
  0.58926545E+14  0.00000000E+00 -0.58422089E-31
  0.58973091E+14  0.00000000E+00 -0.58214282E-31
  0.59019636E+14  0.00000000E+00 -0.58007426E-31
  0.59066182E+14  0.00000000E+00 -0.57801516E-31
  0.59112727E+14  0.00000000E+00 -0.57596546E-31
  0.59159273E+14  0.00000000E+00 -0.57392510E-31
  0.59205818E+14  0.00000000E+00 -0.57189404E-31
  0.59252364E+14  0.00000000E+00 -0.56987222E-31
  0.59298909E+14  0.00000000E+00 -0.56785959E-31
  0.59345455E+14  0.00000000E+00 -0.56585610E-31
  0.59392000E+14  0.00000000E+00 -0.56386169E-31
  0.59438545E+14  0.00000000E+00 -0.56187633E-31
  0.59485091E+14  0.00000000E+00 -0.55989995E-31
  0.59531636E+14  0.00000000E+00 -0.55793251E-31
  0.59578182E+14  0.00000000E+00 -0.55597395E-31
  0.59624727E+14  0.00000000E+00 -0.55402423E-31
  0.59671273E+14  0.00000000E+00 -0.55208329E-31
  0.59717818E+14  0.00000000E+00 -0.55015110E-31
  0.59764364E+14  0.00000000E+00 -0.54822760E-31
  0.59810909E+14  0.00000000E+00 -0.54631273E-31
  0.59857455E+14  0.00000000E+00 -0.54440647E-31
  0.59904000E+14  0.00000000E+00 -0.54250874E-31
  0.59950545E+14  0.00000000E+00 -0.54061952E-31
  0.59997091E+14  0.00000000E+00 -0.53873875E-31
  0.60043636E+14  0.00000000E+00 -0.53686639E-31
  0.60090182E+14  0.00000000E+00 -0.53500239E-31
  0.60136727E+14  0.00000000E+00 -0.53314670E-31
  0.60183273E+14  0.00000000E+00 -0.53129927E-31
  0.60229818E+14  0.00000000E+00 -0.52946007E-31
  0.60276364E+14  0.00000000E+00 -0.52762905E-31
  0.60322909E+14  0.00000000E+00 -0.52580616E-31
  0.60369455E+14  0.00000000E+00 -0.52399136E-31
  0.60416000E+14  0.00000000E+00 -0.52218460E-31
  0.60462545E+14  0.00000000E+00 -0.52038584E-31
  0.60509091E+14  0.00000000E+00 -0.51859504E-31
  0.60555636E+14  0.00000000E+00 -0.51681215E-31
  0.60602182E+14  0.00000000E+00 -0.51503713E-31
  0.60648727E+14  0.00000000E+00 -0.51326993E-31
  0.60695273E+14  0.00000000E+00 -0.51151052E-31
  0.60741818E+14  0.00000000E+00 -0.50975886E-31
  0.60788364E+14  0.00000000E+00 -0.50801489E-31
  0.60834909E+14  0.00000000E+00 -0.50627858E-31
  0.60881455E+14  0.00000000E+00 -0.50454989E-31
  0.60928000E+14  0.00000000E+00 -0.50282878E-31
  0.60974545E+14  0.00000000E+00 -0.50111520E-31
  0.61021091E+14  0.00000000E+00 -0.49940912E-31
  0.61067636E+14  0.00000000E+00 -0.49771048E-31
  0.61114182E+14  0.00000000E+00 -0.49601927E-31
  0.61160727E+14  0.00000000E+00 -0.49433543E-31
  0.61207273E+14  0.00000000E+00 -0.49265892E-31
  0.61253818E+14  0.00000000E+00 -0.49098971E-31
  0.61300364E+14  0.00000000E+00 -0.48932775E-31
  0.61346909E+14  0.00000000E+00 -0.48767301E-31
  0.61393455E+14  0.00000000E+00 -0.48602545E-31
  0.61440000E+14  0.00000000E+00 -0.48438503E-31
  0.61486545E+14  0.00000000E+00 -0.48275171E-31
  0.61533091E+14  0.00000000E+00 -0.48112546E-31
  0.61579636E+14  0.00000000E+00 -0.47950623E-31
  0.61626182E+14  0.00000000E+00 -0.47789400E-31
  0.61672727E+14  0.00000000E+00 -0.47628871E-31
  0.61719273E+14  0.00000000E+00 -0.47469034E-31
  0.61765818E+14  0.00000000E+00 -0.47309885E-31
  0.61812364E+14  0.00000000E+00 -0.47151421E-31
  0.61858909E+14  0.00000000E+00 -0.46993637E-31
  0.61905455E+14  0.00000000E+00 -0.46836530E-31
  0.61952000E+14  0.00000000E+00 -0.46680096E-31
  0.61998545E+14  0.00000000E+00 -0.46524332E-31
  0.62045091E+14  0.00000000E+00 -0.46369235E-31
  0.62091636E+14  0.00000000E+00 -0.46214801E-31
  0.62138182E+14  0.00000000E+00 -0.46061025E-31
  0.62184727E+14  0.00000000E+00 -0.45907906E-31
  0.62231273E+14  0.00000000E+00 -0.45755440E-31
  0.62277818E+14  0.00000000E+00 -0.45603622E-31
  0.62324364E+14  0.00000000E+00 -0.45452450E-31
  0.62370909E+14  0.00000000E+00 -0.45301921E-31
  0.62417455E+14  0.00000000E+00 -0.45152030E-31
  0.62464000E+14  0.00000000E+00 -0.45002775E-31
  0.62510545E+14  0.00000000E+00 -0.44854152E-31
  0.62557091E+14  0.00000000E+00 -0.44706158E-31
  0.62603636E+14  0.00000000E+00 -0.44558790E-31
  0.62650182E+14  0.00000000E+00 -0.44412044E-31
  0.62696727E+14  0.00000000E+00 -0.44265918E-31
  0.62743273E+14  0.00000000E+00 -0.44120408E-31
  0.62789818E+14  0.00000000E+00 -0.43975510E-31
  0.62836364E+14  0.00000000E+00 -0.43831222E-31
  0.62882909E+14  0.00000000E+00 -0.43687541E-31
  0.62929455E+14  0.00000000E+00 -0.43544463E-31
  0.62976000E+14  0.00000000E+00 -0.43401985E-31
  0.63022545E+14  0.00000000E+00 -0.43260105E-31
  0.63069091E+14  0.00000000E+00 -0.43118818E-31
  0.63115636E+14  0.00000000E+00 -0.42978123E-31
  0.63162182E+14  0.00000000E+00 -0.42838015E-31
  0.63208727E+14  0.00000000E+00 -0.42698493E-31
  0.63255273E+14  0.00000000E+00 -0.42559552E-31
  0.63301818E+14  0.00000000E+00 -0.42421191E-31
  0.63348364E+14  0.00000000E+00 -0.42283405E-31
  0.63394909E+14  0.00000000E+00 -0.42146193E-31
  0.63441455E+14  0.00000000E+00 -0.42009551E-31
  0.63488000E+14  0.00000000E+00 -0.41873476E-31
  0.63534545E+14  0.00000000E+00 -0.41737965E-31
  0.63581091E+14  0.00000000E+00 -0.41603016E-31
  0.63627636E+14  0.00000000E+00 -0.41468626E-31
  0.63674182E+14  0.00000000E+00 -0.41334791E-31
  0.63720727E+14  0.00000000E+00 -0.41201509E-31
  0.63767273E+14  0.00000000E+00 -0.41068778E-31
  0.63813818E+14  0.00000000E+00 -0.40936593E-31
  0.63860364E+14  0.00000000E+00 -0.40804954E-31
  0.63906909E+14  0.00000000E+00 -0.40673856E-31
  0.63953455E+14  0.00000000E+00 -0.40543297E-31
  0.64000000E+14  0.00000000E+00 -0.40413275E-31
