  0.46545455E+11  0.28805300E-29 -0.36049587E-28
  0.93090909E+11  0.38641894E-29 -0.34575337E-28
  0.13963636E+12  0.57566772E-29 -0.33332026E-28
  0.18618182E+12  0.69210426E-29 -0.30433806E-28
  0.23272727E+12  0.51139064E-29 -0.28381122E-28
  0.27927273E+12  0.40313587E-29 -0.29320753E-28
  0.32581818E+12  0.46796196E-29 -0.29460725E-28
  0.37236364E+12  0.49928149E-29 -0.29432989E-28
  0.41890909E+12  0.57548063E-29 -0.29356875E-28
  0.46545455E+12  0.62708568E-29 -0.28630411E-28
  0.51200000E+12  0.61769859E-29 -0.28000340E-28
  0.55854545E+12  0.60322770E-29 -0.28032447E-28
  0.60509091E+12  0.62199431E-29 -0.28110704E-28
  0.65163636E+12  0.66584295E-29 -0.28387928E-28
  0.69818182E+12  0.76310505E-29 -0.28028996E-28
  0.74472727E+12  0.78982087E-29 -0.27208090E-28
  0.79127273E+12  0.75851540E-29 -0.26836250E-28
  0.83781818E+12  0.76255894E-29 -0.27052733E-28
  0.88436364E+12  0.80354701E-29 -0.27202801E-28
  0.93090909E+12  0.86329274E-29 -0.27041097E-28
  0.97745455E+12  0.90599352E-29 -0.26588430E-28
  0.10240000E+13  0.91345667E-29 -0.26317722E-28
  0.10705455E+13  0.93335838E-29 -0.26205606E-28
  0.11170909E+13  0.96644314E-29 -0.26025333E-28
  0.11636364E+13  0.98538145E-29 -0.25874963E-28
  0.12101818E+13  0.10219534E-28 -0.25727012E-28
  0.12567273E+13  0.10531570E-28 -0.25482286E-28
  0.13032727E+13  0.10771999E-28 -0.25242417E-28
  0.13498182E+13  0.10989628E-28 -0.25030340E-28
  0.13963636E+13  0.11141892E-28 -0.24891005E-28
  0.14429091E+13  0.11491763E-28 -0.24850750E-28
  0.14894545E+13  0.11983943E-28 -0.24514036E-28
  0.15360000E+13  0.12094417E-28 -0.24094235E-28
  0.15825455E+13  0.12107799E-28 -0.23984064E-28
  0.16290909E+13  0.12422378E-28 -0.23955287E-28
  0.16756364E+13  0.12814620E-28 -0.23778043E-28
  0.17221818E+13  0.13187881E-28 -0.23446652E-28
  0.17687273E+13  0.13323287E-28 -0.23081184E-28
  0.18152727E+13  0.13416137E-28 -0.22870875E-28
  0.18618182E+13  0.13649556E-28 -0.22796409E-28
  0.19083636E+13  0.13971919E-28 -0.22555159E-28
  0.19549091E+13  0.14182607E-28 -0.22293952E-28
  0.20014545E+13  0.14408066E-28 -0.22058707E-28
  0.20480000E+13  0.14650684E-28 -0.21828298E-28
  0.20945455E+13  0.14845517E-28 -0.21544786E-28
  0.21410909E+13  0.15019685E-28 -0.21317213E-28
  0.21876364E+13  0.15257341E-28 -0.21144498E-28
  0.22341818E+13  0.15571275E-28 -0.20856820E-28
  0.22807273E+13  0.15736061E-28 -0.20469768E-28
  0.23272727E+13  0.15768942E-28 -0.20192562E-28
  0.23738182E+13  0.15882825E-28 -0.20092255E-28
  0.24203636E+13  0.16163710E-28 -0.19984113E-28
  0.24669091E+13  0.16549844E-28 -0.19693001E-28
  0.25134545E+13  0.16767991E-28 -0.19213824E-28
  0.25600000E+13  0.16781917E-28 -0.18872076E-28
  0.26065455E+13  0.16841049E-28 -0.18695244E-28
  0.26530909E+13  0.17061365E-28 -0.18507795E-28
  0.26996364E+13  0.17245806E-28 -0.18239354E-28
  0.27461818E+13  0.17420017E-28 -0.17953552E-28
  0.27927273E+13  0.17580345E-28 -0.17666734E-28
  0.28392727E+13  0.17723618E-28 -0.17373873E-28
  0.28858182E+13  0.17838036E-28 -0.17094958E-28
  0.29323636E+13  0.17974914E-28 -0.16851095E-28
  0.29789091E+13  0.18167942E-28 -0.16567733E-28
  0.30254545E+13  0.18325214E-28 -0.16216258E-28
  0.30720000E+13  0.18375039E-28 -0.15852703E-28
  0.31185455E+13  0.18369105E-28 -0.15619614E-28
  0.31650909E+13  0.18485567E-28 -0.15466835E-28
  0.32116364E+13  0.18726084E-28 -0.15231800E-28
  0.32581818E+13  0.18908381E-28 -0.14822872E-28
  0.33047273E+13  0.18947689E-28 -0.14445639E-28
  0.33512727E+13  0.18948842E-28 -0.14171464E-28
  0.33978182E+13  0.19028896E-28 -0.13929422E-28
  0.34443636E+13  0.19125166E-28 -0.13656025E-28
  0.34909091E+13  0.19217026E-28 -0.13356225E-28
  0.35374545E+13  0.19291928E-28 -0.13060478E-28
  0.35840000E+13  0.19348150E-28 -0.12769018E-28
  0.36305455E+13  0.19420510E-28 -0.12460399E-28
  0.36770909E+13  0.19452079E-28 -0.12155861E-28
  0.37236364E+13  0.19501948E-28 -0.11885333E-28
  0.37701818E+13  0.19556834E-28 -0.11581426E-28
  0.38167273E+13  0.19589666E-28 -0.11259767E-28
  0.38632727E+13  0.19580414E-28 -0.10976955E-28
  0.39098182E+13  0.19602377E-28 -0.10722195E-28
  0.39563636E+13  0.19667831E-28 -0.10445410E-28
  0.40029091E+13  0.19701315E-28 -0.10105902E-28
  0.40494545E+13  0.19668358E-28 -0.97895277E-29
  0.40960000E+13  0.19647848E-28 -0.95299673E-29
  0.41425455E+13  0.19651448E-28 -0.92591259E-29
  0.41890909E+13  0.19661115E-28 -0.89687932E-29
  0.42356364E+13  0.19639867E-28 -0.86656225E-29
  0.42821818E+13  0.19597561E-28 -0.83949040E-29
  0.43287273E+13  0.19587674E-28 -0.81409271E-29
  0.43752727E+13  0.19590612E-28 -0.78514995E-29
  0.44218182E+13  0.19555821E-28 -0.75345293E-29
  0.44683636E+13  0.19479460E-28 -0.72371007E-29
  0.45149091E+13  0.19393837E-28 -0.69770840E-29
  0.45614545E+13  0.19327715E-28 -0.67499362E-29
  0.46080000E+13  0.19298837E-28 -0.65173838E-29
  0.46545455E+13  0.19286782E-28 -0.62508172E-29
  0.47010909E+13  0.19232038E-28 -0.59308899E-29
  0.47476364E+13  0.19122968E-28 -0.56426036E-29
  0.47941818E+13  0.19003965E-28 -0.54026325E-29
  0.48407273E+13  0.18913381E-28 -0.51758037E-29
  0.48872727E+13  0.18833057E-28 -0.49490614E-29
  0.49338182E+13  0.18762581E-28 -0.47046535E-29
  0.49803636E+13  0.18658335E-28 -0.44452586E-29
  0.50269091E+13  0.18547909E-28 -0.42145688E-29
  0.50734545E+13  0.18440772E-28 -0.39858118E-29
  0.51200000E+13  0.18330257E-28 -0.37635093E-29
  0.51665455E+13  0.18224351E-28 -0.35341380E-29
  0.52130909E+13  0.18093929E-28 -0.32932389E-29
  0.52596364E+13  0.17933302E-28 -0.30794066E-29
  0.53061818E+13  0.17791515E-28 -0.29107647E-29
  0.53527273E+13  0.17683062E-28 -0.27286610E-29
  0.53992727E+13  0.17565171E-28 -0.25192694E-29
  0.54458182E+13  0.17413862E-28 -0.23163400E-29
  0.54923636E+13  0.17274989E-28 -0.21387505E-29
  0.55389091E+13  0.17125437E-28 -0.19424461E-29
  0.55854545E+13  0.16949092E-28 -0.17648490E-29
  0.56320000E+13  0.16768109E-28 -0.16229599E-29
  0.56785455E+13  0.16625207E-28 -0.15037807E-29
  0.57250909E+13  0.16507821E-28 -0.13517704E-29
  0.57716364E+13  0.16351629E-28 -0.11688673E-29
  0.58181818E+13  0.16143185E-28 -0.10339521E-29
  0.58647273E+13  0.15981099E-28 -0.93437206E-30
  0.59112727E+13  0.15830936E-28 -0.80825029E-30
  0.59578182E+13  0.15644759E-28 -0.69259398E-30
  0.60043636E+13  0.15466369E-28 -0.62213793E-30
  0.60509091E+13  0.15341268E-28 -0.54043961E-30
  0.60974545E+13  0.15173521E-28 -0.41341731E-30
  0.61440000E+13  0.14969338E-28 -0.33250536E-30
  0.61905455E+13  0.14788764E-28 -0.31325499E-30
  0.62370909E+13  0.14659685E-28 -0.27287265E-30
  0.62836364E+13  0.14508182E-28 -0.20126934E-30
  0.63301818E+13  0.14315295E-28 -0.16143246E-30
  0.63767273E+13  0.14164401E-28 -0.18156608E-30
  0.64232727E+13  0.14053751E-28 -0.15317710E-30
  0.64698182E+13  0.13882992E-28 -0.12475037E-30
  0.65163636E+13  0.13712221E-28 -0.17469464E-30
  0.65629091E+13  0.13626228E-28 -0.22760708E-30
  0.66094545E+13  0.13516460E-28 -0.21131184E-30
  0.66560000E+13  0.13351394E-28 -0.25310951E-30
  0.67025455E+13  0.13240442E-28 -0.38006663E-30
  0.67490909E+13  0.13220776E-28 -0.46527152E-30
  0.67956364E+13  0.13145534E-28 -0.50247874E-30
  0.68421818E+13  0.13043766E-28 -0.60068701E-30
  0.68887273E+13  0.13001653E-28 -0.76303665E-30
  0.69352727E+13  0.13014772E-28 -0.87611943E-30
  0.69818182E+13  0.12991647E-28 -0.10061078E-29
  0.70283636E+13  0.13012035E-28 -0.12283225E-29
  0.70749091E+13  0.13152185E-28 -0.14161882E-29
  0.71214545E+13  0.13253124E-28 -0.15413951E-29
  0.71680000E+13  0.13342629E-28 -0.17682495E-29
  0.72145455E+13  0.13568871E-28 -0.20476002E-29
  0.72610909E+13  0.13864995E-28 -0.22692806E-29
  0.73076364E+13  0.14188193E-28 -0.25319020E-29
  0.73541818E+13  0.14653311E-28 -0.28565812E-29
  0.74007273E+13  0.15273616E-28 -0.31247416E-29
  0.74472727E+13  0.15956542E-28 -0.34099019E-29
  0.74938182E+13  0.16885437E-28 -0.38153794E-29
  0.75403636E+13  0.18283518E-28 -0.41938118E-29
  0.75869091E+13  0.20170582E-28 -0.44951416E-29
  0.76334545E+13  0.23306375E-28 -0.49332448E-29
  0.76800000E+13  0.31215195E-28 -0.51989520E-30
  0.77265455E+13  0.28431968E-28  0.72559320E-29
  0.77730909E+13  0.25493810E-28  0.10325189E-28
  0.78196364E+13  0.23056928E-28  0.12543100E-28
  0.78661818E+13  0.20907430E-28  0.14060341E-28
  0.79127273E+13  0.18241242E-28  0.15206173E-28
  0.79592727E+13  0.16057547E-28  0.15733685E-28
  0.80058182E+13  0.14007127E-28  0.16159508E-28
  0.80523636E+13  0.11967291E-28  0.16322789E-28
  0.80989091E+13  0.99016907E-29  0.16193233E-28
  0.81454545E+13  0.80354370E-29  0.15818056E-28
  0.81920000E+13  0.63094918E-29  0.15482680E-28
  0.82385455E+13  0.43403417E-29  0.14712891E-28
  0.82850909E+13  0.27059880E-29  0.13740941E-28
  0.83316364E+13  0.13061747E-29  0.12923220E-28
  0.83781818E+13 -0.29496382E-30  0.11779765E-28
  0.84247273E+13 -0.15833014E-29  0.10256358E-28
  0.84712727E+13 -0.27504616E-29  0.89941080E-29
  0.85178182E+13 -0.39859826E-29  0.73808910E-29
  0.85643636E+13 -0.47345295E-29  0.55122189E-29
  0.86109091E+13 -0.56322339E-29  0.38755150E-29
  0.86574545E+13 -0.64417116E-29  0.17678412E-29
  0.87040000E+13 -0.66126629E-29 -0.40453812E-30
  0.87505455E+13 -0.71529976E-29 -0.24832031E-29
  0.87970909E+13 -0.72387605E-29 -0.50571013E-29
  0.88436364E+13 -0.68804786E-29 -0.74267334E-29
  0.88901818E+13 -0.68251882E-29 -0.10062538E-28
  0.89367273E+13 -0.59635576E-29 -0.12846002E-28
  0.89832727E+13 -0.52119275E-29 -0.15754531E-28
  0.90298182E+13 -0.37390417E-29 -0.18850471E-28
  0.90763636E+13 -0.22362650E-29 -0.21722367E-28
  0.91229091E+13 -0.10126067E-30 -0.25413006E-28
  0.91694545E+13  0.24032219E-29 -0.28448029E-28
  0.92160000E+13  0.55564301E-29 -0.32525924E-28
  0.92625455E+13  0.94772905E-29 -0.35920235E-28
  0.93090909E+13  0.14222942E-28 -0.40230841E-28
  0.93556364E+13  0.19729986E-28 -0.44450583E-28
  0.94021818E+13  0.27653741E-28 -0.49174585E-28
  0.94487273E+13  0.36602919E-28 -0.54515217E-28
  0.94952727E+13  0.49828400E-28 -0.60145558E-28
  0.95418182E+13  0.69794960E-28 -0.67454045E-28
  0.95883636E+13  0.10831171E-27 -0.81317165E-28
  0.96349091E+13  0.16343375E-27 -0.57335607E-29
  0.96814545E+13  0.14123700E-27  0.35136570E-28
  0.97280000E+13  0.12841324E-27  0.60333138E-28
  0.97745455E+13  0.11872695E-27  0.90407351E-28
  0.98210909E+13  0.59599925E-28  0.12701138E-27
  0.98676364E+13  0.35547945E-28  0.10247148E-27
  0.99141818E+13  0.23297514E-28  0.91899995E-28
  0.99607273E+13  0.15131707E-28  0.84622480E-28
  0.10007273E+14  0.88987701E-29  0.79361766E-28
  0.10053818E+14  0.41560320E-29  0.75137477E-28
  0.10100364E+14 -0.59269803E-31  0.72066075E-28
  0.10146909E+14 -0.36059923E-29  0.69674083E-28
  0.10193455E+14 -0.70673487E-29  0.67928458E-28
  0.10240000E+14 -0.10355435E-28  0.66705056E-28
  0.10286545E+14 -0.13593914E-28  0.66131483E-28
  0.10333091E+14 -0.17272425E-28  0.66032213E-28
  0.10379636E+14 -0.21387584E-28  0.66572693E-28
  0.10426182E+14 -0.26285844E-28  0.67673855E-28
  0.10472727E+14 -0.32672039E-28  0.69751238E-28
  0.10519273E+14 -0.42981584E-28  0.73391991E-28
  0.10565818E+14 -0.60511767E-28  0.68825026E-28
  0.10612364E+14 -0.72808116E-28  0.58043156E-28
  0.10658909E+14 -0.82772002E-28  0.45034947E-28
  0.10705455E+14 -0.91210347E-28  0.24456803E-28
  0.10752000E+14 -0.80419904E-28  0.81644023E-29
  0.10798545E+14 -0.75552548E-28  0.84926229E-30
  0.10845091E+14 -0.71322772E-28 -0.64489336E-29
  0.10891636E+14 -0.67122787E-28 -0.13105442E-28
  0.10938182E+14 -0.62337580E-28 -0.19328316E-28
  0.10984727E+14 -0.56766135E-28 -0.24571006E-28
  0.11031273E+14 -0.50519879E-28 -0.28996637E-28
  0.11077818E+14 -0.43161163E-28 -0.30736623E-28
  0.11124364E+14 -0.37743758E-28 -0.30886427E-28
  0.11170909E+14 -0.33449867E-28 -0.30558498E-28
  0.11217455E+14 -0.28932087E-28 -0.29729284E-28
  0.11264000E+14 -0.25589264E-28 -0.27509226E-28
  0.11310545E+14 -0.23667602E-28 -0.23411803E-28
  0.11357091E+14 -0.26531926E-28 -0.20470894E-28
  0.11403636E+14 -0.29958508E-28 -0.21373568E-28
  0.11450182E+14 -0.32296107E-28 -0.24493345E-28
  0.11496727E+14 -0.33064949E-28 -0.28388673E-28
  0.11543273E+14 -0.32651052E-28 -0.32451123E-28
  0.11589818E+14 -0.31622273E-28 -0.36777348E-28
  0.11636364E+14 -0.29413513E-28 -0.41207521E-28
  0.11682909E+14 -0.26271938E-28 -0.45136708E-28
  0.11729455E+14 -0.22755306E-28 -0.48710825E-28
  0.11776000E+14 -0.18191819E-28 -0.52117071E-28
  0.11822545E+14 -0.12939911E-28 -0.54640452E-28
  0.11869091E+14 -0.72285972E-29 -0.56299398E-28
  0.11915636E+14 -0.59559003E-30 -0.57346118E-28
  0.11962182E+14  0.69663118E-29 -0.56558539E-28
  0.12008727E+14  0.14665480E-28 -0.53796839E-28
  0.12055273E+14  0.22841444E-28 -0.47472879E-28
  0.12101818E+14  0.23117383E-28 -0.30309104E-28
  0.12148364E+14  0.12431063E-28 -0.28972872E-28
  0.12194909E+14  0.89884880E-29 -0.30943813E-28
  0.12241455E+14  0.73760901E-29 -0.33028809E-28
  0.12288000E+14  0.71092373E-29 -0.35115999E-28
  0.12334545E+14  0.74665950E-29 -0.37425242E-28
  0.12381091E+14  0.83240090E-29 -0.39463072E-28
  0.12427636E+14  0.97760529E-29 -0.41909017E-28
  0.12474182E+14  0.11792681E-28 -0.44151739E-28
  0.12520727E+14  0.14290775E-28 -0.46301157E-28
  0.12567273E+14  0.17499418E-28 -0.48915298E-28
  0.12613818E+14  0.21348998E-28 -0.51168926E-28
  0.12660364E+14  0.25933714E-28 -0.53554756E-28
  0.12706909E+14  0.32260496E-28 -0.56120342E-28
  0.12753455E+14  0.40364757E-28 -0.59701924E-28
  0.12800000E+14  0.61231070E-28 -0.56623590E-28
  0.12846545E+14  0.61651145E-28 -0.31904687E-28
  0.12893091E+14  0.56735271E-28 -0.30340790E-28
  0.12939636E+14  0.57391252E-28 -0.28524839E-28
  0.12986182E+14  0.58680156E-28 -0.26757260E-28
  0.13032727E+14  0.61275236E-28 -0.24035467E-28
  0.13079273E+14  0.64156884E-28 -0.21341091E-28
  0.13125818E+14  0.67345064E-28 -0.17453621E-28
  0.13172364E+14  0.71569139E-28 -0.12718437E-28
  0.13218909E+14  0.75935360E-28 -0.67214583E-29
  0.13265455E+14  0.81119862E-28  0.20799709E-29
  0.13312000E+14  0.85527817E-28  0.16402042E-28
  0.13358545E+14  0.63714678E-28  0.43605132E-28
  0.13405091E+14  0.54211718E-28  0.34388024E-28
  0.13451636E+14  0.46689965E-28  0.34325905E-28
  0.13498182E+14  0.41850092E-28  0.32780826E-28
  0.13544727E+14  0.38320796E-28  0.31734782E-28
  0.13591273E+14  0.35551603E-28  0.30823861E-28
  0.13637818E+14  0.33246024E-28  0.30325492E-28
  0.13684364E+14  0.31297877E-28  0.29817766E-28
  0.13730909E+14  0.29500925E-28  0.29665819E-28
  0.13777455E+14  0.27979866E-28  0.29502489E-28
  0.13824000E+14  0.26349571E-28  0.29487020E-28
  0.13870545E+14  0.25091503E-28  0.29645183E-28
  0.13917091E+14  0.23597140E-28  0.29728984E-28
  0.13963636E+14  0.22216702E-28  0.30084085E-28
  0.14010182E+14  0.20903593E-28  0.30358864E-28
  0.14056727E+14  0.19406884E-28  0.30705781E-28
  0.14103273E+14  0.17730592E-28  0.31171765E-28
  0.14149818E+14  0.16119245E-28  0.31682731E-28
  0.14196364E+14  0.14287088E-28  0.32201607E-28
  0.14242909E+14  0.12021144E-28  0.32779357E-28
  0.14289455E+14  0.92431322E-29  0.33619002E-28
  0.14336000E+14  0.51785400E-29  0.34479409E-28
  0.14382545E+14  0.00000000E+00  0.28900133E-28
  0.14429091E+14  0.00000000E+00  0.25682384E-28
  0.14475636E+14  0.00000000E+00  0.23588245E-28
  0.14522182E+14  0.00000000E+00  0.21987376E-28
  0.14568727E+14  0.00000000E+00  0.20679976E-28
  0.14615273E+14  0.00000000E+00  0.19572218E-28
  0.14661818E+14  0.00000000E+00  0.18611081E-28
  0.14708364E+14  0.00000000E+00  0.17763106E-28
  0.14754909E+14  0.00000000E+00  0.17005567E-28
  0.14801455E+14  0.00000000E+00  0.16322189E-28
  0.14848000E+14  0.00000000E+00  0.15700850E-28
  0.14894545E+14  0.00000000E+00  0.15132234E-28
  0.14941091E+14  0.00000000E+00  0.14609003E-28
  0.14987636E+14  0.00000000E+00  0.14125264E-28
  0.15034182E+14  0.00000000E+00  0.13676199E-28
  0.15080727E+14  0.00000000E+00  0.13257817E-28
  0.15127273E+14  0.00000000E+00  0.12866766E-28
  0.15173818E+14  0.00000000E+00  0.12500210E-28
  0.15220364E+14  0.00000000E+00  0.12155717E-28
  0.15266909E+14  0.00000000E+00  0.11831194E-28
  0.15313455E+14  0.00000000E+00  0.11524820E-28
  0.15360000E+14  0.00000000E+00  0.11235003E-28
  0.15406545E+14  0.00000000E+00  0.10960345E-28
  0.15453091E+14  0.00000000E+00  0.10699609E-28
  0.15499636E+14  0.00000000E+00  0.10451695E-28
  0.15546182E+14  0.00000000E+00  0.10215623E-28
  0.15592727E+14  0.00000000E+00  0.99905151E-29
  0.15639273E+14  0.00000000E+00  0.97755823E-29
  0.15685818E+14  0.00000000E+00  0.95701123E-29
  0.15732364E+14  0.00000000E+00  0.93734607E-29
  0.15778909E+14  0.00000000E+00  0.91850427E-29
  0.15825455E+14  0.00000000E+00  0.90043257E-29
  0.15872000E+14  0.00000000E+00  0.88308242E-29
  0.15918545E+14  0.00000000E+00  0.86640937E-29
  0.15965091E+14  0.00000000E+00  0.85037268E-29
  0.16011636E+14  0.00000000E+00  0.83493492E-29
  0.16058182E+14  0.00000000E+00  0.82006163E-29
  0.16104727E+14  0.00000000E+00  0.80572100E-29
  0.16151273E+14  0.00000000E+00  0.79188366E-29
  0.16197818E+14  0.00000000E+00  0.77852241E-29
  0.16244364E+14  0.00000000E+00  0.76561202E-29
  0.16290909E+14  0.00000000E+00  0.75312905E-29
  0.16337455E+14  0.00000000E+00  0.74105172E-29
  0.16384000E+14  0.00000000E+00  0.72935972E-29
  0.16430545E+14  0.00000000E+00  0.71803411E-29
  0.16477091E+14  0.00000000E+00  0.70705720E-29
  0.16523636E+14  0.00000000E+00  0.69641245E-29
  0.16570182E+14  0.00000000E+00  0.68608434E-29
  0.16616727E+14  0.00000000E+00  0.67605837E-29
  0.16663273E+14  0.00000000E+00  0.66632089E-29
  0.16709818E+14  0.00000000E+00  0.65685908E-29
  0.16756364E+14  0.00000000E+00  0.64766091E-29
  0.16802909E+14  0.00000000E+00  0.63871501E-29
  0.16849455E+14  0.00000000E+00  0.63001069E-29
  0.16896000E+14  0.00000000E+00  0.62153786E-29
  0.16942545E+14  0.00000000E+00  0.61328698E-29
  0.16989091E+14  0.00000000E+00  0.60524906E-29
  0.17035636E+14  0.00000000E+00  0.59741557E-29
  0.17082182E+14  0.00000000E+00  0.58977844E-29
  0.17128727E+14  0.00000000E+00  0.58233002E-29
  0.17175273E+14  0.00000000E+00  0.57506306E-29
  0.17221818E+14  0.00000000E+00  0.56797069E-29
  0.17268364E+14  0.00000000E+00  0.56104636E-29
  0.17314909E+14  0.00000000E+00  0.55428385E-29
  0.17361455E+14  0.00000000E+00  0.54767726E-29
  0.17408000E+14  0.00000000E+00  0.54122096E-29
  0.17454545E+14  0.00000000E+00  0.53490958E-29
  0.17501091E+14  0.00000000E+00  0.52873802E-29
  0.17547636E+14  0.00000000E+00  0.52270139E-29
  0.17594182E+14  0.00000000E+00  0.51679504E-29
  0.17640727E+14  0.00000000E+00  0.51101452E-29
  0.17687273E+14  0.00000000E+00  0.50535558E-29
  0.17733818E+14  0.00000000E+00  0.49981415E-29
  0.17780364E+14  0.00000000E+00  0.49438633E-29
  0.17826909E+14  0.00000000E+00  0.48906840E-29
  0.17873455E+14  0.00000000E+00  0.48385678E-29
  0.17920000E+14  0.00000000E+00  0.47874803E-29
  0.17966545E+14  0.00000000E+00  0.47373888E-29
  0.18013091E+14  0.00000000E+00  0.46882614E-29
  0.18059636E+14  0.00000000E+00  0.46400678E-29
  0.18106182E+14  0.00000000E+00  0.45927789E-29
  0.18152727E+14  0.00000000E+00  0.45463664E-29
  0.18199273E+14  0.00000000E+00  0.45008031E-29
  0.18245818E+14  0.00000000E+00  0.44560631E-29
  0.18292364E+14  0.00000000E+00  0.44121210E-29
  0.18338909E+14  0.00000000E+00  0.43689525E-29
  0.18385455E+14  0.00000000E+00  0.43265340E-29
  0.18432000E+14  0.00000000E+00  0.42848429E-29
  0.18478545E+14  0.00000000E+00  0.42438570E-29
  0.18525091E+14  0.00000000E+00  0.42035549E-29
  0.18571636E+14  0.00000000E+00  0.41639161E-29
  0.18618182E+14  0.00000000E+00  0.41249203E-29
  0.18664727E+14  0.00000000E+00  0.40865479E-29
  0.18711273E+14  0.00000000E+00  0.40487801E-29
  0.18757818E+14  0.00000000E+00  0.40115981E-29
  0.18804364E+14  0.00000000E+00  0.39749838E-29
  0.18850909E+14  0.00000000E+00  0.39389197E-29
  0.18897455E+14  0.00000000E+00  0.39033883E-29
  0.18944000E+14  0.00000000E+00  0.38683726E-29
  0.18990545E+14  0.00000000E+00  0.38338561E-29
  0.19037091E+14  0.00000000E+00  0.37998222E-29
  0.19083636E+14  0.00000000E+00  0.37662548E-29
  0.19130182E+14  0.00000000E+00  0.37331380E-29
  0.19176727E+14  0.00000000E+00  0.37004558E-29
  0.19223273E+14  0.00000000E+00  0.36681926E-29
  0.19269818E+14  0.00000000E+00  0.36363327E-29
  0.19316364E+14  0.00000000E+00  0.36048606E-29
  0.19362909E+14  0.00000000E+00  0.35737606E-29
  0.19409455E+14  0.00000000E+00  0.35430170E-29
  0.19456000E+14  0.00000000E+00  0.35126142E-29
  0.19502545E+14  0.00000000E+00  0.34825361E-29
  0.19549091E+14  0.00000000E+00  0.34527667E-29
  0.19595636E+14  0.00000000E+00  0.34232894E-29
  0.19642182E+14  0.00000000E+00  0.33940875E-29
  0.19688727E+14  0.00000000E+00  0.33651437E-29
  0.19735273E+14  0.00000000E+00  0.33364404E-29
  0.19781818E+14  0.00000000E+00  0.33079592E-29
  0.19828364E+14  0.00000000E+00  0.32796811E-29
  0.19874909E+14  0.00000000E+00  0.32515861E-29
  0.19921455E+14  0.00000000E+00  0.32236537E-29
  0.19968000E+14  0.00000000E+00  0.31958617E-29
  0.20014545E+14  0.00000000E+00  0.31681871E-29
  0.20061091E+14  0.00000000E+00  0.31406054E-29
  0.20107636E+14  0.00000000E+00  0.31130902E-29
  0.20154182E+14  0.00000000E+00  0.30856136E-29
  0.20200727E+14  0.00000000E+00  0.30581451E-29
  0.20247273E+14  0.00000000E+00  0.30306522E-29
  0.20293818E+14  0.00000000E+00  0.30030991E-29
  0.20340364E+14  0.00000000E+00  0.29754469E-29
  0.20386909E+14  0.00000000E+00  0.29476531E-29
  0.20433455E+14  0.00000000E+00  0.29196706E-29
  0.20480000E+14  0.00000000E+00  0.28914473E-29
  0.20526545E+14  0.00000000E+00  0.28629252E-29
  0.20573091E+14  0.00000000E+00  0.28340395E-29
  0.20619636E+14  0.00000000E+00  0.28047172E-29
  0.20666182E+14  0.00000000E+00  0.27748760E-29
  0.20712727E+14  0.00000000E+00  0.27444221E-29
  0.20759273E+14  0.00000000E+00  0.27132488E-29
  0.20805818E+14  0.00000000E+00  0.26812331E-29
  0.20852364E+14  0.00000000E+00  0.26482327E-29
  0.20898909E+14  0.00000000E+00  0.26140824E-29
  0.20945455E+14  0.00000000E+00  0.25785879E-29
  0.20992000E+14  0.00000000E+00  0.25415201E-29
  0.21038545E+14  0.00000000E+00  0.25026057E-29
  0.21085091E+14  0.00000000E+00  0.24615159E-29
  0.21131636E+14  0.00000000E+00  0.24178507E-29
  0.21178182E+14  0.00000000E+00  0.23711181E-29
  0.21224727E+14  0.00000000E+00  0.23207037E-29
  0.21271273E+14  0.00000000E+00  0.22658282E-29
  0.21317818E+14  0.00000000E+00  0.22054834E-29
  0.21364364E+14  0.00000000E+00  0.21383340E-29
  0.21410909E+14  0.00000000E+00  0.20625583E-29
  0.21457455E+14  0.00000000E+00  0.19755729E-29
  0.21504000E+14  0.00000000E+00  0.18735200E-29
  0.21550545E+14  0.00000000E+00  0.17501914E-29
  0.21597091E+14  0.00000000E+00  0.15943526E-29
  0.21643636E+14  0.00000000E+00  0.13808082E-29
  0.21690182E+14  0.00000000E+00  0.93334851E-30
  0.21736727E+14  0.54709503E-30  0.69261164E-30
  0.21783273E+14  0.88116679E-30  0.60569116E-30
  0.21829818E+14  0.12326789E-29  0.52205645E-30
  0.21876364E+14  0.17495888E-29  0.46136002E-30
  0.21922909E+14  0.22046433E-29  0.97693705E-30
  0.21969455E+14  0.19596572E-29  0.12052859E-29
  0.22016000E+14  0.18404007E-29  0.79782001E-30
  0.22062545E+14  0.23754758E-29  0.82238079E-31
  0.22109091E+14  0.38330730E-29 -0.38752398E-30
  0.22155636E+14  0.59820514E-29  0.12407917E-29
  0.22202182E+14  0.54909156E-29  0.29430521E-29
  0.22248727E+14  0.51094741E-29  0.38570740E-29
  0.22295273E+14  0.46671192E-29  0.45425924E-29
  0.22341818E+14  0.42147162E-29  0.50353765E-29
  0.22388364E+14  0.37727644E-29  0.54000991E-29
  0.22434909E+14  0.33582347E-29  0.56541272E-29
  0.22481455E+14  0.29990614E-29  0.58285174E-29
  0.22528000E+14  0.26970691E-29  0.59413670E-29
  0.22574545E+14  0.24784292E-29  0.60294174E-29
  0.22621091E+14  0.23342400E-29  0.61106216E-29
  0.22667636E+14  0.22955474E-29  0.62211484E-29
  0.22714182E+14  0.23867855E-29  0.64313618E-29
  0.22760727E+14  0.25958639E-29  0.68215745E-29
  0.22807273E+14  0.30281270E-29  0.75801089E-29
  0.22853818E+14  0.39023177E-29  0.10495363E-28
  0.22900364E+14 -0.47709892E-30  0.11662981E-28
  0.22946909E+14 -0.23584644E-29  0.10744162E-28
  0.22993455E+14 -0.35702107E-29  0.98555118E-29
  0.23040000E+14 -0.44608834E-29  0.89642328E-29
  0.23086545E+14 -0.51368734E-29  0.81198750E-29
  0.23133091E+14 -0.56311101E-29  0.72960295E-29
  0.23179636E+14 -0.60399018E-29  0.64909927E-29
  0.23226182E+14 -0.63403344E-29  0.57151070E-29
  0.23272727E+14 -0.65809417E-29  0.49461518E-29
  0.23319273E+14 -0.67468369E-29  0.41885924E-29
  0.23365818E+14 -0.68557096E-29  0.34141211E-29
  0.23412364E+14 -0.68975873E-29  0.26443792E-29
  0.23458909E+14 -0.68611222E-29  0.18391648E-29
  0.23505455E+14 -0.67517910E-29  0.10126618E-29
  0.23552000E+14 -0.65365877E-29  0.15699658E-30
  0.23598545E+14 -0.61534411E-29 -0.73419762E-30
  0.23645091E+14 -0.55082807E-29 -0.16845619E-29
  0.23691636E+14 -0.44796876E-29 -0.21113953E-29
  0.23738182E+14 -0.37407909E-29 -0.23501123E-29
  0.23784727E+14 -0.30241543E-29 -0.25273576E-29
  0.23831273E+14 -0.23277030E-29 -0.26343158E-29
  0.23877818E+14 -0.16254435E-29 -0.26510483E-29
  0.23924364E+14 -0.91377528E-30 -0.25713018E-29
  0.23970909E+14 -0.19297836E-30 -0.22724638E-29
  0.24017455E+14  0.24927804E-30 -0.17834123E-29
  0.24064000E+14  0.27121495E-30 -0.14148537E-29
  0.24110545E+14  0.34552667E-30 -0.19148701E-29
  0.24157091E+14  0.20269271E-29 -0.23141883E-29
  0.24203636E+14  0.33956936E-29  0.48327451E-30
  0.24250182E+14  0.17392576E-29  0.13570809E-29
  0.24296727E+14  0.12336812E-29  0.14043572E-29
  0.24343273E+14  0.93759792E-30  0.14403733E-29
  0.24389818E+14  0.73982696E-30  0.14720384E-29
  0.24436364E+14  0.59283546E-30  0.14959832E-29
  0.24482909E+14  0.48142774E-30  0.15159995E-29
  0.24529455E+14  0.39107225E-30  0.15309519E-29
  0.24576000E+14  0.31727135E-30  0.15427723E-29
  0.24622545E+14  0.25374237E-30  0.15531049E-29
  0.24669091E+14  0.19813026E-30  0.15610662E-29
  0.24715636E+14  0.14702086E-30  0.15640368E-29
  0.24762182E+14  0.10300198E-30  0.15624167E-29
  0.24808727E+14  0.65368929E-31  0.15585345E-29
  0.24855273E+14  0.33239742E-31  0.15523613E-29
  0.24901818E+14  0.52293596E-32  0.15448792E-29
  0.24948364E+14 -0.18968390E-31  0.15361088E-29
  0.24994909E+14 -0.39725854E-31  0.15266197E-29
  0.25041455E+14 -0.57177272E-31  0.15164417E-29
  0.25088000E+14 -0.72468843E-31  0.15058062E-29
  0.25134545E+14 -0.85063110E-31  0.14949558E-29
  0.25181091E+14 -0.95760183E-31  0.14838619E-29
  0.25227636E+14 -0.10446565E-30  0.14726710E-29
  0.25274182E+14 -0.11187259E-30  0.14616169E-29
  0.25320727E+14 -0.11741130E-30  0.14505081E-29
  0.25367273E+14 -0.12195528E-30  0.14397631E-29
  0.25413818E+14 -0.12505135E-30  0.14289285E-29
  0.25460364E+14 -0.12753180E-30  0.14187579E-29
  0.25506909E+14 -0.12874181E-30  0.14083858E-29
  0.25553455E+14 -0.12935367E-30  0.13988466E-29
  0.25600000E+14 -0.12920149E-30  0.13891525E-29
  0.25646545E+14 -0.12818375E-30  0.13800953E-29
  0.25693091E+14 -0.12722875E-30  0.13712688E-29
  0.25739636E+14 -0.12484413E-30  0.13629061E-29
  0.25786182E+14 -0.12301016E-30  0.13549101E-29
  0.25832727E+14 -0.12002494E-30  0.13471113E-29
  0.25879273E+14 -0.11716195E-30  0.13400759E-29
  0.25925818E+14 -0.11405225E-30  0.13330096E-29
  0.25972364E+14 -0.11029799E-30  0.13268499E-29
  0.26018909E+14 -0.10709529E-30  0.13207325E-29
  0.26065455E+14 -0.10302291E-30  0.13152105E-29
  0.26112000E+14 -0.99593746E-31  0.13101911E-29
  0.26158545E+14 -0.95645187E-31  0.13052154E-29
  0.26205091E+14 -0.92082993E-31  0.13010952E-29
  0.26251636E+14 -0.88647967E-31  0.12968390E-29
  0.26298182E+14 -0.84935941E-31  0.12932794E-29
  0.26344727E+14 -0.81868309E-31  0.12899624E-29
  0.26391273E+14 -0.78511017E-31  0.12867153E-29
  0.26437818E+14 -0.75551762E-31  0.12841322E-29
  0.26484364E+14 -0.72938371E-31  0.12814542E-29
  0.26530909E+14 -0.70404763E-31  0.12791971E-29
  0.26577455E+14 -0.68267241E-31  0.12770696E-29
  0.26624000E+14 -0.66234814E-31  0.12751547E-29
  0.26670545E+14 -0.64635109E-31  0.12733599E-29
  0.26717091E+14 -0.63245393E-31  0.12716558E-29
  0.26763636E+14 -0.62223180E-31  0.12701286E-29
  0.26810182E+14 -0.61425058E-31  0.12686301E-29
  0.26856727E+14 -0.61087422E-31  0.12671996E-29
  0.26903273E+14 -0.60961285E-31  0.12657195E-29
  0.26949818E+14 -0.61122513E-31  0.12643908E-29
  0.26996364E+14 -0.61802709E-31  0.12628711E-29
  0.27042909E+14 -0.62520420E-31  0.12612664E-29
  0.27089455E+14 -0.63720946E-31  0.12598961E-29
  0.27136000E+14 -0.65298991E-31  0.12580611E-29
  0.27182545E+14 -0.66868444E-31  0.12562157E-29
  0.27229091E+14 -0.69021718E-31  0.12544113E-29
  0.27275636E+14 -0.71392232E-31  0.12521593E-29
  0.27322182E+14 -0.73801385E-31  0.12498508E-29
  0.27368727E+14 -0.76744050E-31  0.12474418E-29
  0.27415273E+14 -0.79836322E-31  0.12445804E-29
  0.27461818E+14 -0.82909977E-31  0.12416536E-29
  0.27508364E+14 -0.86562212E-31  0.12384767E-29
  0.27554909E+14 -0.90184076E-31  0.12348460E-29
  0.27601455E+14 -0.93836198E-31  0.12311639E-29
  0.27648000E+14 -0.97959915E-31  0.12270748E-29
  0.27694545E+14 -0.10196625E-30  0.12225752E-29
  0.27741091E+14 -0.10603907E-30  0.12179649E-29
  0.27787636E+14 -0.11037786E-30  0.12129286E-29
  0.27834182E+14 -0.11461981E-30  0.12074472E-29
  0.27880727E+14 -0.11883047E-30  0.12018629E-29
  0.27927273E+14 -0.12324088E-30  0.11958237E-29
  0.27973818E+14 -0.12747000E-30  0.11893365E-29
  0.28020364E+14 -0.13166169E-30  0.11827370E-29
  0.28066909E+14 -0.13587914E-30  0.11756569E-29
  0.28113455E+14 -0.13988324E-30  0.11681948E-29
  0.28160000E+14 -0.14380788E-30  0.11606019E-29
  0.28206545E+14 -0.14767557E-30  0.11525035E-29
  0.28253091E+14 -0.15115321E-30  0.11441232E-29
  0.28299636E+14 -0.15468576E-30  0.11355884E-29
  0.28346182E+14 -0.15791635E-30  0.11265229E-29
  0.28392727E+14 -0.16077758E-30  0.11173786E-29
  0.28439273E+14 -0.16363512E-30  0.11079084E-29
  0.28485818E+14 -0.16604983E-30  0.10981613E-29
  0.28532364E+14 -0.16818481E-30  0.10882103E-29
  0.28578909E+14 -0.17003170E-30  0.10781106E-29
  0.28625455E+14 -0.17162879E-30  0.10677085E-29
  0.28672000E+14 -0.17274008E-30  0.10572407E-29
  0.28718545E+14 -0.17370196E-30  0.10465432E-29
  0.28765091E+14 -0.17399885E-30  0.10357698E-29
  0.28811636E+14 -0.17434883E-30  0.10249278E-29
  0.28858182E+14 -0.17379546E-30  0.10138766E-29
  0.28904727E+14 -0.17344744E-30  0.10030926E-29
  0.28951273E+14 -0.17222369E-30  0.99175410E-30
  0.28997818E+14 -0.17091841E-30  0.98112176E-30
  0.29044364E+14 -0.16917755E-30  0.96975142E-30
  0.29090909E+14 -0.16672390E-30  0.95909602E-30
  0.29137455E+14 -0.16455803E-30  0.94815048E-30
  0.29184000E+14 -0.16142441E-30  0.93730302E-30
  0.29230545E+14 -0.15819561E-30  0.92685068E-30
  0.29277091E+14 -0.15468914E-30  0.91616284E-30
  0.29323636E+14 -0.15045441E-30  0.90603662E-30
  0.29370182E+14 -0.14663384E-30  0.89578627E-30
  0.29416727E+14 -0.14154026E-30  0.88583133E-30
  0.29463273E+14 -0.13731718E-30  0.87625092E-30
  0.29509818E+14 -0.13138247E-30  0.86656119E-30
  0.29556364E+14 -0.12694074E-30  0.85765642E-30
  0.29602909E+14 -0.12052052E-30  0.84829640E-30
  0.29649455E+14 -0.11562318E-30  0.84011217E-30
  0.29696000E+14 -0.10900703E-30  0.83099563E-30
  0.29742545E+14 -0.10350568E-30  0.82353113E-30
  0.29789091E+14 -0.96970169E-31  0.81486936E-30
  0.29835636E+14 -0.90882332E-31  0.80788846E-30
  0.29882182E+14 -0.84574524E-31  0.79982651E-30
  0.29928727E+14 -0.78102337E-31  0.79312139E-30
  0.29975273E+14 -0.71811597E-31  0.78564312E-30
  0.30021818E+14 -0.65453051E-31  0.77921561E-30
  0.30068364E+14 -0.58809196E-31  0.77200764E-30
  0.30114909E+14 -0.52893515E-31  0.76595405E-30
  0.30161455E+14 -0.45725728E-31  0.75898304E-30
  0.30208000E+14 -0.40645421E-31  0.75285217E-30
  0.30254545E+14 -0.32977360E-31  0.74622713E-30
  0.30301091E+14 -0.28033737E-31  0.73960393E-30
  0.30347636E+14 -0.20675485E-31  0.73324337E-30
  0.30394182E+14 -0.15109580E-31  0.72594378E-30
  0.30440727E+14 -0.86008468E-32  0.71938900E-30
  0.30487273E+14 -0.17108211E-32  0.71187486E-30
  0.30533818E+14  0.43466206E-32  0.70403049E-30
  0.30580364E+14  0.11679125E-31  0.69646906E-30
  0.30626909E+14  0.19028230E-31  0.68721806E-30
  0.30673455E+14  0.26252497E-31  0.67878694E-30
  0.30720000E+14  0.35399101E-31  0.66889279E-30
  0.30766545E+14  0.44080795E-31  0.65882819E-30
  0.30813091E+14  0.54360178E-31  0.64792845E-30
  0.30859636E+14  0.65338355E-31  0.63672374E-30
  0.30906182E+14  0.78802851E-31  0.62461273E-30
  0.30952727E+14  0.92710252E-31  0.61201627E-30
  0.30999273E+14  0.10933982E-30  0.59931164E-30
  0.31045818E+14  0.12828978E-30  0.58565352E-30
  0.31092364E+14  0.14963945E-30  0.57222340E-30
  0.31138909E+14  0.17486243E-30  0.55903931E-30
  0.31185455E+14  0.20395628E-30  0.54605566E-30
  0.31232000E+14  0.23627998E-30  0.53408048E-30
  0.31278545E+14  0.27459863E-30  0.52431581E-30
  0.31325091E+14  0.31929972E-30  0.51663857E-30
  0.31371636E+14  0.36890456E-30  0.51252348E-30
  0.31418182E+14  0.42677322E-30  0.51407759E-30
  0.31464727E+14  0.49238311E-30  0.52377371E-30
  0.31511273E+14  0.56772746E-30  0.54238022E-30
  0.31557818E+14  0.65505889E-30  0.57737835E-30
  0.31604364E+14  0.75327351E-30  0.63180126E-30
  0.31650909E+14  0.86990488E-30  0.72052937E-30
  0.31697455E+14  0.99221626E-30  0.85686011E-30
  0.31744000E+14  0.11608290E-29  0.10877808E-29
  0.31790545E+14  0.14391212E-29  0.20603903E-29
  0.31837091E+14  0.11519030E-30  0.17445794E-29
  0.31883636E+14  0.92501755E-31  0.15062819E-29
  0.31930182E+14  0.22876273E-31  0.13969090E-29
  0.31976727E+14  0.00000000E+00  0.12762493E-29
  0.32023273E+14  0.00000000E+00  0.12070871E-29
  0.32069818E+14  0.00000000E+00  0.11585586E-29
  0.32116364E+14  0.00000000E+00  0.11215234E-29
  0.32162909E+14  0.00000000E+00  0.10918955E-29
  0.32209455E+14  0.00000000E+00  0.10674130E-29
  0.32256000E+14  0.00000000E+00  0.10466856E-29
  0.32302545E+14  0.00000000E+00  0.10287992E-29
  0.32349091E+14  0.00000000E+00  0.10131233E-29
  0.32395636E+14  0.00000000E+00  0.99920592E-30
  0.32442182E+14  0.00000000E+00  0.98671390E-30
  0.32488727E+14  0.00000000E+00  0.97539521E-30
  0.32535273E+14  0.00000000E+00  0.96505534E-30
  0.32581818E+14  0.00000000E+00  0.95554154E-30
  0.32628364E+14  0.00000000E+00  0.94673200E-30
  0.32674909E+14  0.00000000E+00  0.93852829E-30
  0.32721455E+14  0.00000000E+00  0.93084993E-30
  0.32768000E+14  0.00000000E+00  0.92363045E-30
  0.32814545E+14  0.00000000E+00  0.91681439E-30
  0.32861091E+14  0.00000000E+00  0.91035516E-30
  0.32907636E+14  0.00000000E+00  0.90421323E-30
  0.32954182E+14  0.00000000E+00  0.89835490E-30
  0.33000727E+14  0.00000000E+00  0.89275123E-30
  0.33047273E+14  0.00000000E+00  0.88737720E-30
  0.33093818E+14  0.00000000E+00  0.88221110E-30
  0.33140364E+14  0.00000000E+00  0.87723398E-30
  0.33186909E+14  0.00000000E+00  0.87242921E-30
  0.33233455E+14  0.00000000E+00  0.86778215E-30
  0.33280000E+14  0.00000000E+00  0.86327986E-30
  0.33326545E+14  0.00000000E+00  0.85891085E-30
  0.33373091E+14  0.00000000E+00  0.85466487E-30
  0.33419636E+14  0.00000000E+00  0.85053277E-30
  0.33466182E+14  0.00000000E+00  0.84650636E-30
  0.33512727E+14  0.00000000E+00  0.84257826E-30
  0.33559273E+14  0.00000000E+00  0.83874180E-30
  0.33605818E+14  0.00000000E+00  0.83499098E-30
  0.33652364E+14  0.00000000E+00  0.83132034E-30
  0.33698909E+14  0.00000000E+00  0.82772491E-30
  0.33745455E+14  0.00000000E+00  0.82420019E-30
  0.33792000E+14  0.00000000E+00  0.82074206E-30
  0.33838545E+14  0.00000000E+00  0.81734673E-30
  0.33885091E+14  0.00000000E+00  0.81401076E-30
  0.33931636E+14  0.00000000E+00  0.81073096E-30
  0.33978182E+14  0.00000000E+00  0.80750442E-30
  0.34024727E+14  0.00000000E+00  0.80432845E-30
  0.34071273E+14  0.00000000E+00  0.80120055E-30
  0.34117818E+14  0.00000000E+00  0.79811844E-30
  0.34164364E+14  0.00000000E+00  0.79507997E-30
  0.34210909E+14  0.00000000E+00  0.79208317E-30
  0.34257455E+14  0.00000000E+00  0.78912621E-30
  0.34304000E+14  0.00000000E+00  0.78620737E-30
  0.34350545E+14  0.00000000E+00  0.78332508E-30
  0.34397091E+14  0.00000000E+00  0.78047783E-30
  0.34443636E+14  0.00000000E+00  0.77766424E-30
  0.34490182E+14  0.00000000E+00  0.77488303E-30
  0.34536727E+14  0.00000000E+00  0.77213296E-30
  0.34583273E+14  0.00000000E+00  0.76941290E-30
  0.34629818E+14  0.00000000E+00  0.76672179E-30
  0.34676364E+14  0.00000000E+00  0.76405861E-30
  0.34722909E+14  0.00000000E+00  0.76142242E-30
  0.34769455E+14  0.00000000E+00  0.75881233E-30
  0.34816000E+14  0.00000000E+00  0.75622751E-30
  0.34862545E+14  0.00000000E+00  0.75366715E-30
  0.34909091E+14  0.00000000E+00  0.75113051E-30
  0.34955636E+14  0.00000000E+00  0.74861689E-30
  0.35002182E+14  0.00000000E+00  0.74612560E-30
  0.35048727E+14  0.00000000E+00  0.74365603E-30
  0.35095273E+14  0.00000000E+00  0.74120757E-30
  0.35141818E+14  0.00000000E+00  0.73877964E-30
  0.35188364E+14  0.00000000E+00  0.73637171E-30
  0.35234909E+14  0.00000000E+00  0.73398325E-30
  0.35281455E+14  0.00000000E+00  0.73161379E-30
  0.35328000E+14  0.00000000E+00  0.72926285E-30
  0.35374545E+14  0.00000000E+00  0.72692998E-30
  0.35421091E+14  0.00000000E+00  0.72461477E-30
  0.35467636E+14  0.00000000E+00  0.72231681E-30
  0.35514182E+14  0.00000000E+00  0.72003571E-30
  0.35560727E+14  0.00000000E+00  0.71777111E-30
  0.35607273E+14  0.00000000E+00  0.71552265E-30
  0.35653818E+14  0.00000000E+00  0.71328998E-30
  0.35700364E+14  0.00000000E+00  0.71107280E-30
  0.35746909E+14  0.00000000E+00  0.70887078E-30
  0.35793455E+14  0.00000000E+00  0.70668363E-30
  0.35840000E+14  0.00000000E+00  0.70451107E-30
  0.35886545E+14  0.00000000E+00  0.70235281E-30
  0.35933091E+14  0.00000000E+00  0.70020861E-30
  0.35979636E+14  0.00000000E+00  0.69807819E-30
  0.36026182E+14  0.00000000E+00  0.69596133E-30
  0.36072727E+14  0.00000000E+00  0.69385777E-30
  0.36119273E+14  0.00000000E+00  0.69176731E-30
  0.36165818E+14  0.00000000E+00  0.68968972E-30
  0.36212364E+14  0.00000000E+00  0.68762478E-30
  0.36258909E+14  0.00000000E+00  0.68557230E-30
  0.36305455E+14  0.00000000E+00  0.68353209E-30
  0.36352000E+14  0.00000000E+00  0.68150394E-30
  0.36398545E+14  0.00000000E+00  0.67948769E-30
  0.36445091E+14  0.00000000E+00  0.67748315E-30
  0.36491636E+14  0.00000000E+00  0.67549015E-30
  0.36538182E+14  0.00000000E+00  0.67350852E-30
  0.36584727E+14  0.00000000E+00  0.67153811E-30
  0.36631273E+14  0.00000000E+00  0.66957877E-30
  0.36677818E+14  0.00000000E+00  0.66763033E-30
  0.36724364E+14  0.00000000E+00  0.66569265E-30
  0.36770909E+14  0.00000000E+00  0.66376560E-30
  0.36817455E+14  0.00000000E+00  0.66184903E-30
  0.36864000E+14  0.00000000E+00  0.65994282E-30
  0.36910545E+14  0.00000000E+00  0.65804682E-30
  0.36957091E+14  0.00000000E+00  0.65616092E-30
  0.37003636E+14  0.00000000E+00  0.65428500E-30
  0.37050182E+14  0.00000000E+00  0.65241892E-30
  0.37096727E+14  0.00000000E+00  0.65056259E-30
  0.37143273E+14  0.00000000E+00  0.64871587E-30
  0.37189818E+14  0.00000000E+00  0.64687868E-30
  0.37236364E+14  0.00000000E+00  0.64505088E-30
  0.37282909E+14  0.00000000E+00  0.64323239E-30
  0.37329455E+14  0.00000000E+00  0.64142310E-30
  0.37376000E+14  0.00000000E+00  0.63962291E-30
  0.37422545E+14  0.00000000E+00  0.63783172E-30
  0.37469091E+14  0.00000000E+00  0.63604944E-30
  0.37515636E+14  0.00000000E+00  0.63427598E-30
  0.37562182E+14  0.00000000E+00  0.63251124E-30
  0.37608727E+14  0.00000000E+00  0.63075514E-30
  0.37655273E+14  0.00000000E+00  0.62900758E-30
  0.37701818E+14  0.00000000E+00  0.62726850E-30
  0.37748364E+14  0.00000000E+00  0.62553779E-30
  0.37794909E+14  0.00000000E+00  0.62381539E-30
  0.37841455E+14  0.00000000E+00  0.62210121E-30
  0.37888000E+14  0.00000000E+00  0.62039518E-30
  0.37934545E+14  0.00000000E+00  0.61869721E-30
  0.37981091E+14  0.00000000E+00  0.61700724E-30
  0.38027636E+14  0.00000000E+00  0.61532519E-30
  0.38074182E+14  0.00000000E+00  0.61365100E-30
  0.38120727E+14  0.00000000E+00  0.61198458E-30
  0.38167273E+14  0.00000000E+00  0.61032587E-30
  0.38213818E+14  0.00000000E+00  0.60867481E-30
  0.38260364E+14  0.00000000E+00  0.60703133E-30
  0.38306909E+14  0.00000000E+00  0.60539536E-30
  0.38353455E+14  0.00000000E+00  0.60376683E-30
  0.38400000E+14  0.00000000E+00  0.60214570E-30
  0.38446545E+14  0.00000000E+00  0.60053189E-30
  0.38493091E+14  0.00000000E+00  0.59892534E-30
  0.38539636E+14  0.00000000E+00  0.59732600E-30
  0.38586182E+14  0.00000000E+00  0.59573380E-30
  0.38632727E+14  0.00000000E+00  0.59414870E-30
  0.38679273E+14  0.00000000E+00  0.59257062E-30
  0.38725818E+14  0.00000000E+00  0.59099953E-30
  0.38772364E+14  0.00000000E+00  0.58943535E-30
  0.38818909E+14  0.00000000E+00  0.58787805E-30
  0.38865455E+14  0.00000000E+00  0.58632756E-30
  0.38912000E+14  0.00000000E+00  0.58478383E-30
  0.38958545E+14  0.00000000E+00  0.58324682E-30
  0.39005091E+14  0.00000000E+00  0.58171646E-30
  0.39051636E+14  0.00000000E+00  0.58019272E-30
  0.39098182E+14  0.00000000E+00  0.57867555E-30
  0.39144727E+14  0.00000000E+00  0.57716488E-30
  0.39191273E+14  0.00000000E+00  0.57566069E-30
  0.39237818E+14  0.00000000E+00  0.57416291E-30
  0.39284364E+14  0.00000000E+00  0.57267151E-30
  0.39330909E+14  0.00000000E+00  0.57118644E-30
  0.39377455E+14  0.00000000E+00  0.56970765E-30
  0.39424000E+14  0.00000000E+00  0.56823510E-30
  0.39470545E+14  0.00000000E+00  0.56676874E-30
  0.39517091E+14  0.00000000E+00  0.56530853E-30
  0.39563636E+14  0.00000000E+00  0.56385444E-30
  0.39610182E+14  0.00000000E+00  0.56240641E-30
  0.39656727E+14  0.00000000E+00  0.56096441E-30
  0.39703273E+14  0.00000000E+00  0.55952839E-30
  0.39749818E+14  0.00000000E+00  0.55809832E-30
  0.39796364E+14  0.00000000E+00  0.55667415E-30
  0.39842909E+14  0.00000000E+00  0.55525584E-30
  0.39889455E+14  0.00000000E+00  0.55384336E-30
  0.39936000E+14  0.00000000E+00  0.55243667E-30
  0.39982545E+14  0.00000000E+00  0.55103573E-30
  0.40029091E+14  0.00000000E+00  0.54964050E-30
  0.40075636E+14  0.00000000E+00  0.54825095E-30
  0.40122182E+14  0.00000000E+00  0.54686703E-30
  0.40168727E+14  0.00000000E+00  0.54548872E-30
  0.40215273E+14  0.00000000E+00  0.54411597E-30
  0.40261818E+14  0.00000000E+00  0.54274875E-30
  0.40308364E+14  0.00000000E+00  0.54138702E-30
  0.40354909E+14  0.00000000E+00  0.54003076E-30
  0.40401455E+14  0.00000000E+00  0.53867993E-30
  0.40448000E+14  0.00000000E+00  0.53733448E-30
  0.40494545E+14  0.00000000E+00  0.53599440E-30
  0.40541091E+14  0.00000000E+00  0.53465964E-30
  0.40587636E+14  0.00000000E+00  0.53333018E-30
  0.40634182E+14  0.00000000E+00  0.53200597E-30
  0.40680727E+14  0.00000000E+00  0.53068699E-30
  0.40727273E+14  0.00000000E+00  0.52937322E-30
  0.40773818E+14  0.00000000E+00  0.52806460E-30
  0.40820364E+14  0.00000000E+00  0.52676112E-30
  0.40866909E+14  0.00000000E+00  0.52546275E-30
  0.40913455E+14  0.00000000E+00  0.52416944E-30
  0.40960000E+14  0.00000000E+00  0.52288118E-30
  0.41006545E+14  0.00000000E+00  0.52159794E-30
  0.41053091E+14  0.00000000E+00  0.52031967E-30
  0.41099636E+14  0.00000000E+00  0.51904636E-30
  0.41146182E+14  0.00000000E+00  0.51777797E-30
  0.41192727E+14  0.00000000E+00  0.51651449E-30
  0.41239273E+14  0.00000000E+00  0.51525586E-30
  0.41285818E+14  0.00000000E+00  0.51400208E-30
  0.41332364E+14  0.00000000E+00  0.51275311E-30
  0.41378909E+14  0.00000000E+00  0.51150892E-30
  0.41425455E+14  0.00000000E+00  0.51026949E-30
  0.41472000E+14  0.00000000E+00  0.50903479E-30
  0.41518545E+14  0.00000000E+00  0.50780479E-30
  0.41565091E+14  0.00000000E+00  0.50657947E-30
  0.41611636E+14  0.00000000E+00  0.50535880E-30
  0.41658182E+14  0.00000000E+00  0.50414275E-30
  0.41704727E+14  0.00000000E+00  0.50293129E-30
  0.41751273E+14  0.00000000E+00  0.50172441E-30
  0.41797818E+14  0.00000000E+00  0.50052207E-30
  0.41844364E+14  0.00000000E+00  0.49932426E-30
  0.41890909E+14  0.00000000E+00  0.49813094E-30
  0.41937455E+14  0.00000000E+00  0.49694209E-30
  0.41984000E+14  0.00000000E+00  0.49575768E-30
  0.42030545E+14  0.00000000E+00  0.49457770E-30
  0.42077091E+14  0.00000000E+00  0.49340212E-30
  0.42123636E+14  0.00000000E+00  0.49223091E-30
  0.42170182E+14  0.00000000E+00  0.49106405E-30
  0.42216727E+14  0.00000000E+00  0.48990151E-30
  0.42263273E+14  0.00000000E+00  0.48874328E-30
  0.42309818E+14  0.00000000E+00  0.48758933E-30
  0.42356364E+14  0.00000000E+00  0.48643963E-30
  0.42402909E+14  0.00000000E+00  0.48529417E-30
  0.42449455E+14  0.00000000E+00  0.48415292E-30
  0.42496000E+14  0.00000000E+00  0.48301585E-30
  0.42542545E+14  0.00000000E+00  0.48188296E-30
  0.42589091E+14  0.00000000E+00  0.48075421E-30
  0.42635636E+14  0.00000000E+00  0.47962958E-30
  0.42682182E+14  0.00000000E+00  0.47850905E-30
  0.42728727E+14  0.00000000E+00  0.47739259E-30
  0.42775273E+14  0.00000000E+00  0.47628020E-30
  0.42821818E+14  0.00000000E+00  0.47517184E-30
  0.42868364E+14  0.00000000E+00  0.47406750E-30
  0.42914909E+14  0.00000000E+00  0.47296715E-30
  0.42961455E+14  0.00000000E+00  0.47187078E-30
  0.43008000E+14  0.00000000E+00  0.47077836E-30
  0.43054545E+14  0.00000000E+00  0.46968987E-30
  0.43101091E+14  0.00000000E+00  0.46860529E-30
  0.43147636E+14  0.00000000E+00  0.46752461E-30
  0.43194182E+14  0.00000000E+00  0.46644779E-30
  0.43240727E+14  0.00000000E+00  0.46537483E-30
  0.43287273E+14  0.00000000E+00  0.46430570E-30
  0.43333818E+14  0.00000000E+00  0.46324039E-30
  0.43380364E+14  0.00000000E+00  0.46217887E-30
  0.43426909E+14  0.00000000E+00  0.46112112E-30
  0.43473455E+14  0.00000000E+00  0.46006713E-30
  0.43520000E+14  0.00000000E+00  0.45901687E-30
  0.43566545E+14  0.00000000E+00  0.45797033E-30
  0.43613091E+14  0.00000000E+00  0.45692749E-30
  0.43659636E+14  0.00000000E+00  0.45588833E-30
  0.43706182E+14  0.00000000E+00  0.45485283E-30
  0.43752727E+14  0.00000000E+00  0.45382098E-30
  0.43799273E+14  0.00000000E+00  0.45279275E-30
  0.43845818E+14  0.00000000E+00  0.45176813E-30
  0.43892364E+14  0.00000000E+00  0.45074709E-30
  0.43938909E+14  0.00000000E+00  0.44972963E-30
  0.43985455E+14  0.00000000E+00  0.44871573E-30
  0.44032000E+14  0.00000000E+00  0.44770535E-30
  0.44078545E+14  0.00000000E+00  0.44669850E-30
  0.44125091E+14  0.00000000E+00  0.44569515E-30
  0.44171636E+14  0.00000000E+00  0.44469529E-30
  0.44218182E+14  0.00000000E+00  0.44369889E-30
  0.44264727E+14  0.00000000E+00  0.44270594E-30
  0.44311273E+14  0.00000000E+00  0.44171643E-30
  0.44357818E+14  0.00000000E+00  0.44073033E-30
  0.44404364E+14  0.00000000E+00  0.43974763E-30
  0.44450909E+14  0.00000000E+00  0.43876832E-30
  0.44497455E+14  0.00000000E+00  0.43779237E-30
  0.44544000E+14  0.00000000E+00  0.43681978E-30
  0.44590545E+14  0.00000000E+00  0.43585052E-30
  0.44637091E+14  0.00000000E+00  0.43488458E-30
  0.44683636E+14  0.00000000E+00  0.43392194E-30
  0.44730182E+14  0.00000000E+00  0.43296259E-30
  0.44776727E+14  0.00000000E+00  0.43200652E-30
  0.44823273E+14  0.00000000E+00  0.43105369E-30
  0.44869818E+14  0.00000000E+00  0.43010411E-30
  0.44916364E+14  0.00000000E+00  0.42915776E-30
  0.44962909E+14  0.00000000E+00  0.42821461E-30
  0.45009455E+14  0.00000000E+00  0.42727466E-30
  0.45056000E+14  0.00000000E+00  0.42633789E-30
  0.45102545E+14  0.00000000E+00  0.42540428E-30
  0.45149091E+14  0.00000000E+00  0.42447382E-30
  0.45195636E+14  0.00000000E+00  0.42354649E-30
  0.45242182E+14  0.00000000E+00  0.42262229E-30
  0.45288727E+14  0.00000000E+00  0.42170119E-30
  0.45335273E+14  0.00000000E+00  0.42078318E-30
  0.45381818E+14  0.00000000E+00  0.41986825E-30
  0.45428364E+14  0.00000000E+00  0.41895638E-30
  0.45474909E+14  0.00000000E+00  0.41804756E-30
  0.45521455E+14  0.00000000E+00  0.41714177E-30
  0.45568000E+14  0.00000000E+00  0.41623901E-30
  0.45614545E+14  0.00000000E+00  0.41533924E-30
  0.45661091E+14  0.00000000E+00  0.41444247E-30
  0.45707636E+14  0.00000000E+00  0.41354868E-30
  0.45754182E+14  0.00000000E+00  0.41265785E-30
  0.45800727E+14  0.00000000E+00  0.41176997E-30
  0.45847273E+14  0.00000000E+00  0.41088503E-30
  0.45893818E+14  0.00000000E+00  0.41000301E-30
  0.45940364E+14  0.00000000E+00  0.40912390E-30
  0.45986909E+14  0.00000000E+00  0.40824769E-30
  0.46033455E+14  0.00000000E+00  0.40737436E-30
  0.46080000E+14  0.00000000E+00  0.40650390E-30
  0.46126545E+14  0.00000000E+00  0.40563630E-30
  0.46173091E+14  0.00000000E+00  0.40477154E-30
  0.46219636E+14  0.00000000E+00  0.40390962E-30
  0.46266182E+14  0.00000000E+00  0.40305051E-30
  0.46312727E+14  0.00000000E+00  0.40219421E-30
  0.46359273E+14  0.00000000E+00  0.40134070E-30
  0.46405818E+14  0.00000000E+00  0.40048998E-30
  0.46452364E+14  0.00000000E+00  0.39964202E-30
  0.46498909E+14  0.00000000E+00  0.39879681E-30
  0.46545455E+14  0.00000000E+00  0.39795435E-30
  0.46592000E+14  0.00000000E+00  0.39711462E-30
  0.46638545E+14  0.00000000E+00  0.39627761E-30
  0.46685091E+14  0.00000000E+00  0.39544331E-30
  0.46731636E+14  0.00000000E+00  0.39461170E-30
  0.46778182E+14  0.00000000E+00  0.39378277E-30
  0.46824727E+14  0.00000000E+00  0.39295651E-30
  0.46871273E+14  0.00000000E+00  0.39213291E-30
  0.46917818E+14  0.00000000E+00  0.39131196E-30
  0.46964364E+14  0.00000000E+00  0.39049365E-30
  0.47010909E+14  0.00000000E+00  0.38967795E-30
  0.47057455E+14  0.00000000E+00  0.38886487E-30
  0.47104000E+14  0.00000000E+00  0.38805439E-30
  0.47150545E+14  0.00000000E+00  0.38724650E-30
  0.47197091E+14  0.00000000E+00  0.38644119E-30
  0.47243636E+14  0.00000000E+00  0.38563844E-30
  0.47290182E+14  0.00000000E+00  0.38483825E-30
  0.47336727E+14  0.00000000E+00  0.38404060E-30
  0.47383273E+14  0.00000000E+00  0.38324548E-30
  0.47429818E+14  0.00000000E+00  0.38245289E-30
  0.47476364E+14  0.00000000E+00  0.38166280E-30
  0.47522909E+14  0.00000000E+00  0.38087522E-30
  0.47569455E+14  0.00000000E+00  0.38009012E-30
  0.47616000E+14  0.00000000E+00  0.37930751E-30
  0.47662545E+14  0.00000000E+00  0.37852736E-30
  0.47709091E+14  0.00000000E+00  0.37774966E-30
  0.47755636E+14  0.00000000E+00  0.37697441E-30
  0.47802182E+14  0.00000000E+00  0.37620160E-30
  0.47848727E+14  0.00000000E+00  0.37543122E-30
  0.47895273E+14  0.00000000E+00  0.37466324E-30
  0.47941818E+14  0.00000000E+00  0.37389767E-30
  0.47988364E+14  0.00000000E+00  0.37313450E-30
  0.48034909E+14  0.00000000E+00  0.37237371E-30
  0.48081455E+14  0.00000000E+00  0.37161529E-30
  0.48128000E+14  0.00000000E+00  0.37085924E-30
  0.48174545E+14  0.00000000E+00  0.37010553E-30
  0.48221091E+14  0.00000000E+00  0.36935418E-30
  0.48267636E+14  0.00000000E+00  0.36860515E-30
  0.48314182E+14  0.00000000E+00  0.36785845E-30
  0.48360727E+14  0.00000000E+00  0.36711406E-30
  0.48407273E+14  0.00000000E+00  0.36637197E-30
  0.48453818E+14  0.00000000E+00  0.36563218E-30
  0.48500364E+14  0.00000000E+00  0.36489467E-30
  0.48546909E+14  0.00000000E+00  0.36415944E-30
  0.48593455E+14  0.00000000E+00  0.36342647E-30
  0.48640000E+14  0.00000000E+00  0.36269576E-30
  0.48686545E+14  0.00000000E+00  0.36196729E-30
  0.48733091E+14  0.00000000E+00  0.36124106E-30
  0.48779636E+14  0.00000000E+00  0.36051705E-30
  0.48826182E+14  0.00000000E+00  0.35979526E-30
  0.48872727E+14  0.00000000E+00  0.35907568E-30
  0.48919273E+14  0.00000000E+00  0.35835830E-30
  0.48965818E+14  0.00000000E+00  0.35764311E-30
  0.49012364E+14  0.00000000E+00  0.35693010E-30
  0.49058909E+14  0.00000000E+00  0.35621927E-30
  0.49105455E+14  0.00000000E+00  0.35551059E-30
  0.49152000E+14  0.00000000E+00  0.35480407E-30
  0.49198545E+14  0.00000000E+00  0.35409969E-30
  0.49245091E+14  0.00000000E+00  0.35339745E-30
  0.49291636E+14  0.00000000E+00  0.35269733E-30
  0.49338182E+14  0.00000000E+00  0.35199934E-30
  0.49384727E+14  0.00000000E+00  0.35130345E-30
  0.49431273E+14  0.00000000E+00  0.35060966E-30
  0.49477818E+14  0.00000000E+00  0.34991797E-30
  0.49524364E+14  0.00000000E+00  0.34922836E-30
  0.49570909E+14  0.00000000E+00  0.34854082E-30
  0.49617455E+14  0.00000000E+00  0.34785535E-30
  0.49664000E+14  0.00000000E+00  0.34717194E-30
  0.49710545E+14  0.00000000E+00  0.34649058E-30
  0.49757091E+14  0.00000000E+00  0.34581125E-30
  0.49803636E+14  0.00000000E+00  0.34513396E-30
  0.49850182E+14  0.00000000E+00  0.34445870E-30
  0.49896727E+14  0.00000000E+00  0.34378545E-30
  0.49943273E+14  0.00000000E+00  0.34311421E-30
  0.49989818E+14  0.00000000E+00  0.34244497E-30
  0.50036364E+14  0.00000000E+00  0.34177772E-30
  0.50082909E+14  0.00000000E+00  0.34111245E-30
  0.50129455E+14  0.00000000E+00  0.34044916E-30
  0.50176000E+14  0.00000000E+00  0.33978784E-30
  0.50222545E+14  0.00000000E+00  0.33912848E-30
  0.50269091E+14  0.00000000E+00  0.33847107E-30
  0.50315636E+14  0.00000000E+00  0.33781560E-30
  0.50362182E+14  0.00000000E+00  0.33716207E-30
  0.50408727E+14  0.00000000E+00  0.33651046E-30
  0.50455273E+14  0.00000000E+00  0.33586078E-30
  0.50501818E+14  0.00000000E+00  0.33521301E-30
  0.50548364E+14  0.00000000E+00  0.33456714E-30
  0.50594909E+14  0.00000000E+00  0.33392318E-30
  0.50641455E+14  0.00000000E+00  0.33328110E-30
  0.50688000E+14  0.00000000E+00  0.33264090E-30
  0.50734545E+14  0.00000000E+00  0.33200258E-30
  0.50781091E+14  0.00000000E+00  0.33136613E-30
  0.50827636E+14  0.00000000E+00  0.33073153E-30
  0.50874182E+14  0.00000000E+00  0.33009879E-30
  0.50920727E+14  0.00000000E+00  0.32946790E-30
  0.50967273E+14  0.00000000E+00  0.32883884E-30
  0.51013818E+14  0.00000000E+00  0.32821161E-30
  0.51060364E+14  0.00000000E+00  0.32758621E-30
  0.51106909E+14  0.00000000E+00  0.32696262E-30
  0.51153455E+14  0.00000000E+00  0.32634084E-30
  0.51200000E+14  0.00000000E+00  0.32572086E-30
  0.51246545E+14  0.00000000E+00  0.32510268E-30
  0.51293091E+14  0.00000000E+00  0.32448628E-30
  0.51339636E+14  0.00000000E+00  0.32387167E-30
  0.51386182E+14  0.00000000E+00  0.32325883E-30
  0.51432727E+14  0.00000000E+00  0.32264775E-30
  0.51479273E+14  0.00000000E+00  0.32203844E-30
  0.51525818E+14  0.00000000E+00  0.32143088E-30
  0.51572364E+14  0.00000000E+00  0.32082506E-30
  0.51618909E+14  0.00000000E+00  0.32022098E-30
  0.51665455E+14  0.00000000E+00  0.31961864E-30
  0.51712000E+14  0.00000000E+00  0.31901802E-30
  0.51758545E+14  0.00000000E+00  0.31841912E-30
  0.51805091E+14  0.00000000E+00  0.31782193E-30
  0.51851636E+14  0.00000000E+00  0.31722645E-30
  0.51898182E+14  0.00000000E+00  0.31663267E-30
  0.51944727E+14  0.00000000E+00  0.31604058E-30
  0.51991273E+14  0.00000000E+00  0.31545018E-30
  0.52037818E+14  0.00000000E+00  0.31486145E-30
  0.52084364E+14  0.00000000E+00  0.31427440E-30
  0.52130909E+14  0.00000000E+00  0.31368901E-30
  0.52177455E+14  0.00000000E+00  0.31310529E-30
  0.52224000E+14  0.00000000E+00  0.31252321E-30
  0.52270545E+14  0.00000000E+00  0.31194279E-30
  0.52317091E+14  0.00000000E+00  0.31136400E-30
  0.52363636E+14  0.00000000E+00  0.31078685E-30
  0.52410182E+14  0.00000000E+00  0.31021133E-30
  0.52456727E+14  0.00000000E+00  0.30963743E-30
  0.52503273E+14  0.00000000E+00  0.30906515E-30
  0.52549818E+14  0.00000000E+00  0.30849448E-30
  0.52596364E+14  0.00000000E+00  0.30792541E-30
  0.52642909E+14  0.00000000E+00  0.30735793E-30
  0.52689455E+14  0.00000000E+00  0.30679205E-30
  0.52736000E+14  0.00000000E+00  0.30622776E-30
  0.52782545E+14  0.00000000E+00  0.30566504E-30
  0.52829091E+14  0.00000000E+00  0.30510390E-30
  0.52875636E+14  0.00000000E+00  0.30454432E-30
  0.52922182E+14  0.00000000E+00  0.30398631E-30
  0.52968727E+14  0.00000000E+00  0.30342985E-30
  0.53015273E+14  0.00000000E+00  0.30287494E-30
  0.53061818E+14  0.00000000E+00  0.30232158E-30
  0.53108364E+14  0.00000000E+00  0.30176975E-30
  0.53154909E+14  0.00000000E+00  0.30121945E-30
  0.53201455E+14  0.00000000E+00  0.30067069E-30
  0.53248000E+14  0.00000000E+00  0.30012344E-30
  0.53294545E+14  0.00000000E+00  0.29957770E-30
  0.53341091E+14  0.00000000E+00  0.29903348E-30
  0.53387636E+14  0.00000000E+00  0.29849076E-30
  0.53434182E+14  0.00000000E+00  0.29794954E-30
  0.53480727E+14  0.00000000E+00  0.29740981E-30
  0.53527273E+14  0.00000000E+00  0.29687157E-30
  0.53573818E+14  0.00000000E+00  0.29633480E-30
  0.53620364E+14  0.00000000E+00  0.29579952E-30
  0.53666909E+14  0.00000000E+00  0.29526570E-30
  0.53713455E+14  0.00000000E+00  0.29473335E-30
  0.53760000E+14  0.00000000E+00  0.29420246E-30
  0.53806545E+14  0.00000000E+00  0.29367302E-30
  0.53853091E+14  0.00000000E+00  0.29314503E-30
  0.53899636E+14  0.00000000E+00  0.29261849E-30
  0.53946182E+14  0.00000000E+00  0.29209338E-30
  0.53992727E+14  0.00000000E+00  0.29156971E-30
  0.54039273E+14  0.00000000E+00  0.29104746E-30
  0.54085818E+14  0.00000000E+00  0.29052663E-30
  0.54132364E+14  0.00000000E+00  0.29000722E-30
  0.54178909E+14  0.00000000E+00  0.28948922E-30
  0.54225455E+14  0.00000000E+00  0.28897263E-30
  0.54272000E+14  0.00000000E+00  0.28845744E-30
  0.54318545E+14  0.00000000E+00  0.28794365E-30
  0.54365091E+14  0.00000000E+00  0.28743124E-30
  0.54411636E+14  0.00000000E+00  0.28692022E-30
  0.54458182E+14  0.00000000E+00  0.28641059E-30
  0.54504727E+14  0.00000000E+00  0.28590232E-30
  0.54551273E+14  0.00000000E+00  0.28539543E-30
  0.54597818E+14  0.00000000E+00  0.28488991E-30
  0.54644364E+14  0.00000000E+00  0.28438574E-30
  0.54690909E+14  0.00000000E+00  0.28388293E-30
  0.54737455E+14  0.00000000E+00  0.28338148E-30
  0.54784000E+14  0.00000000E+00  0.28288136E-30
  0.54830545E+14  0.00000000E+00  0.28238259E-30
  0.54877091E+14  0.00000000E+00  0.28188516E-30
  0.54923636E+14  0.00000000E+00  0.28138905E-30
  0.54970182E+14  0.00000000E+00  0.28089427E-30
  0.55016727E+14  0.00000000E+00  0.28040082E-30
  0.55063273E+14  0.00000000E+00  0.27990868E-30
  0.55109818E+14  0.00000000E+00  0.27941785E-30
  0.55156364E+14  0.00000000E+00  0.27892833E-30
  0.55202909E+14  0.00000000E+00  0.27844011E-30
  0.55249455E+14  0.00000000E+00  0.27795320E-30
  0.55296000E+14  0.00000000E+00  0.27746757E-30
  0.55342545E+14  0.00000000E+00  0.27698323E-30
  0.55389091E+14  0.00000000E+00  0.27650018E-30
  0.55435636E+14  0.00000000E+00  0.27601841E-30
  0.55482182E+14  0.00000000E+00  0.27553791E-30
  0.55528727E+14  0.00000000E+00  0.27505868E-30
  0.55575273E+14  0.00000000E+00  0.27458072E-30
  0.55621818E+14  0.00000000E+00  0.27410401E-30
  0.55668364E+14  0.00000000E+00  0.27362857E-30
  0.55714909E+14  0.00000000E+00  0.27315438E-30
  0.55761455E+14  0.00000000E+00  0.27268143E-30
  0.55808000E+14  0.00000000E+00  0.27220973E-30
  0.55854545E+14  0.00000000E+00  0.27173927E-30
  0.55901091E+14  0.00000000E+00  0.27127004E-30
  0.55947636E+14  0.00000000E+00  0.27080204E-30
  0.55994182E+14  0.00000000E+00  0.27033527E-30
  0.56040727E+14  0.00000000E+00  0.26986972E-30
  0.56087273E+14  0.00000000E+00  0.26940539E-30
  0.56133818E+14  0.00000000E+00  0.26894227E-30
  0.56180364E+14  0.00000000E+00  0.26848036E-30
  0.56226909E+14  0.00000000E+00  0.26801965E-30
  0.56273455E+14  0.00000000E+00  0.26756014E-30
  0.56320000E+14  0.00000000E+00  0.26710183E-30
  0.56366545E+14  0.00000000E+00  0.26664471E-30
  0.56413091E+14  0.00000000E+00  0.26618878E-30
  0.56459636E+14  0.00000000E+00  0.26573403E-30
  0.56506182E+14  0.00000000E+00  0.26528046E-30
  0.56552727E+14  0.00000000E+00  0.26482806E-30
  0.56599273E+14  0.00000000E+00  0.26437684E-30
  0.56645818E+14  0.00000000E+00  0.26392678E-30
  0.56692364E+14  0.00000000E+00  0.26347789E-30
  0.56738909E+14  0.00000000E+00  0.26303015E-30
  0.56785455E+14  0.00000000E+00  0.26258357E-30
  0.56832000E+14  0.00000000E+00  0.26213814E-30
  0.56878545E+14  0.00000000E+00  0.26169386E-30
  0.56925091E+14  0.00000000E+00  0.26125071E-30
  0.56971636E+14  0.00000000E+00  0.26080871E-30
  0.57018182E+14  0.00000000E+00  0.26036784E-30
  0.57064727E+14  0.00000000E+00  0.25992811E-30
  0.57111273E+14  0.00000000E+00  0.25948950E-30
  0.57157818E+14  0.00000000E+00  0.25905201E-30
  0.57204364E+14  0.00000000E+00  0.25861564E-30
  0.57250909E+14  0.00000000E+00  0.25818039E-30
  0.57297455E+14  0.00000000E+00  0.25774625E-30
  0.57344000E+14  0.00000000E+00  0.25731321E-30
  0.57390545E+14  0.00000000E+00  0.25688128E-30
  0.57437091E+14  0.00000000E+00  0.25645045E-30
  0.57483636E+14  0.00000000E+00  0.25602072E-30
  0.57530182E+14  0.00000000E+00  0.25559207E-30
  0.57576727E+14  0.00000000E+00  0.25516452E-30
  0.57623273E+14  0.00000000E+00  0.25473805E-30
  0.57669818E+14  0.00000000E+00  0.25431267E-30
  0.57716364E+14  0.00000000E+00  0.25388836E-30
  0.57762909E+14  0.00000000E+00  0.25346512E-30
  0.57809455E+14  0.00000000E+00  0.25304295E-30
  0.57856000E+14  0.00000000E+00  0.25262185E-30
  0.57902545E+14  0.00000000E+00  0.25220182E-30
  0.57949091E+14  0.00000000E+00  0.25178284E-30
  0.57995636E+14  0.00000000E+00  0.25136492E-30
  0.58042182E+14  0.00000000E+00  0.25094805E-30
  0.58088727E+14  0.00000000E+00  0.25053223E-30
  0.58135273E+14  0.00000000E+00  0.25011745E-30
  0.58181818E+14  0.00000000E+00  0.24970372E-30
  0.58228364E+14  0.00000000E+00  0.24929102E-30
  0.58274909E+14  0.00000000E+00  0.24887936E-30
  0.58321455E+14  0.00000000E+00  0.24846872E-30
  0.58368000E+14  0.00000000E+00  0.24805912E-30
  0.58414545E+14  0.00000000E+00  0.24765054E-30
  0.58461091E+14  0.00000000E+00  0.24724298E-30
  0.58507636E+14  0.00000000E+00  0.24683644E-30
  0.58554182E+14  0.00000000E+00  0.24643091E-30
  0.58600727E+14  0.00000000E+00  0.24602639E-30
  0.58647273E+14  0.00000000E+00  0.24562287E-30
  0.58693818E+14  0.00000000E+00  0.24522036E-30
  0.58740364E+14  0.00000000E+00  0.24481885E-30
  0.58786909E+14  0.00000000E+00  0.24441834E-30
  0.58833455E+14  0.00000000E+00  0.24401882E-30
  0.58880000E+14  0.00000000E+00  0.24362029E-30
  0.58926545E+14  0.00000000E+00  0.24322275E-30
  0.58973091E+14  0.00000000E+00  0.24282619E-30
  0.59019636E+14  0.00000000E+00  0.24243061E-30
  0.59066182E+14  0.00000000E+00  0.24203601E-30
  0.59112727E+14  0.00000000E+00  0.24164238E-30
  0.59159273E+14  0.00000000E+00  0.24124972E-30
  0.59205818E+14  0.00000000E+00  0.24085803E-30
  0.59252364E+14  0.00000000E+00  0.24046730E-30
  0.59298909E+14  0.00000000E+00  0.24007754E-30
  0.59345455E+14  0.00000000E+00  0.23968873E-30
  0.59392000E+14  0.00000000E+00  0.23930087E-30
  0.59438545E+14  0.00000000E+00  0.23891397E-30
  0.59485091E+14  0.00000000E+00  0.23852801E-30
  0.59531636E+14  0.00000000E+00  0.23814300E-30
  0.59578182E+14  0.00000000E+00  0.23775894E-30
  0.59624727E+14  0.00000000E+00  0.23737581E-30
  0.59671273E+14  0.00000000E+00  0.23699361E-30
  0.59717818E+14  0.00000000E+00  0.23661235E-30
  0.59764364E+14  0.00000000E+00  0.23623202E-30
  0.59810909E+14  0.00000000E+00  0.23585261E-30
  0.59857455E+14  0.00000000E+00  0.23547413E-30
  0.59904000E+14  0.00000000E+00  0.23509657E-30
  0.59950545E+14  0.00000000E+00  0.23471992E-30
  0.59997091E+14  0.00000000E+00  0.23434419E-30
  0.60043636E+14  0.00000000E+00  0.23396937E-30
  0.60090182E+14  0.00000000E+00  0.23359546E-30
  0.60136727E+14  0.00000000E+00  0.23322246E-30
  0.60183273E+14  0.00000000E+00  0.23285035E-30
  0.60229818E+14  0.00000000E+00  0.23247915E-30
  0.60276364E+14  0.00000000E+00  0.23210884E-30
  0.60322909E+14  0.00000000E+00  0.23173943E-30
  0.60369455E+14  0.00000000E+00  0.23137091E-30
  0.60416000E+14  0.00000000E+00  0.23100327E-30
  0.60462545E+14  0.00000000E+00  0.23063652E-30
  0.60509091E+14  0.00000000E+00  0.23027065E-30
  0.60555636E+14  0.00000000E+00  0.22990566E-30
  0.60602182E+14  0.00000000E+00  0.22954155E-30
  0.60648727E+14  0.00000000E+00  0.22917831E-30
  0.60695273E+14  0.00000000E+00  0.22881595E-30
  0.60741818E+14  0.00000000E+00  0.22845445E-30
  0.60788364E+14  0.00000000E+00  0.22809381E-30
  0.60834909E+14  0.00000000E+00  0.22773404E-30
  0.60881455E+14  0.00000000E+00  0.22737513E-30
  0.60928000E+14  0.00000000E+00  0.22701707E-30
  0.60974545E+14  0.00000000E+00  0.22665987E-30
  0.61021091E+14  0.00000000E+00  0.22630352E-30
  0.61067636E+14  0.00000000E+00  0.22594802E-30
  0.61114182E+14  0.00000000E+00  0.22559336E-30
  0.61160727E+14  0.00000000E+00  0.22523955E-30
  0.61207273E+14  0.00000000E+00  0.22488657E-30
  0.61253818E+14  0.00000000E+00  0.22453444E-30
  0.61300364E+14  0.00000000E+00  0.22418314E-30
  0.61346909E+14  0.00000000E+00  0.22383267E-30
  0.61393455E+14  0.00000000E+00  0.22348303E-30
  0.61440000E+14  0.00000000E+00  0.22313422E-30
  0.61486545E+14  0.00000000E+00  0.22278623E-30
  0.61533091E+14  0.00000000E+00  0.22243907E-30
  0.61579636E+14  0.00000000E+00  0.22209272E-30
  0.61626182E+14  0.00000000E+00  0.22174719E-30
  0.61672727E+14  0.00000000E+00  0.22140248E-30
  0.61719273E+14  0.00000000E+00  0.22105858E-30
  0.61765818E+14  0.00000000E+00  0.22071548E-30
  0.61812364E+14  0.00000000E+00  0.22037319E-30
  0.61858909E+14  0.00000000E+00  0.22003171E-30
  0.61905455E+14  0.00000000E+00  0.21969103E-30
  0.61952000E+14  0.00000000E+00  0.21935114E-30
  0.61998545E+14  0.00000000E+00  0.21901205E-30
  0.62045091E+14  0.00000000E+00  0.21867376E-30
  0.62091636E+14  0.00000000E+00  0.21833625E-30
  0.62138182E+14  0.00000000E+00  0.21799954E-30
  0.62184727E+14  0.00000000E+00  0.21766361E-30
  0.62231273E+14  0.00000000E+00  0.21732847E-30
  0.62277818E+14  0.00000000E+00  0.21699410E-30
  0.62324364E+14  0.00000000E+00  0.21666052E-30
  0.62370909E+14  0.00000000E+00  0.21632771E-30
  0.62417455E+14  0.00000000E+00  0.21599567E-30
  0.62464000E+14  0.00000000E+00  0.21566441E-30
  0.62510545E+14  0.00000000E+00  0.21533391E-30
  0.62557091E+14  0.00000000E+00  0.21500419E-30
  0.62603636E+14  0.00000000E+00  0.21467522E-30
  0.62650182E+14  0.00000000E+00  0.21434702E-30
  0.62696727E+14  0.00000000E+00  0.21401958E-30
  0.62743273E+14  0.00000000E+00  0.21369290E-30
  0.62789818E+14  0.00000000E+00  0.21336696E-30
  0.62836364E+14  0.00000000E+00  0.21304179E-30
  0.62882909E+14  0.00000000E+00  0.21271736E-30
  0.62929455E+14  0.00000000E+00  0.21239368E-30
  0.62976000E+14  0.00000000E+00  0.21207075E-30
  0.63022545E+14  0.00000000E+00  0.21174855E-30
  0.63069091E+14  0.00000000E+00  0.21142710E-30
  0.63115636E+14  0.00000000E+00  0.21110639E-30
  0.63162182E+14  0.00000000E+00  0.21078642E-30
  0.63208727E+14  0.00000000E+00  0.21046718E-30
  0.63255273E+14  0.00000000E+00  0.21014867E-30
  0.63301818E+14  0.00000000E+00  0.20983089E-30
  0.63348364E+14  0.00000000E+00  0.20951383E-30
  0.63394909E+14  0.00000000E+00  0.20919750E-30
  0.63441455E+14  0.00000000E+00  0.20888190E-30
  0.63488000E+14  0.00000000E+00  0.20856701E-30
  0.63534545E+14  0.00000000E+00  0.20825285E-30
  0.63581091E+14  0.00000000E+00  0.20793940E-30
  0.63627636E+14  0.00000000E+00  0.20762666E-30
  0.63674182E+14  0.00000000E+00  0.20731464E-30
  0.63720727E+14  0.00000000E+00  0.20700332E-30
  0.63767273E+14  0.00000000E+00  0.20669271E-30
  0.63813818E+14  0.00000000E+00  0.20638281E-30
  0.63860364E+14  0.00000000E+00  0.20607361E-30
  0.63906909E+14  0.00000000E+00  0.20576511E-30
  0.63953455E+14  0.00000000E+00  0.20545731E-30
  0.64000000E+14  0.00000000E+00  0.20515021E-30
