  0.46545455E+11  0.91541371E-31  0.13515778E-29
  0.93090909E+11  0.15277901E-30  0.14038042E-29
  0.13963636E+12  0.22884232E-30  0.14830961E-29
  0.18618182E+12  0.27147899E-30  0.16372446E-29
  0.23272727E+12  0.11632939E-30  0.18282850E-29
  0.27927273E+12 -0.10003574E-30  0.17434589E-29
  0.32581818E+12 -0.11564993E-30  0.15680262E-29
  0.37236364E+12 -0.52730203E-32  0.15199265E-29
  0.41890909E+12 -0.31764131E-32  0.15192682E-29
  0.46545455E+12  0.89360664E-31  0.14724533E-29
  0.51200000E+12  0.23363918E-30  0.15849023E-29
  0.55854545E+12  0.14265934E-30  0.17551134E-29
  0.60509091E+12  0.12046648E-31  0.17547190E-29
  0.65163636E+12 -0.27426421E-31  0.17174142E-29
  0.69818182E+12 -0.81776860E-31  0.16340834E-29
  0.74472727E+12  0.21883206E-32  0.15333510E-29
  0.79127273E+12  0.13388323E-30  0.15925223E-29
  0.83781818E+12  0.10798767E-30  0.17046079E-29
  0.88436364E+12  0.66035046E-31  0.17321488E-29
  0.93090909E+12  0.95469784E-32  0.17441726E-29
  0.97745455E+12 -0.85088636E-32  0.16953659E-29
  0.10240000E+13  0.32552032E-31  0.16634172E-29
  0.10705455E+13  0.84936048E-31  0.17082136E-29
  0.11170909E+13  0.78477682E-31  0.17807818E-29
  0.11636364E+13  0.18927279E-31  0.18130442E-29
  0.12101818E+13 -0.48038644E-31  0.17775153E-29
  0.12567273E+13 -0.17312412E-31  0.17276832E-29
  0.13032727E+13  0.30599261E-31  0.17294198E-29
  0.13498182E+13  0.76624323E-31  0.17697868E-29
  0.13963636E+13  0.79861803E-31  0.18519381E-29
  0.14429091E+13  0.10956517E-31  0.18997568E-29
  0.14894545E+13 -0.36556214E-31  0.18696377E-29
  0.15360000E+13 -0.33374475E-31  0.18538647E-29
  0.15825455E+13 -0.22981040E-31  0.18516863E-29
  0.16290909E+13  0.45042934E-32  0.18637449E-29
  0.16756364E+13  0.11079972E-31  0.19139978E-29
  0.17221818E+13 -0.25414146E-31  0.19470634E-29
  0.17687273E+13 -0.38082747E-31  0.19481467E-29
  0.18152727E+13 -0.33559580E-31  0.19570374E-29
  0.18618182E+13 -0.37403163E-31  0.19840862E-29
  0.19083636E+13 -0.46672382E-31  0.20110040E-29
  0.19549091E+13 -0.62528866E-31  0.20364251E-29
  0.20014545E+13 -0.92611561E-31  0.20459930E-29
  0.20480000E+13 -0.97931533E-31  0.20411823E-29
  0.20945455E+13 -0.77136432E-31  0.20639132E-29
  0.21410909E+13 -0.88602251E-31  0.21082122E-29
  0.21876364E+13 -0.11139695E-30  0.21334551E-29
  0.22341818E+13 -0.13753755E-30  0.21530023E-29
  0.22807273E+13 -0.14492584E-30  0.21667188E-29
  0.23272727E+13 -0.14990776E-30  0.21844305E-29
  0.23738182E+13 -0.16352982E-30  0.22197631E-29
  0.24203636E+13 -0.18946373E-30  0.22446891E-29
  0.24669091E+13 -0.21078997E-30  0.22628999E-29
  0.25134545E+13 -0.22480283E-30  0.22670097E-29
  0.25600000E+13 -0.21836401E-30  0.22946378E-29
  0.26065455E+13 -0.23342884E-30  0.23432490E-29
  0.26530909E+13 -0.26748099E-30  0.23795084E-29
  0.26996364E+13 -0.30457069E-30  0.24050718E-29
  0.27461818E+13 -0.34784605E-30  0.24037260E-29
  0.27927273E+13 -0.33876093E-30  0.24014249E-29
  0.28392727E+13 -0.32470965E-30  0.24445128E-29
  0.28858182E+13 -0.35338310E-30  0.25055043E-29
  0.29323636E+13 -0.39893171E-30  0.25455634E-29
  0.29789091E+13 -0.45843483E-30  0.25654729E-29
  0.30254545E+13 -0.48714311E-30  0.25562697E-29
  0.30720000E+13 -0.48144185E-30  0.25679381E-29
  0.31185455E+13 -0.48885139E-30  0.26186325E-29
  0.31650909E+13 -0.52874766E-30  0.26666363E-29
  0.32116364E+13 -0.57717945E-30  0.27022029E-29
  0.32581818E+13 -0.62347265E-30  0.27122725E-29
  0.33047273E+13 -0.64515611E-30  0.27228404E-29
  0.33512727E+13 -0.65515240E-30  0.27605237E-29
  0.33978182E+13 -0.69403631E-30  0.28110065E-29
  0.34443636E+13 -0.75072307E-30  0.28504162E-29
  0.34909091E+13 -0.81445081E-30  0.28589659E-29
  0.35374545E+13 -0.83772787E-30  0.28597524E-29
  0.35840000E+13 -0.85108183E-30  0.28890881E-29
  0.36305455E+13 -0.87981221E-30  0.29399191E-29
  0.36770909E+13 -0.93110149E-30  0.29984169E-29
  0.37236364E+13 -0.10172634E-29  0.30270678E-29
  0.37701818E+13 -0.10684281E-29  0.30272040E-29
  0.38167273E+13 -0.11020880E-29  0.30421509E-29
  0.38632727E+13 -0.11390435E-29  0.30725255E-29
  0.39098182E+13 -0.11844983E-29  0.31156797E-29
  0.39563636E+13 -0.12522610E-29  0.31501785E-29
  0.40029091E+13 -0.13102427E-29  0.31676597E-29
  0.40494545E+13 -0.13593469E-29  0.31895359E-29
  0.40960000E+13 -0.14109149E-29  0.32291136E-29
  0.41425455E+13 -0.14840626E-29  0.32631740E-29
  0.41890909E+13 -0.15593878E-29  0.32852424E-29
  0.42356364E+13 -0.16277781E-29  0.32929779E-29
  0.42821818E+13 -0.16785229E-29  0.33047217E-29
  0.43287273E+13 -0.17279939E-29  0.33432877E-29
  0.43752727E+13 -0.18056592E-29  0.33811874E-29
  0.44218182E+13 -0.18923960E-29  0.34089557E-29
  0.44683636E+13 -0.19753675E-29  0.34158337E-29
  0.45149091E+13 -0.20448462E-29  0.34288857E-29
  0.45614545E+13 -0.21161354E-29  0.34540475E-29
  0.46080000E+13 -0.22005731E-29  0.34791103E-29
  0.46545455E+13 -0.22978690E-29  0.34940885E-29
  0.47010909E+13 -0.23783088E-29  0.34933987E-29
  0.47476364E+13 -0.24510787E-29  0.35093322E-29
  0.47941818E+13 -0.25368369E-29  0.35395246E-29
  0.48407273E+13 -0.26437160E-29  0.35629805E-29
  0.48872727E+13 -0.27632183E-29  0.35656815E-29
  0.49338182E+13 -0.28593867E-29  0.35450004E-29
  0.49803636E+13 -0.29362473E-29  0.35438130E-29
  0.50269091E+13 -0.30244098E-29  0.35685076E-29
  0.50734545E+13 -0.31428592E-29  0.35877417E-29
  0.51200000E+13 -0.32761704E-29  0.35850314E-29
  0.51665455E+13 -0.33894570E-29  0.35578363E-29
  0.52130909E+13 -0.34846974E-29  0.35458337E-29
  0.52596364E+13 -0.35947794E-29  0.35512487E-29
  0.53061818E+13 -0.37236771E-29  0.35483225E-29
  0.53527273E+13 -0.38634403E-29  0.35222129E-29
  0.53992727E+13 -0.39754750E-29  0.34876689E-29
  0.54458182E+13 -0.40840883E-29  0.34717899E-29
  0.54923636E+13 -0.42162091E-29  0.34672063E-29
  0.55389091E+13 -0.43714230E-29  0.34466909E-29
  0.55854545E+13 -0.45258482E-29  0.33897309E-29
  0.56320000E+13 -0.46495196E-29  0.33304455E-29
  0.56785455E+13 -0.47695172E-29  0.32934330E-29
  0.57250909E+13 -0.49092223E-29  0.32633263E-29
  0.57716364E+13 -0.50764603E-29  0.32196529E-29
  0.58181818E+13 -0.52313951E-29  0.31443907E-29
  0.58647273E+13 -0.53719783E-29  0.30742580E-29
  0.59112727E+13 -0.55236529E-29  0.30141918E-29
  0.59578182E+13 -0.56901312E-29  0.29412174E-29
  0.60043636E+13 -0.58621336E-29  0.28426498E-29
  0.60509091E+13 -0.60057562E-29  0.27347748E-29
  0.60974545E+13 -0.61477305E-29  0.26494093E-29
  0.61440000E+13 -0.63192679E-29  0.25627477E-29
  0.61905455E+13 -0.65077794E-29  0.24490642E-29
  0.62370909E+13 -0.66806296E-29  0.23046052E-29
  0.62836364E+13 -0.68317088E-29  0.21621103E-29
  0.63301818E+13 -0.69942717E-29  0.20310299E-29
  0.63767273E+13 -0.71722144E-29  0.18826293E-29
  0.64232727E+13 -0.73456263E-29  0.17063053E-29
  0.64698182E+13 -0.75015739E-29  0.15269193E-29
  0.65163636E+13 -0.76618322E-29  0.13552023E-29
  0.65629091E+13 -0.78445633E-29  0.11652013E-29
  0.66094545E+13 -0.80261094E-29  0.93519185E-30
  0.66560000E+13 -0.81743062E-29  0.68992818E-30
  0.67025455E+13 -0.83122634E-29  0.45457246E-30
  0.67490909E+13 -0.84675379E-29  0.21486696E-30
  0.67956364E+13 -0.86353023E-29 -0.60344564E-31
  0.68421818E+13 -0.87709726E-29 -0.36559406E-30
  0.68887273E+13 -0.88922337E-29 -0.66918468E-30
  0.69352727E+13 -0.90246810E-29 -0.98654072E-30
  0.69818182E+13 -0.91546152E-29 -0.13427988E-29
  0.70283636E+13 -0.92412318E-29 -0.17307318E-29
  0.70749091E+13 -0.93002621E-29 -0.21105692E-29
  0.71214545E+13 -0.93735466E-29 -0.25027601E-29
  0.71680000E+13 -0.94404822E-29 -0.29452491E-29
  0.72145455E+13 -0.94543514E-29 -0.34292207E-29
  0.72610909E+13 -0.94244450E-29 -0.39160258E-29
  0.73076364E+13 -0.93778333E-29 -0.44244398E-29
  0.73541818E+13 -0.92960460E-29 -0.49882354E-29
  0.74007273E+13 -0.91217158E-29 -0.55750072E-29
  0.74472727E+13 -0.88959480E-29 -0.61697636E-29
  0.74938182E+13 -0.85987158E-29 -0.68115836E-29
  0.75403636E+13 -0.81676932E-29 -0.75229197E-29
  0.75869091E+13 -0.75098000E-29 -0.82633010E-29
  0.76334545E+13 -0.64793648E-29 -0.90453560E-29
  0.76800000E+13 -0.40738894E-29 -0.87157494E-29
  0.77265455E+13 -0.42815569E-29 -0.74181262E-29
  0.77730909E+13 -0.42690743E-29 -0.71834947E-29
  0.78196364E+13 -0.41551960E-29 -0.69663205E-29
  0.78661818E+13 -0.41435371E-29 -0.68969110E-29
  0.79127273E+13 -0.39936098E-29 -0.68880922E-29
  0.79592727E+13 -0.39786412E-29 -0.68329692E-29
  0.80058182E+13 -0.37807857E-29 -0.68772235E-29
  0.80523636E+13 -0.36145559E-29 -0.68608065E-29
  0.80989091E+13 -0.35297343E-29 -0.69633153E-29
  0.81454545E+13 -0.34246796E-29 -0.69613488E-29
  0.81920000E+13 -0.32954301E-29 -0.69970874E-29
  0.82385455E+13 -0.31047565E-29 -0.71600204E-29
  0.82850909E+13 -0.30204419E-29 -0.71528264E-29
  0.83316364E+13 -0.28562576E-29 -0.71993498E-29
  0.83781818E+13 -0.26724099E-29 -0.73604777E-29
  0.84247273E+13 -0.25314626E-29 -0.73608839E-29
  0.84712727E+13 -0.23342987E-29 -0.74360927E-29
  0.85178182E+13 -0.22331899E-29 -0.75659778E-29
  0.85643636E+13 -0.19657625E-29 -0.76148791E-29
  0.86109091E+13 -0.17577830E-29 -0.77154625E-29
  0.86574545E+13 -0.16279343E-29 -0.77122339E-29
  0.87040000E+13 -0.13472714E-29 -0.78412250E-29
  0.87505455E+13 -0.11757546E-29 -0.79348021E-29
  0.87970909E+13 -0.88855471E-30 -0.79054183E-29
  0.88436364E+13 -0.69016280E-30 -0.80369765E-29
  0.88901818E+13 -0.42790527E-30 -0.80445603E-29
  0.89367273E+13 -0.84755827E-31 -0.80633374E-29
  0.89832727E+13  0.10548544E-30 -0.80559328E-29
  0.90298182E+13  0.41046878E-30 -0.79862706E-29
  0.90763636E+13  0.65043250E-30 -0.79742105E-29
  0.91229091E+13  0.84439847E-30 -0.78456726E-29
  0.91694545E+13  0.10229721E-29 -0.77536666E-29
  0.92160000E+13  0.11051520E-29 -0.77144259E-29
  0.92625455E+13  0.11896643E-29 -0.77203962E-29
  0.93090909E+13  0.13306975E-29 -0.77040041E-29
  0.93556364E+13  0.13825227E-29 -0.77360209E-29
  0.94021818E+13  0.12930024E-29 -0.78349159E-29
  0.94487273E+13  0.12294858E-29 -0.79723726E-29
  0.94952727E+13  0.10752477E-29 -0.82190467E-29
  0.95418182E+13  0.61110741E-30 -0.86245885E-29
  0.95883636E+13 -0.91077138E-30 -0.95139275E-29
  0.96349091E+13 -0.66426844E-30 -0.16268041E-28
  0.96814545E+13  0.54979154E-29 -0.18485698E-28
  0.97280000E+13  0.10937069E-28 -0.17642981E-28
  0.97745455E+13  0.15850789E-28 -0.14866279E-28
  0.98210909E+13  0.17999559E-28 -0.91567597E-29
  0.98676364E+13  0.18071272E-28 -0.53849118E-29
  0.99141818E+13  0.17420354E-28 -0.22057630E-29
  0.99607273E+13  0.16345769E-28  0.41441583E-30
  0.10007273E+14  0.15028051E-28  0.24942852E-29
  0.10053818E+14  0.13559867E-28  0.41727675E-29
  0.10100364E+14  0.12079931E-28  0.55050323E-29
  0.10146909E+14  0.10479510E-28  0.65710435E-29
  0.10193455E+14  0.88722322E-29  0.73298077E-29
  0.10240000E+14  0.72355552E-29  0.78080614E-29
  0.10286545E+14  0.57146932E-29  0.80321817E-29
  0.10333091E+14  0.41874514E-29  0.80326945E-29
  0.10379636E+14  0.27876864E-29  0.78219758E-29
  0.10426182E+14  0.14444088E-29  0.73368162E-29
  0.10472727E+14  0.31679433E-30  0.66562240E-29
  0.10519273E+14 -0.51194904E-30  0.56955447E-29
  0.10565818E+14 -0.91290134E-30  0.48146463E-29
  0.10612364E+14 -0.10999705E-29  0.41109945E-29
  0.10658909E+14 -0.12305300E-29  0.35599772E-29
  0.10705455E+14 -0.12718611E-29  0.30912456E-29
  0.10752000E+14 -0.13127764E-29  0.27577168E-29
  0.10798545E+14 -0.13850561E-29  0.24445308E-29
  0.10845091E+14 -0.14193133E-29  0.21273728E-29
  0.10891636E+14 -0.14025981E-29  0.18627785E-29
  0.10938182E+14 -0.13631718E-29  0.16551168E-29
  0.10984727E+14 -0.13033815E-29  0.14450353E-29
  0.11031273E+14 -0.11685449E-29  0.13081863E-29
  0.11077818E+14 -0.98163022E-30  0.13313289E-29
  0.11124364E+14 -0.83358843E-30  0.15246472E-29
  0.11170909E+14 -0.92019337E-30  0.17876175E-29
  0.11217455E+14 -0.10516589E-29  0.20414025E-29
  0.11264000E+14 -0.13098287E-29  0.23458865E-29
  0.11310545E+14 -0.16209923E-29  0.27615550E-29
  0.11357091E+14 -0.24969796E-29  0.31466444E-29
  0.11403636E+14 -0.35355095E-29  0.29878294E-29
  0.11450182E+14 -0.43331182E-29  0.24459169E-29
  0.11496727E+14 -0.48684066E-29  0.18527253E-29
  0.11543273E+14 -0.53069294E-29  0.12440880E-29
  0.11589818E+14 -0.56463100E-29  0.59366953E-30
  0.11636364E+14 -0.58655682E-29 -0.93316289E-31
  0.11682909E+14 -0.59899230E-29 -0.72408959E-30
  0.11729455E+14 -0.60833202E-29 -0.13295919E-29
  0.11776000E+14 -0.61046604E-29 -0.19723267E-29
  0.11822545E+14 -0.60503691E-29 -0.26016792E-29
  0.11869091E+14 -0.59741961E-29 -0.31611083E-29
  0.11915636E+14 -0.58531470E-29 -0.37272827E-29
  0.11962182E+14 -0.56793047E-29 -0.43158607E-29
  0.12008727E+14 -0.54556770E-29 -0.48465672E-29
  0.12055273E+14 -0.52637585E-29 -0.53404130E-29
  0.12101818E+14 -0.49945415E-29 -0.58572229E-29
  0.12148364E+14 -0.46634551E-29 -0.63644027E-29
  0.12194909E+14 -0.43489815E-29 -0.68244272E-29
  0.12241455E+14 -0.40152590E-29 -0.73022524E-29
  0.12288000E+14 -0.36019166E-29 -0.77710543E-29
  0.12334545E+14 -0.31782868E-29 -0.82032640E-29
  0.12381091E+14 -0.27206967E-29 -0.86428851E-29
  0.12427636E+14 -0.21894436E-29 -0.90904792E-29
  0.12474182E+14 -0.16238442E-29 -0.94831748E-29
  0.12520727E+14 -0.10197869E-29 -0.98857889E-29
  0.12567273E+14 -0.31778971E-30 -0.10301146E-28
  0.12613818E+14  0.45741811E-30 -0.10664949E-28
  0.12660364E+14  0.13583697E-29 -0.11043607E-28
  0.12706909E+14  0.25154826E-29 -0.11406223E-28
  0.12753455E+14  0.43411751E-29 -0.11503454E-28
  0.12800000E+14  0.54218689E-29 -0.97087635E-29
  0.12846545E+14  0.54027802E-29 -0.94918116E-29
  0.12893091E+14  0.60210274E-29 -0.92997331E-29
  0.12939636E+14  0.67073805E-29 -0.90068566E-29
  0.12986182E+14  0.73798415E-29 -0.86792425E-29
  0.13032727E+14  0.81320351E-29 -0.82422482E-29
  0.13079273E+14  0.89098965E-29 -0.77950020E-29
  0.13125818E+14  0.96796064E-29 -0.71850758E-29
  0.13172364E+14  0.10581419E-28 -0.64703125E-29
  0.13218909E+14  0.11460718E-28 -0.56111578E-29
  0.13265455E+14  0.12488590E-28 -0.44207512E-29
  0.13312000E+14  0.13589625E-28 -0.27045907E-29
  0.13358545E+14  0.13208961E-28  0.95653113E-30
  0.13405091E+14  0.11174245E-28  0.20399621E-29
  0.13451636E+14  0.10052980E-28  0.25363220E-29
  0.13498182E+14  0.91891230E-29  0.29065545E-29
  0.13544727E+14  0.84597009E-29  0.32524842E-29
  0.13591273E+14  0.78125491E-29  0.35119364E-29
  0.13637818E+14  0.72207233E-29  0.37720247E-29
  0.13684364E+14  0.66676437E-29  0.39578835E-29
  0.13730909E+14  0.61285332E-29  0.41502884E-29
  0.13777455E+14  0.56336755E-29  0.42882802E-29
  0.13824000E+14  0.51161848E-29  0.44075553E-29
  0.13870545E+14  0.46625533E-29  0.45086638E-29
  0.13917091E+14  0.41762154E-29  0.45622157E-29
  0.13963636E+14  0.37143115E-29  0.46167778E-29
  0.14010182E+14  0.32712091E-29  0.46203761E-29
  0.14056727E+14  0.28110313E-29  0.45988041E-29
  0.14103273E+14  0.23503232E-29  0.45535739E-29
  0.14149818E+14  0.19139528E-29  0.44697990E-29
  0.14196364E+14  0.14688713E-29  0.43420760E-29
  0.14242909E+14  0.10282705E-29  0.41647275E-29
  0.14289455E+14  0.58456229E-30  0.39285949E-29
  0.14336000E+14  0.14167537E-30  0.35304492E-29
  0.14382545E+14  0.00000000E+00  0.29762329E-29
  0.14429091E+14  0.00000000E+00  0.26388958E-29
  0.14475636E+14  0.00000000E+00  0.23850177E-29
  0.14522182E+14  0.00000000E+00  0.21778083E-29
  0.14568727E+14  0.00000000E+00  0.20021894E-29
  0.14615273E+14  0.00000000E+00  0.18498869E-29
  0.14661818E+14  0.00000000E+00  0.17156907E-29
  0.14708364E+14  0.00000000E+00  0.15960391E-29
  0.14754909E+14  0.00000000E+00  0.14883590E-29
  0.14801455E+14  0.00000000E+00  0.13907159E-29
  0.14848000E+14  0.00000000E+00  0.13016116E-29
  0.14894545E+14  0.00000000E+00  0.12198575E-29
  0.14941091E+14  0.00000000E+00  0.11444929E-29
  0.14987636E+14  0.00000000E+00  0.10747289E-29
  0.15034182E+14  0.00000000E+00  0.10099090E-29
  0.15080727E+14  0.00000000E+00  0.94948078E-30
  0.15127273E+14  0.00000000E+00  0.89297481E-30
  0.15173818E+14  0.00000000E+00  0.83998869E-30
  0.15220364E+14  0.00000000E+00  0.79017490E-30
  0.15266909E+14  0.00000000E+00  0.74323132E-30
  0.15313455E+14  0.00000000E+00  0.69889363E-30
  0.15360000E+14  0.00000000E+00  0.65692937E-30
  0.15406545E+14  0.00000000E+00  0.61713303E-30
  0.15453091E+14  0.00000000E+00  0.57932211E-30
  0.15499636E+14  0.00000000E+00  0.54333385E-30
  0.15546182E+14  0.00000000E+00  0.50902253E-30
  0.15592727E+14  0.00000000E+00  0.47625720E-30
  0.15639273E+14  0.00000000E+00  0.44491980E-30
  0.15685818E+14  0.00000000E+00  0.41490354E-30
  0.15732364E+14  0.00000000E+00  0.38611152E-30
  0.15778909E+14  0.00000000E+00  0.35845559E-30
  0.15825455E+14  0.00000000E+00  0.33185533E-30
  0.15872000E+14  0.00000000E+00  0.30623719E-30
  0.15918545E+14  0.00000000E+00  0.28153373E-30
  0.15965091E+14  0.00000000E+00  0.25768296E-30
  0.16011636E+14  0.00000000E+00  0.23462781E-30
  0.16058182E+14  0.00000000E+00  0.21231558E-30
  0.16104727E+14  0.00000000E+00  0.19069753E-30
  0.16151273E+14  0.00000000E+00  0.16972846E-30
  0.16197818E+14  0.00000000E+00  0.14936642E-30
  0.16244364E+14  0.00000000E+00  0.12957236E-30
  0.16290909E+14  0.00000000E+00  0.11030986E-30
  0.16337455E+14  0.00000000E+00  0.91544914E-31
  0.16384000E+14  0.00000000E+00  0.73245700E-31
  0.16430545E+14  0.00000000E+00  0.55382377E-31
  0.16477091E+14  0.00000000E+00  0.37926918E-31
  0.16523636E+14  0.00000000E+00  0.20852950E-31
  0.16570182E+14  0.00000000E+00  0.41356162E-32
  0.16616727E+14  0.00000000E+00 -0.12248560E-31
  0.16663273E+14  0.00000000E+00 -0.28321789E-31
  0.16709818E+14  0.00000000E+00 -0.44105121E-31
  0.16756364E+14  0.00000000E+00 -0.59618545E-31
  0.16802909E+14  0.00000000E+00 -0.74881076E-31
  0.16849455E+14  0.00000000E+00 -0.89910839E-31
  0.16896000E+14  0.00000000E+00 -0.10472514E-30
  0.16942545E+14  0.00000000E+00 -0.11934055E-30
  0.16989091E+14  0.00000000E+00 -0.13377293E-30
  0.17035636E+14  0.00000000E+00 -0.14803754E-30
  0.17082182E+14  0.00000000E+00 -0.16214906E-30
  0.17128727E+14  0.00000000E+00 -0.17612166E-30
  0.17175273E+14  0.00000000E+00 -0.18996901E-30
  0.17221818E+14  0.00000000E+00 -0.20370440E-30
  0.17268364E+14  0.00000000E+00 -0.21734068E-30
  0.17314909E+14  0.00000000E+00 -0.23089039E-30
  0.17361455E+14  0.00000000E+00 -0.24436576E-30
  0.17408000E+14  0.00000000E+00 -0.25777872E-30
  0.17454545E+14  0.00000000E+00 -0.27114098E-30
  0.17501091E+14  0.00000000E+00 -0.28446404E-30
  0.17547636E+14  0.00000000E+00 -0.29775921E-30
  0.17594182E+14  0.00000000E+00 -0.31103766E-30
  0.17640727E+14  0.00000000E+00 -0.32431045E-30
  0.17687273E+14  0.00000000E+00 -0.33758854E-30
  0.17733818E+14  0.00000000E+00 -0.35088281E-30
  0.17780364E+14  0.00000000E+00 -0.36420412E-30
  0.17826909E+14  0.00000000E+00 -0.37756333E-30
  0.17873455E+14  0.00000000E+00 -0.39097129E-30
  0.17920000E+14  0.00000000E+00 -0.40443891E-30
  0.17966545E+14  0.00000000E+00 -0.41797717E-30
  0.18013091E+14  0.00000000E+00 -0.43159713E-30
  0.18059636E+14  0.00000000E+00 -0.44530999E-30
  0.18106182E+14  0.00000000E+00 -0.45912709E-30
  0.18152727E+14  0.00000000E+00 -0.47305995E-30
  0.18199273E+14  0.00000000E+00 -0.48712030E-30
  0.18245818E+14  0.00000000E+00 -0.50132012E-30
  0.18292364E+14  0.00000000E+00 -0.51567163E-30
  0.18338909E+14  0.00000000E+00 -0.53018738E-30
  0.18385455E+14  0.00000000E+00 -0.54488024E-30
  0.18432000E+14  0.00000000E+00 -0.55976345E-30
  0.18478545E+14  0.00000000E+00 -0.57485066E-30
  0.18525091E+14  0.00000000E+00 -0.59015599E-30
  0.18571636E+14  0.00000000E+00 -0.60569400E-30
  0.18618182E+14  0.00000000E+00 -0.62147985E-30
  0.18664727E+14  0.00000000E+00 -0.63752922E-30
  0.18711273E+14  0.00000000E+00 -0.65385846E-30
  0.18757818E+14  0.00000000E+00 -0.67048461E-30
  0.18804364E+14  0.00000000E+00 -0.68742544E-30
  0.18850909E+14  0.00000000E+00 -0.70469952E-30
  0.18897455E+14  0.00000000E+00 -0.72232634E-30
  0.18944000E+14  0.00000000E+00 -0.74032629E-30
  0.18990545E+14  0.00000000E+00 -0.75872083E-30
  0.19037091E+14  0.00000000E+00 -0.77753253E-30
  0.19083636E+14  0.00000000E+00 -0.79678515E-30
  0.19130182E+14  0.00000000E+00 -0.81650380E-30
  0.19176727E+14  0.00000000E+00 -0.83671500E-30
  0.19223273E+14  0.00000000E+00 -0.85744681E-30
  0.19269818E+14  0.00000000E+00 -0.87872902E-30
  0.19316364E+14  0.00000000E+00 -0.90059320E-30
  0.19362909E+14  0.00000000E+00 -0.92307296E-30
  0.19409455E+14  0.00000000E+00 -0.94620408E-30
  0.19456000E+14  0.00000000E+00 -0.97002473E-30
  0.19502545E+14  0.00000000E+00 -0.99457566E-30
  0.19549091E+14  0.00000000E+00 -0.10199005E-29
  0.19595636E+14  0.00000000E+00 -0.10460459E-29
  0.19642182E+14  0.00000000E+00 -0.10730622E-29
  0.19688727E+14  0.00000000E+00 -0.11010032E-29
  0.19735273E+14  0.00000000E+00 -0.11299270E-29
  0.19781818E+14  0.00000000E+00 -0.11598964E-29
  0.19828364E+14  0.00000000E+00 -0.11909789E-29
  0.19874909E+14  0.00000000E+00 -0.12232481E-29
  0.19921455E+14  0.00000000E+00 -0.12567836E-29
  0.19968000E+14  0.00000000E+00 -0.12916718E-29
  0.20014545E+14  0.00000000E+00 -0.13280070E-29
  0.20061091E+14  0.00000000E+00 -0.13658924E-29
  0.20107636E+14  0.00000000E+00 -0.14054404E-29
  0.20154182E+14  0.00000000E+00 -0.14467748E-29
  0.20200727E+14  0.00000000E+00 -0.14900315E-29
  0.20247273E+14  0.00000000E+00 -0.15353604E-29
  0.20293818E+14  0.00000000E+00 -0.15829273E-29
  0.20340364E+14  0.00000000E+00 -0.16329159E-29
  0.20386909E+14  0.00000000E+00 -0.16855309E-29
  0.20433455E+14  0.00000000E+00 -0.17410003E-29
  0.20480000E+14  0.00000000E+00 -0.17995798E-29
  0.20526545E+14  0.00000000E+00 -0.18615567E-29
  0.20573091E+14  0.00000000E+00 -0.19272552E-29
  0.20619636E+14  0.00000000E+00 -0.19970428E-29
  0.20666182E+14  0.00000000E+00 -0.20713379E-29
  0.20712727E+14  0.00000000E+00 -0.21506191E-29
  0.20759273E+14  0.00000000E+00 -0.22354372E-29
  0.20805818E+14  0.00000000E+00 -0.23264293E-29
  0.20852364E+14  0.00000000E+00 -0.24243370E-29
  0.20898909E+14  0.00000000E+00 -0.25300301E-29
  0.20945455E+14  0.00000000E+00 -0.26445359E-29
  0.20992000E+14  0.00000000E+00 -0.27690784E-29
  0.21038545E+14  0.00000000E+00 -0.29051299E-29
  0.21085091E+14  0.00000000E+00 -0.30544801E-29
  0.21131636E+14  0.00000000E+00 -0.32193307E-29
  0.21178182E+14  0.00000000E+00 -0.34024288E-29
  0.21224727E+14  0.00000000E+00 -0.36072562E-29
  0.21271273E+14  0.00000000E+00 -0.38383106E-29
  0.21317818E+14  0.00000000E+00 -0.41015333E-29
  0.21364364E+14  0.00000000E+00 -0.44049907E-29
  0.21410909E+14  0.00000000E+00 -0.47600142E-29
  0.21457455E+14  0.00000000E+00 -0.51832364E-29
  0.21504000E+14  0.00000000E+00 -0.57005497E-29
  0.21550545E+14  0.00000000E+00 -0.63557644E-29
  0.21597091E+14  0.00000000E+00 -0.72331449E-29
  0.21643636E+14  0.00000000E+00 -0.85361652E-29
  0.21690182E+14  0.00000000E+00 -0.11802932E-28
  0.21736727E+14  0.54886896E-29 -0.13127254E-28
  0.21783273E+14  0.82641673E-29 -0.11290200E-28
  0.21829818E+14  0.93938009E-29 -0.92444598E-29
  0.21876364E+14  0.84570320E-29 -0.86027610E-29
  0.21922909E+14  0.10370334E-28 -0.99679541E-29
  0.21969455E+14  0.13388516E-28 -0.95285346E-29
  0.22016000E+14  0.16459377E-28 -0.78416402E-29
  0.22062545E+14  0.19353128E-28 -0.43790532E-29
  0.22109091E+14  0.21450743E-28  0.14472031E-29
  0.22155636E+14  0.11798046E-28  0.98724772E-29
  0.22202182E+14  0.96794588E-29  0.39481388E-29
  0.22248727E+14  0.10618648E-28  0.26760552E-29
  0.22295273E+14  0.11541438E-28  0.31742823E-29
  0.22341818E+14  0.12293611E-28  0.44025148E-29
  0.22388364E+14  0.12077052E-28  0.59618364E-29
  0.22434909E+14  0.11821940E-28  0.79099803E-29
  0.22481455E+14  0.10756586E-28  0.96150738E-29
  0.22528000E+14  0.91602319E-29  0.11611569E-28
  0.22574545E+14  0.69990844E-29  0.12921499E-28
  0.22621091E+14  0.43479233E-29  0.14178383E-28
  0.22667636E+14  0.89127432E-30  0.14695050E-28
  0.22714182E+14 -0.30797575E-29  0.14166278E-28
  0.22760727E+14 -0.74441205E-29  0.12166918E-28
  0.22807273E+14 -0.12162701E-28  0.77198127E-29
  0.22853818E+14 -0.15061623E-28 -0.47052196E-29
  0.22900364E+14 -0.23942880E-29 -0.59498879E-29
  0.22946909E+14 -0.26753021E-32 -0.43855229E-29
  0.22993455E+14  0.15497710E-29 -0.35432311E-29
  0.23040000E+14  0.26718450E-29 -0.29156408E-29
  0.23086545E+14  0.35334707E-29 -0.23054666E-29
  0.23133091E+14  0.43087863E-29 -0.16957524E-29
  0.23179636E+14  0.48796568E-29 -0.10990855E-29
  0.23226182E+14  0.53623056E-29 -0.44724721E-30
  0.23272727E+14  0.57089329E-29  0.19005046E-30
  0.23319273E+14  0.59708952E-29  0.87832875E-30
  0.23365818E+14  0.60897061E-29  0.15390659E-29
  0.23412364E+14  0.61423582E-29  0.22205078E-29
  0.23458909E+14  0.60647143E-29  0.28858143E-29
  0.23505455E+14  0.59013226E-29  0.35143113E-29
  0.23552000E+14  0.56292127E-29  0.41168500E-29
  0.23598545E+14  0.52526924E-29  0.46384039E-29
  0.23645091E+14  0.47983736E-29  0.50710347E-29
  0.23691636E+14  0.43147013E-29  0.53665757E-29
  0.23738182E+14  0.38722390E-29  0.55952325E-29
  0.23784727E+14  0.34204120E-29  0.58033823E-29
  0.23831273E+14  0.29422771E-29  0.59592872E-29
  0.23877818E+14  0.24521016E-29  0.60616360E-29
  0.23924364E+14  0.19360258E-29  0.61153718E-29
  0.23970909E+14  0.13940179E-29  0.60966777E-29
  0.24017455E+14  0.83596920E-30  0.59850714E-29
  0.24064000E+14  0.25422852E-30  0.57108918E-29
  0.24110545E+14 -0.18251579E-30  0.52645709E-29
  0.24157091E+14 -0.43334837E-30  0.48337049E-29
  0.24203636E+14 -0.61000718E-30  0.42845927E-29
  0.24250182E+14 -0.49715801E-30  0.38866456E-29
  0.24296727E+14 -0.41353803E-30  0.36324076E-29
  0.24343273E+14 -0.33827434E-30  0.34398760E-29
  0.24389818E+14 -0.27585749E-30  0.32907907E-29
  0.24436364E+14 -0.22530541E-30  0.31655602E-29
  0.24482909E+14 -0.17715681E-30  0.30563146E-29
  0.24529455E+14 -0.12755558E-30  0.29673245E-29
  0.24576000E+14 -0.90770609E-31  0.28967727E-29
  0.24622545E+14 -0.56174107E-31  0.28285664E-29
  0.24669091E+14 -0.18927095E-31  0.27742525E-29
  0.24715636E+14  0.10721212E-31  0.27366341E-29
  0.24762182E+14  0.30182482E-31  0.27005991E-29
  0.24808727E+14  0.50926283E-31  0.26662581E-29
  0.24855273E+14  0.70195227E-31  0.26439199E-29
  0.24901818E+14  0.78478101E-31  0.26244281E-29
  0.24948364E+14  0.86700971E-31  0.26023545E-29
  0.24994909E+14  0.97957724E-31  0.25872009E-29
  0.25041455E+14  0.10042756E-30  0.25786937E-29
  0.25088000E+14  0.98004957E-31  0.25661892E-29
  0.25134545E+14  0.10001312E-30  0.25545813E-29
  0.25181091E+14  0.10024623E-30  0.25518783E-29
  0.25227636E+14  0.91138524E-31  0.25477291E-29
  0.25274182E+14  0.84416050E-31  0.25399098E-29
  0.25320727E+14  0.79861492E-31  0.25377278E-29
  0.25367273E+14  0.66831783E-31  0.25400057E-29
  0.25413818E+14  0.52360123E-31  0.25368218E-29
  0.25460364E+14  0.41272146E-31  0.25340498E-29
  0.25506909E+14  0.26426982E-31  0.25387622E-29
  0.25553455E+14  0.40758735E-32  0.25405941E-29
  0.25600000E+14 -0.15452594E-31  0.25388367E-29
  0.25646545E+14 -0.36735433E-31  0.25419196E-29
  0.25693091E+14 -0.66452634E-31  0.25426092E-29
  0.25739636E+14 -0.95755946E-31  0.25356035E-29
  0.25786182E+14 -0.12075443E-30  0.25266879E-29
  0.25832727E+14 -0.14427697E-30  0.25216968E-29
  0.25879273E+14 -0.17228645E-30  0.25141453E-29
  0.25925818E+14 -0.19638937E-30  0.25042004E-29
  0.25972364E+14 -0.22069964E-30  0.24961846E-29
  0.26018909E+14 -0.24530998E-30  0.24868734E-29
  0.26065455E+14 -0.26939025E-30  0.24774728E-29
  0.26112000E+14 -0.29196438E-30  0.24677906E-29
  0.26158545E+14 -0.31542716E-30  0.24605463E-29
  0.26205091E+14 -0.34134800E-30  0.24502280E-29
  0.26251636E+14 -0.36276093E-30  0.24385351E-29
  0.26298182E+14 -0.38401417E-30  0.24315941E-29
  0.26344727E+14 -0.40953382E-30  0.24226882E-29
  0.26391273E+14 -0.43155788E-30  0.24115388E-29
  0.26437818E+14 -0.45298670E-30  0.24038389E-29
  0.26484364E+14 -0.47786769E-30  0.23949922E-29
  0.26530909E+14 -0.49995357E-30  0.23837767E-29
  0.26577455E+14 -0.52065197E-30  0.23757608E-29
  0.26624000E+14 -0.54497743E-30  0.23680443E-29
  0.26670545E+14 -0.56821001E-30  0.23578154E-29
  0.26717091E+14 -0.59007436E-30  0.23490170E-29
  0.26763636E+14 -0.61358203E-30  0.23409068E-29
  0.26810182E+14 -0.63723749E-30  0.23310831E-29
  0.26856727E+14 -0.65910830E-30  0.23217923E-29
  0.26903273E+14 -0.68207403E-30  0.23143289E-29
  0.26949818E+14 -0.70687430E-30  0.23051898E-29
  0.26996364E+14 -0.72970219E-30  0.22953810E-29
  0.27042909E+14 -0.75297387E-30  0.22875922E-29
  0.27089455E+14 -0.77813251E-30  0.22782789E-29
  0.27136000E+14 -0.80133513E-30  0.22681400E-29
  0.27182545E+14 -0.82472628E-30  0.22599220E-29
  0.27229091E+14 -0.85022909E-30  0.22512698E-29
  0.27275636E+14 -0.87503957E-30  0.22409557E-29
  0.27322182E+14 -0.89884146E-30  0.22317340E-29
  0.27368727E+14 -0.92482612E-30  0.22229894E-29
  0.27415273E+14 -0.95065038E-30  0.22119886E-29
  0.27461818E+14 -0.97486305E-30  0.22020332E-29
  0.27508364E+14 -0.10012644E-29  0.21927815E-29
  0.27554909E+14 -0.10275997E-29  0.21818726E-29
  0.27601455E+14 -0.10535111E-29  0.21713450E-29
  0.27648000E+14 -0.10802920E-29  0.21606146E-29
  0.27694545E+14 -0.11071810E-29  0.21493911E-29
  0.27741091E+14 -0.11342835E-29  0.21377592E-29
  0.27787636E+14 -0.11615008E-29  0.21259230E-29
  0.27834182E+14 -0.11890634E-29  0.21138903E-29
  0.27880727E+14 -0.12166458E-29  0.21015875E-29
  0.27927273E+14 -0.12452766E-29  0.20889552E-29
  0.27973818E+14 -0.12735366E-29  0.20751800E-29
  0.28020364E+14 -0.13017687E-29  0.20619477E-29
  0.28066909E+14 -0.13310829E-29  0.20477355E-29
  0.28113455E+14 -0.13600530E-29  0.20329978E-29
  0.28160000E+14 -0.13894240E-29  0.20178069E-29
  0.28206545E+14 -0.14185717E-29  0.20025886E-29
  0.28253091E+14 -0.14490467E-29  0.19866813E-29
  0.28299636E+14 -0.14787143E-29  0.19694909E-29
  0.28346182E+14 -0.15089929E-29  0.19527742E-29
  0.28392727E+14 -0.15397839E-29  0.19345517E-29
  0.28439273E+14 -0.15698694E-29  0.19162954E-29
  0.28485818E+14 -0.16011941E-29  0.18971838E-29
  0.28532364E+14 -0.16316794E-29  0.18770586E-29
  0.28578909E+14 -0.16628174E-29  0.18572310E-29
  0.28625455E+14 -0.16947209E-29  0.18359991E-29
  0.28672000E+14 -0.17257684E-29  0.18135714E-29
  0.28718545E+14 -0.17571005E-29  0.17916950E-29
  0.28765091E+14 -0.17896376E-29  0.17677506E-29
  0.28811636E+14 -0.18202582E-29  0.17436555E-29
  0.28858182E+14 -0.18534386E-29  0.17189591E-29
  0.28904727E+14 -0.18839572E-29  0.16920321E-29
  0.28951273E+14 -0.19164149E-29  0.16669071E-29
  0.28997818E+14 -0.19487520E-29  0.16376783E-29
  0.29044364E+14 -0.19798213E-29  0.16100751E-29
  0.29090909E+14 -0.20130309E-29  0.15798985E-29
  0.29137455E+14 -0.20432828E-29  0.15493198E-29
  0.29184000E+14 -0.20761943E-29  0.15184443E-29
  0.29230545E+14 -0.21072212E-29  0.14849363E-29
  0.29277091E+14 -0.21384812E-29  0.14526763E-29
  0.29323636E+14 -0.21710438E-29  0.14167599E-29
  0.29370182E+14 -0.22007157E-29  0.13818365E-29
  0.29416727E+14 -0.22337410E-29  0.13446630E-29
  0.29463273E+14 -0.22617715E-29  0.13065111E-29
  0.29509818E+14 -0.22954125E-29  0.12682633E-29
  0.29556364E+14 -0.23225512E-29  0.12262230E-29
  0.29602909E+14 -0.23547038E-29  0.11863277E-29
  0.29649455E+14 -0.23823833E-29  0.11417929E-29
  0.29696000E+14 -0.24129026E-29  0.10995872E-29
  0.29742545E+14 -0.24400101E-29  0.10520823E-29
  0.29789091E+14 -0.24691084E-29  0.10074876E-29
  0.29835636E+14 -0.24957627E-29  0.95722358E-30
  0.29882182E+14 -0.25232661E-29  0.90971172E-30
  0.29928727E+14 -0.25492069E-29  0.85691505E-30
  0.29975273E+14 -0.25752276E-29  0.80660243E-30
  0.30021818E+14 -0.25995724E-29  0.75041876E-30
  0.30068364E+14 -0.26242555E-29  0.69758233E-30
  0.30114909E+14 -0.26461726E-29  0.63823357E-30
  0.30161455E+14 -0.26707916E-29  0.58192022E-30
  0.30208000E+14 -0.26886069E-29  0.52019618E-30
  0.30254545E+14 -0.27130410E-29  0.45869818E-30
  0.30301091E+14 -0.27279723E-29  0.39641278E-30
  0.30347636E+14 -0.27494563E-29  0.32870563E-30
  0.30394182E+14 -0.27645013E-29  0.26508940E-30
  0.30440727E+14 -0.27781496E-29  0.19278351E-30
  0.30487273E+14 -0.27957461E-29  0.12403968E-30
  0.30533818E+14 -0.28037362E-29  0.50908899E-31
  0.30580364E+14 -0.28160722E-29 -0.25092331E-31
  0.30626909E+14 -0.28246865E-29 -0.99557378E-31
  0.30673455E+14 -0.28290157E-29 -0.18003659E-30
  0.30720000E+14 -0.28369157E-29 -0.26156539E-30
  0.30766545E+14 -0.28370503E-29 -0.34330027E-30
  0.30813091E+14 -0.28333695E-29 -0.42967837E-30
  0.30859636E+14 -0.28338957E-29 -0.51842870E-30
  0.30906182E+14 -0.28315402E-29 -0.60780941E-30
  0.30952727E+14 -0.28160909E-29 -0.70097757E-30
  0.30999273E+14 -0.28013788E-29 -0.79768773E-30
  0.31045818E+14 -0.27891121E-29 -0.89745986E-30
  0.31092364E+14 -0.27722114E-29 -0.99925066E-30
  0.31138909E+14 -0.27479050E-29 -0.11058355E-29
  0.31185455E+14 -0.27155398E-29 -0.12130647E-29
  0.31232000E+14 -0.26773400E-29 -0.13257075E-29
  0.31278545E+14 -0.26334302E-29 -0.14433056E-29
  0.31325091E+14 -0.25831436E-29 -0.15641201E-29
  0.31371636E+14 -0.25251334E-29 -0.16880541E-29
  0.31418182E+14 -0.24592739E-29 -0.18186340E-29
  0.31464727E+14 -0.23742942E-29 -0.19555735E-29
  0.31511273E+14 -0.22742748E-29 -0.20972975E-29
  0.31557818E+14 -0.21664050E-29 -0.22507905E-29
  0.31604364E+14 -0.20171856E-29 -0.24067167E-29
  0.31650909E+14 -0.18463389E-29 -0.25753269E-29
  0.31697455E+14 -0.16058852E-29 -0.27540158E-29
  0.31744000E+14 -0.12744223E-29 -0.29413529E-29
  0.31790545E+14 -0.47850100E-30 -0.27915765E-29
  0.31837091E+14 -0.60662613E-30 -0.25317737E-29
  0.31883636E+14 -0.37278419E-30 -0.24640002E-29
  0.31930182E+14 -0.11844030E-30 -0.23205276E-29
  0.31976727E+14  0.00000000E+00 -0.20040186E-29
  0.32023273E+14  0.00000000E+00 -0.18192941E-29
  0.32069818E+14  0.00000000E+00 -0.16844689E-29
  0.32116364E+14  0.00000000E+00 -0.15758516E-29
  0.32162909E+14  0.00000000E+00 -0.14843896E-29
  0.32209455E+14  0.00000000E+00 -0.14053109E-29
  0.32256000E+14  0.00000000E+00 -0.13356956E-29
  0.32302545E+14  0.00000000E+00 -0.12735929E-29
  0.32349091E+14  0.00000000E+00 -0.12176198E-29
  0.32395636E+14  0.00000000E+00 -0.11667538E-29
  0.32442182E+14  0.00000000E+00 -0.11202138E-29
  0.32488727E+14  0.00000000E+00 -0.10773879E-29
  0.32535273E+14  0.00000000E+00 -0.10377866E-29
  0.32581818E+14  0.00000000E+00 -0.10010116E-29
  0.32628364E+14  0.00000000E+00 -0.96673418E-30
  0.32674909E+14  0.00000000E+00 -0.93467947E-30
  0.32721455E+14  0.00000000E+00 -0.90461525E-30
  0.32768000E+14  0.00000000E+00 -0.87634345E-30
  0.32814545E+14  0.00000000E+00 -0.84969369E-30
  0.32861091E+14  0.00000000E+00 -0.82451833E-30
  0.32907636E+14  0.00000000E+00 -0.80068855E-30
  0.32954182E+14  0.00000000E+00 -0.77809128E-30
  0.33000727E+14  0.00000000E+00 -0.75662674E-30
  0.33047273E+14  0.00000000E+00 -0.73620641E-30
  0.33093818E+14  0.00000000E+00 -0.71675142E-30
  0.33140364E+14  0.00000000E+00 -0.69819118E-30
  0.33186909E+14  0.00000000E+00 -0.68046226E-30
  0.33233455E+14  0.00000000E+00 -0.66350750E-30
  0.33280000E+14  0.00000000E+00 -0.64727516E-30
  0.33326545E+14  0.00000000E+00 -0.63171830E-30
  0.33373091E+14  0.00000000E+00 -0.61679417E-30
  0.33419636E+14  0.00000000E+00 -0.60246379E-30
  0.33466182E+14  0.00000000E+00 -0.58869145E-30
  0.33512727E+14  0.00000000E+00 -0.57544442E-30
  0.33559273E+14  0.00000000E+00 -0.56269260E-30
  0.33605818E+14  0.00000000E+00 -0.55040825E-30
  0.33652364E+14  0.00000000E+00 -0.53856578E-30
  0.33698909E+14  0.00000000E+00 -0.52714150E-30
  0.33745455E+14  0.00000000E+00 -0.51611346E-30
  0.33792000E+14  0.00000000E+00 -0.50546128E-30
  0.33838545E+14  0.00000000E+00 -0.49516602E-30
  0.33885091E+14  0.00000000E+00 -0.48521003E-30
  0.33931636E+14  0.00000000E+00 -0.47557685E-30
  0.33978182E+14  0.00000000E+00 -0.46625110E-30
  0.34024727E+14  0.00000000E+00 -0.45721841E-30
  0.34071273E+14  0.00000000E+00 -0.44846530E-30
  0.34117818E+14  0.00000000E+00 -0.43997915E-30
  0.34164364E+14  0.00000000E+00 -0.43174809E-30
  0.34210909E+14  0.00000000E+00 -0.42376099E-30
  0.34257455E+14  0.00000000E+00 -0.41600733E-30
  0.34304000E+14  0.00000000E+00 -0.40847726E-30
  0.34350545E+14  0.00000000E+00 -0.40116144E-30
  0.34397091E+14  0.00000000E+00 -0.39405108E-30
  0.34443636E+14  0.00000000E+00 -0.38713787E-30
  0.34490182E+14  0.00000000E+00 -0.38041395E-30
  0.34536727E+14  0.00000000E+00 -0.37387188E-30
  0.34583273E+14  0.00000000E+00 -0.36750461E-30
  0.34629818E+14  0.00000000E+00 -0.36130546E-30
  0.34676364E+14  0.00000000E+00 -0.35526809E-30
  0.34722909E+14  0.00000000E+00 -0.34938648E-30
  0.34769455E+14  0.00000000E+00 -0.34365490E-30
  0.34816000E+14  0.00000000E+00 -0.33806792E-30
  0.34862545E+14  0.00000000E+00 -0.33262035E-30
  0.34909091E+14  0.00000000E+00 -0.32730726E-30
  0.34955636E+14  0.00000000E+00 -0.32212396E-30
  0.35002182E+14  0.00000000E+00 -0.31706595E-30
  0.35048727E+14  0.00000000E+00 -0.31212897E-30
  0.35095273E+14  0.00000000E+00 -0.30730892E-30
  0.35141818E+14  0.00000000E+00 -0.30260192E-30
  0.35188364E+14  0.00000000E+00 -0.29800423E-30
  0.35234909E+14  0.00000000E+00 -0.29351228E-30
  0.35281455E+14  0.00000000E+00 -0.28912267E-30
  0.35328000E+14  0.00000000E+00 -0.28483213E-30
  0.35374545E+14  0.00000000E+00 -0.28063752E-30
  0.35421091E+14  0.00000000E+00 -0.27653585E-30
  0.35467636E+14  0.00000000E+00 -0.27252425E-30
  0.35514182E+14  0.00000000E+00 -0.26859995E-30
  0.35560727E+14  0.00000000E+00 -0.26476032E-30
  0.35607273E+14  0.00000000E+00 -0.26100280E-30
  0.35653818E+14  0.00000000E+00 -0.25732496E-30
  0.35700364E+14  0.00000000E+00 -0.25372445E-30
  0.35746909E+14  0.00000000E+00 -0.25019902E-30
  0.35793455E+14  0.00000000E+00 -0.24674649E-30
  0.35840000E+14  0.00000000E+00 -0.24336478E-30
  0.35886545E+14  0.00000000E+00 -0.24005188E-30
  0.35933091E+14  0.00000000E+00 -0.23680586E-30
  0.35979636E+14  0.00000000E+00 -0.23362484E-30
  0.36026182E+14  0.00000000E+00 -0.23050705E-30
  0.36072727E+14  0.00000000E+00 -0.22745074E-30
  0.36119273E+14  0.00000000E+00 -0.22445425E-30
  0.36165818E+14  0.00000000E+00 -0.22151597E-30
  0.36212364E+14  0.00000000E+00 -0.21863434E-30
  0.36258909E+14  0.00000000E+00 -0.21580787E-30
  0.36305455E+14  0.00000000E+00 -0.21303510E-30
  0.36352000E+14  0.00000000E+00 -0.21031464E-30
  0.36398545E+14  0.00000000E+00 -0.20764514E-30
  0.36445091E+14  0.00000000E+00 -0.20502529E-30
  0.36491636E+14  0.00000000E+00 -0.20245383E-30
  0.36538182E+14  0.00000000E+00 -0.19992953E-30
  0.36584727E+14  0.00000000E+00 -0.19745122E-30
  0.36631273E+14  0.00000000E+00 -0.19501776E-30
  0.36677818E+14  0.00000000E+00 -0.19262804E-30
  0.36724364E+14  0.00000000E+00 -0.19028099E-30
  0.36770909E+14  0.00000000E+00 -0.18797556E-30
  0.36817455E+14  0.00000000E+00 -0.18571077E-30
  0.36864000E+14  0.00000000E+00 -0.18348563E-30
  0.36910545E+14  0.00000000E+00 -0.18129921E-30
  0.36957091E+14  0.00000000E+00 -0.17915058E-30
  0.37003636E+14  0.00000000E+00 -0.17703887E-30
  0.37050182E+14  0.00000000E+00 -0.17496321E-30
  0.37096727E+14  0.00000000E+00 -0.17292277E-30
  0.37143273E+14  0.00000000E+00 -0.17091674E-30
  0.37189818E+14  0.00000000E+00 -0.16894434E-30
  0.37236364E+14  0.00000000E+00 -0.16700481E-30
  0.37282909E+14  0.00000000E+00 -0.16509740E-30
  0.37329455E+14  0.00000000E+00 -0.16322140E-30
  0.37376000E+14  0.00000000E+00 -0.16137611E-30
  0.37422545E+14  0.00000000E+00 -0.15956085E-30
  0.37469091E+14  0.00000000E+00 -0.15777497E-30
  0.37515636E+14  0.00000000E+00 -0.15601782E-30
  0.37562182E+14  0.00000000E+00 -0.15428879E-30
  0.37608727E+14  0.00000000E+00 -0.15258726E-30
  0.37655273E+14  0.00000000E+00 -0.15091266E-30
  0.37701818E+14  0.00000000E+00 -0.14926440E-30
  0.37748364E+14  0.00000000E+00 -0.14764193E-30
  0.37794909E+14  0.00000000E+00 -0.14604472E-30
  0.37841455E+14  0.00000000E+00 -0.14447223E-30
  0.37888000E+14  0.00000000E+00 -0.14292394E-30
  0.37934545E+14  0.00000000E+00 -0.14139937E-30
  0.37981091E+14  0.00000000E+00 -0.13989803E-30
  0.38027636E+14  0.00000000E+00 -0.13841944E-30
  0.38074182E+14  0.00000000E+00 -0.13696314E-30
  0.38120727E+14  0.00000000E+00 -0.13552868E-30
  0.38167273E+14  0.00000000E+00 -0.13411562E-30
  0.38213818E+14  0.00000000E+00 -0.13272355E-30
  0.38260364E+14  0.00000000E+00 -0.13135203E-30
  0.38306909E+14  0.00000000E+00 -0.13000068E-30
  0.38353455E+14  0.00000000E+00 -0.12866908E-30
  0.38400000E+14  0.00000000E+00 -0.12735686E-30
  0.38446545E+14  0.00000000E+00 -0.12606365E-30
  0.38493091E+14  0.00000000E+00 -0.12478907E-30
  0.38539636E+14  0.00000000E+00 -0.12353277E-30
  0.38586182E+14  0.00000000E+00 -0.12229440E-30
  0.38632727E+14  0.00000000E+00 -0.12107362E-30
  0.38679273E+14  0.00000000E+00 -0.11987010E-30
  0.38725818E+14  0.00000000E+00 -0.11868351E-30
  0.38772364E+14  0.00000000E+00 -0.11751353E-30
  0.38818909E+14  0.00000000E+00 -0.11635987E-30
  0.38865455E+14  0.00000000E+00 -0.11522221E-30
  0.38912000E+14  0.00000000E+00 -0.11410027E-30
  0.38958545E+14  0.00000000E+00 -0.11299375E-30
  0.39005091E+14  0.00000000E+00 -0.11190238E-30
  0.39051636E+14  0.00000000E+00 -0.11082587E-30
  0.39098182E+14  0.00000000E+00 -0.10976397E-30
  0.39144727E+14  0.00000000E+00 -0.10871640E-30
  0.39191273E+14  0.00000000E+00 -0.10768292E-30
  0.39237818E+14  0.00000000E+00 -0.10666328E-30
  0.39284364E+14  0.00000000E+00 -0.10565722E-30
  0.39330909E+14  0.00000000E+00 -0.10466451E-30
  0.39377455E+14  0.00000000E+00 -0.10368492E-30
  0.39424000E+14  0.00000000E+00 -0.10271821E-30
  0.39470545E+14  0.00000000E+00 -0.10176416E-30
  0.39517091E+14  0.00000000E+00 -0.10082257E-30
  0.39563636E+14  0.00000000E+00 -0.99893197E-31
  0.39610182E+14  0.00000000E+00 -0.98975849E-31
  0.39656727E+14  0.00000000E+00 -0.98070317E-31
  0.39703273E+14  0.00000000E+00 -0.97176401E-31
  0.39749818E+14  0.00000000E+00 -0.96293905E-31
  0.39796364E+14  0.00000000E+00 -0.95422636E-31
  0.39842909E+14  0.00000000E+00 -0.94562407E-31
  0.39889455E+14  0.00000000E+00 -0.93713033E-31
  0.39936000E+14  0.00000000E+00 -0.92874336E-31
  0.39982545E+14  0.00000000E+00 -0.92046137E-31
  0.40029091E+14  0.00000000E+00 -0.91228265E-31
  0.40075636E+14  0.00000000E+00 -0.90420551E-31
  0.40122182E+14  0.00000000E+00 -0.89622829E-31
  0.40168727E+14  0.00000000E+00 -0.88834937E-31
  0.40215273E+14  0.00000000E+00 -0.88056715E-31
  0.40261818E+14  0.00000000E+00 -0.87288008E-31
  0.40308364E+14  0.00000000E+00 -0.86528664E-31
  0.40354909E+14  0.00000000E+00 -0.85778534E-31
  0.40401455E+14  0.00000000E+00 -0.85037469E-31
  0.40448000E+14  0.00000000E+00 -0.84305328E-31
  0.40494545E+14  0.00000000E+00 -0.83581970E-31
  0.40541091E+14  0.00000000E+00 -0.82867256E-31
  0.40587636E+14  0.00000000E+00 -0.82161051E-31
  0.40634182E+14  0.00000000E+00 -0.81463223E-31
  0.40680727E+14  0.00000000E+00 -0.80773642E-31
  0.40727273E+14  0.00000000E+00 -0.80092180E-31
  0.40773818E+14  0.00000000E+00 -0.79418713E-31
  0.40820364E+14  0.00000000E+00 -0.78753117E-31
  0.40866909E+14  0.00000000E+00 -0.78095274E-31
  0.40913455E+14  0.00000000E+00 -0.77445064E-31
  0.40960000E+14  0.00000000E+00 -0.76802372E-31
  0.41006545E+14  0.00000000E+00 -0.76167085E-31
  0.41053091E+14  0.00000000E+00 -0.75539091E-31
  0.41099636E+14  0.00000000E+00 -0.74918281E-31
  0.41146182E+14  0.00000000E+00 -0.74304548E-31
  0.41192727E+14  0.00000000E+00 -0.73697787E-31
  0.41239273E+14  0.00000000E+00 -0.73097895E-31
  0.41285818E+14  0.00000000E+00 -0.72504770E-31
  0.41332364E+14  0.00000000E+00 -0.71918312E-31
  0.41378909E+14  0.00000000E+00 -0.71338425E-31
  0.41425455E+14  0.00000000E+00 -0.70765012E-31
  0.41472000E+14  0.00000000E+00 -0.70197979E-31
  0.41518545E+14  0.00000000E+00 -0.69637233E-31
  0.41565091E+14  0.00000000E+00 -0.69082685E-31
  0.41611636E+14  0.00000000E+00 -0.68534245E-31
  0.41658182E+14  0.00000000E+00 -0.67991826E-31
  0.41704727E+14  0.00000000E+00 -0.67455341E-31
  0.41751273E+14  0.00000000E+00 -0.66924706E-31
  0.41797818E+14  0.00000000E+00 -0.66399838E-31
  0.41844364E+14  0.00000000E+00 -0.65880656E-31
  0.41890909E+14  0.00000000E+00 -0.65367081E-31
  0.41937455E+14  0.00000000E+00 -0.64859032E-31
  0.41984000E+14  0.00000000E+00 -0.64356433E-31
  0.42030545E+14  0.00000000E+00 -0.63859209E-31
  0.42077091E+14  0.00000000E+00 -0.63367284E-31
  0.42123636E+14  0.00000000E+00 -0.62880585E-31
  0.42170182E+14  0.00000000E+00 -0.62399041E-31
  0.42216727E+14  0.00000000E+00 -0.61922580E-31
  0.42263273E+14  0.00000000E+00 -0.61451133E-31
  0.42309818E+14  0.00000000E+00 -0.60984632E-31
  0.42356364E+14  0.00000000E+00 -0.60523009E-31
  0.42402909E+14  0.00000000E+00 -0.60066198E-31
  0.42449455E+14  0.00000000E+00 -0.59614134E-31
  0.42496000E+14  0.00000000E+00 -0.59166754E-31
  0.42542545E+14  0.00000000E+00 -0.58723994E-31
  0.42589091E+14  0.00000000E+00 -0.58285793E-31
  0.42635636E+14  0.00000000E+00 -0.57852090E-31
  0.42682182E+14  0.00000000E+00 -0.57422825E-31
  0.42728727E+14  0.00000000E+00 -0.56997940E-31
  0.42775273E+14  0.00000000E+00 -0.56577376E-31
  0.42821818E+14  0.00000000E+00 -0.56161077E-31
  0.42868364E+14  0.00000000E+00 -0.55748988E-31
  0.42914909E+14  0.00000000E+00 -0.55341052E-31
  0.42961455E+14  0.00000000E+00 -0.54937216E-31
  0.43008000E+14  0.00000000E+00 -0.54537426E-31
  0.43054545E+14  0.00000000E+00 -0.54141631E-31
  0.43101091E+14  0.00000000E+00 -0.53749779E-31
  0.43147636E+14  0.00000000E+00 -0.53361818E-31
  0.43194182E+14  0.00000000E+00 -0.52977700E-31
  0.43240727E+14  0.00000000E+00 -0.52597374E-31
  0.43287273E+14  0.00000000E+00 -0.52220793E-31
  0.43333818E+14  0.00000000E+00 -0.51847909E-31
  0.43380364E+14  0.00000000E+00 -0.51478676E-31
  0.43426909E+14  0.00000000E+00 -0.51113046E-31
  0.43473455E+14  0.00000000E+00 -0.50750975E-31
  0.43520000E+14  0.00000000E+00 -0.50392418E-31
  0.43566545E+14  0.00000000E+00 -0.50037332E-31
  0.43613091E+14  0.00000000E+00 -0.49685672E-31
  0.43659636E+14  0.00000000E+00 -0.49337397E-31
  0.43706182E+14  0.00000000E+00 -0.48992463E-31
  0.43752727E+14  0.00000000E+00 -0.48650831E-31
  0.43799273E+14  0.00000000E+00 -0.48312459E-31
  0.43845818E+14  0.00000000E+00 -0.47977307E-31
  0.43892364E+14  0.00000000E+00 -0.47645336E-31
  0.43938909E+14  0.00000000E+00 -0.47316506E-31
  0.43985455E+14  0.00000000E+00 -0.46990781E-31
  0.44032000E+14  0.00000000E+00 -0.46668121E-31
  0.44078545E+14  0.00000000E+00 -0.46348490E-31
  0.44125091E+14  0.00000000E+00 -0.46031851E-31
  0.44171636E+14  0.00000000E+00 -0.45718168E-31
  0.44218182E+14  0.00000000E+00 -0.45407406E-31
  0.44264727E+14  0.00000000E+00 -0.45099530E-31
  0.44311273E+14  0.00000000E+00 -0.44794505E-31
  0.44357818E+14  0.00000000E+00 -0.44492298E-31
  0.44404364E+14  0.00000000E+00 -0.44192874E-31
  0.44450909E+14  0.00000000E+00 -0.43896201E-31
  0.44497455E+14  0.00000000E+00 -0.43602247E-31
  0.44544000E+14  0.00000000E+00 -0.43310979E-31
  0.44590545E+14  0.00000000E+00 -0.43022366E-31
  0.44637091E+14  0.00000000E+00 -0.42736377E-31
  0.44683636E+14  0.00000000E+00 -0.42452981E-31
  0.44730182E+14  0.00000000E+00 -0.42172148E-31
  0.44776727E+14  0.00000000E+00 -0.41893849E-31
  0.44823273E+14  0.00000000E+00 -0.41618053E-31
  0.44869818E+14  0.00000000E+00 -0.41344733E-31
  0.44916364E+14  0.00000000E+00 -0.41073859E-31
  0.44962909E+14  0.00000000E+00 -0.40805403E-31
  0.45009455E+14  0.00000000E+00 -0.40539339E-31
  0.45056000E+14  0.00000000E+00 -0.40275638E-31
  0.45102545E+14  0.00000000E+00 -0.40014273E-31
  0.45149091E+14  0.00000000E+00 -0.39755218E-31
  0.45195636E+14  0.00000000E+00 -0.39498448E-31
  0.45242182E+14  0.00000000E+00 -0.39243935E-31
  0.45288727E+14  0.00000000E+00 -0.38991655E-31
  0.45335273E+14  0.00000000E+00 -0.38741582E-31
  0.45381818E+14  0.00000000E+00 -0.38493692E-31
  0.45428364E+14  0.00000000E+00 -0.38247961E-31
  0.45474909E+14  0.00000000E+00 -0.38004364E-31
  0.45521455E+14  0.00000000E+00 -0.37762877E-31
  0.45568000E+14  0.00000000E+00 -0.37523478E-31
  0.45614545E+14  0.00000000E+00 -0.37286142E-31
  0.45661091E+14  0.00000000E+00 -0.37050848E-31
  0.45707636E+14  0.00000000E+00 -0.36817572E-31
  0.45754182E+14  0.00000000E+00 -0.36586294E-31
  0.45800727E+14  0.00000000E+00 -0.36356990E-31
  0.45847273E+14  0.00000000E+00 -0.36129639E-31
  0.45893818E+14  0.00000000E+00 -0.35904220E-31
  0.45940364E+14  0.00000000E+00 -0.35680712E-31
  0.45986909E+14  0.00000000E+00 -0.35459094E-31
  0.46033455E+14  0.00000000E+00 -0.35239346E-31
  0.46080000E+14  0.00000000E+00 -0.35021448E-31
  0.46126545E+14  0.00000000E+00 -0.34805379E-31
  0.46173091E+14  0.00000000E+00 -0.34591120E-31
  0.46219636E+14  0.00000000E+00 -0.34378652E-31
  0.46266182E+14  0.00000000E+00 -0.34167956E-31
  0.46312727E+14  0.00000000E+00 -0.33959012E-31
  0.46359273E+14  0.00000000E+00 -0.33751802E-31
  0.46405818E+14  0.00000000E+00 -0.33546308E-31
  0.46452364E+14  0.00000000E+00 -0.33342512E-31
  0.46498909E+14  0.00000000E+00 -0.33140395E-31
  0.46545455E+14  0.00000000E+00 -0.32939940E-31
  0.46592000E+14  0.00000000E+00 -0.32741129E-31
  0.46638545E+14  0.00000000E+00 -0.32543946E-31
  0.46685091E+14  0.00000000E+00 -0.32348373E-31
  0.46731636E+14  0.00000000E+00 -0.32154394E-31
  0.46778182E+14  0.00000000E+00 -0.31961991E-31
  0.46824727E+14  0.00000000E+00 -0.31771150E-31
  0.46871273E+14  0.00000000E+00 -0.31581852E-31
  0.46917818E+14  0.00000000E+00 -0.31394083E-31
  0.46964364E+14  0.00000000E+00 -0.31207827E-31
  0.47010909E+14  0.00000000E+00 -0.31023068E-31
  0.47057455E+14  0.00000000E+00 -0.30839790E-31
  0.47104000E+14  0.00000000E+00 -0.30657980E-31
  0.47150545E+14  0.00000000E+00 -0.30477621E-31
  0.47197091E+14  0.00000000E+00 -0.30298699E-31
  0.47243636E+14  0.00000000E+00 -0.30121200E-31
  0.47290182E+14  0.00000000E+00 -0.29945108E-31
  0.47336727E+14  0.00000000E+00 -0.29770410E-31
  0.47383273E+14  0.00000000E+00 -0.29597092E-31
  0.47429818E+14  0.00000000E+00 -0.29425140E-31
  0.47476364E+14  0.00000000E+00 -0.29254539E-31
  0.47522909E+14  0.00000000E+00 -0.29085277E-31
  0.47569455E+14  0.00000000E+00 -0.28917341E-31
  0.47616000E+14  0.00000000E+00 -0.28750716E-31
  0.47662545E+14  0.00000000E+00 -0.28585390E-31
  0.47709091E+14  0.00000000E+00 -0.28421350E-31
  0.47755636E+14  0.00000000E+00 -0.28258583E-31
  0.47802182E+14  0.00000000E+00 -0.28097077E-31
  0.47848727E+14  0.00000000E+00 -0.27936820E-31
  0.47895273E+14  0.00000000E+00 -0.27777798E-31
  0.47941818E+14  0.00000000E+00 -0.27620000E-31
  0.47988364E+14  0.00000000E+00 -0.27463414E-31
  0.48034909E+14  0.00000000E+00 -0.27308028E-31
  0.48081455E+14  0.00000000E+00 -0.27153830E-31
  0.48128000E+14  0.00000000E+00 -0.27000809E-31
  0.48174545E+14  0.00000000E+00 -0.26848953E-31
  0.48221091E+14  0.00000000E+00 -0.26698252E-31
  0.48267636E+14  0.00000000E+00 -0.26548693E-31
  0.48314182E+14  0.00000000E+00 -0.26400266E-31
  0.48360727E+14  0.00000000E+00 -0.26252960E-31
  0.48407273E+14  0.00000000E+00 -0.26106765E-31
  0.48453818E+14  0.00000000E+00 -0.25961668E-31
  0.48500364E+14  0.00000000E+00 -0.25817661E-31
  0.48546909E+14  0.00000000E+00 -0.25674733E-31
  0.48593455E+14  0.00000000E+00 -0.25532873E-31
  0.48640000E+14  0.00000000E+00 -0.25392071E-31
  0.48686545E+14  0.00000000E+00 -0.25252318E-31
  0.48733091E+14  0.00000000E+00 -0.25113603E-31
  0.48779636E+14  0.00000000E+00 -0.24975916E-31
  0.48826182E+14  0.00000000E+00 -0.24839248E-31
  0.48872727E+14  0.00000000E+00 -0.24703589E-31
  0.48919273E+14  0.00000000E+00 -0.24568931E-31
  0.48965818E+14  0.00000000E+00 -0.24435262E-31
  0.49012364E+14  0.00000000E+00 -0.24302575E-31
  0.49058909E+14  0.00000000E+00 -0.24170860E-31
  0.49105455E+14  0.00000000E+00 -0.24040107E-31
  0.49152000E+14  0.00000000E+00 -0.23910309E-31
  0.49198545E+14  0.00000000E+00 -0.23781456E-31
  0.49245091E+14  0.00000000E+00 -0.23653540E-31
  0.49291636E+14  0.00000000E+00 -0.23526551E-31
  0.49338182E+14  0.00000000E+00 -0.23400482E-31
  0.49384727E+14  0.00000000E+00 -0.23275324E-31
  0.49431273E+14  0.00000000E+00 -0.23151068E-31
  0.49477818E+14  0.00000000E+00 -0.23027706E-31
  0.49524364E+14  0.00000000E+00 -0.22905230E-31
  0.49570909E+14  0.00000000E+00 -0.22783633E-31
  0.49617455E+14  0.00000000E+00 -0.22662905E-31
  0.49664000E+14  0.00000000E+00 -0.22543040E-31
  0.49710545E+14  0.00000000E+00 -0.22424029E-31
  0.49757091E+14  0.00000000E+00 -0.22305864E-31
  0.49803636E+14  0.00000000E+00 -0.22188539E-31
  0.49850182E+14  0.00000000E+00 -0.22072045E-31
  0.49896727E+14  0.00000000E+00 -0.21956374E-31
  0.49943273E+14  0.00000000E+00 -0.21841521E-31
  0.49989818E+14  0.00000000E+00 -0.21727477E-31
  0.50036364E+14  0.00000000E+00 -0.21614234E-31
  0.50082909E+14  0.00000000E+00 -0.21501787E-31
  0.50129455E+14  0.00000000E+00 -0.21390127E-31
  0.50176000E+14  0.00000000E+00 -0.21279249E-31
  0.50222545E+14  0.00000000E+00 -0.21169144E-31
  0.50269091E+14  0.00000000E+00 -0.21059806E-31
  0.50315636E+14  0.00000000E+00 -0.20951228E-31
  0.50362182E+14  0.00000000E+00 -0.20843404E-31
  0.50408727E+14  0.00000000E+00 -0.20736327E-31
  0.50455273E+14  0.00000000E+00 -0.20629991E-31
  0.50501818E+14  0.00000000E+00 -0.20524388E-31
  0.50548364E+14  0.00000000E+00 -0.20419513E-31
  0.50594909E+14  0.00000000E+00 -0.20315359E-31
  0.50641455E+14  0.00000000E+00 -0.20211920E-31
  0.50688000E+14  0.00000000E+00 -0.20109190E-31
  0.50734545E+14  0.00000000E+00 -0.20007162E-31
  0.50781091E+14  0.00000000E+00 -0.19905831E-31
  0.50827636E+14  0.00000000E+00 -0.19805190E-31
  0.50874182E+14  0.00000000E+00 -0.19705233E-31
  0.50920727E+14  0.00000000E+00 -0.19605955E-31
  0.50967273E+14  0.00000000E+00 -0.19507350E-31
  0.51013818E+14  0.00000000E+00 -0.19409412E-31
  0.51060364E+14  0.00000000E+00 -0.19312135E-31
  0.51106909E+14  0.00000000E+00 -0.19215514E-31
  0.51153455E+14  0.00000000E+00 -0.19119543E-31
  0.51200000E+14  0.00000000E+00 -0.19024216E-31
  0.51246545E+14  0.00000000E+00 -0.18929529E-31
  0.51293091E+14  0.00000000E+00 -0.18835475E-31
  0.51339636E+14  0.00000000E+00 -0.18742049E-31
  0.51386182E+14  0.00000000E+00 -0.18649246E-31
  0.51432727E+14  0.00000000E+00 -0.18557061E-31
  0.51479273E+14  0.00000000E+00 -0.18465488E-31
  0.51525818E+14  0.00000000E+00 -0.18374523E-31
  0.51572364E+14  0.00000000E+00 -0.18284160E-31
  0.51618909E+14  0.00000000E+00 -0.18194394E-31
  0.51665455E+14  0.00000000E+00 -0.18105221E-31
  0.51712000E+14  0.00000000E+00 -0.18016634E-31
  0.51758545E+14  0.00000000E+00 -0.17928630E-31
  0.51805091E+14  0.00000000E+00 -0.17841204E-31
  0.51851636E+14  0.00000000E+00 -0.17754351E-31
  0.51898182E+14  0.00000000E+00 -0.17668065E-31
  0.51944727E+14  0.00000000E+00 -0.17582343E-31
  0.51991273E+14  0.00000000E+00 -0.17497179E-31
  0.52037818E+14  0.00000000E+00 -0.17412570E-31
  0.52084364E+14  0.00000000E+00 -0.17328510E-31
  0.52130909E+14  0.00000000E+00 -0.17244995E-31
  0.52177455E+14  0.00000000E+00 -0.17162021E-31
  0.52224000E+14  0.00000000E+00 -0.17079583E-31
  0.52270545E+14  0.00000000E+00 -0.16997677E-31
  0.52317091E+14  0.00000000E+00 -0.16916298E-31
  0.52363636E+14  0.00000000E+00 -0.16835442E-31
  0.52410182E+14  0.00000000E+00 -0.16755105E-31
  0.52456727E+14  0.00000000E+00 -0.16675283E-31
  0.52503273E+14  0.00000000E+00 -0.16595971E-31
  0.52549818E+14  0.00000000E+00 -0.16517166E-31
  0.52596364E+14  0.00000000E+00 -0.16438863E-31
  0.52642909E+14  0.00000000E+00 -0.16361058E-31
  0.52689455E+14  0.00000000E+00 -0.16283748E-31
  0.52736000E+14  0.00000000E+00 -0.16206928E-31
  0.52782545E+14  0.00000000E+00 -0.16130594E-31
  0.52829091E+14  0.00000000E+00 -0.16054743E-31
  0.52875636E+14  0.00000000E+00 -0.15979370E-31
  0.52922182E+14  0.00000000E+00 -0.15904473E-31
  0.52968727E+14  0.00000000E+00 -0.15830046E-31
  0.53015273E+14  0.00000000E+00 -0.15756087E-31
  0.53061818E+14  0.00000000E+00 -0.15682591E-31
  0.53108364E+14  0.00000000E+00 -0.15609556E-31
  0.53154909E+14  0.00000000E+00 -0.15536976E-31
  0.53201455E+14  0.00000000E+00 -0.15464850E-31
  0.53248000E+14  0.00000000E+00 -0.15393172E-31
  0.53294545E+14  0.00000000E+00 -0.15321941E-31
  0.53341091E+14  0.00000000E+00 -0.15251151E-31
  0.53387636E+14  0.00000000E+00 -0.15180800E-31
  0.53434182E+14  0.00000000E+00 -0.15110885E-31
  0.53480727E+14  0.00000000E+00 -0.15041401E-31
  0.53527273E+14  0.00000000E+00 -0.14972345E-31
  0.53573818E+14  0.00000000E+00 -0.14903715E-31
  0.53620364E+14  0.00000000E+00 -0.14835507E-31
  0.53666909E+14  0.00000000E+00 -0.14767717E-31
  0.53713455E+14  0.00000000E+00 -0.14700343E-31
  0.53760000E+14  0.00000000E+00 -0.14633381E-31
  0.53806545E+14  0.00000000E+00 -0.14566828E-31
  0.53853091E+14  0.00000000E+00 -0.14500680E-31
  0.53899636E+14  0.00000000E+00 -0.14434936E-31
  0.53946182E+14  0.00000000E+00 -0.14369591E-31
  0.53992727E+14  0.00000000E+00 -0.14304642E-31
  0.54039273E+14  0.00000000E+00 -0.14240087E-31
  0.54085818E+14  0.00000000E+00 -0.14175923E-31
  0.54132364E+14  0.00000000E+00 -0.14112146E-31
  0.54178909E+14  0.00000000E+00 -0.14048754E-31
  0.54225455E+14  0.00000000E+00 -0.13985743E-31
  0.54272000E+14  0.00000000E+00 -0.13923111E-31
  0.54318545E+14  0.00000000E+00 -0.13860856E-31
  0.54365091E+14  0.00000000E+00 -0.13798973E-31
  0.54411636E+14  0.00000000E+00 -0.13737460E-31
  0.54458182E+14  0.00000000E+00 -0.13676315E-31
  0.54504727E+14  0.00000000E+00 -0.13615534E-31
  0.54551273E+14  0.00000000E+00 -0.13555116E-31
  0.54597818E+14  0.00000000E+00 -0.13495057E-31
  0.54644364E+14  0.00000000E+00 -0.13435354E-31
  0.54690909E+14  0.00000000E+00 -0.13376005E-31
  0.54737455E+14  0.00000000E+00 -0.13317008E-31
  0.54784000E+14  0.00000000E+00 -0.13258359E-31
  0.54830545E+14  0.00000000E+00 -0.13200056E-31
  0.54877091E+14  0.00000000E+00 -0.13142096E-31
  0.54923636E+14  0.00000000E+00 -0.13084478E-31
  0.54970182E+14  0.00000000E+00 -0.13027198E-31
  0.55016727E+14  0.00000000E+00 -0.12970253E-31
  0.55063273E+14  0.00000000E+00 -0.12913643E-31
  0.55109818E+14  0.00000000E+00 -0.12857363E-31
  0.55156364E+14  0.00000000E+00 -0.12801411E-31
  0.55202909E+14  0.00000000E+00 -0.12745786E-31
  0.55249455E+14  0.00000000E+00 -0.12690484E-31
  0.55296000E+14  0.00000000E+00 -0.12635504E-31
  0.55342545E+14  0.00000000E+00 -0.12580843E-31
  0.55389091E+14  0.00000000E+00 -0.12526498E-31
  0.55435636E+14  0.00000000E+00 -0.12472468E-31
  0.55482182E+14  0.00000000E+00 -0.12418750E-31
  0.55528727E+14  0.00000000E+00 -0.12365342E-31
  0.55575273E+14  0.00000000E+00 -0.12312241E-31
  0.55621818E+14  0.00000000E+00 -0.12259445E-31
  0.55668364E+14  0.00000000E+00 -0.12206953E-31
  0.55714909E+14  0.00000000E+00 -0.12154762E-31
  0.55761455E+14  0.00000000E+00 -0.12102869E-31
  0.55808000E+14  0.00000000E+00 -0.12051273E-31
  0.55854545E+14  0.00000000E+00 -0.11999971E-31
  0.55901091E+14  0.00000000E+00 -0.11948962E-31
  0.55947636E+14  0.00000000E+00 -0.11898243E-31
  0.55994182E+14  0.00000000E+00 -0.11847812E-31
  0.56040727E+14  0.00000000E+00 -0.11797668E-31
  0.56087273E+14  0.00000000E+00 -0.11747807E-31
  0.56133818E+14  0.00000000E+00 -0.11698229E-31
  0.56180364E+14  0.00000000E+00 -0.11648930E-31
  0.56226909E+14  0.00000000E+00 -0.11599910E-31
  0.56273455E+14  0.00000000E+00 -0.11551165E-31
  0.56320000E+14  0.00000000E+00 -0.11502695E-31
  0.56366545E+14  0.00000000E+00 -0.11454497E-31
  0.56413091E+14  0.00000000E+00 -0.11406570E-31
  0.56459636E+14  0.00000000E+00 -0.11358910E-31
  0.56506182E+14  0.00000000E+00 -0.11311518E-31
  0.56552727E+14  0.00000000E+00 -0.11264389E-31
  0.56599273E+14  0.00000000E+00 -0.11217524E-31
  0.56645818E+14  0.00000000E+00 -0.11170919E-31
  0.56692364E+14  0.00000000E+00 -0.11124574E-31
  0.56738909E+14  0.00000000E+00 -0.11078486E-31
  0.56785455E+14  0.00000000E+00 -0.11032653E-31
  0.56832000E+14  0.00000000E+00 -0.10987074E-31
  0.56878545E+14  0.00000000E+00 -0.10941747E-31
  0.56925091E+14  0.00000000E+00 -0.10896670E-31
  0.56971636E+14  0.00000000E+00 -0.10851842E-31
  0.57018182E+14  0.00000000E+00 -0.10807260E-31
  0.57064727E+14  0.00000000E+00 -0.10762924E-31
  0.57111273E+14  0.00000000E+00 -0.10718830E-31
  0.57157818E+14  0.00000000E+00 -0.10674979E-31
  0.57204364E+14  0.00000000E+00 -0.10631367E-31
  0.57250909E+14  0.00000000E+00 -0.10587994E-31
  0.57297455E+14  0.00000000E+00 -0.10544857E-31
  0.57344000E+14  0.00000000E+00 -0.10501956E-31
  0.57390545E+14  0.00000000E+00 -0.10459288E-31
  0.57437091E+14  0.00000000E+00 -0.10416852E-31
  0.57483636E+14  0.00000000E+00 -0.10374646E-31
  0.57530182E+14  0.00000000E+00 -0.10332669E-31
  0.57576727E+14  0.00000000E+00 -0.10290919E-31
  0.57623273E+14  0.00000000E+00 -0.10249395E-31
  0.57669818E+14  0.00000000E+00 -0.10208095E-31
  0.57716364E+14  0.00000000E+00 -0.10167017E-31
  0.57762909E+14  0.00000000E+00 -0.10126160E-31
  0.57809455E+14  0.00000000E+00 -0.10085523E-31
  0.57856000E+14  0.00000000E+00 -0.10045105E-31
  0.57902545E+14  0.00000000E+00 -0.10004902E-31
  0.57949091E+14  0.00000000E+00 -0.99649153E-32
  0.57995636E+14  0.00000000E+00 -0.99251420E-32
  0.58042182E+14  0.00000000E+00 -0.98855809E-32
  0.58088727E+14  0.00000000E+00 -0.98462308E-32
  0.58135273E+14  0.00000000E+00 -0.98070901E-32
  0.58181818E+14  0.00000000E+00 -0.97681574E-32
  0.58228364E+14  0.00000000E+00 -0.97294314E-32
  0.58274909E+14  0.00000000E+00 -0.96909107E-32
  0.58321455E+14  0.00000000E+00 -0.96525940E-32
  0.58368000E+14  0.00000000E+00 -0.96144798E-32
  0.58414545E+14  0.00000000E+00 -0.95765668E-32
  0.58461091E+14  0.00000000E+00 -0.95388538E-32
  0.58507636E+14  0.00000000E+00 -0.95013393E-32
  0.58554182E+14  0.00000000E+00 -0.94640221E-32
  0.58600727E+14  0.00000000E+00 -0.94269008E-32
  0.58647273E+14  0.00000000E+00 -0.93899742E-32
  0.58693818E+14  0.00000000E+00 -0.93532410E-32
  0.58740364E+14  0.00000000E+00 -0.93166999E-32
  0.58786909E+14  0.00000000E+00 -0.92803497E-32
  0.58833455E+14  0.00000000E+00 -0.92441890E-32
  0.58880000E+14  0.00000000E+00 -0.92082168E-32
  0.58926545E+14  0.00000000E+00 -0.91724316E-32
  0.58973091E+14  0.00000000E+00 -0.91368324E-32
  0.59019636E+14  0.00000000E+00 -0.91014179E-32
  0.59066182E+14  0.00000000E+00 -0.90661869E-32
  0.59112727E+14  0.00000000E+00 -0.90311382E-32
  0.59159273E+14  0.00000000E+00 -0.89962706E-32
  0.59205818E+14  0.00000000E+00 -0.89615830E-32
  0.59252364E+14  0.00000000E+00 -0.89270741E-32
  0.59298909E+14  0.00000000E+00 -0.88927429E-32
  0.59345455E+14  0.00000000E+00 -0.88585881E-32
  0.59392000E+14  0.00000000E+00 -0.88246088E-32
  0.59438545E+14  0.00000000E+00 -0.87908036E-32
  0.59485091E+14  0.00000000E+00 -0.87571715E-32
  0.59531636E+14  0.00000000E+00 -0.87237114E-32
  0.59578182E+14  0.00000000E+00 -0.86904222E-32
  0.59624727E+14  0.00000000E+00 -0.86573028E-32
  0.59671273E+14  0.00000000E+00 -0.86243520E-32
  0.59717818E+14  0.00000000E+00 -0.85915690E-32
  0.59764364E+14  0.00000000E+00 -0.85589524E-32
  0.59810909E+14  0.00000000E+00 -0.85265014E-32
  0.59857455E+14  0.00000000E+00 -0.84942148E-32
  0.59904000E+14  0.00000000E+00 -0.84620916E-32
  0.59950545E+14  0.00000000E+00 -0.84301307E-32
  0.59997091E+14  0.00000000E+00 -0.83983312E-32
  0.60043636E+14  0.00000000E+00 -0.83666920E-32
  0.60090182E+14  0.00000000E+00 -0.83352121E-32
  0.60136727E+14  0.00000000E+00 -0.83038905E-32
  0.60183273E+14  0.00000000E+00 -0.82727262E-32
  0.60229818E+14  0.00000000E+00 -0.82417182E-32
  0.60276364E+14  0.00000000E+00 -0.82108655E-32
  0.60322909E+14  0.00000000E+00 -0.81801671E-32
  0.60369455E+14  0.00000000E+00 -0.81496222E-32
  0.60416000E+14  0.00000000E+00 -0.81192296E-32
  0.60462545E+14  0.00000000E+00 -0.80889886E-32
  0.60509091E+14  0.00000000E+00 -0.80588980E-32
  0.60555636E+14  0.00000000E+00 -0.80289571E-32
  0.60602182E+14  0.00000000E+00 -0.79991647E-32
  0.60648727E+14  0.00000000E+00 -0.79695202E-32
  0.60695273E+14  0.00000000E+00 -0.79400224E-32
  0.60741818E+14  0.00000000E+00 -0.79106705E-32
  0.60788364E+14  0.00000000E+00 -0.78814636E-32
  0.60834909E+14  0.00000000E+00 -0.78524008E-32
  0.60881455E+14  0.00000000E+00 -0.78234812E-32
  0.60928000E+14  0.00000000E+00 -0.77947039E-32
  0.60974545E+14  0.00000000E+00 -0.77660681E-32
  0.61021091E+14  0.00000000E+00 -0.77375729E-32
  0.61067636E+14  0.00000000E+00 -0.77092173E-32
  0.61114182E+14  0.00000000E+00 -0.76810006E-32
  0.61160727E+14  0.00000000E+00 -0.76529219E-32
  0.61207273E+14  0.00000000E+00 -0.76249804E-32
  0.61253818E+14  0.00000000E+00 -0.75971752E-32
  0.61300364E+14  0.00000000E+00 -0.75695054E-32
  0.61346909E+14  0.00000000E+00 -0.75419703E-32
  0.61393455E+14  0.00000000E+00 -0.75145691E-32
  0.61440000E+14  0.00000000E+00 -0.74873008E-32
  0.61486545E+14  0.00000000E+00 -0.74601648E-32
  0.61533091E+14  0.00000000E+00 -0.74331602E-32
  0.61579636E+14  0.00000000E+00 -0.74062862E-32
  0.61626182E+14  0.00000000E+00 -0.73795420E-32
  0.61672727E+14  0.00000000E+00 -0.73529268E-32
  0.61719273E+14  0.00000000E+00 -0.73264399E-32
  0.61765818E+14  0.00000000E+00 -0.73000805E-32
  0.61812364E+14  0.00000000E+00 -0.72738478E-32
  0.61858909E+14  0.00000000E+00 -0.72477410E-32
  0.61905455E+14  0.00000000E+00 -0.72217595E-32
  0.61952000E+14  0.00000000E+00 -0.71959023E-32
  0.61998545E+14  0.00000000E+00 -0.71701689E-32
  0.62045091E+14  0.00000000E+00 -0.71445584E-32
  0.62091636E+14  0.00000000E+00 -0.71190702E-32
  0.62138182E+14  0.00000000E+00 -0.70937034E-32
  0.62184727E+14  0.00000000E+00 -0.70684574E-32
  0.62231273E+14  0.00000000E+00 -0.70433315E-32
  0.62277818E+14  0.00000000E+00 -0.70183248E-32
  0.62324364E+14  0.00000000E+00 -0.69934368E-32
  0.62370909E+14  0.00000000E+00 -0.69686667E-32
  0.62417455E+14  0.00000000E+00 -0.69440138E-32
  0.62464000E+14  0.00000000E+00 -0.69194775E-32
  0.62510545E+14  0.00000000E+00 -0.68950570E-32
  0.62557091E+14  0.00000000E+00 -0.68707516E-32
  0.62603636E+14  0.00000000E+00 -0.68465607E-32
  0.62650182E+14  0.00000000E+00 -0.68224836E-32
  0.62696727E+14  0.00000000E+00 -0.67985196E-32
  0.62743273E+14  0.00000000E+00 -0.67746681E-32
  0.62789818E+14  0.00000000E+00 -0.67509283E-32
  0.62836364E+14  0.00000000E+00 -0.67272998E-32
  0.62882909E+14  0.00000000E+00 -0.67037817E-32
  0.62929455E+14  0.00000000E+00 -0.66803734E-32
  0.62976000E+14  0.00000000E+00 -0.66570744E-32
  0.63022545E+14  0.00000000E+00 -0.66338839E-32
  0.63069091E+14  0.00000000E+00 -0.66108013E-32
  0.63115636E+14  0.00000000E+00 -0.65878261E-32
  0.63162182E+14  0.00000000E+00 -0.65649575E-32
  0.63208727E+14  0.00000000E+00 -0.65421950E-32
  0.63255273E+14  0.00000000E+00 -0.65195380E-32
  0.63301818E+14  0.00000000E+00 -0.64969857E-32
  0.63348364E+14  0.00000000E+00 -0.64745377E-32
  0.63394909E+14  0.00000000E+00 -0.64521934E-32
  0.63441455E+14  0.00000000E+00 -0.64299520E-32
  0.63488000E+14  0.00000000E+00 -0.64078131E-32
  0.63534545E+14  0.00000000E+00 -0.63857760E-32
  0.63581091E+14  0.00000000E+00 -0.63638402E-32
  0.63627636E+14  0.00000000E+00 -0.63420051E-32
  0.63674182E+14  0.00000000E+00 -0.63202700E-32
  0.63720727E+14  0.00000000E+00 -0.62986345E-32
  0.63767273E+14  0.00000000E+00 -0.62770979E-32
  0.63813818E+14  0.00000000E+00 -0.62556597E-32
  0.63860364E+14  0.00000000E+00 -0.62343193E-32
  0.63906909E+14  0.00000000E+00 -0.62130762E-32
  0.63953455E+14  0.00000000E+00 -0.61919298E-32
  0.64000000E+14  0.00000000E+00 -0.61708796E-32
