  0.46545455E+11 -0.41929850E-30  0.79120913E-29
  0.93090909E+11 -0.61119351E-30  0.77778880E-29
  0.13963636E+12 -0.94439380E-30  0.77682310E-29
  0.18618182E+12 -0.13842652E-29  0.76674798E-29
  0.23272727E+12 -0.17391475E-29  0.74219248E-29
  0.27927273E+12 -0.21260750E-29  0.71916385E-29
  0.32581818E+12 -0.23224668E-29  0.66203119E-29
  0.37236364E+12 -0.20674994E-29  0.63089259E-29
  0.41890909E+12 -0.18483353E-29  0.64955710E-29
  0.46545455E+12 -0.21009433E-29  0.67378567E-29
  0.51200000E+12 -0.25407898E-29  0.67143610E-29
  0.55854545E+12 -0.27781431E-29  0.63894919E-29
  0.60509091E+12 -0.27027905E-29  0.62717892E-29
  0.65163636E+12 -0.28883515E-29  0.63357432E-29
  0.69818182E+12 -0.31251983E-29  0.62693759E-29
  0.74472727E+12 -0.32780112E-29  0.61169102E-29
  0.79127273E+12 -0.34011361E-29  0.60172631E-29
  0.83781818E+12 -0.35291096E-29  0.59485587E-29
  0.88436364E+12 -0.36452500E-29  0.59045963E-29
  0.93090909E+12 -0.38403549E-29  0.57922680E-29
  0.97745455E+12 -0.38982828E-29  0.56899935E-29
  0.10240000E+13 -0.39892065E-29  0.57647507E-29
  0.10705455E+13 -0.43122944E-29  0.57541798E-29
  0.11170909E+13 -0.45846448E-29  0.54964662E-29
  0.11636364E+13 -0.45804203E-29  0.52890235E-29
  0.12101818E+13 -0.45786172E-29  0.53096644E-29
  0.12567273E+13 -0.47925204E-29  0.53280727E-29
  0.13032727E+13 -0.50327409E-29  0.52232000E-29
  0.13498182E+13 -0.51687721E-29  0.50499921E-29
  0.13963636E+13 -0.52421157E-29  0.49423092E-29
  0.14429091E+13 -0.53495397E-29  0.49037226E-29
  0.14894545E+13 -0.55382920E-29  0.48582512E-29
  0.15360000E+13 -0.57171440E-29  0.47107830E-29
  0.15825455E+13 -0.57961671E-29  0.46000237E-29
  0.16290909E+13 -0.59589346E-29  0.45564104E-29
  0.16756364E+13 -0.61650465E-29  0.44048516E-29
  0.17221818E+13 -0.62380119E-29  0.42158005E-29
  0.17687273E+13 -0.62754727E-29  0.41529061E-29
  0.18152727E+13 -0.64255425E-29  0.41419618E-29
  0.18618182E+13 -0.66417379E-29  0.40481835E-29
  0.19083636E+13 -0.68187795E-29  0.38674986E-29
  0.19549091E+13 -0.68881791E-29  0.36928570E-29
  0.20014545E+13 -0.69642299E-29  0.36358436E-29
  0.20480000E+13 -0.71404575E-29  0.35559333E-29
  0.20945455E+13 -0.73051207E-29  0.33819377E-29
  0.21410909E+13 -0.73762254E-29  0.32219078E-29
  0.21876364E+13 -0.74604781E-29  0.31456624E-29
  0.22341818E+13 -0.76024593E-29  0.30667634E-29
  0.22807273E+13 -0.77902503E-29  0.29142664E-29
  0.23272727E+13 -0.78865985E-29  0.27227570E-29
  0.23738182E+13 -0.79455151E-29  0.26154168E-29
  0.24203636E+13 -0.80908048E-29  0.25205934E-29
  0.24669091E+13 -0.82342464E-29  0.23527059E-29
  0.25134545E+13 -0.83193449E-29  0.21993043E-29
  0.25600000E+13 -0.84095944E-29  0.20743050E-29
  0.26065455E+13 -0.85351060E-29  0.19577873E-29
  0.26530909E+13 -0.86840586E-29  0.18010060E-29
  0.26996364E+13 -0.87750068E-29  0.16006678E-29
  0.27461818E+13 -0.88066849E-29  0.14729719E-29
  0.27927273E+13 -0.89402974E-29  0.13862713E-29
  0.28392727E+13 -0.91074522E-29  0.12140509E-29
  0.28858182E+13 -0.91945605E-29  0.10009335E-29
  0.29323636E+13 -0.92344801E-29  0.83514577E-30
  0.29789091E+13 -0.93097421E-29  0.72809314E-30
  0.30254545E+13 -0.94473205E-29  0.60150130E-30
  0.30720000E+13 -0.95787511E-29  0.40475457E-30
  0.31185455E+13 -0.96446686E-29  0.20325928E-30
  0.31650909E+13 -0.97108155E-29  0.47066052E-31
  0.32116364E+13 -0.97951124E-29 -0.11459122E-30
  0.32581818E+13 -0.98769661E-29 -0.28062641E-30
  0.33047273E+13 -0.99496280E-29 -0.44256617E-30
  0.33512727E+13 -0.10049816E-28 -0.59273711E-30
  0.33978182E+13 -0.10161823E-28 -0.78047989E-30
  0.34443636E+13 -0.10236271E-28 -0.10087270E-29
  0.34909091E+13 -0.10261690E-28 -0.11946027E-29
  0.35374545E+13 -0.10318504E-28 -0.13349332E-29
  0.35840000E+13 -0.10418505E-28 -0.14950417E-29
  0.36305455E+13 -0.10512999E-28 -0.17049795E-29
  0.36770909E+13 -0.10560438E-28 -0.19205828E-29
  0.37236364E+13 -0.10591893E-28 -0.20906168E-29
  0.37701818E+13 -0.10672160E-28 -0.22544428E-29
  0.38167273E+13 -0.10754007E-28 -0.24605126E-29
  0.38632727E+13 -0.10806776E-28 -0.26746064E-29
  0.39098182E+13 -0.10846044E-28 -0.28716599E-29
  0.39563636E+13 -0.10892174E-28 -0.30626192E-29
  0.40029091E+13 -0.10945980E-28 -0.32616061E-29
  0.40494545E+13 -0.10987261E-28 -0.34621012E-29
  0.40960000E+13 -0.11029803E-28 -0.36536735E-29
  0.41425455E+13 -0.11087602E-28 -0.38516626E-29
  0.41890909E+13 -0.11140571E-28 -0.40732095E-29
  0.42356364E+13 -0.11166161E-28 -0.42968370E-29
  0.42821818E+13 -0.11187351E-28 -0.44980667E-29
  0.43287273E+13 -0.11222992E-28 -0.47047966E-29
  0.43752727E+13 -0.11252351E-28 -0.49202186E-29
  0.44218182E+13 -0.11276588E-28 -0.51324594E-29
  0.44683636E+13 -0.11300975E-28 -0.53402865E-29
  0.45149091E+13 -0.11334252E-28 -0.55542247E-29
  0.45614545E+13 -0.11362267E-28 -0.57873339E-29
  0.46080000E+13 -0.11369472E-28 -0.60183513E-29
  0.46545455E+13 -0.11368096E-28 -0.62388433E-29
  0.47010909E+13 -0.11380343E-28 -0.64466112E-29
  0.47476364E+13 -0.11399498E-28 -0.66705068E-29
  0.47941818E+13 -0.11409091E-28 -0.69046072E-29
  0.48407273E+13 -0.11408570E-28 -0.71386451E-29
  0.48872727E+13 -0.11400975E-28 -0.73693146E-29
  0.49338182E+13 -0.11396067E-28 -0.75898973E-29
  0.49803636E+13 -0.11402236E-28 -0.78203548E-29
  0.50269091E+13 -0.11396224E-28 -0.80675140E-29
  0.50734545E+13 -0.11372626E-28 -0.83069948E-29
  0.51200000E+13 -0.11350746E-28 -0.85329248E-29
  0.51665455E+13 -0.11342576E-28 -0.87609743E-29
  0.52130909E+13 -0.11335013E-28 -0.90063013E-29
  0.52596364E+13 -0.11308235E-28 -0.92591873E-29
  0.53061818E+13 -0.11272269E-28 -0.94973803E-29
  0.53527273E+13 -0.11248164E-28 -0.97369065E-29
  0.53992727E+13 -0.11215087E-28 -0.99854189E-29
  0.54458182E+13 -0.11173284E-28 -0.10227041E-28
  0.54923636E+13 -0.11140988E-28 -0.10462076E-28
  0.55389091E+13 -0.11118586E-28 -0.10714270E-28
  0.55854545E+13 -0.11070370E-28 -0.10979969E-28
  0.56320000E+13 -0.11006784E-28 -0.11228388E-28
  0.56785455E+13 -0.10964140E-28 -0.11462755E-28
  0.57250909E+13 -0.10928602E-28 -0.11723454E-28
  0.57716364E+13 -0.10860485E-28 -0.11990877E-28
  0.58181818E+13 -0.10785365E-28 -0.12230301E-28
  0.58647273E+13 -0.10742993E-28 -0.12465491E-28
  0.59112727E+13 -0.10705195E-28 -0.12738187E-28
  0.59578182E+13 -0.10625945E-28 -0.13017359E-28
  0.60043636E+13 -0.10538169E-28 -0.13260913E-28
  0.60509091E+13 -0.10483626E-28 -0.13503176E-28
  0.60974545E+13 -0.10421738E-28 -0.13781266E-28
  0.61440000E+13 -0.10329857E-28 -0.14048124E-28
  0.61905455E+13 -0.10250898E-28 -0.14281593E-28
  0.62370909E+13 -0.10204519E-28 -0.14543894E-28
  0.62836364E+13 -0.10122456E-28 -0.14838865E-28
  0.63301818E+13 -0.10010047E-28 -0.15094585E-28
  0.63767273E+13 -0.99383999E-29 -0.15328757E-28
  0.64232727E+13 -0.98883319E-29 -0.15608556E-28
  0.64698182E+13 -0.97868476E-29 -0.15900236E-28
  0.65163636E+13 -0.96742926E-29 -0.16140327E-28
  0.65629091E+13 -0.96230662E-29 -0.16379465E-28
  0.66094545E+13 -0.95644700E-29 -0.16680114E-28
  0.66560000E+13 -0.94533859E-29 -0.16963791E-28
  0.67025455E+13 -0.93647129E-29 -0.17194394E-28
  0.67490909E+13 -0.93335531E-29 -0.17457496E-28
  0.67956364E+13 -0.92564675E-29 -0.17762680E-28
  0.68421818E+13 -0.91490646E-29 -0.18019286E-28
  0.68887273E+13 -0.91138604E-29 -0.18248204E-28
  0.69352727E+13 -0.90964587E-29 -0.18544789E-28
  0.69818182E+13 -0.90312838E-29 -0.18840973E-28
  0.70283636E+13 -0.89822492E-29 -0.19072299E-28
  0.70749091E+13 -0.90107721E-29 -0.19330926E-28
  0.71214545E+13 -0.90163401E-29 -0.19633661E-28
  0.71680000E+13 -0.90105514E-29 -0.19889697E-28
  0.72145455E+13 -0.90977647E-29 -0.20124905E-28
  0.72610909E+13 -0.92210458E-29 -0.20426472E-28
  0.73076364E+13 -0.93356667E-29 -0.20709306E-28
  0.73541818E+13 -0.95329920E-29 -0.20929972E-28
  0.74007273E+13 -0.98851180E-29 -0.21203870E-28
  0.74472727E+13 -0.10263720E-28 -0.21511725E-28
  0.74938182E+13 -0.10798028E-28 -0.21742368E-28
  0.75403636E+13 -0.11674373E-28 -0.21990024E-28
  0.75869091E+13 -0.12930318E-28 -0.22312226E-28
  0.76334545E+13 -0.15145201E-28 -0.22550466E-28
  0.76800000E+13 -0.21036648E-28 -0.26570000E-28
  0.77265455E+13 -0.18657195E-28 -0.33230089E-28
  0.77730909E+13 -0.16120402E-28 -0.36310319E-28
  0.78196364E+13 -0.13887314E-28 -0.38769848E-28
  0.78661818E+13 -0.11846689E-28 -0.40642058E-28
  0.79127273E+13 -0.94295581E-29 -0.42284770E-28
  0.79592727E+13 -0.72992553E-29 -0.43533001E-28
  0.80058182E+13 -0.51773974E-29 -0.44672952E-28
  0.80523636E+13 -0.30953414E-29 -0.45597648E-28
  0.80989091E+13 -0.91646277E-30 -0.46385516E-28
  0.81454545E+13  0.12258751E-29 -0.46969947E-28
  0.81920000E+13  0.32262945E-29 -0.47561379E-28
  0.82385455E+13  0.54499397E-29 -0.47926128E-28
  0.82850909E+13  0.76415882E-29 -0.48151096E-28
  0.83316364E+13  0.96210808E-29 -0.48387627E-28
  0.83781818E+13  0.11730163E-28 -0.48485230E-28
  0.84247273E+13  0.13859504E-28 -0.48365676E-28
  0.84712727E+13  0.15874023E-28 -0.48300967E-28
  0.85178182E+13  0.17975056E-28 -0.48132083E-28
  0.85643636E+13  0.19993304E-28 -0.47774319E-28
  0.86109091E+13  0.22060322E-28 -0.47404338E-28
  0.86574545E+13  0.24119720E-28 -0.46964415E-28
  0.87040000E+13  0.26032806E-28 -0.46358630E-28
  0.87505455E+13  0.28134639E-28 -0.45759163E-28
  0.87970909E+13  0.30148519E-28 -0.45011918E-28
  0.88436364E+13  0.32027254E-28 -0.44130405E-28
  0.88901818E+13  0.34062067E-28 -0.43306612E-28
  0.89367273E+13  0.36037806E-28 -0.42301928E-28
  0.89832727E+13  0.37940392E-28 -0.41107902E-28
  0.90298182E+13  0.39892508E-28 -0.39993049E-28
  0.90763636E+13  0.41834631E-28 -0.38686863E-28
  0.91229091E+13  0.43678016E-28 -0.37181066E-28
  0.91694545E+13  0.45620324E-28 -0.35722760E-28
  0.92160000E+13  0.47402274E-28 -0.33981609E-28
  0.92625455E+13  0.49186849E-28 -0.32240610E-28
  0.93090909E+13  0.51060161E-28 -0.30351102E-28
  0.93556364E+13  0.52768498E-28 -0.28210847E-28
  0.94021818E+13  0.54463888E-28 -0.26092335E-28
  0.94487273E+13  0.56275964E-28 -0.23692529E-28
  0.94952727E+13  0.58028995E-28 -0.21089277E-28
  0.95418182E+13  0.60134997E-28 -0.18234145E-28
  0.95883636E+13  0.62680743E-28 -0.14505196E-28
  0.96349091E+13  0.63934745E-28 -0.79343217E-29
  0.96814545E+13  0.62893743E-28 -0.25346461E-29
  0.97280000E+13  0.60915426E-28  0.24266414E-29
  0.97745455E+13  0.58336190E-28  0.71683667E-29
  0.98210909E+13  0.52045838E-28  0.11335046E-28
  0.98676364E+13  0.48299985E-28  0.10546913E-28
  0.99141818E+13  0.45975090E-28  0.10540704E-28
  0.99607273E+13  0.44002156E-28  0.10417552E-28
  0.10007273E+14  0.42501723E-28  0.10504437E-28
  0.10053818E+14  0.41217199E-28  0.10417742E-28
  0.10100364E+14  0.40151041E-28  0.10430864E-28
  0.10146909E+14  0.39324713E-28  0.10436118E-28
  0.10193455E+14  0.38507322E-28  0.10328007E-28
  0.10240000E+14  0.38087110E-28  0.10301658E-28
  0.10286545E+14  0.37644482E-28  0.10087077E-28
  0.10333091E+14  0.37629446E-28  0.10011308E-28
  0.10379636E+14  0.37689390E-28  0.97429086E-29
  0.10426182E+14  0.38321757E-28  0.95137387E-29
  0.10472727E+14  0.39365248E-28  0.90859400E-29
  0.10519273E+14  0.41997917E-28  0.86098025E-29
  0.10565818E+14  0.46841479E-28  0.11305603E-28
  0.10612364E+14  0.49373346E-28  0.16452126E-28
  0.10658909E+14  0.50684819E-28  0.22649110E-28
  0.10705455E+14  0.50676816E-28  0.32720559E-28
  0.10752000E+14  0.39818727E-28  0.38410409E-28
  0.10798545E+14  0.33947634E-28  0.38486481E-28
  0.10845091E+14  0.29291620E-28  0.38539751E-28
  0.10891636E+14  0.25314089E-28  0.38302559E-28
  0.10938182E+14  0.21578629E-28  0.37839526E-28
  0.10984727E+14  0.18054731E-28  0.37036777E-28
  0.11031273E+14  0.14771121E-28  0.35951332E-28
  0.11077818E+14  0.11587242E-28  0.34253743E-28
  0.11124364E+14  0.90132169E-29  0.32156615E-28
  0.11170909E+14  0.70538120E-29  0.29875141E-28
  0.11217455E+14  0.54316416E-29  0.27520107E-28
  0.11264000E+14  0.43515310E-29  0.25005898E-28
  0.11310545E+14  0.39119195E-29  0.22322385E-28
  0.11357091E+14  0.45116510E-29  0.20142676E-28
  0.11403636E+14  0.52805875E-29  0.18913475E-28
  0.11450182E+14  0.58113832E-29  0.18180449E-28
  0.11496727E+14  0.61474215E-29  0.17689775E-28
  0.11543273E+14  0.63147975E-29  0.17354514E-28
  0.11589818E+14  0.63322145E-29  0.17126271E-28
  0.11636364E+14  0.62214752E-29  0.16954558E-28
  0.11682909E+14  0.59747737E-29  0.16791462E-28
  0.11729455E+14  0.56328898E-29  0.16627733E-28
  0.11776000E+14  0.51736855E-29  0.16441077E-28
  0.11822545E+14  0.46326815E-29  0.16189625E-28
  0.11869091E+14  0.39586171E-29  0.15825121E-28
  0.11915636E+14  0.32110888E-29  0.15364493E-28
  0.11962182E+14  0.23448822E-29  0.14692096E-28
  0.12008727E+14  0.14021595E-29  0.13691310E-28
  0.12055273E+14  0.44622024E-30  0.12151152E-28
  0.12101818E+14  0.71708578E-30  0.89840167E-29
  0.12148364E+14  0.27371683E-29  0.82078512E-29
  0.12194909E+14  0.36419786E-29  0.79998780E-29
  0.12241455E+14  0.43193038E-29  0.78067858E-29
  0.12288000E+14  0.48227626E-29  0.76478452E-29
  0.12334545E+14  0.52683447E-29  0.74854348E-29
  0.12381091E+14  0.56872241E-29  0.73636407E-29
  0.12427636E+14  0.60491530E-29  0.72589897E-29
  0.12474182E+14  0.63963873E-29  0.71409849E-29
  0.12520727E+14  0.67607656E-29  0.70629251E-29
  0.12567273E+14  0.70940846E-29  0.69990508E-29
  0.12613818E+14  0.74718764E-29  0.69293956E-29
  0.12660364E+14  0.78465646E-29  0.68978507E-29
  0.12706909E+14  0.82537575E-29  0.68508801E-29
  0.12753455E+14  0.87323196E-29  0.67195127E-29
  0.12800000E+14  0.99881019E-29  0.70706712E-29
  0.12846545E+14  0.99242721E-29  0.84071267E-29
  0.12893091E+14  0.97157530E-29  0.85739025E-29
  0.12939636E+14  0.97973422E-29  0.87550224E-29
  0.12986182E+14  0.98892925E-29  0.89997173E-29
  0.13032727E+14  0.10029186E-28  0.92845784E-29
  0.13079273E+14  0.10132778E-28  0.96073690E-29
  0.13125818E+14  0.10233990E-28  0.99933106E-29
  0.13172364E+14  0.10310001E-28  0.10409247E-28
  0.13218909E+14  0.10316894E-28  0.10880313E-28
  0.13265455E+14  0.10265571E-28  0.11409482E-28
  0.13312000E+14  0.10086840E-28  0.11937036E-28
  0.13358545E+14  0.10026674E-28  0.12328619E-28
  0.13405091E+14  0.97355637E-29  0.13049998E-28
  0.13451636E+14  0.91399403E-29  0.13600319E-28
  0.13498182E+14  0.85702864E-29  0.13914210E-28
  0.13544727E+14  0.80243098E-29  0.14162222E-28
  0.13591273E+14  0.75030902E-29  0.14321492E-28
  0.13637818E+14  0.69894165E-29  0.14465285E-28
  0.13684364E+14  0.64987793E-29  0.14539206E-28
  0.13730909E+14  0.60049308E-29  0.14606489E-28
  0.13777455E+14  0.55366449E-29  0.14626838E-28
  0.13824000E+14  0.50460955E-29  0.14624613E-28
  0.13870545E+14  0.46059549E-29  0.14605472E-28
  0.13917091E+14  0.41362623E-29  0.14542114E-28
  0.13963636E+14  0.36832008E-29  0.14478262E-28
  0.14010182E+14  0.32453047E-29  0.14369095E-28
  0.14056727E+14  0.27937729E-29  0.14235967E-28
  0.14103273E+14  0.23388446E-29  0.14081243E-28
  0.14149818E+14  0.19045206E-29  0.13891313E-28
  0.14196364E+14  0.14633123E-29  0.13660796E-28
  0.14242909E+14  0.10248788E-29  0.13383226E-28
  0.14289455E+14  0.58335271E-30  0.13049739E-28
  0.14336000E+14  0.14159054E-30  0.12557657E-28
  0.14382545E+14  0.00000000E+00  0.11911656E-28
  0.14429091E+14  0.00000000E+00  0.11484571E-28
  0.14475636E+14  0.00000000E+00  0.11143308E-28
  0.14522182E+14  0.00000000E+00  0.10851119E-28
  0.14568727E+14  0.00000000E+00  0.10592909E-28
  0.14615273E+14  0.00000000E+00  0.10360367E-28
  0.14661818E+14  0.00000000E+00  0.10148231E-28
  0.14708364E+14  0.00000000E+00  0.99528832E-29
  0.14754909E+14  0.00000000E+00  0.97716905E-29
  0.14801455E+14  0.00000000E+00  0.96026581E-29
  0.14848000E+14  0.00000000E+00  0.94442271E-29
  0.14894545E+14  0.00000000E+00  0.92951494E-29
  0.14941091E+14  0.00000000E+00  0.91544063E-29
  0.14987636E+14  0.00000000E+00  0.90211521E-29
  0.15034182E+14  0.00000000E+00  0.88946758E-29
  0.15080727E+14  0.00000000E+00  0.87743721E-29
  0.15127273E+14  0.00000000E+00  0.86597210E-29
  0.15173818E+14  0.00000000E+00  0.85502714E-29
  0.15220364E+14  0.00000000E+00  0.84456290E-29
  0.15266909E+14  0.00000000E+00  0.83454470E-29
  0.15313455E+14  0.00000000E+00  0.82494184E-29
  0.15360000E+14  0.00000000E+00  0.81572697E-29
  0.15406545E+14  0.00000000E+00  0.80687563E-29
  0.15453091E+14  0.00000000E+00  0.79836585E-29
  0.15499636E+14  0.00000000E+00  0.79017776E-29
  0.15546182E+14  0.00000000E+00  0.78229341E-29
  0.15592727E+14  0.00000000E+00  0.77469644E-29
  0.15639273E+14  0.00000000E+00  0.76737196E-29
  0.15685818E+14  0.00000000E+00  0.76030632E-29
  0.15732364E+14  0.00000000E+00  0.75348701E-29
  0.15778909E+14  0.00000000E+00  0.74690255E-29
  0.15825455E+14  0.00000000E+00  0.74054233E-29
  0.15872000E+14  0.00000000E+00  0.73439656E-29
  0.15918545E+14  0.00000000E+00  0.72845617E-29
  0.15965091E+14  0.00000000E+00  0.72271278E-29
  0.16011636E+14  0.00000000E+00  0.71715857E-29
  0.16058182E+14  0.00000000E+00  0.71178628E-29
  0.16104727E+14  0.00000000E+00  0.70658916E-29
  0.16151273E+14  0.00000000E+00  0.70156088E-29
  0.16197818E+14  0.00000000E+00  0.69669557E-29
  0.16244364E+14  0.00000000E+00  0.69198770E-29
  0.16290909E+14  0.00000000E+00  0.68743212E-29
  0.16337455E+14  0.00000000E+00  0.68302400E-29
  0.16384000E+14  0.00000000E+00  0.67875880E-29
  0.16430545E+14  0.00000000E+00  0.67463228E-29
  0.16477091E+14  0.00000000E+00  0.67064045E-29
  0.16523636E+14  0.00000000E+00  0.66677954E-29
  0.16570182E+14  0.00000000E+00  0.66304605E-29
  0.16616727E+14  0.00000000E+00  0.65943666E-29
  0.16663273E+14  0.00000000E+00  0.65594826E-29
  0.16709818E+14  0.00000000E+00  0.65257792E-29
  0.16756364E+14  0.00000000E+00  0.64932288E-29
  0.16802909E+14  0.00000000E+00  0.64618057E-29
  0.16849455E+14  0.00000000E+00  0.64314855E-29
  0.16896000E+14  0.00000000E+00  0.64022454E-29
  0.16942545E+14  0.00000000E+00  0.63740640E-29
  0.16989091E+14  0.00000000E+00  0.63469211E-29
  0.17035636E+14  0.00000000E+00  0.63207980E-29
  0.17082182E+14  0.00000000E+00  0.62956771E-29
  0.17128727E+14  0.00000000E+00  0.62715419E-29
  0.17175273E+14  0.00000000E+00  0.62483771E-29
  0.17221818E+14  0.00000000E+00  0.62261685E-29
  0.17268364E+14  0.00000000E+00  0.62049027E-29
  0.17314909E+14  0.00000000E+00  0.61845676E-29
  0.17361455E+14  0.00000000E+00  0.61651519E-29
  0.17408000E+14  0.00000000E+00  0.61466452E-29
  0.17454545E+14  0.00000000E+00  0.61290381E-29
  0.17501091E+14  0.00000000E+00  0.61123220E-29
  0.17547636E+14  0.00000000E+00  0.60964893E-29
  0.17594182E+14  0.00000000E+00  0.60815331E-29
  0.17640727E+14  0.00000000E+00  0.60674473E-29
  0.17687273E+14  0.00000000E+00  0.60542268E-29
  0.17733818E+14  0.00000000E+00  0.60418672E-29
  0.17780364E+14  0.00000000E+00  0.60303649E-29
  0.17826909E+14  0.00000000E+00  0.60197170E-29
  0.17873455E+14  0.00000000E+00  0.60099215E-29
  0.17920000E+14  0.00000000E+00  0.60009773E-29
  0.17966545E+14  0.00000000E+00  0.59928838E-29
  0.18013091E+14  0.00000000E+00  0.59856413E-29
  0.18059636E+14  0.00000000E+00  0.59792512E-29
  0.18106182E+14  0.00000000E+00  0.59737152E-29
  0.18152727E+14  0.00000000E+00  0.59690361E-29
  0.18199273E+14  0.00000000E+00  0.59652175E-29
  0.18245818E+14  0.00000000E+00  0.59622638E-29
  0.18292364E+14  0.00000000E+00  0.59601802E-29
  0.18338909E+14  0.00000000E+00  0.59589729E-29
  0.18385455E+14  0.00000000E+00  0.59586489E-29
  0.18432000E+14  0.00000000E+00  0.59592161E-29
  0.18478545E+14  0.00000000E+00  0.59606834E-29
  0.18525091E+14  0.00000000E+00  0.59630606E-29
  0.18571636E+14  0.00000000E+00  0.59663585E-29
  0.18618182E+14  0.00000000E+00  0.59705892E-29
  0.18664727E+14  0.00000000E+00  0.59757655E-29
  0.18711273E+14  0.00000000E+00  0.59819015E-29
  0.18757818E+14  0.00000000E+00  0.59890125E-29
  0.18804364E+14  0.00000000E+00  0.59971150E-29
  0.18850909E+14  0.00000000E+00  0.60062268E-29
  0.18897455E+14  0.00000000E+00  0.60163669E-29
  0.18944000E+14  0.00000000E+00  0.60275561E-29
  0.18990545E+14  0.00000000E+00  0.60398161E-29
  0.19037091E+14  0.00000000E+00  0.60531708E-29
  0.19083636E+14  0.00000000E+00  0.60676452E-29
  0.19130182E+14  0.00000000E+00  0.60832665E-29
  0.19176727E+14  0.00000000E+00  0.61000635E-29
  0.19223273E+14  0.00000000E+00  0.61180671E-29
  0.19269818E+14  0.00000000E+00  0.61373101E-29
  0.19316364E+14  0.00000000E+00  0.61578279E-29
  0.19362909E+14  0.00000000E+00  0.61796580E-29
  0.19409455E+14  0.00000000E+00  0.62028404E-29
  0.19456000E+14  0.00000000E+00  0.62274182E-29
  0.19502545E+14  0.00000000E+00  0.62534371E-29
  0.19549091E+14  0.00000000E+00  0.62809461E-29
  0.19595636E+14  0.00000000E+00  0.63099975E-29
  0.19642182E+14  0.00000000E+00  0.63406474E-29
  0.19688727E+14  0.00000000E+00  0.63729557E-29
  0.19735273E+14  0.00000000E+00  0.64069867E-29
  0.19781818E+14  0.00000000E+00  0.64428093E-29
  0.19828364E+14  0.00000000E+00  0.64804975E-29
  0.19874909E+14  0.00000000E+00  0.65201306E-29
  0.19921455E+14  0.00000000E+00  0.65617940E-29
  0.19968000E+14  0.00000000E+00  0.66055798E-29
  0.20014545E+14  0.00000000E+00  0.66515869E-29
  0.20061091E+14  0.00000000E+00  0.66999224E-29
  0.20107636E+14  0.00000000E+00  0.67507020E-29
  0.20154182E+14  0.00000000E+00  0.68040506E-29
  0.20200727E+14  0.00000000E+00  0.68601042E-29
  0.20247273E+14  0.00000000E+00  0.69190102E-29
  0.20293818E+14  0.00000000E+00  0.69809290E-29
  0.20340364E+14  0.00000000E+00  0.70460356E-29
  0.20386909E+14  0.00000000E+00  0.71145214E-29
  0.20433455E+14  0.00000000E+00  0.71865957E-29
  0.20480000E+14  0.00000000E+00  0.72624888E-29
  0.20526545E+14  0.00000000E+00  0.73424539E-29
  0.20573091E+14  0.00000000E+00  0.74267709E-29
  0.20619636E+14  0.00000000E+00  0.75157495E-29
  0.20666182E+14  0.00000000E+00  0.76097340E-29
  0.20712727E+14  0.00000000E+00  0.77091084E-29
  0.20759273E+14  0.00000000E+00  0.78143022E-29
  0.20805818E+14  0.00000000E+00  0.79257984E-29
  0.20852364E+14  0.00000000E+00  0.80441417E-29
  0.20898909E+14  0.00000000E+00  0.81699501E-29
  0.20945455E+14  0.00000000E+00  0.83039274E-29
  0.20992000E+14  0.00000000E+00  0.84468800E-29
  0.21038545E+14  0.00000000E+00  0.85997368E-29
  0.21085091E+14  0.00000000E+00  0.87635741E-29
  0.21131636E+14  0.00000000E+00  0.89396468E-29
  0.21178182E+14  0.00000000E+00  0.91294273E-29
  0.21224727E+14  0.00000000E+00  0.93346539E-29
  0.21271273E+14  0.00000000E+00  0.95573894E-29
  0.21317818E+14  0.00000000E+00  0.98000910E-29
  0.21364364E+14  0.00000000E+00  0.10065683E-28
  0.21410909E+14  0.00000000E+00  0.10357612E-28
  0.21457455E+14  0.00000000E+00  0.10679798E-28
  0.21504000E+14  0.00000000E+00  0.11036251E-28
  0.21550545E+14  0.00000000E+00  0.11429462E-28
  0.21597091E+14  0.00000000E+00  0.11854087E-28
  0.21643636E+14  0.00000000E+00  0.12266410E-28
  0.21690182E+14  0.00000000E+00  0.11838818E-28
  0.21736727E+14  0.28109259E-29  0.13976346E-28
  0.21783273E+14  0.25303709E-29  0.17493305E-28
  0.21829818E+14  0.10480465E-29  0.21086710E-28
  0.21876364E+14 -0.23561028E-29  0.25868047E-28
  0.21922909E+14 -0.10648644E-28  0.26534695E-28
  0.21969455E+14 -0.16836278E-28  0.23648748E-28
  0.22016000E+14 -0.21755128E-28  0.18854674E-28
  0.22062545E+14 -0.25386708E-28  0.11823994E-28
  0.22109091E+14 -0.26675168E-28  0.81044908E-30
  0.22155636E+14 -0.69380180E-29 -0.11388313E-28
  0.22202182E+14 -0.19153908E-29  0.73098517E-31
  0.22248727E+14 -0.13994448E-29  0.45656938E-29
  0.22295273E+14 -0.18202394E-29  0.72623102E-29
  0.22341818E+14 -0.23931485E-29  0.88863176E-29
  0.22388364E+14 -0.29172556E-29  0.10003712E-28
  0.22434909E+14 -0.34276728E-29  0.10739940E-28
  0.22481455E+14 -0.37010774E-29  0.11360187E-28
  0.22528000E+14 -0.38585698E-29  0.11789742E-28
  0.22574545E+14 -0.37325224E-29  0.12382495E-28
  0.22621091E+14 -0.34927176E-29  0.13023716E-28
  0.22667636E+14 -0.28717977E-29  0.13931085E-28
  0.22714182E+14 -0.18170516E-29  0.15417068E-28
  0.22760727E+14 -0.52436267E-30  0.17797652E-28
  0.22807273E+14  0.16605186E-29  0.21884580E-28
  0.22853818E+14  0.58569189E-29  0.36761107E-28
  0.22900364E+14 -0.16795229E-28  0.42160190E-28
  0.22946909E+14 -0.26323802E-28  0.36795609E-28
  0.22993455E+14 -0.32285929E-28  0.31556831E-28
  0.23040000E+14 -0.36546798E-28  0.26243842E-28
  0.23086545E+14 -0.39632835E-28  0.21096970E-28
  0.23133091E+14 -0.41570714E-28  0.16027977E-28
  0.23179636E+14 -0.42934395E-28  0.11047309E-28
  0.23226182E+14 -0.43508620E-28  0.62167168E-29
  0.23272727E+14 -0.43555446E-28  0.14910250E-29
  0.23319273E+14 -0.43047242E-28 -0.30179057E-29
  0.23365818E+14 -0.42100140E-28 -0.74875726E-29
  0.23412364E+14 -0.40644554E-28 -0.11690956E-28
  0.23458909E+14 -0.38622528E-28 -0.15818591E-28
  0.23505455E+14 -0.36108667E-28 -0.19675381E-28
  0.23552000E+14 -0.33048049E-28 -0.23308903E-28
  0.23598545E+14 -0.29269203E-28 -0.26648940E-28
  0.23645091E+14 -0.24382206E-28 -0.29661847E-28
  0.23691636E+14 -0.18434363E-28 -0.30169508E-28
  0.23738182E+14 -0.13827462E-28 -0.29552264E-28
  0.23784727E+14 -0.97470281E-29 -0.28389647E-28
  0.23831273E+14 -0.62281774E-29 -0.26692588E-28
  0.23877818E+14 -0.33300048E-29 -0.24473281E-28
  0.23924364E+14 -0.13426806E-29 -0.21942479E-28
  0.23970909E+14 -0.18136773E-30 -0.19676625E-28
  0.24017455E+14  0.48567230E-30 -0.17673462E-28
  0.24064000E+14  0.47571505E-30 -0.16156820E-28
  0.24110545E+14  0.57867031E-30 -0.16269327E-28
  0.24157091E+14  0.33661869E-29 -0.16385384E-28
  0.24203636E+14  0.58736958E-29 -0.11365344E-28
  0.24250182E+14  0.33858475E-29 -0.92857818E-29
  0.24296727E+14  0.26677273E-29 -0.86006332E-29
  0.24343273E+14  0.22507824E-29 -0.79914783E-29
  0.24389818E+14  0.19662508E-29 -0.74364524E-29
  0.24436364E+14  0.17446731E-29 -0.69349313E-29
  0.24482909E+14  0.15680039E-29 -0.64769890E-29
  0.24529455E+14  0.14142247E-29 -0.60575647E-29
  0.24576000E+14  0.12763978E-29 -0.56706972E-29
  0.24622545E+14  0.11451497E-29 -0.53124253E-29
  0.24669091E+14  0.10184775E-29 -0.49804250E-29
  0.24715636E+14  0.88882651E-30 -0.46823095E-29
  0.24762182E+14  0.76653696E-30 -0.44185019E-29
  0.24808727E+14  0.65630209E-30 -0.41772081E-29
  0.24855273E+14  0.55470349E-30 -0.39564962E-29
  0.24901818E+14  0.45691114E-30 -0.37538856E-29
  0.24948364E+14  0.36442018E-30 -0.35696003E-29
  0.24994909E+14  0.27977390E-30 -0.33987886E-29
  0.25041455E+14  0.19965921E-30 -0.32401846E-29
  0.25088000E+14  0.12152308E-30 -0.30953278E-29
  0.25134545E+14  0.50471526E-31 -0.29609224E-29
  0.25181091E+14 -0.17246647E-31 -0.28366017E-29
  0.25227636E+14 -0.82952669E-31 -0.27200374E-29
  0.25274182E+14 -0.14368362E-30 -0.26145240E-29
  0.25320727E+14 -0.20105732E-30 -0.25146446E-29
  0.25367273E+14 -0.25433166E-30 -0.24223762E-29
  0.25413818E+14 -0.30800345E-30 -0.23371752E-29
  0.25460364E+14 -0.35594524E-30 -0.22573999E-29
  0.25506909E+14 -0.40122886E-30 -0.21830423E-29
  0.25553455E+14 -0.44455909E-30 -0.21139270E-29
  0.25600000E+14 -0.48594244E-30 -0.20492305E-29
  0.25646545E+14 -0.52290180E-30 -0.19891535E-29
  0.25693091E+14 -0.56015471E-30 -0.19315892E-29
  0.25739636E+14 -0.59362522E-30 -0.18783422E-29
  0.25786182E+14 -0.62721578E-30 -0.18278667E-29
  0.25832727E+14 -0.65778465E-30 -0.17814845E-29
  0.25879273E+14 -0.68702837E-30 -0.17371763E-29
  0.25925818E+14 -0.71558465E-30 -0.16964345E-29
  0.25972364E+14 -0.74108548E-30 -0.16577932E-29
  0.26018909E+14 -0.76729013E-30 -0.16220136E-29
  0.26065455E+14 -0.79004998E-30 -0.15886988E-29
  0.26112000E+14 -0.81334985E-30 -0.15569035E-29
  0.26158545E+14 -0.83402924E-30 -0.15286975E-29
  0.26205091E+14 -0.85361078E-30 -0.15008013E-29
  0.26251636E+14 -0.87305696E-30 -0.14754784E-29
  0.26298182E+14 -0.89041063E-30 -0.14524912E-29
  0.26344727E+14 -0.90652379E-30 -0.14302874E-29
  0.26391273E+14 -0.92181157E-30 -0.14099890E-29
  0.26437818E+14 -0.93615147E-30 -0.13911209E-29
  0.26484364E+14 -0.94899319E-30 -0.13739565E-29
  0.26530909E+14 -0.96110830E-30 -0.13569489E-29
  0.26577455E+14 -0.97299481E-30 -0.13423807E-29
  0.26624000E+14 -0.98231364E-30 -0.13287626E-29
  0.26670545E+14 -0.99164181E-30 -0.13155634E-29
  0.26717091E+14 -0.99995926E-30 -0.13038453E-29
  0.26763636E+14 -0.10072264E-29 -0.12930150E-29
  0.26810182E+14 -0.10134071E-29 -0.12828519E-29
  0.26856727E+14 -0.10193606E-29 -0.12731772E-29
  0.26903273E+14 -0.10244312E-29 -0.12653786E-29
  0.26949818E+14 -0.10273515E-29 -0.12573478E-29
  0.26996364E+14 -0.10311333E-29 -0.12496085E-29
  0.27042909E+14 -0.10335057E-29 -0.12438921E-29
  0.27089455E+14 -0.10344158E-29 -0.12371079E-29
  0.27136000E+14 -0.10359836E-29 -0.12313323E-29
  0.27182545E+14 -0.10359482E-29 -0.12265403E-29
  0.27229091E+14 -0.10351733E-29 -0.12218286E-29
  0.27275636E+14 -0.10335767E-29 -0.12172014E-29
  0.27322182E+14 -0.10322923E-29 -0.12129313E-29
  0.27368727E+14 -0.10293830E-29 -0.12098335E-29
  0.27415273E+14 -0.10256305E-29 -0.12053097E-29
  0.27461818E+14 -0.10227814E-29 -0.12019892E-29
  0.27508364E+14 -0.10177773E-29 -0.11993394E-29
  0.27554909E+14 -0.10128394E-29 -0.11958341E-29
  0.27601455E+14 -0.10072369E-29 -0.11929874E-29
  0.27648000E+14 -0.10013485E-29 -0.11898828E-29
  0.27694545E+14 -0.99486552E-30 -0.11873797E-29
  0.27741091E+14 -0.98732269E-30 -0.11840023E-29
  0.27787636E+14 -0.98037217E-30 -0.11810478E-29
  0.27834182E+14 -0.97209307E-30 -0.11784318E-29
  0.27880727E+14 -0.96400935E-30 -0.11752692E-29
  0.27927273E+14 -0.95478455E-30 -0.11724154E-29
  0.27973818E+14 -0.94584770E-30 -0.11686881E-29
  0.28020364E+14 -0.93672816E-30 -0.11657694E-29
  0.28066909E+14 -0.92630947E-30 -0.11620041E-29
  0.28113455E+14 -0.91638536E-30 -0.11582309E-29
  0.28160000E+14 -0.90590249E-30 -0.11540029E-29
  0.28206545E+14 -0.89576642E-30 -0.11502669E-29
  0.28253091E+14 -0.88372062E-30 -0.11461322E-29
  0.28299636E+14 -0.87327490E-30 -0.11406148E-29
  0.28346182E+14 -0.86203012E-30 -0.11365326E-29
  0.28392727E+14 -0.84993152E-30 -0.11307580E-29
  0.28439273E+14 -0.83897390E-30 -0.11253759E-29
  0.28485818E+14 -0.82681983E-30 -0.11193638E-29
  0.28532364E+14 -0.81548923E-30 -0.11130689E-29
  0.28578909E+14 -0.80344269E-30 -0.11069920E-29
  0.28625455E+14 -0.79112366E-30 -0.11000213E-29
  0.28672000E+14 -0.77952547E-30 -0.10922178E-29
  0.28718545E+14 -0.76805422E-30 -0.10854301E-29
  0.28765091E+14 -0.75517086E-30 -0.10770705E-29
  0.28811636E+14 -0.74458591E-30 -0.10684390E-29
  0.28858182E+14 -0.73187139E-30 -0.10601231E-29
  0.28904727E+14 -0.72172364E-30 -0.10503074E-29
  0.28951273E+14 -0.70969197E-30 -0.10422219E-29
  0.28997818E+14 -0.69856734E-30 -0.10306303E-29
  0.29044364E+14 -0.68839980E-30 -0.10216208E-29
  0.29090909E+14 -0.67664414E-30 -0.10102679E-29
  0.29137455E+14 -0.66781728E-30 -0.99926294E-30
  0.29184000E+14 -0.65698478E-30 -0.98804332E-30
  0.29230545E+14 -0.64835908E-30 -0.97555847E-30
  0.29277091E+14 -0.63917209E-30 -0.96489317E-30
  0.29323636E+14 -0.62946005E-30 -0.95090007E-30
  0.29370182E+14 -0.62313958E-30 -0.93895408E-30
  0.29416727E+14 -0.61337361E-30 -0.92568105E-30
  0.29463273E+14 -0.60851995E-30 -0.91198941E-30
  0.29509818E+14 -0.59928301E-30 -0.89890043E-30
  0.29556364E+14 -0.59642010E-30 -0.88355685E-30
  0.29602909E+14 -0.58907859E-30 -0.87111779E-30
  0.29649455E+14 -0.58584580E-30 -0.85507089E-30
  0.29696000E+14 -0.58099552E-30 -0.84193602E-30
  0.29742545E+14 -0.57922523E-30 -0.82561799E-30
  0.29789091E+14 -0.57607720E-30 -0.81246578E-30
  0.29835636E+14 -0.57505078E-30 -0.79556634E-30
  0.29882182E+14 -0.57447885E-30 -0.78211683E-30
  0.29928727E+14 -0.57529085E-30 -0.76570173E-30
  0.29975273E+14 -0.57641405E-30 -0.75256282E-30
  0.30021818E+14 -0.57924025E-30 -0.73547271E-30
  0.30068364E+14 -0.58227016E-30 -0.72304943E-30
  0.30114909E+14 -0.58733048E-30 -0.70647283E-30
  0.30161455E+14 -0.59126310E-30 -0.69382655E-30
  0.30208000E+14 -0.60038965E-30 -0.67847098E-30
  0.30254545E+14 -0.60575697E-30 -0.66579863E-30
  0.30301091E+14 -0.61736213E-30 -0.65306360E-30
  0.30347636E+14 -0.62597035E-30 -0.63922076E-30
  0.30394182E+14 -0.63885476E-30 -0.62967592E-30
  0.30440727E+14 -0.65228344E-30 -0.61654447E-30
  0.30487273E+14 -0.66468476E-30 -0.60779655E-30
  0.30533818E+14 -0.68332284E-30 -0.59828586E-30
  0.30580364E+14 -0.69826525E-30 -0.59031822E-30
  0.30626909E+14 -0.71748363E-30 -0.58422601E-30
  0.30673455E+14 -0.73871064E-30 -0.57877791E-30
  0.30720000E+14 -0.75812256E-30 -0.57503746E-30
  0.30766545E+14 -0.78181564E-30 -0.57424709E-30
  0.30813091E+14 -0.80751495E-30 -0.57409878E-30
  0.30859636E+14 -0.83127075E-30 -0.57678497E-30
  0.30906182E+14 -0.85855986E-30 -0.58206955E-30
  0.30952727E+14 -0.88848929E-30 -0.59045236E-30
  0.30999273E+14 -0.91887706E-30 -0.60182268E-30
  0.31045818E+14 -0.95026740E-30 -0.61635192E-30
  0.31092364E+14 -0.98150116E-30 -0.63585749E-30
  0.31138909E+14 -0.10146661E-29 -0.65964720E-30
  0.31185455E+14 -0.10502657E-29 -0.68816507E-30
  0.31232000E+14 -0.10844903E-29 -0.72200541E-30
  0.31278545E+14 -0.11192400E-29 -0.76422843E-30
  0.31325091E+14 -0.11549288E-29 -0.81290406E-30
  0.31371636E+14 -0.11875714E-29 -0.86995782E-30
  0.31418182E+14 -0.12212769E-29 -0.93769951E-30
  0.31464727E+14 -0.12472313E-29 -0.10191589E-29
  0.31511273E+14 -0.12680383E-29 -0.11124723E-29
  0.31557818E+14 -0.12852053E-29 -0.12262833E-29
  0.31604364E+14 -0.12830402E-29 -0.13598789E-29
  0.31650909E+14 -0.12661125E-29 -0.15263970E-29
  0.31697455E+14 -0.11921536E-29 -0.17315175E-29
  0.31744000E+14 -0.10374685E-29 -0.20005270E-29
  0.31790545E+14 -0.36488789E-30 -0.21249667E-29
  0.31837091E+14 -0.38122134E-30 -0.17356644E-29
  0.31883636E+14 -0.31647036E-30 -0.17549865E-29
  0.31930182E+14 -0.12231399E-30 -0.17493130E-29
  0.31976727E+14  0.00000000E+00 -0.15257822E-29
  0.32023273E+14  0.00000000E+00 -0.14049928E-29
  0.32069818E+14  0.00000000E+00 -0.13219799E-29
  0.32116364E+14  0.00000000E+00 -0.12571069E-29
  0.32162909E+14  0.00000000E+00 -0.12034742E-29
  0.32209455E+14  0.00000000E+00 -0.11576351E-29
  0.32256000E+14  0.00000000E+00 -0.11175647E-29
  0.32302545E+14  0.00000000E+00 -0.10819538E-29
  0.32349091E+14  0.00000000E+00 -0.10499007E-29
  0.32395636E+14  0.00000000E+00 -0.10207554E-29
  0.32442182E+14  0.00000000E+00 -0.99403213E-30
  0.32488727E+14  0.00000000E+00 -0.96935845E-30
  0.32535273E+14  0.00000000E+00 -0.94644186E-30
  0.32581818E+14  0.00000000E+00 -0.92504851E-30
  0.32628364E+14  0.00000000E+00 -0.90498844E-30
  0.32674909E+14  0.00000000E+00 -0.88610521E-30
  0.32721455E+14  0.00000000E+00 -0.86826849E-30
  0.32768000E+14  0.00000000E+00 -0.85136853E-30
  0.32814545E+14  0.00000000E+00 -0.83531204E-30
  0.32861091E+14  0.00000000E+00 -0.82001912E-30
  0.32907636E+14  0.00000000E+00 -0.80542075E-30
  0.32954182E+14  0.00000000E+00 -0.79145697E-30
  0.33000727E+14  0.00000000E+00 -0.77807530E-30
  0.33047273E+14  0.00000000E+00 -0.76522962E-30
  0.33093818E+14  0.00000000E+00 -0.75287914E-30
  0.33140364E+14  0.00000000E+00 -0.74098761E-30
  0.33186909E+14  0.00000000E+00 -0.72952268E-30
  0.33233455E+14  0.00000000E+00 -0.71845539E-30
  0.33280000E+14  0.00000000E+00 -0.70775966E-30
  0.33326545E+14  0.00000000E+00 -0.69741197E-30
  0.33373091E+14  0.00000000E+00 -0.68739098E-30
  0.33419636E+14  0.00000000E+00 -0.67767733E-30
  0.33466182E+14  0.00000000E+00 -0.66825337E-30
  0.33512727E+14  0.00000000E+00 -0.65910296E-30
  0.33559273E+14  0.00000000E+00 -0.65021130E-30
  0.33605818E+14  0.00000000E+00 -0.64156481E-30
  0.33652364E+14  0.00000000E+00 -0.63315098E-30
  0.33698909E+14  0.00000000E+00 -0.62495826E-30
  0.33745455E+14  0.00000000E+00 -0.61697596E-30
  0.33792000E+14  0.00000000E+00 -0.60919418E-30
  0.33838545E+14  0.00000000E+00 -0.60160372E-30
  0.33885091E+14  0.00000000E+00 -0.59419604E-30
  0.33931636E+14  0.00000000E+00 -0.58696315E-30
  0.33978182E+14  0.00000000E+00 -0.57989761E-30
  0.34024727E+14  0.00000000E+00 -0.57299245E-30
  0.34071273E+14  0.00000000E+00 -0.56624115E-30
  0.34117818E+14  0.00000000E+00 -0.55963760E-30
  0.34164364E+14  0.00000000E+00 -0.55317604E-30
  0.34210909E+14  0.00000000E+00 -0.54685108E-30
  0.34257455E+14  0.00000000E+00 -0.54065761E-30
  0.34304000E+14  0.00000000E+00 -0.53459084E-30
  0.34350545E+14  0.00000000E+00 -0.52864624E-30
  0.34397091E+14  0.00000000E+00 -0.52281951E-30
  0.34443636E+14  0.00000000E+00 -0.51710660E-30
  0.34490182E+14  0.00000000E+00 -0.51150366E-30
  0.34536727E+14  0.00000000E+00 -0.50600706E-30
  0.34583273E+14  0.00000000E+00 -0.50061333E-30
  0.34629818E+14  0.00000000E+00 -0.49531918E-30
  0.34676364E+14  0.00000000E+00 -0.49012149E-30
  0.34722909E+14  0.00000000E+00 -0.48501726E-30
  0.34769455E+14  0.00000000E+00 -0.48000368E-30
  0.34816000E+14  0.00000000E+00 -0.47507802E-30
  0.34862545E+14  0.00000000E+00 -0.47023771E-30
  0.34909091E+14  0.00000000E+00 -0.46548028E-30
  0.34955636E+14  0.00000000E+00 -0.46080337E-30
  0.35002182E+14  0.00000000E+00 -0.45620471E-30
  0.35048727E+14  0.00000000E+00 -0.45168215E-30
  0.35095273E+14  0.00000000E+00 -0.44723362E-30
  0.35141818E+14  0.00000000E+00 -0.44285714E-30
  0.35188364E+14  0.00000000E+00 -0.43855078E-30
  0.35234909E+14  0.00000000E+00 -0.43431274E-30
  0.35281455E+14  0.00000000E+00 -0.43014124E-30
  0.35328000E+14  0.00000000E+00 -0.42603461E-30
  0.35374545E+14  0.00000000E+00 -0.42199122E-30
  0.35421091E+14  0.00000000E+00 -0.41800950E-30
  0.35467636E+14  0.00000000E+00 -0.41408794E-30
  0.35514182E+14  0.00000000E+00 -0.41022511E-30
  0.35560727E+14  0.00000000E+00 -0.40641961E-30
  0.35607273E+14  0.00000000E+00 -0.40267007E-30
  0.35653818E+14  0.00000000E+00 -0.39897521E-30
  0.35700364E+14  0.00000000E+00 -0.39533377E-30
  0.35746909E+14  0.00000000E+00 -0.39174454E-30
  0.35793455E+14  0.00000000E+00 -0.38820635E-30
  0.35840000E+14  0.00000000E+00 -0.38471806E-30
  0.35886545E+14  0.00000000E+00 -0.38127858E-30
  0.35933091E+14  0.00000000E+00 -0.37788685E-30
  0.35979636E+14  0.00000000E+00 -0.37454184E-30
  0.36026182E+14  0.00000000E+00 -0.37124257E-30
  0.36072727E+14  0.00000000E+00 -0.36798807E-30
  0.36119273E+14  0.00000000E+00 -0.36477740E-30
  0.36165818E+14  0.00000000E+00 -0.36160968E-30
  0.36212364E+14  0.00000000E+00 -0.35848401E-30
  0.36258909E+14  0.00000000E+00 -0.35539956E-30
  0.36305455E+14  0.00000000E+00 -0.35235549E-30
  0.36352000E+14  0.00000000E+00 -0.34935100E-30
  0.36398545E+14  0.00000000E+00 -0.34638533E-30
  0.36445091E+14  0.00000000E+00 -0.34345770E-30
  0.36491636E+14  0.00000000E+00 -0.34056740E-30
  0.36538182E+14  0.00000000E+00 -0.33771371E-30
  0.36584727E+14  0.00000000E+00 -0.33489593E-30
  0.36631273E+14  0.00000000E+00 -0.33211338E-30
  0.36677818E+14  0.00000000E+00 -0.32936543E-30
  0.36724364E+14  0.00000000E+00 -0.32665141E-30
  0.36770909E+14  0.00000000E+00 -0.32397072E-30
  0.36817455E+14  0.00000000E+00 -0.32132275E-30
  0.36864000E+14  0.00000000E+00 -0.31870691E-30
  0.36910545E+14  0.00000000E+00 -0.31612263E-30
  0.36957091E+14  0.00000000E+00 -0.31356934E-30
  0.37003636E+14  0.00000000E+00 -0.31104651E-30
  0.37050182E+14  0.00000000E+00 -0.30855359E-30
  0.37096727E+14  0.00000000E+00 -0.30609008E-30
  0.37143273E+14  0.00000000E+00 -0.30365547E-30
  0.37189818E+14  0.00000000E+00 -0.30124926E-30
  0.37236364E+14  0.00000000E+00 -0.29887097E-30
  0.37282909E+14  0.00000000E+00 -0.29652013E-30
  0.37329455E+14  0.00000000E+00 -0.29419630E-30
  0.37376000E+14  0.00000000E+00 -0.29189900E-30
  0.37422545E+14  0.00000000E+00 -0.28962783E-30
  0.37469091E+14  0.00000000E+00 -0.28738233E-30
  0.37515636E+14  0.00000000E+00 -0.28516210E-30
  0.37562182E+14  0.00000000E+00 -0.28296673E-30
  0.37608727E+14  0.00000000E+00 -0.28079582E-30
  0.37655273E+14  0.00000000E+00 -0.27864899E-30
  0.37701818E+14  0.00000000E+00 -0.27652584E-30
  0.37748364E+14  0.00000000E+00 -0.27442602E-30
  0.37794909E+14  0.00000000E+00 -0.27234914E-30
  0.37841455E+14  0.00000000E+00 -0.27029487E-30
  0.37888000E+14  0.00000000E+00 -0.26826285E-30
  0.37934545E+14  0.00000000E+00 -0.26625274E-30
  0.37981091E+14  0.00000000E+00 -0.26426420E-30
  0.38027636E+14  0.00000000E+00 -0.26229691E-30
  0.38074182E+14  0.00000000E+00 -0.26035055E-30
  0.38120727E+14  0.00000000E+00 -0.25842481E-30
  0.38167273E+14  0.00000000E+00 -0.25651937E-30
  0.38213818E+14  0.00000000E+00 -0.25463394E-30
  0.38260364E+14  0.00000000E+00 -0.25276823E-30
  0.38306909E+14  0.00000000E+00 -0.25092195E-30
  0.38353455E+14  0.00000000E+00 -0.24909480E-30
  0.38400000E+14  0.00000000E+00 -0.24728653E-30
  0.38446545E+14  0.00000000E+00 -0.24549685E-30
  0.38493091E+14  0.00000000E+00 -0.24372549E-30
  0.38539636E+14  0.00000000E+00 -0.24197221E-30
  0.38586182E+14  0.00000000E+00 -0.24023674E-30
  0.38632727E+14  0.00000000E+00 -0.23851883E-30
  0.38679273E+14  0.00000000E+00 -0.23681823E-30
  0.38725818E+14  0.00000000E+00 -0.23513471E-30
  0.38772364E+14  0.00000000E+00 -0.23346803E-30
  0.38818909E+14  0.00000000E+00 -0.23181795E-30
  0.38865455E+14  0.00000000E+00 -0.23018425E-30
  0.38912000E+14  0.00000000E+00 -0.22856670E-30
  0.38958545E+14  0.00000000E+00 -0.22696509E-30
  0.39005091E+14  0.00000000E+00 -0.22537919E-30
  0.39051636E+14  0.00000000E+00 -0.22380880E-30
  0.39098182E+14  0.00000000E+00 -0.22225371E-30
  0.39144727E+14  0.00000000E+00 -0.22071371E-30
  0.39191273E+14  0.00000000E+00 -0.21918861E-30
  0.39237818E+14  0.00000000E+00 -0.21767821E-30
  0.39284364E+14  0.00000000E+00 -0.21618231E-30
  0.39330909E+14  0.00000000E+00 -0.21470072E-30
  0.39377455E+14  0.00000000E+00 -0.21323326E-30
  0.39424000E+14  0.00000000E+00 -0.21177975E-30
  0.39470545E+14  0.00000000E+00 -0.21034000E-30
  0.39517091E+14  0.00000000E+00 -0.20891383E-30
  0.39563636E+14  0.00000000E+00 -0.20750108E-30
  0.39610182E+14  0.00000000E+00 -0.20610158E-30
  0.39656727E+14  0.00000000E+00 -0.20471514E-30
  0.39703273E+14  0.00000000E+00 -0.20334162E-30
  0.39749818E+14  0.00000000E+00 -0.20198084E-30
  0.39796364E+14  0.00000000E+00 -0.20063265E-30
  0.39842909E+14  0.00000000E+00 -0.19929689E-30
  0.39889455E+14  0.00000000E+00 -0.19797340E-30
  0.39936000E+14  0.00000000E+00 -0.19666203E-30
  0.39982545E+14  0.00000000E+00 -0.19536264E-30
  0.40029091E+14  0.00000000E+00 -0.19407508E-30
  0.40075636E+14  0.00000000E+00 -0.19279920E-30
  0.40122182E+14  0.00000000E+00 -0.19153485E-30
  0.40168727E+14  0.00000000E+00 -0.19028191E-30
  0.40215273E+14  0.00000000E+00 -0.18904023E-30
  0.40261818E+14  0.00000000E+00 -0.18780967E-30
  0.40308364E+14  0.00000000E+00 -0.18659011E-30
  0.40354909E+14  0.00000000E+00 -0.18538141E-30
  0.40401455E+14  0.00000000E+00 -0.18418344E-30
  0.40448000E+14  0.00000000E+00 -0.18299607E-30
  0.40494545E+14  0.00000000E+00 -0.18181919E-30
  0.40541091E+14  0.00000000E+00 -0.18065266E-30
  0.40587636E+14  0.00000000E+00 -0.17949636E-30
  0.40634182E+14  0.00000000E+00 -0.17835018E-30
  0.40680727E+14  0.00000000E+00 -0.17721400E-30
  0.40727273E+14  0.00000000E+00 -0.17608770E-30
  0.40773818E+14  0.00000000E+00 -0.17497116E-30
  0.40820364E+14  0.00000000E+00 -0.17386428E-30
  0.40866909E+14  0.00000000E+00 -0.17276695E-30
  0.40913455E+14  0.00000000E+00 -0.17167905E-30
  0.40960000E+14  0.00000000E+00 -0.17060047E-30
  0.41006545E+14  0.00000000E+00 -0.16953112E-30
  0.41053091E+14  0.00000000E+00 -0.16847088E-30
  0.41099636E+14  0.00000000E+00 -0.16741966E-30
  0.41146182E+14  0.00000000E+00 -0.16637735E-30
  0.41192727E+14  0.00000000E+00 -0.16534386E-30
  0.41239273E+14  0.00000000E+00 -0.16431908E-30
  0.41285818E+14  0.00000000E+00 -0.16330291E-30
  0.41332364E+14  0.00000000E+00 -0.16229527E-30
  0.41378909E+14  0.00000000E+00 -0.16129606E-30
  0.41425455E+14  0.00000000E+00 -0.16030518E-30
  0.41472000E+14  0.00000000E+00 -0.15932254E-30
  0.41518545E+14  0.00000000E+00 -0.15834806E-30
  0.41565091E+14  0.00000000E+00 -0.15738164E-30
  0.41611636E+14  0.00000000E+00 -0.15642319E-30
  0.41658182E+14  0.00000000E+00 -0.15547264E-30
  0.41704727E+14  0.00000000E+00 -0.15452989E-30
  0.41751273E+14  0.00000000E+00 -0.15359487E-30
  0.41797818E+14  0.00000000E+00 -0.15266748E-30
  0.41844364E+14  0.00000000E+00 -0.15174764E-30
  0.41890909E+14  0.00000000E+00 -0.15083528E-30
  0.41937455E+14  0.00000000E+00 -0.14993032E-30
  0.41984000E+14  0.00000000E+00 -0.14903267E-30
  0.42030545E+14  0.00000000E+00 -0.14814227E-30
  0.42077091E+14  0.00000000E+00 -0.14725903E-30
  0.42123636E+14  0.00000000E+00 -0.14638287E-30
  0.42170182E+14  0.00000000E+00 -0.14551373E-30
  0.42216727E+14  0.00000000E+00 -0.14465153E-30
  0.42263273E+14  0.00000000E+00 -0.14379620E-30
  0.42309818E+14  0.00000000E+00 -0.14294766E-30
  0.42356364E+14  0.00000000E+00 -0.14210585E-30
  0.42402909E+14  0.00000000E+00 -0.14127070E-30
  0.42449455E+14  0.00000000E+00 -0.14044214E-30
  0.42496000E+14  0.00000000E+00 -0.13962010E-30
  0.42542545E+14  0.00000000E+00 -0.13880451E-30
  0.42589091E+14  0.00000000E+00 -0.13799531E-30
  0.42635636E+14  0.00000000E+00 -0.13719243E-30
  0.42682182E+14  0.00000000E+00 -0.13639581E-30
  0.42728727E+14  0.00000000E+00 -0.13560539E-30
  0.42775273E+14  0.00000000E+00 -0.13482110E-30
  0.42821818E+14  0.00000000E+00 -0.13404288E-30
  0.42868364E+14  0.00000000E+00 -0.13327067E-30
  0.42914909E+14  0.00000000E+00 -0.13250441E-30
  0.42961455E+14  0.00000000E+00 -0.13174404E-30
  0.43008000E+14  0.00000000E+00 -0.13098950E-30
  0.43054545E+14  0.00000000E+00 -0.13024074E-30
  0.43101091E+14  0.00000000E+00 -0.12949769E-30
  0.43147636E+14  0.00000000E+00 -0.12876031E-30
  0.43194182E+14  0.00000000E+00 -0.12802852E-30
  0.43240727E+14  0.00000000E+00 -0.12730229E-30
  0.43287273E+14  0.00000000E+00 -0.12658155E-30
  0.43333818E+14  0.00000000E+00 -0.12586626E-30
  0.43380364E+14  0.00000000E+00 -0.12515635E-30
  0.43426909E+14  0.00000000E+00 -0.12445178E-30
  0.43473455E+14  0.00000000E+00 -0.12375249E-30
  0.43520000E+14  0.00000000E+00 -0.12305843E-30
  0.43566545E+14  0.00000000E+00 -0.12236956E-30
  0.43613091E+14  0.00000000E+00 -0.12168582E-30
  0.43659636E+14  0.00000000E+00 -0.12100716E-30
  0.43706182E+14  0.00000000E+00 -0.12033354E-30
  0.43752727E+14  0.00000000E+00 -0.11966490E-30
  0.43799273E+14  0.00000000E+00 -0.11900120E-30
  0.43845818E+14  0.00000000E+00 -0.11834240E-30
  0.43892364E+14  0.00000000E+00 -0.11768844E-30
  0.43938909E+14  0.00000000E+00 -0.11703928E-30
  0.43985455E+14  0.00000000E+00 -0.11639487E-30
  0.44032000E+14  0.00000000E+00 -0.11575517E-30
  0.44078545E+14  0.00000000E+00 -0.11512014E-30
  0.44125091E+14  0.00000000E+00 -0.11448973E-30
  0.44171636E+14  0.00000000E+00 -0.11386390E-30
  0.44218182E+14  0.00000000E+00 -0.11324261E-30
  0.44264727E+14  0.00000000E+00 -0.11262581E-30
  0.44311273E+14  0.00000000E+00 -0.11201346E-30
  0.44357818E+14  0.00000000E+00 -0.11140552E-30
  0.44404364E+14  0.00000000E+00 -0.11080195E-30
  0.44450909E+14  0.00000000E+00 -0.11020271E-30
  0.44497455E+14  0.00000000E+00 -0.10960776E-30
  0.44544000E+14  0.00000000E+00 -0.10901707E-30
  0.44590545E+14  0.00000000E+00 -0.10843058E-30
  0.44637091E+14  0.00000000E+00 -0.10784827E-30
  0.44683636E+14  0.00000000E+00 -0.10727009E-30
  0.44730182E+14  0.00000000E+00 -0.10669601E-30
  0.44776727E+14  0.00000000E+00 -0.10612599E-30
  0.44823273E+14  0.00000000E+00 -0.10556000E-30
  0.44869818E+14  0.00000000E+00 -0.10499799E-30
  0.44916364E+14  0.00000000E+00 -0.10443993E-30
  0.44962909E+14  0.00000000E+00 -0.10388580E-30
  0.45009455E+14  0.00000000E+00 -0.10333554E-30
  0.45056000E+14  0.00000000E+00 -0.10278913E-30
  0.45102545E+14  0.00000000E+00 -0.10224653E-30
  0.45149091E+14  0.00000000E+00 -0.10170771E-30
  0.45195636E+14  0.00000000E+00 -0.10117263E-30
  0.45242182E+14  0.00000000E+00 -0.10064126E-30
  0.45288727E+14  0.00000000E+00 -0.10011358E-30
  0.45335273E+14  0.00000000E+00 -0.99589538E-31
  0.45381818E+14  0.00000000E+00 -0.99069112E-31
  0.45428364E+14  0.00000000E+00 -0.98552268E-31
  0.45474909E+14  0.00000000E+00 -0.98038975E-31
  0.45521455E+14  0.00000000E+00 -0.97529202E-31
  0.45568000E+14  0.00000000E+00 -0.97022919E-31
  0.45614545E+14  0.00000000E+00 -0.96520094E-31
  0.45661091E+14  0.00000000E+00 -0.96020698E-31
  0.45707636E+14  0.00000000E+00 -0.95524700E-31
  0.45754182E+14  0.00000000E+00 -0.95032073E-31
  0.45800727E+14  0.00000000E+00 -0.94542786E-31
  0.45847273E+14  0.00000000E+00 -0.94056810E-31
  0.45893818E+14  0.00000000E+00 -0.93574118E-31
  0.45940364E+14  0.00000000E+00 -0.93094680E-31
  0.45986909E+14  0.00000000E+00 -0.92618470E-31
  0.46033455E+14  0.00000000E+00 -0.92145459E-31
  0.46080000E+14  0.00000000E+00 -0.91675621E-31
  0.46126545E+14  0.00000000E+00 -0.91208928E-31
  0.46173091E+14  0.00000000E+00 -0.90745353E-31
  0.46219636E+14  0.00000000E+00 -0.90284871E-31
  0.46266182E+14  0.00000000E+00 -0.89827454E-31
  0.46312727E+14  0.00000000E+00 -0.89373078E-31
  0.46359273E+14  0.00000000E+00 -0.88921716E-31
  0.46405818E+14  0.00000000E+00 -0.88473343E-31
  0.46452364E+14  0.00000000E+00 -0.88027934E-31
  0.46498909E+14  0.00000000E+00 -0.87585464E-31
  0.46545455E+14  0.00000000E+00 -0.87145909E-31
  0.46592000E+14  0.00000000E+00 -0.86709245E-31
  0.46638545E+14  0.00000000E+00 -0.86275446E-31
  0.46685091E+14  0.00000000E+00 -0.85844491E-31
  0.46731636E+14  0.00000000E+00 -0.85416354E-31
  0.46778182E+14  0.00000000E+00 -0.84991012E-31
  0.46824727E+14  0.00000000E+00 -0.84568443E-31
  0.46871273E+14  0.00000000E+00 -0.84148624E-31
  0.46917818E+14  0.00000000E+00 -0.83731532E-31
  0.46964364E+14  0.00000000E+00 -0.83317144E-31
  0.47010909E+14  0.00000000E+00 -0.82905439E-31
  0.47057455E+14  0.00000000E+00 -0.82496394E-31
  0.47104000E+14  0.00000000E+00 -0.82089988E-31
  0.47150545E+14  0.00000000E+00 -0.81686199E-31
  0.47197091E+14  0.00000000E+00 -0.81285007E-31
  0.47243636E+14  0.00000000E+00 -0.80886389E-31
  0.47290182E+14  0.00000000E+00 -0.80490325E-31
  0.47336727E+14  0.00000000E+00 -0.80096795E-31
  0.47383273E+14  0.00000000E+00 -0.79705778E-31
  0.47429818E+14  0.00000000E+00 -0.79317253E-31
  0.47476364E+14  0.00000000E+00 -0.78931201E-31
  0.47522909E+14  0.00000000E+00 -0.78547602E-31
  0.47569455E+14  0.00000000E+00 -0.78166436E-31
  0.47616000E+14  0.00000000E+00 -0.77787684E-31
  0.47662545E+14  0.00000000E+00 -0.77411327E-31
  0.47709091E+14  0.00000000E+00 -0.77037344E-31
  0.47755636E+14  0.00000000E+00 -0.76665718E-31
  0.47802182E+14  0.00000000E+00 -0.76296430E-31
  0.47848727E+14  0.00000000E+00 -0.75929462E-31
  0.47895273E+14  0.00000000E+00 -0.75564794E-31
  0.47941818E+14  0.00000000E+00 -0.75202409E-31
  0.47988364E+14  0.00000000E+00 -0.74842289E-31
  0.48034909E+14  0.00000000E+00 -0.74484416E-31
  0.48081455E+14  0.00000000E+00 -0.74128772E-31
  0.48128000E+14  0.00000000E+00 -0.73775340E-31
  0.48174545E+14  0.00000000E+00 -0.73424102E-31
  0.48221091E+14  0.00000000E+00 -0.73075042E-31
  0.48267636E+14  0.00000000E+00 -0.72728142E-31
  0.48314182E+14  0.00000000E+00 -0.72383386E-31
  0.48360727E+14  0.00000000E+00 -0.72040757E-31
  0.48407273E+14  0.00000000E+00 -0.71700239E-31
  0.48453818E+14  0.00000000E+00 -0.71361814E-31
  0.48500364E+14  0.00000000E+00 -0.71025468E-31
  0.48546909E+14  0.00000000E+00 -0.70691183E-31
  0.48593455E+14  0.00000000E+00 -0.70358945E-31
  0.48640000E+14  0.00000000E+00 -0.70028737E-31
  0.48686545E+14  0.00000000E+00 -0.69700544E-31
  0.48733091E+14  0.00000000E+00 -0.69374350E-31
  0.48779636E+14  0.00000000E+00 -0.69050140E-31
  0.48826182E+14  0.00000000E+00 -0.68727899E-31
  0.48872727E+14  0.00000000E+00 -0.68407612E-31
  0.48919273E+14  0.00000000E+00 -0.68089263E-31
  0.48965818E+14  0.00000000E+00 -0.67772840E-31
  0.49012364E+14  0.00000000E+00 -0.67458326E-31
  0.49058909E+14  0.00000000E+00 -0.67145707E-31
  0.49105455E+14  0.00000000E+00 -0.66834969E-31
  0.49152000E+14  0.00000000E+00 -0.66526098E-31
  0.49198545E+14  0.00000000E+00 -0.66219080E-31
  0.49245091E+14  0.00000000E+00 -0.65913900E-31
  0.49291636E+14  0.00000000E+00 -0.65610545E-31
  0.49338182E+14  0.00000000E+00 -0.65309002E-31
  0.49384727E+14  0.00000000E+00 -0.65009257E-31
  0.49431273E+14  0.00000000E+00 -0.64711295E-31
  0.49477818E+14  0.00000000E+00 -0.64415105E-31
  0.49524364E+14  0.00000000E+00 -0.64120673E-31
  0.49570909E+14  0.00000000E+00 -0.63827986E-31
  0.49617455E+14  0.00000000E+00 -0.63537030E-31
  0.49664000E+14  0.00000000E+00 -0.63247793E-31
  0.49710545E+14  0.00000000E+00 -0.62960263E-31
  0.49757091E+14  0.00000000E+00 -0.62674427E-31
  0.49803636E+14  0.00000000E+00 -0.62390271E-31
  0.49850182E+14  0.00000000E+00 -0.62107785E-31
  0.49896727E+14  0.00000000E+00 -0.61826955E-31
  0.49943273E+14  0.00000000E+00 -0.61547770E-31
  0.49989818E+14  0.00000000E+00 -0.61270217E-31
  0.50036364E+14  0.00000000E+00 -0.60994284E-31
  0.50082909E+14  0.00000000E+00 -0.60719961E-31
  0.50129455E+14  0.00000000E+00 -0.60447234E-31
  0.50176000E+14  0.00000000E+00 -0.60176093E-31
  0.50222545E+14  0.00000000E+00 -0.59906525E-31
  0.50269091E+14  0.00000000E+00 -0.59638520E-31
  0.50315636E+14  0.00000000E+00 -0.59372066E-31
  0.50362182E+14  0.00000000E+00 -0.59107152E-31
  0.50408727E+14  0.00000000E+00 -0.58843766E-31
  0.50455273E+14  0.00000000E+00 -0.58581899E-31
  0.50501818E+14  0.00000000E+00 -0.58321538E-31
  0.50548364E+14  0.00000000E+00 -0.58062673E-31
  0.50594909E+14  0.00000000E+00 -0.57805294E-31
  0.50641455E+14  0.00000000E+00 -0.57549389E-31
  0.50688000E+14  0.00000000E+00 -0.57294948E-31
  0.50734545E+14  0.00000000E+00 -0.57041961E-31
  0.50781091E+14  0.00000000E+00 -0.56790417E-31
  0.50827636E+14  0.00000000E+00 -0.56540307E-31
  0.50874182E+14  0.00000000E+00 -0.56291619E-31
  0.50920727E+14  0.00000000E+00 -0.56044344E-31
  0.50967273E+14  0.00000000E+00 -0.55798471E-31
  0.51013818E+14  0.00000000E+00 -0.55553992E-31
  0.51060364E+14  0.00000000E+00 -0.55310895E-31
  0.51106909E+14  0.00000000E+00 -0.55069172E-31
  0.51153455E+14  0.00000000E+00 -0.54828812E-31
  0.51200000E+14  0.00000000E+00 -0.54589806E-31
  0.51246545E+14  0.00000000E+00 -0.54352145E-31
  0.51293091E+14  0.00000000E+00 -0.54115819E-31
  0.51339636E+14  0.00000000E+00 -0.53880819E-31
  0.51386182E+14  0.00000000E+00 -0.53647135E-31
  0.51432727E+14  0.00000000E+00 -0.53414758E-31
  0.51479273E+14  0.00000000E+00 -0.53183680E-31
  0.51525818E+14  0.00000000E+00 -0.52953890E-31
  0.51572364E+14  0.00000000E+00 -0.52725381E-31
  0.51618909E+14  0.00000000E+00 -0.52498143E-31
  0.51665455E+14  0.00000000E+00 -0.52272168E-31
  0.51712000E+14  0.00000000E+00 -0.52047446E-31
  0.51758545E+14  0.00000000E+00 -0.51823970E-31
  0.51805091E+14  0.00000000E+00 -0.51601730E-31
  0.51851636E+14  0.00000000E+00 -0.51380718E-31
  0.51898182E+14  0.00000000E+00 -0.51160926E-31
  0.51944727E+14  0.00000000E+00 -0.50942345E-31
  0.51991273E+14  0.00000000E+00 -0.50724967E-31
  0.52037818E+14  0.00000000E+00 -0.50508783E-31
  0.52084364E+14  0.00000000E+00 -0.50293786E-31
  0.52130909E+14  0.00000000E+00 -0.50079968E-31
  0.52177455E+14  0.00000000E+00 -0.49867320E-31
  0.52224000E+14  0.00000000E+00 -0.49655834E-31
  0.52270545E+14  0.00000000E+00 -0.49445503E-31
  0.52317091E+14  0.00000000E+00 -0.49236318E-31
  0.52363636E+14  0.00000000E+00 -0.49028273E-31
  0.52410182E+14  0.00000000E+00 -0.48821359E-31
  0.52456727E+14  0.00000000E+00 -0.48615568E-31
  0.52503273E+14  0.00000000E+00 -0.48410894E-31
  0.52549818E+14  0.00000000E+00 -0.48207327E-31
  0.52596364E+14  0.00000000E+00 -0.48004862E-31
  0.52642909E+14  0.00000000E+00 -0.47803491E-31
  0.52689455E+14  0.00000000E+00 -0.47603206E-31
  0.52736000E+14  0.00000000E+00 -0.47404000E-31
  0.52782545E+14  0.00000000E+00 -0.47205866E-31
  0.52829091E+14  0.00000000E+00 -0.47008796E-31
  0.52875636E+14  0.00000000E+00 -0.46812784E-31
  0.52922182E+14  0.00000000E+00 -0.46617822E-31
  0.52968727E+14  0.00000000E+00 -0.46423904E-31
  0.53015273E+14  0.00000000E+00 -0.46231023E-31
  0.53061818E+14  0.00000000E+00 -0.46039171E-31
  0.53108364E+14  0.00000000E+00 -0.45848343E-31
  0.53154909E+14  0.00000000E+00 -0.45658530E-31
  0.53201455E+14  0.00000000E+00 -0.45469727E-31
  0.53248000E+14  0.00000000E+00 -0.45281927E-31
  0.53294545E+14  0.00000000E+00 -0.45095123E-31
  0.53341091E+14  0.00000000E+00 -0.44909308E-31
  0.53387636E+14  0.00000000E+00 -0.44724477E-31
  0.53434182E+14  0.00000000E+00 -0.44540622E-31
  0.53480727E+14  0.00000000E+00 -0.44357737E-31
  0.53527273E+14  0.00000000E+00 -0.44175817E-31
  0.53573818E+14  0.00000000E+00 -0.43994854E-31
  0.53620364E+14  0.00000000E+00 -0.43814842E-31
  0.53666909E+14  0.00000000E+00 -0.43635776E-31
  0.53713455E+14  0.00000000E+00 -0.43457649E-31
  0.53760000E+14  0.00000000E+00 -0.43280454E-31
  0.53806545E+14  0.00000000E+00 -0.43104187E-31
  0.53853091E+14  0.00000000E+00 -0.42928840E-31
  0.53899636E+14  0.00000000E+00 -0.42754409E-31
  0.53946182E+14  0.00000000E+00 -0.42580886E-31
  0.53992727E+14  0.00000000E+00 -0.42408267E-31
  0.54039273E+14  0.00000000E+00 -0.42236545E-31
  0.54085818E+14  0.00000000E+00 -0.42065714E-31
  0.54132364E+14  0.00000000E+00 -0.41895769E-31
  0.54178909E+14  0.00000000E+00 -0.41726705E-31
  0.54225455E+14  0.00000000E+00 -0.41558515E-31
  0.54272000E+14  0.00000000E+00 -0.41391193E-31
  0.54318545E+14  0.00000000E+00 -0.41224736E-31
  0.54365091E+14  0.00000000E+00 -0.41059136E-31
  0.54411636E+14  0.00000000E+00 -0.40894388E-31
  0.54458182E+14  0.00000000E+00 -0.40730487E-31
  0.54504727E+14  0.00000000E+00 -0.40567428E-31
  0.54551273E+14  0.00000000E+00 -0.40405205E-31
  0.54597818E+14  0.00000000E+00 -0.40243813E-31
  0.54644364E+14  0.00000000E+00 -0.40083247E-31
  0.54690909E+14  0.00000000E+00 -0.39923501E-31
  0.54737455E+14  0.00000000E+00 -0.39764570E-31
  0.54784000E+14  0.00000000E+00 -0.39606449E-31
  0.54830545E+14  0.00000000E+00 -0.39449134E-31
  0.54877091E+14  0.00000000E+00 -0.39292618E-31
  0.54923636E+14  0.00000000E+00 -0.39136897E-31
  0.54970182E+14  0.00000000E+00 -0.38981966E-31
  0.55016727E+14  0.00000000E+00 -0.38827820E-31
  0.55063273E+14  0.00000000E+00 -0.38674454E-31
  0.55109818E+14  0.00000000E+00 -0.38521863E-31
  0.55156364E+14  0.00000000E+00 -0.38370043E-31
  0.55202909E+14  0.00000000E+00 -0.38218988E-31
  0.55249455E+14  0.00000000E+00 -0.38068694E-31
  0.55296000E+14  0.00000000E+00 -0.37919155E-31
  0.55342545E+14  0.00000000E+00 -0.37770369E-31
  0.55389091E+14  0.00000000E+00 -0.37622328E-31
  0.55435636E+14  0.00000000E+00 -0.37475030E-31
  0.55482182E+14  0.00000000E+00 -0.37328469E-31
  0.55528727E+14  0.00000000E+00 -0.37182641E-31
  0.55575273E+14  0.00000000E+00 -0.37037542E-31
  0.55621818E+14  0.00000000E+00 -0.36893166E-31
  0.55668364E+14  0.00000000E+00 -0.36749510E-31
  0.55714909E+14  0.00000000E+00 -0.36606569E-31
  0.55761455E+14  0.00000000E+00 -0.36464338E-31
  0.55808000E+14  0.00000000E+00 -0.36322814E-31
  0.55854545E+14  0.00000000E+00 -0.36181991E-31
  0.55901091E+14  0.00000000E+00 -0.36041866E-31
  0.55947636E+14  0.00000000E+00 -0.35902434E-31
  0.55994182E+14  0.00000000E+00 -0.35763692E-31
  0.56040727E+14  0.00000000E+00 -0.35625634E-31
  0.56087273E+14  0.00000000E+00 -0.35488257E-31
  0.56133818E+14  0.00000000E+00 -0.35351557E-31
  0.56180364E+14  0.00000000E+00 -0.35215529E-31
  0.56226909E+14  0.00000000E+00 -0.35080170E-31
  0.56273455E+14  0.00000000E+00 -0.34945475E-31
  0.56320000E+14  0.00000000E+00 -0.34811440E-31
  0.56366545E+14  0.00000000E+00 -0.34678062E-31
  0.56413091E+14  0.00000000E+00 -0.34545336E-31
  0.56459636E+14  0.00000000E+00 -0.34413258E-31
  0.56506182E+14  0.00000000E+00 -0.34281825E-31
  0.56552727E+14  0.00000000E+00 -0.34151033E-31
  0.56599273E+14  0.00000000E+00 -0.34020878E-31
  0.56645818E+14  0.00000000E+00 -0.33891355E-31
  0.56692364E+14  0.00000000E+00 -0.33762462E-31
  0.56738909E+14  0.00000000E+00 -0.33634194E-31
  0.56785455E+14  0.00000000E+00 -0.33506548E-31
  0.56832000E+14  0.00000000E+00 -0.33379520E-31
  0.56878545E+14  0.00000000E+00 -0.33253106E-31
  0.56925091E+14  0.00000000E+00 -0.33127303E-31
  0.56971636E+14  0.00000000E+00 -0.33002106E-31
  0.57018182E+14  0.00000000E+00 -0.32877513E-31
  0.57064727E+14  0.00000000E+00 -0.32753520E-31
  0.57111273E+14  0.00000000E+00 -0.32630124E-31
  0.57157818E+14  0.00000000E+00 -0.32507320E-31
  0.57204364E+14  0.00000000E+00 -0.32385105E-31
  0.57250909E+14  0.00000000E+00 -0.32263476E-31
  0.57297455E+14  0.00000000E+00 -0.32142429E-31
  0.57344000E+14  0.00000000E+00 -0.32021961E-31
  0.57390545E+14  0.00000000E+00 -0.31902068E-31
  0.57437091E+14  0.00000000E+00 -0.31782748E-31
  0.57483636E+14  0.00000000E+00 -0.31663996E-31
  0.57530182E+14  0.00000000E+00 -0.31545810E-31
  0.57576727E+14  0.00000000E+00 -0.31428186E-31
  0.57623273E+14  0.00000000E+00 -0.31311120E-31
  0.57669818E+14  0.00000000E+00 -0.31194610E-31
  0.57716364E+14  0.00000000E+00 -0.31078652E-31
  0.57762909E+14  0.00000000E+00 -0.30963243E-31
  0.57809455E+14  0.00000000E+00 -0.30848380E-31
  0.57856000E+14  0.00000000E+00 -0.30734060E-31
  0.57902545E+14  0.00000000E+00 -0.30620279E-31
  0.57949091E+14  0.00000000E+00 -0.30507035E-31
  0.57995636E+14  0.00000000E+00 -0.30394324E-31
  0.58042182E+14  0.00000000E+00 -0.30282143E-31
  0.58088727E+14  0.00000000E+00 -0.30170489E-31
  0.58135273E+14  0.00000000E+00 -0.30059359E-31
  0.58181818E+14  0.00000000E+00 -0.29948750E-31
  0.58228364E+14  0.00000000E+00 -0.29838660E-31
  0.58274909E+14  0.00000000E+00 -0.29729084E-31
  0.58321455E+14  0.00000000E+00 -0.29620020E-31
  0.58368000E+14  0.00000000E+00 -0.29511466E-31
  0.58414545E+14  0.00000000E+00 -0.29403418E-31
  0.58461091E+14  0.00000000E+00 -0.29295873E-31
  0.58507636E+14  0.00000000E+00 -0.29188828E-31
  0.58554182E+14  0.00000000E+00 -0.29082281E-31
  0.58600727E+14  0.00000000E+00 -0.28976229E-31
  0.58647273E+14  0.00000000E+00 -0.28870669E-31
  0.58693818E+14  0.00000000E+00 -0.28765598E-31
  0.58740364E+14  0.00000000E+00 -0.28661013E-31
  0.58786909E+14  0.00000000E+00 -0.28556912E-31
  0.58833455E+14  0.00000000E+00 -0.28453291E-31
  0.58880000E+14  0.00000000E+00 -0.28350149E-31
  0.58926545E+14  0.00000000E+00 -0.28247482E-31
  0.58973091E+14  0.00000000E+00 -0.28145288E-31
  0.59019636E+14  0.00000000E+00 -0.28043564E-31
  0.59066182E+14  0.00000000E+00 -0.27942307E-31
  0.59112727E+14  0.00000000E+00 -0.27841515E-31
  0.59159273E+14  0.00000000E+00 -0.27741184E-31
  0.59205818E+14  0.00000000E+00 -0.27641314E-31
  0.59252364E+14  0.00000000E+00 -0.27541900E-31
  0.59298909E+14  0.00000000E+00 -0.27442941E-31
  0.59345455E+14  0.00000000E+00 -0.27344433E-31
  0.59392000E+14  0.00000000E+00 -0.27246375E-31
  0.59438545E+14  0.00000000E+00 -0.27148763E-31
  0.59485091E+14  0.00000000E+00 -0.27051596E-31
  0.59531636E+14  0.00000000E+00 -0.26954871E-31
  0.59578182E+14  0.00000000E+00 -0.26858585E-31
  0.59624727E+14  0.00000000E+00 -0.26762735E-31
  0.59671273E+14  0.00000000E+00 -0.26667320E-31
  0.59717818E+14  0.00000000E+00 -0.26572337E-31
  0.59764364E+14  0.00000000E+00 -0.26477784E-31
  0.59810909E+14  0.00000000E+00 -0.26383658E-31
  0.59857455E+14  0.00000000E+00 -0.26289957E-31
  0.59904000E+14  0.00000000E+00 -0.26196678E-31
  0.59950545E+14  0.00000000E+00 -0.26103820E-31
  0.59997091E+14  0.00000000E+00 -0.26011379E-31
  0.60043636E+14  0.00000000E+00 -0.25919354E-31
  0.60090182E+14  0.00000000E+00 -0.25827742E-31
  0.60136727E+14  0.00000000E+00 -0.25736541E-31
  0.60183273E+14  0.00000000E+00 -0.25645749E-31
  0.60229818E+14  0.00000000E+00 -0.25555363E-31
  0.60276364E+14  0.00000000E+00 -0.25465381E-31
  0.60322909E+14  0.00000000E+00 -0.25375802E-31
  0.60369455E+14  0.00000000E+00 -0.25286622E-31
  0.60416000E+14  0.00000000E+00 -0.25197840E-31
  0.60462545E+14  0.00000000E+00 -0.25109453E-31
  0.60509091E+14  0.00000000E+00 -0.25021460E-31
  0.60555636E+14  0.00000000E+00 -0.24933858E-31
  0.60602182E+14  0.00000000E+00 -0.24846645E-31
  0.60648727E+14  0.00000000E+00 -0.24759818E-31
  0.60695273E+14  0.00000000E+00 -0.24673377E-31
  0.60741818E+14  0.00000000E+00 -0.24587318E-31
  0.60788364E+14  0.00000000E+00 -0.24501640E-31
  0.60834909E+14  0.00000000E+00 -0.24416340E-31
  0.60881455E+14  0.00000000E+00 -0.24331417E-31
  0.60928000E+14  0.00000000E+00 -0.24246868E-31
  0.60974545E+14  0.00000000E+00 -0.24162692E-31
  0.61021091E+14  0.00000000E+00 -0.24078887E-31
  0.61067636E+14  0.00000000E+00 -0.23995449E-31
  0.61114182E+14  0.00000000E+00 -0.23912379E-31
  0.61160727E+14  0.00000000E+00 -0.23829672E-31
  0.61207273E+14  0.00000000E+00 -0.23747328E-31
  0.61253818E+14  0.00000000E+00 -0.23665345E-31
  0.61300364E+14  0.00000000E+00 -0.23583721E-31
  0.61346909E+14  0.00000000E+00 -0.23502453E-31
  0.61393455E+14  0.00000000E+00 -0.23421540E-31
  0.61440000E+14  0.00000000E+00 -0.23340980E-31
  0.61486545E+14  0.00000000E+00 -0.23260771E-31
  0.61533091E+14  0.00000000E+00 -0.23180911E-31
  0.61579636E+14  0.00000000E+00 -0.23101398E-31
  0.61626182E+14  0.00000000E+00 -0.23022231E-31
  0.61672727E+14  0.00000000E+00 -0.22943408E-31
  0.61719273E+14  0.00000000E+00 -0.22864926E-31
  0.61765818E+14  0.00000000E+00 -0.22786784E-31
  0.61812364E+14  0.00000000E+00 -0.22708981E-31
  0.61858909E+14  0.00000000E+00 -0.22631514E-31
  0.61905455E+14  0.00000000E+00 -0.22554381E-31
  0.61952000E+14  0.00000000E+00 -0.22477581E-31
  0.61998545E+14  0.00000000E+00 -0.22401113E-31
  0.62045091E+14  0.00000000E+00 -0.22324973E-31
  0.62091636E+14  0.00000000E+00 -0.22249162E-31
  0.62138182E+14  0.00000000E+00 -0.22173676E-31
  0.62184727E+14  0.00000000E+00 -0.22098514E-31
  0.62231273E+14  0.00000000E+00 -0.22023675E-31
  0.62277818E+14  0.00000000E+00 -0.21949156E-31
  0.62324364E+14  0.00000000E+00 -0.21874957E-31
  0.62370909E+14  0.00000000E+00 -0.21801075E-31
  0.62417455E+14  0.00000000E+00 -0.21727508E-31
  0.62464000E+14  0.00000000E+00 -0.21654256E-31
  0.62510545E+14  0.00000000E+00 -0.21581317E-31
  0.62557091E+14  0.00000000E+00 -0.21508688E-31
  0.62603636E+14  0.00000000E+00 -0.21436368E-31
  0.62650182E+14  0.00000000E+00 -0.21364356E-31
  0.62696727E+14  0.00000000E+00 -0.21292650E-31
  0.62743273E+14  0.00000000E+00 -0.21221248E-31
  0.62789818E+14  0.00000000E+00 -0.21150149E-31
  0.62836364E+14  0.00000000E+00 -0.21079351E-31
  0.62882909E+14  0.00000000E+00 -0.21008853E-31
  0.62929455E+14  0.00000000E+00 -0.20938654E-31
  0.62976000E+14  0.00000000E+00 -0.20868750E-31
  0.63022545E+14  0.00000000E+00 -0.20799142E-31
  0.63069091E+14  0.00000000E+00 -0.20729828E-31
  0.63115636E+14  0.00000000E+00 -0.20660805E-31
  0.63162182E+14  0.00000000E+00 -0.20592073E-31
  0.63208727E+14  0.00000000E+00 -0.20523630E-31
  0.63255273E+14  0.00000000E+00 -0.20455475E-31
  0.63301818E+14  0.00000000E+00 -0.20387605E-31
  0.63348364E+14  0.00000000E+00 -0.20320020E-31
  0.63394909E+14  0.00000000E+00 -0.20252719E-31
  0.63441455E+14  0.00000000E+00 -0.20185699E-31
  0.63488000E+14  0.00000000E+00 -0.20118959E-31
  0.63534545E+14  0.00000000E+00 -0.20052498E-31
  0.63581091E+14  0.00000000E+00 -0.19986315E-31
  0.63627636E+14  0.00000000E+00 -0.19920407E-31
  0.63674182E+14  0.00000000E+00 -0.19854774E-31
  0.63720727E+14  0.00000000E+00 -0.19789414E-31
  0.63767273E+14  0.00000000E+00 -0.19724327E-31
  0.63813818E+14  0.00000000E+00 -0.19659509E-31
  0.63860364E+14  0.00000000E+00 -0.19594960E-31
  0.63906909E+14  0.00000000E+00 -0.19530680E-31
  0.63953455E+14  0.00000000E+00 -0.19466665E-31
  0.64000000E+14  0.00000000E+00 -0.19402916E-31
