  0.47365305E+11 -0.14567332E-56 -0.42695926E-28
  0.94730610E+11 -0.14528378E-56 -0.16354503E-29
  0.14209591E+12 -0.14489588E-56 -0.14586068E-29
  0.18946122E+12 -0.14450959E-56 -0.12967219E-29
  0.23682652E+12 -0.14412491E-56 -0.10797123E-29
  0.28419183E+12 -0.14374183E-56 -0.80259132E-30
  0.33155713E+12 -0.14336034E-56 -0.39580824E-30
  0.37892244E+12 -0.14298043E-56 -0.27191007E-31
  0.42628774E+12 -0.14260209E-56 -0.55783573E-31
  0.47365305E+12  0.11328093E-29 -0.18242107E-30
  0.52101835E+12  0.11864766E-29 -0.20147498E-30
  0.56838366E+12  0.12095473E-29 -0.22538470E-30
  0.61574896E+12  0.12979130E-29 -0.28812674E-30
  0.66311427E+12  0.14726704E-29 -0.29743002E-30
  0.71047957E+12  0.16587769E-29 -0.17895125E-30
  0.75784488E+12  0.17176440E-29 -0.97643093E-32
  0.80521018E+12  0.17185090E-29  0.11255741E-30
  0.85257549E+12  0.16980265E-29  0.18673283E-30
  0.89994079E+12  0.16859661E-29  0.21093543E-30
  0.94730610E+12  0.17286972E-29  0.23547539E-30
  0.99467140E+12  0.17230453E-29  0.26873086E-30
  0.10420367E+13  0.17686606E-29  0.23845203E-30
  0.10894020E+13  0.18690111E-29  0.23073223E-30
  0.11367673E+13  0.19938571E-29  0.27935942E-30
  0.11841326E+13  0.21059589E-29  0.38699019E-30
  0.12314979E+13  0.21440974E-29  0.52300211E-30
  0.12788632E+13  0.21368935E-29  0.62436317E-30
  0.13262285E+13  0.21037537E-29  0.68730932E-30
  0.13735938E+13  0.20830572E-29  0.67641855E-30
  0.14209591E+13  0.21521547E-29  0.65555921E-30
  0.14683245E+13  0.22509683E-29  0.71386477E-30
  0.15156898E+13  0.22740507E-29  0.77486990E-30
  0.15630551E+13  0.23140651E-29  0.79576686E-30
  0.16104204E+13  0.24151703E-29  0.83324899E-30
  0.16577857E+13  0.25047585E-29  0.92771098E-30
  0.17051510E+13  0.25516663E-29  0.10566545E-29
  0.17525163E+13  0.25396000E-29  0.11635999E-29
  0.17998816E+13  0.25145780E-29  0.12311942E-29
  0.18472469E+13  0.24987791E-29  0.12475154E-29
  0.18946122E+13  0.25313522E-29  0.12562949E-29
  0.19419775E+13  0.25912082E-29  0.12835469E-29
  0.19893428E+13  0.26501170E-29  0.13375832E-29
  0.20367081E+13  0.27095765E-29  0.13982275E-29
  0.20840734E+13  0.27684713E-29  0.14876047E-29
  0.21314387E+13  0.27916884E-29  0.15754952E-29
  0.21788040E+13  0.28205262E-29  0.16564295E-29
  0.22261693E+13  0.28326860E-29  0.17462408E-29
  0.22735346E+13  0.28234803E-29  0.18158067E-29
  0.23208999E+13  0.28288020E-29  0.18667793E-29
  0.23682652E+13  0.28416980E-29  0.19090528E-29
  0.24156306E+13  0.28702950E-29  0.19525772E-29
  0.24629959E+13  0.29068821E-29  0.20034278E-29
  0.25103612E+13  0.29650661E-29  0.20723376E-29
  0.25577265E+13  0.29989057E-29  0.21741245E-29
  0.26050918E+13  0.30031518E-29  0.22584265E-29
  0.26524571E+13  0.30176132E-29  0.23448859E-29
  0.26998224E+13  0.30036936E-29  0.24286165E-29
  0.27471877E+13  0.29962203E-29  0.24820680E-29
  0.27945530E+13  0.30057812E-29  0.25357189E-29
  0.28419183E+13  0.30239318E-29  0.25945927E-29
  0.28892836E+13  0.30419115E-29  0.26617699E-29
  0.29366489E+13  0.30619728E-29  0.27279279E-29
  0.29840142E+13  0.30838278E-29  0.28117917E-29
  0.30313795E+13  0.30903607E-29  0.29007870E-29
  0.30787448E+13  0.30911911E-29  0.29848236E-29
  0.31261101E+13  0.30754259E-29  0.30698969E-29
  0.31734754E+13  0.30617271E-29  0.31343066E-29
  0.32208407E+13  0.30654238E-29  0.31968644E-29
  0.32682060E+13  0.30582856E-29  0.32730050E-29
  0.33155713E+13  0.30541676E-29  0.33338180E-29
  0.33629366E+13  0.30577166E-29  0.33967760E-29
  0.34103020E+13  0.30797191E-29  0.34728676E-29
  0.34576673E+13  0.30753239E-29  0.35743526E-29
  0.35050326E+13  0.30511217E-29  0.36624379E-29
  0.35523979E+13  0.30307848E-29  0.37374286E-29
  0.35997632E+13  0.30068726E-29  0.38087020E-29
  0.36471285E+13  0.29886853E-29  0.38710605E-29
  0.36944938E+13  0.29762233E-29  0.39403418E-29
  0.37418591E+13  0.29632995E-29  0.40069435E-29
  0.37892244E+13  0.29550169E-29  0.40782888E-29
  0.38365897E+13  0.29415979E-29  0.41514771E-29
  0.38839550E+13  0.29379756E-29  0.42310085E-29
  0.39313203E+13  0.29205323E-29  0.43258079E-29
  0.39786856E+13  0.28848090E-29  0.44119915E-29
  0.40260509E+13  0.28494669E-29  0.44929732E-29
  0.40734162E+13  0.28005089E-29  0.45616623E-29
  0.41207815E+13  0.27681554E-29  0.46167886E-29
  0.41681468E+13  0.27456573E-29  0.46756991E-29
  0.42155121E+13  0.27272418E-29  0.47461405E-29
  0.42628774E+13  0.26989343E-29  0.48166621E-29
  0.43102427E+13  0.26759500E-29  0.48884037E-29
  0.43576081E+13  0.26486642E-29  0.49643496E-29
  0.44049734E+13  0.26165628E-29  0.50493446E-29
  0.44523387E+13  0.25763559E-29  0.51261808E-29
  0.44997040E+13  0.25317318E-29  0.52077859E-29
  0.45470693E+13  0.24790771E-29  0.52775925E-29
  0.45944346E+13  0.24280256E-29  0.53417423E-29
  0.46417999E+13  0.23815763E-29  0.54008042E-29
  0.46891652E+13  0.23381997E-29  0.54556704E-29
  0.47365305E+13  0.23087728E-29  0.55165663E-29
  0.47838958E+13  0.22710910E-29  0.55960050E-29
  0.48312611E+13  0.22179990E-29  0.56675578E-29
  0.48786264E+13  0.21654004E-29  0.57325292E-29
  0.49259917E+13  0.21170628E-29  0.57939966E-29
  0.49733570E+13  0.20683069E-29  0.58596264E-29
  0.50207223E+13  0.20206391E-29  0.59296621E-29
  0.50680876E+13  0.19618853E-29  0.60005139E-29
  0.51154529E+13  0.18947870E-29  0.60650171E-29
  0.51628182E+13  0.18317736E-29  0.61144063E-29
  0.52101835E+13  0.17807948E-29  0.61680242E-29
  0.52575488E+13  0.17295338E-29  0.62263282E-29
  0.53049142E+13  0.16752268E-29  0.62933632E-29
  0.53522795E+13  0.16108627E-29  0.63618943E-29
  0.53996448E+13  0.15328110E-29  0.64186964E-29
  0.54470101E+13  0.14658358E-29  0.64607095E-29
  0.54943754E+13  0.14118559E-29  0.65065810E-29
  0.55417407E+13  0.13610083E-29  0.65694492E-29
  0.55891060E+13  0.12894977E-29  0.66341133E-29
  0.56364713E+13  0.12142242E-29  0.66910366E-29
  0.56838366E+13  0.11348030E-29  0.67364246E-29
  0.57312019E+13  0.10686005E-29  0.67756536E-29
  0.57785672E+13  0.10079584E-29  0.68227475E-29
  0.58259325E+13  0.94721545E-30  0.68829753E-29
  0.58732978E+13  0.86611444E-30  0.69440568E-29
  0.59206631E+13  0.77609299E-30  0.69929936E-29
  0.59680284E+13  0.69160986E-30  0.70242807E-29
  0.60153937E+13  0.62179831E-30  0.70559577E-29
  0.60627590E+13  0.55858308E-30  0.70968116E-29
  0.61101243E+13  0.48377332E-30  0.71501689E-29
  0.61574896E+13  0.39981398E-30  0.71948185E-29
  0.62048549E+13  0.31131466E-30  0.72310730E-29
  0.62522202E+13  0.23553503E-30  0.72568027E-29
  0.62995856E+13  0.17052324E-30  0.72943693E-29
  0.63469509E+13  0.95460803E-31  0.73450354E-29
  0.63943162E+13  0.39903441E-32  0.73926400E-29
  0.64416815E+13 -0.92761613E-31  0.74307325E-29
  0.64890468E+13 -0.19265941E-30  0.74546668E-29
  0.65364121E+13 -0.27865694E-30  0.74692291E-29
  0.65837774E+13 -0.35342958E-30  0.74865444E-29
  0.66311427E+13 -0.42587323E-30  0.75199744E-29
  0.66785080E+13 -0.51011948E-30  0.75546970E-29
  0.67258733E+13 -0.59960442E-30  0.75856592E-29
  0.67732386E+13 -0.69113877E-30  0.76090569E-29
  0.68206039E+13 -0.77805653E-30  0.76315043E-29
  0.68679692E+13 -0.86213257E-30  0.76564434E-29
  0.69153345E+13 -0.95489211E-30  0.76880027E-29
  0.69626998E+13 -0.10592468E-29  0.77116357E-29
  0.70100651E+13 -0.11638202E-29  0.77187151E-29
  0.70574304E+13 -0.12537367E-29  0.77162800E-29
  0.71047957E+13 -0.13310384E-29  0.77198374E-29
  0.71521610E+13 -0.14019976E-29  0.77387906E-29
  0.71995263E+13 -0.14898996E-29  0.77691355E-29
  0.72468917E+13 -0.15895611E-29  0.77942160E-29
  0.72942570E+13 -0.17009164E-29  0.78068513E-29
  0.73416223E+13 -0.18006774E-29  0.78043997E-29
  0.73889876E+13 -0.18925137E-29  0.78051887E-29
  0.74363529E+13 -0.19863218E-29  0.78099413E-29
  0.74837182E+13 -0.20819591E-29  0.78104684E-29
  0.75310835E+13 -0.21764118E-29  0.78091611E-29
  0.75784488E+13 -0.22686426E-29  0.78022752E-29
  0.76258141E+13 -0.23497481E-29  0.77995978E-29
  0.76731794E+13 -0.24327500E-29  0.78081727E-29
  0.77205447E+13 -0.25295006E-29  0.78247229E-29
  0.77679100E+13 -0.26416930E-29  0.78309353E-29
  0.78152753E+13 -0.27558108E-29  0.78231903E-29
  0.78626406E+13 -0.28664450E-29  0.77965388E-29
  0.79100059E+13 -0.29550985E-29  0.77666542E-29
  0.79573712E+13 -0.30316691E-29  0.77505741E-29
  0.80047365E+13 -0.31181695E-29  0.77444388E-29
  0.80521018E+13 -0.32066835E-29  0.77393828E-29
  0.80994671E+13 -0.33058748E-29  0.77337289E-29
  0.81468324E+13 -0.34034596E-29  0.77205579E-29
  0.81941978E+13 -0.34986729E-29  0.77073757E-29
  0.82415631E+13 -0.36025292E-29  0.77001881E-29
  0.82889284E+13 -0.37164299E-29  0.76762626E-29
  0.83362937E+13 -0.38209833E-29  0.76397574E-29
  0.83836590E+13 -0.39143866E-29  0.75988614E-29
  0.84310243E+13 -0.39945849E-29  0.75616930E-29
  0.84783896E+13 -0.40662656E-29  0.75372704E-29
  0.85257549E+13 -0.41541976E-29  0.75272696E-29
  0.85731202E+13 -0.42507739E-29  0.75111853E-29
  0.86204855E+13 -0.43525921E-29  0.74911260E-29
  0.86678508E+13 -0.44610799E-29  0.74609681E-29
  0.87152161E+13 -0.45655481E-29  0.74180516E-29
  0.87625814E+13 -0.46576925E-29  0.73747835E-29
  0.88099467E+13 -0.47487315E-29  0.73296751E-29
  0.88573120E+13 -0.48323182E-29  0.72869617E-29
  0.89046773E+13 -0.49172846E-29  0.72487934E-29
  0.89520426E+13 -0.50022506E-29  0.72105914E-29
  0.89994079E+13 -0.50839237E-29  0.71761985E-29
  0.90467732E+13 -0.51795506E-29  0.71449787E-29
  0.90941385E+13 -0.52743432E-29  0.71060205E-29
  0.91415038E+13 -0.53793036E-29  0.70629597E-29
  0.91888692E+13 -0.54760473E-29  0.69985956E-29
  0.92362345E+13 -0.55530442E-29  0.69341867E-29
  0.92835998E+13 -0.56241337E-29  0.68841664E-29
  0.93309651E+13 -0.56990317E-29  0.68385804E-29
  0.93783304E+13 -0.57822619E-29  0.67999253E-29
  0.94256957E+13 -0.58712578E-29  0.67530615E-29
  0.94730610E+13 -0.59599988E-29  0.67027179E-29
  0.95204263E+13 -0.60480586E-29  0.66484628E-29
  0.95677916E+13 -0.61412644E-29  0.65854275E-29
  0.96151569E+13 -0.62224520E-29  0.65143836E-29
  0.96625222E+13 -0.62932727E-29  0.64431477E-29
  0.97098875E+13 -0.63547021E-29  0.63761065E-29
  0.97572528E+13 -0.64169419E-29  0.63197030E-29
  0.98046181E+13 -0.64831570E-29  0.62693124E-29
  0.98519834E+13 -0.65554306E-29  0.62172383E-29
  0.98993487E+13 -0.66330105E-29  0.61621177E-29
  0.99467140E+13 -0.67135157E-29  0.61005229E-29
  0.99940793E+13 -0.67937898E-29  0.60234315E-29
  0.10041445E+14 -0.68580021E-29  0.59406796E-29
  0.10088810E+14 -0.69112163E-29  0.58560827E-29
  0.10136175E+14 -0.69503005E-29  0.57766712E-29
  0.10183541E+14 -0.69854831E-29  0.57089106E-29
  0.10230906E+14 -0.70235707E-29  0.56467598E-29
  0.10278271E+14 -0.70614831E-29  0.55873142E-29
  0.10325636E+14 -0.71018345E-29  0.55233885E-29
  0.10373002E+14 -0.71353268E-29  0.54530985E-29
  0.10420367E+14 -0.71627992E-29  0.53694678E-29
  0.10467732E+14 -0.71649513E-29  0.52789142E-29
  0.10515098E+14 -0.71417437E-29  0.51911136E-29
  0.10562463E+14 -0.70803926E-29  0.51083124E-29
  0.10609828E+14 -0.69874355E-29  0.50345388E-29
  0.10657194E+14 -0.68313075E-29  0.49568080E-29
  0.10704559E+14 -0.65394712E-29  0.48887358E-29
  0.10751924E+14 -0.57939271E-29  0.49588450E-29
  0.10799290E+14 -0.55467283E-29  0.64918621E-29
  0.10846655E+14 -0.62467363E-29  0.70814065E-29
  0.10894020E+14 -0.68324661E-29  0.73924509E-29
  0.10941385E+14 -0.74576498E-29  0.75580204E-29
  0.10988751E+14 -0.79214964E-29  0.76248117E-29
  0.11036116E+14 -0.84746621E-29  0.76468649E-29
  0.11083481E+14 -0.89815968E-29  0.75983835E-29
  0.11130847E+14 -0.94453095E-29  0.74801387E-29
  0.11178212E+14 -0.98716411E-29  0.73545703E-29
  0.11225577E+14 -0.10354097E-28  0.71760120E-29
  0.11272943E+14 -0.10724798E-28  0.69385936E-29
  0.11320308E+14 -0.11106732E-28  0.67050329E-29
  0.11367673E+14 -0.11452226E-28  0.64517007E-29
  0.11415038E+14 -0.11792052E-28  0.61808785E-29
  0.11462404E+14 -0.12123113E-28  0.58951142E-29
  0.11509769E+14 -0.12415344E-28  0.55619518E-29
  0.11557134E+14 -0.12681319E-28  0.52643196E-29
  0.11604500E+14 -0.12968540E-28  0.49292600E-29
  0.11651865E+14 -0.13229963E-28  0.45716538E-29
  0.11699230E+14 -0.13459578E-28  0.41772533E-29
  0.11746596E+14 -0.13643143E-28  0.37852891E-29
  0.11793961E+14 -0.13806227E-28  0.34015813E-29
  0.11841326E+14 -0.13944049E-28  0.30303717E-29
  0.11888692E+14 -0.14102380E-28  0.26637621E-29
  0.11936057E+14 -0.14241867E-28  0.22653717E-29
  0.11983422E+14 -0.14360389E-28  0.18662445E-29
  0.12030787E+14 -0.14461853E-28  0.14503596E-29
  0.12078153E+14 -0.14536770E-28  0.10360804E-29
  0.12125518E+14 -0.14603227E-28  0.62304868E-30
  0.12172883E+14 -0.14646156E-28  0.19324809E-30
  0.12220249E+14 -0.14656695E-28 -0.23463701E-30
  0.12267614E+14 -0.14645234E-28 -0.64653702E-30
  0.12314979E+14 -0.14624238E-28 -0.10414560E-29
  0.12362345E+14 -0.14606798E-28 -0.14368123E-29
  0.12409710E+14 -0.14584798E-28 -0.18488742E-29
  0.12457075E+14 -0.14530306E-28 -0.22653520E-29
  0.12504440E+14 -0.14452432E-28 -0.26715577E-29
  0.12551806E+14 -0.14369153E-28 -0.30682952E-29
  0.12599171E+14 -0.14276670E-28 -0.34679671E-29
  0.12646536E+14 -0.14159595E-28 -0.38728133E-29
  0.12693902E+14 -0.14022459E-28 -0.42642265E-29
  0.12741267E+14 -0.13872954E-28 -0.46431580E-29
  0.12788632E+14 -0.13713813E-28 -0.50105727E-29
  0.12835998E+14 -0.13554669E-28 -0.53774732E-29
  0.12883363E+14 -0.13379037E-28 -0.57489026E-29
  0.12930728E+14 -0.13181608E-28 -0.61092955E-29
  0.12978094E+14 -0.12977764E-28 -0.64651373E-29
  0.13025459E+14 -0.12749472E-28 -0.68163438E-29
  0.13072824E+14 -0.12502365E-28 -0.71352959E-29
  0.13120189E+14 -0.12273130E-28 -0.74439251E-29
  0.13167555E+14 -0.12037416E-28 -0.77612287E-29
  0.13214920E+14 -0.11786770E-28 -0.80762168E-29
  0.13262285E+14 -0.11518677E-28 -0.83929222E-29
  0.13309651E+14 -0.11221556E-28 -0.86893746E-29
  0.13357016E+14 -0.10923379E-28 -0.89564152E-29
  0.13404381E+14 -0.10636934E-28 -0.92266164E-29
  0.13451747E+14 -0.10324308E-28 -0.95011906E-29
  0.13499112E+14 -0.99859625E-29 -0.97449972E-29
  0.13546477E+14 -0.96584944E-29 -0.99599709E-29
  0.13593843E+14 -0.93449063E-29 -0.10168269E-28
  0.13641208E+14 -0.90356481E-29 -0.10385251E-28
  0.13688573E+14 -0.87041095E-29 -0.10617065E-28
  0.13735938E+14 -0.83373258E-29 -0.10837595E-28
  0.13783304E+14 -0.79484030E-29 -0.11005914E-28
  0.13830669E+14 -0.75916637E-29 -0.11149626E-28
  0.13878034E+14 -0.72476042E-29 -0.11311930E-28
  0.13925400E+14 -0.68662004E-29 -0.11466716E-28
  0.13972765E+14 -0.64798067E-29 -0.11592453E-28
  0.14020130E+14 -0.61061582E-29 -0.11699648E-28
  0.14067496E+14 -0.57294671E-29 -0.11797789E-28
  0.14114861E+14 -0.53700596E-29 -0.11892967E-28
  0.14162226E+14 -0.49911192E-29 -0.12001600E-28
  0.14209591E+14 -0.45736280E-29 -0.12084162E-28
  0.14256957E+14 -0.41734712E-29 -0.12121131E-28
  0.14304322E+14 -0.37908881E-29 -0.12153739E-28
  0.14351687E+14 -0.34015138E-29 -0.12185602E-28
  0.14399053E+14 -0.30175387E-29 -0.12203172E-28
  0.14446418E+14 -0.26265465E-29 -0.12216231E-28
  0.14493783E+14 -0.22177686E-29 -0.12207777E-28
  0.14541149E+14 -0.18326929E-29 -0.12167291E-28
  0.14588514E+14 -0.14585885E-29 -0.12126701E-28
  0.14635879E+14 -0.10741136E-29 -0.12088339E-28
  0.14683245E+14 -0.69362576E-30 -0.12021230E-28
  0.14730610E+14 -0.31720952E-30 -0.11943685E-28
  0.14777975E+14  0.55436261E-31 -0.11854245E-28
  0.14825340E+14  0.41078062E-30 -0.11739280E-28
  0.14872706E+14  0.75028624E-30 -0.11633167E-28
  0.14920071E+14  0.10923426E-29 -0.11526085E-28
  0.14967436E+14  0.14381610E-29 -0.11403053E-28
  0.15014802E+14  0.17723826E-29 -0.11267729E-28
  0.15062167E+14  0.21030573E-29 -0.11124246E-28
  0.15109532E+14  0.24119104E-29 -0.10960672E-28
  0.15156898E+14  0.26971713E-29 -0.10818770E-28
  0.15204263E+14  0.29970105E-29 -0.10702005E-28
  0.15251628E+14  0.33372179E-29 -0.10555311E-28
  0.15298993E+14  0.36572009E-29 -0.10378479E-28
  0.15346359E+14  0.39554668E-29 -0.10192647E-28
  0.15393724E+14  0.42422371E-29 -0.10006116E-28
  0.15441089E+14  0.45221814E-29 -0.98352832E-29
  0.15488455E+14  0.48291177E-29 -0.96626601E-29
  0.15535820E+14  0.51352144E-29 -0.94493394E-29
  0.15583185E+14  0.54115642E-29 -0.92235413E-29
  0.15630551E+14  0.56711198E-29 -0.90164861E-29
  0.15677916E+14  0.59344170E-29 -0.88133138E-29
  0.15725281E+14  0.62177400E-29 -0.86109916E-29
  0.15772647E+14  0.65136945E-29 -0.83896788E-29
  0.15820012E+14  0.68026558E-29 -0.81334187E-29
  0.15867377E+14  0.70597709E-29 -0.78660183E-29
  0.15914742E+14  0.73194941E-29 -0.76095890E-29
  0.15962108E+14  0.75660696E-29 -0.73554538E-29
  0.16009473E+14  0.78438504E-29 -0.70917195E-29
  0.16056838E+14  0.81109509E-29 -0.67948476E-29
  0.16104204E+14  0.83620223E-29 -0.64871964E-29
  0.16151569E+14  0.85892340E-29 -0.61796671E-29
  0.16198934E+14  0.88279384E-29 -0.58855393E-29
  0.16246300E+14  0.90955409E-29 -0.55606148E-29
  0.16293665E+14  0.92956755E-29 -0.52236576E-29
  0.16341030E+14  0.96529145E-29 -0.49183908E-29
  0.16388396E+14  0.10008045E-28 -0.44058896E-29
  0.16435761E+14  0.10121846E-28 -0.39784824E-29
  0.16483126E+14  0.10192852E-28 -0.35472791E-29
  0.16530491E+14  0.10441866E-28 -0.31212813E-29
  0.16577857E+14  0.10536108E-28 -0.26436959E-29
  0.16625222E+14  0.10672606E-28 -0.21712770E-29
  0.16672587E+14  0.10625402E-28 -0.17073604E-29
  0.16719953E+14  0.10715866E-28 -0.12878920E-29
  0.16767318E+14  0.10731851E-28 -0.93232150E-30
  0.16814683E+14  0.10966319E-28 -0.42405424E-30
  0.16862049E+14  0.11180927E-28  0.39736190E-31
  0.16909414E+14  0.11131661E-28  0.48015863E-30
  0.16956779E+14  0.11075081E-28  0.10688389E-29
  0.17004144E+14  0.11279231E-28  0.15576870E-29
  0.17051510E+14  0.11121815E-28  0.19988649E-29
  0.17098875E+14  0.11232203E-28  0.26841854E-29
  0.17146240E+14  0.11180616E-28  0.30721787E-29
  0.17193606E+14  0.11041843E-28  0.38076030E-29
  0.17240971E+14  0.11063347E-28  0.41940111E-29
  0.17288336E+14  0.10888813E-28  0.49310719E-29
  0.17335702E+14  0.10811343E-28  0.54305936E-29
  0.17383067E+14  0.10584382E-28  0.61187287E-29
  0.17430432E+14  0.10436213E-28  0.67166315E-29
  0.17477798E+14  0.10123846E-28  0.73748040E-29
  0.17525163E+14  0.98493857E-29  0.79938593E-29
  0.17572528E+14  0.94978179E-29  0.86096925E-29
  0.17619893E+14  0.91645450E-29  0.93249215E-29
  0.17667259E+14  0.86552432E-29  0.99589215E-29
  0.17714624E+14  0.81807725E-29  0.10705449E-28
  0.17761989E+14  0.74575646E-29  0.11394612E-28
  0.17809355E+14  0.66135529E-29  0.12056895E-28
  0.17856720E+14  0.55687271E-29  0.12391213E-28
  0.17904085E+14  0.47423579E-29  0.12623744E-28
  0.17951451E+14  0.38155276E-29  0.12719449E-28
  0.17998816E+14  0.31062881E-29  0.12779153E-28
  0.18046181E+14  0.22874219E-29  0.12812358E-28
  0.18093546E+14  0.15925941E-29  0.12769807E-28
  0.18140912E+14  0.89271914E-30  0.12711006E-28
  0.18188277E+14  0.25106869E-30  0.12673196E-28
  0.18235642E+14 -0.51754058E-30  0.12535787E-28
  0.18283008E+14 -0.10842351E-29  0.12340516E-28
  0.18330373E+14 -0.15370982E-29  0.12265567E-28
  0.18377738E+14 -0.21614180E-29  0.12141111E-28
  0.18425104E+14 -0.28799855E-29  0.12015538E-28
  0.18472469E+14 -0.35203837E-29  0.11796516E-28
  0.18519834E+14 -0.41246390E-29  0.11433637E-28
  0.18567200E+14 -0.46395152E-29  0.11217958E-28
  0.18614565E+14 -0.52713777E-29  0.10854839E-28
  0.18661930E+14 -0.57588703E-29  0.10452338E-28
  0.18709295E+14 -0.62789341E-29  0.10098665E-28
  0.18756661E+14 -0.67847137E-29  0.96329409E-29
  0.18804026E+14 -0.71704825E-29  0.91724160E-29
  0.18851391E+14 -0.76252570E-29  0.86904784E-29
  0.18898757E+14 -0.80107697E-29  0.81349475E-29
  0.18946122E+14 -0.83041354E-29  0.75347034E-29
  0.18993487E+14 -0.84935295E-29  0.70392831E-29
  0.19040853E+14 -0.88601218E-29  0.64413163E-29
  0.19088218E+14 -0.89578733E-29  0.57894890E-29
  0.19135583E+14 -0.90737699E-29  0.51827429E-29
  0.19182948E+14 -0.91216409E-29  0.46120923E-29
  0.19230314E+14 -0.91181401E-29  0.39533100E-29
  0.19277679E+14 -0.90555393E-29  0.34129404E-29
  0.19325044E+14 -0.88524182E-29  0.27590808E-29
  0.19372410E+14 -0.86739479E-29  0.22748962E-29
  0.19419775E+14 -0.84060220E-29  0.17545777E-29
  0.19467140E+14 -0.79096164E-29  0.13058680E-29
  0.19514506E+14 -0.76349782E-29  0.98437868E-30
  0.19561871E+14 -0.69235069E-29  0.67610362E-30
  0.19609236E+14 -0.62851823E-29  0.59398926E-30
  0.19656602E+14 -0.55635944E-29  0.75427266E-30
  0.19703967E+14 -0.47510067E-29  0.11991258E-29
  0.19751332E+14 -0.34433024E-29  0.31520614E-29
  0.19798697E+14 -0.58697934E-29  0.42677338E-29
  0.19846063E+14 -0.67847014E-29  0.41666059E-29
  0.19893428E+14 -0.75988191E-29  0.41465360E-29
  0.19940793E+14 -0.84680150E-29  0.42038424E-29
  0.19988159E+14 -0.98427195E-29  0.34651420E-29
  0.20035524E+14 -0.10398887E-28  0.23791138E-29
  0.20082889E+14 -0.10640151E-28  0.14516167E-29
  0.20130255E+14 -0.10771496E-28  0.56651646E-30
  0.20177620E+14 -0.10648572E-28 -0.20852950E-30
  0.20224985E+14 -0.10630257E-28 -0.81963288E-30
  0.20272351E+14 -0.10527636E-28 -0.13935991E-29
  0.20319716E+14 -0.10503701E-28 -0.19985465E-29
  0.20367081E+14 -0.10372732E-28 -0.25479225E-29
  0.20414446E+14 -0.10311700E-28 -0.31157150E-29
  0.20461812E+14 -0.10191599E-28 -0.36505847E-29
  0.20509177E+14 -0.10091118E-28 -0.42251849E-29
  0.20556542E+14 -0.99042386E-29 -0.48084158E-29
  0.20603908E+14 -0.97852114E-29 -0.53821547E-29
  0.20651273E+14 -0.95548061E-29 -0.59752660E-29
  0.20698638E+14 -0.93890842E-29 -0.66006505E-29
  0.20746004E+14 -0.91702998E-29 -0.72076299E-29
  0.20793369E+14 -0.89062741E-29 -0.79270721E-29
  0.20840734E+14 -0.86160076E-29 -0.86106966E-29
  0.20888099E+14 -0.82616800E-29 -0.93428006E-29
  0.20935465E+14 -0.79273943E-29 -0.10120218E-28
  0.20982830E+14 -0.75315706E-29 -0.10993786E-28
  0.21030195E+14 -0.69340120E-29 -0.11889006E-28
  0.21077561E+14 -0.63549574E-29 -0.12889237E-28
  0.21124926E+14 -0.56041623E-29 -0.14017450E-28
  0.21172291E+14 -0.47626911E-29 -0.15173431E-28
  0.21219657E+14 -0.37071196E-29 -0.16577995E-28
  0.21267022E+14 -0.22901209E-29 -0.18194585E-28
  0.21314387E+14 -0.57992559E-30 -0.20000724E-28
  0.21361753E+14  0.19153854E-29 -0.22367732E-28
  0.21409118E+14  0.56423957E-29 -0.25676041E-28
  0.21456483E+14  0.12576103E-28 -0.30531481E-28
  0.21503848E+14  0.46450656E-28 -0.25241392E-28
  0.21551214E+14  0.28192241E-28  0.57593937E-29
  0.21598579E+14  0.19786594E-28  0.52114838E-29
  0.21645944E+14  0.15167796E-28  0.52880026E-29
  0.21693310E+14  0.12721495E-28  0.50684534E-29
  0.21740675E+14  0.11045614E-28  0.51255536E-29
  0.21788040E+14  0.94647384E-29  0.51563178E-29
  0.21835406E+14  0.84113149E-29  0.50439367E-29
  0.21882771E+14  0.75346140E-29  0.50170217E-29
  0.21930136E+14  0.66968922E-29  0.50602947E-29
  0.21977501E+14  0.60427030E-29  0.49068352E-29
  0.22024867E+14  0.55771386E-29  0.48884332E-29
  0.22072232E+14  0.50619747E-29  0.49542114E-29
  0.22119597E+14  0.45024083E-29  0.49522552E-29
  0.22166963E+14  0.40308608E-29  0.47744329E-29
  0.22214328E+14  0.38391644E-29  0.46527366E-29
  0.22261693E+14  0.35681336E-29  0.47662049E-29
  0.22309059E+14  0.30764422E-29  0.48033862E-29
  0.22356424E+14  0.26649318E-29  0.46332508E-29
  0.22403789E+14  0.23444721E-29  0.43089103E-29
  0.22451155E+14  0.22879331E-29  0.40652268E-29
  0.22498520E+14  0.21850489E-29  0.38504208E-29
  0.22545885E+14  0.22339550E-29  0.36879254E-29
  0.22593250E+14  0.21792472E-29  0.33937385E-29
  0.22640616E+14  0.27084322E-29  0.33154389E-29
  0.22687981E+14  0.28879472E-29  0.35209583E-29
  0.22735346E+14  0.30545912E-29  0.36950730E-29
  0.22782712E+14  0.30971728E-29  0.38440642E-29
  0.22830077E+14  0.33031753E-29  0.39617278E-29
  0.22877442E+14  0.35412842E-29  0.43031185E-29
  0.22924808E+14  0.36349137E-29  0.46348863E-29
  0.22972173E+14  0.37111713E-29  0.50695618E-29
  0.23019538E+14  0.37798651E-29  0.52303009E-29
  0.23066903E+14  0.41585576E-29  0.57687362E-29
  0.23114269E+14  0.42822625E-29  0.65388881E-29
  0.23161634E+14  0.42188331E-29  0.72362897E-29
  0.23208999E+14  0.40795819E-29  0.79836239E-29
  0.23256365E+14  0.40414461E-29  0.88852247E-29
  0.23303730E+14  0.37444547E-29  0.10078247E-28
  0.23351095E+14  0.29159417E-29  0.11539139E-28
  0.23398461E+14  0.13050729E-29  0.12360824E-28
  0.23445826E+14 -0.62452298E-31  0.12889281E-28
  0.23493191E+14 -0.21149456E-29  0.13033111E-28
  0.23540557E+14 -0.33759893E-29  0.12148659E-28
  0.23587922E+14 -0.42868527E-29  0.11722315E-28
  0.23635287E+14 -0.49820520E-29  0.11064906E-28
  0.23682652E+14 -0.54935038E-29  0.10738311E-28
  0.23730018E+14 -0.64204117E-29  0.10238782E-28
  0.23777383E+14 -0.67645474E-29  0.97018292E-29
  0.23824748E+14 -0.74539961E-29  0.90556615E-29
  0.23872114E+14 -0.78705438E-29  0.84795251E-29
  0.23919479E+14 -0.82101825E-29  0.80216466E-29
  0.23966844E+14 -0.83099607E-29  0.73404250E-29
  0.24014210E+14 -0.86629956E-29  0.68374454E-29
  0.24061575E+14 -0.90426516E-29  0.62310663E-29
  0.24108940E+14 -0.90896287E-29  0.56916552E-29
  0.24156306E+14 -0.91647643E-29  0.50625882E-29
  0.24203671E+14 -0.91782728E-29  0.46018216E-29
  0.24251036E+14 -0.92637735E-29  0.42576271E-29
  0.24298401E+14 -0.92886742E-29  0.35750054E-29
  0.24345767E+14 -0.90926810E-29  0.32316778E-29
  0.24393132E+14 -0.90856008E-29  0.29982418E-29
  0.24440497E+14 -0.89968533E-29  0.25916252E-29
  0.24487863E+14 -0.90403342E-29  0.22554286E-29
  0.24535228E+14 -0.89167115E-29  0.19182195E-29
  0.24582593E+14 -0.88222242E-29  0.16325905E-29
  0.24629959E+14 -0.87531190E-29  0.13617670E-29
  0.24677324E+14 -0.88137377E-29  0.10807504E-29
  0.24724689E+14 -0.86131872E-29  0.75166188E-30
  0.24772054E+14 -0.84889935E-29  0.42478759E-30
  0.24819420E+14 -0.83808419E-29  0.26666019E-30
  0.24866785E+14 -0.83756831E-29  0.70700264E-32
  0.24914150E+14 -0.81566218E-29 -0.31451230E-30
  0.24961516E+14 -0.80313868E-29 -0.48011251E-30
  0.25008881E+14 -0.79511145E-29 -0.66252561E-30
  0.25056246E+14 -0.79033232E-29 -0.93254367E-30
  0.25103612E+14 -0.75902258E-29 -0.12141095E-29
  0.25150977E+14 -0.74588335E-29 -0.12834543E-29
  0.25198342E+14 -0.73833290E-29 -0.13837800E-29
  0.25245708E+14 -0.73399622E-29 -0.16400558E-29
  0.25293073E+14 -0.70499342E-29 -0.18867031E-29
  0.25340438E+14 -0.68206019E-29 -0.19445373E-29
  0.25387803E+14 -0.67498827E-29 -0.19503966E-29
  0.25435169E+14 -0.66924614E-29 -0.21787744E-29
  0.25482534E+14 -0.64201647E-29 -0.23325044E-29
  0.25529899E+14 -0.62803491E-29 -0.23351676E-29
  0.25577265E+14 -0.61347028E-29 -0.24476687E-29
  0.25624630E+14 -0.60109959E-29 -0.24635850E-29
  0.25671995E+14 -0.59108950E-29 -0.25199226E-29
  0.25719361E+14 -0.57709018E-29 -0.28266337E-29
  0.25766726E+14 -0.54028191E-29 -0.25340794E-29
  0.25814091E+14 -0.55742965E-29 -0.25534666E-29
  0.25861456E+14 -0.54885643E-29 -0.26468122E-29
  0.25908822E+14 -0.50536684E-29 -0.29291839E-29
  0.25956187E+14 -0.53211291E-29 -0.24695679E-29
  0.26003552E+14 -0.54374955E-29 -0.25927025E-29
  0.26050918E+14 -0.55629837E-29 -0.27608849E-29
  0.26098283E+14 -0.56273390E-29 -0.30785717E-29
  0.26145648E+14 -0.54186852E-29 -0.34060743E-29
  0.26193014E+14 -0.52549060E-29 -0.35672818E-29
  0.26240379E+14 -0.50251690E-29 -0.37939140E-29
  0.26287744E+14 -0.47774150E-29 -0.38537569E-29
  0.26335110E+14 -0.46803470E-29 -0.39872488E-29
  0.26382475E+14 -0.44483767E-29 -0.41918144E-29
  0.26429840E+14 -0.41807443E-29 -0.42661244E-29
  0.26477205E+14 -0.39557155E-29 -0.44100161E-29
  0.26524571E+14 -0.35022218E-29 -0.46201892E-29
  0.26571936E+14 -0.27071416E-29 -0.47533006E-29
  0.26619301E+14 -0.21413224E-29 -0.38288903E-29
  0.26666667E+14 -0.23230386E-29 -0.34674102E-29
  0.26714032E+14 -0.24590169E-29 -0.31739551E-29
  0.26761397E+14 -0.25218283E-29 -0.30760068E-29
  0.26808763E+14 -0.24396167E-29 -0.29014332E-29
  0.26856128E+14 -0.26298523E-29 -0.25920069E-29
  0.26903493E+14 -0.26986299E-29 -0.26444922E-29
  0.26950858E+14 -0.30104399E-29 -0.24667047E-29
  0.26998224E+14 -0.30357608E-29 -0.24846877E-29
  0.27045589E+14 -0.32986010E-29 -0.27091029E-29
  0.27092954E+14 -0.33894127E-29 -0.25901432E-29
  0.27140320E+14 -0.35797504E-29 -0.29164057E-29
  0.27187685E+14 -0.34989300E-29 -0.29973753E-29
  0.27235050E+14 -0.37356131E-29 -0.32257842E-29
  0.27282416E+14 -0.36247395E-29 -0.34827325E-29
  0.27329781E+14 -0.35401241E-29 -0.37148196E-29
  0.27377146E+14 -0.35825200E-29 -0.40534175E-29
  0.27424512E+14 -0.33709669E-29 -0.44222692E-29
  0.27471877E+14 -0.33084914E-29 -0.47368559E-29
  0.27519242E+14 -0.26597767E-29 -0.54026350E-29
  0.27566607E+14 -0.12969305E-29 -0.60433831E-29
  0.27613973E+14  0.83207669E-30 -0.36136139E-29
  0.27661338E+14 -0.94831969E-30 -0.19143141E-29
  0.27708703E+14 -0.23563524E-29 -0.17984161E-29
  0.27756069E+14 -0.34391415E-29 -0.24386378E-29
  0.27803434E+14 -0.39058541E-29 -0.32970033E-29
  0.27850799E+14 -0.41701737E-29 -0.41869532E-29
  0.27898165E+14 -0.40468088E-29 -0.52740707E-29
  0.27945530E+14 -0.36047669E-29 -0.61569888E-29
  0.27992895E+14 -0.29606911E-29 -0.70998647E-29
  0.28040261E+14 -0.19466007E-29 -0.77618508E-29
  0.28087626E+14 -0.89978230E-30 -0.83395030E-29
  0.28134991E+14  0.58357811E-30 -0.86543478E-29
  0.28182356E+14  0.20260415E-29 -0.87905776E-29
  0.28229722E+14  0.42832904E-29 -0.86166161E-29
  0.28277087E+14  0.70352595E-29 -0.76977056E-29
  0.28324452E+14  0.11184403E-28 -0.15442895E-29
  0.28371818E+14  0.55333041E-29  0.12567033E-29
  0.28419183E+14  0.41542857E-29  0.13057591E-29
  0.28466548E+14  0.32049504E-29  0.16272408E-29
  0.28513914E+14  0.30720274E-29  0.19530756E-29
  0.28561279E+14  0.46626188E-29  0.24419008E-29
  0.28608644E+14  0.27653491E-29  0.13873506E-28
  0.28656009E+14 -0.98793743E-29  0.15655372E-28
  0.28703375E+14 -0.23788292E-28  0.11142768E-28
  0.28750740E+14 -0.45529695E-28 -0.15738681E-28
  0.28798105E+14 -0.47387462E-29 -0.48454815E-28
  0.28845471E+14  0.16777803E-28 -0.32147509E-28
  0.28892836E+14  0.25791199E-28 -0.23613306E-28
  0.28940201E+14  0.37166323E-28 -0.62322597E-29
  0.28987567E+14  0.34786197E-28  0.14878109E-28
  0.29034932E+14  0.15938455E-28  0.27341443E-28
  0.29082297E+14  0.31308403E-29  0.26000477E-28
  0.29129663E+14 -0.42709145E-29  0.20783219E-28
  0.29177028E+14 -0.94399887E-29  0.18480589E-28
  0.29224393E+14 -0.14731714E-28  0.14980542E-28
  0.29271758E+14 -0.19446499E-28  0.98268451E-29
  0.29319124E+14 -0.22602705E-28  0.22157920E-29
  0.29366489E+14 -0.21217190E-28 -0.61836436E-29
  0.29413854E+14 -0.16974546E-28 -0.12829074E-28
  0.29461220E+14 -0.10526101E-28 -0.17155555E-28
  0.29508585E+14 -0.26528043E-29 -0.18086614E-28
  0.29555950E+14  0.47539857E-29 -0.14461921E-28
  0.29603316E+14  0.74598446E-29 -0.52731877E-29
  0.29650681E+14  0.19307934E-29 -0.46969709E-29
  0.29698046E+14  0.18805497E-29 -0.45003398E-29
  0.29745411E+14  0.18398338E-29 -0.40540184E-29
  0.29792777E+14  0.18002676E-29 -0.36260721E-29
  0.29840142E+14  0.17468052E-29 -0.32443641E-29
  0.29887507E+14  0.16896283E-29 -0.29272518E-29
  0.29934873E+14  0.16417032E-29 -0.26537553E-29
  0.29982238E+14  0.15966269E-29 -0.24077278E-29
  0.30029603E+14  0.15509960E-29 -0.21849095E-29
  0.30076969E+14  0.14929082E-29 -0.19832988E-29
  0.30124334E+14  0.14359951E-29 -0.18152508E-29
  0.30171699E+14  0.13910758E-29 -0.16657803E-29
  0.30219065E+14  0.13503662E-29 -0.15209156E-29
  0.30266430E+14  0.13074228E-29 -0.13806931E-29
  0.30313795E+14  0.12513757E-29 -0.12474825E-29
  0.30361160E+14  0.11913957E-29 -0.11368725E-29
  0.30408526E+14  0.11413113E-29 -0.10421224E-29
  0.30455891E+14  0.11003925E-29 -0.94915333E-30
  0.30503256E+14  0.10590231E-29 -0.85432531E-30
  0.30550622E+14  0.10116823E-29 -0.75908869E-30
  0.30597987E+14  0.95379598E-30 -0.67804802E-30
  0.30645352E+14  0.90253685E-30 -0.60867045E-30
  0.30692718E+14  0.86034429E-30 -0.54335961E-30
  0.30740083E+14  0.81744262E-30 -0.47431841E-30
  0.30787448E+14  0.77354957E-30 -0.40591681E-30
  0.30834813E+14  0.71962100E-30 -0.33847556E-30
  0.30882179E+14  0.66453458E-30 -0.28789295E-30
  0.30929544E+14  0.61790540E-30 -0.24395970E-30
  0.30976909E+14  0.58097171E-30 -0.19674771E-30
  0.31024275E+14  0.54203434E-30 -0.14390937E-30
  0.31071640E+14  0.49724257E-30 -0.88292196E-31
  0.31119005E+14  0.43879442E-30 -0.39867747E-31
  0.31166371E+14  0.38422822E-30 -0.74341610E-32
  0.31213736E+14  0.34043407E-30  0.19826839E-31
  0.31261101E+14  0.30554336E-30  0.52078502E-31
  0.31308467E+14  0.26894799E-30  0.91516281E-31
  0.31355832E+14  0.22530437E-30  0.13601075E-30
  0.31403197E+14  0.16845289E-30  0.17178250E-30
  0.31450562E+14  0.11540127E-30  0.19441108E-30
  0.31497928E+14  0.70816396E-31  0.21041495E-30
  0.31545293E+14  0.36186774E-31  0.23181135E-30
  0.31592658E+14 -0.56118262E-33  0.25944105E-30
  0.31640024E+14 -0.41196321E-31  0.29078239E-30
  0.31687389E+14 -0.93828490E-31  0.31662351E-30
  0.31734754E+14 -0.14419747E-30  0.33208726E-30
  0.31782120E+14 -0.18778987E-30  0.34209937E-30
  0.31829485E+14 -0.22423034E-30  0.35529837E-30
  0.31876850E+14 -0.26105438E-30  0.37278397E-30
  0.31924216E+14 -0.30130859E-30  0.39474498E-30
  0.31971581E+14 -0.35162481E-30  0.40986043E-30
  0.32018946E+14 -0.39773252E-30  0.41671889E-30
  0.32066311E+14 -0.43786058E-30  0.42014035E-30
  0.32113677E+14 -0.47165156E-30  0.42830018E-30
  0.32161042E+14 -0.50865033E-30  0.44119318E-30
  0.32208407E+14 -0.55026192E-30  0.45538232E-30
  0.32255773E+14 -0.60045532E-30  0.46099362E-30
  0.32303138E+14 -0.64422158E-30  0.45905220E-30
  0.32350503E+14 -0.67956653E-30  0.45425329E-30
  0.32397869E+14 -0.70962637E-30  0.45766201E-30
  0.32445234E+14 -0.74484126E-30  0.46622101E-30
  0.32492599E+14 -0.78591945E-30  0.47517769E-30
  0.32539964E+14 -0.83548014E-30  0.47502189E-30
  0.32587330E+14 -0.87800621E-30  0.46594955E-30
  0.32634695E+14 -0.91290685E-30  0.45385549E-30
  0.32682060E+14 -0.93881611E-30  0.44851074E-30
  0.32729426E+14 -0.96942455E-30  0.45121497E-30
  0.32776791E+14 -0.10073326E-29  0.45661537E-30
  0.32824156E+14 -0.10547052E-29  0.45350995E-30
  0.32871522E+14 -0.10981130E-29  0.43943908E-30
  0.32918887E+14 -0.11318134E-29  0.42063187E-30
  0.32966252E+14 -0.11569263E-29  0.40856493E-30
  0.33013618E+14 -0.11831147E-29  0.40357816E-30
  0.33060983E+14 -0.12157218E-29  0.40397162E-30
  0.33108348E+14 -0.12593964E-29  0.39732256E-30
  0.33155713E+14 -0.12999543E-29  0.38030550E-30
  0.33203079E+14 -0.13332780E-29  0.35738287E-30
  0.33250444E+14 -0.13568539E-29  0.33956324E-30
  0.33297809E+14 -0.13816571E-29  0.32853263E-30
  0.33345175E+14 -0.14103758E-29  0.32241023E-30
  0.33392540E+14 -0.14494668E-29  0.31006668E-30
  0.33439905E+14 -0.14858228E-29  0.28996399E-30
  0.33487271E+14 -0.15150055E-29  0.26513293E-30
  0.33534636E+14 -0.15377129E-29  0.24472708E-30
  0.33582001E+14 -0.15618693E-29  0.22839033E-30
  0.33629366E+14 -0.15895497E-29  0.21423049E-30
  0.33676732E+14 -0.16213612E-29  0.19621866E-30
  0.33724097E+14 -0.16513154E-29  0.17256847E-30
  0.33771462E+14 -0.16766295E-29  0.14707225E-30
  0.33818828E+14 -0.16989873E-29  0.12299568E-30
  0.33866193E+14 -0.17204944E-29  0.10283996E-30
  0.33913558E+14 -0.17459374E-29  0.83578861E-31
  0.33960924E+14 -0.17736904E-29  0.60118606E-31
  0.34008289E+14 -0.17990192E-29  0.32590641E-31
  0.34055654E+14 -0.18184094E-29  0.34626227E-32
  0.34103020E+14 -0.18366840E-29 -0.21795004E-31
  0.34150385E+14 -0.18566182E-29 -0.44600515E-31
  0.34197750E+14 -0.18790369E-29 -0.68359176E-31
  0.34245115E+14 -0.19023925E-29 -0.97546338E-31
  0.34292481E+14 -0.19221990E-29 -0.12876521E-30
  0.34339846E+14 -0.19372755E-29 -0.15830144E-30
  0.34387211E+14 -0.19527089E-29 -0.18587113E-30
  0.34434577E+14 -0.19688686E-29 -0.21205593E-30
  0.34481942E+14 -0.19884916E-29 -0.24165243E-30
  0.34529307E+14 -0.20055289E-29 -0.27280544E-30
  0.34576673E+14 -0.20193900E-29 -0.30669998E-30
  0.34624038E+14 -0.20309141E-29 -0.33787281E-30
  0.34671403E+14 -0.20433526E-29 -0.36712205E-30
  0.34718769E+14 -0.20565645E-29 -0.39813568E-30
  0.34766134E+14 -0.20691831E-29 -0.42991597E-30
  0.34813499E+14 -0.20817438E-29 -0.46477548E-30
  0.34860864E+14 -0.20900881E-29 -0.49816056E-30
  0.34908230E+14 -0.20980818E-29 -0.53160847E-30
  0.34955595E+14 -0.21052466E-29 -0.56457213E-30
  0.35002960E+14 -0.21127393E-29 -0.59900908E-30
  0.35050326E+14 -0.21198330E-29 -0.63098145E-30
  0.35097691E+14 -0.21274416E-29 -0.66587387E-30
  0.35145056E+14 -0.21331210E-29 -0.70175496E-30
  0.35192422E+14 -0.21363387E-29 -0.73893898E-30
  0.35239787E+14 -0.21360364E-29 -0.77427627E-30
  0.35287152E+14 -0.21376200E-29 -0.80593264E-30
  0.35334517E+14 -0.21416582E-29 -0.83904785E-30
  0.35381883E+14 -0.21461777E-29 -0.87730089E-30
  0.35429248E+14 -0.21449228E-29 -0.91650917E-30
  0.35476613E+14 -0.21389241E-29 -0.95349903E-30
  0.35523979E+14 -0.21355172E-29 -0.98528571E-30
  0.35571344E+14 -0.21333926E-29 -0.10192923E-29
  0.35618709E+14 -0.21342013E-29 -0.10561323E-29
  0.35666075E+14 -0.21314356E-29 -0.10970806E-29
  0.35713440E+14 -0.21199671E-29 -0.11362682E-29
  0.35760805E+14 -0.21087986E-29 -0.11695576E-29
  0.35808171E+14 -0.21017080E-29 -0.11993103E-29
  0.35855536E+14 -0.20994553E-29 -0.12340084E-29
  0.35902901E+14 -0.20951129E-29 -0.12770681E-29
  0.35950266E+14 -0.20770544E-29 -0.13204506E-29
  0.35997632E+14 -0.20566913E-29 -0.13513595E-29
  0.36044997E+14 -0.20475537E-29 -0.13773637E-29
  0.36092362E+14 -0.20434225E-29 -0.14114815E-29
  0.36139728E+14 -0.20348752E-29 -0.14584384E-29
  0.36187093E+14 -0.20080343E-29 -0.15010219E-29
  0.36234458E+14 -0.19803443E-29 -0.15279077E-29
  0.36281824E+14 -0.19698695E-29 -0.15502472E-29
  0.36329189E+14 -0.19625486E-29 -0.15877064E-29
  0.36376554E+14 -0.19452455E-29 -0.16356046E-29
  0.36423919E+14 -0.19091357E-29 -0.16734767E-29
  0.36471285E+14 -0.18814819E-29 -0.16946107E-29
  0.36518650E+14 -0.18697225E-29 -0.17165283E-29
  0.36566015E+14 -0.18578432E-29 -0.17569894E-29
  0.36613381E+14 -0.18300991E-29 -0.18045764E-29
  0.36660746E+14 -0.17887849E-29 -0.18340190E-29
  0.36708111E+14 -0.17595958E-29 -0.18490914E-29
  0.36755477E+14 -0.17479145E-29 -0.18755289E-29
  0.36802842E+14 -0.17318230E-29 -0.19204432E-29
  0.36850207E+14 -0.16821000E-29 -0.19605567E-29
  0.36897573E+14 -0.16409375E-29 -0.19765729E-29
  0.36944938E+14 -0.16215552E-29 -0.19917032E-29
  0.36992303E+14 -0.16028426E-29 -0.20266410E-29
  0.37039668E+14 -0.15630042E-29 -0.20716426E-29
  0.37087034E+14 -0.15136445E-29 -0.20910320E-29
  0.37134399E+14 -0.14809775E-29 -0.20998843E-29
  0.37181764E+14 -0.14589283E-29 -0.21262736E-29
  0.37229130E+14 -0.14249593E-29 -0.21645464E-29
  0.37276495E+14 -0.13723500E-29 -0.21893666E-29
  0.37323860E+14 -0.13295777E-29 -0.21963070E-29
  0.37371226E+14 -0.13027902E-29 -0.22146479E-29
  0.37418591E+14 -0.12663657E-29 -0.22474661E-29
  0.37465956E+14 -0.12123944E-29 -0.22691397E-29
  0.37513321E+14 -0.11662173E-29 -0.22735363E-29
  0.37560687E+14 -0.11345637E-29 -0.22882146E-29
  0.37608052E+14 -0.10930220E-29 -0.23137782E-29
  0.37655417E+14 -0.10367593E-29 -0.23291994E-29
  0.37702783E+14 -0.99511652E-30 -0.23306128E-29
  0.37750148E+14 -0.95964335E-30 -0.23449694E-29
  0.37797513E+14 -0.90624536E-30 -0.23635432E-29
  0.37844879E+14 -0.85294933E-30 -0.23664378E-29
  0.37892244E+14 -0.81024868E-30 -0.23694200E-29
  0.37939609E+14 -0.76608682E-30 -0.23841107E-29
  0.37986975E+14 -0.70947632E-30 -0.23858229E-29
  0.38034340E+14 -0.66410856E-30 -0.23831769E-29
  0.38081705E+14 -0.61841620E-30 -0.23891446E-29
  0.38129070E+14 -0.55621808E-30 -0.23919871E-29
  0.38176436E+14 -0.50867362E-30 -0.23796492E-29
  0.38223801E+14 -0.46469742E-30 -0.23809382E-29
  0.38271166E+14 -0.40585343E-30 -0.23804343E-29
  0.38318532E+14 -0.35118489E-30 -0.23615798E-29
  0.38365897E+14 -0.31048267E-30 -0.23543507E-29
  0.38413262E+14 -0.25515467E-30 -0.23523409E-29
  0.38460628E+14 -0.19171635E-30 -0.23280397E-29
  0.38507993E+14 -0.15571063E-30 -0.23100953E-29
  0.38555358E+14 -0.10006816E-30 -0.23061107E-29
  0.38602724E+14 -0.34323238E-31 -0.22737757E-29
  0.38650089E+14 -0.12049288E-32 -0.22492641E-29
  0.38697454E+14  0.57802175E-31 -0.22379403E-29
  0.38744819E+14  0.11628849E-30 -0.21950345E-29
  0.38792185E+14  0.14922976E-30 -0.21710955E-29
  0.38839550E+14  0.21383303E-30 -0.21464315E-29
  0.38886915E+14  0.25756659E-30 -0.20959193E-29
  0.38934281E+14  0.29773093E-30 -0.20709991E-29
  0.38981646E+14  0.35931144E-30 -0.20256726E-29
  0.39029011E+14  0.38986980E-30 -0.19779612E-29
  0.39076377E+14  0.44304021E-30 -0.19406430E-29
  0.39123742E+14  0.48051133E-30 -0.18803297E-29
  0.39171107E+14  0.51929445E-30 -0.18368204E-29
  0.39218472E+14  0.56354215E-30 -0.17748117E-29
  0.39265838E+14  0.59414138E-30 -0.17193936E-29
  0.39313203E+14  0.62920030E-30 -0.16519120E-29
  0.39360568E+14  0.65708526E-30 -0.15853223E-29
  0.39407934E+14  0.68319610E-30 -0.15172470E-29
  0.39455299E+14  0.71017169E-30 -0.14381058E-29
  0.39502664E+14  0.72736273E-30 -0.13608081E-29
  0.39550030E+14  0.72570441E-30 -0.12703739E-29
  0.39597395E+14  0.74882843E-30 -0.11726337E-29
  0.39644760E+14  0.74398058E-30 -0.10698394E-29
  0.39692126E+14  0.71680731E-30 -0.71027718E-30
  0.39739491E+14  0.69397044E-30 -0.12251270E-29
  0.39786856E+14  0.65857525E-30 -0.85980527E-30
  0.39834221E+14  0.58678827E-30 -0.73750569E-30
  0.39881587E+14  0.51236737E-30 -0.54676416E-30
  0.39928952E+14  0.17414339E-30 -0.40437542E-30
  0.39976317E+14  0.00000000E+00 -0.66472408E-30
  0.40023683E+14  0.00000000E+00 -0.76488460E-30
  0.40071048E+14  0.00000000E+00 -0.81867220E-30
  0.40118413E+14  0.00000000E+00 -0.85311461E-30
  0.40165779E+14  0.00000000E+00 -0.87684482E-30
  0.40213144E+14  0.00000000E+00 -0.89380738E-30
  0.40260509E+14  0.00000000E+00 -0.90614685E-30
  0.40307874E+14  0.00000000E+00 -0.91515972E-30
  0.40355240E+14  0.00000000E+00 -0.92168842E-30
  0.40402605E+14  0.00000000E+00 -0.92630990E-30
  0.40449970E+14  0.00000000E+00 -0.92943541E-30
  0.40497336E+14  0.00000000E+00 -0.93136746E-30
  0.40544701E+14  0.00000000E+00 -0.93233431E-30
  0.40592066E+14  0.00000000E+00 -0.93251184E-30
  0.40639432E+14  0.00000000E+00 -0.93203798E-30
  0.40686797E+14  0.00000000E+00 -0.93102251E-30
  0.40734162E+14  0.00000000E+00 -0.92955393E-30
  0.40781528E+14  0.00000000E+00 -0.92770440E-30
  0.40828893E+14  0.00000000E+00 -0.92553331E-30
  0.40876258E+14  0.00000000E+00 -0.92308996E-30
  0.40923623E+14  0.00000000E+00 -0.92041561E-30
  0.40970989E+14  0.00000000E+00 -0.91754499E-30
  0.41018354E+14  0.00000000E+00 -0.91450754E-30
  0.41065719E+14  0.00000000E+00 -0.91132833E-30
  0.41113085E+14  0.00000000E+00 -0.90802881E-30
  0.41160450E+14  0.00000000E+00 -0.90462744E-30
  0.41207815E+14  0.00000000E+00 -0.90114013E-30
  0.41255181E+14  0.00000000E+00 -0.89758068E-30
  0.41302546E+14  0.00000000E+00 -0.89396106E-30
  0.41349911E+14  0.00000000E+00 -0.89029172E-30
  0.41397276E+14  0.00000000E+00 -0.88658177E-30
  0.41444642E+14  0.00000000E+00 -0.88283921E-30
  0.41492007E+14  0.00000000E+00 -0.87907103E-30
  0.41539372E+14  0.00000000E+00 -0.87528339E-30
  0.41586738E+14  0.00000000E+00 -0.87148173E-30
  0.41634103E+14  0.00000000E+00 -0.86767080E-30
  0.41681468E+14  0.00000000E+00 -0.86385483E-30
  0.41728834E+14  0.00000000E+00 -0.86003754E-30
  0.41776199E+14  0.00000000E+00 -0.85622223E-30
  0.41823564E+14  0.00000000E+00 -0.85241179E-30
  0.41870930E+14  0.00000000E+00 -0.84860880E-30
  0.41918295E+14  0.00000000E+00 -0.84481554E-30
  0.41965660E+14  0.00000000E+00 -0.84103402E-30
  0.42013025E+14  0.00000000E+00 -0.83726601E-30
  0.42060391E+14  0.00000000E+00 -0.83351307E-30
  0.42107756E+14  0.00000000E+00 -0.82977660E-30
  0.42155121E+14  0.00000000E+00 -0.82605780E-30
  0.42202487E+14  0.00000000E+00 -0.82235774E-30
  0.42249852E+14  0.00000000E+00 -0.81867737E-30
  0.42297217E+14  0.00000000E+00 -0.81501749E-30
  0.42344583E+14  0.00000000E+00 -0.81137882E-30
  0.42391948E+14  0.00000000E+00 -0.80776197E-30
  0.42439313E+14  0.00000000E+00 -0.80416748E-30
  0.42486679E+14  0.00000000E+00 -0.80059579E-30
  0.42534044E+14  0.00000000E+00 -0.79704729E-30
  0.42581409E+14  0.00000000E+00 -0.79352231E-30
  0.42628774E+14  0.00000000E+00 -0.79002111E-30
  0.42676140E+14  0.00000000E+00 -0.78654391E-30
  0.42723505E+14  0.00000000E+00 -0.78309087E-30
  0.42770870E+14  0.00000000E+00 -0.77966214E-30
  0.42818236E+14  0.00000000E+00 -0.77625779E-30
  0.42865601E+14  0.00000000E+00 -0.77287789E-30
  0.42912966E+14  0.00000000E+00 -0.76952248E-30
  0.42960332E+14  0.00000000E+00 -0.76619155E-30
  0.43007697E+14  0.00000000E+00 -0.76288509E-30
  0.43055062E+14  0.00000000E+00 -0.75960305E-30
  0.43102427E+14  0.00000000E+00 -0.75634537E-30
  0.43149793E+14  0.00000000E+00 -0.75311197E-30
  0.43197158E+14  0.00000000E+00 -0.74990276E-30
  0.43244523E+14  0.00000000E+00 -0.74671763E-30
  0.43291889E+14  0.00000000E+00 -0.74355646E-30
  0.43339254E+14  0.00000000E+00 -0.74041911E-30
  0.43386619E+14  0.00000000E+00 -0.73730545E-30
  0.43433985E+14  0.00000000E+00 -0.73421532E-30
  0.43481350E+14  0.00000000E+00 -0.73114856E-30
  0.43528715E+14  0.00000000E+00 -0.72810500E-30
  0.43576081E+14  0.00000000E+00 -0.72508448E-30
  0.43623446E+14  0.00000000E+00 -0.72208682E-30
  0.43670811E+14  0.00000000E+00 -0.71911183E-30
  0.43718176E+14  0.00000000E+00 -0.71615933E-30
  0.43765542E+14  0.00000000E+00 -0.71322913E-30
  0.43812907E+14  0.00000000E+00 -0.71032104E-30
  0.43860272E+14  0.00000000E+00 -0.70743486E-30
  0.43907638E+14  0.00000000E+00 -0.70457040E-30
  0.43955003E+14  0.00000000E+00 -0.70172745E-30
  0.44002368E+14  0.00000000E+00 -0.69890583E-30
  0.44049734E+14  0.00000000E+00 -0.69610532E-30
  0.44097099E+14  0.00000000E+00 -0.69332573E-30
  0.44144464E+14  0.00000000E+00 -0.69056686E-30
  0.44191829E+14  0.00000000E+00 -0.68782850E-30
  0.44239195E+14  0.00000000E+00 -0.68511046E-30
  0.44286560E+14  0.00000000E+00 -0.68241253E-30
  0.44333925E+14  0.00000000E+00 -0.67973451E-30
  0.44381291E+14  0.00000000E+00 -0.67707621E-30
  0.44428656E+14  0.00000000E+00 -0.67443742E-30
  0.44476021E+14  0.00000000E+00 -0.67181795E-30
  0.44523387E+14  0.00000000E+00 -0.66921760E-30
  0.44570752E+14  0.00000000E+00 -0.66663618E-30
  0.44618117E+14  0.00000000E+00 -0.66407349E-30
  0.44665483E+14  0.00000000E+00 -0.66152934E-30
  0.44712848E+14  0.00000000E+00 -0.65900354E-30
  0.44760213E+14  0.00000000E+00 -0.65649589E-30
  0.44807578E+14  0.00000000E+00 -0.65400622E-30
  0.44854944E+14  0.00000000E+00 -0.65153434E-30
  0.44902309E+14  0.00000000E+00 -0.64908005E-30
  0.44949674E+14  0.00000000E+00 -0.64664318E-30
  0.44997040E+14  0.00000000E+00 -0.64422354E-30
  0.45044405E+14  0.00000000E+00 -0.64182097E-30
  0.45091770E+14  0.00000000E+00 -0.63943527E-30
  0.45139136E+14  0.00000000E+00 -0.63706628E-30
  0.45186501E+14  0.00000000E+00 -0.63471381E-30
  0.45233866E+14  0.00000000E+00 -0.63237771E-30
  0.45281231E+14  0.00000000E+00 -0.63005779E-30
  0.45328597E+14  0.00000000E+00 -0.62775389E-30
  0.45375962E+14  0.00000000E+00 -0.62546585E-30
  0.45423327E+14  0.00000000E+00 -0.62319350E-30
  0.45470693E+14  0.00000000E+00 -0.62093668E-30
  0.45518058E+14  0.00000000E+00 -0.61869522E-30
  0.45565423E+14  0.00000000E+00 -0.61646897E-30
  0.45612789E+14  0.00000000E+00 -0.61425777E-30
  0.45660154E+14  0.00000000E+00 -0.61206147E-30
  0.45707519E+14  0.00000000E+00 -0.60987992E-30
  0.45754885E+14  0.00000000E+00 -0.60771296E-30
  0.45802250E+14  0.00000000E+00 -0.60556044E-30
  0.45849615E+14  0.00000000E+00 -0.60342222E-30
  0.45896980E+14  0.00000000E+00 -0.60129815E-30
  0.45944346E+14  0.00000000E+00 -0.59918809E-30
  0.45991711E+14  0.00000000E+00 -0.59709190E-30
  0.46039076E+14  0.00000000E+00 -0.59500943E-30
  0.46086442E+14  0.00000000E+00 -0.59294055E-30
  0.46133807E+14  0.00000000E+00 -0.59088512E-30
  0.46181172E+14  0.00000000E+00 -0.58884300E-30
  0.46228538E+14  0.00000000E+00 -0.58681406E-30
  0.46275903E+14  0.00000000E+00 -0.58479818E-30
  0.46323268E+14  0.00000000E+00 -0.58279522E-30
  0.46370634E+14  0.00000000E+00 -0.58080505E-30
  0.46417999E+14  0.00000000E+00 -0.57882755E-30
  0.46465364E+14  0.00000000E+00 -0.57686258E-30
  0.46512729E+14  0.00000000E+00 -0.57491004E-30
  0.46560095E+14  0.00000000E+00 -0.57296979E-30
  0.46607460E+14  0.00000000E+00 -0.57104171E-30
  0.46654825E+14  0.00000000E+00 -0.56912570E-30
  0.46702191E+14  0.00000000E+00 -0.56722162E-30
  0.46749556E+14  0.00000000E+00 -0.56532937E-30
  0.46796921E+14  0.00000000E+00 -0.56344882E-30
  0.46844287E+14  0.00000000E+00 -0.56157987E-30
  0.46891652E+14  0.00000000E+00 -0.55972241E-30
  0.46939017E+14  0.00000000E+00 -0.55787632E-30
  0.46986382E+14  0.00000000E+00 -0.55604150E-30
  0.47033748E+14  0.00000000E+00 -0.55421783E-30
  0.47081113E+14  0.00000000E+00 -0.55240523E-30
  0.47128478E+14  0.00000000E+00 -0.55060356E-30
  0.47175844E+14  0.00000000E+00 -0.54881275E-30
  0.47223209E+14  0.00000000E+00 -0.54703268E-30
  0.47270574E+14  0.00000000E+00 -0.54526325E-30
  0.47317940E+14  0.00000000E+00 -0.54350436E-30
  0.47365305E+14  0.00000000E+00 -0.54175593E-30
  0.47412670E+14  0.00000000E+00 -0.54001783E-30
  0.47460036E+14  0.00000000E+00 -0.53829000E-30
  0.47507401E+14  0.00000000E+00 -0.53657232E-30
  0.47554766E+14  0.00000000E+00 -0.53486470E-30
  0.47602131E+14  0.00000000E+00 -0.53316706E-30
  0.47649497E+14  0.00000000E+00 -0.53147930E-30
  0.47696862E+14  0.00000000E+00 -0.52980133E-30
  0.47744227E+14  0.00000000E+00 -0.52813307E-30
  0.47791593E+14  0.00000000E+00 -0.52647442E-30
  0.47838958E+14  0.00000000E+00 -0.52482530E-30
  0.47886323E+14  0.00000000E+00 -0.52318562E-30
  0.47933689E+14  0.00000000E+00 -0.52155530E-30
  0.47981054E+14  0.00000000E+00 -0.51993426E-30
  0.48028419E+14  0.00000000E+00 -0.51832241E-30
  0.48075784E+14  0.00000000E+00 -0.51671967E-30
  0.48123150E+14  0.00000000E+00 -0.51512596E-30
  0.48170515E+14  0.00000000E+00 -0.51354120E-30
  0.48217880E+14  0.00000000E+00 -0.51196532E-30
  0.48265246E+14  0.00000000E+00 -0.51039823E-30
  0.48312611E+14  0.00000000E+00 -0.50883986E-30
  0.48359976E+14  0.00000000E+00 -0.50729013E-30
  0.48407342E+14  0.00000000E+00 -0.50574897E-30
  0.48454707E+14  0.00000000E+00 -0.50421631E-30
  0.48502072E+14  0.00000000E+00 -0.50269206E-30
  0.48549438E+14  0.00000000E+00 -0.50117616E-30
  0.48596803E+14  0.00000000E+00 -0.49966855E-30
  0.48644168E+14  0.00000000E+00 -0.49816913E-30
  0.48691533E+14  0.00000000E+00 -0.49667786E-30
  0.48738899E+14  0.00000000E+00 -0.49519465E-30
  0.48786264E+14  0.00000000E+00 -0.49371944E-30
  0.48833629E+14  0.00000000E+00 -0.49225217E-30
  0.48880995E+14  0.00000000E+00 -0.49079276E-30
  0.48928360E+14  0.00000000E+00 -0.48934116E-30
  0.48975725E+14  0.00000000E+00 -0.48789728E-30
  0.49023091E+14  0.00000000E+00 -0.48646108E-30
  0.49070456E+14  0.00000000E+00 -0.48503249E-30
  0.49117821E+14  0.00000000E+00 -0.48361145E-30
  0.49165187E+14  0.00000000E+00 -0.48219788E-30
  0.49212552E+14  0.00000000E+00 -0.48079174E-30
  0.49259917E+14  0.00000000E+00 -0.47939296E-30
  0.49307282E+14  0.00000000E+00 -0.47800148E-30
  0.49354648E+14  0.00000000E+00 -0.47661724E-30
  0.49402013E+14  0.00000000E+00 -0.47524019E-30
  0.49449378E+14  0.00000000E+00 -0.47387026E-30
  0.49496744E+14  0.00000000E+00 -0.47250740E-30
  0.49544109E+14  0.00000000E+00 -0.47115155E-30
  0.49591474E+14  0.00000000E+00 -0.46980265E-30
  0.49638840E+14  0.00000000E+00 -0.46846066E-30
  0.49686205E+14  0.00000000E+00 -0.46712551E-30
  0.49733570E+14  0.00000000E+00 -0.46579715E-30
  0.49780935E+14  0.00000000E+00 -0.46447553E-30
  0.49828301E+14  0.00000000E+00 -0.46316059E-30
  0.49875666E+14  0.00000000E+00 -0.46185228E-30
  0.49923031E+14  0.00000000E+00 -0.46055056E-30
  0.49970397E+14  0.00000000E+00 -0.45925536E-30
  0.50017762E+14  0.00000000E+00 -0.45796664E-30
  0.50065127E+14  0.00000000E+00 -0.45668435E-30
  0.50112493E+14  0.00000000E+00 -0.45540844E-30
  0.50159858E+14  0.00000000E+00 -0.45413885E-30
  0.50207223E+14  0.00000000E+00 -0.45287555E-30
  0.50254589E+14  0.00000000E+00 -0.45161848E-30
  0.50301954E+14  0.00000000E+00 -0.45036759E-30
  0.50349319E+14  0.00000000E+00 -0.44912285E-30
  0.50396684E+14  0.00000000E+00 -0.44788419E-30
  0.50444050E+14  0.00000000E+00 -0.44665157E-30
  0.50491415E+14  0.00000000E+00 -0.44542496E-30
  0.50538780E+14  0.00000000E+00 -0.44420430E-30
  0.50586146E+14  0.00000000E+00 -0.44298955E-30
  0.50633511E+14  0.00000000E+00 -0.44178067E-30
  0.50680876E+14  0.00000000E+00 -0.44057761E-30
  0.50728242E+14  0.00000000E+00 -0.43938033E-30
  0.50775607E+14  0.00000000E+00 -0.43818878E-30
  0.50822972E+14  0.00000000E+00 -0.43700293E-30
  0.50870337E+14  0.00000000E+00 -0.43582272E-30
  0.50917703E+14  0.00000000E+00 -0.43464813E-30
  0.50965068E+14  0.00000000E+00 -0.43347911E-30
  0.51012433E+14  0.00000000E+00 -0.43231561E-30
  0.51059799E+14  0.00000000E+00 -0.43115761E-30
  0.51107164E+14  0.00000000E+00 -0.43000505E-30
  0.51154529E+14  0.00000000E+00 -0.42885790E-30
  0.51201895E+14  0.00000000E+00 -0.42771612E-30
  0.51249260E+14  0.00000000E+00 -0.42657967E-30
  0.51296625E+14  0.00000000E+00 -0.42544851E-30
  0.51343991E+14  0.00000000E+00 -0.42432261E-30
  0.51391356E+14  0.00000000E+00 -0.42320193E-30
  0.51438721E+14  0.00000000E+00 -0.42208642E-30
  0.51486086E+14  0.00000000E+00 -0.42097606E-30
  0.51533452E+14  0.00000000E+00 -0.41987081E-30
  0.51580817E+14  0.00000000E+00 -0.41877063E-30
  0.51628182E+14  0.00000000E+00 -0.41767548E-30
  0.51675548E+14  0.00000000E+00 -0.41658533E-30
  0.51722913E+14  0.00000000E+00 -0.41550015E-30
  0.51770278E+14  0.00000000E+00 -0.41441990E-30
  0.51817644E+14  0.00000000E+00 -0.41334455E-30
  0.51865009E+14  0.00000000E+00 -0.41227406E-30
  0.51912374E+14  0.00000000E+00 -0.41120839E-30
  0.51959739E+14  0.00000000E+00 -0.41014752E-30
  0.52007105E+14  0.00000000E+00 -0.40909142E-30
  0.52054470E+14  0.00000000E+00 -0.40804004E-30
  0.52101835E+14  0.00000000E+00 -0.40699336E-30
  0.52149201E+14  0.00000000E+00 -0.40595135E-30
  0.52196566E+14  0.00000000E+00 -0.40491397E-30
  0.52243931E+14  0.00000000E+00 -0.40388119E-30
  0.52291297E+14  0.00000000E+00 -0.40285298E-30
  0.52338662E+14  0.00000000E+00 -0.40182931E-30
  0.52386027E+14  0.00000000E+00 -0.40081015E-30
  0.52433393E+14  0.00000000E+00 -0.39979547E-30
  0.52480758E+14  0.00000000E+00 -0.39878524E-30
  0.52528123E+14  0.00000000E+00 -0.39777943E-30
  0.52575488E+14  0.00000000E+00 -0.39677800E-30
  0.52622854E+14  0.00000000E+00 -0.39578094E-30
  0.52670219E+14  0.00000000E+00 -0.39478821E-30
  0.52717584E+14  0.00000000E+00 -0.39379979E-30
  0.52764950E+14  0.00000000E+00 -0.39281563E-30
  0.52812315E+14  0.00000000E+00 -0.39183573E-30
  0.52859680E+14  0.00000000E+00 -0.39086004E-30
  0.52907046E+14  0.00000000E+00 -0.38988854E-30
  0.52954411E+14  0.00000000E+00 -0.38892121E-30
  0.53001776E+14  0.00000000E+00 -0.38795801E-30
  0.53049142E+14  0.00000000E+00 -0.38699893E-30
  0.53096507E+14  0.00000000E+00 -0.38604392E-30
  0.53143872E+14  0.00000000E+00 -0.38509298E-30
  0.53191237E+14  0.00000000E+00 -0.38414606E-30
  0.53238603E+14  0.00000000E+00 -0.38320315E-30
  0.53285968E+14  0.00000000E+00 -0.38226422E-30
  0.53333333E+14  0.00000000E+00 -0.38132924E-30
  0.53380699E+14  0.00000000E+00 -0.38039819E-30
  0.53428064E+14  0.00000000E+00 -0.37947104E-30
  0.53475429E+14  0.00000000E+00 -0.37854777E-30
  0.53522795E+14  0.00000000E+00 -0.37762835E-30
  0.53570160E+14  0.00000000E+00 -0.37671277E-30
  0.53617525E+14  0.00000000E+00 -0.37580099E-30
  0.53664890E+14  0.00000000E+00 -0.37489299E-30
  0.53712256E+14  0.00000000E+00 -0.37398875E-30
  0.53759621E+14  0.00000000E+00 -0.37308824E-30
  0.53806986E+14  0.00000000E+00 -0.37219144E-30
  0.53854352E+14  0.00000000E+00 -0.37129834E-30
  0.53901717E+14  0.00000000E+00 -0.37040889E-30
  0.53949082E+14  0.00000000E+00 -0.36952309E-30
  0.53996448E+14  0.00000000E+00 -0.36864091E-30
  0.54043813E+14  0.00000000E+00 -0.36776233E-30
  0.54091178E+14  0.00000000E+00 -0.36688732E-30
  0.54138544E+14  0.00000000E+00 -0.36601586E-30
  0.54185909E+14  0.00000000E+00 -0.36514794E-30
  0.54233274E+14  0.00000000E+00 -0.36428352E-30
  0.54280639E+14  0.00000000E+00 -0.36342260E-30
  0.54328005E+14  0.00000000E+00 -0.36256514E-30
  0.54375370E+14  0.00000000E+00 -0.36171113E-30
  0.54422735E+14  0.00000000E+00 -0.36086054E-30
  0.54470101E+14  0.00000000E+00 -0.36001336E-30
  0.54517466E+14  0.00000000E+00 -0.35916956E-30
  0.54564831E+14  0.00000000E+00 -0.35832913E-30
  0.54612197E+14  0.00000000E+00 -0.35749204E-30
  0.54659562E+14  0.00000000E+00 -0.35665828E-30
  0.54706927E+14  0.00000000E+00 -0.35582781E-30
  0.54754292E+14  0.00000000E+00 -0.35500064E-30
  0.54801658E+14  0.00000000E+00 -0.35417672E-30
  0.54849023E+14  0.00000000E+00 -0.35335606E-30
  0.54896388E+14  0.00000000E+00 -0.35253862E-30
  0.54943754E+14  0.00000000E+00 -0.35172438E-30
  0.54991119E+14  0.00000000E+00 -0.35091334E-30
  0.55038484E+14  0.00000000E+00 -0.35010546E-30
  0.55085850E+14  0.00000000E+00 -0.34930074E-30
  0.55133215E+14  0.00000000E+00 -0.34849915E-30
  0.55180580E+14  0.00000000E+00 -0.34770067E-30
  0.55227946E+14  0.00000000E+00 -0.34690529E-30
  0.55275311E+14  0.00000000E+00 -0.34611298E-30
  0.55322676E+14  0.00000000E+00 -0.34532374E-30
  0.55370041E+14  0.00000000E+00 -0.34453754E-30
  0.55417407E+14  0.00000000E+00 -0.34375437E-30
  0.55464772E+14  0.00000000E+00 -0.34297420E-30
  0.55512137E+14  0.00000000E+00 -0.34219702E-30
  0.55559503E+14  0.00000000E+00 -0.34142282E-30
  0.55606868E+14  0.00000000E+00 -0.34065157E-30
  0.55654233E+14  0.00000000E+00 -0.33988327E-30
  0.55701599E+14  0.00000000E+00 -0.33911788E-30
  0.55748964E+14  0.00000000E+00 -0.33835540E-30
  0.55796329E+14  0.00000000E+00 -0.33759581E-30
  0.55843694E+14  0.00000000E+00 -0.33683910E-30
  0.55891060E+14  0.00000000E+00 -0.33608524E-30
  0.55938425E+14  0.00000000E+00 -0.33533422E-30
  0.55985790E+14  0.00000000E+00 -0.33458603E-30
  0.56033156E+14  0.00000000E+00 -0.33384064E-30
  0.56080521E+14  0.00000000E+00 -0.33309805E-30
  0.56127886E+14  0.00000000E+00 -0.33235824E-30
  0.56175252E+14  0.00000000E+00 -0.33162119E-30
  0.56222617E+14  0.00000000E+00 -0.33088689E-30
  0.56269982E+14  0.00000000E+00 -0.33015532E-30
  0.56317348E+14  0.00000000E+00 -0.32942646E-30
  0.56364713E+14  0.00000000E+00 -0.32870031E-30
  0.56412078E+14  0.00000000E+00 -0.32797685E-30
  0.56459443E+14  0.00000000E+00 -0.32725605E-30
  0.56506809E+14  0.00000000E+00 -0.32653791E-30
  0.56554174E+14  0.00000000E+00 -0.32582242E-30
  0.56601539E+14  0.00000000E+00 -0.32510955E-30
  0.56648905E+14  0.00000000E+00 -0.32439930E-30
  0.56696270E+14  0.00000000E+00 -0.32369165E-30
  0.56743635E+14  0.00000000E+00 -0.32298658E-30
  0.56791001E+14  0.00000000E+00 -0.32228409E-30
  0.56838366E+14  0.00000000E+00 -0.32158415E-30
  0.56885731E+14  0.00000000E+00 -0.32088676E-30
  0.56933097E+14  0.00000000E+00 -0.32019189E-30
  0.56980462E+14  0.00000000E+00 -0.31949955E-30
  0.57027827E+14  0.00000000E+00 -0.31880970E-30
  0.57075192E+14  0.00000000E+00 -0.31812235E-30
  0.57122558E+14  0.00000000E+00 -0.31743747E-30
  0.57169923E+14  0.00000000E+00 -0.31675505E-30
  0.57217288E+14  0.00000000E+00 -0.31607509E-30
  0.57264654E+14  0.00000000E+00 -0.31539756E-30
  0.57312019E+14  0.00000000E+00 -0.31472245E-30
  0.57359384E+14  0.00000000E+00 -0.31404976E-30
  0.57406750E+14  0.00000000E+00 -0.31337946E-30
  0.57454115E+14  0.00000000E+00 -0.31271155E-30
  0.57501480E+14  0.00000000E+00 -0.31204601E-30
  0.57548845E+14  0.00000000E+00 -0.31138284E-30
  0.57596211E+14  0.00000000E+00 -0.31072201E-30
  0.57643576E+14  0.00000000E+00 -0.31006352E-30
  0.57690941E+14  0.00000000E+00 -0.30940735E-30
  0.57738307E+14  0.00000000E+00 -0.30875349E-30
  0.57785672E+14  0.00000000E+00 -0.30810194E-30
  0.57833037E+14  0.00000000E+00 -0.30745267E-30
  0.57880403E+14  0.00000000E+00 -0.30680567E-30
  0.57927768E+14  0.00000000E+00 -0.30616094E-30
  0.57975133E+14  0.00000000E+00 -0.30551847E-30
  0.58022499E+14  0.00000000E+00 -0.30487823E-30
  0.58069864E+14  0.00000000E+00 -0.30424022E-30
  0.58117229E+14  0.00000000E+00 -0.30360443E-30
  0.58164594E+14  0.00000000E+00 -0.30297085E-30
  0.58211960E+14  0.00000000E+00 -0.30233946E-30
  0.58259325E+14  0.00000000E+00 -0.30171026E-30
  0.58306690E+14  0.00000000E+00 -0.30108323E-30
  0.58354056E+14  0.00000000E+00 -0.30045836E-30
  0.58401421E+14  0.00000000E+00 -0.29983564E-30
  0.58448786E+14  0.00000000E+00 -0.29921506E-30
  0.58496152E+14  0.00000000E+00 -0.29859661E-30
  0.58543517E+14  0.00000000E+00 -0.29798028E-30
  0.58590882E+14  0.00000000E+00 -0.29736606E-30
  0.58638247E+14  0.00000000E+00 -0.29675393E-30
  0.58685613E+14  0.00000000E+00 -0.29614389E-30
  0.58732978E+14  0.00000000E+00 -0.29553593E-30
  0.58780343E+14  0.00000000E+00 -0.29493003E-30
  0.58827709E+14  0.00000000E+00 -0.29432619E-30
  0.58875074E+14  0.00000000E+00 -0.29372439E-30
  0.58922439E+14  0.00000000E+00 -0.29312463E-30
  0.58969805E+14  0.00000000E+00 -0.29252689E-30
  0.59017170E+14  0.00000000E+00 -0.29193117E-30
  0.59064535E+14  0.00000000E+00 -0.29133745E-30
  0.59111901E+14  0.00000000E+00 -0.29074573E-30
  0.59159266E+14  0.00000000E+00 -0.29015599E-30
  0.59206631E+14  0.00000000E+00 -0.28956823E-30
  0.59253996E+14  0.00000000E+00 -0.28898243E-30
  0.59301362E+14  0.00000000E+00 -0.28839859E-30
  0.59348727E+14  0.00000000E+00 -0.28781669E-30
  0.59396092E+14  0.00000000E+00 -0.28723674E-30
  0.59443458E+14  0.00000000E+00 -0.28665871E-30
  0.59490823E+14  0.00000000E+00 -0.28608260E-30
  0.59538188E+14  0.00000000E+00 -0.28550839E-30
  0.59585554E+14  0.00000000E+00 -0.28493609E-30
  0.59632919E+14  0.00000000E+00 -0.28436568E-30
  0.59680284E+14  0.00000000E+00 -0.28379714E-30
  0.59727649E+14  0.00000000E+00 -0.28323048E-30
  0.59775015E+14  0.00000000E+00 -0.28266569E-30
  0.59822380E+14  0.00000000E+00 -0.28210274E-30
  0.59869745E+14  0.00000000E+00 -0.28154165E-30
  0.59917111E+14  0.00000000E+00 -0.28098238E-30
  0.59964476E+14  0.00000000E+00 -0.28042495E-30
  0.60011841E+14  0.00000000E+00 -0.27986934E-30
  0.60059207E+14  0.00000000E+00 -0.27931553E-30
  0.60106572E+14  0.00000000E+00 -0.27876353E-30
  0.60153937E+14  0.00000000E+00 -0.27821332E-30
  0.60201303E+14  0.00000000E+00 -0.27766489E-30
  0.60248668E+14  0.00000000E+00 -0.27711824E-30
  0.60296033E+14  0.00000000E+00 -0.27657336E-30
  0.60343398E+14  0.00000000E+00 -0.27603024E-30
  0.60390764E+14  0.00000000E+00 -0.27548887E-30
  0.60438129E+14  0.00000000E+00 -0.27494924E-30
  0.60485494E+14  0.00000000E+00 -0.27441135E-30
  0.60532860E+14  0.00000000E+00 -0.27387518E-30
  0.60580225E+14  0.00000000E+00 -0.27334073E-30
  0.60627590E+14  0.00000000E+00 -0.27280799E-30
  0.60674956E+14  0.00000000E+00 -0.27227696E-30
  0.60722321E+14  0.00000000E+00 -0.27174762E-30
  0.60769686E+14  0.00000000E+00 -0.27121996E-30
  0.60817052E+14  0.00000000E+00 -0.27069398E-30
  0.60864417E+14  0.00000000E+00 -0.27016968E-30
  0.60911782E+14  0.00000000E+00 -0.26964704E-30
  0.60959147E+14  0.00000000E+00 -0.26912605E-30
  0.61006513E+14  0.00000000E+00 -0.26860671E-30
  0.61053878E+14  0.00000000E+00 -0.26808902E-30
  0.61101243E+14  0.00000000E+00 -0.26757295E-30
  0.61148609E+14  0.00000000E+00 -0.26705851E-30
  0.61195974E+14  0.00000000E+00 -0.26654569E-30
  0.61243339E+14  0.00000000E+00 -0.26603448E-30
  0.61290705E+14  0.00000000E+00 -0.26552487E-30
  0.61338070E+14  0.00000000E+00 -0.26501686E-30
  0.61385435E+14  0.00000000E+00 -0.26451044E-30
  0.61432800E+14  0.00000000E+00 -0.26400559E-30
  0.61480166E+14  0.00000000E+00 -0.26350233E-30
  0.61527531E+14  0.00000000E+00 -0.26300063E-30
  0.61574896E+14  0.00000000E+00 -0.26250048E-30
  0.61622262E+14  0.00000000E+00 -0.26200190E-30
  0.61669627E+14  0.00000000E+00 -0.26150486E-30
  0.61716992E+14  0.00000000E+00 -0.26100935E-30
  0.61764358E+14  0.00000000E+00 -0.26051538E-30
  0.61811723E+14  0.00000000E+00 -0.26002294E-30
  0.61859088E+14  0.00000000E+00 -0.25953201E-30
  0.61906454E+14  0.00000000E+00 -0.25904259E-30
  0.61953819E+14  0.00000000E+00 -0.25855468E-30
  0.62001184E+14  0.00000000E+00 -0.25806827E-30
  0.62048549E+14  0.00000000E+00 -0.25758335E-30
  0.62095915E+14  0.00000000E+00 -0.25709992E-30
  0.62143280E+14  0.00000000E+00 -0.25661796E-30
  0.62190645E+14  0.00000000E+00 -0.25613747E-30
  0.62238011E+14  0.00000000E+00 -0.25565845E-30
  0.62285376E+14  0.00000000E+00 -0.25518089E-30
  0.62332741E+14  0.00000000E+00 -0.25470478E-30
  0.62380107E+14  0.00000000E+00 -0.25423012E-30
  0.62427472E+14  0.00000000E+00 -0.25375689E-30
  0.62474837E+14  0.00000000E+00 -0.25328510E-30
  0.62522202E+14  0.00000000E+00 -0.25281474E-30
  0.62569568E+14  0.00000000E+00 -0.25234579E-30
  0.62616933E+14  0.00000000E+00 -0.25187827E-30
  0.62664298E+14  0.00000000E+00 -0.25141215E-30
  0.62711664E+14  0.00000000E+00 -0.25094743E-30
  0.62759029E+14  0.00000000E+00 -0.25048411E-30
  0.62806394E+14  0.00000000E+00 -0.25002217E-30
  0.62853760E+14  0.00000000E+00 -0.24956163E-30
  0.62901125E+14  0.00000000E+00 -0.24910246E-30
  0.62948490E+14  0.00000000E+00 -0.24864466E-30
  0.62995856E+14  0.00000000E+00 -0.24818823E-30
  0.63043221E+14  0.00000000E+00 -0.24773316E-30
  0.63090586E+14  0.00000000E+00 -0.24727944E-30
  0.63137951E+14  0.00000000E+00 -0.24682707E-30
  0.63185317E+14  0.00000000E+00 -0.24637605E-30
  0.63232682E+14  0.00000000E+00 -0.24592636E-30
  0.63280047E+14  0.00000000E+00 -0.24547800E-30
  0.63327413E+14  0.00000000E+00 -0.24503097E-30
  0.63374778E+14  0.00000000E+00 -0.24458526E-30
  0.63422143E+14  0.00000000E+00 -0.24414086E-30
  0.63469509E+14  0.00000000E+00 -0.24369778E-30
  0.63516874E+14  0.00000000E+00 -0.24325599E-30
  0.63564239E+14  0.00000000E+00 -0.24281551E-30
  0.63611604E+14  0.00000000E+00 -0.24237631E-30
  0.63658970E+14  0.00000000E+00 -0.24193840E-30
  0.63706335E+14  0.00000000E+00 -0.24150178E-30
  0.63753700E+14  0.00000000E+00 -0.24106643E-30
  0.63801066E+14  0.00000000E+00 -0.24063235E-30
  0.63848431E+14  0.00000000E+00 -0.24019953E-30
  0.63895796E+14  0.00000000E+00 -0.23976798E-30
  0.63943162E+14  0.00000000E+00 -0.23933768E-30
  0.63990527E+14  0.00000000E+00 -0.23890863E-30
  0.64037892E+14  0.00000000E+00 -0.23848082E-30
  0.64085258E+14  0.00000000E+00 -0.23805426E-30
  0.64132623E+14  0.00000000E+00 -0.23762892E-30
  0.64179988E+14  0.00000000E+00 -0.23720482E-30
  0.64227353E+14  0.00000000E+00 -0.23678194E-30
  0.64274719E+14  0.00000000E+00 -0.23636027E-30
  0.64322084E+14  0.00000000E+00 -0.23593983E-30
  0.64369449E+14  0.00000000E+00 -0.23552059E-30
  0.64416815E+14  0.00000000E+00 -0.23510255E-30
  0.64464180E+14  0.00000000E+00 -0.23468571E-30
  0.64511545E+14  0.00000000E+00 -0.23427007E-30
  0.64558911E+14  0.00000000E+00 -0.23385561E-30
  0.64606276E+14  0.00000000E+00 -0.23344234E-30
  0.64653641E+14  0.00000000E+00 -0.23303024E-30
  0.64701007E+14  0.00000000E+00 -0.23261932E-30
  0.64748372E+14  0.00000000E+00 -0.23220957E-30
  0.64795737E+14  0.00000000E+00 -0.23180099E-30
  0.64843102E+14  0.00000000E+00 -0.23139356E-30
  0.64890468E+14  0.00000000E+00 -0.23098729E-30
  0.64937833E+14  0.00000000E+00 -0.23058217E-30
  0.64985198E+14  0.00000000E+00 -0.23017820E-30
  0.65032564E+14  0.00000000E+00 -0.22977536E-30
  0.65079929E+14  0.00000000E+00 -0.22937367E-30
  0.65127294E+14  0.00000000E+00 -0.22897310E-30
  0.65174660E+14  0.00000000E+00 -0.22857366E-30
  0.65222025E+14  0.00000000E+00 -0.22817535E-30
  0.65269390E+14  0.00000000E+00 -0.22777815E-30
  0.65316755E+14  0.00000000E+00 -0.22738207E-30
  0.65364121E+14  0.00000000E+00 -0.22698709E-30
  0.65411486E+14  0.00000000E+00 -0.22659322E-30
  0.65458851E+14  0.00000000E+00 -0.22620045E-30
  0.65506217E+14  0.00000000E+00 -0.22580878E-30
  0.65553582E+14  0.00000000E+00 -0.22541820E-30
  0.65600947E+14  0.00000000E+00 -0.22502871E-30
  0.65648313E+14  0.00000000E+00 -0.22464029E-30
  0.65695678E+14  0.00000000E+00 -0.22425296E-30
  0.65743043E+14  0.00000000E+00 -0.22386670E-30
  0.65790409E+14  0.00000000E+00 -0.22348151E-30
  0.65837774E+14  0.00000000E+00 -0.22309739E-30
  0.65885139E+14  0.00000000E+00 -0.22271433E-30
  0.65932504E+14  0.00000000E+00 -0.22233233E-30
  0.65979870E+14  0.00000000E+00 -0.22195137E-30
  0.66027235E+14  0.00000000E+00 -0.22157147E-30
  0.66074600E+14  0.00000000E+00 -0.22119262E-30
  0.66121966E+14  0.00000000E+00 -0.22081480E-30
  0.66169331E+14  0.00000000E+00 -0.22043802E-30
  0.66216696E+14  0.00000000E+00 -0.22006227E-30
  0.66264062E+14  0.00000000E+00 -0.21968756E-30
  0.66311427E+14  0.00000000E+00 -0.21931386E-30
  0.66358792E+14  0.00000000E+00 -0.21894119E-30
  0.66406157E+14  0.00000000E+00 -0.21856953E-30
  0.66453523E+14  0.00000000E+00 -0.21819889E-30
  0.66500888E+14  0.00000000E+00 -0.21782925E-30
  0.66548253E+14  0.00000000E+00 -0.21746062E-30
  0.66595619E+14  0.00000000E+00 -0.21709300E-30
  0.66642984E+14  0.00000000E+00 -0.21672636E-30
  0.66690349E+14  0.00000000E+00 -0.21636072E-30
  0.66737715E+14  0.00000000E+00 -0.21599607E-30
  0.66785080E+14  0.00000000E+00 -0.21563241E-30
  0.66832445E+14  0.00000000E+00 -0.21526973E-30
  0.66879811E+14  0.00000000E+00 -0.21490802E-30
  0.66927176E+14  0.00000000E+00 -0.21454729E-30
  0.66974541E+14  0.00000000E+00 -0.21418753E-30
  0.67021906E+14  0.00000000E+00 -0.21382874E-30
  0.67069272E+14  0.00000000E+00 -0.21347091E-30
  0.67116637E+14  0.00000000E+00 -0.21311404E-30
  0.67164002E+14  0.00000000E+00 -0.21275812E-30
  0.67211368E+14  0.00000000E+00 -0.21240316E-30
  0.67258733E+14  0.00000000E+00 -0.21204914E-30
  0.67306098E+14  0.00000000E+00 -0.21169607E-30
  0.67353464E+14  0.00000000E+00 -0.21134394E-30
  0.67400829E+14  0.00000000E+00 -0.21099275E-30
  0.67448194E+14  0.00000000E+00 -0.21064249E-30
  0.67495560E+14  0.00000000E+00 -0.21029317E-30
  0.67542925E+14  0.00000000E+00 -0.20994477E-30
  0.67590290E+14  0.00000000E+00 -0.20959729E-30
  0.67637655E+14  0.00000000E+00 -0.20925073E-30
  0.67685021E+14  0.00000000E+00 -0.20890509E-30
  0.67732386E+14  0.00000000E+00 -0.20856037E-30
  0.67779751E+14  0.00000000E+00 -0.20821655E-30
  0.67827117E+14  0.00000000E+00 -0.20787364E-30
  0.67874482E+14  0.00000000E+00 -0.20753163E-30
  0.67921847E+14  0.00000000E+00 -0.20719052E-30
  0.67969213E+14  0.00000000E+00 -0.20685031E-30
  0.68016578E+14  0.00000000E+00 -0.20651099E-30
  0.68063943E+14  0.00000000E+00 -0.20617256E-30
  0.68111308E+14  0.00000000E+00 -0.20583501E-30
  0.68158674E+14  0.00000000E+00 -0.20549835E-30
  0.68206039E+14  0.00000000E+00 -0.20516257E-30
  0.68253404E+14  0.00000000E+00 -0.20482766E-30
  0.68300770E+14  0.00000000E+00 -0.20449363E-30
  0.68348135E+14  0.00000000E+00 -0.20416046E-30
  0.68395500E+14  0.00000000E+00 -0.20382817E-30
  0.68442866E+14  0.00000000E+00 -0.20349673E-30
  0.68490231E+14  0.00000000E+00 -0.20316616E-30
  0.68537596E+14  0.00000000E+00 -0.20283645E-30
  0.68584962E+14  0.00000000E+00 -0.20250758E-30
  0.68632327E+14  0.00000000E+00 -0.20217957E-30
  0.68679692E+14  0.00000000E+00 -0.20185241E-30
  0.68727057E+14  0.00000000E+00 -0.20152609E-30
  0.68774423E+14  0.00000000E+00 -0.20120061E-30
  0.68821788E+14  0.00000000E+00 -0.20087597E-30
  0.68869153E+14  0.00000000E+00 -0.20055217E-30
  0.68916519E+14  0.00000000E+00 -0.20022919E-30
  0.68963884E+14  0.00000000E+00 -0.19990705E-30
  0.69011249E+14  0.00000000E+00 -0.19958573E-30
  0.69058615E+14  0.00000000E+00 -0.19926524E-30
  0.69105980E+14  0.00000000E+00 -0.19894557E-30
  0.69153345E+14  0.00000000E+00 -0.19862671E-30
  0.69200710E+14  0.00000000E+00 -0.19830867E-30
  0.69248076E+14  0.00000000E+00 -0.19799144E-30
  0.69295441E+14  0.00000000E+00 -0.19767501E-30
  0.69342806E+14  0.00000000E+00 -0.19735940E-30
  0.69390172E+14  0.00000000E+00 -0.19704458E-30
  0.69437537E+14  0.00000000E+00 -0.19673056E-30
  0.69484902E+14  0.00000000E+00 -0.19641735E-30
  0.69532268E+14  0.00000000E+00 -0.19610492E-30
  0.69579633E+14  0.00000000E+00 -0.19579329E-30
  0.69626998E+14  0.00000000E+00 -0.19548244E-30
  0.69674364E+14  0.00000000E+00 -0.19517238E-30
  0.69721729E+14  0.00000000E+00 -0.19486311E-30
  0.69769094E+14  0.00000000E+00 -0.19455461E-30
  0.69816459E+14  0.00000000E+00 -0.19424689E-30
  0.69863825E+14  0.00000000E+00 -0.19393994E-30
  0.69911190E+14  0.00000000E+00 -0.19363376E-30
  0.69958555E+14  0.00000000E+00 -0.19332836E-30
  0.70005921E+14  0.00000000E+00 -0.19302372E-30
  0.70053286E+14  0.00000000E+00 -0.19271984E-30
  0.70100651E+14  0.00000000E+00 -0.19241672E-30
  0.70148017E+14  0.00000000E+00 -0.19211437E-30
  0.70195382E+14  0.00000000E+00 -0.19181276E-30
  0.70242747E+14  0.00000000E+00 -0.19151191E-30
  0.70290112E+14  0.00000000E+00 -0.19121181E-30
  0.70337478E+14  0.00000000E+00 -0.19091246E-30
  0.70384843E+14  0.00000000E+00 -0.19061385E-30
  0.70432208E+14  0.00000000E+00 -0.19031598E-30
  0.70479574E+14  0.00000000E+00 -0.19001885E-30
  0.70526939E+14  0.00000000E+00 -0.18972246E-30
  0.70574304E+14  0.00000000E+00 -0.18942680E-30
  0.70621670E+14  0.00000000E+00 -0.18913188E-30
  0.70669035E+14  0.00000000E+00 -0.18883768E-30
  0.70716400E+14  0.00000000E+00 -0.18854421E-30
  0.70763766E+14  0.00000000E+00 -0.18825146E-30
  0.70811131E+14  0.00000000E+00 -0.18795944E-30
  0.70858496E+14  0.00000000E+00 -0.18766813E-30
  0.70905861E+14  0.00000000E+00 -0.18737755E-30
  0.70953227E+14  0.00000000E+00 -0.18708767E-30
  0.71000592E+14  0.00000000E+00 -0.18679851E-30
  0.71047957E+14  0.00000000E+00 -0.18651005E-30
  0.71095323E+14  0.00000000E+00 -0.18622230E-30
  0.71142688E+14  0.00000000E+00 -0.18593526E-30
  0.71190053E+14  0.00000000E+00 -0.18564892E-30
  0.71237419E+14  0.00000000E+00 -0.18536328E-30
  0.71284784E+14  0.00000000E+00 -0.18507833E-30
  0.71332149E+14  0.00000000E+00 -0.18479408E-30
  0.71379515E+14  0.00000000E+00 -0.18451052E-30
  0.71426880E+14  0.00000000E+00 -0.18422765E-30
  0.71474245E+14  0.00000000E+00 -0.18394547E-30
  0.71521610E+14  0.00000000E+00 -0.18366397E-30
  0.71568976E+14  0.00000000E+00 -0.18338315E-30
  0.71616341E+14  0.00000000E+00 -0.18310302E-30
  0.71663706E+14  0.00000000E+00 -0.18282356E-30
  0.71711072E+14  0.00000000E+00 -0.18254478E-30
  0.71758437E+14  0.00000000E+00 -0.18226667E-30
  0.71805802E+14  0.00000000E+00 -0.18198924E-30
  0.71853168E+14  0.00000000E+00 -0.18171247E-30
  0.71900533E+14  0.00000000E+00 -0.18143637E-30
  0.71947898E+14  0.00000000E+00 -0.18116093E-30
  0.71995263E+14  0.00000000E+00 -0.18088616E-30
  0.72042629E+14  0.00000000E+00 -0.18061204E-30
  0.72089994E+14  0.00000000E+00 -0.18033859E-30
  0.72137359E+14  0.00000000E+00 -0.18006578E-30
  0.72184725E+14  0.00000000E+00 -0.17979363E-30
  0.72232090E+14  0.00000000E+00 -0.17952214E-30
  0.72279455E+14  0.00000000E+00 -0.17925129E-30
  0.72326821E+14  0.00000000E+00 -0.17898108E-30
  0.72374186E+14  0.00000000E+00 -0.17871152E-30
  0.72421551E+14  0.00000000E+00 -0.17844261E-30
  0.72468917E+14  0.00000000E+00 -0.17817433E-30
  0.72516282E+14  0.00000000E+00 -0.17790669E-30
  0.72563647E+14  0.00000000E+00 -0.17763969E-30
  0.72611012E+14  0.00000000E+00 -0.17737332E-30
  0.72658378E+14  0.00000000E+00 -0.17710758E-30
  0.72705743E+14  0.00000000E+00 -0.17684248E-30
  0.72753108E+14  0.00000000E+00 -0.17657799E-30
  0.72800474E+14  0.00000000E+00 -0.17631414E-30
  0.72847839E+14  0.00000000E+00 -0.17605091E-30
  0.72895204E+14  0.00000000E+00 -0.17578829E-30
  0.72942570E+14  0.00000000E+00 -0.17552630E-30
  0.72989935E+14  0.00000000E+00 -0.17526493E-30
  0.73037300E+14  0.00000000E+00 -0.17500417E-30
  0.73084665E+14  0.00000000E+00 -0.17474402E-30
  0.73132031E+14  0.00000000E+00 -0.17448448E-30
  0.73179396E+14  0.00000000E+00 -0.17422555E-30
  0.73226761E+14  0.00000000E+00 -0.17396723E-30
  0.73274127E+14  0.00000000E+00 -0.17370952E-30
  0.73321492E+14  0.00000000E+00 -0.17345240E-30
  0.73368857E+14  0.00000000E+00 -0.17319589E-30
  0.73416223E+14  0.00000000E+00 -0.17293998E-30
  0.73463588E+14  0.00000000E+00 -0.17268466E-30
  0.73510953E+14  0.00000000E+00 -0.17242994E-30
  0.73558319E+14  0.00000000E+00 -0.17217581E-30
  0.73605684E+14  0.00000000E+00 -0.17192227E-30
  0.73653049E+14  0.00000000E+00 -0.17166933E-30
  0.73700414E+14  0.00000000E+00 -0.17141696E-30
  0.73747780E+14  0.00000000E+00 -0.17116519E-30
  0.73795145E+14  0.00000000E+00 -0.17091400E-30
  0.73842510E+14  0.00000000E+00 -0.17066339E-30
  0.73889876E+14  0.00000000E+00 -0.17041335E-30
  0.73937241E+14  0.00000000E+00 -0.17016390E-30
  0.73984606E+14  0.00000000E+00 -0.16991502E-30
  0.74031972E+14  0.00000000E+00 -0.16966672E-30
  0.74079337E+14  0.00000000E+00 -0.16941899E-30
  0.74126702E+14  0.00000000E+00 -0.16917183E-30
  0.74174067E+14  0.00000000E+00 -0.16892524E-30
  0.74221433E+14  0.00000000E+00 -0.16867921E-30
  0.74268798E+14  0.00000000E+00 -0.16843375E-30
  0.74316163E+14  0.00000000E+00 -0.16818885E-30
  0.74363529E+14  0.00000000E+00 -0.16794451E-30
  0.74410894E+14  0.00000000E+00 -0.16770074E-30
  0.74458259E+14  0.00000000E+00 -0.16745752E-30
  0.74505625E+14  0.00000000E+00 -0.16721485E-30
  0.74552990E+14  0.00000000E+00 -0.16697274E-30
  0.74600355E+14  0.00000000E+00 -0.16673118E-30
  0.74647721E+14  0.00000000E+00 -0.16649018E-30
  0.74695086E+14  0.00000000E+00 -0.16624972E-30
  0.74742451E+14  0.00000000E+00 -0.16600981E-30
  0.74789816E+14  0.00000000E+00 -0.16577044E-30
  0.74837182E+14  0.00000000E+00 -0.16553162E-30
  0.74884547E+14  0.00000000E+00 -0.16529334E-30
  0.74931912E+14  0.00000000E+00 -0.16505559E-30
  0.74979278E+14  0.00000000E+00 -0.16481839E-30
  0.75026643E+14  0.00000000E+00 -0.16458173E-30
  0.75074008E+14  0.00000000E+00 -0.16434559E-30
  0.75121374E+14  0.00000000E+00 -0.16411000E-30
  0.75168739E+14  0.00000000E+00 -0.16387493E-30
  0.75216104E+14  0.00000000E+00 -0.16364039E-30
  0.75263470E+14  0.00000000E+00 -0.16340638E-30
  0.75310835E+14  0.00000000E+00 -0.16317290E-30
  0.75358200E+14  0.00000000E+00 -0.16293994E-30
  0.75405565E+14  0.00000000E+00 -0.16270751E-30
  0.75452931E+14  0.00000000E+00 -0.16247560E-30
  0.75500296E+14  0.00000000E+00 -0.16224421E-30
  0.75547661E+14  0.00000000E+00 -0.16201333E-30
  0.75595027E+14  0.00000000E+00 -0.16178297E-30
  0.75642392E+14  0.00000000E+00 -0.16155313E-30
  0.75689757E+14  0.00000000E+00 -0.16132380E-30
  0.75737123E+14  0.00000000E+00 -0.16109499E-30
  0.75784488E+14  0.00000000E+00 -0.16086668E-30
  0.75831853E+14  0.00000000E+00 -0.16063888E-30
  0.75879218E+14  0.00000000E+00 -0.16041159E-30
  0.75926584E+14  0.00000000E+00 -0.16018480E-30
  0.75973949E+14  0.00000000E+00 -0.15995852E-30
  0.76021314E+14  0.00000000E+00 -0.15973274E-30
  0.76068680E+14  0.00000000E+00 -0.15950746E-30
  0.76116045E+14  0.00000000E+00 -0.15928268E-30
  0.76163410E+14  0.00000000E+00 -0.15905840E-30
  0.76210776E+14  0.00000000E+00 -0.15883462E-30
  0.76258141E+14  0.00000000E+00 -0.15861133E-30
  0.76305506E+14  0.00000000E+00 -0.15838853E-30
  0.76352872E+14  0.00000000E+00 -0.15816622E-30
  0.76400237E+14  0.00000000E+00 -0.15794441E-30
  0.76447602E+14  0.00000000E+00 -0.15772308E-30
  0.76494967E+14  0.00000000E+00 -0.15750224E-30
  0.76542333E+14  0.00000000E+00 -0.15728188E-30
  0.76589698E+14  0.00000000E+00 -0.15706201E-30
  0.76637063E+14  0.00000000E+00 -0.15684262E-30
  0.76684429E+14  0.00000000E+00 -0.15662372E-30
  0.76731794E+14  0.00000000E+00 -0.15640529E-30
  0.76779159E+14  0.00000000E+00 -0.15618734E-30
  0.76826525E+14  0.00000000E+00 -0.15596986E-30
  0.76873890E+14  0.00000000E+00 -0.15575287E-30
  0.76921255E+14  0.00000000E+00 -0.15553634E-30
  0.76968620E+14  0.00000000E+00 -0.15532029E-30
  0.77015986E+14  0.00000000E+00 -0.15510471E-30
  0.77063351E+14  0.00000000E+00 -0.15488960E-30
  0.77110716E+14  0.00000000E+00 -0.15467496E-30
  0.77158082E+14  0.00000000E+00 -0.15446078E-30
  0.77205447E+14  0.00000000E+00 -0.15424707E-30
  0.77252812E+14  0.00000000E+00 -0.15403382E-30
  0.77300178E+14  0.00000000E+00 -0.15382104E-30
  0.77347543E+14  0.00000000E+00 -0.15360871E-30
  0.77394908E+14  0.00000000E+00 -0.15339685E-30
  0.77442274E+14  0.00000000E+00 -0.15318544E-30
  0.77489639E+14  0.00000000E+00 -0.15297449E-30
  0.77537004E+14  0.00000000E+00 -0.15276400E-30
  0.77584369E+14  0.00000000E+00 -0.15255396E-30
  0.77631735E+14  0.00000000E+00 -0.15234437E-30
  0.77679100E+14  0.00000000E+00 -0.15213523E-30
  0.77726465E+14  0.00000000E+00 -0.15192655E-30
  0.77773831E+14  0.00000000E+00 -0.15171831E-30
  0.77821196E+14  0.00000000E+00 -0.15151052E-30
  0.77868561E+14  0.00000000E+00 -0.15130317E-30
  0.77915927E+14  0.00000000E+00 -0.15109627E-30
  0.77963292E+14  0.00000000E+00 -0.15088982E-30
  0.78010657E+14  0.00000000E+00 -0.15068380E-30
  0.78058022E+14  0.00000000E+00 -0.15047823E-30
  0.78105388E+14  0.00000000E+00 -0.15027310E-30
  0.78152753E+14  0.00000000E+00 -0.15006840E-30
  0.78200118E+14  0.00000000E+00 -0.14986414E-30
  0.78247484E+14  0.00000000E+00 -0.14966032E-30
  0.78294849E+14  0.00000000E+00 -0.14945693E-30
  0.78342214E+14  0.00000000E+00 -0.14925397E-30
  0.78389580E+14  0.00000000E+00 -0.14905144E-30
  0.78436945E+14  0.00000000E+00 -0.14884935E-30
  0.78484310E+14  0.00000000E+00 -0.14864768E-30
  0.78531676E+14  0.00000000E+00 -0.14844644E-30
  0.78579041E+14  0.00000000E+00 -0.14824563E-30
  0.78626406E+14  0.00000000E+00 -0.14804524E-30
  0.78673771E+14  0.00000000E+00 -0.14784528E-30
  0.78721137E+14  0.00000000E+00 -0.14764574E-30
  0.78768502E+14  0.00000000E+00 -0.14744662E-30
  0.78815867E+14  0.00000000E+00 -0.14724792E-30
  0.78863233E+14  0.00000000E+00 -0.14704964E-30
  0.78910598E+14  0.00000000E+00 -0.14685178E-30
  0.78957963E+14  0.00000000E+00 -0.14665434E-30
  0.79005329E+14  0.00000000E+00 -0.14645731E-30
  0.79052694E+14  0.00000000E+00 -0.14626069E-30
  0.79100059E+14  0.00000000E+00 -0.14606449E-30
  0.79147425E+14  0.00000000E+00 -0.14567332E-56
  0.79194790E+14  0.00000000E+00 -0.14528378E-56
  0.79242155E+14  0.00000000E+00 -0.14489588E-56
  0.79289520E+14  0.00000000E+00 -0.14450959E-56
  0.79336886E+14  0.00000000E+00 -0.14412491E-56
  0.79384251E+14  0.00000000E+00 -0.14374183E-56
  0.79431616E+14  0.00000000E+00 -0.14336034E-56
  0.79478982E+14  0.00000000E+00 -0.14298043E-56
  0.79526347E+14  0.00000000E+00 -0.14260209E-56
  0.79573712E+14  0.00000000E+00  0.11328093E-29
  0.79621078E+14  0.00000000E+00  0.11864766E-29
  0.79668443E+14  0.00000000E+00  0.12095473E-29
  0.79715808E+14  0.00000000E+00  0.12979130E-29
  0.79763173E+14  0.00000000E+00  0.14726704E-29
  0.79810539E+14  0.00000000E+00  0.16587769E-29
  0.79857904E+14  0.00000000E+00  0.17176440E-29
  0.79905269E+14  0.00000000E+00  0.17185090E-29
  0.79952635E+14  0.00000000E+00  0.16980265E-29
  0.80000000E+14  0.00000000E+00  0.16859661E-29
