  0.47365305E+11 -0.16384071E-58 -0.34244611E-28
  0.94730610E+11 -0.16300912E-58  0.17877083E-30
  0.14209591E+12 -0.16218321E-58  0.12114145E-30
  0.18946122E+12 -0.16136293E-58  0.49681987E-31
  0.23682652E+12 -0.16054823E-58 -0.38771537E-31
  0.28419183E+12 -0.15973906E-58 -0.12469370E-30
  0.33155713E+12 -0.15893536E-58 -0.24979178E-30
  0.37892244E+12 -0.15813711E-58 -0.31397002E-30
  0.42628774E+12 -0.15734425E-58 -0.15761794E-30
  0.47365305E+12  0.28717018E-31  0.66045475E-32
  0.52101835E+12 -0.71290212E-31  0.74966570E-31
  0.56838366E+12 -0.17505514E-30  0.80422781E-31
  0.61574896E+12 -0.24681932E-30  0.56317517E-31
  0.66311427E+12 -0.32729799E-30  0.27360820E-31
  0.71047957E+12 -0.41736572E-30 -0.67525112E-31
  0.75784488E+12 -0.40623941E-30 -0.19797479E-30
  0.80521018E+12 -0.34573786E-30 -0.28935396E-30
  0.85257549E+12 -0.24955129E-30 -0.34079586E-30
  0.89994079E+12 -0.11972994E-30 -0.31268382E-30
  0.94730610E+12 -0.84735416E-31 -0.20732624E-30
  0.99467140E+12 -0.10839421E-30 -0.13288620E-30
  0.10420367E+13 -0.14225300E-30 -0.78556487E-31
  0.10894020E+13 -0.21580123E-30 -0.23179544E-31
  0.11367673E+13 -0.33490486E-30 -0.21778592E-31
  0.11841326E+13 -0.42703663E-30 -0.11531546E-30
  0.12314979E+13 -0.43792277E-30 -0.21909916E-30
  0.12788632E+13 -0.41151106E-30 -0.30027590E-30
  0.13262285E+13 -0.34951960E-30 -0.35761248E-30
  0.13735938E+13 -0.27119411E-30 -0.35519985E-30
  0.14209591E+13 -0.24374249E-30 -0.32170490E-30
  0.14683245E+13 -0.21981344E-30 -0.29267965E-30
  0.15156898E+13 -0.22149738E-30 -0.24091120E-30
  0.15630551E+13 -0.27310401E-30 -0.19545394E-30
  0.16104204E+13 -0.34957515E-30 -0.20772895E-30
  0.16577857E+13 -0.38376615E-30 -0.25791998E-30
  0.17051510E+13 -0.39324089E-30 -0.30421529E-30
  0.17525163E+13 -0.39464323E-30 -0.34465445E-30
  0.17998816E+13 -0.37210731E-30 -0.38665430E-30
  0.18472469E+13 -0.33701963E-30 -0.38940889E-30
  0.18946122E+13 -0.33174903E-30 -0.38851241E-30
  0.19419775E+13 -0.32165681E-30 -0.39232451E-30
  0.19893428E+13 -0.31087879E-30 -0.38015252E-30
  0.20367081E+13 -0.33334263E-30 -0.36235597E-30
  0.20840734E+13 -0.36544249E-30 -0.37819604E-30
  0.21314387E+13 -0.38162051E-30 -0.40580911E-30
  0.21788040E+13 -0.38562219E-30 -0.44483977E-30
  0.22261693E+13 -0.36467025E-30 -0.47496428E-30
  0.22735346E+13 -0.33479320E-30 -0.48148726E-30
  0.23208999E+13 -0.33399976E-30 -0.46722159E-30
  0.23682652E+13 -0.34222611E-30 -0.47553774E-30
  0.24156306E+13 -0.34062795E-30 -0.48438526E-30
  0.24629959E+13 -0.34135089E-30 -0.48201002E-30
  0.25103612E+13 -0.36967211E-30 -0.49168744E-30
  0.25577265E+13 -0.37782410E-30 -0.52572324E-30
  0.26050918E+13 -0.37339016E-30 -0.55771614E-30
  0.26524571E+13 -0.35258909E-30 -0.58626898E-30
  0.26998224E+13 -0.32805597E-30 -0.59623379E-30
  0.27471877E+13 -0.31108075E-30 -0.59051086E-30
  0.27945530E+13 -0.31156310E-30 -0.59238230E-30
  0.28419183E+13 -0.30592290E-30 -0.59450302E-30
  0.28892836E+13 -0.30759447E-30 -0.59156633E-30
  0.29366489E+13 -0.32357785E-30 -0.59295888E-30
  0.29840142E+13 -0.34160908E-30 -0.62068566E-30
  0.30313795E+13 -0.33747514E-30 -0.65088373E-30
  0.30787448E+13 -0.32999652E-30 -0.67520516E-30
  0.31261101E+13 -0.31451307E-30 -0.70457077E-30
  0.31734754E+13 -0.27792444E-30 -0.71916284E-30
  0.32208407E+13 -0.26057584E-30 -0.70992086E-30
  0.32682060E+13 -0.25730784E-30 -0.70820914E-30
  0.33155713E+13 -0.25120481E-30 -0.71329080E-30
  0.33629366E+13 -0.24556940E-30 -0.71103837E-30
  0.34103020E+13 -0.25944807E-30 -0.71341944E-30
  0.34576673E+13 -0.26307047E-30 -0.73525562E-30
  0.35050326E+13 -0.26101692E-30 -0.75576889E-30
  0.35523979E+13 -0.25425847E-30 -0.77940102E-30
  0.35997632E+13 -0.23473434E-30 -0.80504173E-30
  0.36471285E+13 -0.20711568E-30 -0.81118809E-30
  0.36944938E+13 -0.19585887E-30 -0.81570932E-30
  0.37418591E+13 -0.18067952E-30 -0.82241801E-30
  0.37892244E+13 -0.16419477E-30 -0.82406716E-30
  0.38365897E+13 -0.15790175E-30 -0.81687036E-30
  0.38839550E+13 -0.16287943E-30 -0.82685945E-30
  0.39313203E+13 -0.15506315E-30 -0.84172697E-30
  0.39786856E+13 -0.14300462E-30 -0.85237609E-30
  0.40260509E+13 -0.13298501E-30 -0.86198428E-30
  0.40734162E+13 -0.12161355E-30 -0.87070378E-30
  0.41207815E+13 -0.11246887E-30 -0.87953754E-30
  0.41681468E+13 -0.99495966E-31 -0.89185349E-30
  0.42155121E+13 -0.83432820E-31 -0.90027099E-30
  0.42628774E+13 -0.68769957E-31 -0.90660860E-30
  0.43102427E+13 -0.58135857E-31 -0.91263638E-30
  0.43576081E+13 -0.40211233E-31 -0.92231673E-30
  0.44049734E+13 -0.23768286E-31 -0.92371641E-30
  0.44523387E+13 -0.10334490E-31 -0.92659979E-30
  0.44997040E+13  0.44006002E-32 -0.92976961E-30
  0.45470693E+13  0.17092517E-31 -0.92852165E-30
  0.45944346E+13  0.25937973E-31 -0.93041479E-30
  0.46417999E+13  0.34149791E-31 -0.93258258E-30
  0.46891652E+13  0.40676444E-31 -0.94097609E-30
  0.47365305E+13  0.53350396E-31 -0.94953510E-30
  0.47838958E+13  0.65808063E-31 -0.95919567E-30
  0.48312611E+13  0.83359410E-31 -0.96904383E-30
  0.48786264E+13  0.10488543E-30 -0.97565007E-30
  0.49259917E+13  0.12827530E-30 -0.97716844E-30
  0.49733570E+13  0.14904145E-30 -0.97069727E-30
  0.50207223E+13  0.16163806E-30 -0.96537292E-30
  0.50680876E+13  0.17430511E-30 -0.96193307E-30
  0.51154529E+13  0.18466499E-30 -0.95864214E-30
  0.51628182E+13  0.19383619E-30 -0.95790455E-30
  0.52101835E+13  0.20176539E-30 -0.95856960E-30
  0.52575488E+13  0.21163856E-30 -0.96511412E-30
  0.53049142E+13  0.22741924E-30 -0.96990195E-30
  0.53522795E+13  0.24392479E-30 -0.97279869E-30
  0.53996448E+13  0.26232142E-30 -0.97416151E-30
  0.54470101E+13  0.28019944E-30 -0.97246925E-30
  0.54943754E+13  0.29890675E-30 -0.97091692E-30
  0.55417407E+13  0.31659897E-30 -0.96371390E-30
  0.55891060E+13  0.32998864E-30 -0.95793463E-30
  0.56364713E+13  0.34478796E-30 -0.95259585E-30
  0.56838366E+13  0.35691648E-30 -0.94555212E-30
  0.57312019E+13  0.36805207E-30 -0.94025971E-30
  0.57785672E+13  0.37721252E-30 -0.93569020E-30
  0.58259325E+13  0.38807624E-30 -0.93488374E-30
  0.58732978E+13  0.40151444E-30 -0.93261406E-30
  0.59206631E+13  0.41393523E-30 -0.93038571E-30
  0.59680284E+13  0.43047796E-30 -0.92801873E-30
  0.60153937E+13  0.44548412E-30 -0.92290638E-30
  0.60627590E+13  0.46110240E-30 -0.91914814E-30
  0.61101243E+13  0.47977960E-30 -0.90858435E-30
  0.61574896E+13  0.49156127E-30 -0.89765141E-30
  0.62048549E+13  0.50237948E-30 -0.88809077E-30
  0.62522202E+13  0.51251830E-30 -0.88031630E-30
  0.62995856E+13  0.52198172E-30 -0.87216498E-30
  0.63469509E+13  0.53147959E-30 -0.86474499E-30
  0.63943162E+13  0.54180571E-30 -0.86070282E-30
  0.64416815E+13  0.55474891E-30 -0.85293373E-30
  0.64890468E+13  0.56495792E-30 -0.84625873E-30
  0.65364121E+13  0.58223144E-30 -0.83935800E-30
  0.65837774E+13  0.59351870E-30 -0.82471428E-30
  0.66311427E+13  0.60148094E-30 -0.81346603E-30
  0.66785080E+13  0.60881331E-30 -0.80276855E-30
  0.67258733E+13  0.61611713E-30 -0.79348175E-30
  0.67732386E+13  0.62479428E-30 -0.78698832E-30
  0.68206039E+13  0.63346605E-30 -0.77943613E-30
  0.68679692E+13  0.64674348E-30 -0.77062757E-30
  0.69153345E+13  0.65652093E-30 -0.75883941E-30
  0.69626998E+13  0.66862495E-30 -0.74936879E-30
  0.70100651E+13  0.67970564E-30 -0.73028275E-30
  0.70574304E+13  0.68158656E-30 -0.71387201E-30
  0.71047957E+13  0.68318107E-30 -0.70309825E-30
  0.71521610E+13  0.68604688E-30 -0.69341852E-30
  0.71995263E+13  0.68893392E-30 -0.68771834E-30
  0.72468917E+13  0.69593633E-30 -0.68041623E-30
  0.72942570E+13  0.70589025E-30 -0.67450808E-30
  0.73416223E+13  0.71646033E-30 -0.66225440E-30
  0.73889876E+13  0.72538321E-30 -0.65131664E-30
  0.74363529E+13  0.73900535E-30 -0.63195627E-30
  0.74837182E+13  0.73941974E-30 -0.60938360E-30
  0.75310835E+13  0.73433805E-30 -0.59433253E-30
  0.75784488E+13  0.73287691E-30 -0.58431264E-30
  0.76258141E+13  0.72862643E-30 -0.57637745E-30
  0.76731794E+13  0.73119100E-30 -0.57134423E-30
  0.77205447E+13  0.73526955E-30 -0.56643450E-30
  0.77679100E+13  0.74396857E-30 -0.55814658E-30
  0.78152753E+13  0.75156851E-30 -0.54804051E-30
  0.78626406E+13  0.76445239E-30 -0.52986646E-30
  0.79100059E+13  0.76420291E-30 -0.50568436E-30
  0.79573712E+13  0.75621911E-30 -0.48816819E-30
  0.80047365E+13  0.74945016E-30 -0.47733930E-30
  0.80521018E+13  0.74165707E-30 -0.46897621E-30
  0.80994671E+13  0.73965713E-30 -0.46528538E-30
  0.81468324E+13  0.73957533E-30 -0.46200065E-30
  0.81941978E+13  0.74577029E-30 -0.45533039E-30
  0.82415631E+13  0.75174178E-30 -0.44561957E-30
  0.82889284E+13  0.75929165E-30 -0.42910501E-30
  0.83362937E+13  0.75852412E-30 -0.40648042E-30
  0.83836590E+13  0.74824798E-30 -0.38753003E-30
  0.84310243E+13  0.73508384E-30 -0.37922749E-30
  0.84783896E+13  0.72503691E-30 -0.37262852E-30
  0.85257549E+13  0.71962728E-30 -0.37177423E-30
  0.85731202E+13  0.71818825E-30 -0.37027158E-30
  0.86204855E+13  0.72265655E-30 -0.36616442E-30
  0.86678508E+13  0.72686615E-30 -0.35879106E-30
  0.87152161E+13  0.73481568E-30 -0.34342305E-30
  0.87625814E+13  0.73351487E-30 -0.32033599E-30
  0.88099467E+13  0.71975746E-30 -0.29843651E-30
  0.88573120E+13  0.69829970E-30 -0.28916298E-30
  0.89046773E+13  0.68432100E-30 -0.28728658E-30
  0.89520426E+13  0.67468919E-30 -0.28998164E-30
  0.89994079E+13  0.67039833E-30 -0.29266280E-30
  0.90467732E+13  0.67295957E-30 -0.29485463E-30
  0.90941385E+13  0.67739840E-30 -0.29042680E-30
  0.91415038E+13  0.68710437E-30 -0.27830742E-30
  0.91888692E+13  0.68581372E-30 -0.25621577E-30
  0.92362345E+13  0.67357204E-30 -0.23333994E-30
  0.92835998E+13  0.64859893E-30 -0.22305657E-30
  0.93309651E+13  0.63337894E-30 -0.21956840E-30
  0.93783304E+13  0.61827586E-30 -0.22057731E-30
  0.94256957E+13  0.60637710E-30 -0.22650645E-30
  0.94730610E+13  0.60581650E-30 -0.23279285E-30
  0.95204263E+13  0.60596139E-30 -0.23266243E-30
  0.95677916E+13  0.61393545E-30 -0.22473255E-30
  0.96151569E+13  0.61243110E-30 -0.20783374E-30
  0.96625222E+13  0.60015085E-30 -0.18818136E-30
  0.97098875E+13  0.57793230E-30 -0.17763897E-30
  0.97572528E+13  0.55987224E-30 -0.17513128E-30
  0.98046181E+13  0.54484280E-30 -0.17549252E-30
  0.98519834E+13  0.53215476E-30 -0.17795515E-30
  0.98993487E+13  0.52504900E-30 -0.18054792E-30
  0.99467140E+13  0.51704296E-30 -0.18027284E-30
  0.99940793E+13  0.51831806E-30 -0.17293118E-30
  0.10041445E+14  0.50802966E-30 -0.15858162E-30
  0.10088810E+14  0.48912474E-30 -0.14239790E-30
  0.10136175E+14  0.46073558E-30 -0.13410698E-30
  0.10183541E+14  0.43485610E-30 -0.13576131E-30
  0.10230906E+14  0.41691855E-30 -0.13880156E-30
  0.10278271E+14  0.39695897E-30 -0.13942245E-30
  0.10325636E+14  0.38177769E-30 -0.14091782E-30
  0.10373002E+14  0.36416156E-30 -0.13579895E-30
  0.10420367E+14  0.34625571E-30 -0.11910064E-30
  0.10467732E+14  0.30924668E-30 -0.10142185E-30
  0.10515098E+14  0.26026019E-30 -0.86601784E-31
  0.10562463E+14  0.19858773E-30 -0.81465343E-31
  0.10609828E+14  0.12962080E-30 -0.83668280E-31
  0.10657194E+14  0.51978988E-31 -0.88731807E-31
  0.10704559E+14 -0.57013676E-31 -0.94150561E-31
  0.10751924E+14 -0.27888114E-30 -0.12583816E-30
  0.10799290E+14 -0.34790805E-30 -0.52010253E-30
  0.10846655E+14 -0.30358297E-30 -0.67248397E-30
  0.10894020E+14 -0.17473117E-30 -0.75557934E-30
  0.10941385E+14 -0.12255527E-30 -0.84827740E-30
  0.10988751E+14 -0.67351707E-31 -0.92721140E-30
  0.11036116E+14  0.97732622E-32 -0.95575332E-30
  0.11083481E+14  0.42570149E-31 -0.10490398E-29
  0.11130847E+14  0.14980718E-30 -0.10920536E-29
  0.11178212E+14  0.21172629E-30 -0.11238249E-29
  0.11225577E+14  0.29620339E-30 -0.11463391E-29
  0.11272943E+14  0.34540651E-30 -0.11630771E-29
  0.11320308E+14  0.43200154E-30 -0.11827968E-29
  0.11367673E+14  0.48998657E-30 -0.11626117E-29
  0.11415038E+14  0.51777271E-30 -0.11670211E-29
  0.11462404E+14  0.56554101E-30 -0.11888003E-29
  0.11509769E+14  0.62057989E-30 -0.12014955E-29
  0.11557134E+14  0.67859253E-30 -0.12149287E-29
  0.11604500E+14  0.74822364E-30 -0.12112782E-29
  0.11651865E+14  0.80279551E-30 -0.11993753E-29
  0.11699230E+14  0.84960669E-30 -0.11893749E-29
  0.11746596E+14  0.90128353E-30 -0.11807358E-29
  0.11793961E+14  0.95040603E-30 -0.11657812E-29
  0.11841326E+14  0.99443164E-30 -0.11498596E-29
  0.11888692E+14  0.10367447E-29 -0.11336686E-29
  0.11936057E+14  0.10759752E-29 -0.11194306E-29
  0.11983422E+14  0.11200885E-29 -0.11100141E-29
  0.12030787E+14  0.11674526E-29 -0.10935524E-29
  0.12078153E+14  0.12146443E-29 -0.10648274E-29
  0.12125518E+14  0.12519385E-29 -0.10404379E-29
  0.12172883E+14  0.12889632E-29 -0.10100291E-29
  0.12220249E+14  0.13146466E-29 -0.98261400E-30
  0.12267614E+14  0.13399510E-29 -0.96761734E-30
  0.12314979E+14  0.13748060E-29 -0.95551015E-30
  0.12362345E+14  0.14228575E-29 -0.93794695E-30
  0.12409710E+14  0.14716571E-29 -0.90251410E-30
  0.12457075E+14  0.15071708E-29 -0.85978602E-30
  0.12504440E+14  0.15300495E-29 -0.81978393E-30
  0.12551806E+14  0.15557536E-29 -0.78298157E-30
  0.12599171E+14  0.15714803E-29 -0.74224799E-30
  0.12646536E+14  0.15770816E-29 -0.71545574E-30
  0.12693902E+14  0.15952420E-29 -0.70069051E-30
  0.12741267E+14  0.16274109E-29 -0.68627069E-30
  0.12788632E+14  0.16691129E-29 -0.65692021E-30
  0.12835998E+14  0.17006241E-29 -0.61041063E-30
  0.12883363E+14  0.17196639E-29 -0.56519359E-30
  0.12930728E+14  0.17360713E-29 -0.52969252E-30
  0.12978094E+14  0.17580894E-29 -0.48476532E-30
  0.13025459E+14  0.17661898E-29 -0.43724177E-30
  0.13072824E+14  0.17640603E-29 -0.40100693E-30
  0.13120189E+14  0.17647892E-29 -0.37647352E-30
  0.13167555E+14  0.17825830E-29 -0.36135952E-30
  0.13214920E+14  0.18129572E-29 -0.32640572E-30
  0.13262285E+14  0.18341394E-29 -0.27605147E-30
  0.13309651E+14  0.18316331E-29 -0.22938511E-30
  0.13357016E+14  0.18337109E-29 -0.19774423E-30
  0.13404381E+14  0.18463717E-29 -0.16431613E-30
  0.13451747E+14  0.18562411E-29 -0.12096381E-30
  0.13499112E+14  0.18557660E-29 -0.72529414E-31
  0.13546477E+14  0.18442515E-29 -0.38633541E-31
  0.13593843E+14  0.18430080E-29 -0.17039134E-31
  0.13641208E+14  0.18596500E-29  0.12673455E-31
  0.13688573E+14  0.18704809E-29  0.63173165E-31
  0.13735938E+14  0.18589402E-29  0.11391622E-30
  0.13783304E+14  0.18412040E-29  0.14809480E-30
  0.13830669E+14  0.18301372E-29  0.16714857E-30
  0.13878034E+14  0.18413639E-29  0.19284371E-30
  0.13925400E+14  0.18468805E-29  0.23746053E-30
  0.13972765E+14  0.18348261E-29  0.28480136E-30
  0.14020130E+14  0.18177473E-29  0.31766286E-30
  0.14067496E+14  0.18068456E-29  0.34628391E-30
  0.14114861E+14  0.18024954E-29  0.37893591E-30
  0.14162226E+14  0.17932221E-29  0.41874180E-30
  0.14209591E+14  0.17692864E-29  0.45940300E-30
  0.14256957E+14  0.17421295E-29  0.48001359E-30
  0.14304322E+14  0.17257273E-29  0.49451637E-30
  0.14351687E+14  0.17248940E-29  0.51098856E-30
  0.14399053E+14  0.17281072E-29  0.54452807E-30
  0.14446418E+14  0.17165460E-29  0.59426104E-30
  0.14493783E+14  0.16795252E-29  0.63134862E-30
  0.14541149E+14  0.16450043E-29  0.64999530E-30
  0.14588514E+14  0.16234111E-29  0.66059307E-30
  0.14635879E+14  0.16044624E-29  0.67671241E-30
  0.14683245E+14  0.15836275E-29  0.69635275E-30
  0.14730610E+14  0.15522997E-29  0.70244687E-30
  0.14777975E+14  0.15376271E-29  0.69788968E-30
  0.14825340E+14  0.15381524E-29  0.69501942E-30
  0.14872706E+14  0.15486643E-29  0.70874300E-30
  0.14920071E+14  0.15522595E-29  0.73856284E-30
  0.14967436E+14  0.15350748E-29  0.77279457E-30
  0.15014802E+14  0.15110661E-29  0.78709077E-30
  0.15062167E+14  0.14960981E-29  0.79031002E-30
  0.15109532E+14  0.14989271E-29  0.79833846E-30
  0.15156898E+14  0.15026229E-29  0.81845679E-30
  0.15204263E+14  0.14979493E-29  0.85138194E-30
  0.15251628E+14  0.14749575E-29  0.87504958E-30
  0.15298993E+14  0.14556994E-29  0.88184800E-30
  0.15346359E+14  0.14598750E-29  0.88105499E-30
  0.15393724E+14  0.14740864E-29  0.90666745E-30
  0.15441089E+14  0.14785328E-29  0.94923308E-30
  0.15488455E+14  0.14525666E-29  0.99424780E-30
  0.15535820E+14  0.14207643E-29  0.10158716E-29
  0.15583185E+14  0.13975419E-29  0.10206495E-29
  0.15630551E+14  0.13989053E-29  0.10318440E-29
  0.15677916E+14  0.13960493E-29  0.10590969E-29
  0.15725281E+14  0.13808170E-29  0.10976931E-29
  0.15772647E+14  0.13503103E-29  0.11193223E-29
  0.15820012E+14  0.13287520E-29  0.11255066E-29
  0.15867377E+14  0.13303200E-29  0.11351854E-29
  0.15914742E+14  0.13317877E-29  0.11659320E-29
  0.15962108E+14  0.13219383E-29  0.12123438E-29
  0.16009473E+14  0.12826145E-29  0.12518472E-29
  0.16056838E+14  0.12414638E-29  0.12667131E-29
  0.16104204E+14  0.12158994E-29  0.12654213E-29
  0.16151569E+14  0.12124750E-29  0.12741246E-29
  0.16198934E+14  0.12121619E-29  0.13021117E-29
  0.16246300E+14  0.11910112E-29  0.13401993E-29
  0.16293665E+14  0.11679380E-29  0.13622193E-29
  0.16341030E+14  0.11485222E-29  0.13867071E-29
  0.16388396E+14  0.11436154E-29  0.14144574E-29
  0.16435761E+14  0.11211513E-29  0.14704731E-29
  0.16483126E+14  0.11021362E-29  0.15350529E-29
  0.16530491E+14  0.10305639E-29  0.15916579E-29
  0.16577857E+14  0.98918434E-30  0.16202776E-29
  0.16625222E+14  0.94550331E-30  0.16657815E-29
  0.16672587E+14  0.78059622E-30  0.17187417E-29
  0.16719953E+14  0.67595447E-30  0.17353202E-29
  0.16767318E+14  0.57667171E-30  0.16890059E-29
  0.16814683E+14  0.44188734E-30  0.16101292E-29
  0.16862049E+14  0.43289799E-30  0.15250853E-29
  0.16909414E+14  0.38614996E-30  0.14573338E-29
  0.16956779E+14  0.38307864E-30  0.13887308E-29
  0.17004144E+14  0.36298209E-30  0.13698589E-29
  0.17051510E+14  0.32663898E-30  0.12647563E-29
  0.17098875E+14  0.37044576E-30  0.12650269E-29
  0.17146240E+14  0.36176238E-30  0.11592440E-29
  0.17193606E+14  0.39100060E-30  0.11745056E-29
  0.17240971E+14  0.44177960E-30  0.11103830E-29
  0.17288336E+14  0.43643481E-30  0.11466985E-29
  0.17335702E+14  0.45873951E-30  0.11024725E-29
  0.17383067E+14  0.45352819E-30  0.11011830E-29
  0.17430432E+14  0.52010831E-30  0.10937374E-29
  0.17477798E+14  0.49883767E-30  0.10807497E-29
  0.17525163E+14  0.55509154E-30  0.10992940E-29
  0.17572528E+14  0.53484338E-30  0.10807698E-29
  0.17619893E+14  0.59606101E-30  0.11136304E-29
  0.17667259E+14  0.57556313E-30  0.11050562E-29
  0.17714624E+14  0.61451122E-30  0.11482312E-29
  0.17761989E+14  0.60817048E-30  0.11265478E-29
  0.17809355E+14  0.66396589E-30  0.11755851E-29
  0.17856720E+14  0.64411145E-30  0.11624394E-29
  0.17904085E+14  0.71366920E-30  0.12133497E-29
  0.17951451E+14  0.69713610E-30  0.12244909E-29
  0.17998816E+14  0.76476277E-30  0.12764672E-29
  0.18046181E+14  0.76040333E-30  0.12906526E-29
  0.18093546E+14  0.84753380E-30  0.13533614E-29
  0.18140912E+14  0.87885600E-30  0.14043972E-29
  0.18188277E+14  0.10356738E-29  0.15245638E-29
  0.18235642E+14  0.11247174E-29  0.17985302E-29
  0.18283008E+14  0.10490905E-29  0.22231700E-29
  0.18330373E+14  0.59730011E-30  0.24472142E-29
  0.18377738E+14  0.34967382E-30  0.24623108E-29
  0.18425104E+14  0.47097270E-31  0.24104551E-29
  0.18472469E+14 -0.63001458E-31  0.23728171E-29
  0.18519834E+14 -0.26897879E-30  0.23228186E-29
  0.18567200E+14 -0.38940076E-30  0.22497471E-29
  0.18614565E+14 -0.54718950E-30  0.22076804E-29
  0.18661930E+14 -0.69521440E-30  0.21484663E-29
  0.18709295E+14 -0.85548940E-30  0.20790690E-29
  0.18756661E+14 -0.10176060E-29  0.19497941E-29
  0.18804026E+14 -0.11321598E-29  0.18190714E-29
  0.18851391E+14 -0.12294361E-29  0.17115116E-29
  0.18898757E+14 -0.13530871E-29  0.15829039E-29
  0.18946122E+14 -0.14755282E-29  0.14585553E-29
  0.18993487E+14 -0.16165364E-29  0.12425302E-29
  0.19040853E+14 -0.16587633E-29  0.10531021E-29
  0.19088218E+14 -0.17458473E-29  0.84387638E-30
  0.19135583E+14 -0.17825976E-29  0.66814802E-30
  0.19182948E+14 -0.18655237E-29  0.41992848E-30
  0.19230314E+14 -0.18606398E-29  0.19909192E-30
  0.19277679E+14 -0.18936354E-29 -0.10513447E-30
  0.19325044E+14 -0.18111265E-29 -0.35295554E-30
  0.19372410E+14 -0.18381777E-29 -0.61647377E-30
  0.19419775E+14 -0.16955525E-29 -0.94774946E-30
  0.19467140E+14 -0.16509616E-29 -0.12294538E-29
  0.19514506E+14 -0.13962064E-29 -0.15877671E-29
  0.19561871E+14 -0.12404500E-29 -0.18364721E-29
  0.19609236E+14 -0.10001228E-29 -0.21808536E-29
  0.19656602E+14 -0.74786987E-30 -0.24566505E-29
  0.19703967E+14 -0.30885117E-30 -0.28241770E-29
  0.19751332E+14  0.58314292E-31 -0.30092896E-29
  0.19798697E+14  0.61472531E-30 -0.32958996E-29
  0.19846063E+14  0.11094557E-29 -0.34529179E-29
  0.19893428E+14  0.17458939E-29 -0.36230817E-29
  0.19940793E+14  0.24677906E-29 -0.37249917E-29
  0.19988159E+14  0.34838865E-29 -0.34176454E-29
  0.20035524E+14  0.40143965E-29 -0.28572260E-29
  0.20082889E+14  0.44531688E-29 -0.24632527E-29
  0.20130255E+14  0.48603871E-29 -0.20052976E-29
  0.20177620E+14  0.51611925E-29 -0.16266230E-29
  0.20224985E+14  0.54989989E-29 -0.11638188E-29
  0.20272351E+14  0.58000259E-29 -0.74141093E-30
  0.20319716E+14  0.60959964E-29 -0.26348697E-30
  0.20367081E+14  0.63184255E-29  0.18086320E-30
  0.20414446E+14  0.66243216E-29  0.63835341E-30
  0.20461812E+14  0.68424932E-29  0.12036928E-29
  0.20509177E+14  0.71481507E-29  0.17863845E-29
  0.20556542E+14  0.72970830E-29  0.24049849E-29
  0.20603908E+14  0.74901182E-29  0.30576849E-29
  0.20651273E+14  0.76562488E-29  0.37283763E-29
  0.20698638E+14  0.77530339E-29  0.45762320E-29
  0.20746004E+14  0.77700698E-29  0.53812130E-29
  0.20793369E+14  0.77821075E-29  0.62021264E-29
  0.20840734E+14  0.77579578E-29  0.71799843E-29
  0.20888099E+14  0.75631755E-29  0.81884842E-29
  0.20935465E+14  0.72985251E-29  0.92419802E-29
  0.20982830E+14  0.69438591E-29  0.10334053E-28
  0.21030195E+14  0.64726992E-29  0.11550629E-28
  0.21077561E+14  0.58738884E-29  0.12797494E-28
  0.21124926E+14  0.50849959E-29  0.14134284E-28
  0.21172291E+14  0.40913005E-29  0.15561421E-28
  0.21219657E+14  0.28439771E-29  0.17100296E-28
  0.21267022E+14  0.12073278E-29  0.18796035E-28
  0.21314387E+14 -0.77842216E-30  0.20587051E-28
  0.21361753E+14 -0.35334058E-29  0.22699987E-28
  0.21409118E+14 -0.74006498E-29  0.25495852E-28
  0.21456483E+14 -0.14058537E-28  0.29369536E-28
  0.21503848E+14 -0.44842616E-28  0.23260142E-28
  0.21551214E+14 -0.27135376E-28 -0.35891099E-29
  0.21598579E+14 -0.19930732E-28 -0.31391930E-29
  0.21645944E+14 -0.15874198E-28 -0.33045608E-29
  0.21693310E+14 -0.13747147E-28 -0.31774619E-29
  0.21740675E+14 -0.12347333E-28 -0.33107368E-29
  0.21788040E+14 -0.10966963E-28 -0.34556099E-29
  0.21835406E+14 -0.10052709E-28 -0.34766490E-29
  0.21882771E+14 -0.92577235E-29 -0.35499486E-29
  0.21930136E+14 -0.85147661E-29 -0.36983435E-29
  0.21977501E+14 -0.79152195E-29 -0.36556904E-29
  0.22024867E+14 -0.74813201E-29 -0.37486324E-29
  0.22072232E+14 -0.69840330E-29 -0.38979407E-29
  0.22119597E+14 -0.64481358E-29 -0.39858022E-29
  0.22166963E+14 -0.60030967E-29 -0.39189683E-29
  0.22214328E+14 -0.57905915E-29 -0.39079021E-29
  0.22261693E+14 -0.55248965E-29 -0.41415483E-29
  0.22309059E+14 -0.49776778E-29 -0.42341363E-29
  0.22356424E+14 -0.47130004E-29 -0.43022164E-29
  0.22403789E+14 -0.42171659E-29 -0.42313249E-29
  0.22451155E+14 -0.39888467E-29 -0.43013662E-29
  0.22498520E+14 -0.35429440E-29 -0.42489677E-29
  0.22545885E+14 -0.32203177E-29 -0.41960455E-29
  0.22593250E+14 -0.28120629E-29 -0.38754231E-29
  0.22640616E+14 -0.29060987E-29 -0.37734796E-29
  0.22687981E+14 -0.28040903E-29 -0.37730374E-29
  0.22735346E+14 -0.25497370E-29 -0.38096765E-29
  0.22782712E+14 -0.24033142E-29 -0.36638089E-29
  0.22830077E+14 -0.21980442E-29 -0.35836140E-29
  0.22877442E+14 -0.23259044E-29 -0.35886938E-29
  0.22924808E+14 -0.21598887E-29 -0.36714359E-29
  0.22972173E+14 -0.21079356E-29 -0.37552119E-29
  0.23019538E+14 -0.19501131E-29 -0.39556435E-29
  0.23066903E+14 -0.13863395E-29 -0.40838443E-29
  0.23114269E+14 -0.10614915E-29 -0.37638059E-29
  0.23161634E+14 -0.85126624E-30 -0.35356755E-29
  0.23208999E+14 -0.82083568E-30 -0.32458174E-29
  0.23256365E+14 -0.80415305E-30 -0.31583409E-29
  0.23303730E+14 -0.81912059E-30 -0.29951258E-29
  0.23351095E+14 -0.85998228E-30 -0.28957166E-29
  0.23398461E+14 -0.93171044E-30 -0.28040789E-29
  0.23445826E+14 -0.10275499E-29 -0.27682933E-29
  0.23493191E+14 -0.13398479E-29 -0.28717700E-29
  0.23540557E+14 -0.12796787E-29 -0.32033163E-29
  0.23587922E+14 -0.11768072E-29 -0.33053282E-29
  0.23635287E+14 -0.10641703E-29 -0.34338756E-29
  0.23682652E+14 -0.96271530E-30 -0.35187122E-29
  0.23730018E+14 -0.89073319E-30 -0.37007356E-29
  0.23777383E+14 -0.56643388E-30 -0.38285352E-29
  0.23824748E+14 -0.43254926E-30 -0.38265406E-29
  0.23872114E+14 -0.27870255E-30 -0.38274116E-29
  0.23919479E+14 -0.13267205E-30 -0.38190490E-29
  0.23966844E+14  0.71357246E-31 -0.38967640E-29
  0.24014210E+14  0.15755485E-30 -0.38741390E-29
  0.24061575E+14  0.33890585E-30 -0.38745869E-29
  0.24108940E+14  0.41938546E-30 -0.38655849E-29
  0.24156306E+14  0.55563823E-30 -0.39066240E-29
  0.24203671E+14  0.65161531E-30 -0.39397435E-29
  0.24251036E+14  0.81493944E-30 -0.40079935E-29
  0.24298401E+14  0.98276127E-30 -0.40804336E-29
  0.24345767E+14  0.11932349E-29 -0.42180977E-29
  0.24393132E+14  0.15851694E-29 -0.41768822E-29
  0.24440497E+14  0.17487556E-29 -0.40111603E-29
  0.24487863E+14  0.18688790E-29 -0.39799250E-29
  0.24535228E+14  0.20342353E-29 -0.40047564E-29
  0.24582593E+14  0.23102482E-29 -0.39893192E-29
  0.24629959E+14  0.25314465E-29 -0.38456106E-29
  0.24677324E+14  0.26225854E-29 -0.37839217E-29
  0.24724689E+14  0.28320736E-29 -0.38252029E-29
  0.24772054E+14  0.31630637E-29 -0.37702951E-29
  0.24819420E+14  0.33745501E-29 -0.35764142E-29
  0.24866785E+14  0.34940236E-29 -0.34553855E-29
  0.24914150E+14  0.37074890E-29 -0.34738305E-29
  0.24961516E+14  0.40476786E-29 -0.33063381E-29
  0.25008881E+14  0.41937204E-29 -0.31065271E-29
  0.25056246E+14  0.43736805E-29 -0.30110075E-29
  0.25103612E+14  0.46794777E-29 -0.28538269E-29
  0.25150977E+14  0.48181093E-29 -0.26390328E-29
  0.25198342E+14  0.50196744E-29 -0.25136630E-29
  0.25245708E+14  0.53143971E-29 -0.22919651E-29
  0.25293073E+14  0.54610123E-29 -0.19902351E-29
  0.25340438E+14  0.55539065E-29 -0.18425819E-29
  0.25387803E+14  0.58463224E-29 -0.16523067E-29
  0.25435169E+14  0.60672368E-29 -0.13025868E-29
  0.25482534E+14  0.61473968E-29 -0.10136552E-29
  0.25529899E+14  0.62936492E-29 -0.79397231E-30
  0.25577265E+14  0.64917148E-29 -0.51172969E-30
  0.25624630E+14  0.66504816E-29 -0.15023818E-30
  0.25671995E+14  0.67276026E-29  0.16582054E-30
  0.25719361E+14  0.68857684E-29  0.48219955E-30
  0.25766726E+14  0.69411616E-29  0.88430247E-30
  0.25814091E+14  0.70231539E-29  0.11557683E-29
  0.25861456E+14  0.71798542E-29  0.15942565E-29
  0.25908822E+14  0.71359932E-29  0.19861783E-29
  0.25956187E+14  0.72185897E-29  0.23112854E-29
  0.26003552E+14  0.72267359E-29  0.27915059E-29
  0.26050918E+14  0.71811103E-29  0.31595511E-29
  0.26098283E+14  0.72128624E-29  0.35743347E-29
  0.26145648E+14  0.72033818E-29  0.39973930E-29
  0.26193014E+14  0.70879041E-29  0.44466976E-29
  0.26240379E+14  0.70508862E-29  0.49280686E-29
  0.26287744E+14  0.68886867E-29  0.53614440E-29
  0.26335110E+14  0.68804727E-29  0.58000664E-29
  0.26382475E+14  0.66753998E-29  0.63807582E-29
  0.26429840E+14  0.64250753E-29  0.67943675E-29
  0.26477205E+14  0.62649939E-29  0.73040367E-29
  0.26524571E+14  0.60654462E-29  0.78080587E-29
  0.26571936E+14  0.59666536E-29  0.84388370E-29
  0.26619301E+14  0.52470431E-29  0.91547009E-29
  0.26666667E+14  0.47348266E-29  0.95366578E-29
  0.26714032E+14  0.42250552E-29  0.98906905E-29
  0.26761397E+14  0.37388172E-29  0.10281749E-28
  0.26808763E+14  0.31019374E-29  0.10629913E-28
  0.26856128E+14  0.26074557E-29  0.10792574E-28
  0.26903493E+14  0.20736336E-29  0.11148165E-28
  0.26950858E+14  0.15691644E-29  0.11432967E-28
  0.26998224E+14  0.90851761E-30  0.11567265E-28
  0.27045589E+14  0.48644977E-30  0.12000283E-28
  0.27092954E+14 -0.23396648E-30  0.12098785E-28
  0.27140320E+14 -0.83936273E-30  0.12409975E-28
  0.27187685E+14 -0.14376708E-29  0.12654139E-28
  0.27235050E+14 -0.24312409E-29  0.12852137E-28
  0.27282416E+14 -0.28564144E-29  0.12927665E-28
  0.27329781E+14 -0.39181675E-29  0.13392982E-28
  0.27377146E+14 -0.49118602E-29  0.13151920E-28
  0.27424512E+14 -0.57190784E-29  0.13387327E-28
  0.27471877E+14 -0.73129855E-29  0.13444469E-28
  0.27519242E+14 -0.83664803E-29  0.13129263E-28
  0.27566607E+14 -0.98144520E-29  0.12806162E-28
  0.27613973E+14 -0.10963472E-28  0.11273883E-28
  0.27661338E+14 -0.11447824E-28  0.10562700E-28
  0.27708703E+14 -0.12066391E-28  0.99542067E-29
  0.27756069E+14 -0.12771878E-28  0.92546308E-29
  0.27803434E+14 -0.13386728E-28  0.84996672E-29
  0.27850799E+14 -0.13987302E-28  0.78583759E-29
  0.27898165E+14 -0.14640388E-28  0.71510033E-29
  0.27945530E+14 -0.15335987E-28  0.64188285E-29
  0.27992895E+14 -0.16096323E-28  0.55917282E-29
  0.28040261E+14 -0.16863730E-28  0.48181830E-29
  0.28087626E+14 -0.17874970E-28  0.37926452E-29
  0.28134991E+14 -0.18809165E-28  0.26583194E-29
  0.28182356E+14 -0.20130519E-28  0.14138199E-29
  0.28229722E+14 -0.21567402E-28 -0.49395551E-30
  0.28277087E+14 -0.23382781E-28 -0.24232112E-29
  0.28324452E+14 -0.28692200E-28 -0.93765061E-29
  0.28371818E+14 -0.21176274E-28 -0.16728560E-28
  0.28419183E+14 -0.17036857E-28 -0.18053569E-28
  0.28466548E+14 -0.13853077E-28 -0.19841716E-28
  0.28513914E+14 -0.99009819E-29 -0.21586539E-28
  0.28561279E+14 -0.49701504E-29 -0.23852869E-28
  0.28608644E+14  0.20415753E-29 -0.19051756E-28
  0.28656009E+14  0.35785461E-29 -0.16107068E-28
  0.28703375E+14  0.52604384E-29 -0.14152269E-28
  0.28750740E+14  0.84809426E-29 -0.11037308E-28
  0.28798105E+14  0.62777441E-29 -0.61833054E-29
  0.28845471E+14  0.63754417E-29 -0.52300694E-29
  0.28892836E+14  0.61365504E-29 -0.36266330E-29
  0.28940201E+14  0.57768798E-29 -0.59261124E-30
  0.28987567E+14  0.38772653E-29  0.12563901E-29
  0.29034932E+14  0.13111775E-29  0.24510331E-29
  0.29082297E+14 -0.87556744E-30  0.22924969E-29
  0.29129663E+14 -0.25314253E-29  0.11430728E-29
  0.29177028E+14 -0.31916811E-29  0.18862897E-30
  0.29224393E+14 -0.36104354E-29 -0.56284230E-30
  0.29271758E+14 -0.38546040E-29 -0.12523656E-29
  0.29319124E+14 -0.39502966E-29 -0.18822981E-29
  0.29366489E+14 -0.39120436E-29 -0.24304297E-29
  0.29413854E+14 -0.37851803E-29 -0.28906923E-29
  0.29461220E+14 -0.35907549E-29 -0.32704406E-29
  0.29508585E+14 -0.33514104E-29 -0.35549997E-29
  0.29555950E+14 -0.31038251E-29 -0.37436601E-29
  0.29603316E+14 -0.28814328E-29 -0.38458199E-29
  0.29650681E+14 -0.27470054E-29 -0.39261547E-29
  0.29698046E+14 -0.26159329E-29 -0.40332427E-29
  0.29745411E+14 -0.24789135E-29 -0.41419523E-29
  0.29792777E+14 -0.23354235E-29 -0.42460611E-29
  0.29840142E+14 -0.21821592E-29 -0.43395822E-29
  0.29887507E+14 -0.20280366E-29 -0.44202582E-29
  0.29934873E+14 -0.18736524E-29 -0.44929130E-29
  0.29982238E+14 -0.17116759E-29 -0.45587586E-29
  0.30029603E+14 -0.15504383E-29 -0.46106242E-29
  0.30076969E+14 -0.13909682E-29 -0.46591431E-29
  0.30124334E+14 -0.12253432E-29 -0.46987288E-29
  0.30171699E+14 -0.10588296E-29 -0.47287826E-29
  0.30219065E+14 -0.89128532E-30 -0.47476540E-29
  0.30266430E+14 -0.73027319E-30 -0.47551121E-29
  0.30313795E+14 -0.57214964E-30 -0.47615128E-29
  0.30361160E+14 -0.40819729E-30 -0.47597510E-29
  0.30408526E+14 -0.25461510E-30 -0.47473574E-29
  0.30455891E+14 -0.10015914E-30 -0.47357340E-29
  0.30503256E+14  0.58515363E-31 -0.47162121E-29
  0.30550622E+14  0.21018258E-30 -0.46866532E-29
  0.30597987E+14  0.35891039E-30 -0.46529020E-29
  0.30645352E+14  0.50711900E-30 -0.46117807E-29
  0.30692718E+14  0.64442330E-30 -0.45679687E-29
  0.30740083E+14  0.78788928E-30 -0.45221848E-29
  0.30787448E+14  0.92730628E-30 -0.44644113E-29
  0.30834813E+14  0.10519236E-29 -0.44047172E-29
  0.30882179E+14  0.11796079E-29 -0.43502439E-29
  0.30929544E+14  0.13146924E-29 -0.42882629E-29
  0.30976909E+14  0.14382374E-29 -0.42127384E-29
  0.31024275E+14  0.15554855E-29 -0.41390837E-29
  0.31071640E+14  0.16714705E-29 -0.40615495E-29
  0.31119005E+14  0.17777586E-29 -0.39798939E-29
  0.31166371E+14  0.18836402E-29 -0.39023958E-29
  0.31213736E+14  0.19898776E-29 -0.38225829E-29
  0.31261101E+14  0.20946975E-29 -0.37332781E-29
  0.31308467E+14  0.21902730E-29 -0.36436192E-29
  0.31355832E+14  0.22871956E-29 -0.35515461E-29
  0.31403197E+14  0.23765750E-29 -0.34519798E-29
  0.31450562E+14  0.24532774E-29 -0.33537923E-29
  0.31497928E+14  0.25301852E-29 -0.32638765E-29
  0.31545293E+14  0.26133636E-29 -0.31723810E-29
  0.31592658E+14  0.26943821E-29 -0.30660873E-29
  0.31640024E+14  0.27615629E-29 -0.29612692E-29
  0.31687389E+14  0.28257238E-29 -0.28587481E-29
  0.31734754E+14  0.28892106E-29 -0.27560454E-29
  0.31782120E+14  0.29471532E-29 -0.26499194E-29
  0.31829485E+14  0.30003422E-29 -0.25456506E-29
  0.31876850E+14  0.30532164E-29 -0.24426934E-29
  0.31924216E+14  0.31064288E-29 -0.23331626E-29
  0.31971581E+14  0.31448050E-29 -0.22254375E-29
  0.32018946E+14  0.31875013E-29 -0.21202946E-29
  0.32066311E+14  0.32267607E-29 -0.20137132E-29
  0.32113677E+14  0.32630795E-29 -0.19008406E-29
  0.32161042E+14  0.32884869E-29 -0.17915803E-29
  0.32208407E+14  0.33142969E-29 -0.16870430E-29
  0.32255773E+14  0.33388376E-29 -0.15814892E-29
  0.32303138E+14  0.33606585E-29 -0.14725374E-29
  0.32350503E+14  0.33778889E-29 -0.13674539E-29
  0.32397869E+14  0.33946019E-29 -0.12613381E-29
  0.32445234E+14  0.34087085E-29 -0.11531321E-29
  0.32492599E+14  0.34147188E-29 -0.10397346E-29
  0.32539964E+14  0.34108672E-29 -0.93673522E-30
  0.32587330E+14  0.34111276E-29 -0.83871828E-30
  0.32634695E+14  0.34147691E-29 -0.74046059E-30
  0.32682060E+14  0.34162287E-29 -0.63442373E-30
  0.32729426E+14  0.34095622E-29 -0.52886243E-30
  0.32776791E+14  0.33979825E-29 -0.42523626E-30
  0.32824156E+14  0.33825361E-29 -0.32500025E-30
  0.32871522E+14  0.33632436E-29 -0.22760933E-30
  0.32918887E+14  0.33449159E-29 -0.13562257E-30
  0.32966252E+14  0.33284697E-29 -0.43074308E-31
  0.33013618E+14  0.33118106E-29  0.53655216E-31
  0.33060983E+14  0.32859376E-29  0.15436712E-30
  0.33108348E+14  0.32524000E-29  0.24838669E-30
  0.33155713E+14  0.32179113E-29  0.33596361E-30
  0.33203079E+14  0.31862105E-29  0.42047463E-30
  0.33250444E+14  0.31542149E-29  0.50775369E-30
  0.33297809E+14  0.31193369E-29  0.59372478E-30
  0.33345175E+14  0.30811591E-29  0.68031559E-30
  0.33392540E+14  0.30389330E-29  0.76421921E-30
  0.33439905E+14  0.29940674E-29  0.84627149E-30
  0.33487271E+14  0.29465281E-29  0.92347951E-30
  0.33534636E+14  0.29003620E-29  0.99931611E-30
  0.33582001E+14  0.28518731E-29  0.10732386E-29
  0.33629366E+14  0.28035796E-29  0.11478228E-29
  0.33676732E+14  0.27507557E-29  0.12206291E-29
  0.33724097E+14  0.26961734E-29  0.12916260E-29
  0.33771462E+14  0.26390538E-29  0.13596411E-29
  0.33818828E+14  0.25802400E-29  0.14238339E-29
  0.33866193E+14  0.25228659E-29  0.14855198E-29
  0.33913558E+14  0.24642338E-29  0.15474900E-29
  0.33960924E+14  0.24044259E-29  0.16083257E-29
  0.34008289E+14  0.23393551E-29  0.16674083E-29
  0.34055654E+14  0.22744523E-29  0.17215858E-29
  0.34103020E+14  0.22092709E-29  0.17740656E-29
  0.34150385E+14  0.21443089E-29  0.18246260E-29
  0.34197750E+14  0.20766123E-29  0.18739577E-29
  0.34245115E+14  0.20081022E-29  0.19204798E-29
  0.34292481E+14  0.19401487E-29  0.19646757E-29
  0.34339846E+14  0.18701087E-29  0.20075044E-29
  0.34387211E+14  0.17985774E-29  0.20476461E-29
  0.34434577E+14  0.17273262E-29  0.20852826E-29
  0.34481942E+14  0.16546797E-29  0.21196981E-29
  0.34529307E+14  0.15835154E-29  0.21526358E-29
  0.34576673E+14  0.15097558E-29  0.21853703E-29
  0.34624038E+14  0.14363055E-29  0.22137906E-29
  0.34671403E+14  0.13597320E-29  0.22407202E-29
  0.34718769E+14  0.12862182E-29  0.22621498E-29
  0.34766134E+14  0.12128830E-29  0.22841823E-29
  0.34813499E+14  0.11403966E-29  0.23047174E-29
  0.34860864E+14  0.10641584E-29  0.23261889E-29
  0.34908230E+14  0.98312702E-30  0.23395473E-29
  0.34955595E+14  0.90789021E-30  0.23478399E-29
  0.35002960E+14  0.83837057E-30  0.23557823E-29
  0.35050326E+14  0.76765963E-30  0.23698197E-29
  0.35097691E+14  0.68561338E-30  0.23824032E-29
  0.35145056E+14  0.60527829E-30  0.23812172E-29
  0.35192422E+14  0.53206066E-30  0.23743022E-29
  0.35239787E+14  0.46734014E-30  0.23742622E-29
  0.35287152E+14  0.39630571E-30  0.23802939E-29
  0.35334517E+14  0.31363274E-30  0.23799161E-29
  0.35381883E+14  0.23572989E-30  0.23646297E-29
  0.35429248E+14  0.16757088E-30  0.23503497E-29
  0.35476613E+14  0.10365680E-30  0.23403448E-29
  0.35523979E+14  0.30015917E-31  0.23341473E-29
  0.35571344E+14 -0.42576280E-31  0.23179252E-29
  0.35618709E+14 -0.11523267E-30  0.22994311E-29
  0.35666075E+14 -0.18381137E-30  0.22764843E-29
  0.35713440E+14 -0.24897555E-30  0.22541473E-29
  0.35760805E+14 -0.31270628E-30  0.22282312E-29
  0.35808171E+14 -0.37510578E-30  0.22098720E-29
  0.35855536E+14 -0.44681866E-30  0.21866688E-29
  0.35902901E+14 -0.51744948E-30  0.21534115E-29
  0.35950266E+14 -0.57597255E-30  0.21082351E-29
  0.35997632E+14 -0.62343928E-30  0.20800761E-29
  0.36044997E+14 -0.68423903E-30  0.20588461E-29
  0.36092362E+14 -0.75622038E-30  0.20263838E-29
  0.36139728E+14 -0.82256870E-30  0.19729663E-29
  0.36187093E+14 -0.86335607E-30  0.19232432E-29
  0.36234458E+14 -0.90472915E-30  0.18927815E-29
  0.36281824E+14 -0.96704467E-30  0.18642209E-29
  0.36329189E+14 -0.10320027E-29  0.18154030E-29
  0.36376554E+14 -0.10821253E-29  0.17532650E-29
  0.36423919E+14 -0.11131186E-29  0.17025789E-29
  0.36471285E+14 -0.11524511E-29  0.16666783E-29
  0.36518650E+14 -0.12094564E-29  0.16281168E-29
  0.36566015E+14 -0.12627928E-29  0.15677928E-29
  0.36613381E+14 -0.12995853E-29  0.15000574E-29
  0.36660746E+14 -0.13209633E-29  0.14466727E-29
  0.36708111E+14 -0.13566547E-29  0.14109777E-29
  0.36755477E+14 -0.14072603E-29  0.13580905E-29
  0.36802842E+14 -0.14525755E-29  0.12855271E-29
  0.36850207E+14 -0.14607550E-29  0.12170911E-29
  0.36897573E+14 -0.14805834E-29  0.11722901E-29
  0.36944938E+14 -0.15192441E-29  0.11256685E-29
  0.36992303E+14 -0.15570985E-29  0.10556760E-29
  0.37039668E+14 -0.15693376E-29  0.97995206E-30
  0.37087034E+14 -0.15777887E-29  0.92424461E-30
  0.37134399E+14 -0.15991919E-29  0.87670910E-30
  0.37181764E+14 -0.16239719E-29  0.81152028E-30
  0.37229130E+14 -0.16415606E-29  0.73829918E-30
  0.37276495E+14 -0.16402935E-29  0.67113737E-30
  0.37323860E+14 -0.16436129E-29  0.61827762E-30
  0.37371226E+14 -0.16580542E-29  0.56092516E-30
  0.37418591E+14 -0.16703976E-29  0.48717607E-30
  0.37465956E+14 -0.16620002E-29  0.41521880E-30
  0.37513321E+14 -0.16505766E-29  0.36366789E-30
  0.37560687E+14 -0.16583404E-29  0.30831367E-30
  0.37608052E+14 -0.16596935E-29  0.23290787E-30
  0.37655417E+14 -0.16364780E-29  0.16531529E-30
  0.37702783E+14 -0.16250405E-29  0.11764952E-30
  0.37750148E+14 -0.16268218E-29  0.55016161E-31
  0.37797513E+14 -0.16046416E-29 -0.17337427E-31
  0.37844879E+14 -0.15781720E-29 -0.71872454E-31
  0.37892244E+14 -0.15635764E-29 -0.12384787E-30
  0.37939609E+14 -0.15446909E-29 -0.19301649E-30
  0.37986975E+14 -0.15114740E-29 -0.24740070E-30
  0.38034340E+14 -0.14882931E-29 -0.29714802E-30
  0.38081705E+14 -0.14613812E-29 -0.35800770E-30
  0.38129070E+14 -0.14175072E-29 -0.41270768E-30
  0.38176436E+14 -0.13882152E-29 -0.45572613E-30
  0.38223801E+14 -0.13548047E-29 -0.51215132E-30
  0.38271166E+14 -0.13089550E-29 -0.56288508E-30
  0.38318532E+14 -0.12686919E-29 -0.60040755E-30
  0.38365897E+14 -0.12303011E-29 -0.64957835E-30
  0.38413262E+14 -0.11820609E-29 -0.69746039E-30
  0.38460628E+14 -0.11276577E-29 -0.72878770E-30
  0.38507993E+14 -0.10879029E-29 -0.76712444E-30
  0.38555358E+14 -0.10340281E-29 -0.81114902E-30
  0.38602724E+14 -0.97102614E-30 -0.83507781E-30
  0.38650089E+14 -0.92888632E-30 -0.86424392E-30
  0.38697454E+14 -0.86712112E-30 -0.90099143E-30
  0.38744819E+14 -0.80319043E-30 -0.91353974E-30
  0.38792185E+14 -0.75509051E-30 -0.93933905E-30
  0.38839550E+14 -0.68377684E-30 -0.96017624E-30
  0.38886915E+14 -0.62696736E-30 -0.96503366E-30
  0.38934281E+14 -0.56676250E-30 -0.98250042E-30
  0.38981646E+14 -0.49548063E-30 -0.98590455E-30
  0.39029011E+14 -0.43937483E-30 -0.98720013E-30
  0.39076377E+14 -0.36867000E-30 -0.98916262E-30
  0.39123742E+14 -0.30702633E-30 -0.97819620E-30
  0.39171107E+14 -0.24252620E-30 -0.97055046E-30
  0.39218472E+14 -0.17866733E-30 -0.95383931E-30
  0.39265838E+14 -0.11259852E-30 -0.93341356E-30
  0.39313203E+14 -0.56404862E-31 -0.90906572E-30
  0.39360568E+14  0.14393825E-31 -0.87386870E-30
  0.39407934E+14  0.62802542E-31 -0.84408028E-30
  0.39455299E+14  0.12973862E-30 -0.78921738E-30
  0.39502664E+14  0.18319422E-30 -0.75146980E-30
  0.39550030E+14  0.21169082E-30 -0.67989612E-30
  0.39597395E+14  0.28455859E-30 -0.52008626E-30
  0.39644760E+14  0.31966360E-30 -0.69671687E-30
  0.39692126E+14  0.32969187E-30 -0.51726691E-30
  0.39739491E+14  0.35360055E-30 -0.42262965E-30
  0.39786856E+14  0.37038736E-30 -0.32979670E-30
  0.39834221E+14  0.34522399E-30 -0.24584047E-30
  0.39881587E+14  0.33211051E-30 -0.72928380E-31
  0.39928952E+14  0.84880046E-31  0.53980227E-31
  0.39976317E+14  0.00000000E+00 -0.10659926E-30
  0.40023683E+14  0.00000000E+00 -0.15265181E-30
  0.40071048E+14  0.00000000E+00 -0.17308093E-30
  0.40118413E+14  0.00000000E+00 -0.18341067E-30
  0.40165779E+14  0.00000000E+00 -0.18855212E-30
  0.40213144E+14  0.00000000E+00 -0.19068122E-30
  0.40260509E+14  0.00000000E+00 -0.19093514E-30
  0.40307874E+14  0.00000000E+00 -0.18997123E-30
  0.40355240E+14  0.00000000E+00 -0.18819619E-30
  0.40402605E+14  0.00000000E+00 -0.18587430E-30
  0.40449970E+14  0.00000000E+00 -0.18318360E-30
  0.40497336E+14  0.00000000E+00 -0.18024740E-30
  0.40544701E+14  0.00000000E+00 -0.17715294E-30
  0.40592066E+14  0.00000000E+00 -0.17396293E-30
  0.40639432E+14  0.00000000E+00 -0.17072300E-30
  0.40686797E+14  0.00000000E+00 -0.16746662E-30
  0.40734162E+14  0.00000000E+00 -0.16421845E-30
  0.40781528E+14  0.00000000E+00 -0.16099670E-30
  0.40828893E+14  0.00000000E+00 -0.15781476E-30
  0.40876258E+14  0.00000000E+00 -0.15468245E-30
  0.40923623E+14  0.00000000E+00 -0.15160681E-30
  0.40970989E+14  0.00000000E+00 -0.14859283E-30
  0.41018354E+14  0.00000000E+00 -0.14564390E-30
  0.41065719E+14  0.00000000E+00 -0.14276217E-30
  0.41113085E+14  0.00000000E+00 -0.13994885E-30
  0.41160450E+14  0.00000000E+00 -0.13720443E-30
  0.41207815E+14  0.00000000E+00 -0.13452884E-30
  0.41255181E+14  0.00000000E+00 -0.13192155E-30
  0.41302546E+14  0.00000000E+00 -0.12938173E-30
  0.41349911E+14  0.00000000E+00 -0.12690829E-30
  0.41397276E+14  0.00000000E+00 -0.12449995E-30
  0.41444642E+14  0.00000000E+00 -0.12215532E-30
  0.41492007E+14  0.00000000E+00 -0.11987287E-30
  0.41539372E+14  0.00000000E+00 -0.11765104E-30
  0.41586738E+14  0.00000000E+00 -0.11548822E-30
  0.41634103E+14  0.00000000E+00 -0.11338277E-30
  0.41681468E+14  0.00000000E+00 -0.11133306E-30
  0.41728834E+14  0.00000000E+00 -0.10933746E-30
  0.41776199E+14  0.00000000E+00 -0.10739435E-30
  0.41823564E+14  0.00000000E+00 -0.10550214E-30
  0.41870930E+14  0.00000000E+00 -0.10365927E-30
  0.41918295E+14  0.00000000E+00 -0.10186422E-30
  0.41965660E+14  0.00000000E+00 -0.10011550E-30
  0.42013025E+14  0.00000000E+00 -0.98411649E-31
  0.42060391E+14  0.00000000E+00 -0.96751262E-31
  0.42107756E+14  0.00000000E+00 -0.95132968E-31
  0.42155121E+14  0.00000000E+00 -0.93555441E-31
  0.42202487E+14  0.00000000E+00 -0.92017394E-31
  0.42249852E+14  0.00000000E+00 -0.90517582E-31
  0.42297217E+14  0.00000000E+00 -0.89054802E-31
  0.42344583E+14  0.00000000E+00 -0.87627891E-31
  0.42391948E+14  0.00000000E+00 -0.86235725E-31
  0.42439313E+14  0.00000000E+00 -0.84877219E-31
  0.42486679E+14  0.00000000E+00 -0.83551326E-31
  0.42534044E+14  0.00000000E+00 -0.82257035E-31
  0.42581409E+14  0.00000000E+00 -0.80993369E-31
  0.42628774E+14  0.00000000E+00 -0.79759389E-31
  0.42676140E+14  0.00000000E+00 -0.78554186E-31
  0.42723505E+14  0.00000000E+00 -0.77376885E-31
  0.42770870E+14  0.00000000E+00 -0.76226641E-31
  0.42818236E+14  0.00000000E+00 -0.75102639E-31
  0.42865601E+14  0.00000000E+00 -0.74004093E-31
  0.42912966E+14  0.00000000E+00 -0.72930245E-31
  0.42960332E+14  0.00000000E+00 -0.71880363E-31
  0.43007697E+14  0.00000000E+00 -0.70853743E-31
  0.43055062E+14  0.00000000E+00 -0.69849703E-31
  0.43102427E+14  0.00000000E+00 -0.68867586E-31
  0.43149793E+14  0.00000000E+00 -0.67906758E-31
  0.43197158E+14  0.00000000E+00 -0.66966608E-31
  0.43244523E+14  0.00000000E+00 -0.66046544E-31
  0.43291889E+14  0.00000000E+00 -0.65145996E-31
  0.43339254E+14  0.00000000E+00 -0.64264413E-31
  0.43386619E+14  0.00000000E+00 -0.63401264E-31
  0.43433985E+14  0.00000000E+00 -0.62556035E-31
  0.43481350E+14  0.00000000E+00 -0.61728229E-31
  0.43528715E+14  0.00000000E+00 -0.60917367E-31
  0.43576081E+14  0.00000000E+00 -0.60122985E-31
  0.43623446E+14  0.00000000E+00 -0.59344636E-31
  0.43670811E+14  0.00000000E+00 -0.58581886E-31
  0.43718176E+14  0.00000000E+00 -0.57834317E-31
  0.43765542E+14  0.00000000E+00 -0.57101524E-31
  0.43812907E+14  0.00000000E+00 -0.56383114E-31
  0.43860272E+14  0.00000000E+00 -0.55678710E-31
  0.43907638E+14  0.00000000E+00 -0.54987945E-31
  0.43955003E+14  0.00000000E+00 -0.54310463E-31
  0.44002368E+14  0.00000000E+00 -0.53645922E-31
  0.44049734E+14  0.00000000E+00 -0.52993988E-31
  0.44097099E+14  0.00000000E+00 -0.52354341E-31
  0.44144464E+14  0.00000000E+00 -0.51726667E-31
  0.44191829E+14  0.00000000E+00 -0.51110666E-31
  0.44239195E+14  0.00000000E+00 -0.50506045E-31
  0.44286560E+14  0.00000000E+00 -0.49912519E-31
  0.44333925E+14  0.00000000E+00 -0.49329815E-31
  0.44381291E+14  0.00000000E+00 -0.48757666E-31
  0.44428656E+14  0.00000000E+00 -0.48195814E-31
  0.44476021E+14  0.00000000E+00 -0.47644008E-31
  0.44523387E+14  0.00000000E+00 -0.47102006E-31
  0.44570752E+14  0.00000000E+00 -0.46569572E-31
  0.44618117E+14  0.00000000E+00 -0.46046477E-31
  0.44665483E+14  0.00000000E+00 -0.45532501E-31
  0.44712848E+14  0.00000000E+00 -0.45027427E-31
  0.44760213E+14  0.00000000E+00 -0.44531048E-31
  0.44807578E+14  0.00000000E+00 -0.44043159E-31
  0.44854944E+14  0.00000000E+00 -0.43563565E-31
  0.44902309E+14  0.00000000E+00 -0.43092074E-31
  0.44949674E+14  0.00000000E+00 -0.42628500E-31
  0.44997040E+14  0.00000000E+00 -0.42172664E-31
  0.45044405E+14  0.00000000E+00 -0.41724389E-31
  0.45091770E+14  0.00000000E+00 -0.41283506E-31
  0.45139136E+14  0.00000000E+00 -0.40849848E-31
  0.45186501E+14  0.00000000E+00 -0.40423256E-31
  0.45233866E+14  0.00000000E+00 -0.40003572E-31
  0.45281231E+14  0.00000000E+00 -0.39590645E-31
  0.45328597E+14  0.00000000E+00 -0.39184327E-31
  0.45375962E+14  0.00000000E+00 -0.38784473E-31
  0.45423327E+14  0.00000000E+00 -0.38390944E-31
  0.45470693E+14  0.00000000E+00 -0.38003604E-31
  0.45518058E+14  0.00000000E+00 -0.37622320E-31
  0.45565423E+14  0.00000000E+00 -0.37246963E-31
  0.45612789E+14  0.00000000E+00 -0.36877407E-31
  0.45660154E+14  0.00000000E+00 -0.36513532E-31
  0.45707519E+14  0.00000000E+00 -0.36155216E-31
  0.45754885E+14  0.00000000E+00 -0.35802346E-31
  0.45802250E+14  0.00000000E+00 -0.35454807E-31
  0.45849615E+14  0.00000000E+00 -0.35112491E-31
  0.45896980E+14  0.00000000E+00 -0.34775289E-31
  0.45944346E+14  0.00000000E+00 -0.34443098E-31
  0.45991711E+14  0.00000000E+00 -0.34115817E-31
  0.46039076E+14  0.00000000E+00 -0.33793345E-31
  0.46086442E+14  0.00000000E+00 -0.33475586E-31
  0.46133807E+14  0.00000000E+00 -0.33162447E-31
  0.46181172E+14  0.00000000E+00 -0.32853836E-31
  0.46228538E+14  0.00000000E+00 -0.32549663E-31
  0.46275903E+14  0.00000000E+00 -0.32249841E-31
  0.46323268E+14  0.00000000E+00 -0.31954285E-31
  0.46370634E+14  0.00000000E+00 -0.31662911E-31
  0.46417999E+14  0.00000000E+00 -0.31375640E-31
  0.46465364E+14  0.00000000E+00 -0.31092392E-31
  0.46512729E+14  0.00000000E+00 -0.30813089E-31
  0.46560095E+14  0.00000000E+00 -0.30537657E-31
  0.46607460E+14  0.00000000E+00 -0.30266023E-31
  0.46654825E+14  0.00000000E+00 -0.29998114E-31
  0.46702191E+14  0.00000000E+00 -0.29733860E-31
  0.46749556E+14  0.00000000E+00 -0.29473195E-31
  0.46796921E+14  0.00000000E+00 -0.29216049E-31
  0.46844287E+14  0.00000000E+00 -0.28962360E-31
  0.46891652E+14  0.00000000E+00 -0.28712062E-31
  0.46939017E+14  0.00000000E+00 -0.28465094E-31
  0.46986382E+14  0.00000000E+00 -0.28221395E-31
  0.47033748E+14  0.00000000E+00 -0.27980906E-31
  0.47081113E+14  0.00000000E+00 -0.27743568E-31
  0.47128478E+14  0.00000000E+00 -0.27509326E-31
  0.47175844E+14  0.00000000E+00 -0.27278124E-31
  0.47223209E+14  0.00000000E+00 -0.27049908E-31
  0.47270574E+14  0.00000000E+00 -0.26824624E-31
  0.47317940E+14  0.00000000E+00 -0.26602222E-31
  0.47365305E+14  0.00000000E+00 -0.26382650E-31
  0.47412670E+14  0.00000000E+00 -0.26165859E-31
  0.47460036E+14  0.00000000E+00 -0.25951802E-31
  0.47507401E+14  0.00000000E+00 -0.25740430E-31
  0.47554766E+14  0.00000000E+00 -0.25531697E-31
  0.47602131E+14  0.00000000E+00 -0.25325558E-31
  0.47649497E+14  0.00000000E+00 -0.25121969E-31
  0.47696862E+14  0.00000000E+00 -0.24920887E-31
  0.47744227E+14  0.00000000E+00 -0.24722269E-31
  0.47791593E+14  0.00000000E+00 -0.24526074E-31
  0.47838958E+14  0.00000000E+00 -0.24332261E-31
  0.47886323E+14  0.00000000E+00 -0.24140790E-31
  0.47933689E+14  0.00000000E+00 -0.23951623E-31
  0.47981054E+14  0.00000000E+00 -0.23764721E-31
  0.48028419E+14  0.00000000E+00 -0.23580048E-31
  0.48075784E+14  0.00000000E+00 -0.23397566E-31
  0.48123150E+14  0.00000000E+00 -0.23217240E-31
  0.48170515E+14  0.00000000E+00 -0.23039036E-31
  0.48217880E+14  0.00000000E+00 -0.22862918E-31
  0.48265246E+14  0.00000000E+00 -0.22688853E-31
  0.48312611E+14  0.00000000E+00 -0.22516808E-31
  0.48359976E+14  0.00000000E+00 -0.22346752E-31
  0.48407342E+14  0.00000000E+00 -0.22178651E-31
  0.48454707E+14  0.00000000E+00 -0.22012477E-31
  0.48502072E+14  0.00000000E+00 -0.21848197E-31
  0.48549438E+14  0.00000000E+00 -0.21685784E-31
  0.48596803E+14  0.00000000E+00 -0.21525206E-31
  0.48644168E+14  0.00000000E+00 -0.21366436E-31
  0.48691533E+14  0.00000000E+00 -0.21209447E-31
  0.48738899E+14  0.00000000E+00 -0.21054209E-31
  0.48786264E+14  0.00000000E+00 -0.20900697E-31
  0.48833629E+14  0.00000000E+00 -0.20748885E-31
  0.48880995E+14  0.00000000E+00 -0.20598746E-31
  0.48928360E+14  0.00000000E+00 -0.20450254E-31
  0.48975725E+14  0.00000000E+00 -0.20303386E-31
  0.49023091E+14  0.00000000E+00 -0.20158117E-31
  0.49070456E+14  0.00000000E+00 -0.20014422E-31
  0.49117821E+14  0.00000000E+00 -0.19872279E-31
  0.49165187E+14  0.00000000E+00 -0.19731664E-31
  0.49212552E+14  0.00000000E+00 -0.19592554E-31
  0.49259917E+14  0.00000000E+00 -0.19454928E-31
  0.49307282E+14  0.00000000E+00 -0.19318764E-31
  0.49354648E+14  0.00000000E+00 -0.19184041E-31
  0.49402013E+14  0.00000000E+00 -0.19050737E-31
  0.49449378E+14  0.00000000E+00 -0.18918832E-31
  0.49496744E+14  0.00000000E+00 -0.18788306E-31
  0.49544109E+14  0.00000000E+00 -0.18659138E-31
  0.49591474E+14  0.00000000E+00 -0.18531311E-31
  0.49638840E+14  0.00000000E+00 -0.18404803E-31
  0.49686205E+14  0.00000000E+00 -0.18279597E-31
  0.49733570E+14  0.00000000E+00 -0.18155675E-31
  0.49780935E+14  0.00000000E+00 -0.18033018E-31
  0.49828301E+14  0.00000000E+00 -0.17911608E-31
  0.49875666E+14  0.00000000E+00 -0.17791428E-31
  0.49923031E+14  0.00000000E+00 -0.17672461E-31
  0.49970397E+14  0.00000000E+00 -0.17554690E-31
  0.50017762E+14  0.00000000E+00 -0.17438099E-31
  0.50065127E+14  0.00000000E+00 -0.17322671E-31
  0.50112493E+14  0.00000000E+00 -0.17208390E-31
  0.50159858E+14  0.00000000E+00 -0.17095241E-31
  0.50207223E+14  0.00000000E+00 -0.16983209E-31
  0.50254589E+14  0.00000000E+00 -0.16872277E-31
  0.50301954E+14  0.00000000E+00 -0.16762432E-31
  0.50349319E+14  0.00000000E+00 -0.16653659E-31
  0.50396684E+14  0.00000000E+00 -0.16545942E-31
  0.50444050E+14  0.00000000E+00 -0.16439270E-31
  0.50491415E+14  0.00000000E+00 -0.16333626E-31
  0.50538780E+14  0.00000000E+00 -0.16228998E-31
  0.50586146E+14  0.00000000E+00 -0.16125372E-31
  0.50633511E+14  0.00000000E+00 -0.16022736E-31
  0.50680876E+14  0.00000000E+00 -0.15921076E-31
  0.50728242E+14  0.00000000E+00 -0.15820379E-31
  0.50775607E+14  0.00000000E+00 -0.15720633E-31
  0.50822972E+14  0.00000000E+00 -0.15621825E-31
  0.50870337E+14  0.00000000E+00 -0.15523944E-31
  0.50917703E+14  0.00000000E+00 -0.15426978E-31
  0.50965068E+14  0.00000000E+00 -0.15330914E-31
  0.51012433E+14  0.00000000E+00 -0.15235742E-31
  0.51059799E+14  0.00000000E+00 -0.15141449E-31
  0.51107164E+14  0.00000000E+00 -0.15048026E-31
  0.51154529E+14  0.00000000E+00 -0.14955460E-31
  0.51201895E+14  0.00000000E+00 -0.14863741E-31
  0.51249260E+14  0.00000000E+00 -0.14772858E-31
  0.51296625E+14  0.00000000E+00 -0.14682801E-31
  0.51343991E+14  0.00000000E+00 -0.14593560E-31
  0.51391356E+14  0.00000000E+00 -0.14505125E-31
  0.51438721E+14  0.00000000E+00 -0.14417485E-31
  0.51486086E+14  0.00000000E+00 -0.14330631E-31
  0.51533452E+14  0.00000000E+00 -0.14244552E-31
  0.51580817E+14  0.00000000E+00 -0.14159241E-31
  0.51628182E+14  0.00000000E+00 -0.14074686E-31
  0.51675548E+14  0.00000000E+00 -0.13990880E-31
  0.51722913E+14  0.00000000E+00 -0.13907812E-31
  0.51770278E+14  0.00000000E+00 -0.13825475E-31
  0.51817644E+14  0.00000000E+00 -0.13743859E-31
  0.51865009E+14  0.00000000E+00 -0.13662955E-31
  0.51912374E+14  0.00000000E+00 -0.13582756E-31
  0.51959739E+14  0.00000000E+00 -0.13503252E-31
  0.52007105E+14  0.00000000E+00 -0.13424435E-31
  0.52054470E+14  0.00000000E+00 -0.13346298E-31
  0.52101835E+14  0.00000000E+00 -0.13268833E-31
  0.52149201E+14  0.00000000E+00 -0.13192030E-31
  0.52196566E+14  0.00000000E+00 -0.13115883E-31
  0.52243931E+14  0.00000000E+00 -0.13040385E-31
  0.52291297E+14  0.00000000E+00 -0.12965526E-31
  0.52338662E+14  0.00000000E+00 -0.12891301E-31
  0.52386027E+14  0.00000000E+00 -0.12817701E-31
  0.52433393E+14  0.00000000E+00 -0.12744720E-31
  0.52480758E+14  0.00000000E+00 -0.12672350E-31
  0.52528123E+14  0.00000000E+00 -0.12600585E-31
  0.52575488E+14  0.00000000E+00 -0.12529417E-31
  0.52622854E+14  0.00000000E+00 -0.12458840E-31
  0.52670219E+14  0.00000000E+00 -0.12388847E-31
  0.52717584E+14  0.00000000E+00 -0.12319431E-31
  0.52764950E+14  0.00000000E+00 -0.12250586E-31
  0.52812315E+14  0.00000000E+00 -0.12182306E-31
  0.52859680E+14  0.00000000E+00 -0.12114584E-31
  0.52907046E+14  0.00000000E+00 -0.12047413E-31
  0.52954411E+14  0.00000000E+00 -0.11980789E-31
  0.53001776E+14  0.00000000E+00 -0.11914704E-31
  0.53049142E+14  0.00000000E+00 -0.11849153E-31
  0.53096507E+14  0.00000000E+00 -0.11784130E-31
  0.53143872E+14  0.00000000E+00 -0.11719630E-31
  0.53191237E+14  0.00000000E+00 -0.11655645E-31
  0.53238603E+14  0.00000000E+00 -0.11592171E-31
  0.53285968E+14  0.00000000E+00 -0.11529203E-31
  0.53333333E+14  0.00000000E+00 -0.11466734E-31
  0.53380699E+14  0.00000000E+00 -0.11404760E-31
  0.53428064E+14  0.00000000E+00 -0.11343274E-31
  0.53475429E+14  0.00000000E+00 -0.11282273E-31
  0.53522795E+14  0.00000000E+00 -0.11221750E-31
  0.53570160E+14  0.00000000E+00 -0.11161700E-31
  0.53617525E+14  0.00000000E+00 -0.11102119E-31
  0.53664890E+14  0.00000000E+00 -0.11043001E-31
  0.53712256E+14  0.00000000E+00 -0.10984342E-31
  0.53759621E+14  0.00000000E+00 -0.10926136E-31
  0.53806986E+14  0.00000000E+00 -0.10868380E-31
  0.53854352E+14  0.00000000E+00 -0.10811067E-31
  0.53901717E+14  0.00000000E+00 -0.10754195E-31
  0.53949082E+14  0.00000000E+00 -0.10697757E-31
  0.53996448E+14  0.00000000E+00 -0.10641749E-31
  0.54043813E+14  0.00000000E+00 -0.10586168E-31
  0.54091178E+14  0.00000000E+00 -0.10531008E-31
  0.54138544E+14  0.00000000E+00 -0.10476266E-31
  0.54185909E+14  0.00000000E+00 -0.10421936E-31
  0.54233274E+14  0.00000000E+00 -0.10368016E-31
  0.54280639E+14  0.00000000E+00 -0.10314499E-31
  0.54328005E+14  0.00000000E+00 -0.10261384E-31
  0.54375370E+14  0.00000000E+00 -0.10208664E-31
  0.54422735E+14  0.00000000E+00 -0.10156337E-31
  0.54470101E+14  0.00000000E+00 -0.10104399E-31
  0.54517466E+14  0.00000000E+00 -0.10052845E-31
  0.54564831E+14  0.00000000E+00 -0.10001671E-31
  0.54612197E+14  0.00000000E+00 -0.99508744E-32
  0.54659562E+14  0.00000000E+00 -0.99004509E-32
  0.54706927E+14  0.00000000E+00 -0.98503966E-32
  0.54754292E+14  0.00000000E+00 -0.98007081E-32
  0.54801658E+14  0.00000000E+00 -0.97513816E-32
  0.54849023E+14  0.00000000E+00 -0.97024137E-32
  0.54896388E+14  0.00000000E+00 -0.96538007E-32
  0.54943754E+14  0.00000000E+00 -0.96055391E-32
  0.54991119E+14  0.00000000E+00 -0.95576257E-32
  0.55038484E+14  0.00000000E+00 -0.95100568E-32
  0.55085850E+14  0.00000000E+00 -0.94628293E-32
  0.55133215E+14  0.00000000E+00 -0.94159397E-32
  0.55180580E+14  0.00000000E+00 -0.93693848E-32
  0.55227946E+14  0.00000000E+00 -0.93231614E-32
  0.55275311E+14  0.00000000E+00 -0.92772663E-32
  0.55322676E+14  0.00000000E+00 -0.92316964E-32
  0.55370041E+14  0.00000000E+00 -0.91864484E-32
  0.55417407E+14  0.00000000E+00 -0.91415194E-32
  0.55464772E+14  0.00000000E+00 -0.90969063E-32
  0.55512137E+14  0.00000000E+00 -0.90526061E-32
  0.55559503E+14  0.00000000E+00 -0.90086158E-32
  0.55606868E+14  0.00000000E+00 -0.89649326E-32
  0.55654233E+14  0.00000000E+00 -0.89215535E-32
  0.55701599E+14  0.00000000E+00 -0.88784756E-32
  0.55748964E+14  0.00000000E+00 -0.88356962E-32
  0.55796329E+14  0.00000000E+00 -0.87932125E-32
  0.55843694E+14  0.00000000E+00 -0.87510216E-32
  0.55891060E+14  0.00000000E+00 -0.87091210E-32
  0.55938425E+14  0.00000000E+00 -0.86675078E-32
  0.55985790E+14  0.00000000E+00 -0.86261794E-32
  0.56033156E+14  0.00000000E+00 -0.85851332E-32
  0.56080521E+14  0.00000000E+00 -0.85443667E-32
  0.56127886E+14  0.00000000E+00 -0.85038771E-32
  0.56175252E+14  0.00000000E+00 -0.84636621E-32
  0.56222617E+14  0.00000000E+00 -0.84237190E-32
  0.56269982E+14  0.00000000E+00 -0.83840455E-32
  0.56317348E+14  0.00000000E+00 -0.83446391E-32
  0.56364713E+14  0.00000000E+00 -0.83054973E-32
  0.56412078E+14  0.00000000E+00 -0.82666177E-32
  0.56459443E+14  0.00000000E+00 -0.82279981E-32
  0.56506809E+14  0.00000000E+00 -0.81896360E-32
  0.56554174E+14  0.00000000E+00 -0.81515292E-32
  0.56601539E+14  0.00000000E+00 -0.81136753E-32
  0.56648905E+14  0.00000000E+00 -0.80760722E-32
  0.56696270E+14  0.00000000E+00 -0.80387175E-32
  0.56743635E+14  0.00000000E+00 -0.80016091E-32
  0.56791001E+14  0.00000000E+00 -0.79647448E-32
  0.56838366E+14  0.00000000E+00 -0.79281224E-32
  0.56885731E+14  0.00000000E+00 -0.78917398E-32
  0.56933097E+14  0.00000000E+00 -0.78555950E-32
  0.56980462E+14  0.00000000E+00 -0.78196857E-32
  0.57027827E+14  0.00000000E+00 -0.77840100E-32
  0.57075192E+14  0.00000000E+00 -0.77485658E-32
  0.57122558E+14  0.00000000E+00 -0.77133511E-32
  0.57169923E+14  0.00000000E+00 -0.76783639E-32
  0.57217288E+14  0.00000000E+00 -0.76436022E-32
  0.57264654E+14  0.00000000E+00 -0.76090642E-32
  0.57312019E+14  0.00000000E+00 -0.75747477E-32
  0.57359384E+14  0.00000000E+00 -0.75406511E-32
  0.57406750E+14  0.00000000E+00 -0.75067723E-32
  0.57454115E+14  0.00000000E+00 -0.74731095E-32
  0.57501480E+14  0.00000000E+00 -0.74396609E-32
  0.57548845E+14  0.00000000E+00 -0.74064246E-32
  0.57596211E+14  0.00000000E+00 -0.73733988E-32
  0.57643576E+14  0.00000000E+00 -0.73405818E-32
  0.57690941E+14  0.00000000E+00 -0.73079718E-32
  0.57738307E+14  0.00000000E+00 -0.72755670E-32
  0.57785672E+14  0.00000000E+00 -0.72433657E-32
  0.57833037E+14  0.00000000E+00 -0.72113662E-32
  0.57880403E+14  0.00000000E+00 -0.71795668E-32
  0.57927768E+14  0.00000000E+00 -0.71479659E-32
  0.57975133E+14  0.00000000E+00 -0.71165617E-32
  0.58022499E+14  0.00000000E+00 -0.70853527E-32
  0.58069864E+14  0.00000000E+00 -0.70543372E-32
  0.58117229E+14  0.00000000E+00 -0.70235136E-32
  0.58164594E+14  0.00000000E+00 -0.69928804E-32
  0.58211960E+14  0.00000000E+00 -0.69624359E-32
  0.58259325E+14  0.00000000E+00 -0.69321787E-32
  0.58306690E+14  0.00000000E+00 -0.69021071E-32
  0.58354056E+14  0.00000000E+00 -0.68722197E-32
  0.58401421E+14  0.00000000E+00 -0.68425150E-32
  0.58448786E+14  0.00000000E+00 -0.68129914E-32
  0.58496152E+14  0.00000000E+00 -0.67836475E-32
  0.58543517E+14  0.00000000E+00 -0.67544818E-32
  0.58590882E+14  0.00000000E+00 -0.67254930E-32
  0.58638247E+14  0.00000000E+00 -0.66966795E-32
  0.58685613E+14  0.00000000E+00 -0.66680399E-32
  0.58732978E+14  0.00000000E+00 -0.66395729E-32
  0.58780343E+14  0.00000000E+00 -0.66112771E-32
  0.58827709E+14  0.00000000E+00 -0.65831511E-32
  0.58875074E+14  0.00000000E+00 -0.65551935E-32
  0.58922439E+14  0.00000000E+00 -0.65274030E-32
  0.58969805E+14  0.00000000E+00 -0.64997783E-32
  0.59017170E+14  0.00000000E+00 -0.64723180E-32
  0.59064535E+14  0.00000000E+00 -0.64450209E-32
  0.59111901E+14  0.00000000E+00 -0.64178857E-32
  0.59159266E+14  0.00000000E+00 -0.63909111E-32
  0.59206631E+14  0.00000000E+00 -0.63640957E-32
  0.59253996E+14  0.00000000E+00 -0.63374385E-32
  0.59301362E+14  0.00000000E+00 -0.63109381E-32
  0.59348727E+14  0.00000000E+00 -0.62845933E-32
  0.59396092E+14  0.00000000E+00 -0.62584029E-32
  0.59443458E+14  0.00000000E+00 -0.62323657E-32
  0.59490823E+14  0.00000000E+00 -0.62064805E-32
  0.59538188E+14  0.00000000E+00 -0.61807462E-32
  0.59585554E+14  0.00000000E+00 -0.61551615E-32
  0.59632919E+14  0.00000000E+00 -0.61297253E-32
  0.59680284E+14  0.00000000E+00 -0.61044364E-32
  0.59727649E+14  0.00000000E+00 -0.60792938E-32
  0.59775015E+14  0.00000000E+00 -0.60542964E-32
  0.59822380E+14  0.00000000E+00 -0.60294429E-32
  0.59869745E+14  0.00000000E+00 -0.60047323E-32
  0.59917111E+14  0.00000000E+00 -0.59801635E-32
  0.59964476E+14  0.00000000E+00 -0.59557355E-32
  0.60011841E+14  0.00000000E+00 -0.59314471E-32
  0.60059207E+14  0.00000000E+00 -0.59072974E-32
  0.60106572E+14  0.00000000E+00 -0.58832852E-32
  0.60153937E+14  0.00000000E+00 -0.58594095E-32
  0.60201303E+14  0.00000000E+00 -0.58356693E-32
  0.60248668E+14  0.00000000E+00 -0.58120637E-32
  0.60296033E+14  0.00000000E+00 -0.57885914E-32
  0.60343398E+14  0.00000000E+00 -0.57652517E-32
  0.60390764E+14  0.00000000E+00 -0.57420434E-32
  0.60438129E+14  0.00000000E+00 -0.57189657E-32
  0.60485494E+14  0.00000000E+00 -0.56960174E-32
  0.60532860E+14  0.00000000E+00 -0.56731978E-32
  0.60580225E+14  0.00000000E+00 -0.56505058E-32
  0.60627590E+14  0.00000000E+00 -0.56279404E-32
  0.60674956E+14  0.00000000E+00 -0.56055008E-32
  0.60722321E+14  0.00000000E+00 -0.55831860E-32
  0.60769686E+14  0.00000000E+00 -0.55609952E-32
  0.60817052E+14  0.00000000E+00 -0.55389273E-32
  0.60864417E+14  0.00000000E+00 -0.55169815E-32
  0.60911782E+14  0.00000000E+00 -0.54951569E-32
  0.60959147E+14  0.00000000E+00 -0.54734526E-32
  0.61006513E+14  0.00000000E+00 -0.54518678E-32
  0.61053878E+14  0.00000000E+00 -0.54304015E-32
  0.61101243E+14  0.00000000E+00 -0.54090530E-32
  0.61148609E+14  0.00000000E+00 -0.53878213E-32
  0.61195974E+14  0.00000000E+00 -0.53667057E-32
  0.61243339E+14  0.00000000E+00 -0.53457053E-32
  0.61290705E+14  0.00000000E+00 -0.53248192E-32
  0.61338070E+14  0.00000000E+00 -0.53040466E-32
  0.61385435E+14  0.00000000E+00 -0.52833868E-32
  0.61432800E+14  0.00000000E+00 -0.52628389E-32
  0.61480166E+14  0.00000000E+00 -0.52424021E-32
  0.61527531E+14  0.00000000E+00 -0.52220757E-32
  0.61574896E+14  0.00000000E+00 -0.52018588E-32
  0.61622262E+14  0.00000000E+00 -0.51817506E-32
  0.61669627E+14  0.00000000E+00 -0.51617505E-32
  0.61716992E+14  0.00000000E+00 -0.51418576E-32
  0.61764358E+14  0.00000000E+00 -0.51220712E-32
  0.61811723E+14  0.00000000E+00 -0.51023905E-32
  0.61859088E+14  0.00000000E+00 -0.50828148E-32
  0.61906454E+14  0.00000000E+00 -0.50633434E-32
  0.61953819E+14  0.00000000E+00 -0.50439755E-32
  0.62001184E+14  0.00000000E+00 -0.50247104E-32
  0.62048549E+14  0.00000000E+00 -0.50055473E-32
  0.62095915E+14  0.00000000E+00 -0.49864857E-32
  0.62143280E+14  0.00000000E+00 -0.49675247E-32
  0.62190645E+14  0.00000000E+00 -0.49486636E-32
  0.62238011E+14  0.00000000E+00 -0.49299019E-32
  0.62285376E+14  0.00000000E+00 -0.49112387E-32
  0.62332741E+14  0.00000000E+00 -0.48926735E-32
  0.62380107E+14  0.00000000E+00 -0.48742055E-32
  0.62427472E+14  0.00000000E+00 -0.48558341E-32
  0.62474837E+14  0.00000000E+00 -0.48375585E-32
  0.62522202E+14  0.00000000E+00 -0.48193782E-32
  0.62569568E+14  0.00000000E+00 -0.48012926E-32
  0.62616933E+14  0.00000000E+00 -0.47833008E-32
  0.62664298E+14  0.00000000E+00 -0.47654024E-32
  0.62711664E+14  0.00000000E+00 -0.47475967E-32
  0.62759029E+14  0.00000000E+00 -0.47298830E-32
  0.62806394E+14  0.00000000E+00 -0.47122607E-32
  0.62853760E+14  0.00000000E+00 -0.46947293E-32
  0.62901125E+14  0.00000000E+00 -0.46772881E-32
  0.62948490E+14  0.00000000E+00 -0.46599364E-32
  0.62995856E+14  0.00000000E+00 -0.46426737E-32
  0.63043221E+14  0.00000000E+00 -0.46254994E-32
  0.63090586E+14  0.00000000E+00 -0.46084129E-32
  0.63137951E+14  0.00000000E+00 -0.45914137E-32
  0.63185317E+14  0.00000000E+00 -0.45745010E-32
  0.63232682E+14  0.00000000E+00 -0.45576744E-32
  0.63280047E+14  0.00000000E+00 -0.45409333E-32
  0.63327413E+14  0.00000000E+00 -0.45242771E-32
  0.63374778E+14  0.00000000E+00 -0.45077052E-32
  0.63422143E+14  0.00000000E+00 -0.44912171E-32
  0.63469509E+14  0.00000000E+00 -0.44748123E-32
  0.63516874E+14  0.00000000E+00 -0.44584901E-32
  0.63564239E+14  0.00000000E+00 -0.44422501E-32
  0.63611604E+14  0.00000000E+00 -0.44260917E-32
  0.63658970E+14  0.00000000E+00 -0.44100143E-32
  0.63706335E+14  0.00000000E+00 -0.43940175E-32
  0.63753700E+14  0.00000000E+00 -0.43781007E-32
  0.63801066E+14  0.00000000E+00 -0.43622633E-32
  0.63848431E+14  0.00000000E+00 -0.43465050E-32
  0.63895796E+14  0.00000000E+00 -0.43308250E-32
  0.63943162E+14  0.00000000E+00 -0.43152231E-32
  0.63990527E+14  0.00000000E+00 -0.42996985E-32
  0.64037892E+14  0.00000000E+00 -0.42842509E-32
  0.64085258E+14  0.00000000E+00 -0.42688798E-32
  0.64132623E+14  0.00000000E+00 -0.42535846E-32
  0.64179988E+14  0.00000000E+00 -0.42383648E-32
  0.64227353E+14  0.00000000E+00 -0.42232200E-32
  0.64274719E+14  0.00000000E+00 -0.42081497E-32
  0.64322084E+14  0.00000000E+00 -0.41931534E-32
  0.64369449E+14  0.00000000E+00 -0.41782307E-32
  0.64416815E+14  0.00000000E+00 -0.41633810E-32
  0.64464180E+14  0.00000000E+00 -0.41486040E-32
  0.64511545E+14  0.00000000E+00 -0.41338990E-32
  0.64558911E+14  0.00000000E+00 -0.41192658E-32
  0.64606276E+14  0.00000000E+00 -0.41047037E-32
  0.64653641E+14  0.00000000E+00 -0.40902125E-32
  0.64701007E+14  0.00000000E+00 -0.40757916E-32
  0.64748372E+14  0.00000000E+00 -0.40614405E-32
  0.64795737E+14  0.00000000E+00 -0.40471590E-32
  0.64843102E+14  0.00000000E+00 -0.40329464E-32
  0.64890468E+14  0.00000000E+00 -0.40188024E-32
  0.64937833E+14  0.00000000E+00 -0.40047265E-32
  0.64985198E+14  0.00000000E+00 -0.39907183E-32
  0.65032564E+14  0.00000000E+00 -0.39767775E-32
  0.65079929E+14  0.00000000E+00 -0.39629035E-32
  0.65127294E+14  0.00000000E+00 -0.39490959E-32
  0.65174660E+14  0.00000000E+00 -0.39353544E-32
  0.65222025E+14  0.00000000E+00 -0.39216786E-32
  0.65269390E+14  0.00000000E+00 -0.39080679E-32
  0.65316755E+14  0.00000000E+00 -0.38945221E-32
  0.65364121E+14  0.00000000E+00 -0.38810407E-32
  0.65411486E+14  0.00000000E+00 -0.38676233E-32
  0.65458851E+14  0.00000000E+00 -0.38542696E-32
  0.65506217E+14  0.00000000E+00 -0.38409790E-32
  0.65553582E+14  0.00000000E+00 -0.38277514E-32
  0.65600947E+14  0.00000000E+00 -0.38145861E-32
  0.65648313E+14  0.00000000E+00 -0.38014830E-32
  0.65695678E+14  0.00000000E+00 -0.37884416E-32
  0.65743043E+14  0.00000000E+00 -0.37754614E-32
  0.65790409E+14  0.00000000E+00 -0.37625423E-32
  0.65837774E+14  0.00000000E+00 -0.37496837E-32
  0.65885139E+14  0.00000000E+00 -0.37368853E-32
  0.65932504E+14  0.00000000E+00 -0.37241467E-32
  0.65979870E+14  0.00000000E+00 -0.37114676E-32
  0.66027235E+14  0.00000000E+00 -0.36988477E-32
  0.66074600E+14  0.00000000E+00 -0.36862865E-32
  0.66121966E+14  0.00000000E+00 -0.36737837E-32
  0.66169331E+14  0.00000000E+00 -0.36613390E-32
  0.66216696E+14  0.00000000E+00 -0.36489519E-32
  0.66264062E+14  0.00000000E+00 -0.36366223E-32
  0.66311427E+14  0.00000000E+00 -0.36243496E-32
  0.66358792E+14  0.00000000E+00 -0.36121337E-32
  0.66406157E+14  0.00000000E+00 -0.35999740E-32
  0.66453523E+14  0.00000000E+00 -0.35878704E-32
  0.66500888E+14  0.00000000E+00 -0.35758224E-32
  0.66548253E+14  0.00000000E+00 -0.35638298E-32
  0.66595619E+14  0.00000000E+00 -0.35518921E-32
  0.66642984E+14  0.00000000E+00 -0.35400092E-32
  0.66690349E+14  0.00000000E+00 -0.35281806E-32
  0.66737715E+14  0.00000000E+00 -0.35164060E-32
  0.66785080E+14  0.00000000E+00 -0.35046852E-32
  0.66832445E+14  0.00000000E+00 -0.34930177E-32
  0.66879811E+14  0.00000000E+00 -0.34814033E-32
  0.66927176E+14  0.00000000E+00 -0.34698417E-32
  0.66974541E+14  0.00000000E+00 -0.34583326E-32
  0.67021906E+14  0.00000000E+00 -0.34468756E-32
  0.67069272E+14  0.00000000E+00 -0.34354705E-32
  0.67116637E+14  0.00000000E+00 -0.34241169E-32
  0.67164002E+14  0.00000000E+00 -0.34128145E-32
  0.67211368E+14  0.00000000E+00 -0.34015631E-32
  0.67258733E+14  0.00000000E+00 -0.33903624E-32
  0.67306098E+14  0.00000000E+00 -0.33792120E-32
  0.67353464E+14  0.00000000E+00 -0.33681116E-32
  0.67400829E+14  0.00000000E+00 -0.33570611E-32
  0.67448194E+14  0.00000000E+00 -0.33460600E-32
  0.67495560E+14  0.00000000E+00 -0.33351081E-32
  0.67542925E+14  0.00000000E+00 -0.33242051E-32
  0.67590290E+14  0.00000000E+00 -0.33133508E-32
  0.67637655E+14  0.00000000E+00 -0.33025448E-32
  0.67685021E+14  0.00000000E+00 -0.32917869E-32
  0.67732386E+14  0.00000000E+00 -0.32810768E-32
  0.67779751E+14  0.00000000E+00 -0.32704142E-32
  0.67827117E+14  0.00000000E+00 -0.32597989E-32
  0.67874482E+14  0.00000000E+00 -0.32492305E-32
  0.67921847E+14  0.00000000E+00 -0.32387089E-32
  0.67969213E+14  0.00000000E+00 -0.32282337E-32
  0.68016578E+14  0.00000000E+00 -0.32178047E-32
  0.68063943E+14  0.00000000E+00 -0.32074216E-32
  0.68111308E+14  0.00000000E+00 -0.31970842E-32
  0.68158674E+14  0.00000000E+00 -0.31867921E-32
  0.68206039E+14  0.00000000E+00 -0.31765453E-32
  0.68253404E+14  0.00000000E+00 -0.31663433E-32
  0.68300770E+14  0.00000000E+00 -0.31561859E-32
  0.68348135E+14  0.00000000E+00 -0.31460730E-32
  0.68395500E+14  0.00000000E+00 -0.31360041E-32
  0.68442866E+14  0.00000000E+00 -0.31259792E-32
  0.68490231E+14  0.00000000E+00 -0.31159979E-32
  0.68537596E+14  0.00000000E+00 -0.31060600E-32
  0.68584962E+14  0.00000000E+00 -0.30961653E-32
  0.68632327E+14  0.00000000E+00 -0.30863134E-32
  0.68679692E+14  0.00000000E+00 -0.30765043E-32
  0.68727057E+14  0.00000000E+00 -0.30667376E-32
  0.68774423E+14  0.00000000E+00 -0.30570131E-32
  0.68821788E+14  0.00000000E+00 -0.30473305E-32
  0.68869153E+14  0.00000000E+00 -0.30376897E-32
  0.68916519E+14  0.00000000E+00 -0.30280904E-32
  0.68963884E+14  0.00000000E+00 -0.30185323E-32
  0.69011249E+14  0.00000000E+00 -0.30090153E-32
  0.69058615E+14  0.00000000E+00 -0.29995391E-32
  0.69105980E+14  0.00000000E+00 -0.29901035E-32
  0.69153345E+14  0.00000000E+00 -0.29807083E-32
  0.69200710E+14  0.00000000E+00 -0.29713532E-32
  0.69248076E+14  0.00000000E+00 -0.29620381E-32
  0.69295441E+14  0.00000000E+00 -0.29527626E-32
  0.69342806E+14  0.00000000E+00 -0.29435267E-32
  0.69390172E+14  0.00000000E+00 -0.29343300E-32
  0.69437537E+14  0.00000000E+00 -0.29251724E-32
  0.69484902E+14  0.00000000E+00 -0.29160536E-32
  0.69532268E+14  0.00000000E+00 -0.29069735E-32
  0.69579633E+14  0.00000000E+00 -0.28979318E-32
  0.69626998E+14  0.00000000E+00 -0.28889283E-32
  0.69674364E+14  0.00000000E+00 -0.28799628E-32
  0.69721729E+14  0.00000000E+00 -0.28710351E-32
  0.69769094E+14  0.00000000E+00 -0.28621450E-32
  0.69816459E+14  0.00000000E+00 -0.28532924E-32
  0.69863825E+14  0.00000000E+00 -0.28444769E-32
  0.69911190E+14  0.00000000E+00 -0.28356984E-32
  0.69958555E+14  0.00000000E+00 -0.28269567E-32
  0.70005921E+14  0.00000000E+00 -0.28182515E-32
  0.70053286E+14  0.00000000E+00 -0.28095828E-32
  0.70100651E+14  0.00000000E+00 -0.28009503E-32
  0.70148017E+14  0.00000000E+00 -0.27923538E-32
  0.70195382E+14  0.00000000E+00 -0.27837932E-32
  0.70242747E+14  0.00000000E+00 -0.27752681E-32
  0.70290112E+14  0.00000000E+00 -0.27667785E-32
  0.70337478E+14  0.00000000E+00 -0.27583241E-32
  0.70384843E+14  0.00000000E+00 -0.27499048E-32
  0.70432208E+14  0.00000000E+00 -0.27415204E-32
  0.70479574E+14  0.00000000E+00 -0.27331707E-32
  0.70526939E+14  0.00000000E+00 -0.27248554E-32
  0.70574304E+14  0.00000000E+00 -0.27165745E-32
  0.70621670E+14  0.00000000E+00 -0.27083278E-32
  0.70669035E+14  0.00000000E+00 -0.27001150E-32
  0.70716400E+14  0.00000000E+00 -0.26919359E-32
  0.70763766E+14  0.00000000E+00 -0.26837905E-32
  0.70811131E+14  0.00000000E+00 -0.26756785E-32
  0.70858496E+14  0.00000000E+00 -0.26675998E-32
  0.70905861E+14  0.00000000E+00 -0.26595541E-32
  0.70953227E+14  0.00000000E+00 -0.26515414E-32
  0.71000592E+14  0.00000000E+00 -0.26435614E-32
  0.71047957E+14  0.00000000E+00 -0.26356139E-32
  0.71095323E+14  0.00000000E+00 -0.26276988E-32
  0.71142688E+14  0.00000000E+00 -0.26198160E-32
  0.71190053E+14  0.00000000E+00 -0.26119652E-32
  0.71237419E+14  0.00000000E+00 -0.26041463E-32
  0.71284784E+14  0.00000000E+00 -0.25963591E-32
  0.71332149E+14  0.00000000E+00 -0.25886035E-32
  0.71379515E+14  0.00000000E+00 -0.25808792E-32
  0.71426880E+14  0.00000000E+00 -0.25731862E-32
  0.71474245E+14  0.00000000E+00 -0.25655243E-32
  0.71521610E+14  0.00000000E+00 -0.25578933E-32
  0.71568976E+14  0.00000000E+00 -0.25502930E-32
  0.71616341E+14  0.00000000E+00 -0.25427233E-32
  0.71663706E+14  0.00000000E+00 -0.25351841E-32
  0.71711072E+14  0.00000000E+00 -0.25276751E-32
  0.71758437E+14  0.00000000E+00 -0.25201963E-32
  0.71805802E+14  0.00000000E+00 -0.25127474E-32
  0.71853168E+14  0.00000000E+00 -0.25053283E-32
  0.71900533E+14  0.00000000E+00 -0.24979389E-32
  0.71947898E+14  0.00000000E+00 -0.24905791E-32
  0.71995263E+14  0.00000000E+00 -0.24832485E-32
  0.72042629E+14  0.00000000E+00 -0.24759472E-32
  0.72089994E+14  0.00000000E+00 -0.24686750E-32
  0.72137359E+14  0.00000000E+00 -0.24614316E-32
  0.72184725E+14  0.00000000E+00 -0.24542171E-32
  0.72232090E+14  0.00000000E+00 -0.24470311E-32
  0.72279455E+14  0.00000000E+00 -0.24398737E-32
  0.72326821E+14  0.00000000E+00 -0.24327445E-32
  0.72374186E+14  0.00000000E+00 -0.24256436E-32
  0.72421551E+14  0.00000000E+00 -0.24185707E-32
  0.72468917E+14  0.00000000E+00 -0.24115257E-32
  0.72516282E+14  0.00000000E+00 -0.24045085E-32
  0.72563647E+14  0.00000000E+00 -0.23975189E-32
  0.72611012E+14  0.00000000E+00 -0.23905568E-32
  0.72658378E+14  0.00000000E+00 -0.23836221E-32
  0.72705743E+14  0.00000000E+00 -0.23767145E-32
  0.72753108E+14  0.00000000E+00 -0.23698340E-32
  0.72800474E+14  0.00000000E+00 -0.23629805E-32
  0.72847839E+14  0.00000000E+00 -0.23561538E-32
  0.72895204E+14  0.00000000E+00 -0.23493538E-32
  0.72942570E+14  0.00000000E+00 -0.23425803E-32
  0.72989935E+14  0.00000000E+00 -0.23358332E-32
  0.73037300E+14  0.00000000E+00 -0.23291124E-32
  0.73084665E+14  0.00000000E+00 -0.23224177E-32
  0.73132031E+14  0.00000000E+00 -0.23157491E-32
  0.73179396E+14  0.00000000E+00 -0.23091063E-32
  0.73226761E+14  0.00000000E+00 -0.23024893E-32
  0.73274127E+14  0.00000000E+00 -0.22958979E-32
  0.73321492E+14  0.00000000E+00 -0.22893321E-32
  0.73368857E+14  0.00000000E+00 -0.22827916E-32
  0.73416223E+14  0.00000000E+00 -0.22762764E-32
  0.73463588E+14  0.00000000E+00 -0.22697863E-32
  0.73510953E+14  0.00000000E+00 -0.22633212E-32
  0.73558319E+14  0.00000000E+00 -0.22568810E-32
  0.73605684E+14  0.00000000E+00 -0.22504656E-32
  0.73653049E+14  0.00000000E+00 -0.22440748E-32
  0.73700414E+14  0.00000000E+00 -0.22377086E-32
  0.73747780E+14  0.00000000E+00 -0.22313667E-32
  0.73795145E+14  0.00000000E+00 -0.22250491E-32
  0.73842510E+14  0.00000000E+00 -0.22187557E-32
  0.73889876E+14  0.00000000E+00 -0.22124863E-32
  0.73937241E+14  0.00000000E+00 -0.22062409E-32
  0.73984606E+14  0.00000000E+00 -0.22000193E-32
  0.74031972E+14  0.00000000E+00 -0.21938214E-32
  0.74079337E+14  0.00000000E+00 -0.21876470E-32
  0.74126702E+14  0.00000000E+00 -0.21814962E-32
  0.74174067E+14  0.00000000E+00 -0.21753687E-32
  0.74221433E+14  0.00000000E+00 -0.21692644E-32
  0.74268798E+14  0.00000000E+00 -0.21631833E-32
  0.74316163E+14  0.00000000E+00 -0.21571252E-32
  0.74363529E+14  0.00000000E+00 -0.21510900E-32
  0.74410894E+14  0.00000000E+00 -0.21450775E-32
  0.74458259E+14  0.00000000E+00 -0.21390878E-32
  0.74505625E+14  0.00000000E+00 -0.21331207E-32
  0.74552990E+14  0.00000000E+00 -0.21271760E-32
  0.74600355E+14  0.00000000E+00 -0.21212538E-32
  0.74647721E+14  0.00000000E+00 -0.21153537E-32
  0.74695086E+14  0.00000000E+00 -0.21094758E-32
  0.74742451E+14  0.00000000E+00 -0.21036200E-32
  0.74789816E+14  0.00000000E+00 -0.20977861E-32
  0.74837182E+14  0.00000000E+00 -0.20919740E-32
  0.74884547E+14  0.00000000E+00 -0.20861837E-32
  0.74931912E+14  0.00000000E+00 -0.20804150E-32
  0.74979278E+14  0.00000000E+00 -0.20746679E-32
  0.75026643E+14  0.00000000E+00 -0.20689421E-32
  0.75074008E+14  0.00000000E+00 -0.20632377E-32
  0.75121374E+14  0.00000000E+00 -0.20575545E-32
  0.75168739E+14  0.00000000E+00 -0.20518924E-32
  0.75216104E+14  0.00000000E+00 -0.20462514E-32
  0.75263470E+14  0.00000000E+00 -0.20406312E-32
  0.75310835E+14  0.00000000E+00 -0.20350319E-32
  0.75358200E+14  0.00000000E+00 -0.20294534E-32
  0.75405565E+14  0.00000000E+00 -0.20238954E-32
  0.75452931E+14  0.00000000E+00 -0.20183580E-32
  0.75500296E+14  0.00000000E+00 -0.20128410E-32
  0.75547661E+14  0.00000000E+00 -0.20073444E-32
  0.75595027E+14  0.00000000E+00 -0.20018680E-32
  0.75642392E+14  0.00000000E+00 -0.19964118E-32
  0.75689757E+14  0.00000000E+00 -0.19909756E-32
  0.75737123E+14  0.00000000E+00 -0.19855594E-32
  0.75784488E+14  0.00000000E+00 -0.19801631E-32
  0.75831853E+14  0.00000000E+00 -0.19747865E-32
  0.75879218E+14  0.00000000E+00 -0.19694296E-32
  0.75926584E+14  0.00000000E+00 -0.19640923E-32
  0.75973949E+14  0.00000000E+00 -0.19587745E-32
  0.76021314E+14  0.00000000E+00 -0.19534762E-32
  0.76068680E+14  0.00000000E+00 -0.19481971E-32
  0.76116045E+14  0.00000000E+00 -0.19429373E-32
  0.76163410E+14  0.00000000E+00 -0.19376967E-32
  0.76210776E+14  0.00000000E+00 -0.19324751E-32
  0.76258141E+14  0.00000000E+00 -0.19272724E-32
  0.76305506E+14  0.00000000E+00 -0.19220887E-32
  0.76352872E+14  0.00000000E+00 -0.19169237E-32
  0.76400237E+14  0.00000000E+00 -0.19117775E-32
  0.76447602E+14  0.00000000E+00 -0.19066499E-32
  0.76494967E+14  0.00000000E+00 -0.19015408E-32
  0.76542333E+14  0.00000000E+00 -0.18964501E-32
  0.76589698E+14  0.00000000E+00 -0.18913779E-32
  0.76637063E+14  0.00000000E+00 -0.18863239E-32
  0.76684429E+14  0.00000000E+00 -0.18812881E-32
  0.76731794E+14  0.00000000E+00 -0.18762705E-32
  0.76779159E+14  0.00000000E+00 -0.18712708E-32
  0.76826525E+14  0.00000000E+00 -0.18662892E-32
  0.76873890E+14  0.00000000E+00 -0.18613254E-32
  0.76921255E+14  0.00000000E+00 -0.18563793E-32
  0.76968620E+14  0.00000000E+00 -0.18514510E-32
  0.77015986E+14  0.00000000E+00 -0.18465404E-32
  0.77063351E+14  0.00000000E+00 -0.18416472E-32
  0.77110716E+14  0.00000000E+00 -0.18367716E-32
  0.77158082E+14  0.00000000E+00 -0.18319133E-32
  0.77205447E+14  0.00000000E+00 -0.18270724E-32
  0.77252812E+14  0.00000000E+00 -0.18222487E-32
  0.77300178E+14  0.00000000E+00 -0.18174421E-32
  0.77347543E+14  0.00000000E+00 -0.18126526E-32
  0.77394908E+14  0.00000000E+00 -0.18078802E-32
  0.77442274E+14  0.00000000E+00 -0.18031246E-32
  0.77489639E+14  0.00000000E+00 -0.17983859E-32
  0.77537004E+14  0.00000000E+00 -0.17936640E-32
  0.77584369E+14  0.00000000E+00 -0.17889588E-32
  0.77631735E+14  0.00000000E+00 -0.17842702E-32
  0.77679100E+14  0.00000000E+00 -0.17795981E-32
  0.77726465E+14  0.00000000E+00 -0.17749425E-32
  0.77773831E+14  0.00000000E+00 -0.17703034E-32
  0.77821196E+14  0.00000000E+00 -0.17656805E-32
  0.77868561E+14  0.00000000E+00 -0.17610739E-32
  0.77915927E+14  0.00000000E+00 -0.17564835E-32
  0.77963292E+14  0.00000000E+00 -0.17519093E-32
  0.78010657E+14  0.00000000E+00 -0.17473510E-32
  0.78058022E+14  0.00000000E+00 -0.17428088E-32
  0.78105388E+14  0.00000000E+00 -0.17382824E-32
  0.78152753E+14  0.00000000E+00 -0.17337718E-32
  0.78200118E+14  0.00000000E+00 -0.17292771E-32
  0.78247484E+14  0.00000000E+00 -0.17247980E-32
  0.78294849E+14  0.00000000E+00 -0.17203345E-32
  0.78342214E+14  0.00000000E+00 -0.17158866E-32
  0.78389580E+14  0.00000000E+00 -0.17114541E-32
  0.78436945E+14  0.00000000E+00 -0.17070371E-32
  0.78484310E+14  0.00000000E+00 -0.17026354E-32
  0.78531676E+14  0.00000000E+00 -0.16982491E-32
  0.78579041E+14  0.00000000E+00 -0.16938779E-32
  0.78626406E+14  0.00000000E+00 -0.16895218E-32
  0.78673771E+14  0.00000000E+00 -0.16851809E-32
  0.78721137E+14  0.00000000E+00 -0.16808549E-32
  0.78768502E+14  0.00000000E+00 -0.16765440E-32
  0.78815867E+14  0.00000000E+00 -0.16722478E-32
  0.78863233E+14  0.00000000E+00 -0.16679666E-32
  0.78910598E+14  0.00000000E+00 -0.16637000E-32
  0.78957963E+14  0.00000000E+00 -0.16594482E-32
  0.79005329E+14  0.00000000E+00 -0.16552109E-32
  0.79052694E+14  0.00000000E+00 -0.16509883E-32
  0.79100059E+14  0.00000000E+00 -0.16467801E-32
  0.79147425E+14  0.00000000E+00 -0.16384071E-58
  0.79194790E+14  0.00000000E+00 -0.16300912E-58
  0.79242155E+14  0.00000000E+00 -0.16218321E-58
  0.79289520E+14  0.00000000E+00 -0.16136293E-58
  0.79336886E+14  0.00000000E+00 -0.16054823E-58
  0.79384251E+14  0.00000000E+00 -0.15973906E-58
  0.79431616E+14  0.00000000E+00 -0.15893536E-58
  0.79478982E+14  0.00000000E+00 -0.15813711E-58
  0.79526347E+14  0.00000000E+00 -0.15734425E-58
  0.79573712E+14  0.00000000E+00  0.28717018E-31
  0.79621078E+14  0.00000000E+00 -0.71290212E-31
  0.79668443E+14  0.00000000E+00 -0.17505514E-30
  0.79715808E+14  0.00000000E+00 -0.24681932E-30
  0.79763173E+14  0.00000000E+00 -0.32729799E-30
  0.79810539E+14  0.00000000E+00 -0.41736572E-30
  0.79857904E+14  0.00000000E+00 -0.40623941E-30
  0.79905269E+14  0.00000000E+00 -0.34573786E-30
  0.79952635E+14  0.00000000E+00 -0.24955129E-30
  0.80000000E+14  0.00000000E+00 -0.11972994E-30
