  0.47365305E+11 -0.18358864E-58 -0.42620557E-28
  0.94730610E+11 -0.18255049E-58  0.31434437E-30
  0.14209591E+12 -0.18152004E-58  0.25410796E-30
  0.18946122E+12 -0.18049723E-58  0.18104150E-30
  0.23682652E+12 -0.17948199E-58  0.90881676E-31
  0.28419183E+12 -0.17847424E-58  0.31475869E-32
  0.33155713E+12 -0.17747393E-58 -0.10364618E-30
  0.37892244E+12 -0.17648097E-58 -0.15342130E-30
  0.42628774E+12 -0.17549530E-58 -0.14306747E-31
  0.47365305E+12 -0.59896276E-31  0.89959016E-31
  0.52101835E+12 -0.12206500E-30  0.98435286E-31
  0.56838366E+12 -0.16325483E-30  0.84751357E-31
  0.61574896E+12 -0.18372242E-30  0.73958854E-31
  0.66311427E+12 -0.21617778E-30  0.65472595E-31
  0.71047957E+12 -0.24464960E-30  0.37530904E-31
  0.75784488E+12 -0.25880504E-30  0.51047337E-32
  0.80521018E+12 -0.26840364E-30 -0.34757617E-31
  0.85257549E+12 -0.24799697E-30 -0.78316912E-31
  0.89994079E+12 -0.20412699E-30 -0.90664186E-31
  0.94730610E+12 -0.18018191E-30 -0.66029023E-31
  0.99467140E+12 -0.19481678E-30 -0.47215851E-31
  0.10420367E+13 -0.19720543E-30 -0.51687628E-31
  0.10894020E+13 -0.19574290E-30 -0.41052483E-31
  0.11367673E+13 -0.21243199E-30 -0.23175821E-31
  0.11841326E+13 -0.24292379E-30 -0.23873816E-31
  0.12314979E+13 -0.26755580E-30 -0.37250694E-31
  0.12788632E+13 -0.28675150E-30 -0.60323650E-31
  0.13262285E+13 -0.29076919E-30 -0.86810522E-31
  0.13735938E+13 -0.28771788E-30 -0.10532031E-30
  0.14209591E+13 -0.28204983E-30 -0.11647749E-30
  0.14683245E+13 -0.28028620E-30 -0.12243771E-30
  0.15156898E+13 -0.28317917E-30 -0.13391019E-30
  0.15630551E+13 -0.27887594E-30 -0.14266678E-30
  0.16104204E+13 -0.27256038E-30 -0.14665001E-30
  0.16577857E+13 -0.27173526E-30 -0.14386185E-30
  0.17051510E+13 -0.27786679E-30 -0.14244556E-30
  0.17525163E+13 -0.28790770E-30 -0.14204320E-30
  0.17998816E+13 -0.30176209E-30 -0.14920555E-30
  0.18472469E+13 -0.31013426E-30 -0.16038461E-30
  0.18946122E+13 -0.31779050E-30 -0.17248619E-30
  0.19419775E+13 -0.32384957E-30 -0.18397085E-30
  0.19893428E+13 -0.33104898E-30 -0.19898560E-30
  0.20367081E+13 -0.33072461E-30 -0.21676622E-30
  0.20840734E+13 -0.32545887E-30 -0.22854898E-30
  0.21314387E+13 -0.32372916E-30 -0.23478418E-30
  0.21788040E+13 -0.32540249E-30 -0.24353232E-30
  0.22261693E+13 -0.32356266E-30 -0.25294172E-30
  0.22735346E+13 -0.32310015E-30 -0.25969564E-30
  0.23208999E+13 -0.32269810E-30 -0.26513695E-30
  0.23682652E+13 -0.32530488E-30 -0.27085513E-30
  0.24156306E+13 -0.32804252E-30 -0.27684109E-30
  0.24629959E+13 -0.33480822E-30 -0.28315092E-30
  0.25103612E+13 -0.34172630E-30 -0.29589811E-30
  0.25577265E+13 -0.34247166E-30 -0.31090850E-30
  0.26050918E+13 -0.34105388E-30 -0.32091742E-30
  0.26524571E+13 -0.34314130E-30 -0.33012311E-30
  0.26998224E+13 -0.34688825E-30 -0.34436709E-30
  0.27471877E+13 -0.34260752E-30 -0.35958168E-30
  0.27945530E+13 -0.33851104E-30 -0.36864835E-30
  0.28419183E+13 -0.33781028E-30 -0.37871544E-30
  0.28892836E+13 -0.33290387E-30 -0.38962179E-30
  0.29366489E+13 -0.32923055E-30 -0.39592207E-30
  0.29840142E+13 -0.33004757E-30 -0.40320311E-30
  0.30313795E+13 -0.32955258E-30 -0.41371998E-30
  0.30787448E+13 -0.32565787E-30 -0.42135452E-30
  0.31261101E+13 -0.32809838E-30 -0.42609586E-30
  0.31734754E+13 -0.33485063E-30 -0.43953454E-30
  0.32208407E+13 -0.33086107E-30 -0.45763774E-30
  0.32682060E+13 -0.32481204E-30 -0.46707026E-30
  0.33155713E+13 -0.32395203E-30 -0.47736381E-30
  0.33629366E+13 -0.32006729E-30 -0.49110446E-30
  0.34103020E+13 -0.31414403E-30 -0.50088428E-30
  0.34576673E+13 -0.31043812E-30 -0.51067295E-30
  0.35050326E+13 -0.30693994E-30 -0.52118500E-30
  0.35523979E+13 -0.30082003E-30 -0.53192569E-30
  0.35997632E+13 -0.29576532E-30 -0.53925615E-30
  0.36471285E+13 -0.29476304E-30 -0.54776344E-30
  0.36944938E+13 -0.29125937E-30 -0.56116076E-30
  0.37418591E+13 -0.28450497E-30 -0.57125607E-30
  0.37892244E+13 -0.28022015E-30 -0.58045641E-30
  0.38365897E+13 -0.27528661E-30 -0.59164224E-30
  0.38839550E+13 -0.26886484E-30 -0.60115343E-30
  0.39313203E+13 -0.26444637E-30 -0.61045693E-30
  0.39786856E+13 -0.25914518E-30 -0.62130846E-30
  0.40260509E+13 -0.25274420E-30 -0.63191952E-30
  0.40734162E+13 -0.24660642E-30 -0.64134730E-30
  0.41207815E+13 -0.24125925E-30 -0.65138976E-30
  0.41681468E+13 -0.23523950E-30 -0.66336007E-30
  0.42155121E+13 -0.22670057E-30 -0.67463698E-30
  0.42628774E+13 -0.21821519E-30 -0.68480254E-30
  0.43102427E+13 -0.20921350E-30 -0.69513741E-30
  0.43576081E+13 -0.19858098E-30 -0.70356384E-30
  0.44049734E+13 -0.19003669E-30 -0.70963391E-30
  0.44523387E+13 -0.18367228E-30 -0.71741371E-30
  0.44997040E+13 -0.17633585E-30 -0.72670936E-30
  0.45470693E+13 -0.16831908E-30 -0.73488137E-30
  0.45944346E+13 -0.16154942E-30 -0.74374707E-30
  0.46417999E+13 -0.15391680E-30 -0.75433582E-30
  0.46891652E+13 -0.14445002E-30 -0.76446092E-30
  0.47365305E+13 -0.13497468E-30 -0.77392468E-30
  0.47838958E+13 -0.12534048E-30 -0.78418489E-30
  0.48312611E+13 -0.11371046E-30 -0.79405482E-30
  0.48786264E+13 -0.10145230E-30 -0.80242643E-30
  0.49259917E+13 -0.89379923E-31 -0.80971469E-30
  0.49733570E+13 -0.77770401E-31 -0.81614453E-30
  0.50207223E+13 -0.67027538E-31 -0.82199621E-30
  0.50680876E+13 -0.57207386E-31 -0.82860617E-30
  0.51154529E+13 -0.46979889E-31 -0.83583361E-30
  0.51628182E+13 -0.36265074E-31 -0.84316674E-30
  0.52101835E+13 -0.25503143E-31 -0.85025831E-30
  0.52575488E+13 -0.14785487E-31 -0.85787497E-30
  0.53049142E+13 -0.31629883E-32 -0.86595371E-30
  0.53522795E+13  0.93705770E-32 -0.87343546E-30
  0.53996448E+13  0.22143056E-31 -0.88064261E-30
  0.54470101E+13  0.35326196E-31 -0.88754172E-30
  0.54943754E+13  0.49106693E-31 -0.89361238E-30
  0.55417407E+13  0.62601049E-31 -0.89922183E-30
  0.55891060E+13  0.76058509E-31 -0.90483528E-30
  0.56364713E+13  0.90257852E-31 -0.90991739E-30
  0.56838366E+13  0.10399895E-30 -0.91423823E-30
  0.57312019E+13  0.11754233E-30 -0.91840149E-30
  0.57785672E+13  0.13066213E-30 -0.92228864E-30
  0.58259325E+13  0.14341239E-30 -0.92685041E-30
  0.58732978E+13  0.15684042E-30 -0.93170220E-30
  0.59206631E+13  0.17077813E-30 -0.93643795E-30
  0.59680284E+13  0.18506593E-30 -0.94088499E-30
  0.60153937E+13  0.19970448E-30 -0.94498341E-30
  0.60627590E+13  0.21427527E-30 -0.94900849E-30
  0.61101243E+13  0.22942522E-30 -0.95288528E-30
  0.61574896E+13  0.24501144E-30 -0.95655481E-30
  0.62048549E+13  0.26133257E-30 -0.95955570E-30
  0.62522202E+13  0.27772291E-30 -0.96144480E-30
  0.62995856E+13  0.29370639E-30 -0.96252661E-30
  0.63469509E+13  0.30883697E-30 -0.96326491E-30
  0.63943162E+13  0.32361279E-30 -0.96435914E-30
  0.64416815E+13  0.33847248E-30 -0.96597744E-30
  0.64890468E+13  0.35403729E-30 -0.96737177E-30
  0.65364121E+13  0.36966550E-30 -0.96843233E-30
  0.65837774E+13  0.38521245E-30 -0.96931691E-30
  0.66311427E+13  0.40102224E-30 -0.97041097E-30
  0.66785080E+13  0.41742021E-30 -0.97128829E-30
  0.67258733E+13  0.43435960E-30 -0.97183854E-30
  0.67732386E+13  0.45186689E-30 -0.97147865E-30
  0.68206039E+13  0.46907086E-30 -0.97007562E-30
  0.68679692E+13  0.48571349E-30 -0.96813445E-30
  0.69153345E+13  0.50179233E-30 -0.96657349E-30
  0.69626998E+13  0.51831318E-30 -0.96515648E-30
  0.70100651E+13  0.53547526E-30 -0.96309396E-30
  0.70574304E+13  0.55202606E-30 -0.96038670E-30
  0.71047957E+13  0.56853911E-30 -0.95778984E-30
  0.71521610E+13  0.58494487E-30 -0.95491656E-30
  0.71995263E+13  0.60139563E-30 -0.95254668E-30
  0.72468917E+13  0.61895095E-30 -0.94975347E-30
  0.72942570E+13  0.63660686E-30 -0.94583202E-30
  0.73416223E+13  0.65368392E-30 -0.94116856E-30
  0.73889876E+13  0.67026991E-30 -0.93662007E-30
  0.74363529E+13  0.68678599E-30 -0.93231151E-30
  0.74837182E+13  0.70400650E-30 -0.92796897E-30
  0.75310835E+13  0.72153609E-30 -0.92298274E-30
  0.75784488E+13  0.73930863E-30 -0.91727960E-30
  0.76258141E+13  0.75646823E-30 -0.91061487E-30
  0.76731794E+13  0.77321321E-30 -0.90428573E-30
  0.77205447E+13  0.79024030E-30 -0.89777393E-30
  0.77679100E+13  0.80747209E-30 -0.89055413E-30
  0.78152753E+13  0.82376882E-30 -0.88302085E-30
  0.78626406E+13  0.84053003E-30 -0.87582818E-30
  0.79100059E+13  0.85734653E-30 -0.86804135E-30
  0.79573712E+13  0.87384222E-30 -0.85999054E-30
  0.80047365E+13  0.89046160E-30 -0.85212250E-30
  0.80521018E+13  0.90786334E-30 -0.84368700E-30
  0.80994671E+13  0.92460001E-30 -0.83443082E-30
  0.81468324E+13  0.94167314E-30 -0.82513695E-30
  0.81941978E+13  0.95880822E-30 -0.81498863E-30
  0.82415631E+13  0.97534860E-30 -0.80370800E-30
  0.82889284E+13  0.99027964E-30 -0.79313867E-30
  0.83362937E+13  0.10063536E-29 -0.78301936E-30
  0.83836590E+13  0.10227125E-29 -0.77218038E-30
  0.84310243E+13  0.10386610E-29 -0.76078085E-30
  0.84783896E+13  0.10544977E-29 -0.74933509E-30
  0.85257549E+13  0.10706944E-29 -0.73721453E-30
  0.85731202E+13  0.10857992E-29 -0.72521958E-30
  0.86204855E+13  0.11021938E-29 -0.71329031E-30
  0.86678508E+13  0.11188642E-29 -0.69966287E-30
  0.87152161E+13  0.11338886E-29 -0.68475377E-30
  0.87625814E+13  0.11478056E-29 -0.67099904E-30
  0.88099467E+13  0.11623899E-29 -0.65747483E-30
  0.88573120E+13  0.11770742E-29 -0.64334494E-30
  0.89046773E+13  0.11914665E-29 -0.62927216E-30
  0.89520426E+13  0.12064172E-29 -0.61456831E-30
  0.89994079E+13  0.12203735E-29 -0.59896025E-30
  0.90467732E+13  0.12340830E-29 -0.58444223E-30
  0.90941385E+13  0.12489665E-29 -0.56926614E-30
  0.91415038E+13  0.12638194E-29 -0.55269011E-30
  0.91888692E+13  0.12773059E-29 -0.53520531E-30
  0.92362345E+13  0.12901124E-29 -0.51804146E-30
  0.92835998E+13  0.13026119E-29 -0.50136399E-30
  0.93309651E+13  0.13160937E-29 -0.48420584E-30
  0.93783304E+13  0.13288964E-29 -0.46584112E-30
  0.94256957E+13  0.13405392E-29 -0.44724702E-30
  0.94730610E+13  0.13514037E-29 -0.42959162E-30
  0.95204263E+13  0.13633274E-29 -0.41227008E-30
  0.95677916E+13  0.13757838E-29 -0.39407932E-30
  0.96151569E+13  0.13874332E-29 -0.37433683E-30
  0.96625222E+13  0.13980382E-29 -0.35556956E-30
  0.97098875E+13  0.14093482E-29 -0.33669721E-30
  0.97572528E+13  0.14210895E-29 -0.31699549E-30
  0.98046181E+13  0.14320227E-29 -0.29615193E-30
  0.98519834E+13  0.14423597E-29 -0.27503603E-30
  0.98993487E+13  0.14513545E-29 -0.25322657E-30
  0.99467140E+13  0.14598960E-29 -0.23282179E-30
  0.99940793E+13  0.14693551E-29 -0.21209420E-30
  0.10041445E+14  0.14784026E-29 -0.18942823E-30
  0.10088810E+14  0.14843342E-29 -0.16822885E-30
  0.10136175E+14  0.14929306E-29 -0.14881087E-30
  0.10183541E+14  0.15025974E-29 -0.12638847E-30
  0.10230906E+14  0.15089086E-29 -0.10379483E-30
  0.10278271E+14  0.15166207E-29 -0.82903505E-31
  0.10325636E+14  0.15253105E-29 -0.59511158E-31
  0.10373002E+14  0.15312032E-29 -0.36257107E-31
  0.10420367E+14  0.15380555E-29 -0.13259982E-31
  0.10467732E+14  0.15445000E-29  0.10944634E-31
  0.10515098E+14  0.15487139E-29  0.35618608E-31
  0.10562463E+14  0.15526875E-29  0.58651931E-31
  0.10609828E+14  0.15570617E-29  0.81389385E-31
  0.10657194E+14  0.15619309E-29  0.10476283E-30
  0.10704559E+14  0.15658579E-29  0.12870119E-30
  0.10751924E+14  0.15694269E-29  0.15253122E-30
  0.10799290E+14  0.15719635E-29  0.17535037E-30
  0.10846655E+14  0.15764459E-29  0.19776093E-30
  0.10894020E+14  0.15819511E-29  0.22212417E-30
  0.10941385E+14  0.15847218E-29  0.24845647E-30
  0.10988751E+14  0.15867252E-29  0.27220144E-30
  0.11036116E+14  0.15908399E-29  0.29711728E-30
  0.11083481E+14  0.15928551E-29  0.32380381E-30
  0.11130847E+14  0.15938473E-29  0.34862165E-30
  0.11178212E+14  0.15969458E-29  0.37434559E-30
  0.11225577E+14  0.15973716E-29  0.40161001E-30
  0.11272943E+14  0.15978522E-29  0.42710394E-30
  0.11320308E+14  0.15993282E-29  0.45342461E-30
  0.11367673E+14  0.15997927E-29  0.48142521E-30
  0.11415038E+14  0.15988479E-29  0.50893577E-30
  0.11462404E+14  0.15975384E-29  0.53628871E-30
  0.11509769E+14  0.15963583E-29  0.56356483E-30
  0.11557134E+14  0.15947373E-29  0.59135195E-30
  0.11604500E+14  0.15928638E-29  0.61971321E-30
  0.11651865E+14  0.15894796E-29  0.64808022E-30
  0.11699230E+14  0.15865639E-29  0.67580860E-30
  0.11746596E+14  0.15840790E-29  0.70459235E-30
  0.11793961E+14  0.15798072E-29  0.73496689E-30
  0.11841326E+14  0.15743791E-29  0.76376056E-30
  0.11888692E+14  0.15694535E-29  0.79284581E-30
  0.11936057E+14  0.15644815E-29  0.82291503E-30
  0.11983422E+14  0.15578096E-29  0.85394923E-30
  0.12030787E+14  0.15498585E-29  0.88494666E-30
  0.12078153E+14  0.15397382E-29  0.91477817E-30
  0.12125518E+14  0.15307240E-29  0.94277693E-30
  0.12172883E+14  0.15231887E-29  0.97180314E-30
  0.12220249E+14  0.15140027E-29  0.10029452E-29
  0.12267614E+14  0.15035402E-29  0.10329246E-29
  0.12314979E+14  0.14927826E-29  0.10628728E-29
  0.12362345E+14  0.14822812E-29  0.10928447E-29
  0.12409710E+14  0.14712796E-29  0.11239594E-29
  0.12457075E+14  0.14592882E-29  0.11564316E-29
  0.12504440E+14  0.14441864E-29  0.11883297E-29
  0.12551806E+14  0.14289681E-29  0.12188191E-29
  0.12599171E+14  0.14138944E-29  0.12496320E-29
  0.12646536E+14  0.13970784E-29  0.12809835E-29
  0.12693902E+14  0.13790639E-29  0.13110533E-29
  0.12741267E+14  0.13608367E-29  0.13398685E-29
  0.12788632E+14  0.13436385E-29  0.13685109E-29
  0.12835998E+14  0.13263366E-29  0.13984205E-29
  0.12883363E+14  0.13075678E-29  0.14291447E-29
  0.12930728E+14  0.12877032E-29  0.14590737E-29
  0.12978094E+14  0.12677998E-29  0.14893003E-29
  0.13025459E+14  0.12467913E-29  0.15210107E-29
  0.13072824E+14  0.12225049E-29  0.15517006E-29
  0.13120189E+14  0.11982184E-29  0.15809283E-29
  0.13167555E+14  0.11736832E-29  0.16095594E-29
  0.13214920E+14  0.11486790E-29  0.16386927E-29
  0.13262285E+14  0.11223197E-29  0.16675971E-29
  0.13309651E+14  0.10940436E-29  0.16956934E-29
  0.13357016E+14  0.10663632E-29  0.17216600E-29
  0.13404381E+14  0.10397117E-29  0.17480644E-29
  0.13451747E+14  0.10122415E-29  0.17763665E-29
  0.13499112E+14  0.98196394E-30  0.18043768E-29
  0.13546477E+14  0.95058054E-30  0.18305543E-29
  0.13593843E+14  0.92002628E-30  0.18560821E-29
  0.13641208E+14  0.88875577E-30  0.18828278E-29
  0.13688573E+14  0.85517458E-30  0.19098310E-29
  0.13735938E+14  0.81950133E-30  0.19346648E-29
  0.13783304E+14  0.78429516E-30  0.19578956E-29
  0.13830669E+14  0.74963444E-30  0.19815727E-29
  0.13878034E+14  0.71265842E-30  0.20055696E-29
  0.13925400E+14  0.67463004E-30  0.20279521E-29
  0.13972765E+14  0.63630005E-30  0.20491234E-29
  0.14020130E+14  0.59806866E-30  0.20698442E-29
  0.14067496E+14  0.55941182E-30  0.20908738E-29
  0.14114861E+14  0.51864315E-30  0.21118486E-29
  0.14162226E+14  0.47714793E-30  0.21309617E-29
  0.14209591E+14  0.43580129E-30  0.21498344E-29
  0.14256957E+14  0.39225425E-30  0.21685732E-29
  0.14304322E+14  0.34845880E-30  0.21848006E-29
  0.14351687E+14  0.30536521E-30  0.22017982E-29
  0.14399053E+14  0.25957385E-30  0.22183779E-29
  0.14446418E+14  0.21388846E-30  0.22331045E-29
  0.14493783E+14  0.16711489E-30  0.22486044E-29
  0.14541149E+14  0.11818714E-30  0.22618528E-29
  0.14588514E+14  0.69680140E-31  0.22737588E-29
  0.14635879E+14  0.20267236E-31  0.22856807E-29
  0.14683245E+14 -0.30609038E-31  0.22956698E-29
  0.14730610E+14 -0.81522307E-31  0.23039518E-29
  0.14777975E+14 -0.13158040E-30  0.23116952E-29
  0.14825340E+14 -0.18254210E-30  0.23198433E-29
  0.14872706E+14 -0.23503782E-30  0.23277276E-29
  0.14920071E+14 -0.28920202E-30  0.23338243E-29
  0.14967436E+14 -0.34342455E-30  0.23387742E-29
  0.15014802E+14 -0.39837378E-30  0.23437434E-29
  0.15062167E+14 -0.45571794E-30  0.23478962E-29
  0.15109532E+14 -0.51499319E-30  0.23495309E-29
  0.15156898E+14 -0.57396186E-30  0.23486543E-29
  0.15204263E+14 -0.63282765E-30  0.23470350E-29
  0.15251628E+14 -0.69251741E-30  0.23449403E-29
  0.15298993E+14 -0.75363361E-30  0.23413610E-29
  0.15346359E+14 -0.81499944E-30  0.23362066E-29
  0.15393724E+14 -0.87655809E-30  0.23309312E-29
  0.15441089E+14 -0.94010248E-30  0.23254794E-29
  0.15488455E+14 -0.10058727E-29  0.23185218E-29
  0.15535820E+14 -0.10726171E-29  0.23097825E-29
  0.15583185E+14 -0.11408108E-29  0.23005266E-29
  0.15630551E+14 -0.12115208E-29  0.22903357E-29
  0.15677916E+14 -0.12847378E-29  0.22781280E-29
  0.15725281E+14 -0.13597634E-29  0.22641662E-29
  0.15772647E+14 -0.14374218E-29  0.22491474E-29
  0.15820012E+14 -0.15178395E-29  0.22321276E-29
  0.15867377E+14 -0.16010375E-29  0.22138819E-29
  0.15914742E+14 -0.16884823E-29  0.21947542E-29
  0.15962108E+14 -0.17802631E-29  0.21746429E-29
  0.16009473E+14 -0.18786620E-29  0.21545438E-29
  0.16056838E+14 -0.19873245E-29  0.21333051E-29
  0.16104204E+14 -0.21066801E-29  0.21098283E-29
  0.16151569E+14 -0.22419498E-29  0.20862484E-29
  0.16198934E+14 -0.24042699E-29  0.20590395E-29
  0.16246300E+14 -0.26066886E-29  0.20224899E-29
  0.16293665E+14 -0.28812844E-29  0.19369506E-29
  0.16341030E+14 -0.31965551E-29  0.17234740E-29
  0.16388396E+14 -0.35259541E-29  0.13737651E-29
  0.16435761E+14 -0.34551505E-29  0.96061274E-30
  0.16483126E+14 -0.36204811E-29  0.55124379E-30
  0.16530491E+14 -0.35655796E-29  0.13700570E-30
  0.16577857E+14 -0.35144029E-29 -0.28192215E-30
  0.16625222E+14 -0.31944739E-29 -0.64481550E-30
  0.16672587E+14 -0.26644487E-29 -0.83710527E-30
  0.16719953E+14 -0.23365866E-29 -0.92766642E-30
  0.16767318E+14 -0.20909489E-29 -0.82036769E-30
  0.16814683E+14 -0.18606780E-29 -0.82753672E-30
  0.16862049E+14 -0.18269204E-29 -0.82429484E-30
  0.16909414E+14 -0.17241608E-29 -0.73469512E-30
  0.16956779E+14 -0.14749393E-29 -0.72039320E-30
  0.17004144E+14 -0.15078769E-29 -0.75886374E-30
  0.17051510E+14 -0.13732366E-29 -0.65000645E-30
  0.17098875E+14 -0.12806447E-29 -0.70586419E-30
  0.17146240E+14 -0.12490423E-29 -0.60748920E-30
  0.17193606E+14 -0.11744203E-29 -0.65373705E-30
  0.17240971E+14 -0.10993519E-29 -0.56487218E-30
  0.17288336E+14 -0.10743828E-29 -0.60590657E-30
  0.17335702E+14 -0.99648647E-30 -0.52645639E-30
  0.17383067E+14 -0.10047327E-29 -0.54956971E-30
  0.17430432E+14 -0.88502032E-30 -0.47023630E-30
  0.17477798E+14 -0.92605097E-30 -0.50787392E-30
  0.17525163E+14 -0.81802900E-30 -0.42792744E-30
  0.17572528E+14 -0.86833227E-30 -0.44551923E-30
  0.17619893E+14 -0.77645913E-30 -0.38065748E-30
  0.17667259E+14 -0.83662395E-30 -0.38664226E-30
  0.17714624E+14 -0.77191954E-30 -0.34830238E-30
  0.17761989E+14 -0.79804463E-30 -0.36996564E-30
  0.17809355E+14 -0.73453756E-30 -0.34316838E-30
  0.17856720E+14 -0.74878657E-30 -0.35295309E-30
  0.17904085E+14 -0.68905103E-30 -0.31122376E-30
  0.17951451E+14 -0.71947353E-30 -0.30004234E-30
  0.17998816E+14 -0.67717637E-30 -0.26130559E-30
  0.18046181E+14 -0.71511343E-30 -0.26004122E-30
  0.18093546E+14 -0.69275043E-30 -0.22185049E-30
  0.18140912E+14 -0.76255709E-30 -0.22853899E-30
  0.18188277E+14 -0.75094662E-30 -0.21454100E-30
  0.18235642E+14 -0.86198780E-30 -0.25938737E-30
  0.18283008E+14 -0.87677891E-30 -0.36533675E-30
  0.18330373E+14 -0.80378548E-30 -0.49943361E-30
  0.18377738E+14 -0.66063355E-30 -0.53267500E-30
  0.18425104E+14 -0.61780410E-30 -0.45347560E-30
  0.18472469E+14 -0.63602898E-30 -0.50618623E-30
  0.18519834E+14 -0.55562263E-30 -0.51070881E-30
  0.18567200E+14 -0.48337409E-30 -0.49390990E-30
  0.18614565E+14 -0.46456836E-30 -0.43907328E-30
  0.18661930E+14 -0.46825641E-30 -0.46825434E-30
  0.18709295E+14 -0.41740985E-30 -0.46822944E-30
  0.18756661E+14 -0.37350056E-30 -0.44479896E-30
  0.18804026E+14 -0.39582710E-30 -0.43738367E-30
  0.18851391E+14 -0.34309924E-30 -0.49463619E-30
  0.18898757E+14 -0.26544042E-30 -0.42278093E-30
  0.18946122E+14 -0.28648510E-30 -0.41753908E-30
  0.18993487E+14 -0.24588799E-30 -0.42258237E-30
  0.19040853E+14 -0.22077786E-30 -0.43055463E-30
  0.19088218E+14 -0.16696793E-30 -0.42190270E-30
  0.19135583E+14 -0.15928650E-30 -0.39005714E-30
  0.19182948E+14 -0.15426518E-30 -0.42037920E-30
  0.19230314E+14 -0.55830016E-31 -0.40249326E-30
  0.19277679E+14 -0.43374071E-31 -0.37509230E-30
  0.19325044E+14 -0.28259995E-31 -0.38303031E-30
  0.19372410E+14  0.23146071E-31 -0.37748001E-30
  0.19419775E+14  0.70881067E-31 -0.35431003E-30
  0.19467140E+14  0.10084148E-30 -0.34875313E-30
  0.19514506E+14  0.17049783E-30 -0.36865424E-30
  0.19561871E+14  0.25064533E-30 -0.30513921E-30
  0.19609236E+14  0.25980005E-30 -0.30081544E-30
  0.19656602E+14  0.35168950E-30 -0.27027489E-30
  0.19703967E+14  0.43525355E-30 -0.25663372E-30
  0.19751332E+14  0.48304190E-30 -0.20202446E-30
  0.19798697E+14  0.62342920E-30 -0.16768381E-30
  0.19846063E+14  0.71396630E-30 -0.66950428E-31
  0.19893428E+14  0.76664104E-30  0.21757761E-31
  0.19940793E+14  0.95635725E-30  0.18069723E-30
  0.19988159E+14  0.87059107E-30  0.44765727E-30
  0.20035524E+14  0.83594934E-30  0.53610875E-30
  0.20082889E+14  0.75817913E-30  0.64763000E-30
  0.20130255E+14  0.70241335E-30  0.68509279E-30
  0.20177620E+14  0.72725002E-30  0.70170054E-30
  0.20224985E+14  0.76908010E-30  0.79225569E-30
  0.20272351E+14  0.76151651E-30  0.86997729E-30
  0.20319716E+14  0.81169713E-30  0.99402064E-30
  0.20367081E+14  0.75356352E-30  0.10919728E-29
  0.20414446E+14  0.80635149E-30  0.11938459E-29
  0.20461812E+14  0.77584446E-30  0.13068371E-29
  0.20509177E+14  0.81108536E-30  0.14440825E-29
  0.20556542E+14  0.74713790E-30  0.15773116E-29
  0.20603908E+14  0.76038970E-30  0.17120751E-29
  0.20651273E+14  0.70157389E-30  0.18490520E-29
  0.20698638E+14  0.69584236E-30  0.20299979E-29
  0.20746004E+14  0.63350294E-30  0.21765467E-29
  0.20793369E+14  0.58935097E-30  0.23725417E-29
  0.20840734E+14  0.53823529E-30  0.25610997E-29
  0.20888099E+14  0.40887939E-30  0.27660401E-29
  0.20935465E+14  0.32815165E-30  0.29837568E-29
  0.20982830E+14  0.22427421E-30  0.32144701E-29
  0.21030195E+14  0.24874875E-31  0.34767032E-29
  0.21077561E+14 -0.14027338E-30  0.37431777E-29
  0.21124926E+14 -0.37164768E-30  0.40443030E-29
  0.21172291E+14 -0.65662728E-30  0.43518168E-29
  0.21219657E+14 -0.99910433E-30  0.47106879E-29
  0.21267022E+14 -0.14290941E-29  0.50896406E-29
  0.21314387E+14 -0.19923999E-29  0.55118666E-29
  0.21361753E+14 -0.27843120E-29  0.59866543E-29
  0.21409118E+14 -0.39285355E-29  0.65662401E-29
  0.21456483E+14 -0.57675847E-29  0.70395740E-29
  0.21503848E+14 -0.11260843E-28  0.55919417E-29
  0.21551214E+14 -0.85159079E-29 -0.60537460E-30
  0.21598579E+14 -0.66473884E-29 -0.60873396E-30
  0.21645944E+14 -0.57772537E-29 -0.65510832E-30
  0.21693310E+14 -0.52493567E-29 -0.70058180E-30
  0.21740675E+14 -0.48766425E-29 -0.76043815E-30
  0.21788040E+14 -0.45896254E-29 -0.79121136E-30
  0.21835406E+14 -0.43860919E-29 -0.82802048E-30
  0.21882771E+14 -0.42256205E-29 -0.87479725E-30
  0.21930136E+14 -0.40785747E-29 -0.92418155E-30
  0.21977501E+14 -0.39623720E-29 -0.95936450E-30
  0.22024867E+14 -0.38695676E-29 -0.99860652E-30
  0.22072232E+14 -0.37992790E-29 -0.10466764E-29
  0.22119597E+14 -0.37296373E-29 -0.11014661E-29
  0.22166963E+14 -0.36688341E-29 -0.11472849E-29
  0.22214328E+14 -0.36217232E-29 -0.11914234E-29
  0.22261693E+14 -0.35896989E-29 -0.12426357E-29
  0.22309059E+14 -0.35603886E-29 -0.13014503E-29
  0.22356424E+14 -0.35362790E-29 -0.13682778E-29
  0.22403789E+14 -0.35059860E-29 -0.14200141E-29
  0.22451155E+14 -0.35029317E-29 -0.15108459E-29
  0.22498520E+14 -0.34648274E-29 -0.15740590E-29
  0.22545885E+14 -0.34647704E-29 -0.16782376E-29
  0.22593250E+14 -0.34109601E-29 -0.17324488E-29
  0.22640616E+14 -0.34151051E-29 -0.18206652E-29
  0.22687981E+14 -0.33634213E-29 -0.19061261E-29
  0.22735346E+14 -0.33686325E-29 -0.19717751E-29
  0.22782712E+14 -0.33121995E-29 -0.20969186E-29
  0.22830077E+14 -0.33238634E-29 -0.21331314E-29
  0.22877442E+14 -0.32672654E-29 -0.22581179E-29
  0.22924808E+14 -0.32495222E-29 -0.22924252E-29
  0.22972173E+14 -0.31944012E-29 -0.24168518E-29
  0.23019538E+14 -0.31829003E-29 -0.23141928E-29
  0.23066903E+14 -0.34028165E-29 -0.23855381E-29
  0.23114269E+14 -0.35898877E-29 -0.26082075E-29
  0.23161634E+14 -0.36595480E-29 -0.28251865E-29
  0.23208999E+14 -0.37080305E-29 -0.31268700E-29
  0.23256365E+14 -0.38283630E-29 -0.34856920E-29
  0.23303730E+14 -0.39234283E-29 -0.39923173E-29
  0.23351095E+14 -0.36328605E-29 -0.49694645E-29
  0.23398461E+14 -0.26622236E-29 -0.52269513E-29
  0.23445826E+14 -0.21361259E-29 -0.52125480E-29
  0.23493191E+14 -0.16211820E-29 -0.52083436E-29
  0.23540557E+14 -0.11986090E-29 -0.50030880E-29
  0.23587922E+14 -0.90968651E-30 -0.48816175E-29
  0.23635287E+14 -0.63285021E-30 -0.47043563E-29
  0.23682652E+14 -0.42542388E-30 -0.45540396E-29
  0.23730018E+14 -0.21737537E-30 -0.43798499E-29
  0.23777383E+14 -0.89179232E-31 -0.42384406E-29
  0.23824748E+14  0.84390798E-31 -0.40697025E-29
  0.23872114E+14  0.18016074E-30 -0.39165362E-29
  0.23919479E+14  0.28771222E-30 -0.37625949E-29
  0.23966844E+14  0.32955983E-30 -0.35984418E-29
  0.24014210E+14  0.40148594E-30 -0.34637459E-29
  0.24061575E+14  0.42160437E-30 -0.32924965E-29
  0.24108940E+14  0.42987225E-30 -0.31810791E-29
  0.24156306E+14  0.41415987E-30 -0.30255641E-29
  0.24203671E+14  0.33458021E-30 -0.29666906E-29
  0.24251036E+14  0.31611790E-30 -0.29268699E-29
  0.24298401E+14  0.29714466E-30 -0.28880915E-29
  0.24345767E+14  0.29054480E-30 -0.28631530E-29
  0.24393132E+14  0.26097700E-30 -0.28528864E-29
  0.24440497E+14  0.28007174E-30 -0.28480730E-29
  0.24487863E+14  0.26400144E-30 -0.28355935E-29
  0.24535228E+14  0.29608534E-30 -0.28623674E-29
  0.24582593E+14  0.34799213E-30 -0.28152149E-29
  0.24629959E+14  0.29890051E-30 -0.28085124E-29
  0.24677324E+14  0.34174245E-30 -0.28392280E-29
  0.24724689E+14  0.39006717E-30 -0.28328132E-29
  0.24772054E+14  0.39670943E-30 -0.27918359E-29
  0.24819420E+14  0.39262425E-30 -0.27984989E-29
  0.24866785E+14  0.43700234E-30 -0.28443710E-29
  0.24914150E+14  0.51050134E-30 -0.27864404E-29
  0.24961516E+14  0.45350126E-30 -0.27875337E-29
  0.25008881E+14  0.52228620E-30 -0.28243143E-29
  0.25056246E+14  0.55136490E-30 -0.28015217E-29
  0.25103612E+14  0.56493139E-30 -0.28026954E-29
  0.25150977E+14  0.60269903E-30 -0.27979351E-29
  0.25198342E+14  0.61606363E-30 -0.28049931E-29
  0.25245708E+14  0.65933425E-30 -0.28288285E-29
  0.25293073E+14  0.68660425E-30 -0.28102041E-29
  0.25340438E+14  0.71283605E-30 -0.28240362E-29
  0.25387803E+14  0.76333635E-30 -0.28391274E-29
  0.25435169E+14  0.76005164E-30 -0.28245188E-29
  0.25482534E+14  0.81474616E-30 -0.28509866E-29
  0.25529899E+14  0.85037536E-30 -0.28531411E-29
  0.25577265E+14  0.89189773E-30 -0.28584319E-29
  0.25624630E+14  0.91454889E-30 -0.28884720E-29
  0.25671995E+14  0.97315024E-30 -0.28800948E-29
  0.25719361E+14  0.99404160E-30 -0.28696258E-29
  0.25766726E+14  0.10556526E-29 -0.29441656E-29
  0.25814091E+14  0.11046645E-29 -0.29120451E-29
  0.25861456E+14  0.11428986E-29 -0.29091132E-29
  0.25908822E+14  0.11657650E-29 -0.29271316E-29
  0.25956187E+14  0.12429688E-29 -0.29725739E-29
  0.26003552E+14  0.13277795E-29 -0.29461578E-29
  0.26050918E+14  0.13442861E-29 -0.29416878E-29
  0.26098283E+14  0.14001332E-29 -0.29489711E-29
  0.26145648E+14  0.14132054E-29 -0.29267241E-29
  0.26193014E+14  0.14795136E-29 -0.29454694E-29
  0.26240379E+14  0.15146171E-29 -0.29586895E-29
  0.26287744E+14  0.15104778E-29 -0.29690572E-29
  0.26335110E+14  0.15479700E-29 -0.30007806E-29
  0.26382475E+14  0.16054905E-29 -0.30220097E-29
  0.26429840E+14  0.16365682E-29 -0.30543418E-29
  0.26477205E+14  0.16250981E-29 -0.31213743E-29
  0.26524571E+14  0.16161250E-29 -0.32093152E-29
  0.26571936E+14  0.16841781E-29 -0.33720751E-29
  0.26619301E+14  0.18410617E-29 -0.35688604E-29
  0.26666667E+14  0.20445538E-29 -0.36941558E-29
  0.26714032E+14  0.23235897E-29 -0.37578391E-29
  0.26761397E+14  0.25367512E-29 -0.37600020E-29
  0.26808763E+14  0.27576765E-29 -0.37670393E-29
  0.26856128E+14  0.29789036E-29 -0.37563237E-29
  0.26903493E+14  0.31948009E-29 -0.37475557E-29
  0.26950858E+14  0.35310406E-29 -0.36700075E-29
  0.26998224E+14  0.36704521E-29 -0.35588745E-29
  0.27045589E+14  0.39022819E-29 -0.34908324E-29
  0.27092954E+14  0.42327797E-29 -0.33472330E-29
  0.27140320E+14  0.43044880E-29 -0.31000717E-29
  0.27187685E+14  0.45243064E-29 -0.31185095E-29
  0.27235050E+14  0.48427353E-29 -0.27330305E-29
  0.27282416E+14  0.47382271E-29 -0.25781128E-29
  0.27329781E+14  0.50971410E-29 -0.24775562E-29
  0.27377146E+14  0.51296514E-29 -0.20489372E-29
  0.27424512E+14  0.50391576E-29 -0.18992846E-29
  0.27471877E+14  0.53451657E-29 -0.17462045E-29
  0.27519242E+14  0.51165196E-29 -0.13882409E-29
  0.27566607E+14  0.45285715E-29 -0.14663644E-29
  0.27613973E+14  0.53431996E-29 -0.25526617E-29
  0.27661338E+14  0.61090964E-29 -0.19434712E-29
  0.27708703E+14  0.64773518E-29 -0.14398550E-29
  0.27756069E+14  0.67577454E-29 -0.85036779E-30
  0.27803434E+14  0.67865379E-29 -0.26996723E-30
  0.27850799E+14  0.67449079E-29  0.17260377E-30
  0.27898165E+14  0.67214138E-29  0.61388102E-30
  0.27945530E+14  0.65900943E-29  0.10137587E-29
  0.27992895E+14  0.65019131E-29  0.13143252E-29
  0.28040261E+14  0.64266767E-29  0.16133005E-29
  0.28087626E+14  0.63405372E-29  0.18137466E-29
  0.28134991E+14  0.64536321E-29  0.19908244E-29
  0.28182356E+14  0.65741783E-29  0.21646108E-29
  0.28229722E+14  0.72776054E-29  0.22259904E-29
  0.28277087E+14  0.87298725E-29  0.27806600E-29
  0.28324452E+14  0.11692841E-28  0.81093145E-29
  0.28371818E+14  0.55062750E-29  0.10472769E-28
  0.28419183E+14  0.31463534E-29  0.99606026E-29
  0.28466548E+14  0.14271550E-29  0.96177370E-29
  0.28513914E+14  0.25605977E-30  0.94346283E-29
  0.28561279E+14 -0.99665289E-30  0.97014003E-29
  0.28608644E+14 -0.31941014E-29  0.10362354E-28
  0.28656009E+14 -0.67950817E-29  0.10358886E-28
  0.28703375E+14 -0.11597607E-28  0.91896847E-29
  0.28750740E+14 -0.22184515E-28  0.39895033E-29
  0.28798105E+14 -0.11460457E-28 -0.21217658E-28
  0.28845471E+14  0.21454290E-29 -0.12154976E-28
  0.28892836E+14  0.16628495E-29 -0.66136649E-29
  0.28940201E+14  0.13937655E-29 -0.10282881E-28
  0.28987567E+14  0.66848079E-29 -0.94027286E-29
  0.29034932E+14  0.89079326E-29 -0.61094203E-29
  0.29082297E+14  0.10633159E-28 -0.34234447E-29
  0.29129663E+14  0.96554451E-29  0.18103043E-29
  0.29177028E+14  0.75441999E-29  0.25646741E-29
  0.29224393E+14  0.63938190E-29  0.30929063E-29
  0.29271758E+14  0.54413838E-29  0.34974990E-29
  0.29319124E+14  0.45677474E-29  0.37375489E-29
  0.29366489E+14  0.37873610E-29  0.37848196E-29
  0.29413854E+14  0.31276328E-29  0.36635714E-29
  0.29461220E+14  0.26181931E-29  0.34212775E-29
  0.29508585E+14  0.23081588E-29  0.31184374E-29
  0.29555950E+14  0.21770761E-29  0.28592098E-29
  0.29603316E+14  0.21442327E-29  0.27209391E-29
  0.29650681E+14  0.20784907E-29  0.26726568E-29
  0.29698046E+14  0.20018808E-29  0.26206034E-29
  0.29745411E+14  0.19445030E-29  0.25860113E-29
  0.29792777E+14  0.18824700E-29  0.25680782E-29
  0.29840142E+14  0.18172450E-29  0.25618805E-29
  0.29887507E+14  0.17441169E-29  0.25476277E-29
  0.29934873E+14  0.16855364E-29  0.25303137E-29
  0.29982238E+14  0.16317778E-29  0.25252587E-29
  0.30029603E+14  0.15778935E-29  0.25260894E-29
  0.30076969E+14  0.15114026E-29  0.25324797E-29
  0.30124334E+14  0.14433869E-29  0.25222974E-29
  0.30171699E+14  0.13929322E-29  0.25090458E-29
  0.30219065E+14  0.13453577E-29  0.25071778E-29
  0.30266430E+14  0.12973695E-29  0.25092379E-29
  0.30313795E+14  0.12380524E-29  0.25175154E-29
  0.30361160E+14  0.11755579E-29  0.25112474E-29
  0.30408526E+14  0.11244242E-29  0.24988990E-29
  0.30455891E+14  0.10813769E-29  0.24932663E-29
  0.30503256E+14  0.10361093E-29  0.24940319E-29
  0.30550622E+14  0.98716955E-30  0.24997716E-29
  0.30597987E+14  0.92629760E-30  0.24963260E-29
  0.30645352E+14  0.87373405E-30  0.24829185E-29
  0.30692718E+14  0.83374797E-30  0.24701238E-29
  0.30740083E+14  0.79491889E-30  0.24668133E-29
  0.30787448E+14  0.75295887E-30  0.24693492E-29
  0.30834813E+14  0.69932832E-30  0.24730329E-29
  0.30882179E+14  0.64406210E-30  0.24616924E-29
  0.30929544E+14  0.59756066E-30  0.24437644E-29
  0.30976909E+14  0.56298283E-30  0.24310541E-29
  0.31024275E+14  0.52776940E-30  0.24267633E-29
  0.31071640E+14  0.48772265E-30  0.24284263E-29
  0.31119005E+14  0.43437816E-30  0.24254178E-29
  0.31166371E+14  0.38496793E-30  0.24104660E-29
  0.31213736E+14  0.34404857E-30  0.23912071E-29
  0.31261101E+14  0.31200807E-30  0.23781093E-29
  0.31308467E+14  0.27776189E-30  0.23715237E-29
  0.31355832E+14  0.23971060E-30  0.23703215E-29
  0.31403197E+14  0.18929038E-30  0.23634018E-29
  0.31450562E+14  0.14321556E-30  0.23452026E-29
  0.31497928E+14  0.10584562E-30  0.23228037E-29
  0.31545293E+14  0.77577999E-31  0.23078110E-29
  0.31592658E+14  0.46736526E-31  0.23004406E-29
  0.31640024E+14  0.10023277E-31  0.22970711E-29
  0.31687389E+14 -0.38021700E-31  0.22863102E-29
  0.31734754E+14 -0.80970146E-31  0.22656036E-29
  0.31782120E+14 -0.11538481E-30  0.22414129E-29
  0.31829485E+14 -0.14144225E-30  0.22241709E-29
  0.31876850E+14 -0.16999424E-30  0.22135137E-29
  0.31924216E+14 -0.20366488E-30  0.22078979E-29
  0.31971581E+14 -0.24862737E-30  0.21946951E-29
  0.32018946E+14 -0.28882798E-30  0.21721220E-29
  0.32066311E+14 -0.32040152E-30  0.21458808E-29
  0.32113677E+14 -0.34414290E-30  0.21268111E-29
  0.32161042E+14 -0.37073017E-30  0.21139996E-29
  0.32208407E+14 -0.40210019E-30  0.21049603E-29
  0.32255773E+14 -0.44331927E-30  0.20890725E-29
  0.32303138E+14 -0.48046876E-30  0.20655789E-29
  0.32350503E+14 -0.50978352E-30  0.20374725E-29
  0.32397869E+14 -0.53079291E-30  0.20158649E-29
  0.32445234E+14 -0.55446462E-30  0.20011930E-29
  0.32492599E+14 -0.58375005E-30  0.19903607E-29
  0.32539964E+14 -0.62262419E-30  0.19729542E-29
  0.32587330E+14 -0.65672918E-30  0.19465027E-29
  0.32634695E+14 -0.68352108E-30  0.19166754E-29
  0.32682060E+14 -0.70169976E-30  0.18930775E-29
  0.32729426E+14 -0.72311066E-30  0.18763557E-29
  0.32776791E+14 -0.74975912E-30  0.18634156E-29
  0.32824156E+14 -0.78474868E-30  0.18442200E-29
  0.32871522E+14 -0.81670707E-30  0.18169095E-29
  0.32918887E+14 -0.84140655E-30  0.17854111E-29
  0.32966252E+14 -0.85815637E-30  0.17599716E-29
  0.33013618E+14 -0.87661027E-30  0.17404501E-29
  0.33060983E+14 -0.89933048E-30  0.17253957E-29
  0.33108348E+14 -0.93139878E-30  0.17044725E-29
  0.33155713E+14 -0.95929729E-30  0.16761842E-29
  0.33203079E+14 -0.98178038E-30  0.16442207E-29
  0.33250444E+14 -0.99700759E-30  0.16175128E-29
  0.33297809E+14 -0.10136975E-29  0.15958225E-29
  0.33345175E+14 -0.10334657E-29  0.15777532E-29
  0.33392540E+14 -0.10611942E-29  0.15545596E-29
  0.33439905E+14 -0.10863286E-29  0.15260447E-29
  0.33487271E+14 -0.11045593E-29  0.14936584E-29
  0.33534636E+14 -0.11180454E-29  0.14665520E-29
  0.33582001E+14 -0.11329913E-29  0.14433431E-29
  0.33629366E+14 -0.11521980E-29  0.14228292E-29
  0.33676732E+14 -0.11753005E-29  0.13970752E-29
  0.33724097E+14 -0.11952211E-29  0.13663763E-29
  0.33771462E+14 -0.12096981E-29  0.13347642E-29
  0.33818828E+14 -0.12213674E-29  0.13075902E-29
  0.33866193E+14 -0.12348922E-29  0.12839028E-29
  0.33913558E+14 -0.12523238E-29  0.12607125E-29
  0.33960924E+14 -0.12721080E-29  0.12324958E-29
  0.34008289E+14 -0.12874468E-29  0.12005949E-29
  0.34055654E+14 -0.12980470E-29  0.11689657E-29
  0.34103020E+14 -0.13074652E-29  0.11420308E-29
  0.34150385E+14 -0.13189791E-29  0.11174038E-29
  0.34197750E+14 -0.13335734E-29  0.10921428E-29
  0.34245115E+14 -0.13488037E-29  0.10616944E-29
  0.34292481E+14 -0.13609977E-29  0.10299168E-29
  0.34339846E+14 -0.13685662E-29  0.99956236E-30
  0.34387211E+14 -0.13761814E-29  0.97191530E-30
  0.34434577E+14 -0.13852079E-29  0.94595622E-30
  0.34481942E+14 -0.13970259E-29  0.91756607E-30
  0.34529307E+14 -0.14072821E-29  0.88778913E-30
  0.34576673E+14 -0.14150329E-29  0.85571854E-30
  0.34624038E+14 -0.14210956E-29  0.82615377E-30
  0.34671403E+14 -0.14265246E-29  0.79780205E-30
  0.34718769E+14 -0.14332356E-29  0.76983427E-30
  0.34766134E+14 -0.14403258E-29  0.74080668E-30
  0.34813499E+14 -0.14467312E-29  0.70988126E-30
  0.34860864E+14 -0.14505640E-29  0.68002578E-30
  0.34908230E+14 -0.14540958E-29  0.65060480E-30
  0.34955595E+14 -0.14574774E-29  0.62137107E-30
  0.35002960E+14 -0.14603888E-29  0.59118078E-30
  0.35050326E+14 -0.14630809E-29  0.56263807E-30
  0.35097691E+14 -0.14655525E-29  0.53325937E-30
  0.35145056E+14 -0.14677011E-29  0.50391426E-30
  0.35192422E+14 -0.14693624E-29  0.47315524E-30
  0.35239787E+14 -0.14676740E-29  0.44250583E-30
  0.35287152E+14 -0.14669856E-29  0.41424557E-30
  0.35334517E+14 -0.14659307E-29  0.38696395E-30
  0.35381883E+14 -0.14676817E-29  0.35765871E-30
  0.35429248E+14 -0.14666125E-29  0.32675745E-30
  0.35476613E+14 -0.14616110E-29  0.29588524E-30
  0.35523979E+14 -0.14576336E-29  0.26817411E-30
  0.35571344E+14 -0.14533146E-29  0.24047395E-30
  0.35618709E+14 -0.14516745E-29  0.21244372E-30
  0.35666075E+14 -0.14490950E-29  0.18186528E-30
  0.35713440E+14 -0.14419808E-29  0.15098146E-30
  0.35760805E+14 -0.14333749E-29  0.12336870E-30
  0.35808171E+14 -0.14269467E-29  0.98541609E-31
  0.35855536E+14 -0.14227140E-29  0.71793661E-31
  0.35902901E+14 -0.14187370E-29  0.40637690E-31
  0.35950266E+14 -0.14068040E-29  0.84796142E-32
  0.35997632E+14 -0.13935092E-29 -0.16255247E-31
  0.36044997E+14 -0.13868506E-29 -0.38347833E-31
  0.36092362E+14 -0.13828167E-29 -0.65089560E-31
  0.36139728E+14 -0.13746809E-29 -0.98341202E-31
  0.36187093E+14 -0.13576533E-29 -0.12862447E-30
  0.36234458E+14 -0.13403727E-29 -0.14977441E-30
  0.36281824E+14 -0.13333204E-29 -0.16934054E-30
  0.36329189E+14 -0.13268983E-29 -0.19852400E-30
  0.36376554E+14 -0.13136442E-29 -0.23120091E-30
  0.36423919E+14 -0.12909008E-29 -0.25747968E-30
  0.36471285E+14 -0.12748730E-29 -0.27443070E-30
  0.36518650E+14 -0.12670820E-29 -0.29404439E-30
  0.36566015E+14 -0.12577886E-29 -0.32478322E-30
  0.36613381E+14 -0.12383616E-29 -0.35659198E-30
  0.36660746E+14 -0.12126479E-29 -0.37670394E-30
  0.36708111E+14 -0.11964796E-29 -0.38995039E-30
  0.36755477E+14 -0.11902424E-29 -0.41191342E-30
  0.36802842E+14 -0.11772374E-29 -0.44505826E-30
  0.36850207E+14 -0.11448405E-29 -0.47178723E-30
  0.36897573E+14 -0.11204802E-29 -0.48219650E-30
  0.36944938E+14 -0.11115963E-29 -0.49657097E-30
  0.36992303E+14 -0.11002833E-29 -0.52530689E-30
  0.37039668E+14 -0.10705654E-29 -0.55639405E-30
  0.37087034E+14 -0.10399301E-29 -0.56708680E-30
  0.37134399E+14 -0.10256857E-29 -0.57591386E-30
  0.37181764E+14 -0.10132883E-29 -0.59970016E-30
  0.37229130E+14 -0.98643574E-30 -0.62884261E-30
  0.37276495E+14 -0.95362580E-30 -0.64195618E-30
  0.37323860E+14 -0.93394046E-30 -0.64826969E-30
  0.37371226E+14 -0.91892432E-30 -0.66704616E-30
  0.37418591E+14 -0.89218876E-30 -0.69373265E-30
  0.37465956E+14 -0.85806663E-30 -0.70511334E-30
  0.37513321E+14 -0.83604445E-30 -0.70863818E-30
  0.37560687E+14 -0.81960913E-30 -0.72596836E-30
  0.37608052E+14 -0.78951990E-30 -0.74875915E-30
  0.37655417E+14 -0.75377476E-30 -0.75565621E-30
  0.37702783E+14 -0.73613687E-30 -0.75772069E-30
  0.37750148E+14 -0.71757516E-30 -0.77623784E-30
  0.37797513E+14 -0.67867716E-30 -0.79314545E-30
  0.37844879E+14 -0.64646535E-30 -0.79118385E-30
  0.37892244E+14 -0.62964299E-30 -0.79742208E-30
  0.37939609E+14 -0.60338293E-30 -0.81766154E-30
  0.37986975E+14 -0.56185498E-30 -0.82007666E-30
  0.38034340E+14 -0.54061227E-30 -0.81566055E-30
  0.38081705E+14 -0.52006793E-30 -0.82892268E-30
  0.38129070E+14 -0.47710608E-30 -0.83960371E-30
  0.38176436E+14 -0.44671483E-30 -0.82854916E-30
  0.38223801E+14 -0.42994759E-30 -0.83334808E-30
  0.38271166E+14 -0.39456525E-30 -0.84557778E-30
  0.38318532E+14 -0.35486157E-30 -0.83455241E-30
  0.38365897E+14 -0.33965942E-30 -0.82980895E-30
  0.38413262E+14 -0.31012639E-30 -0.84179771E-30
  0.38460628E+14 -0.26431101E-30 -0.83141972E-30
  0.38507993E+14 -0.24918740E-30 -0.81828327E-30
  0.38555358E+14 -0.22187357E-30 -0.82869422E-30
  0.38602724E+14 -0.17490643E-30 -0.81549530E-30
  0.38650089E+14 -0.16067877E-30 -0.79898400E-30
  0.38697454E+14 -0.13022141E-30 -0.80550563E-30
  0.38744819E+14 -0.88384467E-31 -0.78501202E-30
  0.38792185E+14 -0.74980993E-31 -0.77129107E-30
  0.38839550E+14 -0.38376364E-31 -0.77017224E-30
  0.38886915E+14 -0.66498177E-32 -0.74324800E-30
  0.38934281E+14  0.92474793E-32 -0.73354370E-30
  0.38981646E+14  0.49524621E-31 -0.71872299E-30
  0.39029011E+14  0.67859596E-31 -0.69170161E-30
  0.39076377E+14  0.95869707E-31 -0.68154256E-30
  0.39123742E+14  0.12405991E-30 -0.65110970E-30
  0.39171107E+14  0.14164914E-30 -0.63385460E-30
  0.39218472E+14  0.17273361E-30 -0.60547517E-30
  0.39265838E+14  0.18914397E-30 -0.58141073E-30
  0.39313203E+14  0.21349963E-30 -0.54918170E-30
  0.39360568E+14  0.23120078E-30 -0.52023128E-30
  0.39407934E+14  0.24780698E-30 -0.48754026E-30
  0.39455299E+14  0.27000325E-30 -0.45166691E-30
  0.39502664E+14  0.28083368E-30 -0.41665839E-30
  0.39550030E+14  0.28613890E-30 -0.37153573E-30
  0.39597395E+14  0.30597187E-30 -0.32539587E-30
  0.39644760E+14  0.31125582E-30 -0.27754897E-30
  0.39692126E+14  0.30140094E-30 -0.19629271E-30
  0.39739491E+14  0.29594184E-30 -0.21148525E-30
  0.39786856E+14  0.28731460E-30 -0.22314570E-30
  0.39834221E+14  0.26856538E-30 -0.14337455E-30
  0.39881587E+14  0.25138429E-30 -0.41846010E-31
  0.39928952E+14  0.83727541E-31  0.64358502E-31
  0.39976317E+14  0.00000000E+00 -0.62955006E-31
  0.40023683E+14  0.00000000E+00 -0.10627035E-30
  0.40071048E+14  0.00000000E+00 -0.12801371E-30
  0.40118413E+14  0.00000000E+00 -0.14110971E-30
  0.40165779E+14  0.00000000E+00 -0.14957542E-30
  0.40213144E+14  0.00000000E+00 -0.15520255E-30
  0.40260509E+14  0.00000000E+00 -0.15894490E-30
  0.40307874E+14  0.00000000E+00 -0.16136828E-30
  0.40355240E+14  0.00000000E+00 -0.16283401E-30
  0.40402605E+14  0.00000000E+00 -0.16358551E-30
  0.40449970E+14  0.00000000E+00 -0.16379352E-30
  0.40497336E+14  0.00000000E+00 -0.16358173E-30
  0.40544701E+14  0.00000000E+00 -0.16304199E-30
  0.40592066E+14  0.00000000E+00 -0.16224397E-30
  0.40639432E+14  0.00000000E+00 -0.16124143E-30
  0.40686797E+14  0.00000000E+00 -0.16007647E-30
  0.40734162E+14  0.00000000E+00 -0.15878244E-30
  0.40781528E+14  0.00000000E+00 -0.15738606E-30
  0.40828893E+14  0.00000000E+00 -0.15590892E-30
  0.40876258E+14  0.00000000E+00 -0.15436858E-30
  0.40923623E+14  0.00000000E+00 -0.15277945E-30
  0.40970989E+14  0.00000000E+00 -0.15115340E-30
  0.41018354E+14  0.00000000E+00 -0.14950026E-30
  0.41065719E+14  0.00000000E+00 -0.14782820E-30
  0.41113085E+14  0.00000000E+00 -0.14614403E-30
  0.41160450E+14  0.00000000E+00 -0.14445345E-30
  0.41207815E+14  0.00000000E+00 -0.14276121E-30
  0.41255181E+14  0.00000000E+00 -0.14107132E-30
  0.41302546E+14  0.00000000E+00 -0.13938714E-30
  0.41349911E+14  0.00000000E+00 -0.13771147E-30
  0.41397276E+14  0.00000000E+00 -0.13604666E-30
  0.41444642E+14  0.00000000E+00 -0.13439469E-30
  0.41492007E+14  0.00000000E+00 -0.13275719E-30
  0.41539372E+14  0.00000000E+00 -0.13113552E-30
  0.41586738E+14  0.00000000E+00 -0.12953080E-30
  0.41634103E+14  0.00000000E+00 -0.12794395E-30
  0.41681468E+14  0.00000000E+00 -0.12637571E-30
  0.41728834E+14  0.00000000E+00 -0.12482667E-30
  0.41776199E+14  0.00000000E+00 -0.12329729E-30
  0.41823564E+14  0.00000000E+00 -0.12178794E-30
  0.41870930E+14  0.00000000E+00 -0.12029885E-30
  0.41918295E+14  0.00000000E+00 -0.11883021E-30
  0.41965660E+14  0.00000000E+00 -0.11738212E-30
  0.42013025E+14  0.00000000E+00 -0.11595463E-30
  0.42060391E+14  0.00000000E+00 -0.11454772E-30
  0.42107756E+14  0.00000000E+00 -0.11316135E-30
  0.42155121E+14  0.00000000E+00 -0.11179541E-30
  0.42202487E+14  0.00000000E+00 -0.11044978E-30
  0.42249852E+14  0.00000000E+00 -0.10912431E-30
  0.42297217E+14  0.00000000E+00 -0.10781882E-30
  0.42344583E+14  0.00000000E+00 -0.10653311E-30
  0.42391948E+14  0.00000000E+00 -0.10526697E-30
  0.42439313E+14  0.00000000E+00 -0.10402016E-30
  0.42486679E+14  0.00000000E+00 -0.10279245E-30
  0.42534044E+14  0.00000000E+00 -0.10158358E-30
  0.42581409E+14  0.00000000E+00 -0.10039330E-30
  0.42628774E+14  0.00000000E+00 -0.99221336E-31
  0.42676140E+14  0.00000000E+00 -0.98067423E-31
  0.42723505E+14  0.00000000E+00 -0.96931286E-31
  0.42770870E+14  0.00000000E+00 -0.95812649E-31
  0.42818236E+14  0.00000000E+00 -0.94711235E-31
  0.42865601E+14  0.00000000E+00 -0.93626766E-31
  0.42912966E+14  0.00000000E+00 -0.92558964E-31
  0.42960332E+14  0.00000000E+00 -0.91507551E-31
  0.43007697E+14  0.00000000E+00 -0.90472252E-31
  0.43055062E+14  0.00000000E+00 -0.89452793E-31
  0.43102427E+14  0.00000000E+00 -0.88448901E-31
  0.43149793E+14  0.00000000E+00 -0.87460307E-31
  0.43197158E+14  0.00000000E+00 -0.86486743E-31
  0.43244523E+14  0.00000000E+00 -0.85527947E-31
  0.43291889E+14  0.00000000E+00 -0.84583657E-31
  0.43339254E+14  0.00000000E+00 -0.83653617E-31
  0.43386619E+14  0.00000000E+00 -0.82737572E-31
  0.43433985E+14  0.00000000E+00 -0.81835274E-31
  0.43481350E+14  0.00000000E+00 -0.80946475E-31
  0.43528715E+14  0.00000000E+00 -0.80070935E-31
  0.43576081E+14  0.00000000E+00 -0.79208414E-31
  0.43623446E+14  0.00000000E+00 -0.78358679E-31
  0.43670811E+14  0.00000000E+00 -0.77521500E-31
  0.43718176E+14  0.00000000E+00 -0.76696649E-31
  0.43765542E+14  0.00000000E+00 -0.75883906E-31
  0.43812907E+14  0.00000000E+00 -0.75083051E-31
  0.43860272E+14  0.00000000E+00 -0.74293872E-31
  0.43907638E+14  0.00000000E+00 -0.73516157E-31
  0.43955003E+14  0.00000000E+00 -0.72749701E-31
  0.44002368E+14  0.00000000E+00 -0.71994300E-31
  0.44049734E+14  0.00000000E+00 -0.71249758E-31
  0.44097099E+14  0.00000000E+00 -0.70515879E-31
  0.44144464E+14  0.00000000E+00 -0.69792473E-31
  0.44191829E+14  0.00000000E+00 -0.69079352E-31
  0.44239195E+14  0.00000000E+00 -0.68376333E-31
  0.44286560E+14  0.00000000E+00 -0.67683236E-31
  0.44333925E+14  0.00000000E+00 -0.66999886E-31
  0.44381291E+14  0.00000000E+00 -0.66326109E-31
  0.44428656E+14  0.00000000E+00 -0.65661736E-31
  0.44476021E+14  0.00000000E+00 -0.65006602E-31
  0.44523387E+14  0.00000000E+00 -0.64360543E-31
  0.44570752E+14  0.00000000E+00 -0.63723402E-31
  0.44618117E+14  0.00000000E+00 -0.63095021E-31
  0.44665483E+14  0.00000000E+00 -0.62475248E-31
  0.44712848E+14  0.00000000E+00 -0.61863933E-31
  0.44760213E+14  0.00000000E+00 -0.61260929E-31
  0.44807578E+14  0.00000000E+00 -0.60666093E-31
  0.44854944E+14  0.00000000E+00 -0.60079283E-31
  0.44902309E+14  0.00000000E+00 -0.59500362E-31
  0.44949674E+14  0.00000000E+00 -0.58929194E-31
  0.44997040E+14  0.00000000E+00 -0.58365646E-31
  0.45044405E+14  0.00000000E+00 -0.57809590E-31
  0.45091770E+14  0.00000000E+00 -0.57260897E-31
  0.45139136E+14  0.00000000E+00 -0.56719442E-31
  0.45186501E+14  0.00000000E+00 -0.56185105E-31
  0.45233866E+14  0.00000000E+00 -0.55657764E-31
  0.45281231E+14  0.00000000E+00 -0.55137303E-31
  0.45328597E+14  0.00000000E+00 -0.54623606E-31
  0.45375962E+14  0.00000000E+00 -0.54116561E-31
  0.45423327E+14  0.00000000E+00 -0.53616057E-31
  0.45470693E+14  0.00000000E+00 -0.53121986E-31
  0.45518058E+14  0.00000000E+00 -0.52634242E-31
  0.45565423E+14  0.00000000E+00 -0.52152721E-31
  0.45612789E+14  0.00000000E+00 -0.51677321E-31
  0.45660154E+14  0.00000000E+00 -0.51207942E-31
  0.45707519E+14  0.00000000E+00 -0.50744485E-31
  0.45754885E+14  0.00000000E+00 -0.50286856E-31
  0.45802250E+14  0.00000000E+00 -0.49834959E-31
  0.45849615E+14  0.00000000E+00 -0.49388702E-31
  0.45896980E+14  0.00000000E+00 -0.48947995E-31
  0.45944346E+14  0.00000000E+00 -0.48512749E-31
  0.45991711E+14  0.00000000E+00 -0.48082877E-31
  0.46039076E+14  0.00000000E+00 -0.47658293E-31
  0.46086442E+14  0.00000000E+00 -0.47238914E-31
  0.46133807E+14  0.00000000E+00 -0.46824658E-31
  0.46181172E+14  0.00000000E+00 -0.46415443E-31
  0.46228538E+14  0.00000000E+00 -0.46011191E-31
  0.46275903E+14  0.00000000E+00 -0.45611824E-31
  0.46323268E+14  0.00000000E+00 -0.45217267E-31
  0.46370634E+14  0.00000000E+00 -0.44827444E-31
  0.46417999E+14  0.00000000E+00 -0.44442283E-31
  0.46465364E+14  0.00000000E+00 -0.44061711E-31
  0.46512729E+14  0.00000000E+00 -0.43685659E-31
  0.46560095E+14  0.00000000E+00 -0.43314056E-31
  0.46607460E+14  0.00000000E+00 -0.42946836E-31
  0.46654825E+14  0.00000000E+00 -0.42583931E-31
  0.46702191E+14  0.00000000E+00 -0.42225276E-31
  0.46749556E+14  0.00000000E+00 -0.41870806E-31
  0.46796921E+14  0.00000000E+00 -0.41520460E-31
  0.46844287E+14  0.00000000E+00 -0.41174175E-31
  0.46891652E+14  0.00000000E+00 -0.40831890E-31
  0.46939017E+14  0.00000000E+00 -0.40493546E-31
  0.46986382E+14  0.00000000E+00 -0.40159084E-31
  0.47033748E+14  0.00000000E+00 -0.39828447E-31
  0.47081113E+14  0.00000000E+00 -0.39501579E-31
  0.47128478E+14  0.00000000E+00 -0.39178423E-31
  0.47175844E+14  0.00000000E+00 -0.38858926E-31
  0.47223209E+14  0.00000000E+00 -0.38543034E-31
  0.47270574E+14  0.00000000E+00 -0.38230695E-31
  0.47317940E+14  0.00000000E+00 -0.37921857E-31
  0.47365305E+14  0.00000000E+00 -0.37616470E-31
  0.47412670E+14  0.00000000E+00 -0.37314484E-31
  0.47460036E+14  0.00000000E+00 -0.37015850E-31
  0.47507401E+14  0.00000000E+00 -0.36720520E-31
  0.47554766E+14  0.00000000E+00 -0.36428446E-31
  0.47602131E+14  0.00000000E+00 -0.36139584E-31
  0.47649497E+14  0.00000000E+00 -0.35853886E-31
  0.47696862E+14  0.00000000E+00 -0.35571309E-31
  0.47744227E+14  0.00000000E+00 -0.35291808E-31
  0.47791593E+14  0.00000000E+00 -0.35015341E-31
  0.47838958E+14  0.00000000E+00 -0.34741864E-31
  0.47886323E+14  0.00000000E+00 -0.34471337E-31
  0.47933689E+14  0.00000000E+00 -0.34203717E-31
  0.47981054E+14  0.00000000E+00 -0.33938966E-31
  0.48028419E+14  0.00000000E+00 -0.33677042E-31
  0.48075784E+14  0.00000000E+00 -0.33417908E-31
  0.48123150E+14  0.00000000E+00 -0.33161525E-31
  0.48170515E+14  0.00000000E+00 -0.32907855E-31
  0.48217880E+14  0.00000000E+00 -0.32656861E-31
  0.48265246E+14  0.00000000E+00 -0.32408507E-31
  0.48312611E+14  0.00000000E+00 -0.32162758E-31
  0.48359976E+14  0.00000000E+00 -0.31919577E-31
  0.48407342E+14  0.00000000E+00 -0.31678931E-31
  0.48454707E+14  0.00000000E+00 -0.31440785E-31
  0.48502072E+14  0.00000000E+00 -0.31205105E-31
  0.48549438E+14  0.00000000E+00 -0.30971860E-31
  0.48596803E+14  0.00000000E+00 -0.30741016E-31
  0.48644168E+14  0.00000000E+00 -0.30512542E-31
  0.48691533E+14  0.00000000E+00 -0.30286407E-31
  0.48738899E+14  0.00000000E+00 -0.30062579E-31
  0.48786264E+14  0.00000000E+00 -0.29841028E-31
  0.48833629E+14  0.00000000E+00 -0.29621724E-31
  0.48880995E+14  0.00000000E+00 -0.29404638E-31
  0.48928360E+14  0.00000000E+00 -0.29189742E-31
  0.48975725E+14  0.00000000E+00 -0.28977006E-31
  0.49023091E+14  0.00000000E+00 -0.28766403E-31
  0.49070456E+14  0.00000000E+00 -0.28557905E-31
  0.49117821E+14  0.00000000E+00 -0.28351485E-31
  0.49165187E+14  0.00000000E+00 -0.28147117E-31
  0.49212552E+14  0.00000000E+00 -0.27944774E-31
  0.49259917E+14  0.00000000E+00 -0.27744430E-31
  0.49307282E+14  0.00000000E+00 -0.27546060E-31
  0.49354648E+14  0.00000000E+00 -0.27349639E-31
  0.49402013E+14  0.00000000E+00 -0.27155143E-31
  0.49449378E+14  0.00000000E+00 -0.26962546E-31
  0.49496744E+14  0.00000000E+00 -0.26771826E-31
  0.49544109E+14  0.00000000E+00 -0.26582958E-31
  0.49591474E+14  0.00000000E+00 -0.26395920E-31
  0.49638840E+14  0.00000000E+00 -0.26210688E-31
  0.49686205E+14  0.00000000E+00 -0.26027241E-31
  0.49733570E+14  0.00000000E+00 -0.25845555E-31
  0.49780935E+14  0.00000000E+00 -0.25665610E-31
  0.49828301E+14  0.00000000E+00 -0.25487384E-31
  0.49875666E+14  0.00000000E+00 -0.25310856E-31
  0.49923031E+14  0.00000000E+00 -0.25136005E-31
  0.49970397E+14  0.00000000E+00 -0.24962810E-31
  0.50017762E+14  0.00000000E+00 -0.24791252E-31
  0.50065127E+14  0.00000000E+00 -0.24621310E-31
  0.50112493E+14  0.00000000E+00 -0.24452966E-31
  0.50159858E+14  0.00000000E+00 -0.24286198E-31
  0.50207223E+14  0.00000000E+00 -0.24120990E-31
  0.50254589E+14  0.00000000E+00 -0.23957321E-31
  0.50301954E+14  0.00000000E+00 -0.23795174E-31
  0.50349319E+14  0.00000000E+00 -0.23634530E-31
  0.50396684E+14  0.00000000E+00 -0.23475372E-31
  0.50444050E+14  0.00000000E+00 -0.23317681E-31
  0.50491415E+14  0.00000000E+00 -0.23161441E-31
  0.50538780E+14  0.00000000E+00 -0.23006634E-31
  0.50586146E+14  0.00000000E+00 -0.22853243E-31
  0.50633511E+14  0.00000000E+00 -0.22701252E-31
  0.50680876E+14  0.00000000E+00 -0.22550644E-31
  0.50728242E+14  0.00000000E+00 -0.22401403E-31
  0.50775607E+14  0.00000000E+00 -0.22253514E-31
  0.50822972E+14  0.00000000E+00 -0.22106960E-31
  0.50870337E+14  0.00000000E+00 -0.21961726E-31
  0.50917703E+14  0.00000000E+00 -0.21817797E-31
  0.50965068E+14  0.00000000E+00 -0.21675157E-31
  0.51012433E+14  0.00000000E+00 -0.21533793E-31
  0.51059799E+14  0.00000000E+00 -0.21393688E-31
  0.51107164E+14  0.00000000E+00 -0.21254830E-31
  0.51154529E+14  0.00000000E+00 -0.21117203E-31
  0.51201895E+14  0.00000000E+00 -0.20980794E-31
  0.51249260E+14  0.00000000E+00 -0.20845589E-31
  0.51296625E+14  0.00000000E+00 -0.20711573E-31
  0.51343991E+14  0.00000000E+00 -0.20578735E-31
  0.51391356E+14  0.00000000E+00 -0.20447060E-31
  0.51438721E+14  0.00000000E+00 -0.20316535E-31
  0.51486086E+14  0.00000000E+00 -0.20187148E-31
  0.51533452E+14  0.00000000E+00 -0.20058886E-31
  0.51580817E+14  0.00000000E+00 -0.19931736E-31
  0.51628182E+14  0.00000000E+00 -0.19805686E-31
  0.51675548E+14  0.00000000E+00 -0.19680723E-31
  0.51722913E+14  0.00000000E+00 -0.19556837E-31
  0.51770278E+14  0.00000000E+00 -0.19434014E-31
  0.51817644E+14  0.00000000E+00 -0.19312243E-31
  0.51865009E+14  0.00000000E+00 -0.19191513E-31
  0.51912374E+14  0.00000000E+00 -0.19071812E-31
  0.51959739E+14  0.00000000E+00 -0.18953129E-31
  0.52007105E+14  0.00000000E+00 -0.18835452E-31
  0.52054470E+14  0.00000000E+00 -0.18718772E-31
  0.52101835E+14  0.00000000E+00 -0.18603077E-31
  0.52149201E+14  0.00000000E+00 -0.18488356E-31
  0.52196566E+14  0.00000000E+00 -0.18374599E-31
  0.52243931E+14  0.00000000E+00 -0.18261795E-31
  0.52291297E+14  0.00000000E+00 -0.18149935E-31
  0.52338662E+14  0.00000000E+00 -0.18039008E-31
  0.52386027E+14  0.00000000E+00 -0.17929005E-31
  0.52433393E+14  0.00000000E+00 -0.17819915E-31
  0.52480758E+14  0.00000000E+00 -0.17711728E-31
  0.52528123E+14  0.00000000E+00 -0.17604436E-31
  0.52575488E+14  0.00000000E+00 -0.17498028E-31
  0.52622854E+14  0.00000000E+00 -0.17392496E-31
  0.52670219E+14  0.00000000E+00 -0.17287829E-31
  0.52717584E+14  0.00000000E+00 -0.17184020E-31
  0.52764950E+14  0.00000000E+00 -0.17081059E-31
  0.52812315E+14  0.00000000E+00 -0.16978937E-31
  0.52859680E+14  0.00000000E+00 -0.16877645E-31
  0.52907046E+14  0.00000000E+00 -0.16777175E-31
  0.52954411E+14  0.00000000E+00 -0.16677519E-31
  0.53001776E+14  0.00000000E+00 -0.16578667E-31
  0.53049142E+14  0.00000000E+00 -0.16480612E-31
  0.53096507E+14  0.00000000E+00 -0.16383345E-31
  0.53143872E+14  0.00000000E+00 -0.16286858E-31
  0.53191237E+14  0.00000000E+00 -0.16191144E-31
  0.53238603E+14  0.00000000E+00 -0.16096194E-31
  0.53285968E+14  0.00000000E+00 -0.16002000E-31
  0.53333333E+14  0.00000000E+00 -0.15908555E-31
  0.53380699E+14  0.00000000E+00 -0.15815851E-31
  0.53428064E+14  0.00000000E+00 -0.15723881E-31
  0.53475429E+14  0.00000000E+00 -0.15632638E-31
  0.53522795E+14  0.00000000E+00 -0.15542113E-31
  0.53570160E+14  0.00000000E+00 -0.15452299E-31
  0.53617525E+14  0.00000000E+00 -0.15363191E-31
  0.53664890E+14  0.00000000E+00 -0.15274780E-31
  0.53712256E+14  0.00000000E+00 -0.15187059E-31
  0.53759621E+14  0.00000000E+00 -0.15100022E-31
  0.53806986E+14  0.00000000E+00 -0.15013662E-31
  0.53854352E+14  0.00000000E+00 -0.14927972E-31
  0.53901717E+14  0.00000000E+00 -0.14842945E-31
  0.53949082E+14  0.00000000E+00 -0.14758575E-31
  0.53996448E+14  0.00000000E+00 -0.14674856E-31
  0.54043813E+14  0.00000000E+00 -0.14591780E-31
  0.54091178E+14  0.00000000E+00 -0.14509342E-31
  0.54138544E+14  0.00000000E+00 -0.14427536E-31
  0.54185909E+14  0.00000000E+00 -0.14346355E-31
  0.54233274E+14  0.00000000E+00 -0.14265793E-31
  0.54280639E+14  0.00000000E+00 -0.14185844E-31
  0.54328005E+14  0.00000000E+00 -0.14106502E-31
  0.54375370E+14  0.00000000E+00 -0.14027762E-31
  0.54422735E+14  0.00000000E+00 -0.13949617E-31
  0.54470101E+14  0.00000000E+00 -0.13872062E-31
  0.54517466E+14  0.00000000E+00 -0.13795091E-31
  0.54564831E+14  0.00000000E+00 -0.13718698E-31
  0.54612197E+14  0.00000000E+00 -0.13642878E-31
  0.54659562E+14  0.00000000E+00 -0.13567626E-31
  0.54706927E+14  0.00000000E+00 -0.13492935E-31
  0.54754292E+14  0.00000000E+00 -0.13418801E-31
  0.54801658E+14  0.00000000E+00 -0.13345219E-31
  0.54849023E+14  0.00000000E+00 -0.13272183E-31
  0.54896388E+14  0.00000000E+00 -0.13199687E-31
  0.54943754E+14  0.00000000E+00 -0.13127727E-31
  0.54991119E+14  0.00000000E+00 -0.13056299E-31
  0.55038484E+14  0.00000000E+00 -0.12985396E-31
  0.55085850E+14  0.00000000E+00 -0.12915013E-31
  0.55133215E+14  0.00000000E+00 -0.12845147E-31
  0.55180580E+14  0.00000000E+00 -0.12775792E-31
  0.55227946E+14  0.00000000E+00 -0.12706944E-31
  0.55275311E+14  0.00000000E+00 -0.12638597E-31
  0.55322676E+14  0.00000000E+00 -0.12570747E-31
  0.55370041E+14  0.00000000E+00 -0.12503389E-31
  0.55417407E+14  0.00000000E+00 -0.12436520E-31
  0.55464772E+14  0.00000000E+00 -0.12370133E-31
  0.55512137E+14  0.00000000E+00 -0.12304226E-31
  0.55559503E+14  0.00000000E+00 -0.12238793E-31
  0.55606868E+14  0.00000000E+00 -0.12173830E-31
  0.55654233E+14  0.00000000E+00 -0.12109333E-31
  0.55701599E+14  0.00000000E+00 -0.12045298E-31
  0.55748964E+14  0.00000000E+00 -0.11981720E-31
  0.55796329E+14  0.00000000E+00 -0.11918596E-31
  0.55843694E+14  0.00000000E+00 -0.11855920E-31
  0.55891060E+14  0.00000000E+00 -0.11793690E-31
  0.55938425E+14  0.00000000E+00 -0.11731900E-31
  0.55985790E+14  0.00000000E+00 -0.11670548E-31
  0.56033156E+14  0.00000000E+00 -0.11609628E-31
  0.56080521E+14  0.00000000E+00 -0.11549138E-31
  0.56127886E+14  0.00000000E+00 -0.11489074E-31
  0.56175252E+14  0.00000000E+00 -0.11429430E-31
  0.56222617E+14  0.00000000E+00 -0.11370205E-31
  0.56269982E+14  0.00000000E+00 -0.11311394E-31
  0.56317348E+14  0.00000000E+00 -0.11252993E-31
  0.56364713E+14  0.00000000E+00 -0.11194998E-31
  0.56412078E+14  0.00000000E+00 -0.11137407E-31
  0.56459443E+14  0.00000000E+00 -0.11080216E-31
  0.56506809E+14  0.00000000E+00 -0.11023420E-31
  0.56554174E+14  0.00000000E+00 -0.10967018E-31
  0.56601539E+14  0.00000000E+00 -0.10911004E-31
  0.56648905E+14  0.00000000E+00 -0.10855376E-31
  0.56696270E+14  0.00000000E+00 -0.10800130E-31
  0.56743635E+14  0.00000000E+00 -0.10745263E-31
  0.56791001E+14  0.00000000E+00 -0.10690772E-31
  0.56838366E+14  0.00000000E+00 -0.10636653E-31
  0.56885731E+14  0.00000000E+00 -0.10582903E-31
  0.56933097E+14  0.00000000E+00 -0.10529520E-31
  0.56980462E+14  0.00000000E+00 -0.10476499E-31
  0.57027827E+14  0.00000000E+00 -0.10423838E-31
  0.57075192E+14  0.00000000E+00 -0.10371533E-31
  0.57122558E+14  0.00000000E+00 -0.10319582E-31
  0.57169923E+14  0.00000000E+00 -0.10267981E-31
  0.57217288E+14  0.00000000E+00 -0.10216728E-31
  0.57264654E+14  0.00000000E+00 -0.10165819E-31
  0.57312019E+14  0.00000000E+00 -0.10115252E-31
  0.57359384E+14  0.00000000E+00 -0.10065023E-31
  0.57406750E+14  0.00000000E+00 -0.10015130E-31
  0.57454115E+14  0.00000000E+00 -0.99655700E-32
  0.57501480E+14  0.00000000E+00 -0.99163400E-32
  0.57548845E+14  0.00000000E+00 -0.98674372E-32
  0.57596211E+14  0.00000000E+00 -0.98188590E-32
  0.57643576E+14  0.00000000E+00 -0.97706025E-32
  0.57690941E+14  0.00000000E+00 -0.97226651E-32
  0.57738307E+14  0.00000000E+00 -0.96750441E-32
  0.57785672E+14  0.00000000E+00 -0.96277368E-32
  0.57833037E+14  0.00000000E+00 -0.95807407E-32
  0.57880403E+14  0.00000000E+00 -0.95340530E-32
  0.57927768E+14  0.00000000E+00 -0.94876713E-32
  0.57975133E+14  0.00000000E+00 -0.94415930E-32
  0.58022499E+14  0.00000000E+00 -0.93958155E-32
  0.58069864E+14  0.00000000E+00 -0.93503364E-32
  0.58117229E+14  0.00000000E+00 -0.93051532E-32
  0.58164594E+14  0.00000000E+00 -0.92602635E-32
  0.58211960E+14  0.00000000E+00 -0.92156649E-32
  0.58259325E+14  0.00000000E+00 -0.91713549E-32
  0.58306690E+14  0.00000000E+00 -0.91273312E-32
  0.58354056E+14  0.00000000E+00 -0.90835914E-32
  0.58401421E+14  0.00000000E+00 -0.90401332E-32
  0.58448786E+14  0.00000000E+00 -0.89969543E-32
  0.58496152E+14  0.00000000E+00 -0.89540525E-32
  0.58543517E+14  0.00000000E+00 -0.89114254E-32
  0.58590882E+14  0.00000000E+00 -0.88690709E-32
  0.58638247E+14  0.00000000E+00 -0.88269867E-32
  0.58685613E+14  0.00000000E+00 -0.87851707E-32
  0.58732978E+14  0.00000000E+00 -0.87436206E-32
  0.58780343E+14  0.00000000E+00 -0.87023344E-32
  0.58827709E+14  0.00000000E+00 -0.86613099E-32
  0.58875074E+14  0.00000000E+00 -0.86205450E-32
  0.58922439E+14  0.00000000E+00 -0.85800376E-32
  0.58969805E+14  0.00000000E+00 -0.85397857E-32
  0.59017170E+14  0.00000000E+00 -0.84997872E-32
  0.59064535E+14  0.00000000E+00 -0.84600401E-32
  0.59111901E+14  0.00000000E+00 -0.84205423E-32
  0.59159266E+14  0.00000000E+00 -0.83812920E-32
  0.59206631E+14  0.00000000E+00 -0.83422871E-32
  0.59253996E+14  0.00000000E+00 -0.83035258E-32
  0.59301362E+14  0.00000000E+00 -0.82650060E-32
  0.59348727E+14  0.00000000E+00 -0.82267258E-32
  0.59396092E+14  0.00000000E+00 -0.81886834E-32
  0.59443458E+14  0.00000000E+00 -0.81508770E-32
  0.59490823E+14  0.00000000E+00 -0.81133045E-32
  0.59538188E+14  0.00000000E+00 -0.80759643E-32
  0.59585554E+14  0.00000000E+00 -0.80388545E-32
  0.59632919E+14  0.00000000E+00 -0.80019733E-32
  0.59680284E+14  0.00000000E+00 -0.79653188E-32
  0.59727649E+14  0.00000000E+00 -0.79288895E-32
  0.59775015E+14  0.00000000E+00 -0.78926834E-32
  0.59822380E+14  0.00000000E+00 -0.78566989E-32
  0.59869745E+14  0.00000000E+00 -0.78209342E-32
  0.59917111E+14  0.00000000E+00 -0.77853876E-32
  0.59964476E+14  0.00000000E+00 -0.77500575E-32
  0.60011841E+14  0.00000000E+00 -0.77149422E-32
  0.60059207E+14  0.00000000E+00 -0.76800400E-32
  0.60106572E+14  0.00000000E+00 -0.76453494E-32
  0.60153937E+14  0.00000000E+00 -0.76108686E-32
  0.60201303E+14  0.00000000E+00 -0.75765960E-32
  0.60248668E+14  0.00000000E+00 -0.75425301E-32
  0.60296033E+14  0.00000000E+00 -0.75086694E-32
  0.60343398E+14  0.00000000E+00 -0.74750121E-32
  0.60390764E+14  0.00000000E+00 -0.74415569E-32
  0.60438129E+14  0.00000000E+00 -0.74083021E-32
  0.60485494E+14  0.00000000E+00 -0.73752462E-32
  0.60532860E+14  0.00000000E+00 -0.73423877E-32
  0.60580225E+14  0.00000000E+00 -0.73097252E-32
  0.60627590E+14  0.00000000E+00 -0.72772571E-32
  0.60674956E+14  0.00000000E+00 -0.72449820E-32
  0.60722321E+14  0.00000000E+00 -0.72128985E-32
  0.60769686E+14  0.00000000E+00 -0.71810050E-32
  0.60817052E+14  0.00000000E+00 -0.71493002E-32
  0.60864417E+14  0.00000000E+00 -0.71177827E-32
  0.60911782E+14  0.00000000E+00 -0.70864511E-32
  0.60959147E+14  0.00000000E+00 -0.70553039E-32
  0.61006513E+14  0.00000000E+00 -0.70243398E-32
  0.61053878E+14  0.00000000E+00 -0.69935575E-32
  0.61101243E+14  0.00000000E+00 -0.69629556E-32
  0.61148609E+14  0.00000000E+00 -0.69325327E-32
  0.61195974E+14  0.00000000E+00 -0.69022875E-32
  0.61243339E+14  0.00000000E+00 -0.68722188E-32
  0.61290705E+14  0.00000000E+00 -0.68423252E-32
  0.61338070E+14  0.00000000E+00 -0.68126054E-32
  0.61385435E+14  0.00000000E+00 -0.67830581E-32
  0.61432800E+14  0.00000000E+00 -0.67536822E-32
  0.61480166E+14  0.00000000E+00 -0.67244762E-32
  0.61527531E+14  0.00000000E+00 -0.66954391E-32
  0.61574896E+14  0.00000000E+00 -0.66665695E-32
  0.61622262E+14  0.00000000E+00 -0.66378662E-32
  0.61669627E+14  0.00000000E+00 -0.66093281E-32
  0.61716992E+14  0.00000000E+00 -0.65809539E-32
  0.61764358E+14  0.00000000E+00 -0.65527424E-32
  0.61811723E+14  0.00000000E+00 -0.65246924E-32
  0.61859088E+14  0.00000000E+00 -0.64968029E-32
  0.61906454E+14  0.00000000E+00 -0.64690725E-32
  0.61953819E+14  0.00000000E+00 -0.64415002E-32
  0.62001184E+14  0.00000000E+00 -0.64140849E-32
  0.62048549E+14  0.00000000E+00 -0.63868254E-32
  0.62095915E+14  0.00000000E+00 -0.63597205E-32
  0.62143280E+14  0.00000000E+00 -0.63327692E-32
  0.62190645E+14  0.00000000E+00 -0.63059705E-32
  0.62238011E+14  0.00000000E+00 -0.62793231E-32
  0.62285376E+14  0.00000000E+00 -0.62528260E-32
  0.62332741E+14  0.00000000E+00 -0.62264781E-32
  0.62380107E+14  0.00000000E+00 -0.62002785E-32
  0.62427472E+14  0.00000000E+00 -0.61742259E-32
  0.62474837E+14  0.00000000E+00 -0.61483195E-32
  0.62522202E+14  0.00000000E+00 -0.61225581E-32
  0.62569568E+14  0.00000000E+00 -0.60969407E-32
  0.62616933E+14  0.00000000E+00 -0.60714663E-32
  0.62664298E+14  0.00000000E+00 -0.60461339E-32
  0.62711664E+14  0.00000000E+00 -0.60209426E-32
  0.62759029E+14  0.00000000E+00 -0.59958912E-32
  0.62806394E+14  0.00000000E+00 -0.59709789E-32
  0.62853760E+14  0.00000000E+00 -0.59462046E-32
  0.62901125E+14  0.00000000E+00 -0.59215674E-32
  0.62948490E+14  0.00000000E+00 -0.58970663E-32
  0.62995856E+14  0.00000000E+00 -0.58727004E-32
  0.63043221E+14  0.00000000E+00 -0.58484688E-32
  0.63090586E+14  0.00000000E+00 -0.58243705E-32
  0.63137951E+14  0.00000000E+00 -0.58004045E-32
  0.63185317E+14  0.00000000E+00 -0.57765700E-32
  0.63232682E+14  0.00000000E+00 -0.57528661E-32
  0.63280047E+14  0.00000000E+00 -0.57292918E-32
  0.63327413E+14  0.00000000E+00 -0.57058463E-32
  0.63374778E+14  0.00000000E+00 -0.56825286E-32
  0.63422143E+14  0.00000000E+00 -0.56593380E-32
  0.63469509E+14  0.00000000E+00 -0.56362734E-32
  0.63516874E+14  0.00000000E+00 -0.56133341E-32
  0.63564239E+14  0.00000000E+00 -0.55905193E-32
  0.63611604E+14  0.00000000E+00 -0.55678279E-32
  0.63658970E+14  0.00000000E+00 -0.55452593E-32
  0.63706335E+14  0.00000000E+00 -0.55228125E-32
  0.63753700E+14  0.00000000E+00 -0.55004868E-32
  0.63801066E+14  0.00000000E+00 -0.54782812E-32
  0.63848431E+14  0.00000000E+00 -0.54561951E-32
  0.63895796E+14  0.00000000E+00 -0.54342276E-32
  0.63943162E+14  0.00000000E+00 -0.54123778E-32
  0.63990527E+14  0.00000000E+00 -0.53906450E-32
  0.64037892E+14  0.00000000E+00 -0.53690285E-32
  0.64085258E+14  0.00000000E+00 -0.53475273E-32
  0.64132623E+14  0.00000000E+00 -0.53261408E-32
  0.64179988E+14  0.00000000E+00 -0.53048682E-32
  0.64227353E+14  0.00000000E+00 -0.52837086E-32
  0.64274719E+14  0.00000000E+00 -0.52626615E-32
  0.64322084E+14  0.00000000E+00 -0.52417259E-32
  0.64369449E+14  0.00000000E+00 -0.52209011E-32
  0.64416815E+14  0.00000000E+00 -0.52001865E-32
  0.64464180E+14  0.00000000E+00 -0.51795812E-32
  0.64511545E+14  0.00000000E+00 -0.51590846E-32
  0.64558911E+14  0.00000000E+00 -0.51386960E-32
  0.64606276E+14  0.00000000E+00 -0.51184145E-32
  0.64653641E+14  0.00000000E+00 -0.50982395E-32
  0.64701007E+14  0.00000000E+00 -0.50781704E-32
  0.64748372E+14  0.00000000E+00 -0.50582063E-32
  0.64795737E+14  0.00000000E+00 -0.50383466E-32
  0.64843102E+14  0.00000000E+00 -0.50185907E-32
  0.64890468E+14  0.00000000E+00 -0.49989378E-32
  0.64937833E+14  0.00000000E+00 -0.49793872E-32
  0.64985198E+14  0.00000000E+00 -0.49599384E-32
  0.65032564E+14  0.00000000E+00 -0.49405905E-32
  0.65079929E+14  0.00000000E+00 -0.49213431E-32
  0.65127294E+14  0.00000000E+00 -0.49021953E-32
  0.65174660E+14  0.00000000E+00 -0.48831466E-32
  0.65222025E+14  0.00000000E+00 -0.48641963E-32
  0.65269390E+14  0.00000000E+00 -0.48453437E-32
  0.65316755E+14  0.00000000E+00 -0.48265883E-32
  0.65364121E+14  0.00000000E+00 -0.48079295E-32
  0.65411486E+14  0.00000000E+00 -0.47893664E-32
  0.65458851E+14  0.00000000E+00 -0.47708987E-32
  0.65506217E+14  0.00000000E+00 -0.47525256E-32
  0.65553582E+14  0.00000000E+00 -0.47342465E-32
  0.65600947E+14  0.00000000E+00 -0.47160609E-32
  0.65648313E+14  0.00000000E+00 -0.46979680E-32
  0.65695678E+14  0.00000000E+00 -0.46799675E-32
  0.65743043E+14  0.00000000E+00 -0.46620585E-32
  0.65790409E+14  0.00000000E+00 -0.46442406E-32
  0.65837774E+14  0.00000000E+00 -0.46265132E-32
  0.65885139E+14  0.00000000E+00 -0.46088757E-32
  0.65932504E+14  0.00000000E+00 -0.45913275E-32
  0.65979870E+14  0.00000000E+00 -0.45738680E-32
  0.66027235E+14  0.00000000E+00 -0.45564967E-32
  0.66074600E+14  0.00000000E+00 -0.45392131E-32
  0.66121966E+14  0.00000000E+00 -0.45220165E-32
  0.66169331E+14  0.00000000E+00 -0.45049065E-32
  0.66216696E+14  0.00000000E+00 -0.44878824E-32
  0.66264062E+14  0.00000000E+00 -0.44709437E-32
  0.66311427E+14  0.00000000E+00 -0.44540899E-32
  0.66358792E+14  0.00000000E+00 -0.44373205E-32
  0.66406157E+14  0.00000000E+00 -0.44206349E-32
  0.66453523E+14  0.00000000E+00 -0.44040326E-32
  0.66500888E+14  0.00000000E+00 -0.43875131E-32
  0.66548253E+14  0.00000000E+00 -0.43710758E-32
  0.66595619E+14  0.00000000E+00 -0.43547203E-32
  0.66642984E+14  0.00000000E+00 -0.43384460E-32
  0.66690349E+14  0.00000000E+00 -0.43222524E-32
  0.66737715E+14  0.00000000E+00 -0.43061390E-32
  0.66785080E+14  0.00000000E+00 -0.42901054E-32
  0.66832445E+14  0.00000000E+00 -0.42741509E-32
  0.66879811E+14  0.00000000E+00 -0.42582752E-32
  0.66927176E+14  0.00000000E+00 -0.42424778E-32
  0.66974541E+14  0.00000000E+00 -0.42267581E-32
  0.67021906E+14  0.00000000E+00 -0.42111157E-32
  0.67069272E+14  0.00000000E+00 -0.41955500E-32
  0.67116637E+14  0.00000000E+00 -0.41800607E-32
  0.67164002E+14  0.00000000E+00 -0.41646473E-32
  0.67211368E+14  0.00000000E+00 -0.41493093E-32
  0.67258733E+14  0.00000000E+00 -0.41340461E-32
  0.67306098E+14  0.00000000E+00 -0.41188575E-32
  0.67353464E+14  0.00000000E+00 -0.41037428E-32
  0.67400829E+14  0.00000000E+00 -0.40887017E-32
  0.67448194E+14  0.00000000E+00 -0.40737337E-32
  0.67495560E+14  0.00000000E+00 -0.40588384E-32
  0.67542925E+14  0.00000000E+00 -0.40440153E-32
  0.67590290E+14  0.00000000E+00 -0.40292639E-32
  0.67637655E+14  0.00000000E+00 -0.40145839E-32
  0.67685021E+14  0.00000000E+00 -0.39999748E-32
  0.67732386E+14  0.00000000E+00 -0.39854362E-32
  0.67779751E+14  0.00000000E+00 -0.39709677E-32
  0.67827117E+14  0.00000000E+00 -0.39565687E-32
  0.67874482E+14  0.00000000E+00 -0.39422390E-32
  0.67921847E+14  0.00000000E+00 -0.39279780E-32
  0.67969213E+14  0.00000000E+00 -0.39137855E-32
  0.68016578E+14  0.00000000E+00 -0.38996609E-32
  0.68063943E+14  0.00000000E+00 -0.38856038E-32
  0.68111308E+14  0.00000000E+00 -0.38716139E-32
  0.68158674E+14  0.00000000E+00 -0.38576907E-32
  0.68206039E+14  0.00000000E+00 -0.38438339E-32
  0.68253404E+14  0.00000000E+00 -0.38300431E-32
  0.68300770E+14  0.00000000E+00 -0.38163177E-32
  0.68348135E+14  0.00000000E+00 -0.38026576E-32
  0.68395500E+14  0.00000000E+00 -0.37890622E-32
  0.68442866E+14  0.00000000E+00 -0.37755312E-32
  0.68490231E+14  0.00000000E+00 -0.37620642E-32
  0.68537596E+14  0.00000000E+00 -0.37486609E-32
  0.68584962E+14  0.00000000E+00 -0.37353208E-32
  0.68632327E+14  0.00000000E+00 -0.37220436E-32
  0.68679692E+14  0.00000000E+00 -0.37088288E-32
  0.68727057E+14  0.00000000E+00 -0.36956762E-32
  0.68774423E+14  0.00000000E+00 -0.36825854E-32
  0.68821788E+14  0.00000000E+00 -0.36695560E-32
  0.68869153E+14  0.00000000E+00 -0.36565876E-32
  0.68916519E+14  0.00000000E+00 -0.36436799E-32
  0.68963884E+14  0.00000000E+00 -0.36308325E-32
  0.69011249E+14  0.00000000E+00 -0.36180452E-32
  0.69058615E+14  0.00000000E+00 -0.36053174E-32
  0.69105980E+14  0.00000000E+00 -0.35926489E-32
  0.69153345E+14  0.00000000E+00 -0.35800393E-32
  0.69200710E+14  0.00000000E+00 -0.35674883E-32
  0.69248076E+14  0.00000000E+00 -0.35549956E-32
  0.69295441E+14  0.00000000E+00 -0.35425607E-32
  0.69342806E+14  0.00000000E+00 -0.35301835E-32
  0.69390172E+14  0.00000000E+00 -0.35178634E-32
  0.69437537E+14  0.00000000E+00 -0.35056003E-32
  0.69484902E+14  0.00000000E+00 -0.34933937E-32
  0.69532268E+14  0.00000000E+00 -0.34812434E-32
  0.69579633E+14  0.00000000E+00 -0.34691490E-32
  0.69626998E+14  0.00000000E+00 -0.34571102E-32
  0.69674364E+14  0.00000000E+00 -0.34451266E-32
  0.69721729E+14  0.00000000E+00 -0.34331981E-32
  0.69769094E+14  0.00000000E+00 -0.34213241E-32
  0.69816459E+14  0.00000000E+00 -0.34095045E-32
  0.69863825E+14  0.00000000E+00 -0.33977389E-32
  0.69911190E+14  0.00000000E+00 -0.33860270E-32
  0.69958555E+14  0.00000000E+00 -0.33743686E-32
  0.70005921E+14  0.00000000E+00 -0.33627632E-32
  0.70053286E+14  0.00000000E+00 -0.33512106E-32
  0.70100651E+14  0.00000000E+00 -0.33397105E-32
  0.70148017E+14  0.00000000E+00 -0.33282626E-32
  0.70195382E+14  0.00000000E+00 -0.33168665E-32
  0.70242747E+14  0.00000000E+00 -0.33055221E-32
  0.70290112E+14  0.00000000E+00 -0.32942290E-32
  0.70337478E+14  0.00000000E+00 -0.32829869E-32
  0.70384843E+14  0.00000000E+00 -0.32717956E-32
  0.70432208E+14  0.00000000E+00 -0.32606546E-32
  0.70479574E+14  0.00000000E+00 -0.32495639E-32
  0.70526939E+14  0.00000000E+00 -0.32385230E-32
  0.70574304E+14  0.00000000E+00 -0.32275317E-32
  0.70621670E+14  0.00000000E+00 -0.32165897E-32
  0.70669035E+14  0.00000000E+00 -0.32056967E-32
  0.70716400E+14  0.00000000E+00 -0.31948525E-32
  0.70763766E+14  0.00000000E+00 -0.31840568E-32
  0.70811131E+14  0.00000000E+00 -0.31733093E-32
  0.70858496E+14  0.00000000E+00 -0.31626098E-32
  0.70905861E+14  0.00000000E+00 -0.31519579E-32
  0.70953227E+14  0.00000000E+00 -0.31413535E-32
  0.71000592E+14  0.00000000E+00 -0.31307962E-32
  0.71047957E+14  0.00000000E+00 -0.31202858E-32
  0.71095323E+14  0.00000000E+00 -0.31098220E-32
  0.71142688E+14  0.00000000E+00 -0.30994046E-32
  0.71190053E+14  0.00000000E+00 -0.30890332E-32
  0.71237419E+14  0.00000000E+00 -0.30787078E-32
  0.71284784E+14  0.00000000E+00 -0.30684279E-32
  0.71332149E+14  0.00000000E+00 -0.30581934E-32
  0.71379515E+14  0.00000000E+00 -0.30480040E-32
  0.71426880E+14  0.00000000E+00 -0.30378594E-32
  0.71474245E+14  0.00000000E+00 -0.30277595E-32
  0.71521610E+14  0.00000000E+00 -0.30177038E-32
  0.71568976E+14  0.00000000E+00 -0.30076923E-32
  0.71616341E+14  0.00000000E+00 -0.29977247E-32
  0.71663706E+14  0.00000000E+00 -0.29878007E-32
  0.71711072E+14  0.00000000E+00 -0.29779201E-32
  0.71758437E+14  0.00000000E+00 -0.29680826E-32
  0.71805802E+14  0.00000000E+00 -0.29582881E-32
  0.71853168E+14  0.00000000E+00 -0.29485362E-32
  0.71900533E+14  0.00000000E+00 -0.29388268E-32
  0.71947898E+14  0.00000000E+00 -0.29291596E-32
  0.71995263E+14  0.00000000E+00 -0.29195344E-32
  0.72042629E+14  0.00000000E+00 -0.29099510E-32
  0.72089994E+14  0.00000000E+00 -0.29004091E-32
  0.72137359E+14  0.00000000E+00 -0.28909084E-32
  0.72184725E+14  0.00000000E+00 -0.28814489E-32
  0.72232090E+14  0.00000000E+00 -0.28720303E-32
  0.72279455E+14  0.00000000E+00 -0.28626523E-32
  0.72326821E+14  0.00000000E+00 -0.28533147E-32
  0.72374186E+14  0.00000000E+00 -0.28440173E-32
  0.72421551E+14  0.00000000E+00 -0.28347599E-32
  0.72468917E+14  0.00000000E+00 -0.28255423E-32
  0.72516282E+14  0.00000000E+00 -0.28163642E-32
  0.72563647E+14  0.00000000E+00 -0.28072255E-32
  0.72611012E+14  0.00000000E+00 -0.27981259E-32
  0.72658378E+14  0.00000000E+00 -0.27890652E-32
  0.72705743E+14  0.00000000E+00 -0.27800433E-32
  0.72753108E+14  0.00000000E+00 -0.27710599E-32
  0.72800474E+14  0.00000000E+00 -0.27621147E-32
  0.72847839E+14  0.00000000E+00 -0.27532077E-32
  0.72895204E+14  0.00000000E+00 -0.27443386E-32
  0.72942570E+14  0.00000000E+00 -0.27355072E-32
  0.72989935E+14  0.00000000E+00 -0.27267132E-32
  0.73037300E+14  0.00000000E+00 -0.27179566E-32
  0.73084665E+14  0.00000000E+00 -0.27092370E-32
  0.73132031E+14  0.00000000E+00 -0.27005544E-32
  0.73179396E+14  0.00000000E+00 -0.26919085E-32
  0.73226761E+14  0.00000000E+00 -0.26832991E-32
  0.73274127E+14  0.00000000E+00 -0.26747260E-32
  0.73321492E+14  0.00000000E+00 -0.26661890E-32
  0.73368857E+14  0.00000000E+00 -0.26576880E-32
  0.73416223E+14  0.00000000E+00 -0.26492227E-32
  0.73463588E+14  0.00000000E+00 -0.26407930E-32
  0.73510953E+14  0.00000000E+00 -0.26323987E-32
  0.73558319E+14  0.00000000E+00 -0.26240395E-32
  0.73605684E+14  0.00000000E+00 -0.26157154E-32
  0.73653049E+14  0.00000000E+00 -0.26074261E-32
  0.73700414E+14  0.00000000E+00 -0.25991714E-32
  0.73747780E+14  0.00000000E+00 -0.25909512E-32
  0.73795145E+14  0.00000000E+00 -0.25827652E-32
  0.73842510E+14  0.00000000E+00 -0.25746134E-32
  0.73889876E+14  0.00000000E+00 -0.25664955E-32
  0.73937241E+14  0.00000000E+00 -0.25584113E-32
  0.73984606E+14  0.00000000E+00 -0.25503607E-32
  0.74031972E+14  0.00000000E+00 -0.25423435E-32
  0.74079337E+14  0.00000000E+00 -0.25343596E-32
  0.74126702E+14  0.00000000E+00 -0.25264086E-32
  0.74174067E+14  0.00000000E+00 -0.25184906E-32
  0.74221433E+14  0.00000000E+00 -0.25106053E-32
  0.74268798E+14  0.00000000E+00 -0.25027525E-32
  0.74316163E+14  0.00000000E+00 -0.24949321E-32
  0.74363529E+14  0.00000000E+00 -0.24871439E-32
  0.74410894E+14  0.00000000E+00 -0.24793877E-32
  0.74458259E+14  0.00000000E+00 -0.24716634E-32
  0.74505625E+14  0.00000000E+00 -0.24639709E-32
  0.74552990E+14  0.00000000E+00 -0.24563098E-32
  0.74600355E+14  0.00000000E+00 -0.24486802E-32
  0.74647721E+14  0.00000000E+00 -0.24410818E-32
  0.74695086E+14  0.00000000E+00 -0.24335145E-32
  0.74742451E+14  0.00000000E+00 -0.24259781E-32
  0.74789816E+14  0.00000000E+00 -0.24184724E-32
  0.74837182E+14  0.00000000E+00 -0.24109973E-32
  0.74884547E+14  0.00000000E+00 -0.24035527E-32
  0.74931912E+14  0.00000000E+00 -0.23961384E-32
  0.74979278E+14  0.00000000E+00 -0.23887542E-32
  0.75026643E+14  0.00000000E+00 -0.23814000E-32
  0.75074008E+14  0.00000000E+00 -0.23740756E-32
  0.75121374E+14  0.00000000E+00 -0.23667808E-32
  0.75168739E+14  0.00000000E+00 -0.23595156E-32
  0.75216104E+14  0.00000000E+00 -0.23522798E-32
  0.75263470E+14  0.00000000E+00 -0.23450732E-32
  0.75310835E+14  0.00000000E+00 -0.23378957E-32
  0.75358200E+14  0.00000000E+00 -0.23307472E-32
  0.75405565E+14  0.00000000E+00 -0.23236274E-32
  0.75452931E+14  0.00000000E+00 -0.23165362E-32
  0.75500296E+14  0.00000000E+00 -0.23094736E-32
  0.75547661E+14  0.00000000E+00 -0.23024393E-32
  0.75595027E+14  0.00000000E+00 -0.22954333E-32
  0.75642392E+14  0.00000000E+00 -0.22884553E-32
  0.75689757E+14  0.00000000E+00 -0.22815052E-32
  0.75737123E+14  0.00000000E+00 -0.22745830E-32
  0.75784488E+14  0.00000000E+00 -0.22676884E-32
  0.75831853E+14  0.00000000E+00 -0.22608213E-32
  0.75879218E+14  0.00000000E+00 -0.22539816E-32
  0.75926584E+14  0.00000000E+00 -0.22471691E-32
  0.75973949E+14  0.00000000E+00 -0.22403838E-32
  0.76021314E+14  0.00000000E+00 -0.22336254E-32
  0.76068680E+14  0.00000000E+00 -0.22268939E-32
  0.76116045E+14  0.00000000E+00 -0.22201890E-32
  0.76163410E+14  0.00000000E+00 -0.22135108E-32
  0.76210776E+14  0.00000000E+00 -0.22068590E-32
  0.76258141E+14  0.00000000E+00 -0.22002335E-32
  0.76305506E+14  0.00000000E+00 -0.21936342E-32
  0.76352872E+14  0.00000000E+00 -0.21870609E-32
  0.76400237E+14  0.00000000E+00 -0.21805136E-32
  0.76447602E+14  0.00000000E+00 -0.21739921E-32
  0.76494967E+14  0.00000000E+00 -0.21674962E-32
  0.76542333E+14  0.00000000E+00 -0.21610259E-32
  0.76589698E+14  0.00000000E+00 -0.21545810E-32
  0.76637063E+14  0.00000000E+00 -0.21481615E-32
  0.76684429E+14  0.00000000E+00 -0.21417670E-32
  0.76731794E+14  0.00000000E+00 -0.21353977E-32
  0.76779159E+14  0.00000000E+00 -0.21290532E-32
  0.76826525E+14  0.00000000E+00 -0.21227336E-32
  0.76873890E+14  0.00000000E+00 -0.21164386E-32
  0.76921255E+14  0.00000000E+00 -0.21101683E-32
  0.76968620E+14  0.00000000E+00 -0.21039223E-32
  0.77015986E+14  0.00000000E+00 -0.20977007E-32
  0.77063351E+14  0.00000000E+00 -0.20915033E-32
  0.77110716E+14  0.00000000E+00 -0.20853300E-32
  0.77158082E+14  0.00000000E+00 -0.20791806E-32
  0.77205447E+14  0.00000000E+00 -0.20730552E-32
  0.77252812E+14  0.00000000E+00 -0.20669534E-32
  0.77300178E+14  0.00000000E+00 -0.20608753E-32
  0.77347543E+14  0.00000000E+00 -0.20548207E-32
  0.77394908E+14  0.00000000E+00 -0.20487895E-32
  0.77442274E+14  0.00000000E+00 -0.20427816E-32
  0.77489639E+14  0.00000000E+00 -0.20367968E-32
  0.77537004E+14  0.00000000E+00 -0.20308352E-32
  0.77584369E+14  0.00000000E+00 -0.20248964E-32
  0.77631735E+14  0.00000000E+00 -0.20189806E-32
  0.77679100E+14  0.00000000E+00 -0.20130874E-32
  0.77726465E+14  0.00000000E+00 -0.20072169E-32
  0.77773831E+14  0.00000000E+00 -0.20013689E-32
  0.77821196E+14  0.00000000E+00 -0.19955433E-32
  0.77868561E+14  0.00000000E+00 -0.19897400E-32
  0.77915927E+14  0.00000000E+00 -0.19839589E-32
  0.77963292E+14  0.00000000E+00 -0.19781999E-32
  0.78010657E+14  0.00000000E+00 -0.19724629E-32
  0.78058022E+14  0.00000000E+00 -0.19667477E-32
  0.78105388E+14  0.00000000E+00 -0.19610543E-32
  0.78152753E+14  0.00000000E+00 -0.19553826E-32
  0.78200118E+14  0.00000000E+00 -0.19497325E-32
  0.78247484E+14  0.00000000E+00 -0.19441039E-32
  0.78294849E+14  0.00000000E+00 -0.19384966E-32
  0.78342214E+14  0.00000000E+00 -0.19329105E-32
  0.78389580E+14  0.00000000E+00 -0.19273457E-32
  0.78436945E+14  0.00000000E+00 -0.19218019E-32
  0.78484310E+14  0.00000000E+00 -0.19162790E-32
  0.78531676E+14  0.00000000E+00 -0.19107771E-32
  0.78579041E+14  0.00000000E+00 -0.19052959E-32
  0.78626406E+14  0.00000000E+00 -0.18998353E-32
  0.78673771E+14  0.00000000E+00 -0.18943954E-32
  0.78721137E+14  0.00000000E+00 -0.18889759E-32
  0.78768502E+14  0.00000000E+00 -0.18835768E-32
  0.78815867E+14  0.00000000E+00 -0.18781980E-32
  0.78863233E+14  0.00000000E+00 -0.18728393E-32
  0.78910598E+14  0.00000000E+00 -0.18675008E-32
  0.78957963E+14  0.00000000E+00 -0.18621823E-32
  0.79005329E+14  0.00000000E+00 -0.18568837E-32
  0.79052694E+14  0.00000000E+00 -0.18516049E-32
  0.79100059E+14  0.00000000E+00 -0.18463458E-32
  0.79147425E+14  0.00000000E+00 -0.18358864E-58
  0.79194790E+14  0.00000000E+00 -0.18255049E-58
  0.79242155E+14  0.00000000E+00 -0.18152004E-58
  0.79289520E+14  0.00000000E+00 -0.18049723E-58
  0.79336886E+14  0.00000000E+00 -0.17948199E-58
  0.79384251E+14  0.00000000E+00 -0.17847424E-58
  0.79431616E+14  0.00000000E+00 -0.17747393E-58
  0.79478982E+14  0.00000000E+00 -0.17648097E-58
  0.79526347E+14  0.00000000E+00 -0.17549530E-58
  0.79573712E+14  0.00000000E+00 -0.59896276E-31
  0.79621078E+14  0.00000000E+00 -0.12206500E-30
  0.79668443E+14  0.00000000E+00 -0.16325483E-30
  0.79715808E+14  0.00000000E+00 -0.18372242E-30
  0.79763173E+14  0.00000000E+00 -0.21617778E-30
  0.79810539E+14  0.00000000E+00 -0.24464960E-30
  0.79857904E+14  0.00000000E+00 -0.25880504E-30
  0.79905269E+14  0.00000000E+00 -0.26840364E-30
  0.79952635E+14  0.00000000E+00 -0.24799697E-30
  0.80000000E+14  0.00000000E+00 -0.20412699E-30
