  0.47365305E+11  0.35948570E-57  0.13364346E-28
  0.94730610E+11  0.35759424E-57  0.13219639E-28
  0.14209591E+12  0.35571547E-57  0.13178535E-28
  0.18946122E+12  0.35384929E-57  0.13154384E-28
  0.23682652E+12  0.35199559E-57  0.13098847E-28
  0.28419183E+12  0.35015426E-57  0.12964890E-28
  0.33155713E+12  0.34832521E-57  0.12800628E-28
  0.37892244E+12  0.34650835E-57  0.12639664E-28
  0.42628774E+12  0.34470355E-57  0.12559290E-28
  0.47365305E+12 -0.55501997E-30  0.12554763E-28
  0.52101835E+12 -0.49561722E-30  0.12588035E-28
  0.56838366E+12 -0.47899885E-30  0.12658624E-28
  0.61574896E+12 -0.51643637E-30  0.12724200E-28
  0.66311427E+12 -0.57946338E-30  0.12775262E-28
  0.71047957E+12 -0.68478033E-30  0.12788262E-28
  0.75784488E+12 -0.75666771E-30  0.12740352E-28
  0.80521018E+12 -0.78613460E-30  0.12699877E-28
  0.85257549E+12 -0.81159520E-30  0.12678627E-28
  0.89994079E+12 -0.83394971E-30  0.12653166E-28
  0.94730610E+12 -0.85485996E-30  0.12627044E-28
  0.99467140E+12 -0.84025679E-30  0.12603438E-28
  0.10420367E+13 -0.82612556E-30  0.12622691E-28
  0.10894020E+13 -0.84640738E-30  0.12658820E-28
  0.11367673E+13 -0.87689097E-30  0.12680245E-28
  0.11841326E+13 -0.91685266E-30  0.12700326E-28
  0.12314979E+13 -0.95826273E-30  0.12702945E-28
  0.12788632E+13 -0.99569397E-30  0.12704545E-28
  0.13262285E+13 -0.10201542E-29  0.12700435E-28
  0.13735938E+13 -0.10388972E-29  0.12719738E-28
  0.14209591E+13 -0.10900763E-29  0.12734420E-28
  0.14683245E+13 -0.11256950E-29  0.12722128E-28
  0.15156898E+13 -0.11318553E-29  0.12723464E-28
  0.15630551E+13 -0.11632422E-29  0.12756293E-28
  0.16104204E+13 -0.12145715E-29  0.12762704E-28
  0.16577857E+13 -0.12457292E-29  0.12759616E-28
  0.17051510E+13 -0.12712472E-29  0.12754009E-28
  0.17525163E+13 -0.12804341E-29  0.12765643E-28
  0.17998816E+13 -0.13032380E-29  0.12786410E-28
  0.18472469E+13 -0.13290958E-29  0.12816413E-28
  0.18946122E+13 -0.13698930E-29  0.12838155E-28
  0.19419775E+13 -0.14033319E-29  0.12854002E-28
  0.19893428E+13 -0.14333910E-29  0.12884021E-28
  0.20367081E+13 -0.14938943E-29  0.12913063E-28
  0.20840734E+13 -0.15502788E-29  0.12908575E-28
  0.21314387E+13 -0.15790542E-29  0.12911353E-28
  0.21788040E+13 -0.16183481E-29  0.12914811E-28
  0.22261693E+13 -0.16378361E-29  0.12918134E-28
  0.22735346E+13 -0.16569627E-29  0.12940098E-28
  0.23208999E+13 -0.16913897E-29  0.12967181E-28
  0.23682652E+13 -0.17237044E-29  0.12989344E-28
  0.24156306E+13 -0.17526124E-29  0.13014687E-28
  0.24629959E+13 -0.17853916E-29  0.13058394E-28
  0.25103612E+13 -0.18551513E-29  0.13088879E-28
  0.25577265E+13 -0.19051496E-29  0.13096722E-28
  0.26050918E+13 -0.19506062E-29  0.13115829E-28
  0.26524571E+13 -0.19993226E-29  0.13117906E-28
  0.26998224E+13 -0.20207741E-29  0.13131529E-28
  0.27471877E+13 -0.20624122E-29  0.13164104E-28
  0.27945530E+13 -0.21103830E-29  0.13178539E-28
  0.28419183E+13 -0.21442149E-29  0.13196311E-28
  0.28892836E+13 -0.21750214E-29  0.13222176E-28
  0.29366489E+13 -0.22152633E-29  0.13268260E-28
  0.29840142E+13 -0.22787911E-29  0.13290175E-28
  0.30313795E+13 -0.23219934E-29  0.13309836E-28
  0.30787448E+13 -0.23747383E-29  0.13340600E-28
  0.31261101E+13 -0.24217338E-29  0.13354801E-28
  0.31734754E+13 -0.24569459E-29  0.13386831E-28
  0.32208407E+13 -0.25255998E-29  0.13419642E-28
  0.32682060E+13 -0.25756481E-29  0.13430614E-28
  0.33155713E+13 -0.26218714E-29  0.13453754E-28
  0.33629366E+13 -0.26645952E-29  0.13481406E-28
  0.34103020E+13 -0.27273724E-29  0.13512343E-28
  0.34576673E+13 -0.27777256E-29  0.13523420E-28
  0.35050326E+13 -0.28124179E-29  0.13550182E-28
  0.35523979E+13 -0.28697446E-29  0.13588184E-28
  0.35997632E+13 -0.29192716E-29  0.13611695E-28
  0.36471285E+13 -0.29658162E-29  0.13656473E-28
  0.36944938E+13 -0.30387796E-29  0.13690547E-28
  0.37418591E+13 -0.31031415E-29  0.13716340E-28
  0.37892244E+13 -0.31689035E-29  0.13739751E-28
  0.38365897E+13 -0.32268160E-29  0.13766749E-28
  0.38839550E+13 -0.32982190E-29  0.13784068E-28
  0.39313203E+13 -0.33511634E-29  0.13796374E-28
  0.39786856E+13 -0.33948469E-29  0.13825414E-28
  0.40260509E+13 -0.34565991E-29  0.13852403E-28
  0.40734162E+13 -0.34998843E-29  0.13884487E-28
  0.41207815E+13 -0.35666937E-29  0.13935961E-28
  0.41681468E+13 -0.36391629E-29  0.13966832E-28
  0.42155121E+13 -0.37052800E-29  0.14001183E-28
  0.42628774E+13 -0.37810707E-29  0.14036128E-28
  0.43102427E+13 -0.38677034E-29  0.14064434E-28
  0.43576081E+13 -0.39442329E-29  0.14077399E-28
  0.44049734E+13 -0.40041537E-29  0.14088673E-28
  0.44523387E+13 -0.40653471E-29  0.14119920E-28
  0.44997040E+13 -0.41302095E-29  0.14141823E-28
  0.45470693E+13 -0.41894842E-29  0.14180204E-28
  0.45944346E+13 -0.42688319E-29  0.14216874E-28
  0.46417999E+13 -0.43398228E-29  0.14243298E-28
  0.46891652E+13 -0.44099246E-29  0.14282889E-28
  0.47365305E+13 -0.44968003E-29  0.14321531E-28
  0.47838958E+13 -0.45871817E-29  0.14340986E-28
  0.48312611E+13 -0.46647112E-29  0.14360748E-28
  0.48786264E+13 -0.47352694E-29  0.14387588E-28
  0.49259917E+13 -0.48212109E-29  0.14418515E-28
  0.49733570E+13 -0.48951203E-29  0.14441442E-28
  0.50207223E+13 -0.49746436E-29  0.14477436E-28
  0.50680876E+13 -0.50673083E-29  0.14503577E-28
  0.51154529E+13 -0.51486507E-29  0.14528157E-28
  0.51628182E+13 -0.52361138E-29  0.14561323E-28
  0.52101835E+13 -0.53331886E-29  0.14581020E-28
  0.52575488E+13 -0.54116886E-29  0.14600092E-28
  0.53049142E+13 -0.54949158E-29  0.14623028E-28
  0.53522795E+13 -0.55753184E-29  0.14656366E-28
  0.53996448E+13 -0.56661925E-29  0.14688003E-28
  0.54470101E+13 -0.57586933E-29  0.14723331E-28
  0.54943754E+13 -0.58636840E-29  0.14758574E-28
  0.55417407E+13 -0.59676911E-29  0.14774954E-28
  0.55891060E+13 -0.60623919E-29  0.14798790E-28
  0.56364713E+13 -0.61752750E-29  0.14822346E-28
  0.56838366E+13 -0.62751750E-29  0.14824822E-28
  0.57312019E+13 -0.63648493E-29  0.14836522E-28
  0.57785672E+13 -0.64465750E-29  0.14854799E-28
  0.58259325E+13 -0.65370494E-29  0.14887107E-28
  0.58732978E+13 -0.66344531E-29  0.14920249E-28
  0.59206631E+13 -0.67381198E-29  0.14954926E-28
  0.59680284E+13 -0.68582915E-29  0.14985353E-28
  0.60153937E+13 -0.69722975E-29  0.15005341E-28
  0.60627590E+13 -0.70901220E-29  0.15032560E-28
  0.61101243E+13 -0.72221524E-29  0.15032050E-28
  0.61574896E+13 -0.73260288E-29  0.15032095E-28
  0.62048549E+13 -0.74288999E-29  0.15038803E-28
  0.62522202E+13 -0.75286447E-29  0.15055279E-28
  0.62995856E+13 -0.76316455E-29  0.15074594E-28
  0.63469509E+13 -0.77408311E-29  0.15096053E-28
  0.63943162E+13 -0.78553424E-29  0.15127506E-28
  0.64416815E+13 -0.79827983E-29  0.15146588E-28
  0.64890468E+13 -0.81055165E-29  0.15166024E-28
  0.65364121E+13 -0.82503360E-29  0.15181096E-28
  0.65837774E+13 -0.83758701E-29  0.15173130E-28
  0.66311427E+13 -0.84948386E-29  0.15175472E-28
  0.66785080E+13 -0.86120017E-29  0.15177619E-28
  0.67258733E+13 -0.87313300E-29  0.15184913E-28
  0.67732386E+13 -0.88544698E-29  0.15197418E-28
  0.68206039E+13 -0.89768030E-29  0.15210688E-28
  0.68679692E+13 -0.91157599E-29  0.15220551E-28
  0.69153345E+13 -0.92457361E-29  0.15224715E-28
  0.69626998E+13 -0.93870721E-29  0.15238662E-28
  0.70100651E+13 -0.95338859E-29  0.15225317E-28
  0.70574304E+13 -0.96594922E-29  0.15216964E-28
  0.71047957E+13 -0.97908365E-29  0.15219509E-28
  0.71521610E+13 -0.99274214E-29  0.15218838E-28
  0.71995263E+13 -0.10064356E-28  0.15222144E-28
  0.72468917E+13 -0.10206576E-28  0.15218240E-28
  0.72942570E+13 -0.10354270E-28  0.15220318E-28
  0.73416223E+13 -0.10503176E-28  0.15209779E-28
  0.73889876E+13 -0.10652137E-28  0.15203280E-28
  0.74363529E+13 -0.10811579E-28  0.15181343E-28
  0.74837182E+13 -0.10949006E-28  0.15154776E-28
  0.75310835E+13 -0.11083619E-28  0.15143069E-28
  0.75784488E+13 -0.11229581E-28  0.15134267E-28
  0.76258141E+13 -0.11374198E-28  0.15126669E-28
  0.76731794E+13 -0.11531578E-28  0.15118403E-28
  0.77205447E+13 -0.11691860E-28  0.15109435E-28
  0.77679100E+13 -0.11864390E-28  0.15088323E-28
  0.78152753E+13 -0.12025883E-28  0.15061296E-28
  0.78626406E+13 -0.12200647E-28  0.15027302E-28
  0.79100059E+13 -0.12357571E-28  0.14979852E-28
  0.79573712E+13 -0.12502839E-28  0.14942671E-28
  0.80047365E+13 -0.12655604E-28  0.14914040E-28
  0.80521018E+13 -0.12804602E-28  0.14886450E-28
  0.80994671E+13 -0.12969659E-28  0.14866442E-28
  0.81468324E+13 -0.13135798E-28  0.14841595E-28
  0.81941978E+13 -0.13316641E-28  0.14812366E-28
  0.82415631E+13 -0.13498594E-28  0.14773460E-28
  0.82889284E+13 -0.13684964E-28  0.14726316E-28
  0.83362937E+13 -0.13868360E-28  0.14659693E-28
  0.83836590E+13 -0.14028414E-28  0.14595539E-28
  0.84310243E+13 -0.14190788E-28  0.14547147E-28
  0.84783896E+13 -0.14358544E-28  0.14492217E-28
  0.85257549E+13 -0.14527331E-28  0.14444731E-28
  0.85731202E+13 -0.14703309E-28  0.14394952E-28
  0.86204855E+13 -0.14886751E-28  0.14344002E-28
  0.86678508E+13 -0.15075721E-28  0.14287728E-28
  0.87152161E+13 -0.15269843E-28  0.14220812E-28
  0.87625814E+13 -0.15460653E-28  0.14141607E-28
  0.88099467E+13 -0.15640573E-28  0.14058280E-28
  0.88573120E+13 -0.15814891E-28  0.13986022E-28
  0.89046773E+13 -0.16002466E-28  0.13905360E-28
  0.89520426E+13 -0.16183355E-28  0.13828170E-28
  0.89994079E+13 -0.16373701E-28  0.13750563E-28
  0.90467732E+13 -0.16566600E-28  0.13667334E-28
  0.90941385E+13 -0.16762067E-28  0.13578067E-28
  0.91415038E+13 -0.16960607E-28  0.13479703E-28
  0.91888692E+13 -0.17153112E-28  0.13376090E-28
  0.92362345E+13 -0.17339012E-28  0.13266079E-28
  0.92835998E+13 -0.17518657E-28  0.13168620E-28
  0.93309651E+13 -0.17715840E-28  0.13068781E-28
  0.93783304E+13 -0.17913384E-28  0.12964578E-28
  0.94256957E+13 -0.18117552E-28  0.12856338E-28
  0.94730610E+13 -0.18324403E-28  0.12739370E-28
  0.95204263E+13 -0.18528205E-28  0.12614157E-28
  0.95677916E+13 -0.18741538E-28  0.12477493E-28
  0.96151569E+13 -0.18938758E-28  0.12333145E-28
  0.96625222E+13 -0.19129293E-28  0.12184576E-28
  0.97098875E+13 -0.19307285E-28  0.12048486E-28
  0.97572528E+13 -0.19507445E-28  0.11917724E-28
  0.98046181E+13 -0.19708298E-28  0.11779445E-28
  0.98519834E+13 -0.19915723E-28  0.11641751E-28
  0.98993487E+13 -0.20135528E-28  0.11493133E-28
  0.99467140E+13 -0.20353900E-28  0.11332292E-28
  0.99940793E+13 -0.20578620E-28  0.11151008E-28
  0.10041445E+14 -0.20786891E-28  0.10964384E-28
  0.10088810E+14 -0.20987367E-28  0.10771890E-28
  0.10136175E+14 -0.21176470E-28  0.10588111E-28
  0.10183541E+14 -0.21381365E-28  0.10410066E-28
  0.10230906E+14 -0.21589903E-28  0.10225144E-28
  0.10278271E+14 -0.21803447E-28  0.10043217E-28
  0.10325636E+14 -0.22035981E-28  0.98515295E-29
  0.10373002E+14 -0.22269084E-28  0.96477731E-29
  0.10420367E+14 -0.22517712E-28  0.94241527E-29
  0.10467732E+14 -0.22758022E-28  0.91932324E-29
  0.10515098E+14 -0.23000137E-28  0.89519921E-29
  0.10562463E+14 -0.23244739E-28  0.87172145E-29
  0.10609828E+14 -0.23526974E-28  0.84841580E-29
  0.10657194E+14 -0.23849061E-28  0.82411597E-29
  0.10704559E+14 -0.24254915E-28  0.79966082E-29
  0.10751924E+14 -0.24991262E-28  0.76075265E-29
  0.10799290E+14 -0.25304855E-28  0.63604214E-29
  0.10846655E+14 -0.25119948E-28  0.56945414E-29
  0.10894020E+14 -0.24973867E-28  0.51678409E-29
  0.10941385E+14 -0.24775765E-28  0.46938937E-29
  0.10988751E+14 -0.24732336E-28  0.43034186E-29
  0.11036116E+14 -0.24569219E-28  0.39197938E-29
  0.11083481E+14 -0.24482088E-28  0.35717859E-29
  0.11130847E+14 -0.24375889E-28  0.32636757E-29
  0.11178212E+14 -0.24315185E-28  0.29181582E-29
  0.11225577E+14 -0.24180739E-28  0.26107556E-29
  0.11272943E+14 -0.24100775E-28  0.23173042E-29
  0.11320308E+14 -0.23994098E-28  0.20152300E-29
  0.11367673E+14 -0.23895159E-28  0.17472994E-29
  0.11415038E+14 -0.23782314E-28  0.14689483E-29
  0.11462404E+14 -0.23661543E-28  0.12360030E-29
  0.11509769E+14 -0.23588974E-28  0.10207738E-29
  0.11557134E+14 -0.23527859E-28  0.76572855E-30
  0.11604500E+14 -0.23430468E-28  0.50928134E-30
  0.11651865E+14 -0.23344751E-28  0.27892541E-30
  0.11699230E+14 -0.23256881E-28  0.26627572E-31
  0.11746596E+14 -0.23142638E-28 -0.21335262E-30
  0.11793961E+14 -0.23029746E-28 -0.42066259E-30
  0.11841326E+14 -0.22936613E-28 -0.62466016E-30
  0.11888692E+14 -0.22843575E-28 -0.84012813E-30
  0.11936057E+14 -0.22734536E-28 -0.10340140E-29
  0.11983422E+14 -0.22652933E-28 -0.12062466E-29
  0.12030787E+14 -0.22587573E-28 -0.14047026E-29
  0.12078153E+14 -0.22512880E-28 -0.16185568E-29
  0.12125518E+14 -0.22424999E-28 -0.18351981E-29
  0.12172883E+14 -0.22317278E-28 -0.20462212E-29
  0.12220249E+14 -0.22201277E-28 -0.22395866E-29
  0.12267614E+14 -0.22092429E-28 -0.24071257E-29
  0.12314979E+14 -0.21994606E-28 -0.25753125E-29
  0.12362345E+14 -0.21905249E-28 -0.27386484E-29
  0.12409710E+14 -0.21830247E-28 -0.29086586E-29
  0.12457075E+14 -0.21754222E-28 -0.30897732E-29
  0.12504440E+14 -0.21665004E-28 -0.32754975E-29
  0.12551806E+14 -0.21567341E-28 -0.34621968E-29
  0.12599171E+14 -0.21458455E-28 -0.36357015E-29
  0.12646536E+14 -0.21346895E-28 -0.37934557E-29
  0.12693902E+14 -0.21258285E-28 -0.39435428E-29
  0.12741267E+14 -0.21167607E-28 -0.41025964E-29
  0.12788632E+14 -0.21082100E-28 -0.42545986E-29
  0.12835998E+14 -0.21000880E-28 -0.44196135E-29
  0.12883363E+14 -0.20905023E-28 -0.45931527E-29
  0.12930728E+14 -0.20805638E-28 -0.47555476E-29
  0.12978094E+14 -0.20693078E-28 -0.49132783E-29
  0.13025459E+14 -0.20587731E-28 -0.50509130E-29
  0.13072824E+14 -0.20495414E-28 -0.51830715E-29
  0.13120189E+14 -0.20413575E-28 -0.53300540E-29
  0.13167555E+14 -0.20317909E-28 -0.54763364E-29
  0.13214920E+14 -0.20236291E-28 -0.56205376E-29
  0.13262285E+14 -0.20152830E-28 -0.57742471E-29
  0.13309651E+14 -0.20054269E-28 -0.59326478E-29
  0.13357016E+14 -0.19950701E-28 -0.60947223E-29
  0.13404381E+14 -0.19819091E-28 -0.62358329E-29
  0.13451747E+14 -0.19705856E-28 -0.63514679E-29
  0.13499112E+14 -0.19618377E-28 -0.64621907E-29
  0.13546477E+14 -0.19537815E-28 -0.65900421E-29
  0.13593843E+14 -0.19462311E-28 -0.67221723E-29
  0.13641208E+14 -0.19379039E-28 -0.68727247E-29
  0.13688573E+14 -0.19274380E-28 -0.70239092E-29
  0.13735938E+14 -0.19176678E-28 -0.71599410E-29
  0.13783304E+14 -0.19065349E-28 -0.73051795E-29
  0.13830669E+14 -0.18953452E-28 -0.74332489E-29
  0.13878034E+14 -0.18837728E-28 -0.75515985E-29
  0.13925400E+14 -0.18732749E-28 -0.76609374E-29
  0.13972765E+14 -0.18641741E-28 -0.77598098E-29
  0.14020130E+14 -0.18577932E-28 -0.78828382E-29
  0.14067496E+14 -0.18498536E-28 -0.80372103E-29
  0.14114861E+14 -0.18384830E-28 -0.81785356E-29
  0.14162226E+14 -0.18270251E-28 -0.83149676E-29
  0.14209591E+14 -0.18153270E-28 -0.84246734E-29
  0.14256957E+14 -0.18056248E-28 -0.85366545E-29
  0.14304322E+14 -0.17959362E-28 -0.86585813E-29
  0.14351687E+14 -0.17849020E-28 -0.87781301E-29
  0.14399053E+14 -0.17754865E-28 -0.88859254E-29
  0.14446418E+14 -0.17669079E-28 -0.90091823E-29
  0.14493783E+14 -0.17573602E-28 -0.91397332E-29
  0.14541149E+14 -0.17474457E-28 -0.92834006E-29
  0.14588514E+14 -0.17339346E-28 -0.94149405E-29
  0.14635879E+14 -0.17222216E-28 -0.95175758E-29
  0.14683245E+14 -0.17116942E-28 -0.96216642E-29
  0.14730610E+14 -0.17027429E-28 -0.97382220E-29
  0.14777975E+14 -0.16937854E-28 -0.98705769E-29
  0.14825340E+14 -0.16824980E-28 -0.10032303E-28
  0.14872706E+14 -0.16665314E-28 -0.10168745E-28
  0.14920071E+14 -0.16518154E-28 -0.10275872E-28
  0.14967436E+14 -0.16377890E-28 -0.10365026E-28
  0.15014802E+14 -0.16263295E-28 -0.10455079E-28
  0.15062167E+14 -0.16147521E-28 -0.10569699E-28
  0.15109532E+14 -0.16008626E-28 -0.10674390E-28
  0.15156898E+14 -0.15881390E-28 -0.10762517E-28
  0.15204263E+14 -0.15769040E-28 -0.10860527E-28
  0.15251628E+14 -0.15646818E-28 -0.10971769E-28
  0.15298993E+14 -0.15518837E-28 -0.11093372E-28
  0.15346359E+14 -0.15345332E-28 -0.11211900E-28
  0.15393724E+14 -0.15173519E-28 -0.11270190E-28
  0.15441089E+14 -0.15028978E-28 -0.11316736E-28
  0.15488455E+14 -0.14929027E-28 -0.11359172E-28
  0.15535820E+14 -0.14844150E-28 -0.11442025E-28
  0.15583185E+14 -0.14743601E-28 -0.11571993E-28
  0.15630551E+14 -0.14572422E-28 -0.11683243E-28
  0.15677916E+14 -0.14410707E-28 -0.11759809E-28
  0.15725281E+14 -0.14255495E-28 -0.11803861E-28
  0.15772647E+14 -0.14138806E-28 -0.11849113E-28
  0.15820012E+14 -0.14025448E-28 -0.11930349E-28
  0.15867377E+14 -0.13878766E-28 -0.12005093E-28
  0.15914742E+14 -0.13743711E-28 -0.12055574E-28
  0.15962108E+14 -0.13618421E-28 -0.12110427E-28
  0.16009473E+14 -0.13504097E-28 -0.12164985E-28
  0.16056838E+14 -0.13393227E-28 -0.12247425E-28
  0.16104204E+14 -0.13245226E-28 -0.12334031E-28
  0.16151569E+14 -0.13082331E-28 -0.12382866E-28
  0.16198934E+14 -0.12929354E-28 -0.12407283E-28
  0.16246300E+14 -0.12827989E-28 -0.12412392E-28
  0.16293665E+14 -0.12752617E-28 -0.12472817E-28
  0.16341030E+14 -0.12640440E-28 -0.12570385E-28
  0.16388396E+14 -0.12475429E-28 -0.12652376E-28
  0.16435761E+14 -0.12298053E-28 -0.12688820E-28
  0.16483126E+14 -0.12146102E-28 -0.12676640E-28
  0.16530491E+14 -0.12070323E-28 -0.12674239E-28
  0.16577857E+14 -0.11981435E-28 -0.12725388E-28
  0.16625222E+14 -0.11872417E-28 -0.12796224E-28
  0.16672587E+14 -0.11768787E-28 -0.12864944E-28
  0.16719953E+14 -0.11590880E-28 -0.12911619E-28
  0.16767318E+14 -0.11441916E-28 -0.12877831E-28
  0.16814683E+14 -0.11395756E-28 -0.12919673E-28
  0.16862049E+14 -0.11260200E-28 -0.12968193E-28
  0.16909414E+14 -0.11142275E-28 -0.13019958E-28
  0.16956779E+14 -0.10982974E-28 -0.13040701E-28
  0.17004144E+14 -0.10918969E-28 -0.13005236E-28
  0.17051510E+14 -0.10838272E-28 -0.13093975E-28
  0.17098875E+14 -0.10729560E-28 -0.13111559E-28
  0.17146240E+14 -0.10603069E-28 -0.13219665E-28
  0.17193606E+14 -0.10426102E-28 -0.13209544E-28
  0.17240971E+14 -0.10286474E-28 -0.13214333E-28
  0.17288336E+14 -0.10193090E-28 -0.13145508E-28
  0.17335702E+14 -0.10177398E-28 -0.13185123E-28
  0.17383067E+14 -0.10081167E-28 -0.13258894E-28
  0.17430432E+14 -0.99482744E-29 -0.13326949E-28
  0.17477798E+14 -0.97884381E-29 -0.13341407E-28
  0.17525163E+14 -0.96652737E-29 -0.13309226E-28
  0.17572528E+14 -0.95940617E-29 -0.13296687E-28
  0.17619893E+14 -0.95265755E-29 -0.13313599E-28
  0.17667259E+14 -0.94354265E-29 -0.13359917E-28
  0.17714624E+14 -0.93207149E-29 -0.13387515E-28
  0.17761989E+14 -0.91987217E-29 -0.13393556E-28
  0.17809355E+14 -0.91105120E-29 -0.13374688E-28
  0.17856720E+14 -0.90391645E-29 -0.13382243E-28
  0.17904085E+14 -0.89623769E-29 -0.13407645E-28
  0.17951451E+14 -0.88571322E-29 -0.13436044E-28
  0.17998816E+14 -0.87535503E-29 -0.13421623E-28
  0.18046181E+14 -0.87022053E-29 -0.13415649E-28
  0.18093546E+14 -0.86444626E-29 -0.13452612E-28
  0.18140912E+14 -0.85558261E-29 -0.13500509E-28
  0.18188277E+14 -0.84237733E-29 -0.13517827E-28
  0.18235642E+14 -0.83166292E-29 -0.13451794E-28
  0.18283008E+14 -0.83467441E-29 -0.13436666E-28
  0.18330373E+14 -0.83097178E-29 -0.13474129E-28
  0.18377738E+14 -0.82896894E-29 -0.13568513E-28
  0.18425104E+14 -0.81699767E-29 -0.13664246E-28
  0.18472469E+14 -0.80324838E-29 -0.13718201E-28
  0.18519834E+14 -0.78809049E-29 -0.13684950E-28
  0.18567200E+14 -0.78469915E-29 -0.13612762E-28
  0.18614565E+14 -0.78304324E-29 -0.13639413E-28
  0.18661930E+14 -0.78485568E-29 -0.13698418E-28
  0.18709295E+14 -0.77276517E-29 -0.13813883E-28
  0.18756661E+14 -0.76407690E-29 -0.13845908E-28
  0.18804026E+14 -0.75464708E-29 -0.13842675E-28
  0.18851391E+14 -0.75328273E-29 -0.13855164E-28
  0.18898757E+14 -0.74479388E-29 -0.13940221E-28
  0.18946122E+14 -0.74021770E-29 -0.13983914E-28
  0.18993487E+14 -0.73065358E-29 -0.14064845E-28
  0.19040853E+14 -0.72361547E-29 -0.14104552E-28
  0.19088218E+14 -0.71533996E-29 -0.14149871E-28
  0.19135583E+14 -0.71327724E-29 -0.14211999E-28
  0.19182948E+14 -0.69961669E-29 -0.14306645E-28
  0.19230314E+14 -0.69688115E-29 -0.14307934E-28
  0.19277679E+14 -0.69211744E-29 -0.14419274E-28
  0.19325044E+14 -0.68646514E-29 -0.14559002E-28
  0.19372410E+14 -0.67191372E-29 -0.14703425E-28
  0.19419775E+14 -0.65376609E-29 -0.14786646E-28
  0.19467140E+14 -0.64510446E-29 -0.14793252E-28
  0.19514506E+14 -0.64266242E-29 -0.14889205E-28
  0.19561871E+14 -0.62600791E-29 -0.15133791E-28
  0.19609236E+14 -0.60917635E-29 -0.15295873E-28
  0.19656602E+14 -0.58634951E-29 -0.15364760E-28
  0.19703967E+14 -0.57297690E-29 -0.15468206E-28
  0.19751332E+14 -0.55391277E-29 -0.15754496E-28
  0.19798697E+14 -0.51180254E-29 -0.15941078E-28
  0.19846063E+14 -0.47569100E-29 -0.15987241E-28
  0.19893428E+14 -0.43661260E-29 -0.16215020E-28
  0.19940793E+14 -0.32529272E-29 -0.16047716E-28
  0.19988159E+14 -0.31276189E-29 -0.14982514E-28
  0.20035524E+14 -0.29390598E-29 -0.14805934E-28
  0.20082889E+14 -0.28965544E-29 -0.14395390E-28
  0.20130255E+14 -0.29429632E-29 -0.14073424E-28
  0.20177620E+14 -0.30990926E-29 -0.13825666E-28
  0.20224985E+14 -0.31450879E-29 -0.13734605E-28
  0.20272351E+14 -0.32102309E-29 -0.13597100E-28
  0.20319716E+14 -0.32670514E-29 -0.13484824E-28
  0.20367081E+14 -0.33508973E-29 -0.13391073E-28
  0.20414446E+14 -0.33972643E-29 -0.13309861E-28
  0.20461812E+14 -0.34592705E-29 -0.13280501E-28
  0.20509177E+14 -0.35472283E-29 -0.13228192E-28
  0.20556542E+14 -0.35949467E-29 -0.13200033E-28
  0.20603908E+14 -0.36765009E-29 -0.13185524E-28
  0.20651273E+14 -0.37459686E-29 -0.13183775E-28
  0.20698638E+14 -0.37724663E-29 -0.13186272E-28
  0.20746004E+14 -0.38709136E-29 -0.13212580E-28
  0.20793369E+14 -0.39408089E-29 -0.13226448E-28
  0.20840734E+14 -0.40178875E-29 -0.13313771E-28
  0.20888099E+14 -0.40659149E-29 -0.13369262E-28
  0.20935465E+14 -0.41368683E-29 -0.13447021E-28
  0.20982830E+14 -0.41693098E-29 -0.13531052E-28
  0.21030195E+14 -0.42173706E-29 -0.13638379E-28
  0.21077561E+14 -0.42942173E-29 -0.13757555E-28
  0.21124926E+14 -0.43820179E-29 -0.13877903E-28
  0.21172291E+14 -0.43973259E-29 -0.14062871E-28
  0.21219657E+14 -0.44148641E-29 -0.14225953E-28
  0.21267022E+14 -0.44502658E-29 -0.14477718E-28
  0.21314387E+14 -0.44619873E-29 -0.14721534E-28
  0.21361753E+14 -0.44042802E-29 -0.15026627E-28
  0.21409118E+14 -0.43475875E-29 -0.15378186E-28
  0.21456483E+14 -0.41654338E-29 -0.15897058E-28
  0.21503848E+14 -0.31454785E-29 -0.16235129E-28
  0.21551214E+14 -0.31282416E-29 -0.15961405E-28
  0.21598579E+14 -0.28140759E-29 -0.15905301E-28
  0.21645944E+14 -0.27806292E-29 -0.16000422E-28
  0.21693310E+14 -0.24718307E-29 -0.16018637E-28
  0.21740675E+14 -0.22143027E-29 -0.15876712E-28
  0.21788040E+14 -0.22602803E-29 -0.15932266E-28
  0.21835406E+14 -0.19701190E-29 -0.16070652E-28
  0.21882771E+14 -0.17231778E-29 -0.15959973E-28
  0.21930136E+14 -0.16384729E-29 -0.15793875E-28
  0.21977501E+14 -0.17006710E-29 -0.15891230E-28
  0.22024867E+14 -0.14370435E-29 -0.16056394E-28
  0.22072232E+14 -0.11382510E-29 -0.15993129E-28
  0.22119597E+14 -0.10674726E-29 -0.15806731E-28
  0.22166963E+14 -0.10705335E-29 -0.15830864E-28
  0.22214328E+14 -0.96307537E-30 -0.15996916E-28
  0.22261693E+14 -0.62687073E-30 -0.15984672E-28
  0.22309059E+14 -0.52885745E-30 -0.15875479E-28
  0.22356424E+14 -0.35499746E-30 -0.15719105E-28
  0.22403789E+14 -0.43646990E-30 -0.15750832E-28
  0.22451155E+14 -0.37181855E-30 -0.15758316E-28
  0.22498520E+14 -0.21979985E-30 -0.15842626E-28
  0.22545885E+14 -0.11699806E-30 -0.15728601E-28
  0.22593250E+14 -0.21052595E-30 -0.15857732E-28
  0.22640616E+14  0.87658926E-31 -0.15930903E-28
  0.22687981E+14  0.26221471E-30 -0.15853036E-28
  0.22735346E+14  0.30471755E-30 -0.15872702E-28
  0.22782712E+14  0.42586472E-30 -0.15917155E-28
  0.22830077E+14  0.52693919E-30 -0.15942099E-28
  0.22877442E+14  0.70820314E-30 -0.15860873E-28
  0.22924808E+14  0.69607970E-30 -0.15752617E-28
  0.22972173E+14  0.70393305E-30 -0.15820603E-28
  0.23019538E+14  0.79499150E-30 -0.16035583E-28
  0.23066903E+14  0.96789784E-30 -0.16007723E-28
  0.23114269E+14  0.10882456E-29 -0.16012900E-28
  0.23161634E+14  0.10929730E-29 -0.16060469E-28
  0.23208999E+14  0.11462557E-29 -0.16245945E-28
  0.23256365E+14  0.13791456E-29 -0.16327879E-28
  0.23303730E+14  0.16356841E-29 -0.16361331E-28
  0.23351095E+14  0.17518062E-29 -0.16306674E-28
  0.23398461E+14  0.18535789E-29 -0.16352897E-28
  0.23445826E+14  0.19544211E-29 -0.16474496E-28
  0.23493191E+14  0.22848374E-29 -0.16551414E-28
  0.23540557E+14  0.24448142E-29 -0.16466234E-28
  0.23587922E+14  0.25548821E-29 -0.16475451E-28
  0.23635287E+14  0.27392268E-29 -0.16508273E-28
  0.23682652E+14  0.28606660E-29 -0.16580583E-28
  0.23730018E+14  0.31075303E-29 -0.16658744E-28
  0.23777383E+14  0.32661101E-29 -0.16656809E-28
  0.23824748E+14  0.35762948E-29 -0.16628189E-28
  0.23872114E+14  0.38838257E-29 -0.16528949E-28
  0.23919479E+14  0.38509613E-29 -0.16491762E-28
  0.23966844E+14  0.40107385E-29 -0.16526513E-28
  0.24014210E+14  0.43405211E-29 -0.16525455E-28
  0.24061575E+14  0.45899336E-29 -0.16374260E-28
  0.24108940E+14  0.46413032E-29 -0.16135504E-28
  0.24156306E+14  0.46221790E-29 -0.16165085E-28
  0.24203671E+14  0.47528387E-29 -0.16260018E-28
  0.24251036E+14  0.50851827E-29 -0.16092450E-28
  0.24298401E+14  0.50247440E-29 -0.15962438E-28
  0.24345767E+14  0.48612313E-29 -0.15951289E-28
  0.24393132E+14  0.47722771E-29 -0.16335083E-28
  0.24440497E+14  0.53149972E-29 -0.16586952E-28
  0.24487863E+14  0.55496967E-29 -0.16506880E-28
  0.24535228E+14  0.57369251E-29 -0.16563442E-28
  0.24582593E+14  0.60687887E-29 -0.16613705E-28
  0.24629959E+14  0.63258686E-29 -0.16539299E-28
  0.24677324E+14  0.65671572E-29 -0.16529181E-28
  0.24724689E+14  0.68124442E-29 -0.16465302E-28
  0.24772054E+14  0.70407188E-29 -0.16352906E-28
  0.24819420E+14  0.71510322E-29 -0.16324012E-28
  0.24866785E+14  0.74089114E-29 -0.16391843E-28
  0.24914150E+14  0.77488064E-29 -0.16307049E-28
  0.24961516E+14  0.79124943E-29 -0.16100820E-28
  0.25008881E+14  0.79857031E-29 -0.16099478E-28
  0.25056246E+14  0.82922530E-29 -0.16208045E-28
  0.25103612E+14  0.86765244E-29 -0.16029445E-28
  0.25150977E+14  0.87881325E-29 -0.15838799E-28
  0.25198342E+14  0.89189525E-29 -0.15870877E-28
  0.25245708E+14  0.92325171E-29 -0.15843731E-28
  0.25293073E+14  0.94764007E-29 -0.15682652E-28
  0.25340438E+14  0.96474048E-29 -0.15594036E-28
  0.25387803E+14  0.99045375E-29 -0.15542043E-28
  0.25435169E+14  0.10114116E-28 -0.15386050E-28
  0.25482534E+14  0.10294284E-28 -0.15368690E-28
  0.25529899E+14  0.10631202E-28 -0.15308858E-28
  0.25577265E+14  0.10880354E-28 -0.15059850E-28
  0.25624630E+14  0.10977375E-28 -0.14960730E-28
  0.25671995E+14  0.11265249E-28 -0.14976767E-28
  0.25719361E+14  0.11591217E-28 -0.14772422E-28
  0.25766726E+14  0.11735086E-28 -0.14586617E-28
  0.25814091E+14  0.11957915E-28 -0.14517649E-28
  0.25861456E+14  0.12231722E-28 -0.14389213E-28
  0.25908822E+14  0.12465117E-28 -0.14251696E-28
  0.25956187E+14  0.12744779E-28 -0.14094045E-28
  0.26003552E+14  0.12951517E-28 -0.13878476E-28
  0.26050918E+14  0.13149504E-28 -0.13801616E-28
  0.26098283E+14  0.13510389E-28 -0.13615738E-28
  0.26145648E+14  0.13675126E-28 -0.13351976E-28
  0.26193014E+14  0.13884384E-28 -0.13270648E-28
  0.26240379E+14  0.14206606E-28 -0.13035307E-28
  0.26287744E+14  0.14390140E-28 -0.12801602E-28
  0.26335110E+14  0.14653147E-28 -0.12618372E-28
  0.26382475E+14  0.14856645E-28 -0.12414797E-28
  0.26429840E+14  0.15133051E-28 -0.12290476E-28
  0.26477205E+14  0.15432862E-28 -0.11962365E-28
  0.26524571E+14  0.15680936E-28 -0.11693716E-28
  0.26571936E+14  0.15852896E-28 -0.11326191E-28
  0.26619301E+14  0.15944160E-28 -0.11179712E-28
  0.26666667E+14  0.16250557E-28 -0.10956757E-28
  0.26714032E+14  0.16395818E-28 -0.10769013E-28
  0.26761397E+14  0.16735836E-28 -0.10565897E-28
  0.26808763E+14  0.17028758E-28 -0.10312254E-28
  0.26856128E+14  0.17338489E-28 -0.99545301E-29
  0.26903493E+14  0.17547751E-28 -0.96970058E-29
  0.26950858E+14  0.17881605E-28 -0.93547799E-29
  0.26998224E+14  0.18100317E-28 -0.90112735E-29
  0.27045589E+14  0.18393872E-28 -0.87019771E-29
  0.27092954E+14  0.18688358E-28 -0.82922023E-29
  0.27140320E+14  0.18976528E-28 -0.79845459E-29
  0.27187685E+14  0.19270914E-28 -0.74954995E-29
  0.27235050E+14  0.19667917E-28 -0.71277370E-29
  0.27282416E+14  0.19960693E-28 -0.65949465E-29
  0.27329781E+14  0.20263796E-28 -0.62093513E-29
  0.27377146E+14  0.20720424E-28 -0.54894240E-29
  0.27424512E+14  0.21065697E-28 -0.49014514E-29
  0.27471877E+14  0.21606930E-28 -0.42162295E-29
  0.27519242E+14  0.22099490E-28 -0.33252312E-29
  0.27566607E+14  0.22881741E-28 -0.21299561E-29
  0.27613973E+14  0.22553661E-28  0.50322119E-30
  0.27661338E+14  0.21514679E-28  0.15268951E-29
  0.27708703E+14  0.20741794E-28  0.24113507E-29
  0.27756069E+14  0.19934089E-28  0.31527385E-29
  0.27803434E+14  0.19196038E-28  0.38105148E-29
  0.27850799E+14  0.18343633E-28  0.44216012E-29
  0.27898165E+14  0.17547487E-28  0.48409930E-29
  0.27945530E+14  0.16752174E-28  0.53149245E-29
  0.27992895E+14  0.15868223E-28  0.55616268E-29
  0.28040261E+14  0.15142194E-28  0.58081658E-29
  0.28087626E+14  0.14248721E-28  0.59526542E-29
  0.28134991E+14  0.13467529E-28  0.59865925E-29
  0.28182356E+14  0.12684073E-28  0.58763991E-29
  0.28229722E+14  0.11989862E-28  0.56997927E-29
  0.28277087E+14  0.11451387E-28  0.54232400E-29
  0.28324452E+14  0.10799693E-28  0.52190746E-29
  0.28371818E+14  0.10546415E-28  0.46119091E-29
  0.28419183E+14  0.10588959E-28  0.44672098E-29
  0.28466548E+14  0.10546005E-28  0.45739308E-29
  0.28513914E+14  0.98476200E-29  0.51090860E-29
  0.28561279E+14  0.86231594E-29  0.46510958E-29
  0.28608644E+14  0.85347821E-29  0.34299814E-29
  0.28656009E+14  0.87384477E-29  0.27121791E-29
  0.28703375E+14  0.95331265E-29  0.20153131E-29
  0.28750740E+14  0.11709856E-28  0.35863476E-29
  0.28798105E+14  0.84348549E-29  0.59228488E-29
  0.28845471E+14  0.68924176E-29  0.32016578E-29
  0.28892836E+14  0.78985401E-29  0.15946585E-29
  0.28940201E+14  0.93152284E-29  0.18594798E-29
  0.28987567E+14  0.99084749E-29  0.24123833E-29
  0.29034932E+14  0.96333444E-29  0.33999885E-29
  0.29082297E+14  0.93578632E-29  0.36168597E-29
  0.29129663E+14  0.88644369E-29  0.38974299E-29
  0.29177028E+14  0.84841726E-29  0.38151233E-29
  0.29224393E+14  0.82365664E-29  0.37448927E-29
  0.29271758E+14  0.80357599E-29  0.36817985E-29
  0.29319124E+14  0.78531956E-29  0.36229934E-29
  0.29366489E+14  0.76858754E-29  0.35636055E-29
  0.29413854E+14  0.75382203E-29  0.35055679E-29
  0.29461220E+14  0.73960413E-29  0.34544711E-29
  0.29508585E+14  0.72597971E-29  0.33914894E-29
  0.29555950E+14  0.71374556E-29  0.33213024E-29
  0.29603316E+14  0.70349184E-29  0.32546862E-29
  0.29650681E+14  0.69427934E-29  0.31949762E-29
  0.29698046E+14  0.68593108E-29  0.31355079E-29
  0.29745411E+14  0.67868135E-29  0.30880972E-29
  0.29792777E+14  0.67212255E-29  0.30509864E-29
  0.29840142E+14  0.66476720E-29  0.30208764E-29
  0.29887507E+14  0.65763847E-29  0.29871367E-29
  0.29934873E+14  0.65095340E-29  0.29577578E-29
  0.29982238E+14  0.64432401E-29  0.29308625E-29
  0.30029603E+14  0.63781722E-29  0.29059140E-29
  0.30076969E+14  0.63137709E-29  0.28829832E-29
  0.30124334E+14  0.62544464E-29  0.28586325E-29
  0.30171699E+14  0.61945042E-29  0.28366398E-29
  0.30219065E+14  0.61433210E-29  0.28171657E-29
  0.30266430E+14  0.60903346E-29  0.28064533E-29
  0.30313795E+14  0.60306002E-29  0.27994073E-29
  0.30361160E+14  0.59664781E-29  0.27839062E-29
  0.30408526E+14  0.59094094E-29  0.27631966E-29
  0.30455891E+14  0.58610653E-29  0.27470486E-29
  0.30503256E+14  0.58145027E-29  0.27373531E-29
  0.30550622E+14  0.57626973E-29  0.27305183E-29
  0.30597987E+14  0.57108437E-29  0.27212678E-29
  0.30645352E+14  0.56604850E-29  0.27135875E-29
  0.30692718E+14  0.56114457E-29  0.27070055E-29
  0.30740083E+14  0.55596727E-29  0.27007610E-29
  0.30787448E+14  0.55106682E-29  0.26923947E-29
  0.30834813E+14  0.54616960E-29  0.26858424E-29
  0.30882179E+14  0.54134928E-29  0.26774193E-29
  0.30929544E+14  0.53694464E-29  0.26697578E-29
  0.30976909E+14  0.53286324E-29  0.26650402E-29
  0.31024275E+14  0.52852906E-29  0.26651177E-29
  0.31071640E+14  0.52395525E-29  0.26673100E-29
  0.31119005E+14  0.51869803E-29  0.26674562E-29
  0.31166371E+14  0.51365007E-29  0.26577761E-29
  0.31213736E+14  0.50944088E-29  0.26462200E-29
  0.31261101E+14  0.50583891E-29  0.26412428E-29
  0.31308467E+14  0.50230766E-29  0.26432473E-29
  0.31355832E+14  0.49800271E-29  0.26497819E-29
  0.31403197E+14  0.49316812E-29  0.26513975E-29
  0.31450562E+14  0.48842905E-29  0.26485191E-29
  0.31497928E+14  0.48403053E-29  0.26424931E-29
  0.31545293E+14  0.48015318E-29  0.26372414E-29
  0.31592658E+14  0.47637892E-29  0.26347240E-29
  0.31640024E+14  0.47277198E-29  0.26357065E-29
  0.31687389E+14  0.46881030E-29  0.26401513E-29
  0.31734754E+14  0.46451838E-29  0.26425849E-29
  0.31782120E+14  0.46014718E-29  0.26415913E-29
  0.31829485E+14  0.45608826E-29  0.26391406E-29
  0.31876850E+14  0.45232500E-29  0.26361907E-29
  0.31924216E+14  0.44865301E-29  0.26371567E-29
  0.31971581E+14  0.44469796E-29  0.26375759E-29
  0.32018946E+14  0.44097134E-29  0.26367891E-29
  0.32066311E+14  0.43728373E-29  0.26369228E-29
  0.32113677E+14  0.43365314E-29  0.26398317E-29
  0.32161042E+14  0.42977135E-29  0.26436148E-29
  0.32208407E+14  0.42561197E-29  0.26451908E-29
  0.32255773E+14  0.42141948E-29  0.26420118E-29
  0.32303138E+14  0.41791841E-29  0.26359961E-29
  0.32350503E+14  0.41494162E-29  0.26341600E-29
  0.32397869E+14  0.41186402E-29  0.26397455E-29
  0.32445234E+14  0.40801564E-29  0.26467606E-29
  0.32492599E+14  0.40407500E-29  0.26512090E-29
  0.32539964E+14  0.39963082E-29  0.26491127E-29
  0.32587330E+14  0.39595187E-29  0.26433567E-29
  0.32634695E+14  0.39275715E-29  0.26380773E-29
  0.32682060E+14  0.39004964E-29  0.26378325E-29
  0.32729426E+14  0.38700478E-29  0.26451573E-29
  0.32776791E+14  0.38334044E-29  0.26536113E-29
  0.32824156E+14  0.37900382E-29  0.26570601E-29
  0.32871522E+14  0.37488489E-29  0.26514331E-29
  0.32918887E+14  0.37154368E-29  0.26427614E-29
  0.32966252E+14  0.36893671E-29  0.26387809E-29
  0.33013618E+14  0.36648635E-29  0.26435826E-29
  0.33060983E+14  0.36313482E-29  0.26539399E-29
  0.33108348E+14  0.35891438E-29  0.26599049E-29
  0.33155713E+14  0.35465233E-29  0.26563869E-29
  0.33203079E+14  0.35123981E-29  0.26469760E-29
  0.33250444E+14  0.34862950E-29  0.26419809E-29
  0.33297809E+14  0.34614578E-29  0.26435362E-29
  0.33345175E+14  0.34319813E-29  0.26524565E-29
  0.33392540E+14  0.33931969E-29  0.26577828E-29
  0.33439905E+14  0.33544497E-29  0.26564486E-29
  0.33487271E+14  0.33185722E-29  0.26498313E-29
  0.33534636E+14  0.32910982E-29  0.26452192E-29
  0.33582001E+14  0.32632484E-29  0.26440387E-29
  0.33629366E+14  0.32364324E-29  0.26480324E-29
  0.33676732E+14  0.32023612E-29  0.26529025E-29
  0.33724097E+14  0.31659492E-29  0.26540182E-29
  0.33771462E+14  0.31312561E-29  0.26499319E-29
  0.33818828E+14  0.31002456E-29  0.26445498E-29
  0.33866193E+14  0.30743237E-29  0.26416516E-29
  0.33913558E+14  0.30458457E-29  0.26441652E-29
  0.33960924E+14  0.30163283E-29  0.26466203E-29
  0.34008289E+14  0.29809569E-29  0.26472970E-29
  0.34055654E+14  0.29491743E-29  0.26441122E-29
  0.34103020E+14  0.29178184E-29  0.26412842E-29
  0.34150385E+14  0.28907451E-29  0.26389319E-29
  0.34197750E+14  0.28593529E-29  0.26377867E-29
  0.34245115E+14  0.28327358E-29  0.26360723E-29
  0.34292481E+14  0.28025323E-29  0.26363929E-29
  0.34339846E+14  0.27733689E-29  0.26361949E-29
  0.34387211E+14  0.27406669E-29  0.26352837E-29
  0.34434577E+14  0.27111815E-29  0.26322410E-29
  0.34481942E+14  0.26803101E-29  0.26277290E-29
  0.34529307E+14  0.26559043E-29  0.26226752E-29
  0.34576673E+14  0.26294072E-29  0.26237815E-29
  0.34624038E+14  0.26010927E-29  0.26259552E-29
  0.34671403E+14  0.25676356E-29  0.26255033E-29
  0.34718769E+14  0.25353778E-29  0.26212917E-29
  0.34766134E+14  0.25057358E-29  0.26122654E-29
  0.34813499E+14  0.24857818E-29  0.26065486E-29
  0.34860864E+14  0.24629809E-29  0.26095092E-29
  0.34908230E+14  0.24320293E-29  0.26139599E-29
  0.34955595E+14  0.23957921E-29  0.26128594E-29
  0.35002960E+14  0.23632609E-29  0.26036939E-29
  0.35050326E+14  0.23389629E-29  0.25921085E-29
  0.35097691E+14  0.23222338E-29  0.25891218E-29
  0.35145056E+14  0.22978242E-29  0.25943775E-29
  0.35192422E+14  0.22654596E-29  0.25988797E-29
  0.35239787E+14  0.22273309E-29  0.25932094E-29
  0.35287152E+14  0.21983448E-29  0.25795855E-29
  0.35334517E+14  0.21799172E-29  0.25681697E-29
  0.35381883E+14  0.21636976E-29  0.25712314E-29
  0.35429248E+14  0.21360888E-29  0.25782639E-29
  0.35476613E+14  0.20972151E-29  0.25787269E-29
  0.35523979E+14  0.20637227E-29  0.25642281E-29
  0.35571344E+14  0.20425493E-29  0.25490479E-29
  0.35618709E+14  0.20309120E-29  0.25468036E-29
  0.35666075E+14  0.20083257E-29  0.25552401E-29
  0.35713440E+14  0.19705756E-29  0.25591281E-29
  0.35760805E+14  0.19336612E-29  0.25461007E-29
  0.35808171E+14  0.19110710E-29  0.25282796E-29
  0.35855536E+14  0.18997206E-29  0.25215931E-29
  0.35902901E+14  0.18814413E-29  0.25295871E-29
  0.35950266E+14  0.18455327E-29  0.25348290E-29
  0.35997632E+14  0.18074532E-29  0.25236233E-29
  0.36044997E+14  0.17849361E-29  0.25044278E-29
  0.36092362E+14  0.17728171E-29  0.24958564E-29
  0.36139728E+14  0.17571987E-29  0.25034076E-29
  0.36187093E+14  0.17212795E-29  0.25085648E-29
  0.36234458E+14  0.16831804E-29  0.24963372E-29
  0.36281824E+14  0.16627755E-29  0.24760694E-29
  0.36329189E+14  0.16511906E-29  0.24691318E-29
  0.36376554E+14  0.16336675E-29  0.24773072E-29
  0.36423919E+14  0.15957425E-29  0.24788227E-29
  0.36471285E+14  0.15619380E-29  0.24631972E-29
  0.36518650E+14  0.15459414E-29  0.24445579E-29
  0.36566015E+14  0.15341565E-29  0.24410004E-29
  0.36613381E+14  0.15115690E-29  0.24493579E-29
  0.36660746E+14  0.14750179E-29  0.24442388E-29
  0.36708111E+14  0.14461498E-29  0.24254502E-29
  0.36755477E+14  0.14330389E-29  0.24126638E-29
  0.36802842E+14  0.14220231E-29  0.24140049E-29
  0.36850207E+14  0.13876310E-29  0.24172247E-29
  0.36897573E+14  0.13553275E-29  0.24047717E-29
  0.36944938E+14  0.13373893E-29  0.23869547E-29
  0.36992303E+14  0.13237621E-29  0.23804871E-29
  0.37039668E+14  0.13021224E-29  0.23852337E-29
  0.37087034E+14  0.12702487E-29  0.23782831E-29
  0.37134399E+14  0.12449147E-29  0.23603152E-29
  0.37181764E+14  0.12306860E-29  0.23500030E-29
  0.37229130E+14  0.12153408E-29  0.23496579E-29
  0.37276495E+14  0.11855453E-29  0.23475203E-29
  0.37323860E+14  0.11570444E-29  0.23317026E-29
  0.37371226E+14  0.11422894E-29  0.23187906E-29
  0.37418591E+14  0.11265687E-29  0.23164078E-29
  0.37465956E+14  0.10991186E-29  0.23137436E-29
  0.37513321E+14  0.10719964E-29  0.22992348E-29
  0.37560687E+14  0.10562611E-29  0.22858591E-29
  0.37608052E+14  0.10398056E-29  0.22820277E-29
  0.37655417E+14  0.10132116E-29  0.22772766E-29
  0.37702783E+14  0.99031531E-30  0.22629345E-29
  0.37750148E+14  0.97574491E-30  0.22523647E-29
  0.37797513E+14  0.95500077E-30  0.22475302E-29
  0.37844879E+14  0.93123171E-30  0.22389925E-29
  0.37892244E+14  0.91009269E-30  0.22262682E-29
  0.37939609E+14  0.89303162E-30  0.22189780E-29
  0.37986975E+14  0.87242433E-30  0.22094270E-29
  0.38034340E+14  0.85281369E-30  0.21994284E-29
  0.38081705E+14  0.83273542E-30  0.21905238E-29
  0.38129070E+14  0.80893110E-30  0.21802285E-29
  0.38176436E+14  0.79363673E-30  0.21681877E-29
  0.38223801E+14  0.77363978E-30  0.21621072E-29
  0.38271166E+14  0.75030091E-30  0.21508915E-29
  0.38318532E+14  0.73527528E-30  0.21358839E-29
  0.38365897E+14  0.71713536E-30  0.21313316E-29
  0.38413262E+14  0.69457561E-30  0.21216731E-29
  0.38460628E+14  0.67540688E-30  0.21044657E-29
  0.38507993E+14  0.66210234E-30  0.20983373E-29
  0.38555358E+14  0.63852680E-30  0.20911320E-29
  0.38602724E+14  0.61704197E-30  0.20727328E-29
  0.38650089E+14  0.60740038E-30  0.20654886E-29
  0.38697454E+14  0.58199677E-30  0.20593679E-29
  0.38744819E+14  0.56217771E-30  0.20379159E-29
  0.38792185E+14  0.55397068E-30  0.20348552E-29
  0.38839550E+14  0.52332806E-30  0.20244878E-29
  0.38886915E+14  0.51405030E-30  0.20024695E-29
  0.38934281E+14  0.49840261E-30  0.20047172E-29
  0.38981646E+14  0.46715491E-30  0.19845055E-29
  0.39029011E+14  0.46601887E-30  0.19734364E-29
  0.39076377E+14  0.43251951E-30  0.19703649E-29
  0.39123742E+14  0.42558044E-30  0.19431138E-29
  0.39171107E+14  0.40816920E-30  0.19494971E-29
  0.39218472E+14  0.38009366E-30  0.19197986E-29
  0.39265838E+14  0.37789140E-30  0.19247758E-29
  0.39313203E+14  0.34121038E-30  0.18971145E-29
  0.39360568E+14  0.34224445E-30  0.19015867E-29
  0.39407934E+14  0.30755358E-30  0.18713774E-29
  0.39455299E+14  0.30356110E-30  0.18771034E-29
  0.39502664E+14  0.28507322E-30  0.18489824E-29
  0.39550030E+14  0.24770288E-30  0.18483762E-29
  0.39597395E+14  0.25565546E-30  0.18361969E-29
  0.39644760E+14  0.22679100E-30  0.18141340E-29
  0.39692126E+14  0.19317746E-30  0.18089837E-29
  0.39739491E+14  0.17755938E-30  0.17998261E-29
  0.39786856E+14  0.16110427E-30  0.17857293E-29
  0.39834221E+14  0.12686286E-30  0.17653501E-29
  0.39881587E+14  0.11295817E-30  0.17800170E-29
  0.39928952E+14  0.20486477E-31  0.17705538E-29
  0.39976317E+14  0.00000000E+00  0.16785789E-29
  0.40023683E+14  0.00000000E+00  0.16306777E-29
  0.40071048E+14  0.00000000E+00  0.15935160E-29
  0.40118413E+14  0.00000000E+00  0.15617016E-29
  0.40165779E+14  0.00000000E+00  0.15332847E-29
  0.40213144E+14  0.00000000E+00  0.15072947E-29
  0.40260509E+14  0.00000000E+00  0.14831643E-29
  0.40307874E+14  0.00000000E+00  0.14605266E-29
  0.40355240E+14  0.00000000E+00  0.14391278E-29
  0.40402605E+14  0.00000000E+00  0.14187829E-29
  0.40449970E+14  0.00000000E+00  0.13993520E-29
  0.40497336E+14  0.00000000E+00  0.13807259E-29
  0.40544701E+14  0.00000000E+00  0.13628172E-29
  0.40592066E+14  0.00000000E+00  0.13455547E-29
  0.40639432E+14  0.00000000E+00  0.13288791E-29
  0.40686797E+14  0.00000000E+00  0.13127407E-29
  0.40734162E+14  0.00000000E+00  0.12970969E-29
  0.40781528E+14  0.00000000E+00  0.12819109E-29
  0.40828893E+14  0.00000000E+00  0.12671510E-29
  0.40876258E+14  0.00000000E+00  0.12527890E-29
  0.40923623E+14  0.00000000E+00  0.12388000E-29
  0.40970989E+14  0.00000000E+00  0.12251621E-29
  0.41018354E+14  0.00000000E+00  0.12118555E-29
  0.41065719E+14  0.00000000E+00  0.11988621E-29
  0.41113085E+14  0.00000000E+00  0.11861660E-29
  0.41160450E+14  0.00000000E+00  0.11737525E-29
  0.41207815E+14  0.00000000E+00  0.11616080E-29
  0.41255181E+14  0.00000000E+00  0.11497203E-29
  0.41302546E+14  0.00000000E+00  0.11380780E-29
  0.41349911E+14  0.00000000E+00  0.11266708E-29
  0.41397276E+14  0.00000000E+00  0.11154889E-29
  0.41444642E+14  0.00000000E+00  0.11045233E-29
  0.41492007E+14  0.00000000E+00  0.10937658E-29
  0.41539372E+14  0.00000000E+00  0.10832083E-29
  0.41586738E+14  0.00000000E+00  0.10728437E-29
  0.41634103E+14  0.00000000E+00  0.10626652E-29
  0.41681468E+14  0.00000000E+00  0.10526662E-29
  0.41728834E+14  0.00000000E+00  0.10428407E-29
  0.41776199E+14  0.00000000E+00  0.10331831E-29
  0.41823564E+14  0.00000000E+00  0.10236880E-29
  0.41870930E+14  0.00000000E+00  0.10143501E-29
  0.41918295E+14  0.00000000E+00  0.10051648E-29
  0.41965660E+14  0.00000000E+00  0.99612751E-30
  0.42013025E+14  0.00000000E+00  0.98723379E-30
  0.42060391E+14  0.00000000E+00  0.97847955E-30
  0.42107756E+14  0.00000000E+00  0.96986086E-30
  0.42155121E+14  0.00000000E+00  0.96137397E-30
  0.42202487E+14  0.00000000E+00  0.95301531E-30
  0.42249852E+14  0.00000000E+00  0.94478145E-30
  0.42297217E+14  0.00000000E+00  0.93666913E-30
  0.42344583E+14  0.00000000E+00  0.92867523E-30
  0.42391948E+14  0.00000000E+00  0.92079674E-30
  0.42439313E+14  0.00000000E+00  0.91303081E-30
  0.42486679E+14  0.00000000E+00  0.90537466E-30
  0.42534044E+14  0.00000000E+00  0.89782566E-30
  0.42581409E+14  0.00000000E+00  0.89038126E-30
  0.42628774E+14  0.00000000E+00  0.88303902E-30
  0.42676140E+14  0.00000000E+00  0.87579658E-30
  0.42723505E+14  0.00000000E+00  0.86865168E-30
  0.42770870E+14  0.00000000E+00  0.86160213E-30
  0.42818236E+14  0.00000000E+00  0.85464581E-30
  0.42865601E+14  0.00000000E+00  0.84778071E-30
  0.42912966E+14  0.00000000E+00  0.84100485E-30
  0.42960332E+14  0.00000000E+00  0.83431634E-30
  0.43007697E+14  0.00000000E+00  0.82771334E-30
  0.43055062E+14  0.00000000E+00  0.82119409E-30
  0.43102427E+14  0.00000000E+00  0.81475686E-30
  0.43149793E+14  0.00000000E+00  0.80840000E-30
  0.43197158E+14  0.00000000E+00  0.80212189E-30
  0.43244523E+14  0.00000000E+00  0.79592098E-30
  0.43291889E+14  0.00000000E+00  0.78979576E-30
  0.43339254E+14  0.00000000E+00  0.78374477E-30
  0.43386619E+14  0.00000000E+00  0.77776657E-30
  0.43433985E+14  0.00000000E+00  0.77185979E-30
  0.43481350E+14  0.00000000E+00  0.76602309E-30
  0.43528715E+14  0.00000000E+00  0.76025517E-30
  0.43576081E+14  0.00000000E+00  0.75455477E-30
  0.43623446E+14  0.00000000E+00  0.74892065E-30
  0.43670811E+14  0.00000000E+00  0.74335162E-30
  0.43718176E+14  0.00000000E+00  0.73784651E-30
  0.43765542E+14  0.00000000E+00  0.73240420E-30
  0.43812907E+14  0.00000000E+00  0.72702359E-30
  0.43860272E+14  0.00000000E+00  0.72170359E-30
  0.43907638E+14  0.00000000E+00  0.71644317E-30
  0.43955003E+14  0.00000000E+00  0.71124131E-30
  0.44002368E+14  0.00000000E+00  0.70609701E-30
  0.44049734E+14  0.00000000E+00  0.70100932E-30
  0.44097099E+14  0.00000000E+00  0.69597728E-30
  0.44144464E+14  0.00000000E+00  0.69099998E-30
  0.44191829E+14  0.00000000E+00  0.68607652E-30
  0.44239195E+14  0.00000000E+00  0.68120602E-30
  0.44286560E+14  0.00000000E+00  0.67638764E-30
  0.44333925E+14  0.00000000E+00  0.67162053E-30
  0.44381291E+14  0.00000000E+00  0.66690389E-30
  0.44428656E+14  0.00000000E+00  0.66223691E-30
  0.44476021E+14  0.00000000E+00  0.65761882E-30
  0.44523387E+14  0.00000000E+00  0.65304887E-30
  0.44570752E+14  0.00000000E+00  0.64852629E-30
  0.44618117E+14  0.00000000E+00  0.64405038E-30
  0.44665483E+14  0.00000000E+00  0.63962042E-30
  0.44712848E+14  0.00000000E+00  0.63523572E-30
  0.44760213E+14  0.00000000E+00  0.63089560E-30
  0.44807578E+14  0.00000000E+00  0.62659939E-30
  0.44854944E+14  0.00000000E+00  0.62234645E-30
  0.44902309E+14  0.00000000E+00  0.61813613E-30
  0.44949674E+14  0.00000000E+00  0.61396782E-30
  0.44997040E+14  0.00000000E+00  0.60984090E-30
  0.45044405E+14  0.00000000E+00  0.60575478E-30
  0.45091770E+14  0.00000000E+00  0.60170887E-30
  0.45139136E+14  0.00000000E+00  0.59770261E-30
  0.45186501E+14  0.00000000E+00  0.59373542E-30
  0.45233866E+14  0.00000000E+00  0.58980676E-30
  0.45281231E+14  0.00000000E+00  0.58591609E-30
  0.45328597E+14  0.00000000E+00  0.58206289E-30
  0.45375962E+14  0.00000000E+00  0.57824662E-30
  0.45423327E+14  0.00000000E+00  0.57446679E-30
  0.45470693E+14  0.00000000E+00  0.57072290E-30
  0.45518058E+14  0.00000000E+00  0.56701446E-30
  0.45565423E+14  0.00000000E+00  0.56334098E-30
  0.45612789E+14  0.00000000E+00  0.55970201E-30
  0.45660154E+14  0.00000000E+00  0.55609707E-30
  0.45707519E+14  0.00000000E+00  0.55252572E-30
  0.45754885E+14  0.00000000E+00  0.54898751E-30
  0.45802250E+14  0.00000000E+00  0.54548200E-30
  0.45849615E+14  0.00000000E+00  0.54200877E-30
  0.45896980E+14  0.00000000E+00  0.53856740E-30
  0.45944346E+14  0.00000000E+00  0.53515747E-30
  0.45991711E+14  0.00000000E+00  0.53177858E-30
  0.46039076E+14  0.00000000E+00  0.52843033E-30
  0.46086442E+14  0.00000000E+00  0.52511233E-30
  0.46133807E+14  0.00000000E+00  0.52182419E-30
  0.46181172E+14  0.00000000E+00  0.51856554E-30
  0.46228538E+14  0.00000000E+00  0.51533602E-30
  0.46275903E+14  0.00000000E+00  0.51213524E-30
  0.46323268E+14  0.00000000E+00  0.50896286E-30
  0.46370634E+14  0.00000000E+00  0.50581852E-30
  0.46417999E+14  0.00000000E+00  0.50270188E-30
  0.46465364E+14  0.00000000E+00  0.49961260E-30
  0.46512729E+14  0.00000000E+00  0.49655033E-30
  0.46560095E+14  0.00000000E+00  0.49351477E-30
  0.46607460E+14  0.00000000E+00  0.49050557E-30
  0.46654825E+14  0.00000000E+00  0.48752242E-30
  0.46702191E+14  0.00000000E+00  0.48456502E-30
  0.46749556E+14  0.00000000E+00  0.48163305E-30
  0.46796921E+14  0.00000000E+00  0.47872620E-30
  0.46844287E+14  0.00000000E+00  0.47584419E-30
  0.46891652E+14  0.00000000E+00  0.47298671E-30
  0.46939017E+14  0.00000000E+00  0.47015349E-30
  0.46986382E+14  0.00000000E+00  0.46734423E-30
  0.47033748E+14  0.00000000E+00  0.46455866E-30
  0.47081113E+14  0.00000000E+00  0.46179650E-30
  0.47128478E+14  0.00000000E+00  0.45905748E-30
  0.47175844E+14  0.00000000E+00  0.45634134E-30
  0.47223209E+14  0.00000000E+00  0.45364781E-30
  0.47270574E+14  0.00000000E+00  0.45097664E-30
  0.47317940E+14  0.00000000E+00  0.44832756E-30
  0.47365305E+14  0.00000000E+00  0.44570034E-30
  0.47412670E+14  0.00000000E+00  0.44309472E-30
  0.47460036E+14  0.00000000E+00  0.44051046E-30
  0.47507401E+14  0.00000000E+00  0.43794733E-30
  0.47554766E+14  0.00000000E+00  0.43540508E-30
  0.47602131E+14  0.00000000E+00  0.43288349E-30
  0.47649497E+14  0.00000000E+00  0.43038232E-30
  0.47696862E+14  0.00000000E+00  0.42790135E-30
  0.47744227E+14  0.00000000E+00  0.42544036E-30
  0.47791593E+14  0.00000000E+00  0.42299913E-30
  0.47838958E+14  0.00000000E+00  0.42057745E-30
  0.47886323E+14  0.00000000E+00  0.41817510E-30
  0.47933689E+14  0.00000000E+00  0.41579187E-30
  0.47981054E+14  0.00000000E+00  0.41342756E-30
  0.48028419E+14  0.00000000E+00  0.41108197E-30
  0.48075784E+14  0.00000000E+00  0.40875488E-30
  0.48123150E+14  0.00000000E+00  0.40644612E-30
  0.48170515E+14  0.00000000E+00  0.40415547E-30
  0.48217880E+14  0.00000000E+00  0.40188276E-30
  0.48265246E+14  0.00000000E+00  0.39962778E-30
  0.48312611E+14  0.00000000E+00  0.39739035E-30
  0.48359976E+14  0.00000000E+00  0.39517030E-30
  0.48407342E+14  0.00000000E+00  0.39296743E-30
  0.48454707E+14  0.00000000E+00  0.39078157E-30
  0.48502072E+14  0.00000000E+00  0.38861255E-30
  0.48549438E+14  0.00000000E+00  0.38646018E-30
  0.48596803E+14  0.00000000E+00  0.38432429E-30
  0.48644168E+14  0.00000000E+00  0.38220472E-30
  0.48691533E+14  0.00000000E+00  0.38010131E-30
  0.48738899E+14  0.00000000E+00  0.37801387E-30
  0.48786264E+14  0.00000000E+00  0.37594226E-30
  0.48833629E+14  0.00000000E+00  0.37388631E-30
  0.48880995E+14  0.00000000E+00  0.37184586E-30
  0.48928360E+14  0.00000000E+00  0.36982076E-30
  0.48975725E+14  0.00000000E+00  0.36781085E-30
  0.49023091E+14  0.00000000E+00  0.36581598E-30
  0.49070456E+14  0.00000000E+00  0.36383600E-30
  0.49117821E+14  0.00000000E+00  0.36187076E-30
  0.49165187E+14  0.00000000E+00  0.35992011E-30
  0.49212552E+14  0.00000000E+00  0.35798392E-30
  0.49259917E+14  0.00000000E+00  0.35606204E-30
  0.49307282E+14  0.00000000E+00  0.35415432E-30
  0.49354648E+14  0.00000000E+00  0.35226063E-30
  0.49402013E+14  0.00000000E+00  0.35038083E-30
  0.49449378E+14  0.00000000E+00  0.34851478E-30
  0.49496744E+14  0.00000000E+00  0.34666236E-30
  0.49544109E+14  0.00000000E+00  0.34482343E-30
  0.49591474E+14  0.00000000E+00  0.34299786E-30
  0.49638840E+14  0.00000000E+00  0.34118552E-30
  0.49686205E+14  0.00000000E+00  0.33938628E-30
  0.49733570E+14  0.00000000E+00  0.33760003E-30
  0.49780935E+14  0.00000000E+00  0.33582662E-30
  0.49828301E+14  0.00000000E+00  0.33406595E-30
  0.49875666E+14  0.00000000E+00  0.33231789E-30
  0.49923031E+14  0.00000000E+00  0.33058232E-30
  0.49970397E+14  0.00000000E+00  0.32885912E-30
  0.50017762E+14  0.00000000E+00  0.32714818E-30
  0.50065127E+14  0.00000000E+00  0.32544938E-30
  0.50112493E+14  0.00000000E+00  0.32376261E-30
  0.50159858E+14  0.00000000E+00  0.32208776E-30
  0.50207223E+14  0.00000000E+00  0.32042471E-30
  0.50254589E+14  0.00000000E+00  0.31877336E-30
  0.50301954E+14  0.00000000E+00  0.31713359E-30
  0.50349319E+14  0.00000000E+00  0.31550530E-30
  0.50396684E+14  0.00000000E+00  0.31388839E-30
  0.50444050E+14  0.00000000E+00  0.31228275E-30
  0.50491415E+14  0.00000000E+00  0.31068827E-30
  0.50538780E+14  0.00000000E+00  0.30910485E-30
  0.50586146E+14  0.00000000E+00  0.30753240E-30
  0.50633511E+14  0.00000000E+00  0.30597082E-30
  0.50680876E+14  0.00000000E+00  0.30441999E-30
  0.50728242E+14  0.00000000E+00  0.30287984E-30
  0.50775607E+14  0.00000000E+00  0.30135025E-30
  0.50822972E+14  0.00000000E+00  0.29983115E-30
  0.50870337E+14  0.00000000E+00  0.29832242E-30
  0.50917703E+14  0.00000000E+00  0.29682398E-30
  0.50965068E+14  0.00000000E+00  0.29533574E-30
  0.51012433E+14  0.00000000E+00  0.29385761E-30
  0.51059799E+14  0.00000000E+00  0.29238949E-30
  0.51107164E+14  0.00000000E+00  0.29093130E-30
  0.51154529E+14  0.00000000E+00  0.28948295E-30
  0.51201895E+14  0.00000000E+00  0.28804436E-30
  0.51249260E+14  0.00000000E+00  0.28661543E-30
  0.51296625E+14  0.00000000E+00  0.28519608E-30
  0.51343991E+14  0.00000000E+00  0.28378623E-30
  0.51391356E+14  0.00000000E+00  0.28238580E-30
  0.51438721E+14  0.00000000E+00  0.28099470E-30
  0.51486086E+14  0.00000000E+00  0.27961285E-30
  0.51533452E+14  0.00000000E+00  0.27824018E-30
  0.51580817E+14  0.00000000E+00  0.27687660E-30
  0.51628182E+14  0.00000000E+00  0.27552203E-30
  0.51675548E+14  0.00000000E+00  0.27417640E-30
  0.51722913E+14  0.00000000E+00  0.27283963E-30
  0.51770278E+14  0.00000000E+00  0.27151164E-30
  0.51817644E+14  0.00000000E+00  0.27019236E-30
  0.51865009E+14  0.00000000E+00  0.26888172E-30
  0.51912374E+14  0.00000000E+00  0.26757963E-30
  0.51959739E+14  0.00000000E+00  0.26628604E-30
  0.52007105E+14  0.00000000E+00  0.26500086E-30
  0.52054470E+14  0.00000000E+00  0.26372403E-30
  0.52101835E+14  0.00000000E+00  0.26245547E-30
  0.52149201E+14  0.00000000E+00  0.26119512E-30
  0.52196566E+14  0.00000000E+00  0.25994290E-30
  0.52243931E+14  0.00000000E+00  0.25869876E-30
  0.52291297E+14  0.00000000E+00  0.25746261E-30
  0.52338662E+14  0.00000000E+00  0.25623440E-30
  0.52386027E+14  0.00000000E+00  0.25501405E-30
  0.52433393E+14  0.00000000E+00  0.25380151E-30
  0.52480758E+14  0.00000000E+00  0.25259671E-30
  0.52528123E+14  0.00000000E+00  0.25139958E-30
  0.52575488E+14  0.00000000E+00  0.25021006E-30
  0.52622854E+14  0.00000000E+00  0.24902809E-30
  0.52670219E+14  0.00000000E+00  0.24785361E-30
  0.52717584E+14  0.00000000E+00  0.24668655E-30
  0.52764950E+14  0.00000000E+00  0.24552686E-30
  0.52812315E+14  0.00000000E+00  0.24437447E-30
  0.52859680E+14  0.00000000E+00  0.24322933E-30
  0.52907046E+14  0.00000000E+00  0.24209137E-30
  0.52954411E+14  0.00000000E+00  0.24096054E-30
  0.53001776E+14  0.00000000E+00  0.23983678E-30
  0.53049142E+14  0.00000000E+00  0.23872003E-30
  0.53096507E+14  0.00000000E+00  0.23761024E-30
  0.53143872E+14  0.00000000E+00  0.23650735E-30
  0.53191237E+14  0.00000000E+00  0.23541131E-30
  0.53238603E+14  0.00000000E+00  0.23432205E-30
  0.53285968E+14  0.00000000E+00  0.23323954E-30
  0.53333333E+14  0.00000000E+00  0.23216370E-30
  0.53380699E+14  0.00000000E+00  0.23109450E-30
  0.53428064E+14  0.00000000E+00  0.23003187E-30
  0.53475429E+14  0.00000000E+00  0.22897576E-30
  0.53522795E+14  0.00000000E+00  0.22792613E-30
  0.53570160E+14  0.00000000E+00  0.22688293E-30
  0.53617525E+14  0.00000000E+00  0.22584609E-30
  0.53664890E+14  0.00000000E+00  0.22481558E-30
  0.53712256E+14  0.00000000E+00  0.22379133E-30
  0.53759621E+14  0.00000000E+00  0.22277331E-30
  0.53806986E+14  0.00000000E+00  0.22176147E-30
  0.53854352E+14  0.00000000E+00  0.22075575E-30
  0.53901717E+14  0.00000000E+00  0.21975611E-30
  0.53949082E+14  0.00000000E+00  0.21876250E-30
  0.53996448E+14  0.00000000E+00  0.21777488E-30
  0.54043813E+14  0.00000000E+00  0.21679319E-30
  0.54091178E+14  0.00000000E+00  0.21581740E-30
  0.54138544E+14  0.00000000E+00  0.21484745E-30
  0.54185909E+14  0.00000000E+00  0.21388331E-30
  0.54233274E+14  0.00000000E+00  0.21292492E-30
  0.54280639E+14  0.00000000E+00  0.21197225E-30
  0.54328005E+14  0.00000000E+00  0.21102524E-30
  0.54375370E+14  0.00000000E+00  0.21008387E-30
  0.54422735E+14  0.00000000E+00  0.20914808E-30
  0.54470101E+14  0.00000000E+00  0.20821782E-30
  0.54517466E+14  0.00000000E+00  0.20729307E-30
  0.54564831E+14  0.00000000E+00  0.20637378E-30
  0.54612197E+14  0.00000000E+00  0.20545990E-30
  0.54659562E+14  0.00000000E+00  0.20455140E-30
  0.54706927E+14  0.00000000E+00  0.20364824E-30
  0.54754292E+14  0.00000000E+00  0.20275036E-30
  0.54801658E+14  0.00000000E+00  0.20185775E-30
  0.54849023E+14  0.00000000E+00  0.20097035E-30
  0.54896388E+14  0.00000000E+00  0.20008813E-30
  0.54943754E+14  0.00000000E+00  0.19921104E-30
  0.54991119E+14  0.00000000E+00  0.19833906E-30
  0.55038484E+14  0.00000000E+00  0.19747214E-30
  0.55085850E+14  0.00000000E+00  0.19661024E-30
  0.55133215E+14  0.00000000E+00  0.19575333E-30
  0.55180580E+14  0.00000000E+00  0.19490138E-30
  0.55227946E+14  0.00000000E+00  0.19405433E-30
  0.55275311E+14  0.00000000E+00  0.19321217E-30
  0.55322676E+14  0.00000000E+00  0.19237485E-30
  0.55370041E+14  0.00000000E+00  0.19154233E-30
  0.55417407E+14  0.00000000E+00  0.19071458E-30
  0.55464772E+14  0.00000000E+00  0.18989158E-30
  0.55512137E+14  0.00000000E+00  0.18907327E-30
  0.55559503E+14  0.00000000E+00  0.18825963E-30
  0.55606868E+14  0.00000000E+00  0.18745063E-30
  0.55654233E+14  0.00000000E+00  0.18664623E-30
  0.55701599E+14  0.00000000E+00  0.18584639E-30
  0.55748964E+14  0.00000000E+00  0.18505109E-30
  0.55796329E+14  0.00000000E+00  0.18426028E-30
  0.55843694E+14  0.00000000E+00  0.18347395E-30
  0.55891060E+14  0.00000000E+00  0.18269205E-30
  0.55938425E+14  0.00000000E+00  0.18191456E-30
  0.55985790E+14  0.00000000E+00  0.18114145E-30
  0.56033156E+14  0.00000000E+00  0.18037267E-30
  0.56080521E+14  0.00000000E+00  0.17960820E-30
  0.56127886E+14  0.00000000E+00  0.17884802E-30
  0.56175252E+14  0.00000000E+00  0.17809208E-30
  0.56222617E+14  0.00000000E+00  0.17734037E-30
  0.56269982E+14  0.00000000E+00  0.17659284E-30
  0.56317348E+14  0.00000000E+00  0.17584947E-30
  0.56364713E+14  0.00000000E+00  0.17511024E-30
  0.56412078E+14  0.00000000E+00  0.17437510E-30
  0.56459443E+14  0.00000000E+00  0.17364404E-30
  0.56506809E+14  0.00000000E+00  0.17291702E-30
  0.56554174E+14  0.00000000E+00  0.17219401E-30
  0.56601539E+14  0.00000000E+00  0.17147500E-30
  0.56648905E+14  0.00000000E+00  0.17075994E-30
  0.56696270E+14  0.00000000E+00  0.17004881E-30
  0.56743635E+14  0.00000000E+00  0.16934159E-30
  0.56791001E+14  0.00000000E+00  0.16863825E-30
  0.56838366E+14  0.00000000E+00  0.16793875E-30
  0.56885731E+14  0.00000000E+00  0.16724308E-30
  0.56933097E+14  0.00000000E+00  0.16655121E-30
  0.56980462E+14  0.00000000E+00  0.16586310E-30
  0.57027827E+14  0.00000000E+00  0.16517874E-30
  0.57075192E+14  0.00000000E+00  0.16449810E-30
  0.57122558E+14  0.00000000E+00  0.16382115E-30
  0.57169923E+14  0.00000000E+00  0.16314787E-30
  0.57217288E+14  0.00000000E+00  0.16247823E-30
  0.57264654E+14  0.00000000E+00  0.16181221E-30
  0.57312019E+14  0.00000000E+00  0.16114978E-30
  0.57359384E+14  0.00000000E+00  0.16049093E-30
  0.57406750E+14  0.00000000E+00  0.15983561E-30
  0.57454115E+14  0.00000000E+00  0.15918381E-30
  0.57501480E+14  0.00000000E+00  0.15853551E-30
  0.57548845E+14  0.00000000E+00  0.15789068E-30
  0.57596211E+14  0.00000000E+00  0.15724931E-30
  0.57643576E+14  0.00000000E+00  0.15661135E-30
  0.57690941E+14  0.00000000E+00  0.15597680E-30
  0.57738307E+14  0.00000000E+00  0.15534563E-30
  0.57785672E+14  0.00000000E+00  0.15471781E-30
  0.57833037E+14  0.00000000E+00  0.15409333E-30
  0.57880403E+14  0.00000000E+00  0.15347215E-30
  0.57927768E+14  0.00000000E+00  0.15285427E-30
  0.57975133E+14  0.00000000E+00  0.15223966E-30
  0.58022499E+14  0.00000000E+00  0.15162829E-30
  0.58069864E+14  0.00000000E+00  0.15102014E-30
  0.58117229E+14  0.00000000E+00  0.15041520E-30
  0.58164594E+14  0.00000000E+00  0.14981344E-30
  0.58211960E+14  0.00000000E+00  0.14921483E-30
  0.58259325E+14  0.00000000E+00  0.14861937E-30
  0.58306690E+14  0.00000000E+00  0.14802702E-30
  0.58354056E+14  0.00000000E+00  0.14743778E-30
  0.58401421E+14  0.00000000E+00  0.14685161E-30
  0.58448786E+14  0.00000000E+00  0.14626849E-30
  0.58496152E+14  0.00000000E+00  0.14568841E-30
  0.58543517E+14  0.00000000E+00  0.14511135E-30
  0.58590882E+14  0.00000000E+00  0.14453729E-30
  0.58638247E+14  0.00000000E+00  0.14396620E-30
  0.58685613E+14  0.00000000E+00  0.14339808E-30
  0.58732978E+14  0.00000000E+00  0.14283289E-30
  0.58780343E+14  0.00000000E+00  0.14227062E-30
  0.58827709E+14  0.00000000E+00  0.14171125E-30
  0.58875074E+14  0.00000000E+00  0.14115476E-30
  0.58922439E+14  0.00000000E+00  0.14060113E-30
  0.58969805E+14  0.00000000E+00  0.14005035E-30
  0.59017170E+14  0.00000000E+00  0.13950240E-30
  0.59064535E+14  0.00000000E+00  0.13895725E-30
  0.59111901E+14  0.00000000E+00  0.13841489E-30
  0.59159266E+14  0.00000000E+00  0.13787530E-30
  0.59206631E+14  0.00000000E+00  0.13733847E-30
  0.59253996E+14  0.00000000E+00  0.13680437E-30
  0.59301362E+14  0.00000000E+00  0.13627299E-30
  0.59348727E+14  0.00000000E+00  0.13574432E-30
  0.59396092E+14  0.00000000E+00  0.13521832E-30
  0.59443458E+14  0.00000000E+00  0.13469500E-30
  0.59490823E+14  0.00000000E+00  0.13417432E-30
  0.59538188E+14  0.00000000E+00  0.13365627E-30
  0.59585554E+14  0.00000000E+00  0.13314084E-30
  0.59632919E+14  0.00000000E+00  0.13262801E-30
  0.59680284E+14  0.00000000E+00  0.13211777E-30
  0.59727649E+14  0.00000000E+00  0.13161009E-30
  0.59775015E+14  0.00000000E+00  0.13110496E-30
  0.59822380E+14  0.00000000E+00  0.13060236E-30
  0.59869745E+14  0.00000000E+00  0.13010229E-30
  0.59917111E+14  0.00000000E+00  0.12960471E-30
  0.59964476E+14  0.00000000E+00  0.12910962E-30
  0.60011841E+14  0.00000000E+00  0.12861700E-30
  0.60059207E+14  0.00000000E+00  0.12812684E-30
  0.60106572E+14  0.00000000E+00  0.12763912E-30
  0.60153937E+14  0.00000000E+00  0.12715382E-30
  0.60201303E+14  0.00000000E+00  0.12667094E-30
  0.60248668E+14  0.00000000E+00  0.12619044E-30
  0.60296033E+14  0.00000000E+00  0.12571233E-30
  0.60343398E+14  0.00000000E+00  0.12523658E-30
  0.60390764E+14  0.00000000E+00  0.12476319E-30
  0.60438129E+14  0.00000000E+00  0.12429213E-30
  0.60485494E+14  0.00000000E+00  0.12382339E-30
  0.60532860E+14  0.00000000E+00  0.12335695E-30
  0.60580225E+14  0.00000000E+00  0.12289281E-30
  0.60627590E+14  0.00000000E+00  0.12243095E-30
  0.60674956E+14  0.00000000E+00  0.12197135E-30
  0.60722321E+14  0.00000000E+00  0.12151400E-30
  0.60769686E+14  0.00000000E+00  0.12105889E-30
  0.60817052E+14  0.00000000E+00  0.12060601E-30
  0.60864417E+14  0.00000000E+00  0.12015533E-30
  0.60911782E+14  0.00000000E+00  0.11970685E-30
  0.60959147E+14  0.00000000E+00  0.11926055E-30
  0.61006513E+14  0.00000000E+00  0.11881642E-30
  0.61053878E+14  0.00000000E+00  0.11837445E-30
  0.61101243E+14  0.00000000E+00  0.11793461E-30
  0.61148609E+14  0.00000000E+00  0.11749691E-30
  0.61195974E+14  0.00000000E+00  0.11706133E-30
  0.61243339E+14  0.00000000E+00  0.11662785E-30
  0.61290705E+14  0.00000000E+00  0.11619646E-30
  0.61338070E+14  0.00000000E+00  0.11576715E-30
  0.61385435E+14  0.00000000E+00  0.11533991E-30
  0.61432800E+14  0.00000000E+00  0.11491472E-30
  0.61480166E+14  0.00000000E+00  0.11449157E-30
  0.61527531E+14  0.00000000E+00  0.11407045E-30
  0.61574896E+14  0.00000000E+00  0.11365135E-30
  0.61622262E+14  0.00000000E+00  0.11323425E-30
  0.61669627E+14  0.00000000E+00  0.11281914E-30
  0.61716992E+14  0.00000000E+00  0.11240602E-30
  0.61764358E+14  0.00000000E+00  0.11199486E-30
  0.61811723E+14  0.00000000E+00  0.11158567E-30
  0.61859088E+14  0.00000000E+00  0.11117841E-30
  0.61906454E+14  0.00000000E+00  0.11077310E-30
  0.61953819E+14  0.00000000E+00  0.11036970E-30
  0.62001184E+14  0.00000000E+00  0.10996822E-30
  0.62048549E+14  0.00000000E+00  0.10956863E-30
  0.62095915E+14  0.00000000E+00  0.10917094E-30
  0.62143280E+14  0.00000000E+00  0.10877512E-30
  0.62190645E+14  0.00000000E+00  0.10838117E-30
  0.62238011E+14  0.00000000E+00  0.10798907E-30
  0.62285376E+14  0.00000000E+00  0.10759882E-30
  0.62332741E+14  0.00000000E+00  0.10721041E-30
  0.62380107E+14  0.00000000E+00  0.10682381E-30
  0.62427472E+14  0.00000000E+00  0.10643903E-30
  0.62474837E+14  0.00000000E+00  0.10605605E-30
  0.62522202E+14  0.00000000E+00  0.10567486E-30
  0.62569568E+14  0.00000000E+00  0.10529545E-30
  0.62616933E+14  0.00000000E+00  0.10491781E-30
  0.62664298E+14  0.00000000E+00  0.10454193E-30
  0.62711664E+14  0.00000000E+00  0.10416780E-30
  0.62759029E+14  0.00000000E+00  0.10379541E-30
  0.62806394E+14  0.00000000E+00  0.10342475E-30
  0.62853760E+14  0.00000000E+00  0.10305581E-30
  0.62901125E+14  0.00000000E+00  0.10268858E-30
  0.62948490E+14  0.00000000E+00  0.10232304E-30
  0.62995856E+14  0.00000000E+00  0.10195920E-30
  0.63043221E+14  0.00000000E+00  0.10159704E-30
  0.63090586E+14  0.00000000E+00  0.10123655E-30
  0.63137951E+14  0.00000000E+00  0.10087771E-30
  0.63185317E+14  0.00000000E+00  0.10052053E-30
  0.63232682E+14  0.00000000E+00  0.10016499E-30
  0.63280047E+14  0.00000000E+00  0.99811087E-31
  0.63327413E+14  0.00000000E+00  0.99458802E-31
  0.63374778E+14  0.00000000E+00  0.99108132E-31
  0.63422143E+14  0.00000000E+00  0.98759066E-31
  0.63469509E+14  0.00000000E+00  0.98411595E-31
  0.63516874E+14  0.00000000E+00  0.98065710E-31
  0.63564239E+14  0.00000000E+00  0.97721403E-31
  0.63611604E+14  0.00000000E+00  0.97378663E-31
  0.63658970E+14  0.00000000E+00  0.97037483E-31
  0.63706335E+14  0.00000000E+00  0.96697853E-31
  0.63753700E+14  0.00000000E+00  0.96359765E-31
  0.63801066E+14  0.00000000E+00  0.96023209E-31
  0.63848431E+14  0.00000000E+00  0.95688178E-31
  0.63895796E+14  0.00000000E+00  0.95354663E-31
  0.63943162E+14  0.00000000E+00  0.95022654E-31
  0.63990527E+14  0.00000000E+00  0.94692144E-31
  0.64037892E+14  0.00000000E+00  0.94363125E-31
  0.64085258E+14  0.00000000E+00  0.94035587E-31
  0.64132623E+14  0.00000000E+00  0.93709522E-31
  0.64179988E+14  0.00000000E+00  0.93384923E-31
  0.64227353E+14  0.00000000E+00  0.93061781E-31
  0.64274719E+14  0.00000000E+00  0.92740088E-31
  0.64322084E+14  0.00000000E+00  0.92419836E-31
  0.64369449E+14  0.00000000E+00  0.92101016E-31
  0.64416815E+14  0.00000000E+00  0.91783621E-31
  0.64464180E+14  0.00000000E+00  0.91467644E-31
  0.64511545E+14  0.00000000E+00  0.91153075E-31
  0.64558911E+14  0.00000000E+00  0.90839907E-31
  0.64606276E+14  0.00000000E+00  0.90528133E-31
  0.64653641E+14  0.00000000E+00  0.90217744E-31
  0.64701007E+14  0.00000000E+00  0.89908733E-31
  0.64748372E+14  0.00000000E+00  0.89601093E-31
  0.64795737E+14  0.00000000E+00  0.89294816E-31
  0.64843102E+14  0.00000000E+00  0.88989894E-31
  0.64890468E+14  0.00000000E+00  0.88686320E-31
  0.64937833E+14  0.00000000E+00  0.88384086E-31
  0.64985198E+14  0.00000000E+00  0.88083186E-31
  0.65032564E+14  0.00000000E+00  0.87783611E-31
  0.65079929E+14  0.00000000E+00  0.87485355E-31
  0.65127294E+14  0.00000000E+00  0.87188410E-31
  0.65174660E+14  0.00000000E+00  0.86892769E-31
  0.65222025E+14  0.00000000E+00  0.86598426E-31
  0.65269390E+14  0.00000000E+00  0.86305372E-31
  0.65316755E+14  0.00000000E+00  0.86013601E-31
  0.65364121E+14  0.00000000E+00  0.85723107E-31
  0.65411486E+14  0.00000000E+00  0.85433881E-31
  0.65458851E+14  0.00000000E+00  0.85145917E-31
  0.65506217E+14  0.00000000E+00  0.84859209E-31
  0.65553582E+14  0.00000000E+00  0.84573749E-31
  0.65600947E+14  0.00000000E+00  0.84289531E-31
  0.65648313E+14  0.00000000E+00  0.84006548E-31
  0.65695678E+14  0.00000000E+00  0.83724793E-31
  0.65743043E+14  0.00000000E+00  0.83444260E-31
  0.65790409E+14  0.00000000E+00  0.83164942E-31
  0.65837774E+14  0.00000000E+00  0.82886833E-31
  0.65885139E+14  0.00000000E+00  0.82609926E-31
  0.65932504E+14  0.00000000E+00  0.82334214E-31
  0.65979870E+14  0.00000000E+00  0.82059692E-31
  0.66027235E+14  0.00000000E+00  0.81786353E-31
  0.66074600E+14  0.00000000E+00  0.81514190E-31
  0.66121966E+14  0.00000000E+00  0.81243197E-31
  0.66169331E+14  0.00000000E+00  0.80973369E-31
  0.66216696E+14  0.00000000E+00  0.80704698E-31
  0.66264062E+14  0.00000000E+00  0.80437179E-31
  0.66311427E+14  0.00000000E+00  0.80170806E-31
  0.66358792E+14  0.00000000E+00  0.79905572E-31
  0.66406157E+14  0.00000000E+00  0.79641471E-31
  0.66453523E+14  0.00000000E+00  0.79378498E-31
  0.66500888E+14  0.00000000E+00  0.79116646E-31
  0.66548253E+14  0.00000000E+00  0.78855909E-31
  0.66595619E+14  0.00000000E+00  0.78596283E-31
  0.66642984E+14  0.00000000E+00  0.78337759E-31
  0.66690349E+14  0.00000000E+00  0.78080334E-31
  0.66737715E+14  0.00000000E+00  0.77824001E-31
  0.66785080E+14  0.00000000E+00  0.77568754E-31
  0.66832445E+14  0.00000000E+00  0.77314588E-31
  0.66879811E+14  0.00000000E+00  0.77061497E-31
  0.66927176E+14  0.00000000E+00  0.76809476E-31
  0.66974541E+14  0.00000000E+00  0.76558518E-31
  0.67021906E+14  0.00000000E+00  0.76308618E-31
  0.67069272E+14  0.00000000E+00  0.76059771E-31
  0.67116637E+14  0.00000000E+00  0.75811971E-31
  0.67164002E+14  0.00000000E+00  0.75565212E-31
  0.67211368E+14  0.00000000E+00  0.75319490E-31
  0.67258733E+14  0.00000000E+00  0.75074799E-31
  0.67306098E+14  0.00000000E+00  0.74831133E-31
  0.67353464E+14  0.00000000E+00  0.74588488E-31
  0.67400829E+14  0.00000000E+00  0.74346857E-31
  0.67448194E+14  0.00000000E+00  0.74106236E-31
  0.67495560E+14  0.00000000E+00  0.73866620E-31
  0.67542925E+14  0.00000000E+00  0.73628002E-31
  0.67590290E+14  0.00000000E+00  0.73390379E-31
  0.67637655E+14  0.00000000E+00  0.73153745E-31
  0.67685021E+14  0.00000000E+00  0.72918094E-31
  0.67732386E+14  0.00000000E+00  0.72683422E-31
  0.67779751E+14  0.00000000E+00  0.72449724E-31
  0.67827117E+14  0.00000000E+00  0.72216995E-31
  0.67874482E+14  0.00000000E+00  0.71985229E-31
  0.67921847E+14  0.00000000E+00  0.71754422E-31
  0.67969213E+14  0.00000000E+00  0.71524569E-31
  0.68016578E+14  0.00000000E+00  0.71295665E-31
  0.68063943E+14  0.00000000E+00  0.71067706E-31
  0.68111308E+14  0.00000000E+00  0.70840685E-31
  0.68158674E+14  0.00000000E+00  0.70614599E-31
  0.68206039E+14  0.00000000E+00  0.70389443E-31
  0.68253404E+14  0.00000000E+00  0.70165212E-31
  0.68300770E+14  0.00000000E+00  0.69941901E-31
  0.68348135E+14  0.00000000E+00  0.69719506E-31
  0.68395500E+14  0.00000000E+00  0.69498022E-31
  0.68442866E+14  0.00000000E+00  0.69277445E-31
  0.68490231E+14  0.00000000E+00  0.69057769E-31
  0.68537596E+14  0.00000000E+00  0.68838990E-31
  0.68584962E+14  0.00000000E+00  0.68621104E-31
  0.68632327E+14  0.00000000E+00  0.68404107E-31
  0.68679692E+14  0.00000000E+00  0.68187993E-31
  0.68727057E+14  0.00000000E+00  0.67972758E-31
  0.68774423E+14  0.00000000E+00  0.67758398E-31
  0.68821788E+14  0.00000000E+00  0.67544909E-31
  0.68869153E+14  0.00000000E+00  0.67332286E-31
  0.68916519E+14  0.00000000E+00  0.67120524E-31
  0.68963884E+14  0.00000000E+00  0.66909620E-31
  0.69011249E+14  0.00000000E+00  0.66699569E-31
  0.69058615E+14  0.00000000E+00  0.66490367E-31
  0.69105980E+14  0.00000000E+00  0.66282009E-31
  0.69153345E+14  0.00000000E+00  0.66074492E-31
  0.69200710E+14  0.00000000E+00  0.65867811E-31
  0.69248076E+14  0.00000000E+00  0.65661962E-31
  0.69295441E+14  0.00000000E+00  0.65456942E-31
  0.69342806E+14  0.00000000E+00  0.65252744E-31
  0.69390172E+14  0.00000000E+00  0.65049367E-31
  0.69437537E+14  0.00000000E+00  0.64846805E-31
  0.69484902E+14  0.00000000E+00  0.64645055E-31
  0.69532268E+14  0.00000000E+00  0.64444112E-31
  0.69579633E+14  0.00000000E+00  0.64243973E-31
  0.69626998E+14  0.00000000E+00  0.64044634E-31
  0.69674364E+14  0.00000000E+00  0.63846090E-31
  0.69721729E+14  0.00000000E+00  0.63648338E-31
  0.69769094E+14  0.00000000E+00  0.63451373E-31
  0.69816459E+14  0.00000000E+00  0.63255193E-31
  0.69863825E+14  0.00000000E+00  0.63059793E-31
  0.69911190E+14  0.00000000E+00  0.62865169E-31
  0.69958555E+14  0.00000000E+00  0.62671317E-31
  0.70005921E+14  0.00000000E+00  0.62478234E-31
  0.70053286E+14  0.00000000E+00  0.62285917E-31
  0.70100651E+14  0.00000000E+00  0.62094360E-31
  0.70148017E+14  0.00000000E+00  0.61903560E-31
  0.70195382E+14  0.00000000E+00  0.61713515E-31
  0.70242747E+14  0.00000000E+00  0.61524219E-31
  0.70290112E+14  0.00000000E+00  0.61335670E-31
  0.70337478E+14  0.00000000E+00  0.61147864E-31
  0.70384843E+14  0.00000000E+00  0.60960797E-31
  0.70432208E+14  0.00000000E+00  0.60774465E-31
  0.70479574E+14  0.00000000E+00  0.60588866E-31
  0.70526939E+14  0.00000000E+00  0.60403995E-31
  0.70574304E+14  0.00000000E+00  0.60219848E-31
  0.70621670E+14  0.00000000E+00  0.60036424E-31
  0.70669035E+14  0.00000000E+00  0.59853717E-31
  0.70716400E+14  0.00000000E+00  0.59671724E-31
  0.70763766E+14  0.00000000E+00  0.59490443E-31
  0.70811131E+14  0.00000000E+00  0.59309869E-31
  0.70858496E+14  0.00000000E+00  0.59130000E-31
  0.70905861E+14  0.00000000E+00  0.58950831E-31
  0.70953227E+14  0.00000000E+00  0.58772359E-31
  0.71000592E+14  0.00000000E+00  0.58594582E-31
  0.71047957E+14  0.00000000E+00  0.58417496E-31
  0.71095323E+14  0.00000000E+00  0.58241096E-31
  0.71142688E+14  0.00000000E+00  0.58065381E-31
  0.71190053E+14  0.00000000E+00  0.57890347E-31
  0.71237419E+14  0.00000000E+00  0.57715991E-31
  0.71284784E+14  0.00000000E+00  0.57542309E-31
  0.71332149E+14  0.00000000E+00  0.57369297E-31
  0.71379515E+14  0.00000000E+00  0.57196954E-31
  0.71426880E+14  0.00000000E+00  0.57025276E-31
  0.71474245E+14  0.00000000E+00  0.56854259E-31
  0.71521610E+14  0.00000000E+00  0.56683901E-31
  0.71568976E+14  0.00000000E+00  0.56514198E-31
  0.71616341E+14  0.00000000E+00  0.56345148E-31
  0.71663706E+14  0.00000000E+00  0.56176746E-31
  0.71711072E+14  0.00000000E+00  0.56008991E-31
  0.71758437E+14  0.00000000E+00  0.55841879E-31
  0.71805802E+14  0.00000000E+00  0.55675406E-31
  0.71853168E+14  0.00000000E+00  0.55509571E-31
  0.71900533E+14  0.00000000E+00  0.55344369E-31
  0.71947898E+14  0.00000000E+00  0.55179799E-31
  0.71995263E+14  0.00000000E+00  0.55015856E-31
  0.72042629E+14  0.00000000E+00  0.54852539E-31
  0.72089994E+14  0.00000000E+00  0.54689843E-31
  0.72137359E+14  0.00000000E+00  0.54527767E-31
  0.72184725E+14  0.00000000E+00  0.54366307E-31
  0.72232090E+14  0.00000000E+00  0.54205461E-31
  0.72279455E+14  0.00000000E+00  0.54045225E-31
  0.72326821E+14  0.00000000E+00  0.53885597E-31
  0.72374186E+14  0.00000000E+00  0.53726573E-31
  0.72421551E+14  0.00000000E+00  0.53568152E-31
  0.72468917E+14  0.00000000E+00  0.53410329E-31
  0.72516282E+14  0.00000000E+00  0.53253103E-31
  0.72563647E+14  0.00000000E+00  0.53096471E-31
  0.72611012E+14  0.00000000E+00  0.52940430E-31
  0.72658378E+14  0.00000000E+00  0.52784977E-31
  0.72705743E+14  0.00000000E+00  0.52630109E-31
  0.72753108E+14  0.00000000E+00  0.52475823E-31
  0.72800474E+14  0.00000000E+00  0.52322118E-31
  0.72847839E+14  0.00000000E+00  0.52168990E-31
  0.72895204E+14  0.00000000E+00  0.52016437E-31
  0.72942570E+14  0.00000000E+00  0.51864456E-31
  0.72989935E+14  0.00000000E+00  0.51713044E-31
  0.73037300E+14  0.00000000E+00  0.51562198E-31
  0.73084665E+14  0.00000000E+00  0.51411917E-31
  0.73132031E+14  0.00000000E+00  0.51262198E-31
  0.73179396E+14  0.00000000E+00  0.51113037E-31
  0.73226761E+14  0.00000000E+00  0.50964432E-31
  0.73274127E+14  0.00000000E+00  0.50816382E-31
  0.73321492E+14  0.00000000E+00  0.50668882E-31
  0.73368857E+14  0.00000000E+00  0.50521932E-31
  0.73416223E+14  0.00000000E+00  0.50375527E-31
  0.73463588E+14  0.00000000E+00  0.50229666E-31
  0.73510953E+14  0.00000000E+00  0.50084347E-31
  0.73558319E+14  0.00000000E+00  0.49939566E-31
  0.73605684E+14  0.00000000E+00  0.49795321E-31
  0.73653049E+14  0.00000000E+00  0.49651611E-31
  0.73700414E+14  0.00000000E+00  0.49508432E-31
  0.73747780E+14  0.00000000E+00  0.49365781E-31
  0.73795145E+14  0.00000000E+00  0.49223658E-31
  0.73842510E+14  0.00000000E+00  0.49082058E-31
  0.73889876E+14  0.00000000E+00  0.48940981E-31
  0.73937241E+14  0.00000000E+00  0.48800422E-31
  0.73984606E+14  0.00000000E+00  0.48660381E-31
  0.74031972E+14  0.00000000E+00  0.48520855E-31
  0.74079337E+14  0.00000000E+00  0.48381841E-31
  0.74126702E+14  0.00000000E+00  0.48243338E-31
  0.74174067E+14  0.00000000E+00  0.48105342E-31
  0.74221433E+14  0.00000000E+00  0.47967851E-31
  0.74268798E+14  0.00000000E+00  0.47830864E-31
  0.74316163E+14  0.00000000E+00  0.47694378E-31
  0.74363529E+14  0.00000000E+00  0.47558391E-31
  0.74410894E+14  0.00000000E+00  0.47422900E-31
  0.74458259E+14  0.00000000E+00  0.47287903E-31
  0.74505625E+14  0.00000000E+00  0.47153399E-31
  0.74552990E+14  0.00000000E+00  0.47019384E-31
  0.74600355E+14  0.00000000E+00  0.46885857E-31
  0.74647721E+14  0.00000000E+00  0.46752815E-31
  0.74695086E+14  0.00000000E+00  0.46620257E-31
  0.74742451E+14  0.00000000E+00  0.46488180E-31
  0.74789816E+14  0.00000000E+00  0.46356582E-31
  0.74837182E+14  0.00000000E+00  0.46225460E-31
  0.74884547E+14  0.00000000E+00  0.46094814E-31
  0.74931912E+14  0.00000000E+00  0.45964640E-31
  0.74979278E+14  0.00000000E+00  0.45834936E-31
  0.75026643E+14  0.00000000E+00  0.45705701E-31
  0.75074008E+14  0.00000000E+00  0.45576933E-31
  0.75121374E+14  0.00000000E+00  0.45448628E-31
  0.75168739E+14  0.00000000E+00  0.45320786E-31
  0.75216104E+14  0.00000000E+00  0.45193404E-31
  0.75263470E+14  0.00000000E+00  0.45066480E-31
  0.75310835E+14  0.00000000E+00  0.44940013E-31
  0.75358200E+14  0.00000000E+00  0.44813999E-31
  0.75405565E+14  0.00000000E+00  0.44688437E-31
  0.75452931E+14  0.00000000E+00  0.44563326E-31
  0.75500296E+14  0.00000000E+00  0.44438663E-31
  0.75547661E+14  0.00000000E+00  0.44314446E-31
  0.75595027E+14  0.00000000E+00  0.44190673E-31
  0.75642392E+14  0.00000000E+00  0.44067342E-31
  0.75689757E+14  0.00000000E+00  0.43944452E-31
  0.75737123E+14  0.00000000E+00  0.43821999E-31
  0.75784488E+14  0.00000000E+00  0.43699984E-31
  0.75831853E+14  0.00000000E+00  0.43578403E-31
  0.75879218E+14  0.00000000E+00  0.43457254E-31
  0.75926584E+14  0.00000000E+00  0.43336537E-31
  0.75973949E+14  0.00000000E+00  0.43216248E-31
  0.76021314E+14  0.00000000E+00  0.43096386E-31
  0.76068680E+14  0.00000000E+00  0.42976949E-31
  0.76116045E+14  0.00000000E+00  0.42857936E-31
  0.76163410E+14  0.00000000E+00  0.42739344E-31
  0.76210776E+14  0.00000000E+00  0.42621172E-31
  0.76258141E+14  0.00000000E+00  0.42503417E-31
  0.76305506E+14  0.00000000E+00  0.42386079E-31
  0.76352872E+14  0.00000000E+00  0.42269154E-31
  0.76400237E+14  0.00000000E+00  0.42152642E-31
  0.76447602E+14  0.00000000E+00  0.42036541E-31
  0.76494967E+14  0.00000000E+00  0.41920848E-31
  0.76542333E+14  0.00000000E+00  0.41805562E-31
  0.76589698E+14  0.00000000E+00  0.41690682E-31
  0.76637063E+14  0.00000000E+00  0.41576205E-31
  0.76684429E+14  0.00000000E+00  0.41462130E-31
  0.76731794E+14  0.00000000E+00  0.41348455E-31
  0.76779159E+14  0.00000000E+00  0.41235178E-31
  0.76826525E+14  0.00000000E+00  0.41122298E-31
  0.76873890E+14  0.00000000E+00  0.41009813E-31
  0.76921255E+14  0.00000000E+00  0.40897722E-31
  0.76968620E+14  0.00000000E+00  0.40786021E-31
  0.77015986E+14  0.00000000E+00  0.40674711E-31
  0.77063351E+14  0.00000000E+00  0.40563789E-31
  0.77110716E+14  0.00000000E+00  0.40453253E-31
  0.77158082E+14  0.00000000E+00  0.40343102E-31
  0.77205447E+14  0.00000000E+00  0.40233334E-31
  0.77252812E+14  0.00000000E+00  0.40123948E-31
  0.77300178E+14  0.00000000E+00  0.40014942E-31
  0.77347543E+14  0.00000000E+00  0.39906315E-31
  0.77394908E+14  0.00000000E+00  0.39798064E-31
  0.77442274E+14  0.00000000E+00  0.39690188E-31
  0.77489639E+14  0.00000000E+00  0.39582686E-31
  0.77537004E+14  0.00000000E+00  0.39475555E-31
  0.77584369E+14  0.00000000E+00  0.39368796E-31
  0.77631735E+14  0.00000000E+00  0.39262404E-31
  0.77679100E+14  0.00000000E+00  0.39156381E-31
  0.77726465E+14  0.00000000E+00  0.39050722E-31
  0.77773831E+14  0.00000000E+00  0.38945428E-31
  0.77821196E+14  0.00000000E+00  0.38840497E-31
  0.77868561E+14  0.00000000E+00  0.38735927E-31
  0.77915927E+14  0.00000000E+00  0.38631716E-31
  0.77963292E+14  0.00000000E+00  0.38527863E-31
  0.78010657E+14  0.00000000E+00  0.38424367E-31
  0.78058022E+14  0.00000000E+00  0.38321226E-31
  0.78105388E+14  0.00000000E+00  0.38218438E-31
  0.78152753E+14  0.00000000E+00  0.38116002E-31
  0.78200118E+14  0.00000000E+00  0.38013917E-31
  0.78247484E+14  0.00000000E+00  0.37912181E-31
  0.78294849E+14  0.00000000E+00  0.37810793E-31
  0.78342214E+14  0.00000000E+00  0.37709751E-31
  0.78389580E+14  0.00000000E+00  0.37609053E-31
  0.78436945E+14  0.00000000E+00  0.37508699E-31
  0.78484310E+14  0.00000000E+00  0.37408687E-31
  0.78531676E+14  0.00000000E+00  0.37309015E-31
  0.78579041E+14  0.00000000E+00  0.37209682E-31
  0.78626406E+14  0.00000000E+00  0.37110687E-31
  0.78673771E+14  0.00000000E+00  0.37012027E-31
  0.78721137E+14  0.00000000E+00  0.36913703E-31
  0.78768502E+14  0.00000000E+00  0.36815712E-31
  0.78815867E+14  0.00000000E+00  0.36718053E-31
  0.78863233E+14  0.00000000E+00  0.36620725E-31
  0.78910598E+14  0.00000000E+00  0.36523726E-31
  0.78957963E+14  0.00000000E+00  0.36427055E-31
  0.79005329E+14  0.00000000E+00  0.36330710E-31
  0.79052694E+14  0.00000000E+00  0.36234691E-31
  0.79100059E+14  0.00000000E+00  0.36138995E-31
  0.79147425E+14  0.00000000E+00  0.35948570E-57
  0.79194790E+14  0.00000000E+00  0.35759424E-57
  0.79242155E+14  0.00000000E+00  0.35571547E-57
  0.79289520E+14  0.00000000E+00  0.35384929E-57
  0.79336886E+14  0.00000000E+00  0.35199559E-57
  0.79384251E+14  0.00000000E+00  0.35015426E-57
  0.79431616E+14  0.00000000E+00  0.34832521E-57
  0.79478982E+14  0.00000000E+00  0.34650835E-57
  0.79526347E+14  0.00000000E+00  0.34470355E-57
  0.79573712E+14  0.00000000E+00 -0.55501997E-30
  0.79621078E+14  0.00000000E+00 -0.49561722E-30
  0.79668443E+14  0.00000000E+00 -0.47899885E-30
  0.79715808E+14  0.00000000E+00 -0.51643637E-30
  0.79763173E+14  0.00000000E+00 -0.57946338E-30
  0.79810539E+14  0.00000000E+00 -0.68478033E-30
  0.79857904E+14  0.00000000E+00 -0.75666771E-30
  0.79905269E+14  0.00000000E+00 -0.78613460E-30
  0.79952635E+14  0.00000000E+00 -0.81159520E-30
  0.80000000E+14  0.00000000E+00 -0.83394971E-30
