  0.47365305E+11 -0.18665277E-57 -0.11871615E-29
  0.94730610E+11 -0.18566268E-57 -0.13207039E-29
  0.14209591E+12 -0.18467929E-57 -0.13130088E-29
  0.18946122E+12 -0.18370255E-57 -0.12580566E-29
  0.23682652E+12 -0.18273240E-57 -0.12102127E-29
  0.28419183E+12 -0.18176879E-57 -0.12353002E-29
  0.33155713E+12 -0.18081167E-57 -0.13530473E-29
  0.37892244E+12 -0.17986098E-57 -0.16011163E-29
  0.42628774E+12 -0.17891666E-57 -0.18911662E-29
  0.47365305E+12 -0.17798006E-29 -0.21425436E-29
  0.52101835E+12 -0.17162249E-29 -0.22993017E-29
  0.56838366E+12 -0.16528267E-29 -0.23881858E-29
  0.61574896E+12 -0.15835283E-29 -0.23672453E-29
  0.66311427E+12 -0.16425274E-29 -0.22944486E-29
  0.71047957E+12 -0.17679378E-29 -0.22872150E-29
  0.75784488E+12 -0.18836298E-29 -0.23445759E-29
  0.80521018E+12 -0.19383284E-29 -0.23691172E-29
  0.85257549E+12 -0.20634102E-29 -0.23415906E-29
  0.89994079E+12 -0.22843304E-29 -0.23820871E-29
  0.94730610E+12 -0.24638538E-29 -0.25545888E-29
  0.99467140E+12 -0.25451567E-29 -0.27473234E-29
  0.10420367E+13 -0.25304830E-29 -0.29069657E-29
  0.10894020E+13 -0.25119634E-29 -0.29707144E-29
  0.11367673E+13 -0.25396383E-29 -0.29908567E-29
  0.11841326E+13 -0.26213285E-29 -0.30139593E-29
  0.12314979E+13 -0.27162968E-29 -0.30824400E-29
  0.12788632E+13 -0.27880594E-29 -0.31684516E-29
  0.13262285E+13 -0.28312880E-29 -0.32356617E-29
  0.13735938E+13 -0.29246944E-29 -0.32666480E-29
  0.14209591E+13 -0.30450088E-29 -0.33491449E-29
  0.14683245E+13 -0.31520949E-29 -0.34794991E-29
  0.15156898E+13 -0.31959260E-29 -0.36353000E-29
  0.15630551E+13 -0.31955938E-29 -0.37386084E-29
  0.16104204E+13 -0.32046408E-29 -0.37769109E-29
  0.16577857E+13 -0.32998003E-29 -0.38141003E-29
  0.17051510E+13 -0.34011794E-29 -0.39020308E-29
  0.17525163E+13 -0.34923611E-29 -0.40289129E-29
  0.17998816E+13 -0.35429520E-29 -0.41594933E-29
  0.18472469E+13 -0.35748875E-29 -0.42829873E-29
  0.18946122E+13 -0.36001267E-29 -0.43735096E-29
  0.19419775E+13 -0.36510566E-29 -0.44578982E-29
  0.19893428E+13 -0.37260449E-29 -0.45738622E-29
  0.20367081E+13 -0.37477916E-29 -0.47263764E-29
  0.20840734E+13 -0.37226343E-29 -0.48115087E-29
  0.21314387E+13 -0.37623603E-29 -0.48525398E-29
  0.21788040E+13 -0.38424732E-29 -0.49233425E-29
  0.22261693E+13 -0.39373349E-29 -0.50352939E-29
  0.22735346E+13 -0.40204494E-29 -0.51901317E-29
  0.23208999E+13 -0.40471016E-29 -0.53649328E-29
  0.23682652E+13 -0.40379144E-29 -0.55073966E-29
  0.24156306E+13 -0.40324720E-29 -0.56164885E-29
  0.24629959E+13 -0.40594313E-29 -0.57132480E-29
  0.25103612E+13 -0.40937093E-29 -0.58406630E-29
  0.25577265E+13 -0.41045245E-29 -0.59794617E-29
  0.26050918E+13 -0.40816997E-29 -0.60959854E-29
  0.26524571E+13 -0.40857307E-29 -0.61585000E-29
  0.26998224E+13 -0.41617246E-29 -0.62453310E-29
  0.27471877E+13 -0.42354535E-29 -0.64061340E-29
  0.27945530E+13 -0.42512123E-29 -0.65890022E-29
  0.28419183E+13 -0.42311629E-29 -0.67565942E-29
  0.28892836E+13 -0.41913389E-29 -0.68870783E-29
  0.29366489E+13 -0.41751311E-29 -0.69979919E-29
  0.29840142E+13 -0.41836640E-29 -0.71000128E-29
  0.30313795E+13 -0.42104330E-29 -0.72363918E-29
  0.30787448E+13 -0.42021417E-29 -0.73950508E-29
  0.31261101E+13 -0.41731410E-29 -0.75268774E-29
  0.31734754E+13 -0.41677079E-29 -0.76411164E-29
  0.32208407E+13 -0.41732201E-29 -0.77755204E-29
  0.32682060E+13 -0.41866382E-29 -0.79297370E-29
  0.33155713E+13 -0.41637032E-29 -0.81090119E-29
  0.33629366E+13 -0.41120640E-29 -0.82719125E-29
  0.34103020E+13 -0.40404876E-29 -0.84028602E-29
  0.34576673E+13 -0.40018131E-29 -0.85040564E-29
  0.35050326E+13 -0.39962458E-29 -0.86154816E-29
  0.35523979E+13 -0.39928806E-29 -0.87583769E-29
  0.35997632E+13 -0.39784143E-29 -0.89200226E-29
  0.36471285E+13 -0.39362907E-29 -0.90870669E-29
  0.36944938E+13 -0.38820110E-29 -0.92356495E-29
  0.37418591E+13 -0.38400491E-29 -0.93836605E-29
  0.37892244E+13 -0.37883942E-29 -0.95435971E-29
  0.38365897E+13 -0.37276464E-29 -0.97049789E-29
  0.38839550E+13 -0.36420459E-29 -0.98507509E-29
  0.39313203E+13 -0.35668170E-29 -0.99776317E-29
  0.39786856E+13 -0.35022008E-29 -0.10095623E-28
  0.40260509E+13 -0.34536626E-29 -0.10215526E-28
  0.40734162E+13 -0.34305424E-29 -0.10358828E-28
  0.41207815E+13 -0.33735244E-29 -0.10541662E-28
  0.41681468E+13 -0.32886413E-29 -0.10709319E-28
  0.42155121E+13 -0.31941172E-29 -0.10858177E-28
  0.42628774E+13 -0.31148054E-29 -0.11009317E-28
  0.43102427E+13 -0.30123058E-29 -0.11158496E-28
  0.43576081E+13 -0.29178691E-29 -0.11299695E-28
  0.44049734E+13 -0.28216403E-29 -0.11435358E-28
  0.44523387E+13 -0.27177093E-29 -0.11579844E-28
  0.44997040E+13 -0.26179641E-29 -0.11699016E-28
  0.45470693E+13 -0.25360361E-29 -0.11830704E-28
  0.45944346E+13 -0.24568367E-29 -0.11981461E-28
  0.46417999E+13 -0.23526641E-29 -0.12143000E-28
  0.46891652E+13 -0.22371964E-29 -0.12305007E-28
  0.47365305E+13 -0.20997554E-29 -0.12454886E-28
  0.47838958E+13 -0.19624706E-29 -0.12584415E-28
  0.48312611E+13 -0.18399226E-29 -0.12706874E-28
  0.48786264E+13 -0.17247988E-29 -0.12837464E-28
  0.49259917E+13 -0.15989529E-29 -0.12981684E-28
  0.49733570E+13 -0.14638741E-29 -0.13117070E-28
  0.50207223E+13 -0.13217401E-29 -0.13245230E-28
  0.50680876E+13 -0.11925444E-29 -0.13373730E-28
  0.51154529E+13 -0.10555024E-29 -0.13509227E-28
  0.51628182E+13 -0.91113295E-30 -0.13652255E-28
  0.52101835E+13 -0.75034982E-30 -0.13787207E-28
  0.52575488E+13 -0.58374039E-30 -0.13917565E-28
  0.53049142E+13 -0.41634020E-30 -0.14028310E-28
  0.53522795E+13 -0.26224056E-30 -0.14136889E-28
  0.53996448E+13 -0.11405473E-30 -0.14260984E-28
  0.54470101E+13  0.52291648E-31 -0.14395355E-28
  0.54943754E+13  0.23452475E-30 -0.14517228E-28
  0.55417407E+13  0.41409366E-30 -0.14628598E-28
  0.55891060E+13  0.59399930E-30 -0.14739203E-28
  0.56364713E+13  0.77750870E-30 -0.14847827E-28
  0.56838366E+13  0.95575674E-30 -0.14957717E-28
  0.57312019E+13  0.11528273E-29 -0.15068412E-28
  0.57785672E+13  0.13477216E-29 -0.15166640E-28
  0.58259325E+13  0.15405917E-29 -0.15264260E-28
  0.58732978E+13  0.17357985E-29 -0.15365395E-28
  0.59206631E+13  0.19358403E-29 -0.15464071E-28
  0.59680284E+13  0.21415307E-29 -0.15565463E-28
  0.60153937E+13  0.23604596E-29 -0.15664407E-28
  0.60627590E+13  0.25857181E-29 -0.15752114E-28
  0.61101243E+13  0.28093182E-29 -0.15822377E-28
  0.61574896E+13  0.30276006E-29 -0.15898240E-28
  0.62048549E+13  0.32452285E-29 -0.15969533E-28
  0.62522202E+13  0.34659557E-29 -0.16046260E-28
  0.62995856E+13  0.36935049E-29 -0.16122046E-28
  0.63469509E+13  0.39276482E-29 -0.16191386E-28
  0.63943162E+13  0.41617366E-29 -0.16261144E-28
  0.64416815E+13  0.44082037E-29 -0.16326417E-28
  0.64890468E+13  0.46546227E-29 -0.16381845E-28
  0.65364121E+13  0.49074414E-29 -0.16435551E-28
  0.65837774E+13  0.51601387E-29 -0.16481131E-28
  0.66311427E+13  0.54150371E-29 -0.16519496E-28
  0.66785080E+13  0.56654476E-29 -0.16556712E-28
  0.67258733E+13  0.59251041E-29 -0.16591634E-28
  0.67732386E+13  0.61845504E-29 -0.16624162E-28
  0.68206039E+13  0.64458557E-29 -0.16653353E-28
  0.68679692E+13  0.67168220E-29 -0.16677095E-28
  0.69153345E+13  0.69870638E-29 -0.16694744E-28
  0.69626998E+13  0.72651207E-29 -0.16712500E-28
  0.70100651E+13  0.75477728E-29 -0.16710978E-28
  0.70574304E+13  0.78173648E-29 -0.16708024E-28
  0.71047957E+13  0.80936749E-29 -0.16711042E-28
  0.71521610E+13  0.83780769E-29 -0.16706203E-28
  0.71995263E+13  0.86645073E-29 -0.16700783E-28
  0.72468917E+13  0.89620146E-29 -0.16682755E-28
  0.72942570E+13  0.92592953E-29 -0.16654026E-28
  0.73416223E+13  0.95533356E-29 -0.16619312E-28
  0.73889876E+13  0.98509184E-29 -0.16578061E-28
  0.74363529E+13  0.10146480E-28 -0.16528501E-28
  0.74837182E+13  0.10440124E-28 -0.16476066E-28
  0.75310835E+13  0.10734421E-28 -0.16422644E-28
  0.75784488E+13  0.11032831E-28 -0.16364389E-28
  0.76258141E+13  0.11332816E-28 -0.16302911E-28
  0.76731794E+13  0.11639389E-28 -0.16236751E-28
  0.77205447E+13  0.11956370E-28 -0.16167115E-28
  0.77679100E+13  0.12280382E-28 -0.16077089E-28
  0.78152753E+13  0.12599248E-28 -0.15974853E-28
  0.78626406E+13  0.12920151E-28 -0.15856425E-28
  0.79100059E+13  0.13223336E-28 -0.15729140E-28
  0.79573712E+13  0.13517817E-28 -0.15609400E-28
  0.80047365E+13  0.13823776E-28 -0.15493106E-28
  0.80521018E+13  0.14132908E-28 -0.15369827E-28
  0.80994671E+13  0.14457941E-28 -0.15237052E-28
  0.81468324E+13  0.14776430E-28 -0.15085974E-28
  0.81941978E+13  0.15094163E-28 -0.14928726E-28
  0.82415631E+13  0.15409609E-28 -0.14771025E-28
  0.82889284E+13  0.15740492E-28 -0.14595995E-28
  0.83362937E+13  0.16063961E-28 -0.14398483E-28
  0.83836590E+13  0.16374804E-28 -0.14191736E-28
  0.84310243E+13  0.16673430E-28 -0.13981241E-28
  0.84783896E+13  0.16967807E-28 -0.13774488E-28
  0.85257549E+13  0.17274921E-28 -0.13573600E-28
  0.85731202E+13  0.17593213E-28 -0.13354159E-28
  0.86204855E+13  0.17911198E-28 -0.13119280E-28
  0.86678508E+13  0.18231997E-28 -0.12859494E-28
  0.87152161E+13  0.18532247E-28 -0.12585978E-28
  0.87625814E+13  0.18820574E-28 -0.12315576E-28
  0.88099467E+13  0.19117856E-28 -0.12036442E-28
  0.88573120E+13  0.19409853E-28 -0.11747439E-28
  0.89046773E+13  0.19704436E-28 -0.11447220E-28
  0.89520426E+13  0.19989295E-28 -0.11127093E-28
  0.89994079E+13  0.20257025E-28 -0.10806275E-28
  0.90467732E+13  0.20542749E-28 -0.10483937E-28
  0.90941385E+13  0.20819629E-28 -0.10138973E-28
  0.91415038E+13  0.21104095E-28 -0.97830872E-29
  0.91888692E+13  0.21373240E-28 -0.93867919E-29
  0.92362345E+13  0.21606550E-28 -0.89865585E-29
  0.92835998E+13  0.21836453E-28 -0.85970033E-29
  0.93309651E+13  0.22063530E-28 -0.81996728E-29
  0.93783304E+13  0.22304268E-28 -0.78005461E-29
  0.94256957E+13  0.22544848E-28 -0.73656699E-29
  0.94730610E+13  0.22764987E-28 -0.69071282E-29
  0.95204263E+13  0.22959901E-28 -0.64356394E-29
  0.95677916E+13  0.23148044E-28 -0.59603606E-29
  0.96151569E+13  0.23328330E-28 -0.54674218E-29
  0.96625222E+13  0.23491351E-28 -0.49661319E-29
  0.97098875E+13  0.23643709E-28 -0.44321853E-29
  0.97572528E+13  0.23768053E-28 -0.38923922E-29
  0.98046181E+13  0.23866043E-28 -0.33522897E-29
  0.98519834E+13  0.23962549E-28 -0.28098742E-29
  0.98993487E+13  0.24057959E-28 -0.22468620E-29
  0.99467140E+13  0.24148939E-28 -0.16523744E-29
  0.99940793E+13  0.24199596E-28 -0.10150446E-29
  0.10041445E+14  0.24198776E-28 -0.36544612E-30
  0.10088810E+14  0.24161462E-28  0.28725252E-30
  0.10136175E+14  0.24100528E-28  0.93900069E-30
  0.10183541E+14  0.24021137E-28  0.16031584E-29
  0.10230906E+14  0.23919536E-28  0.22984912E-29
  0.10278271E+14  0.23757125E-28  0.30207443E-29
  0.10325636E+14  0.23540791E-28  0.37522974E-29
  0.10373002E+14  0.23273432E-28  0.44876942E-29
  0.10420367E+14  0.22961214E-28  0.52486228E-29
  0.10467732E+14  0.22580812E-28  0.60451564E-29
  0.10515098E+14  0.22105510E-28  0.68784707E-29
  0.10562463E+14  0.21466956E-28  0.77250957E-29
  0.10609828E+14  0.20683933E-28  0.85603826E-29
  0.10657194E+14  0.19694597E-28  0.94102794E-29
  0.10704559E+14  0.18326816E-28  0.10269478E-28
  0.10751924E+14  0.15854003E-28  0.10890972E-28
  0.10799290E+14  0.14050683E-28  0.83329096E-29
  0.10846655E+14  0.14182967E-28  0.73836314E-29
  0.10894020E+14  0.14145737E-28  0.68166169E-29
  0.10941385E+14  0.14289409E-28  0.64331307E-29
  0.10988751E+14  0.14132322E-28  0.61896247E-29
  0.11036116E+14  0.14222082E-28  0.59998260E-29
  0.11083481E+14  0.14190806E-28  0.58754942E-29
  0.11130847E+14  0.14127348E-28  0.58332788E-29
  0.11178212E+14  0.14013781E-28  0.56776039E-29
  0.11225577E+14  0.14127409E-28  0.56273118E-29
  0.11272943E+14  0.14034594E-28  0.56749086E-29
  0.11320308E+14  0.13992881E-28  0.56607177E-29
  0.11367673E+14  0.13899932E-28  0.56896830E-29
  0.11415038E+14  0.13819685E-28  0.56402158E-29
  0.11462404E+14  0.13853834E-28  0.56410015E-29
  0.11509769E+14  0.13784961E-28  0.57544096E-29
  0.11557134E+14  0.13677732E-28  0.57480789E-29
  0.11604500E+14  0.13671824E-28  0.57799344E-29
  0.11651865E+14  0.13606629E-28  0.58552452E-29
  0.11699230E+14  0.13537274E-28  0.58951947E-29
  0.11746596E+14  0.13514497E-28  0.59496252E-29
  0.11793961E+14  0.13460695E-28  0.60750110E-29
  0.11841326E+14  0.13307677E-28  0.61430824E-29
  0.11888692E+14  0.13244930E-28  0.61325205E-29
  0.11936057E+14  0.13229846E-28  0.62014460E-29
  0.11983422E+14  0.13160031E-28  0.62974604E-29
  0.12030787E+14  0.13093386E-28  0.63743966E-29
  0.12078153E+14  0.13034985E-28  0.64564455E-29
  0.12125518E+14  0.12961994E-28  0.65706991E-29
  0.12172883E+14  0.12822410E-28  0.66473051E-29
  0.12220249E+14  0.12740755E-28  0.66636591E-29
  0.12267614E+14  0.12739894E-28  0.67274935E-29
  0.12314979E+14  0.12688371E-28  0.68829864E-29
  0.12362345E+14  0.12540431E-28  0.69974936E-29
  0.12409710E+14  0.12411847E-28  0.70378435E-29
  0.12457075E+14  0.12360243E-28  0.70703483E-29
  0.12504440E+14  0.12325395E-28  0.71596180E-29
  0.12551806E+14  0.12240193E-28  0.72885972E-29
  0.12599171E+14  0.12121938E-28  0.73740104E-29
  0.12646536E+14  0.12042756E-28  0.74421502E-29
  0.12693902E+14  0.11958116E-28  0.75388883E-29
  0.12741267E+14  0.11845966E-28  0.76328583E-29
  0.12788632E+14  0.11744462E-28  0.77016605E-29
  0.12835998E+14  0.11651654E-28  0.77598067E-29
  0.12883363E+14  0.11585925E-28  0.78437524E-29
  0.12930728E+14  0.11498536E-28  0.79522508E-29
  0.12978094E+14  0.11375484E-28  0.80409648E-29
  0.13025459E+14  0.11274581E-28  0.81088440E-29
  0.13072824E+14  0.11184377E-28  0.81915841E-29
  0.13120189E+14  0.11077199E-28  0.82887276E-29
  0.13167555E+14  0.10941075E-28  0.83644570E-29
  0.13214920E+14  0.10831298E-28  0.84064344E-29
  0.13262285E+14  0.10762821E-28  0.84568842E-29
  0.13309651E+14  0.10695115E-28  0.85613618E-29
  0.13357016E+14  0.10585301E-28  0.86908609E-29
  0.13404381E+14  0.10416783E-28  0.87834547E-29
  0.13451747E+14  0.10265890E-28  0.88167355E-29
  0.13499112E+14  0.10179322E-28  0.88446602E-29
  0.13546477E+14  0.10094702E-28  0.89259278E-29
  0.13593843E+14  0.99789968E-29  0.90143696E-29
  0.13641208E+14  0.98420306E-29  0.90801564E-29
  0.13688573E+14  0.97222421E-29  0.91250450E-29
  0.13735938E+14  0.96393990E-29  0.91762272E-29
  0.13783304E+14  0.95393041E-29  0.92856226E-29
  0.13830669E+14  0.93825993E-29  0.93889088E-29
  0.13878034E+14  0.91963480E-29  0.94292631E-29
  0.13925400E+14  0.90578235E-29  0.94359100E-29
  0.13972765E+14  0.89685537E-29  0.94483156E-29
  0.14020130E+14  0.88805464E-29  0.95149872E-29
  0.14067496E+14  0.87598572E-29  0.96056061E-29
  0.14114861E+14  0.85935732E-29  0.96597863E-29
  0.14162226E+14  0.84502749E-29  0.96852422E-29
  0.14209591E+14  0.83380689E-29  0.97154128E-29
  0.14256957E+14  0.82052940E-29  0.97737466E-29
  0.14304322E+14  0.80477722E-29  0.98210093E-29
  0.14351687E+14  0.78789661E-29  0.98326731E-29
  0.14399053E+14  0.77380584E-29  0.98187663E-29
  0.14446418E+14  0.76267317E-29  0.98148430E-29
  0.14493783E+14  0.75193481E-29  0.98334771E-29
  0.14541149E+14  0.73872817E-29  0.98546265E-29
  0.14588514E+14  0.72485109E-29  0.98607683E-29
  0.14635879E+14  0.71264047E-29  0.98454559E-29
  0.14683245E+14  0.70089344E-29  0.98370138E-29
  0.14730610E+14  0.69045753E-29  0.98287934E-29
  0.14777975E+14  0.68014466E-29  0.98148816E-29
  0.14825340E+14  0.67045856E-29  0.98161291E-29
  0.14872706E+14  0.66050657E-29  0.98165088E-29
  0.14920071E+14  0.64936122E-29  0.98139608E-29
  0.14967436E+14  0.63892145E-29  0.97936331E-29
  0.15014802E+14  0.63082380E-29  0.97725364E-29
  0.15062167E+14  0.62384561E-29  0.97737600E-29
  0.15109532E+14  0.61425528E-29  0.97916788E-29
  0.15156898E+14  0.60357081E-29  0.97870577E-29
  0.15204263E+14  0.59422303E-29  0.97583455E-29
  0.15251628E+14  0.58789856E-29  0.97439760E-29
  0.15298993E+14  0.58154936E-29  0.97537706E-29
  0.15346359E+14  0.57160712E-29  0.97784703E-29
  0.15393724E+14  0.56012715E-29  0.97538482E-29
  0.15441089E+14  0.55319416E-29  0.97093602E-29
  0.15488455E+14  0.54990009E-29  0.96907260E-29
  0.15535820E+14  0.54580327E-29  0.97250493E-29
  0.15583185E+14  0.53641908E-29  0.97589482E-29
  0.15630551E+14  0.52614463E-29  0.97541613E-29
  0.15677916E+14  0.51876535E-29  0.97322941E-29
  0.15725281E+14  0.51294093E-29  0.97229503E-29
  0.15772647E+14  0.50620948E-29  0.97294832E-29
  0.15820012E+14  0.49936881E-29  0.97183595E-29
  0.15867377E+14  0.49424643E-29  0.97125485E-29
  0.15914742E+14  0.48957346E-29  0.97202172E-29
  0.15962108E+14  0.48479512E-29  0.97499145E-29
  0.16009473E+14  0.47654378E-29  0.97706007E-29
  0.16056838E+14  0.47023498E-29  0.97633761E-29
  0.16104204E+14  0.46553510E-29  0.97902467E-29
  0.16151569E+14  0.45625075E-29  0.98138375E-29
  0.16198934E+14  0.44958816E-29  0.97790597E-29
  0.16246300E+14  0.44602706E-29  0.97719872E-29
  0.16293665E+14  0.44775074E-29  0.97916717E-29
  0.16341030E+14  0.43532207E-29  0.99164059E-29
  0.16388396E+14  0.41427660E-29  0.98663520E-29
  0.16435761E+14  0.41248639E-29  0.98256351E-29
  0.16483126E+14  0.42389112E-29  0.98248608E-29
  0.16530491E+14  0.41340858E-29  0.98559560E-29
  0.16577857E+14  0.41997096E-29  0.98624528E-29
  0.16625222E+14  0.41576216E-29  0.99436051E-29
  0.16672587E+14  0.42131288E-29  0.99970911E-29
  0.16719953E+14  0.41385076E-29  0.10125172E-28
  0.16767318E+14  0.40787464E-29  0.10212838E-28
  0.16814683E+14  0.39539836E-29  0.10258380E-28
  0.16862049E+14  0.37900443E-29  0.10364035E-28
  0.16909414E+14  0.37702665E-29  0.10455386E-28
  0.16956779E+14  0.36920548E-29  0.10465823E-28
  0.17004144E+14  0.35271628E-29  0.10540358E-28
  0.17051510E+14  0.35326160E-29  0.10619106E-28
  0.17098875E+14  0.33665639E-29  0.10681991E-28
  0.17146240E+14  0.32790065E-29  0.10753110E-28
  0.17193606E+14  0.31800757E-29  0.10784688E-28
  0.17240971E+14  0.30660228E-29  0.10861590E-28
  0.17288336E+14  0.29725900E-29  0.10891508E-28
  0.17335702E+14  0.29068202E-29  0.10941661E-28
  0.17383067E+14  0.28624916E-29  0.11077886E-28
  0.17430432E+14  0.26876860E-29  0.11203636E-28
  0.17477798E+14  0.25544593E-29  0.11278504E-28
  0.17525163E+14  0.23884195E-29  0.11351262E-28
  0.17572528E+14  0.22890038E-29  0.11440509E-28
  0.17619893E+14  0.21261224E-29  0.11570938E-28
  0.17667259E+14  0.19041885E-29  0.11701547E-28
  0.17714624E+14  0.16416571E-29  0.11761640E-28
  0.17761989E+14  0.14080429E-29  0.11775037E-28
  0.17809355E+14  0.12164851E-29  0.11792291E-28
  0.17856720E+14  0.98647738E-30  0.11804421E-28
  0.17904085E+14  0.79975768E-30  0.11824914E-28
  0.17951451E+14  0.56647641E-30  0.11838172E-28
  0.17998816E+14  0.34164759E-30  0.11821817E-28
  0.18046181E+14  0.11789086E-30  0.11793532E-28
  0.18093546E+14 -0.92761603E-31  0.11763361E-28
  0.18140912E+14 -0.31427456E-30  0.11731723E-28
  0.18188277E+14 -0.54674419E-30  0.11686570E-28
  0.18235642E+14 -0.81207619E-30  0.11604081E-28
  0.18283008E+14 -0.10116375E-29  0.11448546E-28
  0.18330373E+14 -0.10414568E-29  0.11398183E-28
  0.18377738E+14 -0.12422369E-29  0.11384848E-28
  0.18425104E+14 -0.14911868E-29  0.11397847E-28
  0.18472469E+14 -0.17420793E-29  0.11294371E-28
  0.18519834E+14 -0.20008801E-29  0.11131172E-28
  0.18567200E+14 -0.20595507E-29  0.11026617E-28
  0.18614565E+14 -0.22859022E-29  0.10945648E-28
  0.18661930E+14 -0.24636993E-29  0.10843746E-28
  0.18709295E+14 -0.26251393E-29  0.10773913E-28
  0.18756661E+14 -0.29023762E-29  0.10674494E-28
  0.18804026E+14 -0.30739218E-29  0.10493416E-28
  0.18851391E+14 -0.32491655E-29  0.10360699E-28
  0.18898757E+14 -0.33664845E-29  0.10225839E-28
  0.18946122E+14 -0.36035736E-29  0.10125182E-28
  0.18993487E+14 -0.37804079E-29  0.99364703E-29
  0.19040853E+14 -0.39657909E-29  0.97608555E-29
  0.19088218E+14 -0.41227352E-29  0.95769709E-29
  0.19135583E+14 -0.43105863E-29  0.93944983E-29
  0.19182948E+14 -0.44471570E-29  0.91635491E-29
  0.19230314E+14 -0.46396104E-29  0.90200287E-29
  0.19277679E+14 -0.47394191E-29  0.87508564E-29
  0.19325044E+14 -0.49538508E-29  0.85653602E-29
  0.19372410E+14 -0.50392783E-29  0.83302560E-29
  0.19419775E+14 -0.52758527E-29  0.79888611E-29
  0.19467140E+14 -0.53995969E-29  0.77420355E-29
  0.19514506E+14 -0.54259341E-29  0.74249717E-29
  0.19561871E+14 -0.56087168E-29  0.70815336E-29
  0.19609236E+14 -0.57769750E-29  0.67066527E-29
  0.19656602E+14 -0.58401607E-29  0.62170805E-29
  0.19703967E+14 -0.58855710E-29  0.56892498E-29
  0.19751332E+14 -0.60958272E-29  0.46332860E-29
  0.19798697E+14 -0.48480994E-29  0.40950774E-29
  0.19846063E+14 -0.41930014E-29  0.39614157E-29
  0.19893428E+14 -0.36277914E-29  0.39051250E-29
  0.19940793E+14 -0.30594712E-29  0.36013345E-29
  0.19988159E+14 -0.17865591E-29  0.44992147E-29
  0.20035524E+14 -0.19794099E-29  0.54616147E-29
  0.20082889E+14 -0.23505620E-29  0.60061822E-29
  0.20130255E+14 -0.27762038E-29  0.64228847E-29
  0.20177620E+14 -0.37927987E-29  0.61329243E-29
  0.20224985E+14 -0.37161324E-29  0.55761557E-29
  0.20272351E+14 -0.36524561E-29  0.53510445E-29
  0.20319716E+14 -0.35774085E-29  0.52018139E-29
  0.20367081E+14 -0.35067836E-29  0.50891513E-29
  0.20414446E+14 -0.34561818E-29  0.50116669E-29
  0.20461812E+14 -0.33952708E-29  0.49206289E-29
  0.20509177E+14 -0.33544060E-29  0.48540042E-29
  0.20556542E+14 -0.33137386E-29  0.47883952E-29
  0.20603908E+14 -0.32478831E-29  0.47322484E-29
  0.20651273E+14 -0.32251367E-29  0.46869557E-29
  0.20698638E+14 -0.31867254E-29  0.46133691E-29
  0.20746004E+14 -0.31169238E-29  0.45560462E-29
  0.20793369E+14 -0.30988139E-29  0.45345280E-29
  0.20840734E+14 -0.30567867E-29  0.44780989E-29
  0.20888099E+14 -0.30246916E-29  0.44237961E-29
  0.20935465E+14 -0.29621320E-29  0.43708677E-29
  0.20982830E+14 -0.29018173E-29  0.43347070E-29
  0.21030195E+14 -0.28988306E-29  0.42716054E-29
  0.21077561E+14 -0.28370157E-29  0.42292685E-29
  0.21124926E+14 -0.27787052E-29  0.41946934E-29
  0.21172291E+14 -0.27077007E-29  0.41297583E-29
  0.21219657E+14 -0.26487913E-29  0.41028546E-29
  0.21267022E+14 -0.25756107E-29  0.40856309E-29
  0.21314387E+14 -0.24691677E-29  0.40228990E-29
  0.21361753E+14 -0.23735099E-29  0.40170377E-29
  0.21409118E+14 -0.22238286E-29  0.40046729E-29
  0.21456483E+14 -0.21133120E-29  0.40527998E-29
  0.21503848E+14 -0.19670881E-29  0.41187440E-29
  0.21551214E+14 -0.19126597E-29  0.44957825E-29
  0.21598579E+14 -0.20822220E-29  0.45209755E-29
  0.21645944E+14 -0.20612674E-29  0.45682971E-29
  0.21693310E+14 -0.21375330E-29  0.46245837E-29
  0.21740675E+14 -0.22306477E-29  0.45997722E-29
  0.21788040E+14 -0.21681561E-29  0.46053519E-29
  0.21835406E+14 -0.22169781E-29  0.46884780E-29
  0.21882771E+14 -0.23024483E-29  0.46991083E-29
  0.21930136E+14 -0.23391258E-29  0.46380671E-29
  0.21977501E+14 -0.22763013E-29  0.46479539E-29
  0.22024867E+14 -0.23112729E-29  0.47418887E-29
  0.22072232E+14 -0.24216099E-29  0.47683887E-29
  0.22119597E+14 -0.24766909E-29  0.47073418E-29
  0.22166963E+14 -0.24666526E-29  0.46791395E-29
  0.22214328E+14 -0.24523819E-29  0.47476334E-29
  0.22261693E+14 -0.25703332E-29  0.47908117E-29
  0.22309059E+14 -0.26500560E-29  0.47817806E-29
  0.22356424E+14 -0.27837434E-29  0.46537643E-29
  0.22403789E+14 -0.26890129E-29  0.45885533E-29
  0.22451155E+14 -0.26647168E-29  0.45899626E-29
  0.22498520E+14 -0.27009053E-29  0.46511219E-29
  0.22545885E+14 -0.27712985E-29  0.45968949E-29
  0.22593250E+14 -0.27495485E-29  0.45807897E-29
  0.22640616E+14 -0.27603198E-29  0.45769512E-29
  0.22687981E+14 -0.27768461E-29  0.46101032E-29
  0.22735346E+14 -0.28181345E-29  0.46550701E-29
  0.22782712E+14 -0.29365712E-29  0.46391161E-29
  0.22830077E+14 -0.29679476E-29  0.45752906E-29
  0.22877442E+14 -0.29640094E-29  0.45496090E-29
  0.22924808E+14 -0.29666228E-29  0.45736765E-29
  0.22972173E+14 -0.30447084E-29  0.45978046E-29
  0.23019538E+14 -0.31599720E-29  0.45918906E-29
  0.23066903E+14 -0.32214276E-29  0.44882532E-29
  0.23114269E+14 -0.31967103E-29  0.44259404E-29
  0.23161634E+14 -0.32122268E-29  0.44588663E-29
  0.23208999E+14 -0.32826208E-29  0.44705000E-29
  0.23256365E+14 -0.33870042E-29  0.44037970E-29
  0.23303730E+14 -0.34106908E-29  0.42667361E-29
  0.23351095E+14 -0.33424893E-29  0.42670753E-29
  0.23398461E+14 -0.33614764E-29  0.42613647E-29
  0.23445826E+14 -0.33838293E-29  0.43002107E-29
  0.23493191E+14 -0.35183797E-29  0.42359491E-29
  0.23540557E+14 -0.34714193E-29  0.41622775E-29
  0.23587922E+14 -0.34475678E-29  0.41771838E-29
  0.23635287E+14 -0.35106700E-29  0.42298579E-29
  0.23682652E+14 -0.36501640E-29  0.41822506E-29
  0.23730018E+14 -0.36324319E-29  0.40747720E-29
  0.23777383E+14 -0.36433453E-29  0.40671267E-29
  0.23824748E+14 -0.36630428E-29  0.40967084E-29
  0.23872114E+14 -0.37759177E-29  0.40941932E-29
  0.23919479E+14 -0.38731762E-29  0.39565512E-29
  0.23966844E+14 -0.38041169E-29  0.38820230E-29
  0.24014210E+14 -0.38217063E-29  0.39198556E-29
  0.24061575E+14 -0.38880811E-29  0.39244036E-29
  0.24108940E+14 -0.40223096E-29  0.38213358E-29
  0.24156306E+14 -0.39621742E-29  0.36785608E-29
  0.24203671E+14 -0.39283607E-29  0.36809663E-29
  0.24251036E+14 -0.39642102E-29  0.36902837E-29
  0.24298401E+14 -0.40365241E-29  0.36615429E-29
  0.24345767E+14 -0.40603420E-29  0.34958587E-29
  0.24393132E+14 -0.39149425E-29  0.34856450E-29
  0.24440497E+14 -0.39704162E-29  0.35718923E-29
  0.24487863E+14 -0.40176525E-29  0.35909848E-29
  0.24535228E+14 -0.41090832E-29  0.35505711E-29
  0.24582593E+14 -0.42008430E-29  0.34292998E-29
  0.24629959E+14 -0.40839164E-29  0.34082905E-29
  0.24677324E+14 -0.41643855E-29  0.34879982E-29
  0.24724689E+14 -0.43000562E-29  0.34074126E-29
  0.24772054E+14 -0.42791283E-29  0.33006671E-29
  0.24819420E+14 -0.42527713E-29  0.32611846E-29
  0.24866785E+14 -0.42408985E-29  0.33171044E-29
  0.24914150E+14 -0.44346237E-29  0.32853501E-29
  0.24961516E+14 -0.43762507E-29  0.31184831E-29
  0.25008881E+14 -0.42750156E-29  0.31693607E-29
  0.25056246E+14 -0.44380308E-29  0.32435256E-29
  0.25103612E+14 -0.45882211E-29  0.30846033E-29
  0.25150977E+14 -0.44494124E-29  0.30000864E-29
  0.25198342E+14 -0.44463415E-29  0.30465394E-29
  0.25245708E+14 -0.45143088E-29  0.31104935E-29
  0.25293073E+14 -0.47105188E-29  0.29598240E-29
  0.25340438E+14 -0.45978419E-29  0.29086235E-29
  0.25387803E+14 -0.46208739E-29  0.29092837E-29
  0.25435169E+14 -0.46495623E-29  0.28958680E-29
  0.25482534E+14 -0.47236141E-29  0.29202885E-29
  0.25529899E+14 -0.48058960E-29  0.28213823E-29
  0.25577265E+14 -0.47938123E-29  0.27399275E-29
  0.25624630E+14 -0.47770775E-29  0.27709638E-29
  0.25671995E+14 -0.48579947E-29  0.28877781E-29
  0.25719361E+14 -0.51024043E-29  0.26399751E-29
  0.25766726E+14 -0.49359398E-29  0.25866701E-29
  0.25814091E+14 -0.49527325E-29  0.26659196E-29
  0.25861456E+14 -0.50782061E-29  0.27326273E-29
  0.25908822E+14 -0.52065101E-29  0.25636422E-29
  0.25956187E+14 -0.52475578E-29  0.25139399E-29
  0.26003552E+14 -0.52350336E-29  0.25005337E-29
  0.26050918E+14 -0.53610421E-29  0.25226142E-29
  0.26098283E+14 -0.54925274E-29  0.24328332E-29
  0.26145648E+14 -0.55276659E-29  0.23386814E-29
  0.26193014E+14 -0.55196743E-29  0.23226434E-29
  0.26240379E+14 -0.56518267E-29  0.22911139E-29
  0.26287744E+14 -0.57229444E-29  0.21978797E-29
  0.26335110E+14 -0.57819195E-29  0.21724068E-29
  0.26382475E+14 -0.58448923E-29  0.21636414E-29
  0.26429840E+14 -0.59866866E-29  0.21533288E-29
  0.26477205E+14 -0.61250055E-29  0.20159250E-29
  0.26524571E+14 -0.62223334E-29  0.19448182E-29
  0.26571936E+14 -0.63409692E-29  0.17830196E-29
  0.26619301E+14 -0.62969846E-29  0.17386744E-29
  0.26666667E+14 -0.64250821E-29  0.16851506E-29
  0.26714032E+14 -0.64769152E-29  0.16739283E-29
  0.26761397E+14 -0.66949471E-29  0.16125504E-29
  0.26808763E+14 -0.67522821E-29  0.14932764E-29
  0.26856128E+14 -0.68909766E-29  0.14615363E-29
  0.26903493E+14 -0.70356563E-29  0.14097007E-29
  0.26950858E+14 -0.72837832E-29  0.12256044E-29
  0.26998224E+14 -0.72561647E-29  0.11523269E-29
  0.27045589E+14 -0.75642352E-29  0.10850123E-29
  0.27092954E+14 -0.77555747E-29  0.90085078E-30
  0.27140320E+14 -0.78246949E-29  0.72924424E-30
  0.27187685E+14 -0.80832518E-29  0.64031182E-30
  0.27235050E+14 -0.83313776E-29  0.36912628E-30
  0.27282416E+14 -0.84167928E-29  0.18454361E-30
  0.27329781E+14 -0.85961167E-29 -0.74996173E-31
  0.27377146E+14 -0.86794628E-29 -0.37583216E-30
  0.27424512E+14 -0.87328802E-29 -0.75044912E-30
  0.27471877E+14 -0.85960710E-29 -0.12500387E-29
  0.27519242E+14 -0.81717568E-29 -0.18151680E-29
  0.27566607E+14 -0.64355816E-29 -0.30852743E-29
  0.27613973E+14 -0.98614636E-30  0.22912763E-29
  0.27661338E+14 -0.65519868E-29  0.80753938E-29
  0.27708703E+14 -0.11904386E-28  0.89804587E-29
  0.27756069E+14 -0.16691658E-28  0.79847727E-29
  0.27803434E+14 -0.20742716E-28  0.57692852E-29
  0.27850799E+14 -0.24128763E-28  0.26707007E-29
  0.27898165E+14 -0.26788710E-28 -0.12755795E-29
  0.27945530E+14 -0.28462027E-28 -0.55141733E-29
  0.27992895E+14 -0.29671933E-28 -0.10321595E-28
  0.28040261E+14 -0.29660034E-28 -0.15229336E-28
  0.28087626E+14 -0.29205234E-28 -0.20339882E-28
  0.28134991E+14 -0.27529399E-28 -0.25410166E-28
  0.28182356E+14 -0.25351273E-28 -0.30447820E-28
  0.28229722E+14 -0.22129152E-28 -0.35291405E-28
  0.28277087E+14 -0.18205573E-28 -0.39784635E-28
  0.28324452E+14 -0.13504983E-28 -0.44329122E-28
  0.28371818E+14 -0.71727262E-29 -0.48032046E-28
  0.28419183E+14 -0.72153461E-30 -0.50441955E-28
  0.28466548E+14  0.58583264E-29 -0.52414067E-28
  0.28513914E+14  0.12030716E-28 -0.55524256E-28
  0.28561279E+14  0.22557645E-28 -0.63969446E-28
  0.28608644E+14  0.44245952E-28 -0.55079203E-28
  0.28656009E+14  0.54278395E-28 -0.48268119E-28
  0.28703375E+14  0.70476484E-28 -0.42530508E-28
  0.28750740E+14  0.10738240E-27 -0.46935861E-29
  0.28798105E+14  0.55622471E-28  0.43001369E-28
  0.28845471E+14  0.31906359E-28  0.24632561E-28
  0.28892836E+14  0.32130422E-28  0.13422573E-28
  0.28940201E+14  0.35760016E-28  0.27246938E-28
  0.28987567E+14  0.19117625E-28  0.30757674E-28
  0.29034932E+14  0.17702290E-28  0.13827555E-28
  0.29082297E+14  0.20628470E-28  0.17649409E-28
  0.29129663E+14  0.17453203E-28  0.21448489E-28
  0.29177028E+14  0.14156415E-28  0.21024706E-28
  0.29224393E+14  0.11882427E-28  0.20591519E-28
  0.29271758E+14  0.10054029E-28  0.20080773E-28
  0.29319124E+14  0.88199520E-29  0.19706677E-28
  0.29366489E+14  0.76433875E-29  0.19792577E-28
  0.29413854E+14  0.63162315E-29  0.20046374E-28
  0.29461220E+14  0.48553469E-29  0.20431114E-28
  0.29508585E+14  0.30849302E-29  0.20949746E-28
  0.29555950E+14  0.72190908E-30  0.21558774E-28
  0.29603316E+14 -0.30614701E-29  0.22063906E-28
  0.29650681E+14 -0.67552005E-29  0.17401819E-28
  0.29698046E+14 -0.66853753E-29  0.14835647E-28
  0.29745411E+14 -0.66321898E-29  0.13153572E-28
  0.29792777E+14 -0.65862058E-29  0.11856832E-28
  0.29840142E+14 -0.65112212E-29  0.10787647E-28
  0.29887507E+14 -0.64300568E-29  0.99121820E-29
  0.29934873E+14 -0.63635373E-29  0.91635717E-29
  0.29982238E+14 -0.63076183E-29  0.85012422E-29
  0.30029603E+14 -0.62480706E-29  0.78968069E-29
  0.30076969E+14 -0.61670569E-29  0.73556296E-29
  0.30124334E+14 -0.60911006E-29  0.68863486E-29
  0.30171699E+14 -0.60253501E-29  0.64648953E-29
  0.30219065E+14 -0.59706352E-29  0.60701793E-29
  0.30266430E+14 -0.59133285E-29  0.56944181E-29
  0.30313795E+14 -0.58379115E-29  0.53463301E-29
  0.30361160E+14 -0.57621283E-29  0.50403019E-29
  0.30408526E+14 -0.56952928E-29  0.47629895E-29
  0.30455891E+14 -0.56411767E-29  0.45001647E-29
  0.30503256E+14 -0.55883331E-29  0.42443743E-29
  0.30550622E+14 -0.55258624E-29  0.39976293E-29
  0.30597987E+14 -0.54517659E-29  0.37768991E-29
  0.30645352E+14 -0.53871953E-29  0.35772843E-29
  0.30692718E+14 -0.53326893E-29  0.33900452E-29
  0.30740083E+14 -0.52805514E-29  0.32059184E-29
  0.30787448E+14 -0.52280887E-29  0.30247977E-29
  0.30834813E+14 -0.51625944E-29  0.28513721E-29
  0.30882179E+14 -0.50957903E-29  0.27013631E-29
  0.30929544E+14 -0.50411038E-29  0.25633627E-29
  0.30976909E+14 -0.49941075E-29  0.24267085E-29
  0.31024275E+14 -0.49463658E-29  0.22894885E-29
  0.31071640E+14 -0.48953519E-29  0.21537875E-29
  0.31119005E+14 -0.48319280E-29  0.20270163E-29
  0.31166371E+14 -0.47725177E-29  0.19176154E-29
  0.31213736E+14 -0.47216611E-29  0.18177928E-29
  0.31261101E+14 -0.46796435E-29  0.17150090E-29
  0.31308467E+14 -0.46366603E-29  0.16103986E-29
  0.31355832E+14 -0.45885828E-29  0.15045990E-29
  0.31403197E+14 -0.45305843E-29  0.14076687E-29
  0.31450562E+14 -0.44748995E-29  0.13239377E-29
  0.31497928E+14 -0.44277509E-29  0.12476309E-29
  0.31545293E+14 -0.43886383E-29  0.11703048E-29
  0.31592658E+14 -0.43488697E-29  0.10878656E-29
  0.31640024E+14 -0.43050031E-29  0.10046500E-29
  0.31687389E+14 -0.42514634E-29  0.92858172E-30
  0.31734754E+14 -0.42018869E-29  0.86298342E-30
  0.31782120E+14 -0.41584142E-29  0.80286842E-30
  0.31829485E+14 -0.41207032E-29  0.73990965E-30
  0.31876850E+14 -0.40825396E-29  0.67562469E-30
  0.31924216E+14 -0.40415634E-29  0.60868781E-30
  0.31971581E+14 -0.39926692E-29  0.54899644E-30
  0.32018946E+14 -0.39484171E-29  0.49679762E-30
  0.32066311E+14 -0.39087740E-29  0.44854761E-30
  0.32113677E+14 -0.38739246E-29  0.39718599E-30
  0.32161042E+14 -0.38378088E-29  0.34316628E-30
  0.32208407E+14 -0.37976079E-29  0.28891528E-30
  0.32255773E+14 -0.37518381E-29  0.24059668E-30
  0.32303138E+14 -0.37108687E-29  0.20062592E-30
  0.32350503E+14 -0.36753780E-29  0.16219115E-30
  0.32397869E+14 -0.36446690E-29  0.11974719E-30
  0.32445234E+14 -0.36106277E-29  0.74079364E-31
  0.32492599E+14 -0.35740602E-29  0.27030183E-31
  0.32539964E+14 -0.35286399E-29 -0.12676092E-31
  0.32587330E+14 -0.34891104E-29 -0.44878027E-31
  0.32634695E+14 -0.34554943E-29 -0.73323474E-31
  0.32682060E+14 -0.34291664E-29 -0.10749998E-30
  0.32729426E+14 -0.33994658E-29 -0.14692449E-30
  0.32776791E+14 -0.33647217E-29 -0.18817348E-30
  0.32824156E+14 -0.33219703E-29 -0.22270387E-30
  0.32871522E+14 -0.32830134E-29 -0.24820893E-30
  0.32918887E+14 -0.32517793E-29 -0.27068150E-30
  0.32966252E+14 -0.32265688E-29 -0.29754974E-30
  0.33013618E+14 -0.32006467E-29 -0.33037110E-30
  0.33060983E+14 -0.31685198E-29 -0.36596094E-30
  0.33108348E+14 -0.31296254E-29 -0.39648978E-30
  0.33155713E+14 -0.30916740E-29 -0.41886952E-30
  0.33203079E+14 -0.30606079E-29 -0.43675325E-30
  0.33250444E+14 -0.30366591E-29 -0.45794031E-30
  0.33297809E+14 -0.30121345E-29 -0.48475192E-30
  0.33345175E+14 -0.29839516E-29 -0.51544300E-30
  0.33392540E+14 -0.29472981E-29 -0.54231148E-30
  0.33439905E+14 -0.29128093E-29 -0.56065083E-30
  0.33487271E+14 -0.28826613E-29 -0.57594198E-30
  0.33534636E+14 -0.28596253E-29 -0.59427546E-30
  0.33582001E+14 -0.28352679E-29 -0.61683878E-30
  0.33629366E+14 -0.28080273E-29 -0.64216781E-30
  0.33676732E+14 -0.27749315E-29 -0.66354278E-30
  0.33724097E+14 -0.27433925E-29 -0.68043952E-30
  0.33771462E+14 -0.27161329E-29 -0.69365174E-30
  0.33818828E+14 -0.26924168E-29 -0.71005326E-30
  0.33866193E+14 -0.26695550E-29 -0.72900222E-30
  0.33913558E+14 -0.26412260E-29 -0.75066440E-30
  0.33960924E+14 -0.26122105E-29 -0.76701719E-30
  0.34008289E+14 -0.25831019E-29 -0.78035187E-30
  0.34055654E+14 -0.25597170E-29 -0.79321421E-30
  0.34103020E+14 -0.25358551E-29 -0.80916496E-30
  0.34150385E+14 -0.25121673E-29 -0.82656801E-30
  0.34197750E+14 -0.24822731E-29 -0.84221361E-30
  0.34245115E+14 -0.24570495E-29 -0.85415048E-30
  0.34292481E+14 -0.24324461E-29 -0.86538956E-30
  0.34339846E+14 -0.24111485E-29 -0.87858982E-30
  0.34387211E+14 -0.23869896E-29 -0.89370666E-30
  0.34434577E+14 -0.23624731E-29 -0.90818239E-30
  0.34481942E+14 -0.23349206E-29 -0.92040971E-30
  0.34529307E+14 -0.23107646E-29 -0.92875314E-30
  0.34576673E+14 -0.22893965E-29 -0.93879008E-30
  0.34624038E+14 -0.22695602E-29 -0.95150014E-30
  0.34671403E+14 -0.22464277E-29 -0.96578931E-30
  0.34718769E+14 -0.22195294E-29 -0.97911173E-30
  0.34766134E+14 -0.21928277E-29 -0.98597121E-30
  0.34813499E+14 -0.21729354E-29 -0.99147186E-30
  0.34860864E+14 -0.21557148E-29 -0.10016910E-29
  0.34908230E+14 -0.21347671E-29 -0.10159950E-29
  0.34955595E+14 -0.21088513E-29 -0.10294607E-29
  0.35002960E+14 -0.20815421E-29 -0.10365944E-29
  0.35050326E+14 -0.20598513E-29 -0.10397055E-29
  0.35097691E+14 -0.20443936E-29 -0.10461392E-29
  0.35145056E+14 -0.20261950E-29 -0.10586034E-29
  0.35192422E+14 -0.20037679E-29 -0.10719918E-29
  0.35239787E+14 -0.19759570E-29 -0.10809453E-29
  0.35287152E+14 -0.19525545E-29 -0.10832822E-29
  0.35334517E+14 -0.19353599E-29 -0.10857538E-29
  0.35381883E+14 -0.19211619E-29 -0.10951829E-29
  0.35429248E+14 -0.19015214E-29 -0.11082686E-29
  0.35476613E+14 -0.18747606E-29 -0.11190836E-29
  0.35523979E+14 -0.18502835E-29 -0.11208542E-29
  0.35571344E+14 -0.18316814E-29 -0.11214978E-29
  0.35618709E+14 -0.18195173E-29 -0.11282920E-29
  0.35666075E+14 -0.18023186E-29 -0.11409453E-29
  0.35713440E+14 -0.17767591E-29 -0.11519311E-29
  0.35760805E+14 -0.17512207E-29 -0.11537665E-29
  0.35808171E+14 -0.17332943E-29 -0.11527187E-29
  0.35855536E+14 -0.17211266E-29 -0.11572185E-29
  0.35902901E+14 -0.17056436E-29 -0.11690724E-29
  0.35950266E+14 -0.16815500E-29 -0.11796217E-29
  0.35997632E+14 -0.16560325E-29 -0.11820104E-29
  0.36044997E+14 -0.16385846E-29 -0.11799360E-29
  0.36092362E+14 -0.16264301E-29 -0.11830179E-29
  0.36139728E+14 -0.16127694E-29 -0.11941965E-29
  0.36187093E+14 -0.15884875E-29 -0.12047238E-29
  0.36234458E+14 -0.15629110E-29 -0.12058036E-29
  0.36281824E+14 -0.15465993E-29 -0.12019799E-29
  0.36329189E+14 -0.15359046E-29 -0.12061011E-29
  0.36376554E+14 -0.15209362E-29 -0.12179580E-29
  0.36423919E+14 -0.14949358E-29 -0.12255510E-29
  0.36471285E+14 -0.14725114E-29 -0.12237854E-29
  0.36518650E+14 -0.14598694E-29 -0.12209423E-29
  0.36566015E+14 -0.14482617E-29 -0.12273348E-29
  0.36613381E+14 -0.14306161E-29 -0.12385437E-29
  0.36660746E+14 -0.14060776E-29 -0.12414033E-29
  0.36708111E+14 -0.13871020E-29 -0.12384775E-29
  0.36755477E+14 -0.13750811E-29 -0.12394534E-29
  0.36802842E+14 -0.13637108E-29 -0.12472549E-29
  0.36850207E+14 -0.13398474E-29 -0.12546500E-29
  0.36897573E+14 -0.13191283E-29 -0.12544683E-29
  0.36944938E+14 -0.13048828E-29 -0.12526269E-29
  0.36992303E+14 -0.12919097E-29 -0.12556480E-29
  0.37039668E+14 -0.12755743E-29 -0.12642759E-29
  0.37087034E+14 -0.12544269E-29 -0.12671400E-29
  0.37134399E+14 -0.12362489E-29 -0.12644013E-29
  0.37181764E+14 -0.12234379E-29 -0.12651716E-29
  0.37229130E+14 -0.12107086E-29 -0.12712372E-29
  0.37276495E+14 -0.11904091E-29 -0.12770646E-29
  0.37323860E+14 -0.11702604E-29 -0.12746213E-29
  0.37371226E+14 -0.11575893E-29 -0.12741683E-29
  0.37418591E+14 -0.11443258E-29 -0.12796595E-29
  0.37465956E+14 -0.11244579E-29 -0.12845487E-29
  0.37513321E+14 -0.11055570E-29 -0.12826951E-29
  0.37560687E+14 -0.10922905E-29 -0.12819180E-29
  0.37608052E+14 -0.10783379E-29 -0.12864286E-29
  0.37655417E+14 -0.10595384E-29 -0.12896057E-29
  0.37702783E+14 -0.10425848E-29 -0.12885201E-29
  0.37750148E+14 -0.10298280E-29 -0.12894217E-29
  0.37797513E+14 -0.10139496E-29 -0.12923837E-29
  0.37844879E+14 -0.99669771E-30 -0.12949573E-29
  0.37892244E+14 -0.97937749E-30 -0.12942731E-29
  0.37939609E+14 -0.96541022E-30 -0.12958886E-29
  0.37986975E+14 -0.95007051E-30 -0.12977430E-29
  0.38034340E+14 -0.93325473E-30 -0.12989979E-29
  0.38081705E+14 -0.91755641E-30 -0.12991162E-29
  0.38129070E+14 -0.90024882E-30 -0.13003344E-29
  0.38176436E+14 -0.88627345E-30 -0.13011799E-29
  0.38223801E+14 -0.86930132E-30 -0.13027884E-29
  0.38271166E+14 -0.85253160E-30 -0.13029572E-29
  0.38318532E+14 -0.83898042E-30 -0.13022419E-29
  0.38365897E+14 -0.82190766E-30 -0.13059793E-29
  0.38413262E+14 -0.80496502E-30 -0.13060688E-29
  0.38460628E+14 -0.79003805E-30 -0.13033115E-29
  0.38507993E+14 -0.77494753E-30 -0.13079645E-29
  0.38555358E+14 -0.75614244E-30 -0.13081233E-29
  0.38602724E+14 -0.74139693E-30 -0.13049026E-29
  0.38650089E+14 -0.72699106E-30 -0.13100098E-29
  0.38697454E+14 -0.70648002E-30 -0.13093477E-29
  0.38744819E+14 -0.69287534E-30 -0.13063270E-29
  0.38792185E+14 -0.67701245E-30 -0.13126566E-29
  0.38839550E+14 -0.65634876E-30 -0.13084650E-29
  0.38886915E+14 -0.64607954E-30 -0.13083646E-29
  0.38934281E+14 -0.62540442E-30 -0.13128832E-29
  0.38981646E+14 -0.60616372E-30 -0.13083608E-29
  0.39029011E+14 -0.59430275E-30 -0.13119040E-29
  0.39076377E+14 -0.56848993E-30 -0.13135160E-29
  0.39123742E+14 -0.55749853E-30 -0.13074973E-29
  0.39171107E+14 -0.53705366E-30 -0.13170309E-29
  0.39218472E+14 -0.51655956E-30 -0.13060818E-29
  0.39265838E+14 -0.50333330E-30 -0.13188925E-29
  0.39313203E+14 -0.47606521E-30 -0.13063725E-29
  0.39360568E+14 -0.46294156E-30 -0.13204036E-29
  0.39407934E+14 -0.43820316E-30 -0.13061234E-29
  0.39455299E+14 -0.41952249E-30 -0.13189939E-29
  0.39502664E+14 -0.40207513E-30 -0.13109719E-29
  0.39550030E+14 -0.36613253E-30 -0.13160200E-29
  0.39597395E+14 -0.35712524E-30 -0.13172393E-29
  0.39644760E+14 -0.32338639E-30 -0.13117464E-29
  0.39692126E+14 -0.29214367E-30 -0.13149595E-29
  0.39739491E+14 -0.26975867E-30 -0.13207633E-29
  0.39786856E+14 -0.24029810E-30 -0.13204036E-29
  0.39834221E+14 -0.19355399E-30 -0.13164035E-29
  0.39881587E+14 -0.13853568E-30 -0.13376486E-29
  0.39928952E+14 -0.59849741E-31 -0.13086270E-29
  0.39976317E+14  0.00000000E+00 -0.12141949E-29
  0.40023683E+14  0.00000000E+00 -0.11566363E-29
  0.40071048E+14  0.00000000E+00 -0.11151995E-29
  0.40118413E+14  0.00000000E+00 -0.10813012E-29
  0.40165779E+14  0.00000000E+00 -0.10520534E-29
  0.40213144E+14  0.00000000E+00 -0.10260553E-29
  0.40260509E+14  0.00000000E+00 -0.10024991E-29
  0.40307874E+14  0.00000000E+00 -0.98086788E-30
  0.40355240E+14  0.00000000E+00 -0.96080669E-30
  0.40402605E+14  0.00000000E+00 -0.94205916E-30
  0.40449970E+14  0.00000000E+00 -0.92443276E-30
  0.40497336E+14  0.00000000E+00 -0.90777847E-30
  0.40544701E+14  0.00000000E+00 -0.89197805E-30
  0.40592066E+14  0.00000000E+00 -0.87693574E-30
  0.40639432E+14  0.00000000E+00 -0.86257270E-30
  0.40686797E+14  0.00000000E+00 -0.84882303E-30
  0.40734162E+14  0.00000000E+00 -0.83563097E-30
  0.40781528E+14  0.00000000E+00 -0.82294882E-30
  0.40828893E+14  0.00000000E+00 -0.81073537E-30
  0.40876258E+14  0.00000000E+00 -0.79895475E-30
  0.40923623E+14  0.00000000E+00 -0.78757546E-30
  0.40970989E+14  0.00000000E+00 -0.77656965E-30
  0.41018354E+14  0.00000000E+00 -0.76591260E-30
  0.41065719E+14  0.00000000E+00 -0.75558217E-30
  0.41113085E+14  0.00000000E+00 -0.74555849E-30
  0.41160450E+14  0.00000000E+00 -0.73582361E-30
  0.41207815E+14  0.00000000E+00 -0.72636128E-30
  0.41255181E+14  0.00000000E+00 -0.71715668E-30
  0.41302546E+14  0.00000000E+00 -0.70819631E-30
  0.41349911E+14  0.00000000E+00 -0.69946776E-30
  0.41397276E+14  0.00000000E+00 -0.69095966E-30
  0.41444642E+14  0.00000000E+00 -0.68266150E-30
  0.41492007E+14  0.00000000E+00 -0.67456358E-30
  0.41539372E+14  0.00000000E+00 -0.66665691E-30
  0.41586738E+14  0.00000000E+00 -0.65893313E-30
  0.41634103E+14  0.00000000E+00 -0.65138446E-30
  0.41681468E+14  0.00000000E+00 -0.64400365E-30
  0.41728834E+14  0.00000000E+00 -0.63678393E-30
  0.41776199E+14  0.00000000E+00 -0.62971893E-30
  0.41823564E+14  0.00000000E+00 -0.62280270E-30
  0.41870930E+14  0.00000000E+00 -0.61602964E-30
  0.41918295E+14  0.00000000E+00 -0.60939449E-30
  0.41965660E+14  0.00000000E+00 -0.60289228E-30
  0.42013025E+14  0.00000000E+00 -0.59651833E-30
  0.42060391E+14  0.00000000E+00 -0.59026819E-30
  0.42107756E+14  0.00000000E+00 -0.58413769E-30
  0.42155121E+14  0.00000000E+00 -0.57812285E-30
  0.42202487E+14  0.00000000E+00 -0.57221990E-30
  0.42249852E+14  0.00000000E+00 -0.56642526E-30
  0.42297217E+14  0.00000000E+00 -0.56073554E-30
  0.42344583E+14  0.00000000E+00 -0.55514749E-30
  0.42391948E+14  0.00000000E+00 -0.54965802E-30
  0.42439313E+14  0.00000000E+00 -0.54426421E-30
  0.42486679E+14  0.00000000E+00 -0.53896324E-30
  0.42534044E+14  0.00000000E+00 -0.53375243E-30
  0.42581409E+14  0.00000000E+00 -0.52862922E-30
  0.42628774E+14  0.00000000E+00 -0.52359115E-30
  0.42676140E+14  0.00000000E+00 -0.51863589E-30
  0.42723505E+14  0.00000000E+00 -0.51376117E-30
  0.42770870E+14  0.00000000E+00 -0.50896485E-30
  0.42818236E+14  0.00000000E+00 -0.50424485E-30
  0.42865601E+14  0.00000000E+00 -0.49959918E-30
  0.42912966E+14  0.00000000E+00 -0.49502594E-30
  0.42960332E+14  0.00000000E+00 -0.49052329E-30
  0.43007697E+14  0.00000000E+00 -0.48608946E-30
  0.43055062E+14  0.00000000E+00 -0.48172276E-30
  0.43102427E+14  0.00000000E+00 -0.47742154E-30
  0.43149793E+14  0.00000000E+00 -0.47318423E-30
  0.43197158E+14  0.00000000E+00 -0.46900930E-30
  0.43244523E+14  0.00000000E+00 -0.46489530E-30
  0.43291889E+14  0.00000000E+00 -0.46084080E-30
  0.43339254E+14  0.00000000E+00 -0.45684444E-30
  0.43386619E+14  0.00000000E+00 -0.45290489E-30
  0.43433985E+14  0.00000000E+00 -0.44902088E-30
  0.43481350E+14  0.00000000E+00 -0.44519118E-30
  0.43528715E+14  0.00000000E+00 -0.44141460E-30
  0.43576081E+14  0.00000000E+00 -0.43768997E-30
  0.43623446E+14  0.00000000E+00 -0.43401617E-30
  0.43670811E+14  0.00000000E+00 -0.43039214E-30
  0.43718176E+14  0.00000000E+00 -0.42681681E-30
  0.43765542E+14  0.00000000E+00 -0.42328917E-30
  0.43812907E+14  0.00000000E+00 -0.41980823E-30
  0.43860272E+14  0.00000000E+00 -0.41637304E-30
  0.43907638E+14  0.00000000E+00 -0.41298267E-30
  0.43955003E+14  0.00000000E+00 -0.40963622E-30
  0.44002368E+14  0.00000000E+00 -0.40633282E-30
  0.44049734E+14  0.00000000E+00 -0.40307161E-30
  0.44097099E+14  0.00000000E+00 -0.39985177E-30
  0.44144464E+14  0.00000000E+00 -0.39667251E-30
  0.44191829E+14  0.00000000E+00 -0.39353303E-30
  0.44239195E+14  0.00000000E+00 -0.39043259E-30
  0.44286560E+14  0.00000000E+00 -0.38737044E-30
  0.44333925E+14  0.00000000E+00 -0.38434588E-30
  0.44381291E+14  0.00000000E+00 -0.38135820E-30
  0.44428656E+14  0.00000000E+00 -0.37840672E-30
  0.44476021E+14  0.00000000E+00 -0.37549078E-30
  0.44523387E+14  0.00000000E+00 -0.37260975E-30
  0.44570752E+14  0.00000000E+00 -0.36976298E-30
  0.44618117E+14  0.00000000E+00 -0.36694987E-30
  0.44665483E+14  0.00000000E+00 -0.36416983E-30
  0.44712848E+14  0.00000000E+00 -0.36142228E-30
  0.44760213E+14  0.00000000E+00 -0.35870664E-30
  0.44807578E+14  0.00000000E+00 -0.35602237E-30
  0.44854944E+14  0.00000000E+00 -0.35336893E-30
  0.44902309E+14  0.00000000E+00 -0.35074579E-30
  0.44949674E+14  0.00000000E+00 -0.34815243E-30
  0.44997040E+14  0.00000000E+00 -0.34558837E-30
  0.45044405E+14  0.00000000E+00 -0.34305311E-30
  0.45091770E+14  0.00000000E+00 -0.34054617E-30
  0.45139136E+14  0.00000000E+00 -0.33806708E-30
  0.45186501E+14  0.00000000E+00 -0.33561540E-30
  0.45233866E+14  0.00000000E+00 -0.33319068E-30
  0.45281231E+14  0.00000000E+00 -0.33079248E-30
  0.45328597E+14  0.00000000E+00 -0.32842037E-30
  0.45375962E+14  0.00000000E+00 -0.32607395E-30
  0.45423327E+14  0.00000000E+00 -0.32375280E-30
  0.45470693E+14  0.00000000E+00 -0.32145653E-30
  0.45518058E+14  0.00000000E+00 -0.31918475E-30
  0.45565423E+14  0.00000000E+00 -0.31693708E-30
  0.45612789E+14  0.00000000E+00 -0.31471315E-30
  0.45660154E+14  0.00000000E+00 -0.31251259E-30
  0.45707519E+14  0.00000000E+00 -0.31033506E-30
  0.45754885E+14  0.00000000E+00 -0.30818019E-30
  0.45802250E+14  0.00000000E+00 -0.30604765E-30
  0.45849615E+14  0.00000000E+00 -0.30393711E-30
  0.45896980E+14  0.00000000E+00 -0.30184824E-30
  0.45944346E+14  0.00000000E+00 -0.29978071E-30
  0.45991711E+14  0.00000000E+00 -0.29773422E-30
  0.46039076E+14  0.00000000E+00 -0.29570845E-30
  0.46086442E+14  0.00000000E+00 -0.29370311E-30
  0.46133807E+14  0.00000000E+00 -0.29171789E-30
  0.46181172E+14  0.00000000E+00 -0.28975252E-30
  0.46228538E+14  0.00000000E+00 -0.28780671E-30
  0.46275903E+14  0.00000000E+00 -0.28588017E-30
  0.46323268E+14  0.00000000E+00 -0.28397264E-30
  0.46370634E+14  0.00000000E+00 -0.28208385E-30
  0.46417999E+14  0.00000000E+00 -0.28021353E-30
  0.46465364E+14  0.00000000E+00 -0.27836143E-30
  0.46512729E+14  0.00000000E+00 -0.27652730E-30
  0.46560095E+14  0.00000000E+00 -0.27471089E-30
  0.46607460E+14  0.00000000E+00 -0.27291196E-30
  0.46654825E+14  0.00000000E+00 -0.27113027E-30
  0.46702191E+14  0.00000000E+00 -0.26936558E-30
  0.46749556E+14  0.00000000E+00 -0.26761766E-30
  0.46796921E+14  0.00000000E+00 -0.26588630E-30
  0.46844287E+14  0.00000000E+00 -0.26417126E-30
  0.46891652E+14  0.00000000E+00 -0.26247234E-30
  0.46939017E+14  0.00000000E+00 -0.26078931E-30
  0.46986382E+14  0.00000000E+00 -0.25912197E-30
  0.47033748E+14  0.00000000E+00 -0.25747012E-30
  0.47081113E+14  0.00000000E+00 -0.25583354E-30
  0.47128478E+14  0.00000000E+00 -0.25421205E-30
  0.47175844E+14  0.00000000E+00 -0.25260545E-30
  0.47223209E+14  0.00000000E+00 -0.25101354E-30
  0.47270574E+14  0.00000000E+00 -0.24943615E-30
  0.47317940E+14  0.00000000E+00 -0.24787307E-30
  0.47365305E+14  0.00000000E+00 -0.24632414E-30
  0.47412670E+14  0.00000000E+00 -0.24478917E-30
  0.47460036E+14  0.00000000E+00 -0.24326798E-30
  0.47507401E+14  0.00000000E+00 -0.24176041E-30
  0.47554766E+14  0.00000000E+00 -0.24026629E-30
  0.47602131E+14  0.00000000E+00 -0.23878544E-30
  0.47649497E+14  0.00000000E+00 -0.23731771E-30
  0.47696862E+14  0.00000000E+00 -0.23586293E-30
  0.47744227E+14  0.00000000E+00 -0.23442094E-30
  0.47791593E+14  0.00000000E+00 -0.23299159E-30
  0.47838958E+14  0.00000000E+00 -0.23157473E-30
  0.47886323E+14  0.00000000E+00 -0.23017020E-30
  0.47933689E+14  0.00000000E+00 -0.22877785E-30
  0.47981054E+14  0.00000000E+00 -0.22739754E-30
  0.48028419E+14  0.00000000E+00 -0.22602913E-30
  0.48075784E+14  0.00000000E+00 -0.22467246E-30
  0.48123150E+14  0.00000000E+00 -0.22332742E-30
  0.48170515E+14  0.00000000E+00 -0.22199384E-30
  0.48217880E+14  0.00000000E+00 -0.22067162E-30
  0.48265246E+14  0.00000000E+00 -0.21936059E-30
  0.48312611E+14  0.00000000E+00 -0.21806065E-30
  0.48359976E+14  0.00000000E+00 -0.21677166E-30
  0.48407342E+14  0.00000000E+00 -0.21549349E-30
  0.48454707E+14  0.00000000E+00 -0.21422601E-30
  0.48502072E+14  0.00000000E+00 -0.21296911E-30
  0.48549438E+14  0.00000000E+00 -0.21172267E-30
  0.48596803E+14  0.00000000E+00 -0.21048656E-30
  0.48644168E+14  0.00000000E+00 -0.20926067E-30
  0.48691533E+14  0.00000000E+00 -0.20804488E-30
  0.48738899E+14  0.00000000E+00 -0.20683908E-30
  0.48786264E+14  0.00000000E+00 -0.20564315E-30
  0.48833629E+14  0.00000000E+00 -0.20445699E-30
  0.48880995E+14  0.00000000E+00 -0.20328048E-30
  0.48928360E+14  0.00000000E+00 -0.20211353E-30
  0.48975725E+14  0.00000000E+00 -0.20095602E-30
  0.49023091E+14  0.00000000E+00 -0.19980784E-30
  0.49070456E+14  0.00000000E+00 -0.19866891E-30
  0.49117821E+14  0.00000000E+00 -0.19753911E-30
  0.49165187E+14  0.00000000E+00 -0.19641834E-30
  0.49212552E+14  0.00000000E+00 -0.19530652E-30
  0.49259917E+14  0.00000000E+00 -0.19420353E-30
  0.49307282E+14  0.00000000E+00 -0.19310929E-30
  0.49354648E+14  0.00000000E+00 -0.19202371E-30
  0.49402013E+14  0.00000000E+00 -0.19094668E-30
  0.49449378E+14  0.00000000E+00 -0.18987811E-30
  0.49496744E+14  0.00000000E+00 -0.18881793E-30
  0.49544109E+14  0.00000000E+00 -0.18776603E-30
  0.49591474E+14  0.00000000E+00 -0.18672234E-30
  0.49638840E+14  0.00000000E+00 -0.18568676E-30
  0.49686205E+14  0.00000000E+00 -0.18465920E-30
  0.49733570E+14  0.00000000E+00 -0.18363959E-30
  0.49780935E+14  0.00000000E+00 -0.18262785E-30
  0.49828301E+14  0.00000000E+00 -0.18162388E-30
  0.49875666E+14  0.00000000E+00 -0.18062762E-30
  0.49923031E+14  0.00000000E+00 -0.17963897E-30
  0.49970397E+14  0.00000000E+00 -0.17865786E-30
  0.50017762E+14  0.00000000E+00 -0.17768422E-30
  0.50065127E+14  0.00000000E+00 -0.17671797E-30
  0.50112493E+14  0.00000000E+00 -0.17575902E-30
  0.50159858E+14  0.00000000E+00 -0.17480732E-30
  0.50207223E+14  0.00000000E+00 -0.17386278E-30
  0.50254589E+14  0.00000000E+00 -0.17292533E-30
  0.50301954E+14  0.00000000E+00 -0.17199490E-30
  0.50349319E+14  0.00000000E+00 -0.17107143E-30
  0.50396684E+14  0.00000000E+00 -0.17015483E-30
  0.50444050E+14  0.00000000E+00 -0.16924504E-30
  0.50491415E+14  0.00000000E+00 -0.16834200E-30
  0.50538780E+14  0.00000000E+00 -0.16744563E-30
  0.50586146E+14  0.00000000E+00 -0.16655588E-30
  0.50633511E+14  0.00000000E+00 -0.16567267E-30
  0.50680876E+14  0.00000000E+00 -0.16479594E-30
  0.50728242E+14  0.00000000E+00 -0.16392563E-30
  0.50775607E+14  0.00000000E+00 -0.16306167E-30
  0.50822972E+14  0.00000000E+00 -0.16220401E-30
  0.50870337E+14  0.00000000E+00 -0.16135258E-30
  0.50917703E+14  0.00000000E+00 -0.16050732E-30
  0.50965068E+14  0.00000000E+00 -0.15966817E-30
  0.51012433E+14  0.00000000E+00 -0.15883507E-30
  0.51059799E+14  0.00000000E+00 -0.15800797E-30
  0.51107164E+14  0.00000000E+00 -0.15718681E-30
  0.51154529E+14  0.00000000E+00 -0.15637152E-30
  0.51201895E+14  0.00000000E+00 -0.15556206E-30
  0.51249260E+14  0.00000000E+00 -0.15475837E-30
  0.51296625E+14  0.00000000E+00 -0.15396040E-30
  0.51343991E+14  0.00000000E+00 -0.15316808E-30
  0.51391356E+14  0.00000000E+00 -0.15238137E-30
  0.51438721E+14  0.00000000E+00 -0.15160022E-30
  0.51486086E+14  0.00000000E+00 -0.15082457E-30
  0.51533452E+14  0.00000000E+00 -0.15005437E-30
  0.51580817E+14  0.00000000E+00 -0.14928957E-30
  0.51628182E+14  0.00000000E+00 -0.14853012E-30
  0.51675548E+14  0.00000000E+00 -0.14777597E-30
  0.51722913E+14  0.00000000E+00 -0.14702707E-30
  0.51770278E+14  0.00000000E+00 -0.14628337E-30
  0.51817644E+14  0.00000000E+00 -0.14554483E-30
  0.51865009E+14  0.00000000E+00 -0.14481140E-30
  0.51912374E+14  0.00000000E+00 -0.14408303E-30
  0.51959739E+14  0.00000000E+00 -0.14335967E-30
  0.52007105E+14  0.00000000E+00 -0.14264128E-30
  0.52054470E+14  0.00000000E+00 -0.14192782E-30
  0.52101835E+14  0.00000000E+00 -0.14121923E-30
  0.52149201E+14  0.00000000E+00 -0.14051549E-30
  0.52196566E+14  0.00000000E+00 -0.13981653E-30
  0.52243931E+14  0.00000000E+00 -0.13912232E-30
  0.52291297E+14  0.00000000E+00 -0.13843282E-30
  0.52338662E+14  0.00000000E+00 -0.13774799E-30
  0.52386027E+14  0.00000000E+00 -0.13706777E-30
  0.52433393E+14  0.00000000E+00 -0.13639214E-30
  0.52480758E+14  0.00000000E+00 -0.13572105E-30
  0.52528123E+14  0.00000000E+00 -0.13505447E-30
  0.52575488E+14  0.00000000E+00 -0.13439234E-30
  0.52622854E+14  0.00000000E+00 -0.13373463E-30
  0.52670219E+14  0.00000000E+00 -0.13308131E-30
  0.52717584E+14  0.00000000E+00 -0.13243233E-30
  0.52764950E+14  0.00000000E+00 -0.13178766E-30
  0.52812315E+14  0.00000000E+00 -0.13114726E-30
  0.52859680E+14  0.00000000E+00 -0.13051109E-30
  0.52907046E+14  0.00000000E+00 -0.12987912E-30
  0.52954411E+14  0.00000000E+00 -0.12925131E-30
  0.53001776E+14  0.00000000E+00 -0.12862762E-30
  0.53049142E+14  0.00000000E+00 -0.12800801E-30
  0.53096507E+14  0.00000000E+00 -0.12739246E-30
  0.53143872E+14  0.00000000E+00 -0.12678093E-30
  0.53191237E+14  0.00000000E+00 -0.12617338E-30
  0.53238603E+14  0.00000000E+00 -0.12556979E-30
  0.53285968E+14  0.00000000E+00 -0.12497010E-30
  0.53333333E+14  0.00000000E+00 -0.12437430E-30
  0.53380699E+14  0.00000000E+00 -0.12378235E-30
  0.53428064E+14  0.00000000E+00 -0.12319422E-30
  0.53475429E+14  0.00000000E+00 -0.12260987E-30
  0.53522795E+14  0.00000000E+00 -0.12202928E-30
  0.53570160E+14  0.00000000E+00 -0.12145241E-30
  0.53617525E+14  0.00000000E+00 -0.12087923E-30
  0.53664890E+14  0.00000000E+00 -0.12030971E-30
  0.53712256E+14  0.00000000E+00 -0.11974382E-30
  0.53759621E+14  0.00000000E+00 -0.11918152E-30
  0.53806986E+14  0.00000000E+00 -0.11862280E-30
  0.53854352E+14  0.00000000E+00 -0.11806762E-30
  0.53901717E+14  0.00000000E+00 -0.11751595E-30
  0.53949082E+14  0.00000000E+00 -0.11696775E-30
  0.53996448E+14  0.00000000E+00 -0.11642302E-30
  0.54043813E+14  0.00000000E+00 -0.11588170E-30
  0.54091178E+14  0.00000000E+00 -0.11534379E-30
  0.54138544E+14  0.00000000E+00 -0.11480924E-30
  0.54185909E+14  0.00000000E+00 -0.11427804E-30
  0.54233274E+14  0.00000000E+00 -0.11375014E-30
  0.54280639E+14  0.00000000E+00 -0.11322554E-30
  0.54328005E+14  0.00000000E+00 -0.11270420E-30
  0.54375370E+14  0.00000000E+00 -0.11218609E-30
  0.54422735E+14  0.00000000E+00 -0.11167119E-30
  0.54470101E+14  0.00000000E+00 -0.11115947E-30
  0.54517466E+14  0.00000000E+00 -0.11065091E-30
  0.54564831E+14  0.00000000E+00 -0.11014548E-30
  0.54612197E+14  0.00000000E+00 -0.10964316E-30
  0.54659562E+14  0.00000000E+00 -0.10914392E-30
  0.54706927E+14  0.00000000E+00 -0.10864774E-30
  0.54754292E+14  0.00000000E+00 -0.10815459E-30
  0.54801658E+14  0.00000000E+00 -0.10766445E-30
  0.54849023E+14  0.00000000E+00 -0.10717729E-30
  0.54896388E+14  0.00000000E+00 -0.10669310E-30
  0.54943754E+14  0.00000000E+00 -0.10621185E-30
  0.54991119E+14  0.00000000E+00 -0.10573351E-30
  0.55038484E+14  0.00000000E+00 -0.10525806E-30
  0.55085850E+14  0.00000000E+00 -0.10478548E-30
  0.55133215E+14  0.00000000E+00 -0.10431575E-30
  0.55180580E+14  0.00000000E+00 -0.10384885E-30
  0.55227946E+14  0.00000000E+00 -0.10338475E-30
  0.55275311E+14  0.00000000E+00 -0.10292343E-30
  0.55322676E+14  0.00000000E+00 -0.10246487E-30
  0.55370041E+14  0.00000000E+00 -0.10200904E-30
  0.55417407E+14  0.00000000E+00 -0.10155594E-30
  0.55464772E+14  0.00000000E+00 -0.10110553E-30
  0.55512137E+14  0.00000000E+00 -0.10065780E-30
  0.55559503E+14  0.00000000E+00 -0.10021272E-30
  0.55606868E+14  0.00000000E+00 -0.99770282E-31
  0.55654233E+14  0.00000000E+00 -0.99330455E-31
  0.55701599E+14  0.00000000E+00 -0.98893223E-31
  0.55748964E+14  0.00000000E+00 -0.98458566E-31
  0.55796329E+14  0.00000000E+00 -0.98026465E-31
  0.55843694E+14  0.00000000E+00 -0.97596900E-31
  0.55891060E+14  0.00000000E+00 -0.97169852E-31
  0.55938425E+14  0.00000000E+00 -0.96745301E-31
  0.55985790E+14  0.00000000E+00 -0.96323230E-31
  0.56033156E+14  0.00000000E+00 -0.95903620E-31
  0.56080521E+14  0.00000000E+00 -0.95486451E-31
  0.56127886E+14  0.00000000E+00 -0.95071706E-31
  0.56175252E+14  0.00000000E+00 -0.94659367E-31
  0.56222617E+14  0.00000000E+00 -0.94249415E-31
  0.56269982E+14  0.00000000E+00 -0.93841833E-31
  0.56317348E+14  0.00000000E+00 -0.93436603E-31
  0.56364713E+14  0.00000000E+00 -0.93033709E-31
  0.56412078E+14  0.00000000E+00 -0.92633131E-31
  0.56459443E+14  0.00000000E+00 -0.92234854E-31
  0.56506809E+14  0.00000000E+00 -0.91838860E-31
  0.56554174E+14  0.00000000E+00 -0.91445133E-31
  0.56601539E+14  0.00000000E+00 -0.91053656E-31
  0.56648905E+14  0.00000000E+00 -0.90664412E-31
  0.56696270E+14  0.00000000E+00 -0.90277385E-31
  0.56743635E+14  0.00000000E+00 -0.89892558E-31
  0.56791001E+14  0.00000000E+00 -0.89509917E-31
  0.56838366E+14  0.00000000E+00 -0.89129444E-31
  0.56885731E+14  0.00000000E+00 -0.88751124E-31
  0.56933097E+14  0.00000000E+00 -0.88374942E-31
  0.56980462E+14  0.00000000E+00 -0.88000882E-31
  0.57027827E+14  0.00000000E+00 -0.87628928E-31
  0.57075192E+14  0.00000000E+00 -0.87259065E-31
  0.57122558E+14  0.00000000E+00 -0.86891279E-31
  0.57169923E+14  0.00000000E+00 -0.86525554E-31
  0.57217288E+14  0.00000000E+00 -0.86161875E-31
  0.57264654E+14  0.00000000E+00 -0.85800229E-31
  0.57312019E+14  0.00000000E+00 -0.85440600E-31
  0.57359384E+14  0.00000000E+00 -0.85082973E-31
  0.57406750E+14  0.00000000E+00 -0.84727336E-31
  0.57454115E+14  0.00000000E+00 -0.84373672E-31
  0.57501480E+14  0.00000000E+00 -0.84021970E-31
  0.57548845E+14  0.00000000E+00 -0.83672213E-31
  0.57596211E+14  0.00000000E+00 -0.83324390E-31
  0.57643576E+14  0.00000000E+00 -0.82978486E-31
  0.57690941E+14  0.00000000E+00 -0.82634487E-31
  0.57738307E+14  0.00000000E+00 -0.82292380E-31
  0.57785672E+14  0.00000000E+00 -0.81952152E-31
  0.57833037E+14  0.00000000E+00 -0.81613790E-31
  0.57880403E+14  0.00000000E+00 -0.81277281E-31
  0.57927768E+14  0.00000000E+00 -0.80942611E-31
  0.57975133E+14  0.00000000E+00 -0.80609768E-31
  0.58022499E+14  0.00000000E+00 -0.80278738E-31
  0.58069864E+14  0.00000000E+00 -0.79949511E-31
  0.58117229E+14  0.00000000E+00 -0.79622072E-31
  0.58164594E+14  0.00000000E+00 -0.79296410E-31
  0.58211960E+14  0.00000000E+00 -0.78972512E-31
  0.58259325E+14  0.00000000E+00 -0.78650365E-31
  0.58306690E+14  0.00000000E+00 -0.78329959E-31
  0.58354056E+14  0.00000000E+00 -0.78011281E-31
  0.58401421E+14  0.00000000E+00 -0.77694319E-31
  0.58448786E+14  0.00000000E+00 -0.77379061E-31
  0.58496152E+14  0.00000000E+00 -0.77065496E-31
  0.58543517E+14  0.00000000E+00 -0.76753611E-31
  0.58590882E+14  0.00000000E+00 -0.76443397E-31
  0.58638247E+14  0.00000000E+00 -0.76134840E-31
  0.58685613E+14  0.00000000E+00 -0.75827930E-31
  0.58732978E+14  0.00000000E+00 -0.75522656E-31
  0.58780343E+14  0.00000000E+00 -0.75219006E-31
  0.58827709E+14  0.00000000E+00 -0.74916970E-31
  0.58875074E+14  0.00000000E+00 -0.74616537E-31
  0.58922439E+14  0.00000000E+00 -0.74317695E-31
  0.58969805E+14  0.00000000E+00 -0.74020435E-31
  0.59017170E+14  0.00000000E+00 -0.73724745E-31
  0.59064535E+14  0.00000000E+00 -0.73430614E-31
  0.59111901E+14  0.00000000E+00 -0.73138034E-31
  0.59159266E+14  0.00000000E+00 -0.72846992E-31
  0.59206631E+14  0.00000000E+00 -0.72557479E-31
  0.59253996E+14  0.00000000E+00 -0.72269484E-31
  0.59301362E+14  0.00000000E+00 -0.71982998E-31
  0.59348727E+14  0.00000000E+00 -0.71698011E-31
  0.59396092E+14  0.00000000E+00 -0.71414511E-31
  0.59443458E+14  0.00000000E+00 -0.71132491E-31
  0.59490823E+14  0.00000000E+00 -0.70851939E-31
  0.59538188E+14  0.00000000E+00 -0.70572846E-31
  0.59585554E+14  0.00000000E+00 -0.70295202E-31
  0.59632919E+14  0.00000000E+00 -0.70018998E-31
  0.59680284E+14  0.00000000E+00 -0.69744225E-31
  0.59727649E+14  0.00000000E+00 -0.69470872E-31
  0.59775015E+14  0.00000000E+00 -0.69198932E-31
  0.59822380E+14  0.00000000E+00 -0.68928393E-31
  0.59869745E+14  0.00000000E+00 -0.68659248E-31
  0.59917111E+14  0.00000000E+00 -0.68391487E-31
  0.59964476E+14  0.00000000E+00 -0.68125101E-31
  0.60011841E+14  0.00000000E+00 -0.67860081E-31
  0.60059207E+14  0.00000000E+00 -0.67596418E-31
  0.60106572E+14  0.00000000E+00 -0.67334104E-31
  0.60153937E+14  0.00000000E+00 -0.67073130E-31
  0.60201303E+14  0.00000000E+00 -0.66813486E-31
  0.60248668E+14  0.00000000E+00 -0.66555165E-31
  0.60296033E+14  0.00000000E+00 -0.66298158E-31
  0.60343398E+14  0.00000000E+00 -0.66042456E-31
  0.60390764E+14  0.00000000E+00 -0.65788051E-31
  0.60438129E+14  0.00000000E+00 -0.65534935E-31
  0.60485494E+14  0.00000000E+00 -0.65283100E-31
  0.60532860E+14  0.00000000E+00 -0.65032536E-31
  0.60580225E+14  0.00000000E+00 -0.64783237E-31
  0.60627590E+14  0.00000000E+00 -0.64535194E-31
  0.60674956E+14  0.00000000E+00 -0.64288399E-31
  0.60722321E+14  0.00000000E+00 -0.64042844E-31
  0.60769686E+14  0.00000000E+00 -0.63798521E-31
  0.60817052E+14  0.00000000E+00 -0.63555422E-31
  0.60864417E+14  0.00000000E+00 -0.63313540E-31
  0.60911782E+14  0.00000000E+00 -0.63072867E-31
  0.60959147E+14  0.00000000E+00 -0.62833395E-31
  0.61006513E+14  0.00000000E+00 -0.62595117E-31
  0.61053878E+14  0.00000000E+00 -0.62358025E-31
  0.61101243E+14  0.00000000E+00 -0.62122112E-31
  0.61148609E+14  0.00000000E+00 -0.61887370E-31
  0.61195974E+14  0.00000000E+00 -0.61653792E-31
  0.61243339E+14  0.00000000E+00 -0.61421371E-31
  0.61290705E+14  0.00000000E+00 -0.61190099E-31
  0.61338070E+14  0.00000000E+00 -0.60959969E-31
  0.61385435E+14  0.00000000E+00 -0.60730975E-31
  0.61432800E+14  0.00000000E+00 -0.60503108E-31
  0.61480166E+14  0.00000000E+00 -0.60276363E-31
  0.61527531E+14  0.00000000E+00 -0.60050731E-31
  0.61574896E+14  0.00000000E+00 -0.59826207E-31
  0.61622262E+14  0.00000000E+00 -0.59602784E-31
  0.61669627E+14  0.00000000E+00 -0.59380453E-31
  0.61716992E+14  0.00000000E+00 -0.59159210E-31
  0.61764358E+14  0.00000000E+00 -0.58939046E-31
  0.61811723E+14  0.00000000E+00 -0.58719956E-31
  0.61859088E+14  0.00000000E+00 -0.58501933E-31
  0.61906454E+14  0.00000000E+00 -0.58284970E-31
  0.61953819E+14  0.00000000E+00 -0.58069061E-31
  0.62001184E+14  0.00000000E+00 -0.57854199E-31
  0.62048549E+14  0.00000000E+00 -0.57640378E-31
  0.62095915E+14  0.00000000E+00 -0.57427591E-31
  0.62143280E+14  0.00000000E+00 -0.57215833E-31
  0.62190645E+14  0.00000000E+00 -0.57005097E-31
  0.62238011E+14  0.00000000E+00 -0.56795376E-31
  0.62285376E+14  0.00000000E+00 -0.56586665E-31
  0.62332741E+14  0.00000000E+00 -0.56378958E-31
  0.62380107E+14  0.00000000E+00 -0.56172248E-31
  0.62427472E+14  0.00000000E+00 -0.55966529E-31
  0.62474837E+14  0.00000000E+00 -0.55761796E-31
  0.62522202E+14  0.00000000E+00 -0.55558042E-31
  0.62569568E+14  0.00000000E+00 -0.55355262E-31
  0.62616933E+14  0.00000000E+00 -0.55153450E-31
  0.62664298E+14  0.00000000E+00 -0.54952599E-31
  0.62711664E+14  0.00000000E+00 -0.54752705E-31
  0.62759029E+14  0.00000000E+00 -0.54553760E-31
  0.62806394E+14  0.00000000E+00 -0.54355761E-31
  0.62853760E+14  0.00000000E+00 -0.54158701E-31
  0.62901125E+14  0.00000000E+00 -0.53962574E-31
  0.62948490E+14  0.00000000E+00 -0.53767375E-31
  0.62995856E+14  0.00000000E+00 -0.53573098E-31
  0.63043221E+14  0.00000000E+00 -0.53379738E-31
  0.63090586E+14  0.00000000E+00 -0.53187290E-31
  0.63137951E+14  0.00000000E+00 -0.52995748E-31
  0.63185317E+14  0.00000000E+00 -0.52805106E-31
  0.63232682E+14  0.00000000E+00 -0.52615360E-31
  0.63280047E+14  0.00000000E+00 -0.52426504E-31
  0.63327413E+14  0.00000000E+00 -0.52238533E-31
  0.63374778E+14  0.00000000E+00 -0.52051441E-31
  0.63422143E+14  0.00000000E+00 -0.51865224E-31
  0.63469509E+14  0.00000000E+00 -0.51679876E-31
  0.63516874E+14  0.00000000E+00 -0.51495393E-31
  0.63564239E+14  0.00000000E+00 -0.51311768E-31
  0.63611604E+14  0.00000000E+00 -0.51128998E-31
  0.63658970E+14  0.00000000E+00 -0.50947077E-31
  0.63706335E+14  0.00000000E+00 -0.50766000E-31
  0.63753700E+14  0.00000000E+00 -0.50585762E-31
  0.63801066E+14  0.00000000E+00 -0.50406359E-31
  0.63848431E+14  0.00000000E+00 -0.50227786E-31
  0.63895796E+14  0.00000000E+00 -0.50050037E-31
  0.63943162E+14  0.00000000E+00 -0.49873108E-31
  0.63990527E+14  0.00000000E+00 -0.49696994E-31
  0.64037892E+14  0.00000000E+00 -0.49521691E-31
  0.64085258E+14  0.00000000E+00 -0.49347194E-31
  0.64132623E+14  0.00000000E+00 -0.49173498E-31
  0.64179988E+14  0.00000000E+00 -0.49000599E-31
  0.64227353E+14  0.00000000E+00 -0.48828491E-31
  0.64274719E+14  0.00000000E+00 -0.48657171E-31
  0.64322084E+14  0.00000000E+00 -0.48486634E-31
  0.64369449E+14  0.00000000E+00 -0.48316875E-31
  0.64416815E+14  0.00000000E+00 -0.48147891E-31
  0.64464180E+14  0.00000000E+00 -0.47979676E-31
  0.64511545E+14  0.00000000E+00 -0.47812226E-31
  0.64558911E+14  0.00000000E+00 -0.47645537E-31
  0.64606276E+14  0.00000000E+00 -0.47479604E-31
  0.64653641E+14  0.00000000E+00 -0.47314424E-31
  0.64701007E+14  0.00000000E+00 -0.47149991E-31
  0.64748372E+14  0.00000000E+00 -0.46986303E-31
  0.64795737E+14  0.00000000E+00 -0.46823353E-31
  0.64843102E+14  0.00000000E+00 -0.46661140E-31
  0.64890468E+14  0.00000000E+00 -0.46499657E-31
  0.64937833E+14  0.00000000E+00 -0.46338901E-31
  0.64985198E+14  0.00000000E+00 -0.46178868E-31
  0.65032564E+14  0.00000000E+00 -0.46019554E-31
  0.65079929E+14  0.00000000E+00 -0.45860955E-31
  0.65127294E+14  0.00000000E+00 -0.45703066E-31
  0.65174660E+14  0.00000000E+00 -0.45545884E-31
  0.65222025E+14  0.00000000E+00 -0.45389406E-31
  0.65269390E+14  0.00000000E+00 -0.45233626E-31
  0.65316755E+14  0.00000000E+00 -0.45078541E-31
  0.65364121E+14  0.00000000E+00 -0.44924147E-31
  0.65411486E+14  0.00000000E+00 -0.44770440E-31
  0.65458851E+14  0.00000000E+00 -0.44617417E-31
  0.65506217E+14  0.00000000E+00 -0.44465074E-31
  0.65553582E+14  0.00000000E+00 -0.44313406E-31
  0.65600947E+14  0.00000000E+00 -0.44162411E-31
  0.65648313E+14  0.00000000E+00 -0.44012084E-31
  0.65695678E+14  0.00000000E+00 -0.43862422E-31
  0.65743043E+14  0.00000000E+00 -0.43713421E-31
  0.65790409E+14  0.00000000E+00 -0.43565077E-31
  0.65837774E+14  0.00000000E+00 -0.43417387E-31
  0.65885139E+14  0.00000000E+00 -0.43270347E-31
  0.65932504E+14  0.00000000E+00 -0.43123953E-31
  0.65979870E+14  0.00000000E+00 -0.42978203E-31
  0.66027235E+14  0.00000000E+00 -0.42833092E-31
  0.66074600E+14  0.00000000E+00 -0.42688618E-31
  0.66121966E+14  0.00000000E+00 -0.42544775E-31
  0.66169331E+14  0.00000000E+00 -0.42401562E-31
  0.66216696E+14  0.00000000E+00 -0.42258974E-31
  0.66264062E+14  0.00000000E+00 -0.42117009E-31
  0.66311427E+14  0.00000000E+00 -0.41975663E-31
  0.66358792E+14  0.00000000E+00 -0.41834932E-31
  0.66406157E+14  0.00000000E+00 -0.41694813E-31
  0.66453523E+14  0.00000000E+00 -0.41555302E-31
  0.66500888E+14  0.00000000E+00 -0.41416398E-31
  0.66548253E+14  0.00000000E+00 -0.41278095E-31
  0.66595619E+14  0.00000000E+00 -0.41140392E-31
  0.66642984E+14  0.00000000E+00 -0.41003284E-31
  0.66690349E+14  0.00000000E+00 -0.40866769E-31
  0.66737715E+14  0.00000000E+00 -0.40730843E-31
  0.66785080E+14  0.00000000E+00 -0.40595503E-31
  0.66832445E+14  0.00000000E+00 -0.40460746E-31
  0.66879811E+14  0.00000000E+00 -0.40326569E-31
  0.66927176E+14  0.00000000E+00 -0.40192969E-31
  0.66974541E+14  0.00000000E+00 -0.40059942E-31
  0.67021906E+14  0.00000000E+00 -0.39927486E-31
  0.67069272E+14  0.00000000E+00 -0.39795598E-31
  0.67116637E+14  0.00000000E+00 -0.39664273E-31
  0.67164002E+14  0.00000000E+00 -0.39533511E-31
  0.67211368E+14  0.00000000E+00 -0.39403307E-31
  0.67258733E+14  0.00000000E+00 -0.39273658E-31
  0.67306098E+14  0.00000000E+00 -0.39144562E-31
  0.67353464E+14  0.00000000E+00 -0.39016016E-31
  0.67400829E+14  0.00000000E+00 -0.38888016E-31
  0.67448194E+14  0.00000000E+00 -0.38760561E-31
  0.67495560E+14  0.00000000E+00 -0.38633646E-31
  0.67542925E+14  0.00000000E+00 -0.38507269E-31
  0.67590290E+14  0.00000000E+00 -0.38381428E-31
  0.67637655E+14  0.00000000E+00 -0.38256118E-31
  0.67685021E+14  0.00000000E+00 -0.38131339E-31
  0.67732386E+14  0.00000000E+00 -0.38007086E-31
  0.67779751E+14  0.00000000E+00 -0.37883358E-31
  0.67827117E+14  0.00000000E+00 -0.37760150E-31
  0.67874482E+14  0.00000000E+00 -0.37637461E-31
  0.67921847E+14  0.00000000E+00 -0.37515289E-31
  0.67969213E+14  0.00000000E+00 -0.37393629E-31
  0.68016578E+14  0.00000000E+00 -0.37272480E-31
  0.68063943E+14  0.00000000E+00 -0.37151838E-31
  0.68111308E+14  0.00000000E+00 -0.37031702E-31
  0.68158674E+14  0.00000000E+00 -0.36912068E-31
  0.68206039E+14  0.00000000E+00 -0.36792934E-31
  0.68253404E+14  0.00000000E+00 -0.36674297E-31
  0.68300770E+14  0.00000000E+00 -0.36556156E-31
  0.68348135E+14  0.00000000E+00 -0.36438506E-31
  0.68395500E+14  0.00000000E+00 -0.36321346E-31
  0.68442866E+14  0.00000000E+00 -0.36204673E-31
  0.68490231E+14  0.00000000E+00 -0.36088484E-31
  0.68537596E+14  0.00000000E+00 -0.35972778E-31
  0.68584962E+14  0.00000000E+00 -0.35857551E-31
  0.68632327E+14  0.00000000E+00 -0.35742801E-31
  0.68679692E+14  0.00000000E+00 -0.35628526E-31
  0.68727057E+14  0.00000000E+00 -0.35514723E-31
  0.68774423E+14  0.00000000E+00 -0.35401390E-31
  0.68821788E+14  0.00000000E+00 -0.35288524E-31
  0.68869153E+14  0.00000000E+00 -0.35176123E-31
  0.68916519E+14  0.00000000E+00 -0.35064185E-31
  0.68963884E+14  0.00000000E+00 -0.34952707E-31
  0.69011249E+14  0.00000000E+00 -0.34841687E-31
  0.69058615E+14  0.00000000E+00 -0.34731122E-31
  0.69105980E+14  0.00000000E+00 -0.34621011E-31
  0.69153345E+14  0.00000000E+00 -0.34511350E-31
  0.69200710E+14  0.00000000E+00 -0.34402138E-31
  0.69248076E+14  0.00000000E+00 -0.34293373E-31
  0.69295441E+14  0.00000000E+00 -0.34185051E-31
  0.69342806E+14  0.00000000E+00 -0.34077172E-31
  0.69390172E+14  0.00000000E+00 -0.33969732E-31
  0.69437537E+14  0.00000000E+00 -0.33862729E-31
  0.69484902E+14  0.00000000E+00 -0.33756161E-31
  0.69532268E+14  0.00000000E+00 -0.33650026E-31
  0.69579633E+14  0.00000000E+00 -0.33544322E-31
  0.69626998E+14  0.00000000E+00 -0.33439047E-31
  0.69674364E+14  0.00000000E+00 -0.33334198E-31
  0.69721729E+14  0.00000000E+00 -0.33229774E-31
  0.69769094E+14  0.00000000E+00 -0.33125771E-31
  0.69816459E+14  0.00000000E+00 -0.33022189E-31
  0.69863825E+14  0.00000000E+00 -0.32919024E-31
  0.69911190E+14  0.00000000E+00 -0.32816275E-31
  0.69958555E+14  0.00000000E+00 -0.32713940E-31
  0.70005921E+14  0.00000000E+00 -0.32612017E-31
  0.70053286E+14  0.00000000E+00 -0.32510504E-31
  0.70100651E+14  0.00000000E+00 -0.32409398E-31
  0.70148017E+14  0.00000000E+00 -0.32308697E-31
  0.70195382E+14  0.00000000E+00 -0.32208400E-31
  0.70242747E+14  0.00000000E+00 -0.32108505E-31
  0.70290112E+14  0.00000000E+00 -0.32009009E-31
  0.70337478E+14  0.00000000E+00 -0.31909911E-31
  0.70384843E+14  0.00000000E+00 -0.31811208E-31
  0.70432208E+14  0.00000000E+00 -0.31712899E-31
  0.70479574E+14  0.00000000E+00 -0.31614982E-31
  0.70526939E+14  0.00000000E+00 -0.31517454E-31
  0.70574304E+14  0.00000000E+00 -0.31420314E-31
  0.70621670E+14  0.00000000E+00 -0.31323561E-31
  0.70669035E+14  0.00000000E+00 -0.31227191E-31
  0.70716400E+14  0.00000000E+00 -0.31131203E-31
  0.70763766E+14  0.00000000E+00 -0.31035596E-31
  0.70811131E+14  0.00000000E+00 -0.30940366E-31
  0.70858496E+14  0.00000000E+00 -0.30845514E-31
  0.70905861E+14  0.00000000E+00 -0.30751036E-31
  0.70953227E+14  0.00000000E+00 -0.30656931E-31
  0.71000592E+14  0.00000000E+00 -0.30563197E-31
  0.71047957E+14  0.00000000E+00 -0.30469832E-31
  0.71095323E+14  0.00000000E+00 -0.30376835E-31
  0.71142688E+14  0.00000000E+00 -0.30284203E-31
  0.71190053E+14  0.00000000E+00 -0.30191935E-31
  0.71237419E+14  0.00000000E+00 -0.30100029E-31
  0.71284784E+14  0.00000000E+00 -0.30008484E-31
  0.71332149E+14  0.00000000E+00 -0.29917297E-31
  0.71379515E+14  0.00000000E+00 -0.29826467E-31
  0.71426880E+14  0.00000000E+00 -0.29735992E-31
  0.71474245E+14  0.00000000E+00 -0.29645870E-31
  0.71521610E+14  0.00000000E+00 -0.29556100E-31
  0.71568976E+14  0.00000000E+00 -0.29466680E-31
  0.71616341E+14  0.00000000E+00 -0.29377608E-31
  0.71663706E+14  0.00000000E+00 -0.29288883E-31
  0.71711072E+14  0.00000000E+00 -0.29200503E-31
  0.71758437E+14  0.00000000E+00 -0.29112466E-31
  0.71805802E+14  0.00000000E+00 -0.29024770E-31
  0.71853168E+14  0.00000000E+00 -0.28937415E-31
  0.71900533E+14  0.00000000E+00 -0.28850398E-31
  0.71947898E+14  0.00000000E+00 -0.28763718E-31
  0.71995263E+14  0.00000000E+00 -0.28677372E-31
  0.72042629E+14  0.00000000E+00 -0.28591361E-31
  0.72089994E+14  0.00000000E+00 -0.28505681E-31
  0.72137359E+14  0.00000000E+00 -0.28420331E-31
  0.72184725E+14  0.00000000E+00 -0.28335311E-31
  0.72232090E+14  0.00000000E+00 -0.28250617E-31
  0.72279455E+14  0.00000000E+00 -0.28166249E-31
  0.72326821E+14  0.00000000E+00 -0.28082205E-31
  0.72374186E+14  0.00000000E+00 -0.27998484E-31
  0.72421551E+14  0.00000000E+00 -0.27915084E-31
  0.72468917E+14  0.00000000E+00 -0.27832003E-31
  0.72516282E+14  0.00000000E+00 -0.27749240E-31
  0.72563647E+14  0.00000000E+00 -0.27666794E-31
  0.72611012E+14  0.00000000E+00 -0.27584662E-31
  0.72658378E+14  0.00000000E+00 -0.27502844E-31
  0.72705743E+14  0.00000000E+00 -0.27421338E-31
  0.72753108E+14  0.00000000E+00 -0.27340143E-31
  0.72800474E+14  0.00000000E+00 -0.27259257E-31
  0.72847839E+14  0.00000000E+00 -0.27178678E-31
  0.72895204E+14  0.00000000E+00 -0.27098406E-31
  0.72942570E+14  0.00000000E+00 -0.27018438E-31
  0.72989935E+14  0.00000000E+00 -0.26938773E-31
  0.73037300E+14  0.00000000E+00 -0.26859411E-31
  0.73084665E+14  0.00000000E+00 -0.26780349E-31
  0.73132031E+14  0.00000000E+00 -0.26701586E-31
  0.73179396E+14  0.00000000E+00 -0.26623120E-31
  0.73226761E+14  0.00000000E+00 -0.26544951E-31
  0.73274127E+14  0.00000000E+00 -0.26467077E-31
  0.73321492E+14  0.00000000E+00 -0.26389496E-31
  0.73368857E+14  0.00000000E+00 -0.26312207E-31
  0.73416223E+14  0.00000000E+00 -0.26235210E-31
  0.73463588E+14  0.00000000E+00 -0.26158501E-31
  0.73510953E+14  0.00000000E+00 -0.26082081E-31
  0.73558319E+14  0.00000000E+00 -0.26005948E-31
  0.73605684E+14  0.00000000E+00 -0.25930100E-31
  0.73653049E+14  0.00000000E+00 -0.25854536E-31
  0.73700414E+14  0.00000000E+00 -0.25779255E-31
  0.73747780E+14  0.00000000E+00 -0.25704255E-31
  0.73795145E+14  0.00000000E+00 -0.25629535E-31
  0.73842510E+14  0.00000000E+00 -0.25555095E-31
  0.73889876E+14  0.00000000E+00 -0.25480932E-31
  0.73937241E+14  0.00000000E+00 -0.25407045E-31
  0.73984606E+14  0.00000000E+00 -0.25333434E-31
  0.74031972E+14  0.00000000E+00 -0.25260096E-31
  0.74079337E+14  0.00000000E+00 -0.25187031E-31
  0.74126702E+14  0.00000000E+00 -0.25114237E-31
  0.74174067E+14  0.00000000E+00 -0.25041713E-31
  0.74221433E+14  0.00000000E+00 -0.24969458E-31
  0.74268798E+14  0.00000000E+00 -0.24897470E-31
  0.74316163E+14  0.00000000E+00 -0.24825749E-31
  0.74363529E+14  0.00000000E+00 -0.24754293E-31
  0.74410894E+14  0.00000000E+00 -0.24683101E-31
  0.74458259E+14  0.00000000E+00 -0.24612172E-31
  0.74505625E+14  0.00000000E+00 -0.24541504E-31
  0.74552990E+14  0.00000000E+00 -0.24471096E-31
  0.74600355E+14  0.00000000E+00 -0.24400948E-31
  0.74647721E+14  0.00000000E+00 -0.24331058E-31
  0.74695086E+14  0.00000000E+00 -0.24261424E-31
  0.74742451E+14  0.00000000E+00 -0.24192046E-31
  0.74789816E+14  0.00000000E+00 -0.24122923E-31
  0.74837182E+14  0.00000000E+00 -0.24054053E-31
  0.74884547E+14  0.00000000E+00 -0.23985435E-31
  0.74931912E+14  0.00000000E+00 -0.23917068E-31
  0.74979278E+14  0.00000000E+00 -0.23848951E-31
  0.75026643E+14  0.00000000E+00 -0.23781083E-31
  0.75074008E+14  0.00000000E+00 -0.23713463E-31
  0.75121374E+14  0.00000000E+00 -0.23646089E-31
  0.75168739E+14  0.00000000E+00 -0.23578961E-31
  0.75216104E+14  0.00000000E+00 -0.23512077E-31
  0.75263470E+14  0.00000000E+00 -0.23445436E-31
  0.75310835E+14  0.00000000E+00 -0.23379037E-31
  0.75358200E+14  0.00000000E+00 -0.23312880E-31
  0.75405565E+14  0.00000000E+00 -0.23246962E-31
  0.75452931E+14  0.00000000E+00 -0.23181284E-31
  0.75500296E+14  0.00000000E+00 -0.23115843E-31
  0.75547661E+14  0.00000000E+00 -0.23050639E-31
  0.75595027E+14  0.00000000E+00 -0.22985671E-31
  0.75642392E+14  0.00000000E+00 -0.22920937E-31
  0.75689757E+14  0.00000000E+00 -0.22856437E-31
  0.75737123E+14  0.00000000E+00 -0.22792170E-31
  0.75784488E+14  0.00000000E+00 -0.22728134E-31
  0.75831853E+14  0.00000000E+00 -0.22664329E-31
  0.75879218E+14  0.00000000E+00 -0.22600753E-31
  0.75926584E+14  0.00000000E+00 -0.22537406E-31
  0.75973949E+14  0.00000000E+00 -0.22474287E-31
  0.76021314E+14  0.00000000E+00 -0.22411394E-31
  0.76068680E+14  0.00000000E+00 -0.22348726E-31
  0.76116045E+14  0.00000000E+00 -0.22286283E-31
  0.76163410E+14  0.00000000E+00 -0.22224063E-31
  0.76210776E+14  0.00000000E+00 -0.22162066E-31
  0.76258141E+14  0.00000000E+00 -0.22100290E-31
  0.76305506E+14  0.00000000E+00 -0.22038735E-31
  0.76352872E+14  0.00000000E+00 -0.21977400E-31
  0.76400237E+14  0.00000000E+00 -0.21916283E-31
  0.76447602E+14  0.00000000E+00 -0.21855384E-31
  0.76494967E+14  0.00000000E+00 -0.21794701E-31
  0.76542333E+14  0.00000000E+00 -0.21734234E-31
  0.76589698E+14  0.00000000E+00 -0.21673982E-31
  0.76637063E+14  0.00000000E+00 -0.21613944E-31
  0.76684429E+14  0.00000000E+00 -0.21554119E-31
  0.76731794E+14  0.00000000E+00 -0.21494506E-31
  0.76779159E+14  0.00000000E+00 -0.21435104E-31
  0.76826525E+14  0.00000000E+00 -0.21375912E-31
  0.76873890E+14  0.00000000E+00 -0.21316930E-31
  0.76921255E+14  0.00000000E+00 -0.21258156E-31
  0.76968620E+14  0.00000000E+00 -0.21199589E-31
  0.77015986E+14  0.00000000E+00 -0.21141229E-31
  0.77063351E+14  0.00000000E+00 -0.21083074E-31
  0.77110716E+14  0.00000000E+00 -0.21025124E-31
  0.77158082E+14  0.00000000E+00 -0.20967378E-31
  0.77205447E+14  0.00000000E+00 -0.20909835E-31
  0.77252812E+14  0.00000000E+00 -0.20852494E-31
  0.77300178E+14  0.00000000E+00 -0.20795354E-31
  0.77347543E+14  0.00000000E+00 -0.20738415E-31
  0.77394908E+14  0.00000000E+00 -0.20681675E-31
  0.77442274E+14  0.00000000E+00 -0.20625134E-31
  0.77489639E+14  0.00000000E+00 -0.20568790E-31
  0.77537004E+14  0.00000000E+00 -0.20512644E-31
  0.77584369E+14  0.00000000E+00 -0.20456693E-31
  0.77631735E+14  0.00000000E+00 -0.20400938E-31
  0.77679100E+14  0.00000000E+00 -0.20345377E-31
  0.77726465E+14  0.00000000E+00 -0.20290010E-31
  0.77773831E+14  0.00000000E+00 -0.20234836E-31
  0.77821196E+14  0.00000000E+00 -0.20179853E-31
  0.77868561E+14  0.00000000E+00 -0.20125062E-31
  0.77915927E+14  0.00000000E+00 -0.20070460E-31
  0.77963292E+14  0.00000000E+00 -0.20016049E-31
  0.78010657E+14  0.00000000E+00 -0.19961825E-31
  0.78058022E+14  0.00000000E+00 -0.19907790E-31
  0.78105388E+14  0.00000000E+00 -0.19853942E-31
  0.78152753E+14  0.00000000E+00 -0.19800280E-31
  0.78200118E+14  0.00000000E+00 -0.19746804E-31
  0.78247484E+14  0.00000000E+00 -0.19693512E-31
  0.78294849E+14  0.00000000E+00 -0.19640404E-31
  0.78342214E+14  0.00000000E+00 -0.19587479E-31
  0.78389580E+14  0.00000000E+00 -0.19534736E-31
  0.78436945E+14  0.00000000E+00 -0.19482175E-31
  0.78484310E+14  0.00000000E+00 -0.19429795E-31
  0.78531676E+14  0.00000000E+00 -0.19377595E-31
  0.78579041E+14  0.00000000E+00 -0.19325574E-31
  0.78626406E+14  0.00000000E+00 -0.19273732E-31
  0.78673771E+14  0.00000000E+00 -0.19222067E-31
  0.78721137E+14  0.00000000E+00 -0.19170580E-31
  0.78768502E+14  0.00000000E+00 -0.19119268E-31
  0.78815867E+14  0.00000000E+00 -0.19068133E-31
  0.78863233E+14  0.00000000E+00 -0.19017172E-31
  0.78910598E+14  0.00000000E+00 -0.18966385E-31
  0.78957963E+14  0.00000000E+00 -0.18915771E-31
  0.79005329E+14  0.00000000E+00 -0.18865330E-31
  0.79052694E+14  0.00000000E+00 -0.18815061E-31
  0.79100059E+14  0.00000000E+00 -0.18764963E-31
  0.79147425E+14  0.00000000E+00 -0.18665277E-57
  0.79194790E+14  0.00000000E+00 -0.18566268E-57
  0.79242155E+14  0.00000000E+00 -0.18467929E-57
  0.79289520E+14  0.00000000E+00 -0.18370255E-57
  0.79336886E+14  0.00000000E+00 -0.18273240E-57
  0.79384251E+14  0.00000000E+00 -0.18176879E-57
  0.79431616E+14  0.00000000E+00 -0.18081167E-57
  0.79478982E+14  0.00000000E+00 -0.17986098E-57
  0.79526347E+14  0.00000000E+00 -0.17891666E-57
  0.79573712E+14  0.00000000E+00 -0.17798006E-29
  0.79621078E+14  0.00000000E+00 -0.17162249E-29
  0.79668443E+14  0.00000000E+00 -0.16528267E-29
  0.79715808E+14  0.00000000E+00 -0.15835283E-29
  0.79763173E+14  0.00000000E+00 -0.16425274E-29
  0.79810539E+14  0.00000000E+00 -0.17679378E-29
  0.79857904E+14  0.00000000E+00 -0.18836298E-29
  0.79905269E+14  0.00000000E+00 -0.19383284E-29
  0.79952635E+14  0.00000000E+00 -0.20634102E-29
  0.80000000E+14  0.00000000E+00 -0.22843304E-29
