  0.45369795E+11 -0.25106603E-30 -0.51968917E-29
  0.90739590E+11 -0.30131294E-30 -0.53287866E-29
  0.13610938E+12 -0.40673363E-30 -0.53737084E-29
  0.18147918E+12 -0.56353398E-30 -0.54544788E-29
  0.22684897E+12 -0.69172074E-30 -0.56338946E-29
  0.27221877E+12 -0.68557417E-30 -0.58422039E-29
  0.31758856E+12 -0.58141941E-30 -0.59428223E-29
  0.36295836E+12 -0.55347646E-30 -0.59525381E-29
  0.40832815E+12 -0.52890829E-30 -0.60092001E-29
  0.45369795E+12 -0.46067658E-30 -0.59960466E-29
  0.49906774E+12 -0.47939024E-30 -0.59158240E-29
  0.54443754E+12 -0.60027274E-30 -0.59134546E-29
  0.58980733E+12 -0.65553050E-30 -0.59967818E-29
  0.63517713E+12 -0.65102487E-30 -0.60494509E-29
  0.68054692E+12 -0.66398477E-30 -0.60725008E-29
  0.72591672E+12 -0.70003999E-30 -0.60983561E-29
  0.77128651E+12 -0.71911276E-30 -0.61502329E-29
  0.81665631E+12 -0.70889436E-30 -0.61738041E-29
  0.86202610E+12 -0.74908403E-30 -0.61713346E-29
  0.90739590E+12 -0.80166587E-30 -0.62247925E-29
  0.95276569E+12 -0.81939429E-30 -0.62975955E-29
  0.99813549E+12 -0.79319682E-30 -0.63335632E-29
  0.10435053E+13 -0.80502446E-30 -0.63487965E-29
  0.10888751E+13 -0.82427721E-30 -0.63797156E-29
  0.11342449E+13 -0.83357278E-30 -0.64062795E-29
  0.11796147E+13 -0.84860889E-30 -0.64160601E-29
  0.12249845E+13 -0.90474662E-30 -0.64409525E-29
  0.12703543E+13 -0.93870987E-30 -0.65025430E-29
  0.13157241E+13 -0.95258972E-30 -0.65596871E-29
  0.13610938E+13 -0.95845005E-30 -0.66076320E-29
  0.14064636E+13 -0.97248434E-30 -0.66527678E-29
  0.14518334E+13 -0.97151091E-30 -0.67027177E-29
  0.14972032E+13 -0.97422327E-30 -0.67353377E-29
  0.15425730E+13 -0.98265999E-30 -0.67644152E-29
  0.15879428E+13 -0.10105024E-29 -0.68097263E-29
  0.16333126E+13 -0.10167076E-29 -0.68554931E-29
  0.16786824E+13 -0.10302566E-29 -0.68961650E-29
  0.17240522E+13 -0.10441407E-29 -0.69412704E-29
  0.17694220E+13 -0.10654620E-29 -0.69945851E-29
  0.18147918E+13 -0.10708977E-29 -0.70473646E-29
  0.18601616E+13 -0.10837400E-29 -0.70990110E-29
  0.19055314E+13 -0.10927709E-29 -0.71600040E-29
  0.19509012E+13 -0.10875823E-29 -0.72217868E-29
  0.19962710E+13 -0.10792416E-29 -0.72685940E-29
  0.20416408E+13 -0.10822493E-29 -0.73106457E-29
  0.20870106E+13 -0.10872492E-29 -0.73586633E-29
  0.21323804E+13 -0.10967444E-29 -0.74078862E-29
  0.21777502E+13 -0.11068791E-29 -0.74603052E-29
  0.22231200E+13 -0.11213507E-29 -0.75214991E-29
  0.22684897E+13 -0.11240430E-29 -0.76007155E-29
  0.23138595E+13 -0.11105333E-29 -0.76672898E-29
  0.23592293E+13 -0.10983424E-29 -0.77251891E-29
  0.24045991E+13 -0.10899727E-29 -0.77791596E-29
  0.24499689E+13 -0.10820857E-29 -0.78356664E-29
  0.24953387E+13 -0.10787461E-29 -0.78893644E-29
  0.25407085E+13 -0.10829425E-29 -0.79445266E-29
  0.25860783E+13 -0.10892911E-29 -0.80161568E-29
  0.26314481E+13 -0.10760426E-29 -0.80950165E-29
  0.26768179E+13 -0.10579397E-29 -0.81627921E-29
  0.27221877E+13 -0.10408089E-29 -0.82238622E-29
  0.27675575E+13 -0.10298986E-29 -0.82856982E-29
  0.28129273E+13 -0.10184773E-29 -0.83515412E-29
  0.28582971E+13 -0.10078259E-29 -0.84173323E-29
  0.29036669E+13 -0.10022440E-29 -0.84897393E-29
  0.29490367E+13 -0.98669908E-30 -0.85740166E-29
  0.29944065E+13 -0.95454322E-30 -0.86537851E-29
  0.30397763E+13 -0.92002861E-30 -0.87207405E-29
  0.30851461E+13 -0.89369317E-30 -0.87779698E-29
  0.31305158E+13 -0.87831466E-30 -0.88409136E-29
  0.31758856E+13 -0.86121865E-30 -0.89088475E-29
  0.32212554E+13 -0.84825700E-30 -0.89800344E-29
  0.32666252E+13 -0.83495815E-30 -0.90662962E-29
  0.33119950E+13 -0.80816573E-30 -0.91600618E-29
  0.33573648E+13 -0.76250902E-30 -0.92473470E-29
  0.34027346E+13 -0.71610811E-30 -0.93193312E-29
  0.34481044E+13 -0.67726720E-30 -0.93880332E-29
  0.34934742E+13 -0.64195449E-30 -0.94574659E-29
  0.35388440E+13 -0.60723234E-30 -0.95259150E-29
  0.35842138E+13 -0.58255261E-30 -0.95993789E-29
  0.36295836E+13 -0.55167119E-30 -0.96841428E-29
  0.36749534E+13 -0.51134973E-30 -0.97739907E-29
  0.37203232E+13 -0.46338885E-30 -0.98571108E-29
  0.37656930E+13 -0.41708410E-30 -0.99367461E-29
  0.38110628E+13 -0.37016886E-30 -0.10017798E-28
  0.38564326E+13 -0.31912951E-30 -0.10098590E-28
  0.39018024E+13 -0.27250370E-30 -0.10176961E-28
  0.39471722E+13 -0.22147713E-30 -0.10261017E-28
  0.39925420E+13 -0.16968098E-30 -0.10346103E-28
  0.40379117E+13 -0.10771623E-30 -0.10428612E-28
  0.40832815E+13 -0.50483478E-31 -0.10506415E-28
  0.41286513E+13  0.62773262E-32 -0.10586428E-28
  0.41740211E+13  0.64662629E-31 -0.10669264E-28
  0.42193909E+13  0.12343905E-30 -0.10751223E-28
  0.42647607E+13  0.18385108E-30 -0.10838251E-28
  0.43101305E+13  0.24869463E-30 -0.10926369E-28
  0.43555003E+13  0.32087493E-30 -0.11014870E-28
  0.44008701E+13  0.39510122E-30 -0.11098078E-28
  0.44462399E+13  0.46973895E-30 -0.11179860E-28
  0.44916097E+13  0.54320054E-30 -0.11263173E-28
  0.45369795E+13  0.62197446E-30 -0.11344446E-28
  0.45823493E+13  0.69831804E-30 -0.11426351E-28
  0.46277191E+13  0.77567550E-30 -0.11509257E-28
  0.46730889E+13  0.85711000E-30 -0.11596656E-28
  0.47184587E+13  0.94252628E-30 -0.11679438E-28
  0.47638285E+13  0.10282911E-29 -0.11762971E-28
  0.48091983E+13  0.11139000E-29 -0.11849719E-28
  0.48545681E+13  0.12092083E-29 -0.11936055E-28
  0.48999378E+13  0.13061351E-29 -0.12019123E-28
  0.49453076E+13  0.14026608E-29 -0.12099764E-28
  0.49906774E+13  0.15035447E-29 -0.12182723E-28
  0.50360472E+13  0.16054366E-29 -0.12259405E-28
  0.50814170E+13  0.17036576E-29 -0.12336635E-28
  0.51267868E+13  0.18034034E-29 -0.12420307E-28
  0.51721566E+13  0.19102818E-29 -0.12504461E-28
  0.52175264E+13  0.20205100E-29 -0.12586893E-28
  0.52628962E+13  0.21332008E-29 -0.12669901E-28
  0.53082660E+13  0.22539525E-29 -0.12750407E-28
  0.53536358E+13  0.23751450E-29 -0.12824830E-28
  0.53990056E+13  0.24931966E-29 -0.12897492E-28
  0.54443754E+13  0.26132886E-29 -0.12974390E-28
  0.54897452E+13  0.27369038E-29 -0.13049002E-28
  0.55351150E+13  0.28605455E-29 -0.13124221E-28
  0.55804848E+13  0.29887091E-29 -0.13202023E-28
  0.56258546E+13  0.31233484E-29 -0.13277433E-28
  0.56712244E+13  0.32597386E-29 -0.13348874E-28
  0.57165942E+13  0.33954540E-29 -0.13420833E-28
  0.57619640E+13  0.35388058E-29 -0.13491581E-28
  0.58073337E+13  0.36821971E-29 -0.13559051E-28
  0.58527035E+13  0.38260892E-29 -0.13626245E-28
  0.58980733E+13  0.39755729E-29 -0.13693761E-28
  0.59434431E+13  0.41269356E-29 -0.13757104E-28
  0.59888129E+13  0.42789680E-29 -0.13820323E-28
  0.60341827E+13  0.44354605E-29 -0.13883359E-28
  0.60795525E+13  0.45939112E-29 -0.13942901E-28
  0.61249223E+13  0.47541925E-29 -0.14002217E-28
  0.61702921E+13  0.49181837E-29 -0.14061803E-28
  0.62156619E+13  0.50852634E-29 -0.14117817E-28
  0.62610317E+13  0.52545674E-29 -0.14173449E-28
  0.63064015E+13  0.54304136E-29 -0.14229894E-28
  0.63517713E+13  0.56101656E-29 -0.14277995E-28
  0.63971411E+13  0.57891558E-29 -0.14323586E-28
  0.64425109E+13  0.59727460E-29 -0.14367965E-28
  0.64878807E+13  0.61545512E-29 -0.14406379E-28
  0.65332505E+13  0.63343032E-29 -0.14447657E-28
  0.65786203E+13  0.65214950E-29 -0.14493162E-28
  0.66239901E+13  0.67160046E-29 -0.14533577E-28
  0.66693599E+13  0.69122698E-29 -0.14571258E-28
  0.67147296E+13  0.71172733E-29 -0.14605832E-28
  0.67600994E+13  0.73240084E-29 -0.14628492E-28
  0.68054692E+13  0.75231631E-29 -0.14650702E-28
  0.68508390E+13  0.77286021E-29 -0.14674256E-28
  0.68962088E+13  0.79352276E-29 -0.14696021E-28
  0.69415786E+13  0.81466290E-29 -0.14719159E-28
  0.69869484E+13  0.83680076E-29 -0.14736541E-28
  0.70323182E+13  0.85910697E-29 -0.14745394E-28
  0.70776880E+13  0.88129288E-29 -0.14749858E-28
  0.71230578E+13  0.90345409E-29 -0.14749371E-28
  0.71684276E+13  0.92535609E-29 -0.14752486E-28
  0.72137974E+13  0.94846265E-29 -0.14756374E-28
  0.72591672E+13  0.97197459E-29 -0.14752531E-28
  0.73045370E+13  0.99600521E-29 -0.14746093E-28
  0.73499068E+13  0.10207024E-28 -0.14724963E-28
  0.73952766E+13  0.10443455E-28 -0.14698778E-28
  0.74406464E+13  0.10681684E-28 -0.14675608E-28
  0.74860162E+13  0.10924065E-28 -0.14650759E-28
  0.75313860E+13  0.11171705E-28 -0.14625771E-28
  0.75767557E+13  0.11429668E-28 -0.14593638E-28
  0.76221255E+13  0.11691035E-28 -0.14549722E-28
  0.76674953E+13  0.11949298E-28 -0.14496555E-28
  0.77128651E+13  0.12204270E-28 -0.14439676E-28
  0.77582349E+13  0.12458360E-28 -0.14386568E-28
  0.78036047E+13  0.12722237E-28 -0.14329791E-28
  0.78489745E+13  0.12990936E-28 -0.14267080E-28
  0.78943443E+13  0.13269461E-28 -0.14194464E-28
  0.79397141E+13  0.13543454E-28 -0.14106155E-28
  0.79850839E+13  0.13811472E-28 -0.14015691E-28
  0.80304537E+13  0.14079121E-28 -0.13924154E-28
  0.80758235E+13  0.14353799E-28 -0.13832934E-28
  0.81211933E+13  0.14637303E-28 -0.13732901E-28
  0.81665631E+13  0.14925264E-28 -0.13623289E-28
  0.82119329E+13  0.15213047E-28 -0.13495938E-28
  0.82573027E+13  0.15490114E-28 -0.13363023E-28
  0.83026725E+13  0.15768003E-28 -0.13230707E-28
  0.83480423E+13  0.16051701E-28 -0.13096049E-28
  0.83934121E+13  0.16343549E-28 -0.12954369E-28
  0.84387819E+13  0.16641580E-28 -0.12799131E-28
  0.84841516E+13  0.16935810E-28 -0.12623449E-28
  0.85295214E+13  0.17220020E-28 -0.12441781E-28
  0.85748912E+13  0.17500551E-28 -0.12259578E-28
  0.86202610E+13  0.17788238E-28 -0.12076337E-28
  0.86656308E+13  0.18083677E-28 -0.11883366E-28
  0.87110006E+13  0.18385243E-28 -0.11674303E-28
  0.87563704E+13  0.18681496E-28 -0.11441597E-28
  0.88017402E+13  0.18962938E-28 -0.11202136E-28
  0.88471100E+13  0.19239770E-28 -0.10961838E-28
  0.88924798E+13  0.19522975E-28 -0.10721101E-28
  0.89378496E+13  0.19813944E-28 -0.10465941E-28
  0.89832194E+13  0.20110102E-28 -0.10191696E-28
  0.90285892E+13  0.20392539E-28 -0.98927403E-29
  0.90739590E+13  0.20660609E-28 -0.95869985E-29
  0.91193288E+13  0.20923369E-28 -0.92824977E-29
  0.91646986E+13  0.21193206E-28 -0.89707921E-29
  0.92100684E+13  0.21469648E-28 -0.86413259E-29
  0.92554382E+13  0.21743698E-28 -0.82862537E-29
  0.93008080E+13  0.21993362E-28 -0.79080329E-29
  0.93461778E+13  0.22228507E-28 -0.75252902E-29
  0.93915475E+13  0.22459709E-28 -0.71446427E-29
  0.94369173E+13  0.22693569E-28 -0.67514297E-29
  0.94822871E+13  0.22931220E-28 -0.63345846E-29
  0.95276569E+13  0.23155797E-28 -0.58830028E-29
  0.95730267E+13  0.23350076E-28 -0.54169870E-29
  0.96183965E+13  0.23525669E-28 -0.49454984E-29
  0.96637663E+13  0.23694955E-28 -0.44706190E-29
  0.97091361E+13  0.23861723E-28 -0.39734866E-29
  0.97545059E+13  0.24017430E-28 -0.34435109E-29
  0.97998757E+13  0.24131841E-28 -0.28843056E-29
  0.98452455E+13  0.24213577E-28 -0.23185357E-29
  0.98906153E+13  0.24270257E-28 -0.17503539E-29
  0.99359851E+13  0.24313634E-28 -0.11635525E-29
  0.99813549E+13  0.24333292E-28 -0.54070771E-30
  0.10026725E+14  0.24300297E-28  0.12398605E-30
  0.10072094E+14  0.24185855E-28  0.80247947E-30
  0.10117464E+14  0.24007562E-28  0.14809424E-29
  0.10162834E+14  0.23763544E-28  0.21816187E-29
  0.10208204E+14  0.23386948E-28  0.29131503E-29
  0.10253574E+14  0.22762371E-28  0.37014092E-29
  0.10298943E+14  0.21227157E-28  0.37671869E-29
  0.10344313E+14  0.21323182E-28  0.32725309E-29
  0.10389683E+14  0.21288110E-28  0.33182976E-29
  0.10435053E+14  0.21250272E-28  0.34846712E-29
  0.10480423E+14  0.21161362E-28  0.36763494E-29
  0.10525792E+14  0.21037850E-28  0.39220714E-29
  0.10571162E+14  0.20908848E-28  0.41485363E-29
  0.10616532E+14  0.20852773E-28  0.43191573E-29
  0.10661902E+14  0.20716689E-28  0.45878740E-29
  0.10707272E+14  0.20653669E-28  0.48455534E-29
  0.10752641E+14  0.20498371E-28  0.50701479E-29
  0.10798011E+14  0.20395165E-28  0.53501259E-29
  0.10843381E+14  0.20264991E-28  0.55528872E-29
  0.10888751E+14  0.20154076E-28  0.58252099E-29
  0.10934121E+14  0.20053230E-28  0.60627865E-29
  0.10979490E+14  0.19900363E-28  0.63692687E-29
  0.11024860E+14  0.19731691E-28  0.65632522E-29
  0.11070230E+14  0.19635833E-28  0.68126036E-29
  0.11115600E+14  0.19496205E-28  0.70498420E-29
  0.11160970E+14  0.19402764E-28  0.73446144E-29
  0.11206339E+14  0.19171417E-28  0.75971800E-29
  0.11251709E+14  0.19066496E-28  0.78012945E-29
  0.11297079E+14  0.18913826E-28  0.80701577E-29
  0.11342449E+14  0.18790328E-28  0.83101547E-29
  0.11387819E+14  0.18604474E-28  0.86115367E-29
  0.11433188E+14  0.18397678E-28  0.87988459E-29
  0.11478558E+14  0.18299023E-28  0.90468449E-29
  0.11523928E+14  0.18103417E-28  0.93179187E-29
  0.11569298E+14  0.17944704E-28  0.95485058E-29
  0.11614667E+14  0.17756706E-28  0.98184874E-29
  0.11660037E+14  0.17560549E-28  0.10032224E-28
  0.11705407E+14  0.17413624E-28  0.10309933E-28
  0.11750777E+14  0.17153384E-28  0.10564748E-28
  0.11796147E+14  0.16981230E-28  0.10738135E-28
  0.11841516E+14  0.16820256E-28  0.11024413E-28
  0.11886886E+14  0.16577327E-28  0.11267182E-28
  0.11932256E+14  0.16375291E-28  0.11531089E-28
  0.11977626E+14  0.16104307E-28  0.11742610E-28
  0.12022996E+14  0.15947322E-28  0.11948927E-28
  0.12068365E+14  0.15698580E-28  0.12260696E-28
  0.12113735E+14  0.15398723E-28  0.12445257E-28
  0.12159105E+14  0.15219109E-28  0.12673176E-28
  0.12204475E+14  0.14913617E-28  0.12925720E-28
  0.12249845E+14  0.14662454E-28  0.13098030E-28
  0.12295214E+14  0.14421363E-28  0.13297028E-28
  0.12340584E+14  0.14217280E-28  0.13513527E-28
  0.12385954E+14  0.13968483E-28  0.13788175E-28
  0.12431324E+14  0.13670160E-28  0.13973221E-28
  0.12476694E+14  0.13481560E-28  0.14234153E-28
  0.12522063E+14  0.13165788E-28  0.14503230E-28
  0.12567433E+14  0.12927878E-28  0.14703660E-28
  0.12612803E+14  0.12682237E-28  0.15050175E-28
  0.12658173E+14  0.12359785E-28  0.15340019E-28
  0.12703543E+14  0.12065561E-28  0.15670594E-28
  0.12748912E+14  0.11718302E-28  0.16028861E-28
  0.12794282E+14  0.11316328E-28  0.16394169E-28
  0.12839652E+14  0.10984075E-28  0.16780503E-28
  0.12885022E+14  0.10464187E-28  0.17274249E-28
  0.12930392E+14  0.10062726E-28  0.17777982E-28
  0.12975761E+14  0.93606414E-29  0.18489846E-28
  0.13021131E+14  0.87406258E-29  0.19507581E-28
  0.13066501E+14  0.63424588E-29  0.20494060E-28
  0.13111871E+14  0.42306979E-29  0.19853583E-28
  0.13157241E+14  0.28644952E-29  0.18926293E-28
  0.13202610E+14  0.16117470E-29  0.17944889E-28
  0.13247980E+14  0.45996624E-30  0.16839595E-28
  0.13293350E+14 -0.56439455E-30  0.15340073E-28
  0.13338720E+14 -0.14011857E-29  0.12588721E-28
  0.13384089E+14  0.13132294E-29  0.11027610E-28
  0.13429459E+14  0.20752833E-29  0.11458601E-28
  0.13474829E+14  0.23327188E-29  0.11611442E-28
  0.13520199E+14  0.23916120E-29  0.11676508E-28
  0.13565569E+14  0.23554622E-29  0.11666561E-28
  0.13610938E+14  0.22780612E-29  0.11622060E-28
  0.13656308E+14  0.21514633E-29  0.11555928E-28
  0.13701678E+14  0.20117592E-29  0.11453624E-28
  0.13747048E+14  0.18588654E-29  0.11341176E-28
  0.13792418E+14  0.16855912E-29  0.11211496E-28
  0.13837787E+14  0.15064485E-29  0.11055485E-28
  0.13883157E+14  0.13343439E-29  0.10879473E-28
  0.13928527E+14  0.11586153E-29  0.10700942E-28
  0.13973897E+14  0.98432949E-30  0.10496655E-28
  0.14019267E+14  0.81876635E-30  0.10287081E-28
  0.14064636E+14  0.65013614E-30  0.10065639E-28
  0.14110006E+14  0.48508598E-30  0.98193121E-29
  0.14155376E+14  0.34625713E-30  0.95528324E-29
  0.14200746E+14  0.22018524E-30  0.92805672E-29
  0.14246116E+14  0.11784952E-30  0.89924181E-29
  0.14291485E+14  0.36614938E-31  0.87087574E-29
  0.14336855E+14 -0.27527579E-31  0.84200783E-29
  0.14382225E+14 -0.72987836E-31  0.81309784E-29
  0.14427595E+14 -0.93714830E-31  0.78431209E-29
  0.14472965E+14 -0.10190437E-30  0.75625116E-29
  0.14518334E+14 -0.87088277E-31  0.72836997E-29
  0.14563704E+14 -0.56196209E-31  0.70235061E-29
  0.14609074E+14 -0.23831241E-31  0.67662519E-29
  0.14654444E+14  0.22863224E-31  0.65064717E-29
  0.14699814E+14  0.93618393E-31  0.62451834E-29
  0.14745183E+14  0.19045608E-30  0.59918108E-29
  0.14790553E+14  0.32606413E-30  0.57598909E-29
  0.14835923E+14  0.47556897E-30  0.55682024E-29
  0.14881293E+14  0.62602629E-30  0.54097369E-29
  0.14926663E+14  0.77188910E-30  0.52718960E-29
  0.14972032E+14  0.93768900E-30  0.51567003E-29
  0.15017402E+14  0.11027569E-29  0.50979003E-29
  0.15062772E+14  0.12035325E-29  0.50951109E-29
  0.15108142E+14  0.12483456E-29  0.50799882E-29
  0.15153511E+14  0.12708135E-29  0.50425339E-29
  0.15198881E+14  0.12477682E-29  0.49765793E-29
  0.15244251E+14  0.12298984E-29  0.48403413E-29
  0.15289621E+14  0.13008532E-29  0.47070032E-29
  0.15334991E+14  0.13495591E-29  0.46208627E-29
  0.15380360E+14  0.13814247E-29  0.45311541E-29
  0.15425730E+14  0.13901090E-29  0.44266853E-29
  0.15471100E+14  0.14116411E-29  0.43013879E-29
  0.15516470E+14  0.14520691E-29  0.41557898E-29
  0.15561840E+14  0.15065843E-29  0.40356390E-29
  0.15607209E+14  0.15284537E-29  0.38853791E-29
  0.15652579E+14  0.16167333E-29  0.37157317E-29
  0.15697949E+14  0.17081525E-29  0.36299020E-29
  0.15743319E+14  0.17643725E-29  0.34777883E-29
  0.15788689E+14  0.18365337E-29  0.33483154E-29
  0.15834058E+14  0.19177912E-29  0.32043731E-29
  0.15879428E+14  0.20017357E-29  0.30687607E-29
  0.15924798E+14  0.20821406E-29  0.28998199E-29
  0.15970168E+14  0.22148843E-29  0.27282995E-29
  0.16015538E+14  0.23277849E-29  0.25791864E-29
  0.16060907E+14  0.24780630E-29  0.24446950E-29
  0.16106277E+14  0.25934340E-29  0.22681618E-29
  0.16151647E+14  0.27559828E-29  0.21089141E-29
  0.16197017E+14  0.29381826E-29  0.19399980E-29
  0.16242387E+14  0.31305372E-29  0.18029621E-29
  0.16287756E+14  0.33066089E-29  0.16333241E-29
  0.16333126E+14  0.35319506E-29  0.14807903E-29
  0.16378496E+14  0.37604341E-29  0.13055972E-29
  0.16423866E+14  0.40245425E-29  0.11659089E-29
  0.16469236E+14  0.42926545E-29  0.99916627E-30
  0.16514605E+14  0.45812375E-29  0.85455661E-30
  0.16559975E+14  0.48921435E-29  0.68041681E-30
  0.16605345E+14  0.52610529E-29  0.52927237E-30
  0.16650715E+14  0.56310034E-29  0.37260331E-30
  0.16696085E+14  0.60600340E-29  0.22121069E-30
  0.16741454E+14  0.65115332E-29  0.53980670E-31
  0.16786824E+14  0.70798830E-29 -0.98190115E-31
  0.16832194E+14  0.76428698E-29 -0.23543253E-30
  0.16877564E+14  0.83239885E-29 -0.39231120E-30
  0.16922933E+14  0.91458735E-29 -0.56733755E-30
  0.16968303E+14  0.10143435E-28 -0.70557011E-30
  0.17013673E+14  0.11458498E-28 -0.83294252E-30
  0.17059043E+14  0.13680961E-28 -0.72293439E-30
  0.17104413E+14  0.15693659E-28  0.12211330E-29
  0.17149782E+14  0.16891139E-28  0.32529484E-29
  0.17195152E+14  0.17921440E-28  0.57279730E-29
  0.17240522E+14  0.16435005E-28  0.97792848E-29
  0.17285892E+14  0.14528370E-28  0.10343838E-28
  0.17331262E+14  0.13540273E-28  0.10709525E-28
  0.17376631E+14  0.12934130E-28  0.11159896E-28
  0.17422001E+14  0.12324039E-28  0.11637541E-28
  0.17467371E+14  0.11883070E-28  0.12044755E-28
  0.17512741E+14  0.11449170E-28  0.12583192E-28
  0.17558111E+14  0.10985588E-28  0.13001271E-28
  0.17603480E+14  0.10594101E-28  0.13607140E-28
  0.17648850E+14  0.10085546E-28  0.14112478E-28
  0.17694220E+14  0.96062534E-29  0.14747197E-28
  0.17739590E+14  0.90945710E-29  0.15406279E-28
  0.17784960E+14  0.83803088E-29  0.16189835E-28
  0.17830329E+14  0.75394936E-29  0.17212125E-28
  0.17875699E+14  0.54706120E-29  0.18828438E-28
  0.17921069E+14  0.19904891E-29  0.17565187E-28
  0.17966439E+14  0.16300782E-29  0.15674483E-28
  0.18011809E+14  0.13630210E-29  0.14748684E-28
  0.18057178E+14  0.11709290E-29  0.14052748E-28
  0.18102548E+14  0.10238417E-29  0.13507101E-28
  0.18147918E+14  0.88623238E-30  0.13051275E-28
  0.18193288E+14  0.78958961E-30  0.12650260E-28
  0.18238658E+14  0.69565579E-30  0.12317612E-28
  0.18284027E+14  0.61513781E-30  0.12007669E-28
  0.18329397E+14  0.55723743E-30  0.11738489E-28
  0.18374767E+14  0.48787845E-30  0.11499968E-28
  0.18420137E+14  0.44346617E-30  0.11272977E-28
  0.18465507E+14  0.38871352E-30  0.11079954E-28
  0.18510876E+14  0.34702956E-30  0.10892621E-28
  0.18556246E+14  0.30391517E-30  0.10729094E-28
  0.18601616E+14  0.25967499E-30  0.10563684E-28
  0.18646986E+14  0.22698837E-30  0.10423593E-28
  0.18692356E+14  0.19241742E-30  0.10278216E-28
  0.18737725E+14  0.16101785E-30  0.10153261E-28
  0.18783095E+14  0.13334422E-30  0.10027601E-28
  0.18828465E+14  0.10064595E-30  0.99116354E-29
  0.18873835E+14  0.77722410E-31  0.98044505E-29
  0.18919204E+14  0.58478559E-31  0.96988530E-29
  0.18964574E+14  0.36108997E-31  0.95978295E-29
  0.19009944E+14  0.10762554E-31  0.95022363E-29
  0.19055314E+14  0.00000000E+00  0.93966767E-29
  0.19100684E+14  0.00000000E+00  0.93085658E-29
  0.19146053E+14  0.00000000E+00  0.92304537E-29
  0.19191423E+14  0.00000000E+00  0.91595672E-29
  0.19236793E+14  0.00000000E+00  0.90947185E-29
  0.19282163E+14  0.00000000E+00  0.90351715E-29
  0.19327533E+14  0.00000000E+00  0.89804021E-29
  0.19372902E+14  0.00000000E+00  0.89300083E-29
  0.19418272E+14  0.00000000E+00  0.88836678E-29
  0.19463642E+14  0.00000000E+00  0.88411144E-29
  0.19509012E+14  0.00000000E+00  0.88021242E-29
  0.19554382E+14  0.00000000E+00  0.87665064E-29
  0.19599751E+14  0.00000000E+00  0.87340968E-29
  0.19645121E+14  0.00000000E+00  0.87047535E-29
  0.19690491E+14  0.00000000E+00  0.86783529E-29
  0.19735861E+14  0.00000000E+00  0.86547878E-29
  0.19781231E+14  0.00000000E+00  0.86339648E-29
  0.19826600E+14  0.00000000E+00  0.86158028E-29
  0.19871970E+14  0.00000000E+00  0.86002319E-29
  0.19917340E+14  0.00000000E+00  0.85871920E-29
  0.19962710E+14  0.00000000E+00  0.85766321E-29
  0.20008080E+14  0.00000000E+00  0.85685096E-29
  0.20053449E+14  0.00000000E+00  0.85627893E-29
  0.20098819E+14  0.00000000E+00  0.85594437E-29
  0.20144189E+14  0.00000000E+00  0.85584517E-29
  0.20189559E+14  0.00000000E+00  0.85597989E-29
  0.20234929E+14  0.00000000E+00  0.85634770E-29
  0.20280298E+14  0.00000000E+00  0.85694839E-29
  0.20325668E+14  0.00000000E+00  0.85778231E-29
  0.20371038E+14  0.00000000E+00  0.85885041E-29
  0.20416408E+14  0.00000000E+00  0.86015420E-29
  0.20461778E+14  0.00000000E+00  0.86169578E-29
  0.20507147E+14  0.00000000E+00  0.86347779E-29
  0.20552517E+14  0.00000000E+00  0.86550349E-29
  0.20597887E+14  0.00000000E+00  0.86777672E-29
  0.20643257E+14  0.00000000E+00  0.87030192E-29
  0.20688626E+14  0.00000000E+00  0.87308417E-29
  0.20733996E+14  0.00000000E+00  0.87612922E-29
  0.20779366E+14  0.00000000E+00  0.87944349E-29
  0.20824736E+14  0.00000000E+00  0.88303411E-29
  0.20870106E+14  0.00000000E+00  0.88690900E-29
  0.20915475E+14  0.00000000E+00  0.89107687E-29
  0.20960845E+14  0.00000000E+00  0.89554729E-29
  0.21006215E+14  0.00000000E+00  0.90033076E-29
  0.21051585E+14  0.00000000E+00  0.90543874E-29
  0.21096955E+14  0.00000000E+00  0.91088380E-29
  0.21142324E+14  0.00000000E+00  0.91667964E-29
  0.21187694E+14  0.00000000E+00  0.92284119E-29
  0.21233064E+14  0.00000000E+00  0.92938478E-29
  0.21278434E+14  0.00000000E+00  0.93632821E-29
  0.21323804E+14  0.00000000E+00  0.94369092E-29
  0.21369173E+14  0.00000000E+00  0.95149415E-29
  0.21414543E+14  0.00000000E+00  0.95976111E-29
  0.21459913E+14  0.00000000E+00  0.96851721E-29
  0.21505283E+14  0.00000000E+00  0.97779032E-29
  0.21550653E+14  0.00000000E+00  0.98761098E-29
  0.21596022E+14  0.00000000E+00  0.99801280E-29
  0.21641392E+14  0.00000000E+00  0.10090328E-28
  0.21686762E+14  0.00000000E+00  0.10207118E-28
  0.21732132E+14  0.00000000E+00  0.10330951E-28
  0.21777502E+14  0.00000000E+00  0.10462326E-28
  0.21822871E+14  0.00000000E+00  0.10601802E-28
  0.21868241E+14  0.00000000E+00  0.10750000E-28
  0.21913611E+14  0.00000000E+00  0.10907614E-28
  0.21958981E+14  0.00000000E+00  0.11075427E-28
  0.22004351E+14  0.00000000E+00  0.11254318E-28
  0.22049720E+14  0.00000000E+00  0.11445283E-28
  0.22095090E+14  0.00000000E+00  0.11649455E-28
  0.22140460E+14  0.00000000E+00  0.11868129E-28
  0.22185830E+14  0.00000000E+00  0.12102793E-28
  0.22231200E+14  0.00000000E+00  0.12355167E-28
  0.22276569E+14  0.00000000E+00  0.12627256E-28
  0.22321939E+14  0.00000000E+00  0.12921410E-28
  0.22367309E+14  0.00000000E+00  0.13240409E-28
  0.22412679E+14  0.00000000E+00  0.13587575E-28
  0.22458048E+14  0.00000000E+00  0.13966920E-28
  0.22503418E+14  0.00000000E+00  0.14383350E-28
  0.22548788E+14  0.00000000E+00  0.14842954E-28
  0.22594158E+14  0.00000000E+00  0.15353421E-28
  0.22639528E+14  0.00000000E+00  0.15924658E-28
  0.22684897E+14  0.00000000E+00  0.16569758E-28
  0.22730267E+14  0.00000000E+00  0.17306575E-28
  0.22775637E+14  0.00000000E+00  0.18160450E-28
  0.22821007E+14  0.00000000E+00  0.19169346E-28
  0.22866377E+14  0.00000000E+00  0.20394643E-28
  0.22911746E+14  0.00000000E+00  0.21947986E-28
  0.22957116E+14  0.00000000E+00  0.24080167E-28
  0.23002486E+14  0.00000000E+00  0.28432800E-28
  0.23047856E+14 -0.55187113E-29  0.31453507E-28
  0.23093226E+14 -0.95541980E-29  0.31981823E-28
  0.23138595E+14 -0.13373171E-28  0.31850705E-28
  0.23183965E+14 -0.17084813E-28  0.31176000E-28
  0.23229335E+14 -0.20687137E-28  0.29064635E-28
  0.23274705E+14 -0.22878773E-28  0.26840198E-28
  0.23320075E+14 -0.24617463E-28  0.24733580E-28
  0.23365444E+14 -0.25841320E-28  0.22699983E-28
  0.23410814E+14 -0.27069094E-28  0.20757330E-28
  0.23456184E+14 -0.28041473E-28  0.18895878E-28
  0.23501554E+14 -0.28782154E-28  0.17001028E-28
  0.23546924E+14 -0.29425115E-28  0.15178692E-28
  0.23592293E+14 -0.29987544E-28  0.13381041E-28
  0.23637663E+14 -0.30292138E-28  0.11635707E-28
  0.23683033E+14 -0.30556773E-28  0.99025915E-29
  0.23728403E+14 -0.30791753E-28  0.82167063E-29
  0.23773773E+14 -0.30865256E-28  0.65500362E-29
  0.23819142E+14 -0.30776942E-28  0.49541590E-29
  0.23864512E+14 -0.30594875E-28  0.33691188E-29
  0.23909882E+14 -0.30468378E-28  0.19022716E-29
  0.23955252E+14 -0.30269918E-28  0.44543147E-30
  0.24000622E+14 -0.29957128E-28 -0.91271747E-30
  0.24045991E+14 -0.29632855E-28 -0.22445433E-29
  0.24091361E+14 -0.29329623E-28 -0.36150285E-29
  0.24136731E+14 -0.28884214E-28 -0.48495836E-29
  0.24182101E+14 -0.28303780E-28 -0.60981712E-29
  0.24227470E+14 -0.27767842E-28 -0.73746603E-29
  0.24272840E+14 -0.27222080E-28 -0.85597939E-29
  0.24318210E+14 -0.26773586E-28 -0.98323012E-29
  0.24363580E+14 -0.26236266E-28 -0.10979510E-28
  0.24408950E+14 -0.25508744E-28 -0.12120337E-28
  0.24454319E+14 -0.24303331E-28 -0.11575808E-28
  0.24499689E+14 -0.27784778E-28 -0.13987881E-28
  0.24545059E+14 -0.27312658E-28 -0.18236075E-28
  0.24590429E+14 -0.25450680E-28 -0.22042091E-28
  0.24635799E+14 -0.22553623E-28 -0.25259657E-28
  0.24681168E+14 -0.18782744E-28 -0.27803452E-28
  0.24726538E+14 -0.14111518E-28 -0.29497609E-28
  0.24771908E+14 -0.91845670E-29 -0.30092604E-28
  0.24817278E+14 -0.36416617E-29 -0.29245557E-28
  0.24862648E+14  0.22749811E-29 -0.25147841E-28
  0.24908017E+14  0.23746548E-29 -0.20038594E-28
  0.24953387E+14  0.24070714E-29 -0.17750374E-28
  0.24998757E+14  0.24816564E-29 -0.15919298E-28
  0.25044127E+14  0.25465152E-29 -0.14460556E-28
  0.25089497E+14  0.26092723E-29 -0.13179813E-28
  0.25134866E+14  0.26655801E-29 -0.12041228E-28
  0.25180236E+14  0.26872952E-29 -0.11028737E-28
  0.25225606E+14  0.26580280E-29 -0.10068547E-28
  0.25270976E+14  0.26051694E-29 -0.92050908E-29
  0.25316346E+14  0.24723238E-29 -0.83920267E-29
  0.25361715E+14  0.23033909E-29 -0.76721839E-29
  0.25407085E+14  0.20683330E-29 -0.70134203E-29
  0.25452455E+14  0.17933982E-29 -0.64561580E-29
  0.25497825E+14  0.14671843E-29 -0.59767796E-29
  0.25543195E+14  0.10846620E-29 -0.56231267E-29
  0.25588564E+14  0.66313839E-30 -0.54280495E-29
  0.25633934E+14  0.23366374E-30 -0.55564398E-29
  0.25679304E+14  0.34155231E-30 -0.60022109E-29
  0.25724674E+14  0.79412405E-30 -0.57973974E-29
  0.25770044E+14  0.92580712E-30 -0.55266509E-29
  0.25815413E+14  0.10071380E-29 -0.52852549E-29
  0.25860783E+14  0.10739533E-29 -0.50520624E-29
  0.25906153E+14  0.11194309E-29 -0.48238721E-29
  0.25951523E+14  0.11566642E-29 -0.46122493E-29
  0.25996892E+14  0.11942631E-29 -0.44046384E-29
  0.26042262E+14  0.12189734E-29 -0.42002688E-29
  0.26087632E+14  0.12407538E-29 -0.40107386E-29
  0.26133002E+14  0.12674424E-29 -0.38240684E-29
  0.26178372E+14  0.12842396E-29 -0.36372941E-29
  0.26223741E+14  0.12974515E-29 -0.34637207E-29
  0.26269111E+14  0.13167215E-29 -0.32929225E-29
  0.26314481E+14  0.13315182E-29 -0.31181821E-29
  0.26359851E+14  0.13397745E-29 -0.29524635E-29
  0.26405221E+14  0.13540958E-29 -0.27908025E-29
  0.26450590E+14  0.13689362E-29 -0.26204408E-29
  0.26495960E+14  0.13743360E-29 -0.24484997E-29
  0.26541330E+14  0.13774249E-29 -0.22644245E-29
  0.26586700E+14  0.13444227E-29 -0.20859503E-29
  0.26632070E+14  0.13024808E-29 -0.19265111E-29
  0.26677439E+14  0.12579835E-29 -0.17855510E-29
  0.26722809E+14  0.12199103E-29 -0.16544096E-29
  0.26768179E+14  0.11817841E-29 -0.15221316E-29
  0.26813549E+14  0.11351407E-29 -0.14009587E-29
  0.26858919E+14  0.10926110E-29 -0.12899552E-29
  0.26904288E+14  0.10555079E-29 -0.11804283E-29
  0.26949658E+14  0.10110062E-29 -0.10711494E-29
  0.26995028E+14  0.96454326E-30 -0.97351805E-30
  0.27040398E+14  0.92281244E-30 -0.88161812E-30
  0.27085768E+14  0.88376463E-30 -0.78698343E-30
  0.27131137E+14  0.83795025E-30 -0.69708019E-30
  0.27176507E+14  0.79181497E-30 -0.61658227E-30
  0.27221877E+14  0.75242505E-30 -0.53812907E-30
  0.27267247E+14  0.71019226E-30 -0.45704127E-30
  0.27312617E+14  0.66324404E-30 -0.38209503E-30
  0.27357986E+14  0.61924073E-30 -0.31549508E-30
  0.27403356E+14  0.57880472E-30 -0.24741781E-30
  0.27448726E+14  0.53577936E-30 -0.17771491E-30
  0.27494096E+14  0.48622544E-30 -0.11645884E-30
  0.27539466E+14  0.44199360E-30 -0.58831167E-31
  0.27584835E+14  0.39956374E-30 -0.13631970E-32
  0.27630205E+14  0.34868037E-30  0.53505765E-31
  0.27675575E+14  0.30001310E-30  0.99203225E-31
  0.27720945E+14  0.25528251E-30  0.13900173E-30
  0.27766314E+14  0.21563416E-30  0.17888502E-30
  0.27811684E+14  0.17450674E-30  0.21885052E-30
  0.27857054E+14  0.13320658E-30  0.25339618E-30
  0.27902424E+14  0.97117546E-31  0.28587086E-30
  0.27947794E+14  0.62055934E-31  0.31869316E-30
  0.27993163E+14  0.27649629E-31  0.35025678E-30
  0.28038533E+14 -0.62334819E-32  0.38013402E-30
  0.28083903E+14 -0.37629335E-31  0.40801904E-30
  0.28129273E+14 -0.66640619E-31  0.43762798E-30
  0.28174643E+14 -0.98945668E-31  0.46698819E-30
  0.28220012E+14 -0.13032876E-30  0.49161896E-30
  0.28265382E+14 -0.15706805E-30  0.51603766E-30
  0.28310752E+14 -0.18336973E-30  0.54350866E-30
  0.28356122E+14 -0.21281371E-30  0.56983912E-30
  0.28401492E+14 -0.24129614E-30  0.59279798E-30
  0.28446861E+14 -0.26736739E-30  0.61585902E-30
  0.28492231E+14 -0.29301342E-30  0.63986652E-30
  0.28537601E+14 -0.32054084E-30  0.66311388E-30
  0.28582971E+14 -0.34693098E-30  0.68425264E-30
  0.28628341E+14 -0.37210404E-30  0.70544817E-30
  0.28673710E+14 -0.39714072E-30  0.72727579E-30
  0.28719080E+14 -0.42309800E-30  0.74880311E-30
  0.28764450E+14 -0.44984178E-30  0.76880431E-30
  0.28809820E+14 -0.47574081E-30  0.78739034E-30
  0.28855190E+14 -0.49967785E-30  0.80587219E-30
  0.28900559E+14 -0.52466619E-30  0.82570741E-30
  0.28945929E+14 -0.55158733E-30  0.84419236E-30
  0.28991299E+14 -0.57707804E-30  0.86032496E-30
  0.29036669E+14 -0.60090077E-30  0.87726518E-30
  0.29082039E+14 -0.62646622E-30  0.89561453E-30
  0.29127408E+14 -0.65385417E-30  0.91125290E-30
  0.29172778E+14 -0.67933909E-30  0.92544004E-30
  0.29218148E+14 -0.70370164E-30  0.94040915E-30
  0.29263518E+14 -0.72980125E-30  0.95542581E-30
  0.29308888E+14 -0.75598797E-30  0.96927299E-30
  0.29354257E+14 -0.78185789E-30  0.98221412E-30
  0.29399627E+14 -0.80793463E-30  0.99484812E-30
  0.29444997E+14 -0.83347355E-30  0.10071449E-29
  0.29490367E+14 -0.85981693E-30  0.10192645E-29
  0.29535736E+14 -0.88703908E-30  0.10302575E-29
  0.29581106E+14 -0.91313930E-30  0.10396160E-29
  0.29626476E+14 -0.93866844E-30  0.10497241E-29
  0.29671846E+14 -0.96527489E-30  0.10599053E-29
  0.29717216E+14 -0.99281729E-30  0.10679952E-29
  0.29762585E+14 -0.10188999E-29  0.10756810E-29
  0.29807955E+14 -0.10450699E-29  0.10838241E-29
  0.29853325E+14 -0.10729409E-29  0.10910988E-29
  0.29898695E+14 -0.10997296E-29  0.10967329E-29
  0.29944065E+14 -0.11261881E-29  0.11025002E-29
  0.29989434E+14 -0.11537509E-29  0.11081882E-29
  0.30034804E+14 -0.11808990E-29  0.11119359E-29
  0.30080174E+14 -0.12073103E-29  0.11156868E-29
  0.30125544E+14 -0.12343536E-29  0.11198386E-29
  0.30170914E+14 -0.12625630E-29  0.11221546E-29
  0.30216283E+14 -0.12891879E-29  0.11236033E-29
  0.30261653E+14 -0.13155523E-29  0.11255557E-29
  0.30307023E+14 -0.13439366E-29  0.11270651E-29
  0.30352393E+14 -0.13714944E-29  0.11265120E-29
  0.30397763E+14 -0.13979856E-29  0.11255443E-29
  0.30443132E+14 -0.14245022E-29  0.11253178E-29
  0.30488502E+14 -0.14526386E-29  0.11237092E-29
  0.30533872E+14 -0.14798287E-29  0.11211697E-29
  0.30579242E+14 -0.15066279E-29  0.11180449E-29
  0.30624612E+14 -0.15338924E-29  0.11145232E-29
  0.30669981E+14 -0.15601651E-29  0.11106346E-29
  0.30715351E+14 -0.15875523E-29  0.11065419E-29
  0.30760721E+14 -0.16155412E-29  0.11007688E-29
  0.30806091E+14 -0.16415655E-29  0.10933372E-29
  0.30851461E+14 -0.16668890E-29  0.10875138E-29
  0.30896830E+14 -0.16943930E-29  0.10820920E-29
  0.30942200E+14 -0.17228380E-29  0.10727889E-29
  0.30987570E+14 -0.17476351E-29  0.10624103E-29
  0.31032940E+14 -0.17720236E-29  0.10549903E-29
  0.31078310E+14 -0.18000831E-29  0.10471211E-29
  0.31123679E+14 -0.18274727E-29  0.10348501E-29
  0.31169049E+14 -0.18515889E-29  0.10223610E-29
  0.31214419E+14 -0.18753420E-29  0.10129131E-29
  0.31259789E+14 -0.19030998E-29  0.10018046E-29
  0.31305158E+14 -0.19298124E-29  0.98739620E-30
  0.31350528E+14 -0.19530391E-29  0.97260693E-30
  0.31395898E+14 -0.19770167E-29  0.96045012E-30
  0.31441268E+14 -0.20029496E-29  0.94681650E-30
  0.31486638E+14 -0.20288609E-29  0.93049694E-30
  0.31532007E+14 -0.20521007E-29  0.91339636E-30
  0.31577377E+14 -0.20743146E-29  0.89747001E-30
  0.31622747E+14 -0.20987255E-29  0.88270986E-30
  0.31668117E+14 -0.21247746E-29  0.86448054E-30
  0.31713487E+14 -0.21473842E-29  0.84355995E-30
  0.31758856E+14 -0.21673577E-29  0.82584554E-30
  0.31804226E+14 -0.21908723E-29  0.80919053E-30
  0.31849596E+14 -0.22175317E-29  0.78820745E-30
  0.31894966E+14 -0.22369080E-29  0.76414115E-30
  0.31940336E+14 -0.22558501E-29  0.74546624E-30
  0.31985705E+14 -0.22793702E-29  0.72678022E-30
  0.32031075E+14 -0.23040891E-29  0.70123087E-30
  0.32076445E+14 -0.23214488E-29  0.67614007E-30
  0.32121815E+14 -0.23393325E-29  0.65640747E-30
  0.32167185E+14 -0.23635138E-29  0.63402870E-30
  0.32212554E+14 -0.23845179E-29  0.60545212E-30
  0.32257924E+14 -0.23996930E-29  0.57912071E-30
  0.32303294E+14 -0.24188504E-29  0.55808709E-30
  0.32348664E+14 -0.24403374E-29  0.53191114E-30
  0.32394034E+14 -0.24584281E-29  0.50106836E-30
  0.32439403E+14 -0.24720056E-29  0.47469519E-30
  0.32484773E+14 -0.24904092E-29  0.45000635E-30
  0.32530143E+14 -0.25118304E-29  0.42065581E-30
  0.32575513E+14 -0.25261295E-29  0.38832074E-30
  0.32620883E+14 -0.25382291E-29  0.36045892E-30
  0.32666252E+14 -0.25551052E-29  0.33401028E-30
  0.32711622E+14 -0.25739281E-29  0.30045574E-30
  0.32756992E+14 -0.25841279E-29  0.26677283E-30
  0.32802362E+14 -0.25967753E-29  0.23925035E-30
  0.32847732E+14 -0.26149861E-29  0.20903237E-30
  0.32893101E+14 -0.26278855E-29  0.17009632E-30
  0.32938471E+14 -0.26339372E-29  0.13906495E-30
  0.32983841E+14 -0.26477240E-29  0.11024626E-30
  0.33029211E+14 -0.26641644E-29  0.72193510E-31
  0.33074580E+14 -0.26688456E-29  0.34132818E-31
  0.33119950E+14 -0.26769224E-29  0.53151956E-32
  0.33165320E+14 -0.26936277E-29 -0.30361546E-31
  0.33210690E+14 -0.26992620E-29 -0.72707498E-31
  0.33256060E+14 -0.27022516E-29 -0.10516950E-30
  0.33301429E+14 -0.27149663E-29 -0.13882692E-30
  0.33346799E+14 -0.27223340E-29 -0.18259844E-30
  0.33392169E+14 -0.27208798E-29 -0.21907000E-30
  0.33437539E+14 -0.27293460E-29 -0.25266066E-30
  0.33482909E+14 -0.27391242E-29 -0.29505814E-30
  0.33528278E+14 -0.27356468E-29 -0.33680227E-30
  0.33573648E+14 -0.27391232E-29 -0.37073716E-30
  0.33619018E+14 -0.27478398E-29 -0.41274730E-30
  0.33664388E+14 -0.27441639E-29 -0.45737468E-30
  0.33709758E+14 -0.27424468E-29 -0.49335763E-30
  0.33755127E+14 -0.27488286E-29 -0.53465484E-30
  0.33800497E+14 -0.27438956E-29 -0.58164763E-30
  0.33845867E+14 -0.27380834E-29 -0.61923214E-30
  0.33891237E+14 -0.27419294E-29 -0.66001054E-30
  0.33936607E+14 -0.27352729E-29 -0.70927273E-30
  0.33981976E+14 -0.27265752E-29 -0.74757972E-30
  0.34027346E+14 -0.27274107E-29 -0.79011603E-30
  0.34072716E+14 -0.27162977E-29 -0.83995144E-30
  0.34118086E+14 -0.27061191E-29 -0.87805359E-30
  0.34163456E+14 -0.27053414E-29 -0.92336112E-30
  0.34208825E+14 -0.26888012E-29 -0.97267541E-30
  0.34254195E+14 -0.26777338E-29 -0.10111214E-29
  0.34299565E+14 -0.26723035E-29 -0.10620027E-29
  0.34344935E+14 -0.26493506E-29 -0.11067378E-29
  0.34390305E+14 -0.26413983E-29 -0.11476866E-29
  0.34435674E+14 -0.26252512E-29 -0.12014233E-29
  0.34481044E+14 -0.26037878E-29 -0.12417065E-29
  0.34526414E+14 -0.25939987E-29 -0.12894346E-29
  0.34571784E+14 -0.25666299E-29 -0.13397460E-29
  0.34617154E+14 -0.25489526E-29 -0.13799426E-29
  0.34662523E+14 -0.25284061E-29 -0.14332173E-29
  0.34707893E+14 -0.25001348E-29 -0.14767652E-29
  0.34753263E+14 -0.24829428E-29 -0.15243289E-29
  0.34798633E+14 -0.24492138E-29 -0.15745496E-29
  0.34844002E+14 -0.24239260E-29 -0.16167827E-29
  0.34889372E+14 -0.23929320E-29 -0.16689047E-29
  0.34934742E+14 -0.23616652E-29 -0.17107984E-29
  0.34980112E+14 -0.23306572E-29 -0.17634297E-29
  0.35025482E+14 -0.22925597E-29 -0.18066421E-29
  0.35070851E+14 -0.22620150E-29 -0.18551082E-29
  0.35116221E+14 -0.22166319E-29 -0.19017969E-29
  0.35161591E+14 -0.21832931E-29 -0.19474828E-29
  0.35206961E+14 -0.21346591E-29 -0.19946829E-29
  0.35252331E+14 -0.20975213E-29 -0.20399513E-29
  0.35297700E+14 -0.20435855E-29 -0.20861737E-29
  0.35343070E+14 -0.20017456E-29 -0.21315655E-29
  0.35388440E+14 -0.19454284E-29 -0.21763385E-29
  0.35433810E+14 -0.18962178E-29 -0.22220260E-29
  0.35479180E+14 -0.18364228E-29 -0.22631421E-29
  0.35524549E+14 -0.17795524E-29 -0.23095495E-29
  0.35569919E+14 -0.17178867E-29 -0.23500239E-29
  0.35615289E+14 -0.16507132E-29 -0.23926885E-29
  0.35660659E+14 -0.15871629E-29 -0.24336088E-29
  0.35706029E+14 -0.15131974E-29 -0.24723525E-29
  0.35751398E+14 -0.14376950E-29 -0.25133630E-29
  0.35796768E+14 -0.13617655E-29 -0.25507640E-29
  0.35842138E+14 -0.12766613E-29 -0.25876152E-29
  0.35887508E+14 -0.11880941E-29 -0.26242279E-29
  0.35932878E+14 -0.10954770E-29 -0.26610634E-29
  0.35978247E+14 -0.99640340E-30 -0.26971700E-29
  0.36023617E+14 -0.88939368E-30 -0.27354412E-29
  0.36068987E+14 -0.77529944E-30 -0.27828150E-29
  0.36114357E+14 -0.63947638E-30 -0.28899692E-29
  0.36159727E+14 -0.30082902E-30 -0.29288193E-29
  0.36205096E+14 -0.13485944E-31 -0.27918220E-29
  0.36250466E+14  0.19006909E-30 -0.25990880E-29
  0.36295836E+14  0.34150013E-30 -0.23608493E-29
  0.36341206E+14  0.41439240E-30 -0.21025369E-29
  0.36386576E+14  0.44469505E-30 -0.18470933E-29
  0.36431945E+14  0.35792978E-30 -0.14814469E-29
  0.36477315E+14  0.00000000E+00 -0.15715203E-29
  0.36522685E+14  0.00000000E+00 -0.15992590E-29
  0.36568055E+14  0.00000000E+00 -0.15846671E-29
  0.36613424E+14  0.00000000E+00 -0.15587807E-29
  0.36658794E+14  0.00000000E+00 -0.15291547E-29
  0.36704164E+14  0.00000000E+00 -0.14985091E-29
  0.36749534E+14  0.00000000E+00 -0.14679976E-29
  0.36794904E+14  0.00000000E+00 -0.14381456E-29
  0.36840273E+14  0.00000000E+00 -0.14091924E-29
  0.36885643E+14  0.00000000E+00 -0.13812366E-29
  0.36931013E+14  0.00000000E+00 -0.13543050E-29
  0.36976383E+14  0.00000000E+00 -0.13283859E-29
  0.37021753E+14  0.00000000E+00 -0.13034482E-29
  0.37067122E+14  0.00000000E+00 -0.12794508E-29
  0.37112492E+14  0.00000000E+00 -0.12563486E-29
  0.37157862E+14  0.00000000E+00 -0.12340952E-29
  0.37203232E+14  0.00000000E+00 -0.12126451E-29
  0.37248602E+14  0.00000000E+00 -0.11919542E-29
  0.37293971E+14  0.00000000E+00 -0.11719810E-29
  0.37339341E+14  0.00000000E+00 -0.11526862E-29
  0.37384711E+14  0.00000000E+00 -0.11340328E-29
  0.37430081E+14  0.00000000E+00 -0.11159865E-29
  0.37475451E+14  0.00000000E+00 -0.10985152E-29
  0.37520820E+14  0.00000000E+00 -0.10815890E-29
  0.37566190E+14  0.00000000E+00 -0.10651800E-29
  0.37611560E+14  0.00000000E+00 -0.10492622E-29
  0.37656930E+14  0.00000000E+00 -0.10338114E-29
  0.37702300E+14  0.00000000E+00 -0.10188051E-29
  0.37747669E+14  0.00000000E+00 -0.10042221E-29
  0.37793039E+14  0.00000000E+00 -0.99004289E-30
  0.37838409E+14  0.00000000E+00 -0.97624888E-30
  0.37883779E+14  0.00000000E+00 -0.96282289E-30
  0.37929149E+14  0.00000000E+00 -0.94974874E-30
  0.37974518E+14  0.00000000E+00 -0.93701127E-30
  0.38019888E+14  0.00000000E+00 -0.92459622E-30
  0.38065258E+14  0.00000000E+00 -0.91249020E-30
  0.38110628E+14  0.00000000E+00 -0.90068060E-30
  0.38155998E+14  0.00000000E+00 -0.88915552E-30
  0.38201367E+14  0.00000000E+00 -0.87790378E-30
  0.38246737E+14  0.00000000E+00 -0.86691477E-30
  0.38292107E+14  0.00000000E+00 -0.85617850E-30
  0.38337477E+14  0.00000000E+00 -0.84568551E-30
  0.38382846E+14  0.00000000E+00 -0.83542685E-30
  0.38428216E+14  0.00000000E+00 -0.82539401E-30
  0.38473586E+14  0.00000000E+00 -0.81557896E-30
  0.38518956E+14  0.00000000E+00 -0.80597404E-30
  0.38564326E+14  0.00000000E+00 -0.79657199E-30
  0.38609695E+14  0.00000000E+00 -0.78736592E-30
  0.38655065E+14  0.00000000E+00 -0.77834923E-30
  0.38700435E+14  0.00000000E+00 -0.76951569E-30
  0.38745805E+14  0.00000000E+00 -0.76085932E-30
  0.38791175E+14  0.00000000E+00 -0.75237444E-30
  0.38836544E+14  0.00000000E+00 -0.74405561E-30
  0.38881914E+14  0.00000000E+00 -0.73589766E-30
  0.38927284E+14  0.00000000E+00 -0.72789562E-30
  0.38972654E+14  0.00000000E+00 -0.72004476E-30
  0.39018024E+14  0.00000000E+00 -0.71234056E-30
  0.39063393E+14  0.00000000E+00 -0.70477865E-30
  0.39108763E+14  0.00000000E+00 -0.69735490E-30
  0.39154133E+14  0.00000000E+00 -0.69006531E-30
  0.39199503E+14  0.00000000E+00 -0.68290606E-30
  0.39244873E+14  0.00000000E+00 -0.67587348E-30
  0.39290242E+14  0.00000000E+00 -0.66896405E-30
  0.39335612E+14  0.00000000E+00 -0.66217438E-30
  0.39380982E+14  0.00000000E+00 -0.65550123E-30
  0.39426352E+14  0.00000000E+00 -0.64894146E-30
  0.39471722E+14  0.00000000E+00 -0.64249208E-30
  0.39517091E+14  0.00000000E+00 -0.63615018E-30
  0.39562461E+14  0.00000000E+00 -0.62991297E-30
  0.39607831E+14  0.00000000E+00 -0.62377777E-30
  0.39653201E+14  0.00000000E+00 -0.61774199E-30
  0.39698571E+14  0.00000000E+00 -0.61180314E-30
  0.39743940E+14  0.00000000E+00 -0.60595880E-30
  0.39789310E+14  0.00000000E+00 -0.60020666E-30
  0.39834680E+14  0.00000000E+00 -0.59454446E-30
  0.39880050E+14  0.00000000E+00 -0.58897005E-30
  0.39925420E+14  0.00000000E+00 -0.58348134E-30
  0.39970789E+14  0.00000000E+00 -0.57807629E-30
  0.40016159E+14  0.00000000E+00 -0.57275296E-30
  0.40061529E+14  0.00000000E+00 -0.56750945E-30
  0.40106899E+14  0.00000000E+00 -0.56234393E-30
  0.40152268E+14  0.00000000E+00 -0.55725464E-30
  0.40197638E+14  0.00000000E+00 -0.55223986E-30
  0.40243008E+14  0.00000000E+00 -0.54729792E-30
  0.40288378E+14  0.00000000E+00 -0.54242722E-30
  0.40333748E+14  0.00000000E+00 -0.53762621E-30
  0.40379117E+14  0.00000000E+00 -0.53289336E-30
  0.40424487E+14  0.00000000E+00 -0.52822722E-30
  0.40469857E+14  0.00000000E+00 -0.52362636E-30
  0.40515227E+14  0.00000000E+00 -0.51908941E-30
  0.40560597E+14  0.00000000E+00 -0.51461503E-30
  0.40605966E+14  0.00000000E+00 -0.51020191E-30
  0.40651336E+14  0.00000000E+00 -0.50584880E-30
  0.40696706E+14  0.00000000E+00 -0.50155447E-30
  0.40742076E+14  0.00000000E+00 -0.49731774E-30
  0.40787446E+14  0.00000000E+00 -0.49313744E-30
  0.40832815E+14  0.00000000E+00 -0.48901245E-30
  0.40878185E+14  0.00000000E+00 -0.48494167E-30
  0.40923555E+14  0.00000000E+00 -0.48092406E-30
  0.40968925E+14  0.00000000E+00 -0.47695856E-30
  0.41014295E+14  0.00000000E+00 -0.47304417E-30
  0.41059664E+14  0.00000000E+00 -0.46917992E-30
  0.41105034E+14  0.00000000E+00 -0.46536485E-30
  0.41150404E+14  0.00000000E+00 -0.46159804E-30
  0.41195774E+14  0.00000000E+00 -0.45787858E-30
  0.41241144E+14  0.00000000E+00 -0.45420558E-30
  0.41286513E+14  0.00000000E+00 -0.45057820E-30
  0.41331883E+14  0.00000000E+00 -0.44699559E-30
  0.41377253E+14  0.00000000E+00 -0.44345694E-30
  0.41422623E+14  0.00000000E+00 -0.43996147E-30
  0.41467993E+14  0.00000000E+00 -0.43650838E-30
  0.41513362E+14  0.00000000E+00 -0.43309693E-30
  0.41558732E+14  0.00000000E+00 -0.42972639E-30
  0.41604102E+14  0.00000000E+00 -0.42639602E-30
  0.41649472E+14  0.00000000E+00 -0.42310514E-30
  0.41694842E+14  0.00000000E+00 -0.41985306E-30
  0.41740211E+14  0.00000000E+00 -0.41663910E-30
  0.41785581E+14  0.00000000E+00 -0.41346263E-30
  0.41830951E+14  0.00000000E+00 -0.41032299E-30
  0.41876321E+14  0.00000000E+00 -0.40721957E-30
  0.41921690E+14  0.00000000E+00 -0.40415176E-30
  0.41967060E+14  0.00000000E+00 -0.40111897E-30
  0.42012430E+14  0.00000000E+00 -0.39812061E-30
  0.42057800E+14  0.00000000E+00 -0.39515613E-30
  0.42103170E+14  0.00000000E+00 -0.39222496E-30
  0.42148539E+14  0.00000000E+00 -0.38932657E-30
  0.42193909E+14  0.00000000E+00 -0.38646042E-30
  0.42239279E+14  0.00000000E+00 -0.38362600E-30
  0.42284649E+14  0.00000000E+00 -0.38082280E-30
  0.42330019E+14  0.00000000E+00 -0.37805033E-30
  0.42375388E+14  0.00000000E+00 -0.37530809E-30
  0.42420758E+14  0.00000000E+00 -0.37259563E-30
  0.42466128E+14  0.00000000E+00 -0.36991246E-30
  0.42511498E+14  0.00000000E+00 -0.36725814E-30
  0.42556868E+14  0.00000000E+00 -0.36463223E-30
  0.42602237E+14  0.00000000E+00 -0.36203428E-30
  0.42647607E+14  0.00000000E+00 -0.35946388E-30
  0.42692977E+14  0.00000000E+00 -0.35692060E-30
  0.42738347E+14  0.00000000E+00 -0.35440403E-30
  0.42783717E+14  0.00000000E+00 -0.35191378E-30
  0.42829086E+14  0.00000000E+00 -0.34944946E-30
  0.42874456E+14  0.00000000E+00 -0.34701067E-30
  0.42919826E+14  0.00000000E+00 -0.34459704E-30
  0.42965196E+14  0.00000000E+00 -0.34220821E-30
  0.43010566E+14  0.00000000E+00 -0.33984381E-30
  0.43055935E+14  0.00000000E+00 -0.33750348E-30
  0.43101305E+14  0.00000000E+00 -0.33518689E-30
  0.43146675E+14  0.00000000E+00 -0.33289368E-30
  0.43192045E+14  0.00000000E+00 -0.33062352E-30
  0.43237415E+14  0.00000000E+00 -0.32837609E-30
  0.43282784E+14  0.00000000E+00 -0.32615107E-30
  0.43328154E+14  0.00000000E+00 -0.32394813E-30
  0.43373524E+14  0.00000000E+00 -0.32176698E-30
  0.43418894E+14  0.00000000E+00 -0.31960730E-30
  0.43464264E+14  0.00000000E+00 -0.31746880E-30
  0.43509633E+14  0.00000000E+00 -0.31535119E-30
  0.43555003E+14  0.00000000E+00 -0.31325417E-30
  0.43600373E+14  0.00000000E+00 -0.31117748E-30
  0.43645743E+14  0.00000000E+00 -0.30912082E-30
  0.43691112E+14  0.00000000E+00 -0.30708394E-30
  0.43736482E+14  0.00000000E+00 -0.30506656E-30
  0.43781852E+14  0.00000000E+00 -0.30306842E-30
  0.43827222E+14  0.00000000E+00 -0.30108927E-30
  0.43872592E+14  0.00000000E+00 -0.29912885E-30
  0.43917961E+14  0.00000000E+00 -0.29718692E-30
  0.43963331E+14  0.00000000E+00 -0.29526323E-30
  0.44008701E+14  0.00000000E+00 -0.29335754E-30
  0.44054071E+14  0.00000000E+00 -0.29146963E-30
  0.44099441E+14  0.00000000E+00 -0.28959925E-30
  0.44144810E+14  0.00000000E+00 -0.28774618E-30
  0.44190180E+14  0.00000000E+00 -0.28591020E-30
  0.44235550E+14  0.00000000E+00 -0.28409109E-30
  0.44280920E+14  0.00000000E+00 -0.28228863E-30
  0.44326290E+14  0.00000000E+00 -0.28050261E-30
  0.44371659E+14  0.00000000E+00 -0.27873283E-30
  0.44417029E+14  0.00000000E+00 -0.27697908E-30
  0.44462399E+14  0.00000000E+00 -0.27524116E-30
  0.44507769E+14  0.00000000E+00 -0.27351887E-30
  0.44553139E+14  0.00000000E+00 -0.27181202E-30
  0.44598508E+14  0.00000000E+00 -0.27012041E-30
  0.44643878E+14  0.00000000E+00 -0.26844386E-30
  0.44689248E+14  0.00000000E+00 -0.26678218E-30
  0.44734618E+14  0.00000000E+00 -0.26513519E-30
  0.44779988E+14  0.00000000E+00 -0.26350272E-30
  0.44825357E+14  0.00000000E+00 -0.26188458E-30
  0.44870727E+14  0.00000000E+00 -0.26028060E-30
  0.44916097E+14  0.00000000E+00 -0.25869061E-30
  0.44961467E+14  0.00000000E+00 -0.25711445E-30
  0.45006837E+14  0.00000000E+00 -0.25555195E-30
  0.45052206E+14  0.00000000E+00 -0.25400294E-30
  0.45097576E+14  0.00000000E+00 -0.25246727E-30
  0.45142946E+14  0.00000000E+00 -0.25094478E-30
  0.45188316E+14  0.00000000E+00 -0.24943531E-30
  0.45233686E+14  0.00000000E+00 -0.24793872E-30
  0.45279055E+14  0.00000000E+00 -0.24645484E-30
  0.45324425E+14  0.00000000E+00 -0.24498354E-30
  0.45369795E+14  0.00000000E+00 -0.24352467E-30
  0.45415165E+14  0.00000000E+00 -0.24207808E-30
  0.45460534E+14  0.00000000E+00 -0.24064364E-30
  0.45505904E+14  0.00000000E+00 -0.23922120E-30
  0.45551274E+14  0.00000000E+00 -0.23781063E-30
  0.45596644E+14  0.00000000E+00 -0.23641178E-30
  0.45642014E+14  0.00000000E+00 -0.23502454E-30
  0.45687383E+14  0.00000000E+00 -0.23364877E-30
  0.45732753E+14  0.00000000E+00 -0.23228434E-30
  0.45778123E+14  0.00000000E+00 -0.23093112E-30
  0.45823493E+14  0.00000000E+00 -0.22958899E-30
  0.45868863E+14  0.00000000E+00 -0.22825782E-30
  0.45914232E+14  0.00000000E+00 -0.22693749E-30
  0.45959602E+14  0.00000000E+00 -0.22562789E-30
  0.46004972E+14  0.00000000E+00 -0.22432889E-30
  0.46050342E+14  0.00000000E+00 -0.22304038E-30
  0.46095712E+14  0.00000000E+00 -0.22176224E-30
  0.46141081E+14  0.00000000E+00 -0.22049437E-30
  0.46186451E+14  0.00000000E+00 -0.21923664E-30
  0.46231821E+14  0.00000000E+00 -0.21798896E-30
  0.46277191E+14  0.00000000E+00 -0.21675120E-30
  0.46322561E+14  0.00000000E+00 -0.21552327E-30
  0.46367930E+14  0.00000000E+00 -0.21430506E-30
  0.46413300E+14  0.00000000E+00 -0.21309646E-30
  0.46458670E+14  0.00000000E+00 -0.21189737E-30
  0.46504040E+14  0.00000000E+00 -0.21070770E-30
  0.46549410E+14  0.00000000E+00 -0.20952734E-30
  0.46594779E+14  0.00000000E+00 -0.20835620E-30
  0.46640149E+14  0.00000000E+00 -0.20719417E-30
  0.46685519E+14  0.00000000E+00 -0.20604117E-30
  0.46730889E+14  0.00000000E+00 -0.20489709E-30
  0.46776259E+14  0.00000000E+00 -0.20376185E-30
  0.46821628E+14  0.00000000E+00 -0.20263535E-30
  0.46866998E+14  0.00000000E+00 -0.20151750E-30
  0.46912368E+14  0.00000000E+00 -0.20040822E-30
  0.46957738E+14  0.00000000E+00 -0.19930742E-30
  0.47003108E+14  0.00000000E+00 -0.19821500E-30
  0.47048477E+14  0.00000000E+00 -0.19713089E-30
  0.47093847E+14  0.00000000E+00 -0.19605500E-30
  0.47139217E+14  0.00000000E+00 -0.19498724E-30
  0.47184587E+14  0.00000000E+00 -0.19392753E-30
  0.47229956E+14  0.00000000E+00 -0.19287580E-30
  0.47275326E+14  0.00000000E+00 -0.19183196E-30
  0.47320696E+14  0.00000000E+00 -0.19079593E-30
  0.47366066E+14  0.00000000E+00 -0.18976764E-30
  0.47411436E+14  0.00000000E+00 -0.18874701E-30
  0.47456805E+14  0.00000000E+00 -0.18773395E-30
  0.47502175E+14  0.00000000E+00 -0.18672841E-30
  0.47547545E+14  0.00000000E+00 -0.18573029E-30
  0.47592915E+14  0.00000000E+00 -0.18473954E-30
  0.47638285E+14  0.00000000E+00 -0.18375607E-30
  0.47683654E+14  0.00000000E+00 -0.18277981E-30
  0.47729024E+14  0.00000000E+00 -0.18181071E-30
  0.47774394E+14  0.00000000E+00 -0.18084868E-30
  0.47819764E+14  0.00000000E+00 -0.17989365E-30
  0.47865134E+14  0.00000000E+00 -0.17894556E-30
  0.47910503E+14  0.00000000E+00 -0.17800435E-30
  0.47955873E+14  0.00000000E+00 -0.17706994E-30
  0.48001243E+14  0.00000000E+00 -0.17614228E-30
  0.48046613E+14  0.00000000E+00 -0.17522128E-30
  0.48091983E+14  0.00000000E+00 -0.17430691E-30
  0.48137352E+14  0.00000000E+00 -0.17339908E-30
  0.48182722E+14  0.00000000E+00 -0.17249773E-30
  0.48228092E+14  0.00000000E+00 -0.17160282E-30
  0.48273462E+14  0.00000000E+00 -0.17071427E-30
  0.48318832E+14  0.00000000E+00 -0.16983202E-30
  0.48364201E+14  0.00000000E+00 -0.16895602E-30
  0.48409571E+14  0.00000000E+00 -0.16808621E-30
  0.48454941E+14  0.00000000E+00 -0.16722253E-30
  0.48500311E+14  0.00000000E+00 -0.16636492E-30
  0.48545681E+14  0.00000000E+00 -0.16551333E-30
  0.48591050E+14  0.00000000E+00 -0.16466770E-30
  0.48636420E+14  0.00000000E+00 -0.16382797E-30
  0.48681790E+14  0.00000000E+00 -0.16299410E-30
  0.48727160E+14  0.00000000E+00 -0.16216602E-30
  0.48772530E+14  0.00000000E+00 -0.16134369E-30
  0.48817899E+14  0.00000000E+00 -0.16052705E-30
  0.48863269E+14  0.00000000E+00 -0.15971605E-30
  0.48908639E+14  0.00000000E+00 -0.15891064E-30
  0.48954009E+14  0.00000000E+00 -0.15811076E-30
  0.48999378E+14  0.00000000E+00 -0.15731638E-30
  0.49044748E+14  0.00000000E+00 -0.15652743E-30
  0.49090118E+14  0.00000000E+00 -0.15574387E-30
  0.49135488E+14  0.00000000E+00 -0.15496565E-30
  0.49180858E+14  0.00000000E+00 -0.15419273E-30
  0.49226227E+14  0.00000000E+00 -0.15342505E-30
  0.49271597E+14  0.00000000E+00 -0.15266257E-30
  0.49316967E+14  0.00000000E+00 -0.15190524E-30
  0.49362337E+14  0.00000000E+00 -0.15115302E-30
  0.49407707E+14  0.00000000E+00 -0.15040586E-30
  0.49453076E+14  0.00000000E+00 -0.14966372E-30
  0.49498446E+14  0.00000000E+00 -0.14892655E-30
  0.49543816E+14  0.00000000E+00 -0.14819431E-30
  0.49589186E+14  0.00000000E+00 -0.14746696E-30
  0.49634556E+14  0.00000000E+00 -0.14674445E-30
  0.49679925E+14  0.00000000E+00 -0.14602674E-30
  0.49725295E+14  0.00000000E+00 -0.14531380E-30
  0.49770665E+14  0.00000000E+00 -0.14460557E-30
  0.49816035E+14  0.00000000E+00 -0.14390202E-30
  0.49861405E+14  0.00000000E+00 -0.14320310E-30
  0.49906774E+14  0.00000000E+00 -0.14250878E-30
  0.49952144E+14  0.00000000E+00 -0.14181902E-30
  0.49997514E+14  0.00000000E+00 -0.14113378E-30
  0.50042884E+14  0.00000000E+00 -0.14045302E-30
  0.50088254E+14  0.00000000E+00 -0.13977670E-30
  0.50133623E+14  0.00000000E+00 -0.13910478E-30
  0.50178993E+14  0.00000000E+00 -0.13843723E-30
  0.50224363E+14  0.00000000E+00 -0.13777401E-30
  0.50269733E+14  0.00000000E+00 -0.13711508E-30
  0.50315103E+14  0.00000000E+00 -0.13646041E-30
  0.50360472E+14  0.00000000E+00 -0.13580996E-30
  0.50405842E+14  0.00000000E+00 -0.13516370E-30
  0.50451212E+14  0.00000000E+00 -0.13452158E-30
  0.50496582E+14  0.00000000E+00 -0.13388358E-30
  0.50541952E+14  0.00000000E+00 -0.13324967E-30
  0.50587321E+14  0.00000000E+00 -0.13261979E-30
  0.50632691E+14  0.00000000E+00 -0.13199394E-30
  0.50678061E+14  0.00000000E+00 -0.13137206E-30
  0.50723431E+14  0.00000000E+00 -0.13075413E-30
  0.50768800E+14  0.00000000E+00 -0.13014012E-30
  0.50814170E+14  0.00000000E+00 -0.12952999E-30
  0.50859540E+14  0.00000000E+00 -0.12892370E-30
  0.50904910E+14  0.00000000E+00 -0.12832124E-30
  0.50950280E+14  0.00000000E+00 -0.12772257E-30
  0.50995649E+14  0.00000000E+00 -0.12712765E-30
  0.51041019E+14  0.00000000E+00 -0.12653646E-30
  0.51086389E+14  0.00000000E+00 -0.12594897E-30
  0.51131759E+14  0.00000000E+00 -0.12536514E-30
  0.51177129E+14  0.00000000E+00 -0.12478495E-30
  0.51222498E+14  0.00000000E+00 -0.12420837E-30
  0.51267868E+14  0.00000000E+00 -0.12363536E-30
  0.51313238E+14  0.00000000E+00 -0.12306591E-30
  0.51358608E+14  0.00000000E+00 -0.12249997E-30
  0.51403978E+14  0.00000000E+00 -0.12193753E-30
  0.51449347E+14  0.00000000E+00 -0.12137855E-30
  0.51494717E+14  0.00000000E+00 -0.12082301E-30
  0.51540087E+14  0.00000000E+00 -0.12027088E-30
  0.51585457E+14  0.00000000E+00 -0.11972214E-30
  0.51630827E+14  0.00000000E+00 -0.11917674E-30
  0.51676196E+14  0.00000000E+00 -0.11863468E-30
  0.51721566E+14  0.00000000E+00 -0.11809593E-30
  0.51766936E+14  0.00000000E+00 -0.11756044E-30
  0.51812306E+14  0.00000000E+00 -0.11702822E-30
  0.51857676E+14  0.00000000E+00 -0.11649921E-30
  0.51903045E+14  0.00000000E+00 -0.11597341E-30
  0.51948415E+14  0.00000000E+00 -0.11545078E-30
  0.51993785E+14  0.00000000E+00 -0.11493131E-30
  0.52039155E+14  0.00000000E+00 -0.11441496E-30
  0.52084525E+14  0.00000000E+00 -0.11390171E-30
  0.52129894E+14  0.00000000E+00 -0.11339154E-30
  0.52175264E+14  0.00000000E+00 -0.11288443E-30
  0.52220634E+14  0.00000000E+00 -0.11238035E-30
  0.52266004E+14  0.00000000E+00 -0.11187927E-30
  0.52311374E+14  0.00000000E+00 -0.11138118E-30
  0.52356743E+14  0.00000000E+00 -0.11088605E-30
  0.52402113E+14  0.00000000E+00 -0.11039386E-30
  0.52447483E+14  0.00000000E+00 -0.10990459E-30
  0.52492853E+14  0.00000000E+00 -0.10941821E-30
  0.52538222E+14  0.00000000E+00 -0.10893470E-30
  0.52583592E+14  0.00000000E+00 -0.10845404E-30
  0.52628962E+14  0.00000000E+00 -0.10797621E-30
  0.52674332E+14  0.00000000E+00 -0.10750119E-30
  0.52719702E+14  0.00000000E+00 -0.10702895E-30
  0.52765071E+14  0.00000000E+00 -0.10655948E-30
  0.52810441E+14  0.00000000E+00 -0.10609276E-30
  0.52855811E+14  0.00000000E+00 -0.10562876E-30
  0.52901181E+14  0.00000000E+00 -0.10516746E-30
  0.52946551E+14  0.00000000E+00 -0.10470884E-30
  0.52991920E+14  0.00000000E+00 -0.10425289E-30
  0.53037290E+14  0.00000000E+00 -0.10379958E-30
  0.53082660E+14  0.00000000E+00 -0.10334889E-30
  0.53128030E+14  0.00000000E+00 -0.10290081E-30
  0.53173400E+14  0.00000000E+00 -0.10245532E-30
  0.53218769E+14  0.00000000E+00 -0.10201238E-30
  0.53264139E+14  0.00000000E+00 -0.10157200E-30
  0.53309509E+14  0.00000000E+00 -0.10113414E-30
  0.53354879E+14  0.00000000E+00 -0.10069880E-30
  0.53400249E+14  0.00000000E+00 -0.10026594E-30
  0.53445618E+14  0.00000000E+00 -0.99835556E-31
  0.53490988E+14  0.00000000E+00 -0.99407627E-31
  0.53536358E+14  0.00000000E+00 -0.98982135E-31
  0.53581728E+14  0.00000000E+00 -0.98559061E-31
  0.53627098E+14  0.00000000E+00 -0.98138389E-31
  0.53672467E+14  0.00000000E+00 -0.97720101E-31
  0.53717837E+14  0.00000000E+00 -0.97304179E-31
  0.53763207E+14  0.00000000E+00 -0.96890607E-31
  0.53808577E+14  0.00000000E+00 -0.96479367E-31
  0.53853947E+14  0.00000000E+00 -0.96070443E-31
  0.53899316E+14  0.00000000E+00 -0.95663818E-31
  0.53944686E+14  0.00000000E+00 -0.95259476E-31
  0.53990056E+14  0.00000000E+00 -0.94857399E-31
  0.54035426E+14  0.00000000E+00 -0.94457573E-31
  0.54080796E+14  0.00000000E+00 -0.94059980E-31
  0.54126165E+14  0.00000000E+00 -0.93664605E-31
  0.54171535E+14  0.00000000E+00 -0.93271432E-31
  0.54216905E+14  0.00000000E+00 -0.92880446E-31
  0.54262275E+14  0.00000000E+00 -0.92491630E-31
  0.54307644E+14  0.00000000E+00 -0.92104970E-31
  0.54353014E+14  0.00000000E+00 -0.91720450E-31
  0.54398384E+14  0.00000000E+00 -0.91338056E-31
  0.54443754E+14  0.00000000E+00 -0.90957771E-31
  0.54489124E+14  0.00000000E+00 -0.90579582E-31
  0.54534493E+14  0.00000000E+00 -0.90203474E-31
  0.54579863E+14  0.00000000E+00 -0.89829431E-31
  0.54625233E+14  0.00000000E+00 -0.89457440E-31
  0.54670603E+14  0.00000000E+00 -0.89087486E-31
  0.54715973E+14  0.00000000E+00 -0.88719556E-31
  0.54761342E+14  0.00000000E+00 -0.88353634E-31
  0.54806712E+14  0.00000000E+00 -0.87989707E-31
  0.54852082E+14  0.00000000E+00 -0.87627761E-31
  0.54897452E+14  0.00000000E+00 -0.87267783E-31
  0.54942822E+14  0.00000000E+00 -0.86909759E-31
  0.54988191E+14  0.00000000E+00 -0.86553674E-31
  0.55033561E+14  0.00000000E+00 -0.86199517E-31
  0.55078931E+14  0.00000000E+00 -0.85847273E-31
  0.55124301E+14  0.00000000E+00 -0.85496930E-31
  0.55169671E+14  0.00000000E+00 -0.85148474E-31
  0.55215040E+14  0.00000000E+00 -0.84801892E-31
  0.55260410E+14  0.00000000E+00 -0.84457172E-31
  0.55305780E+14  0.00000000E+00 -0.84114302E-31
  0.55351150E+14  0.00000000E+00 -0.83773267E-31
  0.55396520E+14  0.00000000E+00 -0.83434057E-31
  0.55441889E+14  0.00000000E+00 -0.83096658E-31
  0.55487259E+14  0.00000000E+00 -0.82761058E-31
  0.55532629E+14  0.00000000E+00 -0.82427245E-31
  0.55577999E+14  0.00000000E+00 -0.82095207E-31
  0.55623369E+14  0.00000000E+00 -0.81764932E-31
  0.55668738E+14  0.00000000E+00 -0.81436408E-31
  0.55714108E+14  0.00000000E+00 -0.81109623E-31
  0.55759478E+14  0.00000000E+00 -0.80784566E-31
  0.55804848E+14  0.00000000E+00 -0.80461225E-31
  0.55850218E+14  0.00000000E+00 -0.80139589E-31
  0.55895587E+14  0.00000000E+00 -0.79819645E-31
  0.55940957E+14  0.00000000E+00 -0.79501384E-31
  0.55986327E+14  0.00000000E+00 -0.79184793E-31
  0.56031697E+14  0.00000000E+00 -0.78869861E-31
  0.56077067E+14  0.00000000E+00 -0.78556578E-31
  0.56122436E+14  0.00000000E+00 -0.78244933E-31
  0.56167806E+14  0.00000000E+00 -0.77934914E-31
  0.56213176E+14  0.00000000E+00 -0.77626511E-31
  0.56258546E+14  0.00000000E+00 -0.77319713E-31
  0.56303915E+14  0.00000000E+00 -0.77014511E-31
  0.56349285E+14  0.00000000E+00 -0.76710892E-31
  0.56394655E+14  0.00000000E+00 -0.76408847E-31
  0.56440025E+14  0.00000000E+00 -0.76108365E-31
  0.56485395E+14  0.00000000E+00 -0.75809437E-31
  0.56530764E+14  0.00000000E+00 -0.75512051E-31
  0.56576134E+14  0.00000000E+00 -0.75216199E-31
  0.56621504E+14  0.00000000E+00 -0.74921870E-31
  0.56666874E+14  0.00000000E+00 -0.74629053E-31
  0.56712244E+14  0.00000000E+00 -0.74337740E-31
  0.56757613E+14  0.00000000E+00 -0.74047920E-31
  0.56802983E+14  0.00000000E+00 -0.73759584E-31
  0.56848353E+14  0.00000000E+00 -0.73472723E-31
  0.56893723E+14  0.00000000E+00 -0.73187325E-31
  0.56939093E+14  0.00000000E+00 -0.72903383E-31
  0.56984462E+14  0.00000000E+00 -0.72620887E-31
  0.57029832E+14  0.00000000E+00 -0.72339827E-31
  0.57075202E+14  0.00000000E+00 -0.72060195E-31
  0.57120572E+14  0.00000000E+00 -0.71781981E-31
  0.57165942E+14  0.00000000E+00 -0.71505176E-31
  0.57211311E+14  0.00000000E+00 -0.71229770E-31
  0.57256681E+14  0.00000000E+00 -0.70955756E-31
  0.57302051E+14  0.00000000E+00 -0.70683124E-31
  0.57347421E+14  0.00000000E+00 -0.70411866E-31
  0.57392791E+14  0.00000000E+00 -0.70141972E-31
  0.57438160E+14  0.00000000E+00 -0.69873434E-31
  0.57483530E+14  0.00000000E+00 -0.69606244E-31
  0.57528900E+14  0.00000000E+00 -0.69340392E-31
  0.57574270E+14  0.00000000E+00 -0.69075871E-31
  0.57619640E+14  0.00000000E+00 -0.68812672E-31
  0.57665009E+14  0.00000000E+00 -0.68550786E-31
  0.57710379E+14  0.00000000E+00 -0.68290206E-31
  0.57755749E+14  0.00000000E+00 -0.68030924E-31
  0.57801119E+14  0.00000000E+00 -0.67772930E-31
  0.57846489E+14  0.00000000E+00 -0.67516217E-31
  0.57891858E+14  0.00000000E+00 -0.67260778E-31
  0.57937228E+14  0.00000000E+00 -0.67006603E-31
  0.57982598E+14  0.00000000E+00 -0.66753686E-31
  0.58027968E+14  0.00000000E+00 -0.66502018E-31
  0.58073337E+14  0.00000000E+00 -0.66251591E-31
  0.58118707E+14  0.00000000E+00 -0.66002398E-31
  0.58164077E+14  0.00000000E+00 -0.65754431E-31
  0.58209447E+14  0.00000000E+00 -0.65507683E-31
  0.58254817E+14  0.00000000E+00 -0.65262146E-31
  0.58300186E+14  0.00000000E+00 -0.65017813E-31
  0.58345556E+14  0.00000000E+00 -0.64774675E-31
  0.58390926E+14  0.00000000E+00 -0.64532727E-31
  0.58436296E+14  0.00000000E+00 -0.64291960E-31
  0.58481666E+14  0.00000000E+00 -0.64052367E-31
  0.58527035E+14  0.00000000E+00 -0.63813941E-31
  0.58572405E+14  0.00000000E+00 -0.63576674E-31
  0.58617775E+14  0.00000000E+00 -0.63340561E-31
  0.58663145E+14  0.00000000E+00 -0.63105593E-31
  0.58708515E+14  0.00000000E+00 -0.62871764E-31
  0.58753884E+14  0.00000000E+00 -0.62639067E-31
  0.58799254E+14  0.00000000E+00 -0.62407494E-31
  0.58844624E+14  0.00000000E+00 -0.62177040E-31
  0.58889994E+14  0.00000000E+00 -0.61947697E-31
  0.58935364E+14  0.00000000E+00 -0.61719458E-31
  0.58980733E+14  0.00000000E+00 -0.61492317E-31
  0.59026103E+14  0.00000000E+00 -0.61266268E-31
  0.59071473E+14  0.00000000E+00 -0.61041303E-31
  0.59116843E+14  0.00000000E+00 -0.60817416E-31
  0.59162213E+14  0.00000000E+00 -0.60594600E-31
  0.59207582E+14  0.00000000E+00 -0.60372850E-31
  0.59252952E+14  0.00000000E+00 -0.60152159E-31
  0.59298322E+14  0.00000000E+00 -0.59932520E-31
  0.59343692E+14  0.00000000E+00 -0.59713927E-31
  0.59389062E+14  0.00000000E+00 -0.59496374E-31
  0.59434431E+14  0.00000000E+00 -0.59279855E-31
  0.59479801E+14  0.00000000E+00 -0.59064363E-31
  0.59525171E+14  0.00000000E+00 -0.58849892E-31
  0.59570541E+14  0.00000000E+00 -0.58636437E-31
  0.59615911E+14  0.00000000E+00 -0.58423991E-31
  0.59661280E+14  0.00000000E+00 -0.58212549E-31
  0.59706650E+14  0.00000000E+00 -0.58002103E-31
  0.59752020E+14  0.00000000E+00 -0.57792649E-31
  0.59797390E+14  0.00000000E+00 -0.57584181E-31
  0.59842759E+14  0.00000000E+00 -0.57376692E-31
  0.59888129E+14  0.00000000E+00 -0.57170178E-31
  0.59933499E+14  0.00000000E+00 -0.56964632E-31
  0.59978869E+14  0.00000000E+00 -0.56760048E-31
  0.60024239E+14  0.00000000E+00 -0.56556421E-31
  0.60069608E+14  0.00000000E+00 -0.56353746E-31
  0.60114978E+14  0.00000000E+00 -0.56152016E-31
  0.60160348E+14  0.00000000E+00 -0.55951226E-31
  0.60205718E+14  0.00000000E+00 -0.55751372E-31
  0.60251088E+14  0.00000000E+00 -0.55552446E-31
  0.60296457E+14  0.00000000E+00 -0.55354444E-31
  0.60341827E+14  0.00000000E+00 -0.55157361E-31
  0.60387197E+14  0.00000000E+00 -0.54961191E-31
  0.60432567E+14  0.00000000E+00 -0.54765929E-31
  0.60477937E+14  0.00000000E+00 -0.54571570E-31
  0.60523306E+14  0.00000000E+00 -0.54378108E-31
  0.60568676E+14  0.00000000E+00 -0.54185538E-31
  0.60614046E+14  0.00000000E+00 -0.53993855E-31
  0.60659416E+14  0.00000000E+00 -0.53803054E-31
  0.60704786E+14  0.00000000E+00 -0.53613129E-31
  0.60750155E+14  0.00000000E+00 -0.53424077E-31
  0.60795525E+14  0.00000000E+00 -0.53235892E-31
  0.60840895E+14  0.00000000E+00 -0.53048568E-31
  0.60886265E+14  0.00000000E+00 -0.52862101E-31
  0.60931635E+14  0.00000000E+00 -0.52676486E-31
  0.60977004E+14  0.00000000E+00 -0.52491719E-31
  0.61022374E+14  0.00000000E+00 -0.52307793E-31
  0.61067744E+14  0.00000000E+00 -0.52124705E-31
  0.61113114E+14  0.00000000E+00 -0.51942450E-31
  0.61158484E+14  0.00000000E+00 -0.51761023E-31
  0.61203853E+14  0.00000000E+00 -0.51580419E-31
  0.61249223E+14  0.00000000E+00 -0.51400634E-31
  0.61294593E+14  0.00000000E+00 -0.51221662E-31
  0.61339963E+14  0.00000000E+00 -0.51043500E-31
  0.61385333E+14  0.00000000E+00 -0.50866143E-31
  0.61430702E+14  0.00000000E+00 -0.50689586E-31
  0.61476072E+14  0.00000000E+00 -0.50513825E-31
  0.61521442E+14  0.00000000E+00 -0.50338855E-31
  0.61566812E+14  0.00000000E+00 -0.50164672E-31
  0.61612181E+14  0.00000000E+00 -0.49991271E-31
  0.61657551E+14  0.00000000E+00 -0.49818649E-31
  0.61702921E+14  0.00000000E+00 -0.49646800E-31
  0.61748291E+14  0.00000000E+00 -0.49475720E-31
  0.61793661E+14  0.00000000E+00 -0.49305405E-31
  0.61839030E+14  0.00000000E+00 -0.49135852E-31
  0.61884400E+14  0.00000000E+00 -0.48967054E-31
  0.61929770E+14  0.00000000E+00 -0.48799009E-31
  0.61975140E+14  0.00000000E+00 -0.48631712E-31
  0.62020510E+14  0.00000000E+00 -0.48465159E-31
  0.62065879E+14  0.00000000E+00 -0.48299346E-31
  0.62111249E+14  0.00000000E+00 -0.48134269E-31
  0.62156619E+14  0.00000000E+00 -0.47969923E-31
  0.62201989E+14  0.00000000E+00 -0.47806305E-31
  0.62247359E+14  0.00000000E+00 -0.47643410E-31
  0.62292728E+14  0.00000000E+00 -0.47481235E-31
  0.62338098E+14  0.00000000E+00 -0.47319776E-31
  0.62383468E+14  0.00000000E+00 -0.47159028E-31
  0.62428838E+14  0.00000000E+00 -0.46998989E-31
  0.62474208E+14  0.00000000E+00 -0.46839653E-31
  0.62519577E+14  0.00000000E+00 -0.46681017E-31
  0.62564947E+14  0.00000000E+00 -0.46523077E-31
  0.62610317E+14  0.00000000E+00 -0.46365830E-31
  0.62655687E+14  0.00000000E+00 -0.46209271E-31
  0.62701057E+14  0.00000000E+00 -0.46053398E-31
  0.62746426E+14  0.00000000E+00 -0.45898205E-31
  0.62791796E+14  0.00000000E+00 -0.45743690E-31
  0.62837166E+14  0.00000000E+00 -0.45589848E-31
  0.62882536E+14  0.00000000E+00 -0.45436677E-31
  0.62927906E+14  0.00000000E+00 -0.45284172E-31
  0.62973275E+14  0.00000000E+00 -0.45132330E-31
  0.63018645E+14  0.00000000E+00 -0.44981147E-31
  0.63064015E+14  0.00000000E+00 -0.44830620E-31
  0.63109385E+14  0.00000000E+00 -0.44680745E-31
  0.63154755E+14  0.00000000E+00 -0.44531519E-31
  0.63200124E+14  0.00000000E+00 -0.44382938E-31
  0.63245494E+14  0.00000000E+00 -0.44234998E-31
  0.63290864E+14  0.00000000E+00 -0.44087697E-31
  0.63336234E+14  0.00000000E+00 -0.43941030E-31
  0.63381603E+14  0.00000000E+00 -0.43794995E-31
  0.63426973E+14  0.00000000E+00 -0.43649588E-31
  0.63472343E+14  0.00000000E+00 -0.43504805E-31
  0.63517713E+14  0.00000000E+00 -0.43360644E-31
  0.63563083E+14  0.00000000E+00 -0.43217100E-31
  0.63608452E+14  0.00000000E+00 -0.43074172E-31
  0.63653822E+14  0.00000000E+00 -0.42931854E-31
  0.63699192E+14  0.00000000E+00 -0.42790145E-31
  0.63744562E+14  0.00000000E+00 -0.42649041E-31
  0.63789932E+14  0.00000000E+00 -0.42508539E-31
  0.63835301E+14  0.00000000E+00 -0.42368635E-31
  0.63880671E+14  0.00000000E+00 -0.42229326E-31
  0.63926041E+14  0.00000000E+00 -0.42090610E-31
  0.63971411E+14  0.00000000E+00 -0.41952482E-31
  0.64016781E+14  0.00000000E+00 -0.41814941E-31
  0.64062150E+14  0.00000000E+00 -0.41677983E-31
  0.64107520E+14  0.00000000E+00 -0.41541604E-31
  0.64152890E+14  0.00000000E+00 -0.41405802E-31
  0.64198260E+14  0.00000000E+00 -0.41270574E-31
  0.64243630E+14  0.00000000E+00 -0.41135916E-31
  0.64288999E+14  0.00000000E+00 -0.41001826E-31
  0.64334369E+14  0.00000000E+00 -0.40868301E-31
  0.64379739E+14  0.00000000E+00 -0.40735338E-31
  0.64425109E+14  0.00000000E+00 -0.40602934E-31
  0.64470479E+14  0.00000000E+00 -0.40471085E-31
  0.64515848E+14  0.00000000E+00 -0.40339790E-31
  0.64561218E+14  0.00000000E+00 -0.40209044E-31
  0.64606588E+14  0.00000000E+00 -0.40078846E-31
  0.64651958E+14  0.00000000E+00 -0.39949193E-31
  0.64697328E+14  0.00000000E+00 -0.39820081E-31
  0.64742697E+14  0.00000000E+00 -0.39691507E-31
  0.64788067E+14  0.00000000E+00 -0.39563470E-31
  0.64833437E+14  0.00000000E+00 -0.39435966E-31
  0.64878807E+14  0.00000000E+00 -0.39308993E-31
  0.64924177E+14  0.00000000E+00 -0.39182547E-31
  0.64969546E+14  0.00000000E+00 -0.39056626E-31
  0.65014916E+14  0.00000000E+00 -0.38931228E-31
  0.65060286E+14  0.00000000E+00 -0.38806349E-31
  0.65105656E+14  0.00000000E+00 -0.38681987E-31
  0.65151025E+14  0.00000000E+00 -0.38558140E-31
  0.65196395E+14  0.00000000E+00 -0.38434804E-31
  0.65241765E+14  0.00000000E+00 -0.38311977E-31
  0.65287135E+14  0.00000000E+00 -0.38189657E-31
  0.65332505E+14  0.00000000E+00 -0.38067840E-31
  0.65377874E+14  0.00000000E+00 -0.37946525E-31
  0.65423244E+14  0.00000000E+00 -0.37825708E-31
  0.65468614E+14  0.00000000E+00 -0.37705388E-31
  0.65513984E+14  0.00000000E+00 -0.37585561E-31
  0.65559354E+14  0.00000000E+00 -0.37466225E-31
  0.65604723E+14  0.00000000E+00 -0.37347378E-31
  0.65650093E+14  0.00000000E+00 -0.37229017E-31
  0.65695463E+14  0.00000000E+00 -0.37111140E-31
  0.65740833E+14  0.00000000E+00 -0.36993744E-31
  0.65786203E+14  0.00000000E+00 -0.36876827E-31
  0.65831572E+14  0.00000000E+00 -0.36760386E-31
  0.65876942E+14  0.00000000E+00 -0.36644419E-31
  0.65922312E+14  0.00000000E+00 -0.36528924E-31
  0.65967682E+14  0.00000000E+00 -0.36413897E-31
  0.66013052E+14  0.00000000E+00 -0.36299338E-31
  0.66058421E+14  0.00000000E+00 -0.36185243E-31
  0.66103791E+14  0.00000000E+00 -0.36071611E-31
  0.66149161E+14  0.00000000E+00 -0.35958438E-31
  0.66194531E+14  0.00000000E+00 -0.35845723E-31
  0.66239901E+14  0.00000000E+00 -0.35733463E-31
  0.66285270E+14  0.00000000E+00 -0.35621656E-31
  0.66330640E+14  0.00000000E+00 -0.35510299E-31
  0.66376010E+14  0.00000000E+00 -0.35399391E-31
  0.66421380E+14  0.00000000E+00 -0.35288930E-31
  0.66466750E+14  0.00000000E+00 -0.35178912E-31
  0.66512119E+14  0.00000000E+00 -0.35069336E-31
  0.66557489E+14  0.00000000E+00 -0.34960200E-31
  0.66602859E+14  0.00000000E+00 -0.34851501E-31
  0.66648229E+14  0.00000000E+00 -0.34743237E-31
  0.66693599E+14  0.00000000E+00 -0.34635406E-31
  0.66738968E+14  0.00000000E+00 -0.34528007E-31
  0.66784338E+14  0.00000000E+00 -0.34421036E-31
  0.66829708E+14  0.00000000E+00 -0.34314491E-31
  0.66875078E+14  0.00000000E+00 -0.34208372E-31
  0.66920447E+14  0.00000000E+00 -0.34102675E-31
  0.66965817E+14  0.00000000E+00 -0.33997398E-31
  0.67011187E+14  0.00000000E+00 -0.33892539E-31
  0.67056557E+14  0.00000000E+00 -0.33788097E-31
  0.67101927E+14  0.00000000E+00 -0.33684069E-31
  0.67147296E+14  0.00000000E+00 -0.33580453E-31
  0.67192666E+14  0.00000000E+00 -0.33477247E-31
  0.67238036E+14  0.00000000E+00 -0.33374450E-31
  0.67283406E+14  0.00000000E+00 -0.33272059E-31
  0.67328776E+14  0.00000000E+00 -0.33170071E-31
  0.67374145E+14  0.00000000E+00 -0.33068486E-31
  0.67419515E+14  0.00000000E+00 -0.32967302E-31
  0.67464885E+14  0.00000000E+00 -0.32866515E-31
  0.67510255E+14  0.00000000E+00 -0.32766125E-31
  0.67555625E+14  0.00000000E+00 -0.32666130E-31
  0.67600994E+14  0.00000000E+00 -0.32566526E-31
  0.67646364E+14  0.00000000E+00 -0.32467314E-31
  0.67691734E+14  0.00000000E+00 -0.32368490E-31
  0.67737104E+14  0.00000000E+00 -0.32270053E-31
  0.67782474E+14  0.00000000E+00 -0.32172001E-31
  0.67827843E+14  0.00000000E+00 -0.32074332E-31
  0.67873213E+14  0.00000000E+00 -0.31977044E-31
  0.67918583E+14  0.00000000E+00 -0.31880136E-31
  0.67963953E+14  0.00000000E+00 -0.31783605E-31
  0.68009323E+14  0.00000000E+00 -0.31687450E-31
  0.68054692E+14  0.00000000E+00 -0.31591669E-31
  0.68100062E+14  0.00000000E+00 -0.31496260E-31
  0.68145432E+14  0.00000000E+00 -0.31401222E-31
  0.68190802E+14  0.00000000E+00 -0.31306552E-31
  0.68236172E+14  0.00000000E+00 -0.31212249E-31
  0.68281541E+14  0.00000000E+00 -0.31118311E-31
  0.68326911E+14  0.00000000E+00 -0.31024736E-31
  0.68372281E+14  0.00000000E+00 -0.30931523E-31
  0.68417651E+14  0.00000000E+00 -0.30838670E-31
  0.68463021E+14  0.00000000E+00 -0.30746175E-31
  0.68508390E+14  0.00000000E+00 -0.30654036E-31
  0.68553760E+14  0.00000000E+00 -0.30562252E-31
  0.68599130E+14  0.00000000E+00 -0.30470821E-31
  0.68644500E+14  0.00000000E+00 -0.30379742E-31
  0.68689869E+14  0.00000000E+00 -0.30289012E-31
  0.68735239E+14  0.00000000E+00 -0.30198630E-31
  0.68780609E+14  0.00000000E+00 -0.30108595E-31
  0.68825979E+14  0.00000000E+00 -0.30018904E-31
  0.68871349E+14  0.00000000E+00 -0.29929557E-31
  0.68916718E+14  0.00000000E+00 -0.29840551E-31
  0.68962088E+14  0.00000000E+00 -0.29751885E-31
  0.69007458E+14  0.00000000E+00 -0.29663557E-31
  0.69052828E+14  0.00000000E+00 -0.29575566E-31
  0.69098198E+14  0.00000000E+00 -0.29487910E-31
  0.69143567E+14  0.00000000E+00 -0.29400588E-31
  0.69188937E+14  0.00000000E+00 -0.29313597E-31
  0.69234307E+14  0.00000000E+00 -0.29226937E-31
  0.69279677E+14  0.00000000E+00 -0.29140606E-31
  0.69325047E+14  0.00000000E+00 -0.29054603E-31
  0.69370416E+14  0.00000000E+00 -0.28968925E-31
  0.69415786E+14  0.00000000E+00 -0.28883571E-31
  0.69461156E+14  0.00000000E+00 -0.28798540E-31
  0.69506526E+14  0.00000000E+00 -0.28713830E-31
  0.69551896E+14  0.00000000E+00 -0.28629441E-31
  0.69597265E+14  0.00000000E+00 -0.28545369E-31
  0.69642635E+14  0.00000000E+00 -0.28461614E-31
  0.69688005E+14  0.00000000E+00 -0.28378175E-31
  0.69733375E+14  0.00000000E+00 -0.28295049E-31
  0.69778745E+14  0.00000000E+00 -0.28212236E-31
  0.69824114E+14  0.00000000E+00 -0.28129734E-31
  0.69869484E+14  0.00000000E+00 -0.28047541E-31
  0.69914854E+14  0.00000000E+00 -0.27965656E-31
  0.69960224E+14  0.00000000E+00 -0.27884078E-31
  0.70005594E+14  0.00000000E+00 -0.27802805E-31
  0.70050963E+14  0.00000000E+00 -0.27721836E-31
  0.70096333E+14  0.00000000E+00 -0.27641170E-31
  0.70141703E+14  0.00000000E+00 -0.27560804E-31
  0.70187073E+14  0.00000000E+00 -0.27480739E-31
  0.70232443E+14  0.00000000E+00 -0.27400971E-31
  0.70277812E+14  0.00000000E+00 -0.27321500E-31
  0.70323182E+14  0.00000000E+00 -0.27242325E-31
  0.70368552E+14  0.00000000E+00 -0.27163444E-31
  0.70413922E+14  0.00000000E+00 -0.27084856E-31
  0.70459291E+14  0.00000000E+00 -0.27006560E-31
  0.70504661E+14  0.00000000E+00 -0.26928553E-31
  0.70550031E+14  0.00000000E+00 -0.26850836E-31
  0.70595401E+14  0.00000000E+00 -0.26773406E-31
  0.70640771E+14  0.00000000E+00 -0.26696262E-31
  0.70686140E+14  0.00000000E+00 -0.26619403E-31
  0.70731510E+14  0.00000000E+00 -0.26542828E-31
  0.70776880E+14  0.00000000E+00 -0.26466535E-31
  0.70822250E+14  0.00000000E+00 -0.26390523E-31
  0.70867620E+14  0.00000000E+00 -0.26314791E-31
  0.70912989E+14  0.00000000E+00 -0.26239338E-31
  0.70958359E+14  0.00000000E+00 -0.26164161E-31
  0.71003729E+14  0.00000000E+00 -0.26089261E-31
  0.71049099E+14  0.00000000E+00 -0.26014635E-31
  0.71094469E+14  0.00000000E+00 -0.25940283E-31
  0.71139838E+14  0.00000000E+00 -0.25866203E-31
  0.71185208E+14  0.00000000E+00 -0.25792394E-31
  0.71230578E+14  0.00000000E+00 -0.25718855E-31
  0.71275948E+14  0.00000000E+00 -0.25645585E-31
  0.71321318E+14  0.00000000E+00 -0.25572582E-31
  0.71366687E+14  0.00000000E+00 -0.25499845E-31
  0.71412057E+14  0.00000000E+00 -0.25427373E-31
  0.71457427E+14  0.00000000E+00 -0.25355165E-31
  0.71502797E+14  0.00000000E+00 -0.25283220E-31
  0.71548167E+14  0.00000000E+00 -0.25211536E-31
  0.71593536E+14  0.00000000E+00 -0.25140112E-31
  0.71638906E+14  0.00000000E+00 -0.25068948E-31
  0.71684276E+14  0.00000000E+00 -0.24998041E-31
  0.71729646E+14  0.00000000E+00 -0.24927391E-31
  0.71775016E+14  0.00000000E+00 -0.24856997E-31
  0.71820385E+14  0.00000000E+00 -0.24786858E-31
  0.71865755E+14  0.00000000E+00 -0.24716971E-31
  0.71911125E+14  0.00000000E+00 -0.24647337E-31
  0.71956495E+14  0.00000000E+00 -0.24577955E-31
  0.72001865E+14  0.00000000E+00 -0.24508822E-31
  0.72047234E+14  0.00000000E+00 -0.24439938E-31
  0.72092604E+14  0.00000000E+00 -0.24371302E-31
  0.72137974E+14  0.00000000E+00 -0.24302913E-31
  0.72183344E+14  0.00000000E+00 -0.24234769E-31
  0.72228713E+14  0.00000000E+00 -0.24166870E-31
  0.72274083E+14  0.00000000E+00 -0.24099214E-31
  0.72319453E+14  0.00000000E+00 -0.24031801E-31
  0.72364823E+14  0.00000000E+00 -0.23964629E-31
  0.72410193E+14  0.00000000E+00 -0.23897698E-31
  0.72455562E+14  0.00000000E+00 -0.23831005E-31
  0.72500932E+14  0.00000000E+00 -0.23764551E-31
  0.72546302E+14  0.00000000E+00 -0.23698334E-31
  0.72591672E+14  0.00000000E+00 -0.23632353E-31
  0.72637042E+14  0.00000000E+00 -0.23566607E-31
  0.72682411E+14  0.00000000E+00 -0.23501094E-31
  0.72727781E+14  0.00000000E+00 -0.23435815E-31
  0.72773151E+14  0.00000000E+00 -0.23370768E-31
  0.72818521E+14  0.00000000E+00 -0.23305952E-31
  0.72863891E+14  0.00000000E+00 -0.23241366E-31
  0.72909260E+14  0.00000000E+00 -0.23177009E-31
  0.72954630E+14  0.00000000E+00 -0.23112879E-31
  0.73000000E+14  0.00000000E+00 -0.23048977E-31
