  0.45369795E+11 -0.24652925E-30  0.44746548E-29
  0.90739590E+11 -0.28894808E-30  0.43158970E-29
  0.13610938E+12 -0.36934429E-30  0.42150353E-29
  0.18147918E+12 -0.47121625E-30  0.40459543E-29
  0.22684897E+12 -0.47007483E-30  0.37551427E-29
  0.27221877E+12 -0.21083167E-30  0.34924781E-29
  0.31758856E+12  0.16724694E-30  0.35090938E-29
  0.36295836E+12  0.36056957E-30  0.37498187E-29
  0.40832815E+12  0.37585344E-30  0.39699652E-29
  0.45369795E+12  0.28114659E-30  0.41285580E-29
  0.49906774E+12  0.12871176E-30  0.42017684E-29
  0.54443754E+12 -0.53783559E-31  0.41088725E-29
  0.58980733E+12 -0.49268787E-31  0.39335913E-29
  0.63517713E+12  0.57166002E-31  0.38099689E-29
  0.68054692E+12  0.25491550E-30  0.38096867E-29
  0.72591672E+12  0.33574743E-30  0.39444660E-29
  0.77128651E+12  0.32706080E-30  0.40450682E-29
  0.81665631E+12  0.28502046E-30  0.40933329E-29
  0.86202610E+12  0.23778528E-30  0.41156500E-29
  0.90739590E+12  0.20497506E-30  0.40658362E-29
  0.95276569E+12  0.25141090E-30  0.40231097E-29
  0.99813549E+12  0.31452588E-30  0.40262443E-29
  0.10435053E+13  0.38478273E-30  0.40780217E-29
  0.10888751E+13  0.38380227E-30  0.41456120E-29
  0.11342449E+13  0.37744189E-30  0.41840041E-29
  0.11796147E+13  0.37089227E-30  0.42113456E-29
  0.12249845E+13  0.34959674E-30  0.42368885E-29
  0.12703543E+13  0.33981504E-30  0.42329605E-29
  0.13157241E+13  0.35441502E-30  0.42305773E-29
  0.13610938E+13  0.37017525E-30  0.42185667E-29
  0.14064636E+13  0.43216384E-30  0.42357311E-29
  0.14518334E+13  0.47835101E-30  0.42861153E-29
  0.14972032E+13  0.50304337E-30  0.43667148E-29
  0.15425730E+13  0.45950944E-30  0.44390412E-29
  0.15879428E+13  0.41289715E-30  0.44477890E-29
  0.16333126E+13  0.40873781E-30  0.44249786E-29
  0.16786824E+13  0.44523517E-30  0.44276630E-29
  0.17240522E+13  0.48776667E-30  0.44638822E-29
  0.17694220E+13  0.50493520E-30  0.45203315E-29
  0.18147918E+13  0.50548473E-30  0.45827527E-29
  0.18601616E+13  0.47761955E-30  0.46390892E-29
  0.19055314E+13  0.42283521E-30  0.46496028E-29
  0.19509012E+13  0.43653581E-30  0.46210382E-29
  0.19962710E+13  0.48930445E-30  0.46267735E-29
  0.20416408E+13  0.54180102E-30  0.46945761E-29
  0.20870106E+13  0.53779619E-30  0.47878658E-29
  0.21323804E+13  0.50371123E-30  0.48456451E-29
  0.21777502E+13  0.47679026E-30  0.48764594E-29
  0.22231200E+13  0.45736913E-30  0.49052871E-29
  0.22684897E+13  0.44222356E-30  0.49153027E-29
  0.23138595E+13  0.45457581E-30  0.49345954E-29
  0.23592293E+13  0.46887146E-30  0.49698026E-29
  0.24045991E+13  0.48181549E-30  0.50231803E-29
  0.24499689E+13  0.47121927E-30  0.50781649E-29
  0.24953387E+13  0.46468038E-30  0.51232694E-29
  0.25407085E+13  0.45601097E-30  0.51764524E-29
  0.25860783E+13  0.43256124E-30  0.52245372E-29
  0.26314481E+13  0.41067059E-30  0.52683969E-29
  0.26768179E+13  0.38347098E-30  0.52924324E-29
  0.27221877E+13  0.39214303E-30  0.53189023E-29
  0.27675575E+13  0.40166876E-30  0.53697901E-29
  0.28129273E+13  0.39530594E-30  0.54405103E-29
  0.28582971E+13  0.35966923E-30  0.55070839E-29
  0.29036669E+13  0.30709763E-30  0.55455307E-29
  0.29490367E+13  0.28381261E-30  0.55530454E-29
  0.29944065E+13  0.29213462E-30  0.55785100E-29
  0.30397763E+13  0.30351826E-30  0.56229452E-29
  0.30851461E+13  0.31639172E-30  0.57004777E-29
  0.31305158E+13  0.28854348E-30  0.57920508E-29
  0.31758856E+13  0.22971865E-30  0.58674373E-29
  0.32212554E+13  0.15551515E-30  0.59052689E-29
  0.32666252E+13  0.11500406E-30  0.59037890E-29
  0.33119950E+13  0.11610831E-30  0.59197103E-29
  0.33573648E+13  0.12331611E-30  0.59657439E-29
  0.34027346E+13  0.12232362E-30  0.60395262E-29
  0.34481044E+13  0.88379341E-31  0.61138417E-29
  0.34934742E+13  0.48143758E-31  0.61788891E-29
  0.35388440E+13  0.11181920E-32  0.62354004E-29
  0.35842138E+13 -0.51936656E-31  0.62793511E-29
  0.36295836E+13 -0.83259291E-31  0.63162839E-29
  0.36749534E+13 -0.11624478E-30  0.63628377E-29
  0.37203232E+13 -0.14451665E-30  0.64082597E-29
  0.37656930E+13 -0.17489245E-30  0.64673163E-29
  0.38110628E+13 -0.21505742E-30  0.65246377E-29
  0.38564326E+13 -0.25420125E-30  0.65849868E-29
  0.39018024E+13 -0.31607205E-30  0.66419594E-29
  0.39471722E+13 -0.36431845E-30  0.66778940E-29
  0.39925420E+13 -0.40509044E-30  0.67161948E-29
  0.40379117E+13 -0.42977389E-30  0.67595341E-29
  0.40832815E+13 -0.45713427E-30  0.68293022E-29
  0.41286513E+13 -0.50343703E-30  0.69087535E-29
  0.41740211E+13 -0.57750901E-30  0.69835776E-29
  0.42193909E+13 -0.66358485E-30  0.70321006E-29
  0.42647607E+13 -0.73641898E-30  0.70503418E-29
  0.43101305E+13 -0.77548655E-30  0.70707648E-29
  0.43555003E+13 -0.80236587E-30  0.71143006E-29
  0.44008701E+13 -0.83193173E-30  0.71818443E-29
  0.44462399E+13 -0.88614906E-30  0.72604574E-29
  0.44916097E+13 -0.95959073E-30  0.73351939E-29
  0.45369795E+13 -0.10515528E-29  0.73928074E-29
  0.45823493E+13 -0.11338505E-29  0.74177867E-29
  0.46277191E+13 -0.11882434E-29  0.74483588E-29
  0.46730889E+13 -0.12404618E-29  0.74979283E-29
  0.47184587E+13 -0.12971643E-29  0.75593314E-29
  0.47638285E+13 -0.13744958E-29  0.76165486E-29
  0.48091983E+13 -0.14485402E-29  0.76679414E-29
  0.48545681E+13 -0.15307075E-29  0.77184307E-29
  0.48999378E+13 -0.16126751E-29  0.77517311E-29
  0.49453076E+13 -0.16780767E-29  0.77885777E-29
  0.49906774E+13 -0.17403294E-29  0.78406574E-29
  0.50360472E+13 -0.18132940E-29  0.79019933E-29
  0.50814170E+13 -0.19016372E-29  0.79601911E-29
  0.51267868E+13 -0.19936860E-29  0.80133241E-29
  0.51721566E+13 -0.20957324E-29  0.80579091E-29
  0.52175264E+13 -0.21952356E-29  0.80843758E-29
  0.52628962E+13 -0.22769903E-29  0.81096692E-29
  0.53082660E+13 -0.23529849E-29  0.81394335E-29
  0.53536358E+13 -0.24193297E-29  0.81866962E-29
  0.53990056E+13 -0.25040219E-29  0.82468785E-29
  0.54443754E+13 -0.26034464E-29  0.83102796E-29
  0.54897452E+13 -0.27230237E-29  0.83604511E-29
  0.55351150E+13 -0.28434892E-29  0.83822216E-29
  0.55804848E+13 -0.29404901E-29  0.84024246E-29
  0.56258546E+13 -0.30331314E-29  0.84258174E-29
  0.56712244E+13 -0.31189217E-29  0.84648396E-29
  0.57165942E+13 -0.32183751E-29  0.85128315E-29
  0.57619640E+13 -0.33345104E-29  0.85588064E-29
  0.58073337E+13 -0.34625025E-29  0.85900409E-29
  0.58527035E+13 -0.35773627E-29  0.85986126E-29
  0.58980733E+13 -0.36747124E-29  0.86161849E-29
  0.59434431E+13 -0.37701002E-29  0.86483842E-29
  0.59888129E+13 -0.38764381E-29  0.86966485E-29
  0.60341827E+13 -0.40086634E-29  0.87411153E-29
  0.60795525E+13 -0.41484528E-29  0.87676424E-29
  0.61249223E+13 -0.42901105E-29  0.87793671E-29
  0.61702921E+13 -0.44167956E-29  0.87724099E-29
  0.62156619E+13 -0.45245597E-29  0.87738972E-29
  0.62610317E+13 -0.46251436E-29  0.87906821E-29
  0.63064015E+13 -0.47396173E-29  0.88281474E-29
  0.63517713E+13 -0.48753430E-29  0.88622566E-29
  0.63971411E+13 -0.50239364E-29  0.88845982E-29
  0.64425109E+13 -0.51804839E-29  0.88906878E-29
  0.64878807E+13 -0.53206216E-29  0.88792891E-29
  0.65332505E+13 -0.54496316E-29  0.88720440E-29
  0.65786203E+13 -0.55723714E-29  0.88753816E-29
  0.66239901E+13 -0.57073250E-29  0.88887364E-29
  0.66693599E+13 -0.58543623E-29  0.89003508E-29
  0.67147296E+13 -0.60151803E-29  0.89024546E-29
  0.67600994E+13 -0.61728185E-29  0.88777706E-29
  0.68054692E+13 -0.63077255E-29  0.88573244E-29
  0.68508390E+13 -0.64419497E-29  0.88477000E-29
  0.68962088E+13 -0.65811905E-29  0.88503647E-29
  0.69415786E+13 -0.67387042E-29  0.88543011E-29
  0.69869484E+13 -0.69141673E-29  0.88468321E-29
  0.70323182E+13 -0.70953113E-29  0.88169099E-29
  0.70776880E+13 -0.72545348E-29  0.87687767E-29
  0.71230578E+13 -0.74032669E-29  0.87257157E-29
  0.71684276E+13 -0.75408728E-29  0.86950213E-29
  0.72137974E+13 -0.76938737E-29  0.86785679E-29
  0.72591672E+13 -0.78585823E-29  0.86577300E-29
  0.73045370E+13 -0.80375401E-29  0.86332208E-29
  0.73499068E+13 -0.82252611E-29  0.85820585E-29
  0.73952766E+13 -0.83940913E-29  0.85241587E-29
  0.74406464E+13 -0.85611967E-29  0.84669140E-29
  0.74860162E+13 -0.87214305E-29  0.84121057E-29
  0.75313860E+13 -0.88917545E-29  0.83638853E-29
  0.75767557E+13 -0.90706922E-29  0.83109237E-29
  0.76221255E+13 -0.92616987E-29  0.82434919E-29
  0.76674953E+13 -0.94355287E-29  0.81588943E-29
  0.77128651E+13 -0.96021634E-29  0.80790766E-29
  0.77582349E+13 -0.97644266E-29  0.80104820E-29
  0.78036047E+13 -0.99439061E-29  0.79477557E-29
  0.78489745E+13 -0.10139246E-28  0.78768605E-29
  0.78943443E+13 -0.10347552E-28  0.77825044E-29
  0.79397141E+13 -0.10540161E-28  0.76609936E-29
  0.79850839E+13 -0.10709217E-28  0.75396212E-29
  0.80304537E+13 -0.10867383E-28  0.74331123E-29
  0.80758235E+13 -0.11039449E-28  0.73433982E-29
  0.81211933E+13 -0.11232738E-28  0.72471403E-29
  0.81665631E+13 -0.11440930E-28  0.71328682E-29
  0.82119329E+13 -0.11639410E-28  0.69838647E-29
  0.82573027E+13 -0.11813471E-28  0.68371850E-29
  0.83026725E+13 -0.11980970E-28  0.67018906E-29
  0.83480423E+13 -0.12165083E-28  0.65741910E-29
  0.83934121E+13 -0.12362891E-28  0.64331987E-29
  0.84387819E+13 -0.12568096E-28  0.62730121E-29
  0.84841516E+13 -0.12758935E-28  0.60825442E-29
  0.85295214E+13 -0.12918018E-28  0.58964380E-29
  0.85748912E+13 -0.13079107E-28  0.57313544E-29
  0.86202610E+13 -0.13256830E-28  0.55699756E-29
  0.86656308E+13 -0.13455296E-28  0.53959885E-29
  0.87110006E+13 -0.13654742E-28  0.51930230E-29
  0.87563704E+13 -0.13840844E-28  0.49653862E-29
  0.88017402E+13 -0.14005953E-28  0.47367638E-29
  0.88471100E+13 -0.14161936E-28  0.45125994E-29
  0.88924798E+13 -0.14331039E-28  0.42950364E-29
  0.89378496E+13 -0.14498046E-28  0.40557273E-29
  0.89832194E+13 -0.14666490E-28  0.38109332E-29
  0.90285892E+13 -0.14827090E-28  0.35456554E-29
  0.90739590E+13 -0.14972995E-28  0.32781211E-29
  0.91193288E+13 -0.15121515E-28  0.30110511E-29
  0.91646986E+13 -0.15271397E-28  0.27317770E-29
  0.92100684E+13 -0.15423710E-28  0.24339322E-29
  0.92554382E+13 -0.15563988E-28  0.21224579E-29
  0.93008080E+13 -0.15690256E-28  0.17884656E-29
  0.93461778E+13 -0.15794229E-28  0.14519708E-29
  0.93915475E+13 -0.15887015E-28  0.11183112E-29
  0.94369173E+13 -0.15982862E-28  0.78743129E-30
  0.94822871E+13 -0.16085089E-28  0.44021097E-30
  0.95276569E+13 -0.16187498E-28  0.57894112E-31
  0.95730267E+13 -0.16259409E-28 -0.34713315E-30
  0.96183965E+13 -0.16293952E-28 -0.76479235E-30
  0.96637663E+13 -0.16314941E-28 -0.11666543E-29
  0.97091361E+13 -0.16336317E-28 -0.15784061E-29
  0.97545059E+13 -0.16354861E-28 -0.20200495E-29
  0.97998757E+13 -0.16335020E-28 -0.24968594E-29
  0.98452455E+13 -0.16267859E-28 -0.29832092E-29
  0.98906153E+13 -0.16163315E-28 -0.34568402E-29
  0.99359851E+13 -0.16051078E-28 -0.39289564E-29
  0.99813549E+13 -0.15929790E-28 -0.44408321E-29
  0.10026725E+14 -0.15749641E-28 -0.50070708E-29
  0.10072094E+14 -0.15461790E-28 -0.55911367E-29
  0.10117464E+14 -0.15087587E-28 -0.61574207E-29
  0.10162834E+14 -0.14635787E-28 -0.67249970E-29
  0.10208204E+14 -0.14036964E-28 -0.73268018E-29
  0.10253574E+14 -0.13116950E-28 -0.79999863E-29
  0.10298943E+14 -0.10877822E-28 -0.76685766E-29
  0.10344313E+14 -0.11100260E-28 -0.64447815E-29
  0.10389683E+14 -0.11113458E-28 -0.61001974E-29
  0.10435053E+14 -0.11192335E-28 -0.59324433E-29
  0.10480423E+14 -0.11190617E-28 -0.58485429E-29
  0.10525792E+14 -0.11141775E-28 -0.58620757E-29
  0.10571162E+14 -0.11057107E-28 -0.58378355E-29
  0.10616532E+14 -0.11070290E-28 -0.57807482E-29
  0.10661902E+14 -0.11042402E-28 -0.58420088E-29
  0.10707272E+14 -0.11056250E-28 -0.59060011E-29
  0.10752641E+14 -0.10974361E-28 -0.59472887E-29
  0.10798011E+14 -0.10950291E-28 -0.60463670E-29
  0.10843381E+14 -0.10920286E-28 -0.60781077E-29
  0.10888751E+14 -0.10886674E-28 -0.61953809E-29
  0.10934121E+14 -0.10858620E-28 -0.62935023E-29
  0.10979490E+14 -0.10774164E-28 -0.64256287E-29
  0.11024860E+14 -0.10694893E-28 -0.64803542E-29
  0.11070230E+14 -0.10692073E-28 -0.65682503E-29
  0.11115600E+14 -0.10646589E-28 -0.66900636E-29
  0.11160970E+14 -0.10620181E-28 -0.68456083E-29
  0.11206339E+14 -0.10487622E-28 -0.69619834E-29
  0.11251709E+14 -0.10471186E-28 -0.70392608E-29
  0.11297079E+14 -0.10414526E-28 -0.71949957E-29
  0.11342449E+14 -0.10368070E-28 -0.73254492E-29
  0.11387819E+14 -0.10259047E-28 -0.74881500E-29
  0.11433188E+14 -0.10170705E-28 -0.75605167E-29
  0.11478558E+14 -0.10159816E-28 -0.77018212E-29
  0.11523928E+14 -0.10072979E-28 -0.78693675E-29
  0.11569298E+14 -0.99878798E-29 -0.80068934E-29
  0.11614667E+14 -0.99061969E-29 -0.81464802E-29
  0.11660037E+14 -0.98300292E-29 -0.82796511E-29
  0.11705407E+14 -0.97668043E-29 -0.84641965E-29
  0.11750777E+14 -0.96198087E-29 -0.86214018E-29
  0.11796147E+14 -0.95407610E-29 -0.87097259E-29
  0.11841516E+14 -0.95004955E-29 -0.88867118E-29
  0.11886886E+14 -0.93825633E-29 -0.90709985E-29
  0.11932256E+14 -0.92739411E-29 -0.92480077E-29
  0.11977626E+14 -0.91364397E-29 -0.93835527E-29
  0.12022996E+14 -0.90849221E-29 -0.95266933E-29
  0.12068365E+14 -0.89691186E-29 -0.97619007E-29
  0.12113735E+14 -0.88078512E-29 -0.99139365E-29
  0.12159105E+14 -0.87196494E-29 -0.10082229E-28
  0.12204475E+14 -0.85766960E-29 -0.10276478E-28
  0.12249845E+14 -0.84594575E-29 -0.10457057E-28
  0.12295214E+14 -0.83344383E-29 -0.10669863E-28
  0.12340584E+14 -0.81997258E-29 -0.10892873E-28
  0.12385954E+14 -0.80336850E-29 -0.11156248E-28
  0.12431324E+14 -0.78047701E-29 -0.11382092E-28
  0.12476694E+14 -0.76115964E-29 -0.11633580E-28
  0.12522063E+14 -0.73180403E-29 -0.11860363E-28
  0.12567433E+14 -0.71086751E-29 -0.12012399E-28
  0.12612803E+14 -0.68557458E-29 -0.12312469E-28
  0.12658173E+14 -0.65294920E-29 -0.12506800E-28
  0.12703543E+14 -0.62161892E-29 -0.12724414E-28
  0.12748912E+14 -0.58792284E-29 -0.12914261E-28
  0.12794282E+14 -0.55003450E-29 -0.13101591E-28
  0.12839652E+14 -0.51219628E-29 -0.13255583E-28
  0.12885022E+14 -0.47129353E-29 -0.13383619E-28
  0.12930392E+14 -0.43485769E-29 -0.13499816E-28
  0.12975761E+14 -0.39416645E-29 -0.13618495E-28
  0.13021131E+14 -0.37252937E-29 -0.13533036E-28
  0.13066501E+14 -0.37991819E-29 -0.14318904E-28
  0.13111871E+14 -0.28345999E-29 -0.15481306E-28
  0.13157241E+14 -0.10570327E-29 -0.15848761E-28
  0.13202610E+14  0.78771236E-30 -0.15510388E-28
  0.13247980E+14  0.25471043E-29 -0.14550713E-28
  0.13293350E+14  0.40413924E-29 -0.12905868E-28
  0.13338720E+14  0.50439808E-29 -0.99475586E-29
  0.13384089E+14  0.27872441E-29 -0.79004012E-29
  0.13429459E+14  0.17863106E-29 -0.76734669E-29
  0.13474829E+14  0.11346205E-29 -0.74092595E-29
  0.13520199E+14  0.59658948E-30 -0.71975792E-29
  0.13565569E+14  0.12488258E-30 -0.70210574E-29
  0.13610938E+14 -0.33821201E-30 -0.69002328E-29
  0.13656308E+14 -0.74676339E-30 -0.68334332E-29
  0.13701678E+14 -0.11759549E-29 -0.67908732E-29
  0.13747048E+14 -0.15906572E-29 -0.68363418E-29
  0.13792418E+14 -0.19581231E-29 -0.69076285E-29
  0.13837787E+14 -0.23440052E-29 -0.70286760E-29
  0.13883157E+14 -0.27071012E-29 -0.72168412E-29
  0.13928527E+14 -0.30582576E-29 -0.74565782E-29
  0.13973897E+14 -0.33884274E-29 -0.77496342E-29
  0.14019267E+14 -0.37211423E-29 -0.81178364E-29
  0.14064636E+14 -0.39721030E-29 -0.85734074E-29
  0.14110006E+14 -0.42116950E-29 -0.90499593E-29
  0.14155376E+14 -0.44132498E-29 -0.96683787E-29
  0.14200746E+14 -0.45191781E-29 -0.10346487E-28
  0.14246116E+14 -0.45598391E-29 -0.11186618E-28
  0.14291485E+14 -0.44353073E-29 -0.12152959E-28
  0.14336855E+14 -0.40004993E-29 -0.13510920E-28
  0.14382225E+14 -0.24354566E-29 -0.14460054E-28
  0.14427595E+14 -0.10969438E-29 -0.14470213E-28
  0.14472965E+14 -0.51517107E-31 -0.14280073E-28
  0.14518334E+14  0.74091676E-30 -0.13964935E-28
  0.14563704E+14  0.14589880E-29 -0.13576546E-28
  0.14609074E+14  0.21011292E-29 -0.13184169E-28
  0.14654444E+14  0.25272960E-29 -0.12682374E-28
  0.14699814E+14  0.29504496E-29 -0.12124923E-28
  0.14745183E+14  0.32283743E-29 -0.11558121E-28
  0.14790553E+14  0.33756298E-29 -0.10885895E-28
  0.14835923E+14  0.34503871E-29 -0.10069385E-28
  0.14881293E+14  0.25906637E-29 -0.91416256E-29
  0.14926663E+14  0.18052854E-29 -0.91552234E-29
  0.14972032E+14  0.10488981E-29 -0.93111097E-29
  0.15017402E+14  0.46609206E-30 -0.98649650E-29
  0.15062772E+14  0.78978120E-31 -0.10690837E-28
  0.15108142E+14  0.14087215E-30 -0.11470682E-28
  0.15153511E+14  0.34718416E-30 -0.12229232E-28
  0.15198881E+14  0.73992724E-30 -0.12892892E-28
  0.15244251E+14  0.11987173E-29 -0.13567347E-28
  0.15289621E+14  0.18549474E-29 -0.14105004E-28
  0.15334991E+14  0.25563183E-29 -0.14551560E-28
  0.15380360E+14  0.33459058E-29 -0.14912062E-28
  0.15425730E+14  0.42484308E-29 -0.15084742E-28
  0.15471100E+14  0.50641728E-29 -0.15212216E-28
  0.15516470E+14  0.58905386E-29 -0.15201630E-28
  0.15561840E+14  0.66901728E-29 -0.15180994E-28
  0.15607209E+14  0.75348903E-29 -0.15077725E-28
  0.15652579E+14  0.83357576E-29 -0.14956694E-28
  0.15697949E+14  0.92787449E-29 -0.14749422E-28
  0.15743319E+14  0.10116025E-28 -0.14378262E-28
  0.15788689E+14  0.10956459E-28 -0.13981069E-28
  0.15834058E+14  0.11733773E-28 -0.13527257E-28
  0.15879428E+14  0.12492630E-28 -0.13004709E-28
  0.15924798E+14  0.13250049E-28 -0.12428472E-28
  0.15970168E+14  0.13954868E-28 -0.11795903E-28
  0.16015538E+14  0.14650719E-28 -0.11127165E-28
  0.16060907E+14  0.15305518E-28 -0.10413620E-28
  0.16106277E+14  0.15968043E-28 -0.96108812E-29
  0.16151647E+14  0.16597309E-28 -0.87519540E-29
  0.16197017E+14  0.17228388E-28 -0.78062911E-29
  0.16242387E+14  0.17817778E-28 -0.67881681E-29
  0.16287756E+14  0.18373757E-28 -0.56257203E-29
  0.16333126E+14  0.19005128E-28 -0.42862753E-29
  0.16378496E+14  0.19581897E-28 -0.25794153E-29
  0.16423866E+14  0.20255531E-28  0.25816506E-30
  0.16469236E+14  0.17395505E-28  0.27393674E-29
  0.16514605E+14  0.15831578E-28  0.29224311E-29
  0.16559975E+14  0.14818246E-28  0.31575190E-29
  0.16605345E+14  0.14045076E-28  0.33648638E-29
  0.16650715E+14  0.13433117E-28  0.35557535E-29
  0.16696085E+14  0.12901678E-28  0.37640306E-29
  0.16741454E+14  0.12452543E-28  0.39870565E-29
  0.16786824E+14  0.12016229E-28  0.41717471E-29
  0.16832194E+14  0.11671708E-28  0.43594304E-29
  0.16877564E+14  0.11385212E-28  0.45648453E-29
  0.16922933E+14  0.11084056E-28  0.47781763E-29
  0.16968303E+14  0.10888945E-28  0.49589336E-29
  0.17013673E+14  0.10753062E-28  0.51413322E-29
  0.17059043E+14  0.10748818E-28  0.52869025E-29
  0.17104413E+14  0.11314914E-28  0.58508899E-29
  0.17149782E+14  0.11498633E-28  0.69850955E-29
  0.17195152E+14  0.11460000E-28  0.85457620E-29
  0.17240522E+14  0.96142261E-29  0.10901913E-28
  0.17285892E+14  0.77040891E-29  0.10865053E-28
  0.17331262E+14  0.64171466E-29  0.10770247E-28
  0.17376631E+14  0.53483356E-29  0.10626809E-28
  0.17422001E+14  0.44347812E-29  0.10456346E-28
  0.17467371E+14  0.35506743E-29  0.10313142E-28
  0.17512741E+14  0.27478017E-29  0.10072391E-28
  0.17558111E+14  0.19777514E-29  0.98854209E-29
  0.17603480E+14  0.11994740E-29  0.96073468E-29
  0.17648850E+14  0.46130181E-30  0.93461319E-29
  0.17694220E+14 -0.27601483E-30  0.89967375E-29
  0.17739590E+14 -0.10783718E-29  0.86174295E-29
  0.17784960E+14 -0.18343538E-29  0.81252471E-29
  0.17830329E+14 -0.27362525E-29  0.74584747E-29
  0.17875699E+14 -0.35414484E-29  0.59168586E-29
  0.17921069E+14 -0.26043614E-29  0.48888254E-29
  0.17966439E+14 -0.27105742E-29  0.47456810E-29
  0.18011809E+14 -0.27767061E-29  0.43150840E-29
  0.18057178E+14 -0.28298679E-29  0.39022842E-29
  0.18102548E+14 -0.28727290E-29  0.34782915E-29
  0.18147918E+14 -0.28693528E-29  0.30706878E-29
  0.18193288E+14 -0.28647575E-29  0.26939811E-29
  0.18238658E+14 -0.28275141E-29  0.23057797E-29
  0.18284027E+14 -0.27674483E-29  0.19608553E-29
  0.18329397E+14 -0.27026500E-29  0.16097348E-29
  0.18374767E+14 -0.25904051E-29  0.12781680E-29
  0.18420137E+14 -0.24825036E-29  0.97515777E-30
  0.18465507E+14 -0.23166881E-29  0.65730088E-30
  0.18510876E+14 -0.21001269E-29  0.37899718E-30
  0.18556246E+14 -0.18552437E-29  0.25050825E-30
  0.18601616E+14 -0.16956996E-29  0.11740234E-30
  0.18646986E+14 -0.15429393E-29 -0.30448470E-31
  0.18692356E+14 -0.13789121E-29 -0.14277582E-30
  0.18737725E+14 -0.12032517E-29 -0.26552778E-30
  0.18783095E+14 -0.10383621E-29 -0.34773101E-30
  0.18828465E+14 -0.85062239E-30 -0.42068401E-30
  0.18873835E+14 -0.67544745E-30 -0.47080683E-30
  0.18919204E+14 -0.49575763E-30 -0.49200913E-30
  0.18964574E+14 -0.30328739E-30 -0.48001834E-30
  0.19009944E+14 -0.99429114E-31 -0.41549794E-30
  0.19055314E+14  0.00000000E+00 -0.22618702E-30
  0.19100684E+14  0.00000000E+00 -0.13352467E-30
  0.19146053E+14  0.00000000E+00 -0.79085102E-31
  0.19191423E+14  0.00000000E+00 -0.43279557E-31
  0.19236793E+14  0.00000000E+00 -0.18949874E-31
  0.19282163E+14  0.00000000E+00 -0.24054756E-32
  0.19327533E+14  0.00000000E+00  0.85615803E-32
  0.19372902E+14  0.00000000E+00  0.15392483E-31
  0.19418272E+14  0.00000000E+00  0.19083562E-31
  0.19463642E+14  0.00000000E+00  0.20352211E-31
  0.19509012E+14  0.00000000E+00  0.19730836E-31
  0.19554382E+14  0.00000000E+00  0.17623850E-31
  0.19599751E+14  0.00000000E+00  0.14344121E-31
  0.19645121E+14  0.00000000E+00  0.10137278E-31
  0.19690491E+14  0.00000000E+00  0.51984736E-32
  0.19735861E+14  0.00000000E+00 -0.31572686E-33
  0.19781231E+14  0.00000000E+00 -0.62787108E-32
  0.19826600E+14  0.00000000E+00 -0.12587426E-31
  0.19871970E+14  0.00000000E+00 -0.19157560E-31
  0.19917340E+14  0.00000000E+00 -0.25919861E-31
  0.19962710E+14  0.00000000E+00 -0.32817277E-31
  0.20008080E+14  0.00000000E+00 -0.39802723E-31
  0.20053449E+14  0.00000000E+00 -0.46837308E-31
  0.20098819E+14  0.00000000E+00 -0.53888924E-31
  0.20144189E+14  0.00000000E+00 -0.60931104E-31
  0.20189559E+14  0.00000000E+00 -0.67942099E-31
  0.20234929E+14  0.00000000E+00 -0.74904126E-31
  0.20280298E+14  0.00000000E+00 -0.81802747E-31
  0.20325668E+14  0.00000000E+00 -0.88626363E-31
  0.20371038E+14  0.00000000E+00 -0.95365788E-31
  0.20416408E+14  0.00000000E+00 -0.10201390E-30
  0.20461778E+14  0.00000000E+00 -0.10856534E-30
  0.20507147E+14  0.00000000E+00 -0.11501627E-30
  0.20552517E+14  0.00000000E+00 -0.12136420E-30
  0.20597887E+14  0.00000000E+00 -0.12760774E-30
  0.20643257E+14  0.00000000E+00 -0.13374654E-30
  0.20688626E+14  0.00000000E+00 -0.13978110E-30
  0.20733996E+14  0.00000000E+00 -0.14571273E-30
  0.20779366E+14  0.00000000E+00 -0.15154340E-30
  0.20824736E+14  0.00000000E+00 -0.15727572E-30
  0.20870106E+14  0.00000000E+00 -0.16291287E-30
  0.20915475E+14  0.00000000E+00 -0.16845852E-30
  0.20960845E+14  0.00000000E+00 -0.17391685E-30
  0.21006215E+14  0.00000000E+00 -0.17929247E-30
  0.21051585E+14  0.00000000E+00 -0.18459041E-30
  0.21096955E+14  0.00000000E+00 -0.18981612E-30
  0.21142324E+14  0.00000000E+00 -0.19497544E-30
  0.21187694E+14  0.00000000E+00 -0.20007461E-30
  0.21233064E+14  0.00000000E+00 -0.20512024E-30
  0.21278434E+14  0.00000000E+00 -0.21011936E-30
  0.21323804E+14  0.00000000E+00 -0.21507938E-30
  0.21369173E+14  0.00000000E+00 -0.22000812E-30
  0.21414543E+14  0.00000000E+00 -0.22491383E-30
  0.21459913E+14  0.00000000E+00 -0.22980520E-30
  0.21505283E+14  0.00000000E+00 -0.23469136E-30
  0.21550653E+14  0.00000000E+00 -0.23958193E-30
  0.21596022E+14  0.00000000E+00 -0.24448701E-30
  0.21641392E+14  0.00000000E+00 -0.24941723E-30
  0.21686762E+14  0.00000000E+00 -0.25438374E-30
  0.21732132E+14  0.00000000E+00 -0.25939824E-30
  0.21777502E+14  0.00000000E+00 -0.26447298E-30
  0.21822871E+14  0.00000000E+00 -0.26962078E-30
  0.21868241E+14  0.00000000E+00 -0.27485500E-30
  0.21913611E+14  0.00000000E+00 -0.28018953E-30
  0.21958981E+14  0.00000000E+00 -0.28563872E-30
  0.22004351E+14  0.00000000E+00 -0.29121732E-30
  0.22049720E+14  0.00000000E+00 -0.29694031E-30
  0.22095090E+14  0.00000000E+00 -0.30282272E-30
  0.22140460E+14  0.00000000E+00 -0.30887935E-30
  0.22185830E+14  0.00000000E+00 -0.31512432E-30
  0.22231200E+14  0.00000000E+00 -0.32157049E-30
  0.22276569E+14  0.00000000E+00 -0.32822856E-30
  0.22321939E+14  0.00000000E+00 -0.33510592E-30
  0.22367309E+14  0.00000000E+00 -0.34220484E-30
  0.22412679E+14  0.00000000E+00 -0.34952004E-30
  0.22458048E+14  0.00000000E+00 -0.35703513E-30
  0.22503418E+14  0.00000000E+00 -0.36471738E-30
  0.22548788E+14  0.00000000E+00 -0.37251022E-30
  0.22594158E+14  0.00000000E+00 -0.38032193E-30
  0.22639528E+14  0.00000000E+00 -0.38800876E-30
  0.22684897E+14  0.00000000E+00 -0.39534910E-30
  0.22730267E+14  0.00000000E+00 -0.40200395E-30
  0.22775637E+14  0.00000000E+00 -0.40745632E-30
  0.22821007E+14  0.00000000E+00 -0.41092416E-30
  0.22866377E+14  0.00000000E+00 -0.41127002E-30
  0.22911746E+14  0.00000000E+00 -0.40716206E-30
  0.22957116E+14  0.00000000E+00 -0.39984806E-30
  0.23002486E+14  0.00000000E+00 -0.57332057E-30
  0.23047856E+14  0.33760136E-30  0.25182614E-30
  0.23093226E+14 -0.62704497E-30  0.48492076E-30
  0.23138595E+14 -0.14216952E-29 -0.70702152E-31
  0.23183965E+14 -0.14914738E-29 -0.12781892E-29
  0.23229335E+14 -0.64767780E-30 -0.11398357E-29
  0.23274705E+14 -0.83369782E-30 -0.12072638E-29
  0.23320075E+14 -0.94078491E-30 -0.15198705E-29
  0.23365444E+14 -0.98617622E-30 -0.18717633E-29
  0.23410814E+14 -0.85869204E-30 -0.22724546E-29
  0.23456184E+14 -0.58525952E-30 -0.26599311E-29
  0.23501554E+14 -0.32767783E-30 -0.29869144E-29
  0.23546924E+14  0.89984290E-31 -0.32972879E-29
  0.23592293E+14  0.60212895E-30 -0.35217135E-29
  0.23637663E+14  0.10431533E-29 -0.37146549E-29
  0.23683033E+14  0.15481605E-29 -0.37999556E-29
  0.23728403E+14  0.21620144E-29 -0.38311774E-29
  0.23773773E+14  0.27597332E-29 -0.37932283E-29
  0.23819142E+14  0.32590609E-29 -0.36973160E-29
  0.23864512E+14  0.37887009E-29 -0.35146329E-29
  0.23909882E+14  0.43916547E-29 -0.33119731E-29
  0.23955252E+14  0.49666628E-29 -0.29636397E-29
  0.24000622E+14  0.54792771E-29 -0.25390839E-29
  0.24045991E+14  0.60873346E-29 -0.20915451E-29
  0.24091361E+14  0.65527986E-29 -0.15849428E-29
  0.24136731E+14  0.68806861E-29 -0.10237449E-29
  0.24182101E+14  0.73309177E-29 -0.34236984E-30
  0.24227470E+14  0.74455296E-29  0.29773882E-30
  0.24272840E+14  0.77907792E-29  0.11590539E-29
  0.24318210E+14  0.79406377E-29  0.22081070E-29
  0.24363580E+14  0.79790105E-29  0.36122000E-29
  0.24408950E+14  0.70925998E-29  0.56465166E-29
  0.24454319E+14 -0.26268555E-29  0.52845912E-29
  0.24499689E+14  0.25262229E-29 -0.40454731E-29
  0.24545059E+14  0.87115906E-29 -0.53282011E-29
  0.24590429E+14  0.14336085E-28 -0.34229835E-29
  0.24635799E+14  0.18853176E-28  0.61619175E-30
  0.24681168E+14  0.21781627E-28  0.64221275E-29
  0.24726538E+14  0.22573041E-28  0.13635533E-28
  0.24771908E+14  0.20802852E-28  0.21722946E-28
  0.24817278E+14  0.14799916E-28  0.29880894E-28
  0.24862648E+14  0.17584811E-29  0.32718940E-28
  0.24908017E+14 -0.19769197E-29  0.25717911E-28
  0.24953387E+14 -0.42809245E-29  0.25598959E-28
  0.24998757E+14 -0.73889140E-29  0.24968323E-28
  0.25044127E+14 -0.10450198E-28  0.24010190E-28
  0.25089497E+14 -0.13552319E-28  0.22670396E-28
  0.25134866E+14 -0.16625247E-28  0.20901873E-28
  0.25180236E+14 -0.19447340E-28  0.18530756E-28
  0.25225606E+14 -0.22041184E-28  0.15665825E-28
  0.25270976E+14 -0.24216023E-28  0.12195905E-28
  0.25316346E+14 -0.25585856E-28  0.79660856E-29
  0.25361715E+14 -0.25543114E-28  0.32415047E-29
  0.25407085E+14 -0.23915798E-28  0.41983310E-30
  0.25452455E+14 -0.23357356E-28 -0.23814223E-29
  0.25497825E+14 -0.22396762E-28 -0.57421650E-29
  0.25543195E+14 -0.20111552E-28 -0.96073020E-29
  0.25588564E+14 -0.15049001E-28 -0.12502005E-28
  0.25633934E+14 -0.63900303E-29 -0.10031723E-28
  0.25679304E+14 -0.13388859E-28  0.10015225E-28
  0.25724674E+14 -0.13248840E-28 -0.24627003E-28
  0.25770044E+14 -0.75910397E-29 -0.14111649E-28
  0.25815413E+14 -0.56445400E-29 -0.11706300E-28
  0.25860783E+14 -0.46087327E-29 -0.10190070E-28
  0.25906153E+14 -0.39504375E-29 -0.91015499E-29
  0.25951523E+14 -0.34888190E-29 -0.82684169E-29
  0.25996892E+14 -0.31502105E-29 -0.76080861E-29
  0.26042262E+14 -0.28819478E-29 -0.70743609E-29
  0.26087632E+14 -0.26656419E-29 -0.66258941E-29
  0.26133002E+14 -0.24928337E-29 -0.62466974E-29
  0.26178372E+14 -0.23404315E-29 -0.59283034E-29
  0.26223741E+14 -0.22123139E-29 -0.56465008E-29
  0.26269111E+14 -0.21014375E-29 -0.54011829E-29
  0.26314481E+14 -0.20080920E-29 -0.51900390E-29
  0.26359851E+14 -0.19179029E-29 -0.49990289E-29
  0.26405221E+14 -0.18458978E-29 -0.48256720E-29
  0.26450590E+14 -0.17817983E-29 -0.46765202E-29
  0.26495960E+14 -0.17228776E-29 -0.45390720E-29
  0.26541330E+14 -0.16784996E-29 -0.44130675E-29
  0.26586700E+14 -0.16457503E-29 -0.43101632E-29
  0.26632070E+14 -0.16098379E-29 -0.42267013E-29
  0.26677439E+14 -0.15723100E-29 -0.41517721E-29
  0.26722809E+14 -0.15379386E-29 -0.40858959E-29
  0.26768179E+14 -0.15038205E-29 -0.40333953E-29
  0.26813549E+14 -0.14650101E-29 -0.39863743E-29
  0.26858919E+14 -0.14276703E-29 -0.39416377E-29
  0.26904288E+14 -0.13931596E-29 -0.39041433E-29
  0.26949658E+14 -0.13542054E-29 -0.38751532E-29
  0.26995028E+14 -0.13128210E-29 -0.38446997E-29
  0.27040398E+14 -0.12754806E-29 -0.38169093E-29
  0.27085768E+14 -0.12389712E-29 -0.37958722E-29
  0.27131137E+14 -0.11961773E-29 -0.37771705E-29
  0.27176507E+14 -0.11546724E-29 -0.37565461E-29
  0.27221877E+14 -0.11168496E-29 -0.37385573E-29
  0.27267247E+14 -0.10768215E-29 -0.37263659E-29
  0.27312617E+14 -0.10334279E-29 -0.37123278E-29
  0.27357986E+14 -0.99289470E-30 -0.36970672E-29
  0.27403356E+14 -0.95337215E-30 -0.36853725E-29
  0.27448726E+14 -0.91208689E-30 -0.36761152E-29
  0.27494096E+14 -0.86932202E-30 -0.36651419E-29
  0.27539466E+14 -0.82878280E-30 -0.36527007E-29
  0.27584835E+14 -0.79010127E-30 -0.36433329E-29
  0.27630205E+14 -0.74937900E-30 -0.36364142E-29
  0.27675575E+14 -0.70729666E-30 -0.36245014E-29
  0.27720945E+14 -0.66984297E-30 -0.36149810E-29
  0.27766314E+14 -0.63492641E-30 -0.36062876E-29
  0.27811684E+14 -0.59790199E-30 -0.36025592E-29
  0.27857054E+14 -0.56042470E-30 -0.35975383E-29
  0.27902424E+14 -0.52348498E-30 -0.35933129E-29
  0.27947794E+14 -0.48730766E-30 -0.35935331E-29
  0.27993163E+14 -0.44453899E-30 -0.35939863E-29
  0.28038533E+14 -0.40261040E-30 -0.35894052E-29
  0.28083903E+14 -0.36383130E-30 -0.35853356E-29
  0.28129273E+14 -0.32500366E-30 -0.35862689E-29
  0.28174643E+14 -0.27985462E-30 -0.35865697E-29
  0.28220012E+14 -0.23531516E-30 -0.35813898E-29
  0.28265382E+14 -0.19364243E-30 -0.35768896E-29
  0.28310752E+14 -0.15283613E-30 -0.35743100E-29
  0.28356122E+14 -0.10896862E-30 -0.35725149E-29
  0.28401492E+14 -0.63023847E-31 -0.35677286E-29
  0.28446861E+14 -0.19684159E-31 -0.35608578E-29
  0.28492231E+14  0.21458290E-31 -0.35560644E-29
  0.28537601E+14  0.66819735E-31 -0.35523275E-29
  0.28582971E+14  0.11245994E-30 -0.35442893E-29
  0.28628341E+14  0.15515279E-30 -0.35354739E-29
  0.28673710E+14  0.19713238E-30 -0.35289176E-29
  0.28719080E+14  0.24123662E-30 -0.35223033E-29
  0.28764450E+14  0.28673433E-30 -0.35131286E-29
  0.28809820E+14  0.33038760E-30 -0.35022063E-29
  0.28855190E+14  0.37130792E-30 -0.34917654E-29
  0.28900559E+14  0.41420937E-30 -0.34831727E-29
  0.28945929E+14  0.45920424E-30 -0.34721657E-29
  0.28991299E+14  0.50143348E-30 -0.34583216E-29
  0.29036669E+14  0.54141867E-30 -0.34466025E-29
  0.29082039E+14  0.58409232E-30 -0.34362732E-29
  0.29127408E+14  0.62818021E-30 -0.34218238E-29
  0.29172778E+14  0.66869009E-30 -0.34066252E-29
  0.29218148E+14  0.70834692E-30 -0.33932287E-29
  0.29263518E+14  0.75032467E-30 -0.33791512E-29
  0.29308888E+14  0.79136897E-30 -0.33632258E-29
  0.29354257E+14  0.83076789E-30 -0.33470124E-29
  0.29399627E+14  0.87077358E-30 -0.33312457E-29
  0.29444997E+14  0.90997657E-30 -0.33147240E-29
  0.29490367E+14  0.94934468E-30 -0.32977905E-29
  0.29535736E+14  0.98898690E-30 -0.32799808E-29
  0.29581106E+14  0.10265864E-29 -0.32610121E-29
  0.29626476E+14  0.10638224E-29 -0.32431592E-29
  0.29671846E+14  0.11018803E-29 -0.32252875E-29
  0.29717216E+14  0.11401999E-29 -0.32049742E-29
  0.29762585E+14  0.11759767E-29 -0.31846867E-29
  0.29807955E+14  0.12116160E-29 -0.31657286E-29
  0.29853325E+14  0.12490527E-29 -0.31458258E-29
  0.29898695E+14  0.12847142E-29 -0.31240946E-29
  0.29944065E+14  0.13193251E-29 -0.31028243E-29
  0.29989434E+14  0.13542966E-29 -0.30820038E-29
  0.30034804E+14  0.13889598E-29 -0.30597780E-29
  0.30080174E+14  0.14225571E-29 -0.30375852E-29
  0.30125544E+14  0.14561975E-29 -0.30157427E-29
  0.30170914E+14  0.14902494E-29 -0.29924357E-29
  0.30216283E+14  0.15222979E-29 -0.29689550E-29
  0.30261653E+14  0.15541037E-29 -0.29462975E-29
  0.30307023E+14  0.15873753E-29 -0.29232253E-29
  0.30352393E+14  0.16192572E-29 -0.28983894E-29
  0.30397763E+14  0.16496224E-29 -0.28736523E-29
  0.30443132E+14  0.16798210E-29 -0.28502168E-29
  0.30488502E+14  0.17112157E-29 -0.28255498E-29
  0.30533872E+14  0.17413562E-29 -0.28002781E-29
  0.30579242E+14  0.17707390E-29 -0.27748159E-29
  0.30624612E+14  0.18000391E-29 -0.27493702E-29
  0.30669981E+14  0.18283966E-29 -0.27239734E-29
  0.30715351E+14  0.18572538E-29 -0.26985806E-29
  0.30760721E+14  0.18862858E-29 -0.26721605E-29
  0.30806091E+14  0.19133968E-29 -0.26445820E-29
  0.30851461E+14  0.19395341E-29 -0.26187509E-29
  0.30896830E+14  0.19672862E-29 -0.25934450E-29
  0.30942200E+14  0.19954731E-29 -0.25653429E-29
  0.30987570E+14  0.20204861E-29 -0.25367044E-29
  0.31032940E+14  0.20448433E-29 -0.25106294E-29
  0.31078310E+14  0.20719094E-29 -0.24845889E-29
  0.31123679E+14  0.20981760E-29 -0.24553485E-29
  0.31169049E+14  0.21216598E-29 -0.24262098E-29
  0.31214419E+14  0.21446064E-29 -0.23996888E-29
  0.31259789E+14  0.21702785E-29 -0.23722619E-29
  0.31305158E+14  0.21951401E-29 -0.23427483E-29
  0.31350528E+14  0.22173213E-29 -0.23130708E-29
  0.31395898E+14  0.22396016E-29 -0.22854924E-29
  0.31441268E+14  0.22630683E-29 -0.22572200E-29
  0.31486638E+14  0.22863547E-29 -0.22275681E-29
  0.31532007E+14  0.23079948E-29 -0.21974702E-29
  0.31577377E+14  0.23283786E-29 -0.21680809E-29
  0.31622747E+14  0.23500379E-29 -0.21400779E-29
  0.31668117E+14  0.23727127E-29 -0.21100563E-29
  0.31713487E+14  0.23932731E-29 -0.20784778E-29
  0.31758856E+14  0.24117158E-29 -0.20488461E-29
  0.31804226E+14  0.24320829E-29 -0.20205833E-29
  0.31849596E+14  0.24548623E-29 -0.19895975E-29
  0.31894966E+14  0.24725048E-29 -0.19568642E-29
  0.31940336E+14  0.24899944E-29 -0.19276960E-29
  0.31985705E+14  0.25099290E-29 -0.18989298E-29
  0.32031075E+14  0.25310275E-29 -0.18657623E-29
  0.32076445E+14  0.25467784E-29 -0.18333476E-29
  0.32121815E+14  0.25633644E-29 -0.18046411E-29
  0.32167185E+14  0.25836482E-29 -0.17739963E-29
  0.32212554E+14  0.26018098E-29 -0.17398905E-29
  0.32257924E+14  0.26158999E-29 -0.17074355E-29
  0.32303294E+14  0.26333762E-29 -0.16789923E-29
  0.32348664E+14  0.26517692E-29 -0.16465216E-29
  0.32394034E+14  0.26678551E-29 -0.16117993E-29
  0.32439403E+14  0.26808746E-29 -0.15801803E-29
  0.32484773E+14  0.26976732E-29 -0.15500348E-29
  0.32530143E+14  0.27162825E-29 -0.15164505E-29
  0.32575513E+14  0.27298773E-29 -0.14816088E-29
  0.32620883E+14  0.27422584E-29 -0.14495093E-29
  0.32666252E+14  0.27576724E-29 -0.14190632E-29
  0.32711622E+14  0.27751131E-29 -0.13835469E-29
  0.32756992E+14  0.27860181E-29 -0.13482878E-29
  0.32802362E+14  0.27989597E-29 -0.13172769E-29
  0.32847732E+14  0.28156963E-29 -0.12851689E-29
  0.32893101E+14  0.28295946E-29 -0.12463254E-29
  0.32938471E+14  0.28378270E-29 -0.12135312E-29
  0.32983841E+14  0.28520031E-29 -0.11825432E-29
  0.33029211E+14  0.28683180E-29 -0.11455376E-29
  0.33074580E+14  0.28767249E-29 -0.11078418E-29
  0.33119950E+14  0.28868312E-29 -0.10773083E-29
  0.33165320E+14  0.29039213E-29 -0.10419906E-29
  0.33210690E+14  0.29131921E-29 -0.10023880E-29
  0.33256060E+14  0.29212544E-29 -0.96934769E-30
  0.33301429E+14  0.29357814E-29 -0.93574657E-30
  0.33346799E+14  0.29466789E-29 -0.89498532E-30
  0.33392169E+14  0.29516482E-29 -0.86008239E-30
  0.33437539E+14  0.29644414E-29 -0.82624675E-30
  0.33482909E+14  0.29776514E-29 -0.78690336E-30
  0.33528278E+14  0.29819451E-29 -0.74828513E-30
  0.33573648E+14  0.29921612E-29 -0.71493051E-30
  0.33619018E+14  0.30054923E-29 -0.67515172E-30
  0.33664388E+14  0.30103031E-29 -0.63478587E-30
  0.33709758E+14  0.30173179E-29 -0.59987011E-30
  0.33755127E+14  0.30305588E-29 -0.56114554E-30
  0.33800497E+14  0.30352422E-29 -0.51805525E-30
  0.33845867E+14  0.30400653E-29 -0.48216132E-30
  0.33891237E+14  0.30521824E-29 -0.44415842E-30
  0.33936607E+14  0.30576585E-29 -0.39867630E-30
  0.33981976E+14  0.30604697E-29 -0.36218174E-30
  0.34027346E+14  0.30723538E-29 -0.32240376E-30
  0.34072716E+14  0.30751024E-29 -0.27616487E-30
  0.34118086E+14  0.30781512E-29 -0.23918119E-30
  0.34163456E+14  0.30909243E-29 -0.19711399E-30
  0.34208825E+14  0.30899655E-29 -0.15044699E-30
  0.34254195E+14  0.30942973E-29 -0.11281777E-30
  0.34299565E+14  0.31043200E-29 -0.64870078E-31
  0.34344935E+14  0.30993192E-29 -0.21575877E-31
  0.34390305E+14  0.31092898E-29  0.18778952E-31
  0.34435674E+14  0.31110105E-29  0.70588715E-31
  0.34481044E+14  0.31101350E-29  0.11084834E-30
  0.34526414E+14  0.31198579E-29  0.15862187E-30
  0.34571784E+14  0.31133697E-29  0.20842233E-30
  0.34617154E+14  0.31191589E-29  0.25024493E-30
  0.34662523E+14  0.31199762E-29  0.30460960E-30
  0.34707893E+14  0.31163752E-29  0.34973706E-30
  0.34753263E+14  0.31241113E-29  0.40060007E-30
  0.34798633E+14  0.31156307E-29  0.45378402E-30
  0.34844002E+14  0.31166133E-29  0.50019556E-30
  0.34889372E+14  0.31134052E-29  0.55764659E-30
  0.34934742E+14  0.31102280E-29  0.60509688E-30
  0.34980112E+14  0.31091797E-29  0.66502130E-30
  0.35025482E+14  0.31016490E-29  0.71669646E-30
  0.35070851E+14  0.31032348E-29  0.77342705E-30
  0.35116221E+14  0.30888007E-29  0.83180446E-30
  0.35161591E+14  0.30910766E-29  0.88835880E-30
  0.35206961E+14  0.30754123E-29  0.94996491E-30
  0.35252331E+14  0.30781629E-29  0.10099245E-29
  0.35297700E+14  0.30544161E-29  0.10734993E-29
  0.35343070E+14  0.30571297E-29  0.11380528E-29
  0.35388440E+14  0.30336560E-29  0.12031021E-29
  0.35433810E+14  0.30307429E-29  0.12742799E-29
  0.35479180E+14  0.30062998E-29  0.13373632E-29
  0.35524549E+14  0.29933719E-29  0.14168569E-29
  0.35569919E+14  0.29771205E-29  0.14849138E-29
  0.35615289E+14  0.29451090E-29  0.15630600E-29
  0.35660659E+14  0.29366180E-29  0.16440460E-29
  0.35706029E+14  0.29041931E-29  0.17187005E-29
  0.35751398E+14  0.28669559E-29  0.18101758E-29
  0.35796768E+14  0.28491945E-29  0.18961602E-29
  0.35842138E+14  0.28058719E-29  0.19839393E-29
  0.35887508E+14  0.27640971E-29  0.20772247E-29
  0.35932878E+14  0.27183146E-29  0.21829713E-29
  0.35978247E+14  0.26661532E-29  0.22836227E-29
  0.36023617E+14  0.26086848E-29  0.23893935E-29
  0.36068987E+14  0.25281738E-29  0.24924884E-29
  0.36114357E+14  0.24409666E-29  0.25499281E-29
  0.36159727E+14  0.24829776E-29  0.26546819E-29
  0.36205096E+14  0.24540652E-29  0.28831992E-29
  0.36250466E+14  0.23143624E-29  0.31220771E-29
  0.36295836E+14  0.21156941E-29  0.33863781E-29
  0.36341206E+14  0.18348436E-29  0.36380841E-29
  0.36386576E+14  0.14722544E-29  0.38713979E-29
  0.36431945E+14  0.76844948E-30  0.41723848E-29
  0.36477315E+14  0.00000000E+00  0.33748295E-29
  0.36522685E+14  0.00000000E+00  0.29537168E-29
  0.36568055E+14  0.00000000E+00  0.26949085E-29
  0.36613424E+14  0.00000000E+00  0.25041833E-29
  0.36658794E+14  0.00000000E+00  0.23523142E-29
  0.36704164E+14  0.00000000E+00  0.22259372E-29
  0.36749534E+14  0.00000000E+00  0.21177061E-29
  0.36794904E+14  0.00000000E+00  0.20231095E-29
  0.36840273E+14  0.00000000E+00  0.19391617E-29
  0.36885643E+14  0.00000000E+00  0.18637762E-29
  0.36931013E+14  0.00000000E+00  0.17954340E-29
  0.36976383E+14  0.00000000E+00  0.17329923E-29
  0.37021753E+14  0.00000000E+00  0.16755684E-29
  0.37067122E+14  0.00000000E+00  0.16224659E-29
  0.37112492E+14  0.00000000E+00  0.15731249E-29
  0.37157862E+14  0.00000000E+00  0.15270881E-29
  0.37203232E+14  0.00000000E+00  0.14839773E-29
  0.37248602E+14  0.00000000E+00  0.14434757E-29
  0.37293971E+14  0.00000000E+00  0.14053153E-29
  0.37339341E+14  0.00000000E+00  0.13692673E-29
  0.37384711E+14  0.00000000E+00  0.13351348E-29
  0.37430081E+14  0.00000000E+00  0.13027470E-29
  0.37475451E+14  0.00000000E+00  0.12719547E-29
  0.37520820E+14  0.00000000E+00  0.12426270E-29
  0.37566190E+14  0.00000000E+00  0.12146483E-29
  0.37611560E+14  0.00000000E+00  0.11879158E-29
  0.37656930E+14  0.00000000E+00  0.11623382E-29
  0.37702300E+14  0.00000000E+00  0.11378334E-29
  0.37747669E+14  0.00000000E+00  0.11143277E-29
  0.37793039E+14  0.00000000E+00  0.10917546E-29
  0.37838409E+14  0.00000000E+00  0.10700539E-29
  0.37883779E+14  0.00000000E+00  0.10491710E-29
  0.37929149E+14  0.00000000E+00  0.10290558E-29
  0.37974518E+14  0.00000000E+00  0.10096631E-29
  0.38019888E+14  0.00000000E+00  0.99095090E-30
  0.38065258E+14  0.00000000E+00  0.97288105E-30
  0.38110628E+14  0.00000000E+00  0.95541826E-30
  0.38155998E+14  0.00000000E+00  0.93853001E-30
  0.38201367E+14  0.00000000E+00  0.92218623E-30
  0.38246737E+14  0.00000000E+00  0.90635906E-30
  0.38292107E+14  0.00000000E+00  0.89102268E-30
  0.38337477E+14  0.00000000E+00  0.87615306E-30
  0.38382846E+14  0.00000000E+00  0.86172782E-30
  0.38428216E+14  0.00000000E+00  0.84772611E-30
  0.38473586E+14  0.00000000E+00  0.83412843E-30
  0.38518956E+14  0.00000000E+00  0.82091656E-30
  0.38564326E+14  0.00000000E+00  0.80807342E-30
  0.38609695E+14  0.00000000E+00  0.79558298E-30
  0.38655065E+14  0.00000000E+00  0.78343020E-30
  0.38700435E+14  0.00000000E+00  0.77160093E-30
  0.38745805E+14  0.00000000E+00  0.76008184E-30
  0.38791175E+14  0.00000000E+00  0.74886038E-30
  0.38836544E+14  0.00000000E+00  0.73792471E-30
  0.38881914E+14  0.00000000E+00  0.72726361E-30
  0.38927284E+14  0.00000000E+00  0.71686653E-30
  0.38972654E+14  0.00000000E+00  0.70672343E-30
  0.39018024E+14  0.00000000E+00  0.69682484E-30
  0.39063393E+14  0.00000000E+00  0.68716175E-30
  0.39108763E+14  0.00000000E+00  0.67772562E-30
  0.39154133E+14  0.00000000E+00  0.66850836E-30
  0.39199503E+14  0.00000000E+00  0.65950225E-30
  0.39244873E+14  0.00000000E+00  0.65069995E-30
  0.39290242E+14  0.00000000E+00  0.64209450E-30
  0.39335612E+14  0.00000000E+00  0.63367923E-30
  0.39380982E+14  0.00000000E+00  0.62544781E-30
  0.39426352E+14  0.00000000E+00  0.61739418E-30
  0.39471722E+14  0.00000000E+00  0.60951258E-30
  0.39517091E+14  0.00000000E+00  0.60179748E-30
  0.39562461E+14  0.00000000E+00  0.59424362E-30
  0.39607831E+14  0.00000000E+00  0.58684594E-30
  0.39653201E+14  0.00000000E+00  0.57959962E-30
  0.39698571E+14  0.00000000E+00  0.57250003E-30
  0.39743940E+14  0.00000000E+00  0.56554276E-30
  0.39789310E+14  0.00000000E+00  0.55872354E-30
  0.39834680E+14  0.00000000E+00  0.55203832E-30
  0.39880050E+14  0.00000000E+00  0.54548317E-30
  0.39925420E+14  0.00000000E+00  0.53905435E-30
  0.39970789E+14  0.00000000E+00  0.53274826E-30
  0.40016159E+14  0.00000000E+00  0.52656142E-30
  0.40061529E+14  0.00000000E+00  0.52049051E-30
  0.40106899E+14  0.00000000E+00  0.51453232E-30
  0.40152268E+14  0.00000000E+00  0.50868377E-30
  0.40197638E+14  0.00000000E+00  0.50294189E-30
  0.40243008E+14  0.00000000E+00  0.49730382E-30
  0.40288378E+14  0.00000000E+00  0.49176681E-30
  0.40333748E+14  0.00000000E+00  0.48632820E-30
  0.40379117E+14  0.00000000E+00  0.48098543E-30
  0.40424487E+14  0.00000000E+00  0.47573603E-30
  0.40469857E+14  0.00000000E+00  0.47057761E-30
  0.40515227E+14  0.00000000E+00  0.46550787E-30
  0.40560597E+14  0.00000000E+00  0.46052460E-30
  0.40605966E+14  0.00000000E+00  0.45562563E-30
  0.40651336E+14  0.00000000E+00  0.45080890E-30
  0.40696706E+14  0.00000000E+00  0.44607240E-30
  0.40742076E+14  0.00000000E+00  0.44141418E-30
  0.40787446E+14  0.00000000E+00  0.43683238E-30
  0.40832815E+14  0.00000000E+00  0.43232518E-30
  0.40878185E+14  0.00000000E+00  0.42789081E-30
  0.40923555E+14  0.00000000E+00  0.42352758E-30
  0.40968925E+14  0.00000000E+00  0.41923384E-30
  0.41014295E+14  0.00000000E+00  0.41500799E-30
  0.41059664E+14  0.00000000E+00  0.41084847E-30
  0.41105034E+14  0.00000000E+00  0.40675380E-30
  0.41150404E+14  0.00000000E+00  0.40272252E-30
  0.41195774E+14  0.00000000E+00  0.39875321E-30
  0.41241144E+14  0.00000000E+00  0.39484451E-30
  0.41286513E+14  0.00000000E+00  0.39099508E-30
  0.41331883E+14  0.00000000E+00  0.38720365E-30
  0.41377253E+14  0.00000000E+00  0.38346895E-30
  0.41422623E+14  0.00000000E+00  0.37978978E-30
  0.41467993E+14  0.00000000E+00  0.37616494E-30
  0.41513362E+14  0.00000000E+00  0.37259331E-30
  0.41558732E+14  0.00000000E+00  0.36907375E-30
  0.41604102E+14  0.00000000E+00  0.36560518E-30
  0.41649472E+14  0.00000000E+00  0.36218656E-30
  0.41694842E+14  0.00000000E+00  0.35881686E-30
  0.41740211E+14  0.00000000E+00  0.35549508E-30
  0.41785581E+14  0.00000000E+00  0.35222025E-30
  0.41830951E+14  0.00000000E+00  0.34899143E-30
  0.41876321E+14  0.00000000E+00  0.34580771E-30
  0.41921690E+14  0.00000000E+00  0.34266818E-30
  0.41967060E+14  0.00000000E+00  0.33957198E-30
  0.42012430E+14  0.00000000E+00  0.33651826E-30
  0.42057800E+14  0.00000000E+00  0.33350620E-30
  0.42103170E+14  0.00000000E+00  0.33053499E-30
  0.42148539E+14  0.00000000E+00  0.32760386E-30
  0.42193909E+14  0.00000000E+00  0.32471202E-30
  0.42239279E+14  0.00000000E+00  0.32185875E-30
  0.42284649E+14  0.00000000E+00  0.31904332E-30
  0.42330019E+14  0.00000000E+00  0.31626501E-30
  0.42375388E+14  0.00000000E+00  0.31352315E-30
  0.42420758E+14  0.00000000E+00  0.31081706E-30
  0.42466128E+14  0.00000000E+00  0.30814607E-30
  0.42511498E+14  0.00000000E+00  0.30550956E-30
  0.42556868E+14  0.00000000E+00  0.30290689E-30
  0.42602237E+14  0.00000000E+00  0.30033746E-30
  0.42647607E+14  0.00000000E+00  0.29780067E-30
  0.42692977E+14  0.00000000E+00  0.29529594E-30
  0.42738347E+14  0.00000000E+00  0.29282270E-30
  0.42783717E+14  0.00000000E+00  0.29038040E-30
  0.42829086E+14  0.00000000E+00  0.28796849E-30
  0.42874456E+14  0.00000000E+00  0.28558646E-30
  0.42919826E+14  0.00000000E+00  0.28323377E-30
  0.42965196E+14  0.00000000E+00  0.28090993E-30
  0.43010566E+14  0.00000000E+00  0.27861444E-30
  0.43055935E+14  0.00000000E+00  0.27634682E-30
  0.43101305E+14  0.00000000E+00  0.27410660E-30
  0.43146675E+14  0.00000000E+00  0.27189332E-30
  0.43192045E+14  0.00000000E+00  0.26970652E-30
  0.43237415E+14  0.00000000E+00  0.26754577E-30
  0.43282784E+14  0.00000000E+00  0.26541064E-30
  0.43328154E+14  0.00000000E+00  0.26330069E-30
  0.43373524E+14  0.00000000E+00  0.26121552E-30
  0.43418894E+14  0.00000000E+00  0.25915473E-30
  0.43464264E+14  0.00000000E+00  0.25711792E-30
  0.43509633E+14  0.00000000E+00  0.25510471E-30
  0.43555003E+14  0.00000000E+00  0.25311471E-30
  0.43600373E+14  0.00000000E+00  0.25114755E-30
  0.43645743E+14  0.00000000E+00  0.24920287E-30
  0.43691112E+14  0.00000000E+00  0.24728032E-30
  0.43736482E+14  0.00000000E+00  0.24537954E-30
  0.43781852E+14  0.00000000E+00  0.24350021E-30
  0.43827222E+14  0.00000000E+00  0.24164197E-30
  0.43872592E+14  0.00000000E+00  0.23980451E-30
  0.43917961E+14  0.00000000E+00  0.23798751E-30
  0.43963331E+14  0.00000000E+00  0.23619065E-30
  0.44008701E+14  0.00000000E+00  0.23441362E-30
  0.44054071E+14  0.00000000E+00  0.23265612E-30
  0.44099441E+14  0.00000000E+00  0.23091786E-30
  0.44144810E+14  0.00000000E+00  0.22919855E-30
  0.44190180E+14  0.00000000E+00  0.22749790E-30
  0.44235550E+14  0.00000000E+00  0.22581564E-30
  0.44280920E+14  0.00000000E+00  0.22415148E-30
  0.44326290E+14  0.00000000E+00  0.22250517E-30
  0.44371659E+14  0.00000000E+00  0.22087645E-30
  0.44417029E+14  0.00000000E+00  0.21926504E-30
  0.44462399E+14  0.00000000E+00  0.21767071E-30
  0.44507769E+14  0.00000000E+00  0.21609320E-30
  0.44553139E+14  0.00000000E+00  0.21453227E-30
  0.44598508E+14  0.00000000E+00  0.21298768E-30
  0.44643878E+14  0.00000000E+00  0.21145920E-30
  0.44689248E+14  0.00000000E+00  0.20994659E-30
  0.44734618E+14  0.00000000E+00  0.20844964E-30
  0.44779988E+14  0.00000000E+00  0.20696812E-30
  0.44825357E+14  0.00000000E+00  0.20550181E-30
  0.44870727E+14  0.00000000E+00  0.20405050E-30
  0.44916097E+14  0.00000000E+00  0.20261398E-30
  0.44961467E+14  0.00000000E+00  0.20119205E-30
  0.45006837E+14  0.00000000E+00  0.19978450E-30
  0.45052206E+14  0.00000000E+00  0.19839114E-30
  0.45097576E+14  0.00000000E+00  0.19701177E-30
  0.45142946E+14  0.00000000E+00  0.19564619E-30
  0.45188316E+14  0.00000000E+00  0.19429423E-30
  0.45233686E+14  0.00000000E+00  0.19295569E-30
  0.45279055E+14  0.00000000E+00  0.19163040E-30
  0.45324425E+14  0.00000000E+00  0.19031818E-30
  0.45369795E+14  0.00000000E+00  0.18901885E-30
  0.45415165E+14  0.00000000E+00  0.18773224E-30
  0.45460534E+14  0.00000000E+00  0.18645818E-30
  0.45505904E+14  0.00000000E+00  0.18519650E-30
  0.45551274E+14  0.00000000E+00  0.18394705E-30
  0.45596644E+14  0.00000000E+00  0.18270966E-30
  0.45642014E+14  0.00000000E+00  0.18148417E-30
  0.45687383E+14  0.00000000E+00  0.18027043E-30
  0.45732753E+14  0.00000000E+00  0.17906828E-30
  0.45778123E+14  0.00000000E+00  0.17787759E-30
  0.45823493E+14  0.00000000E+00  0.17669819E-30
  0.45868863E+14  0.00000000E+00  0.17552994E-30
  0.45914232E+14  0.00000000E+00  0.17437270E-30
  0.45959602E+14  0.00000000E+00  0.17322634E-30
  0.46004972E+14  0.00000000E+00  0.17209071E-30
  0.46050342E+14  0.00000000E+00  0.17096567E-30
  0.46095712E+14  0.00000000E+00  0.16985110E-30
  0.46141081E+14  0.00000000E+00  0.16874686E-30
  0.46186451E+14  0.00000000E+00  0.16765283E-30
  0.46231821E+14  0.00000000E+00  0.16656887E-30
  0.46277191E+14  0.00000000E+00  0.16549486E-30
  0.46322561E+14  0.00000000E+00  0.16443068E-30
  0.46367930E+14  0.00000000E+00  0.16337620E-30
  0.46413300E+14  0.00000000E+00  0.16233132E-30
  0.46458670E+14  0.00000000E+00  0.16129590E-30
  0.46504040E+14  0.00000000E+00  0.16026984E-30
  0.46549410E+14  0.00000000E+00  0.15925302E-30
  0.46594779E+14  0.00000000E+00  0.15824533E-30
  0.46640149E+14  0.00000000E+00  0.15724666E-30
  0.46685519E+14  0.00000000E+00  0.15625690E-30
  0.46730889E+14  0.00000000E+00  0.15527594E-30
  0.46776259E+14  0.00000000E+00  0.15430368E-30
  0.46821628E+14  0.00000000E+00  0.15334002E-30
  0.46866998E+14  0.00000000E+00  0.15238486E-30
  0.46912368E+14  0.00000000E+00  0.15143808E-30
  0.46957738E+14  0.00000000E+00  0.15049960E-30
  0.47003108E+14  0.00000000E+00  0.14956932E-30
  0.47048477E+14  0.00000000E+00  0.14864714E-30
  0.47093847E+14  0.00000000E+00  0.14773296E-30
  0.47139217E+14  0.00000000E+00  0.14682670E-30
  0.47184587E+14  0.00000000E+00  0.14592826E-30
  0.47229956E+14  0.00000000E+00  0.14503755E-30
  0.47275326E+14  0.00000000E+00  0.14415449E-30
  0.47320696E+14  0.00000000E+00  0.14327898E-30
  0.47366066E+14  0.00000000E+00  0.14241094E-30
  0.47411436E+14  0.00000000E+00  0.14155028E-30
  0.47456805E+14  0.00000000E+00  0.14069692E-30
  0.47502175E+14  0.00000000E+00  0.13985078E-30
  0.47547545E+14  0.00000000E+00  0.13901178E-30
  0.47592915E+14  0.00000000E+00  0.13817983E-30
  0.47638285E+14  0.00000000E+00  0.13735485E-30
  0.47683654E+14  0.00000000E+00  0.13653678E-30
  0.47729024E+14  0.00000000E+00  0.13572553E-30
  0.47774394E+14  0.00000000E+00  0.13492102E-30
  0.47819764E+14  0.00000000E+00  0.13412319E-30
  0.47865134E+14  0.00000000E+00  0.13333195E-30
  0.47910503E+14  0.00000000E+00  0.13254723E-30
  0.47955873E+14  0.00000000E+00  0.13176897E-30
  0.48001243E+14  0.00000000E+00  0.13099710E-30
  0.48046613E+14  0.00000000E+00  0.13023153E-30
  0.48091983E+14  0.00000000E+00  0.12947221E-30
  0.48137352E+14  0.00000000E+00  0.12871907E-30
  0.48182722E+14  0.00000000E+00  0.12797204E-30
  0.48228092E+14  0.00000000E+00  0.12723105E-30
  0.48273462E+14  0.00000000E+00  0.12649604E-30
  0.48318832E+14  0.00000000E+00  0.12576694E-30
  0.48364201E+14  0.00000000E+00  0.12504370E-30
  0.48409571E+14  0.00000000E+00  0.12432625E-30
  0.48454941E+14  0.00000000E+00  0.12361452E-30
  0.48500311E+14  0.00000000E+00  0.12290847E-30
  0.48545681E+14  0.00000000E+00  0.12220802E-30
  0.48591050E+14  0.00000000E+00  0.12151312E-30
  0.48636420E+14  0.00000000E+00  0.12082371E-30
  0.48681790E+14  0.00000000E+00  0.12013974E-30
  0.48727160E+14  0.00000000E+00  0.11946114E-30
  0.48772530E+14  0.00000000E+00  0.11878786E-30
  0.48817899E+14  0.00000000E+00  0.11811985E-30
  0.48863269E+14  0.00000000E+00  0.11745704E-30
  0.48908639E+14  0.00000000E+00  0.11679940E-30
  0.48954009E+14  0.00000000E+00  0.11614686E-30
  0.48999378E+14  0.00000000E+00  0.11549937E-30
  0.49044748E+14  0.00000000E+00  0.11485688E-30
  0.49090118E+14  0.00000000E+00  0.11421934E-30
  0.49135488E+14  0.00000000E+00  0.11358670E-30
  0.49180858E+14  0.00000000E+00  0.11295891E-30
  0.49226227E+14  0.00000000E+00  0.11233592E-30
  0.49271597E+14  0.00000000E+00  0.11171768E-30
  0.49316967E+14  0.00000000E+00  0.11110415E-30
  0.49362337E+14  0.00000000E+00  0.11049527E-30
  0.49407707E+14  0.00000000E+00  0.10989100E-30
  0.49453076E+14  0.00000000E+00  0.10929130E-30
  0.49498446E+14  0.00000000E+00  0.10869612E-30
  0.49543816E+14  0.00000000E+00  0.10810540E-30
  0.49589186E+14  0.00000000E+00  0.10751912E-30
  0.49634556E+14  0.00000000E+00  0.10693723E-30
  0.49679925E+14  0.00000000E+00  0.10635968E-30
  0.49725295E+14  0.00000000E+00  0.10578642E-30
  0.49770665E+14  0.00000000E+00  0.10521743E-30
  0.49816035E+14  0.00000000E+00  0.10465265E-30
  0.49861405E+14  0.00000000E+00  0.10409205E-30
  0.49906774E+14  0.00000000E+00  0.10353558E-30
  0.49952144E+14  0.00000000E+00  0.10298321E-30
  0.49997514E+14  0.00000000E+00  0.10243489E-30
  0.50042884E+14  0.00000000E+00  0.10189059E-30
  0.50088254E+14  0.00000000E+00  0.10135026E-30
  0.50133623E+14  0.00000000E+00  0.10081388E-30
  0.50178993E+14  0.00000000E+00  0.10028140E-30
  0.50224363E+14  0.00000000E+00  0.99752777E-31
  0.50269733E+14  0.00000000E+00  0.99227985E-31
  0.50315103E+14  0.00000000E+00  0.98706985E-31
  0.50360472E+14  0.00000000E+00  0.98189740E-31
  0.50405842E+14  0.00000000E+00  0.97676215E-31
  0.50451212E+14  0.00000000E+00  0.97166375E-31
  0.50496582E+14  0.00000000E+00  0.96660185E-31
  0.50541952E+14  0.00000000E+00  0.96157611E-31
  0.50587321E+14  0.00000000E+00  0.95658619E-31
  0.50632691E+14  0.00000000E+00  0.95163175E-31
  0.50678061E+14  0.00000000E+00  0.94671248E-31
  0.50723431E+14  0.00000000E+00  0.94182803E-31
  0.50768800E+14  0.00000000E+00  0.93697810E-31
  0.50814170E+14  0.00000000E+00  0.93216235E-31
  0.50859540E+14  0.00000000E+00  0.92738048E-31
  0.50904910E+14  0.00000000E+00  0.92263216E-31
  0.50950280E+14  0.00000000E+00  0.91791711E-31
  0.50995649E+14  0.00000000E+00  0.91323500E-31
  0.51041019E+14  0.00000000E+00  0.90858554E-31
  0.51086389E+14  0.00000000E+00  0.90396844E-31
  0.51131759E+14  0.00000000E+00  0.89938339E-31
  0.51177129E+14  0.00000000E+00  0.89483011E-31
  0.51222498E+14  0.00000000E+00  0.89030832E-31
  0.51267868E+14  0.00000000E+00  0.88581771E-31
  0.51313238E+14  0.00000000E+00  0.88135803E-31
  0.51358608E+14  0.00000000E+00  0.87692898E-31
  0.51403978E+14  0.00000000E+00  0.87253030E-31
  0.51449347E+14  0.00000000E+00  0.86816171E-31
  0.51494717E+14  0.00000000E+00  0.86382294E-31
  0.51540087E+14  0.00000000E+00  0.85951373E-31
  0.51585457E+14  0.00000000E+00  0.85523382E-31
  0.51630827E+14  0.00000000E+00  0.85098294E-31
  0.51676196E+14  0.00000000E+00  0.84676085E-31
  0.51721566E+14  0.00000000E+00  0.84256728E-31
  0.51766936E+14  0.00000000E+00  0.83840199E-31
  0.51812306E+14  0.00000000E+00  0.83426473E-31
  0.51857676E+14  0.00000000E+00  0.83015524E-31
  0.51903045E+14  0.00000000E+00  0.82607330E-31
  0.51948415E+14  0.00000000E+00  0.82201866E-31
  0.51993785E+14  0.00000000E+00  0.81799108E-31
  0.52039155E+14  0.00000000E+00  0.81399033E-31
  0.52084525E+14  0.00000000E+00  0.81001617E-31
  0.52129894E+14  0.00000000E+00  0.80606838E-31
  0.52175264E+14  0.00000000E+00  0.80214673E-31
  0.52220634E+14  0.00000000E+00  0.79825099E-31
  0.52266004E+14  0.00000000E+00  0.79438095E-31
  0.52311374E+14  0.00000000E+00  0.79053637E-31
  0.52356743E+14  0.00000000E+00  0.78671705E-31
  0.52402113E+14  0.00000000E+00  0.78292276E-31
  0.52447483E+14  0.00000000E+00  0.77915331E-31
  0.52492853E+14  0.00000000E+00  0.77540846E-31
  0.52538222E+14  0.00000000E+00  0.77168802E-31
  0.52583592E+14  0.00000000E+00  0.76799179E-31
  0.52628962E+14  0.00000000E+00  0.76431955E-31
  0.52674332E+14  0.00000000E+00  0.76067110E-31
  0.52719702E+14  0.00000000E+00  0.75704624E-31
  0.52765071E+14  0.00000000E+00  0.75344479E-31
  0.52810441E+14  0.00000000E+00  0.74986653E-31
  0.52855811E+14  0.00000000E+00  0.74631128E-31
  0.52901181E+14  0.00000000E+00  0.74277885E-31
  0.52946551E+14  0.00000000E+00  0.73926904E-31
  0.52991920E+14  0.00000000E+00  0.73578168E-31
  0.53037290E+14  0.00000000E+00  0.73231656E-31
  0.53082660E+14  0.00000000E+00  0.72887352E-31
  0.53128030E+14  0.00000000E+00  0.72545236E-31
  0.53173400E+14  0.00000000E+00  0.72205291E-31
  0.53218769E+14  0.00000000E+00  0.71867498E-31
  0.53264139E+14  0.00000000E+00  0.71531841E-31
  0.53309509E+14  0.00000000E+00  0.71198302E-31
  0.53354879E+14  0.00000000E+00  0.70866864E-31
  0.53400249E+14  0.00000000E+00  0.70537509E-31
  0.53445618E+14  0.00000000E+00  0.70210221E-31
  0.53490988E+14  0.00000000E+00  0.69884982E-31
  0.53536358E+14  0.00000000E+00  0.69561777E-31
  0.53581728E+14  0.00000000E+00  0.69240588E-31
  0.53627098E+14  0.00000000E+00  0.68921400E-31
  0.53672467E+14  0.00000000E+00  0.68604196E-31
  0.53717837E+14  0.00000000E+00  0.68288962E-31
  0.53763207E+14  0.00000000E+00  0.67975679E-31
  0.53808577E+14  0.00000000E+00  0.67664334E-31
  0.53853947E+14  0.00000000E+00  0.67354911E-31
  0.53899316E+14  0.00000000E+00  0.67047394E-31
  0.53944686E+14  0.00000000E+00  0.66741769E-31
  0.53990056E+14  0.00000000E+00  0.66438020E-31
  0.54035426E+14  0.00000000E+00  0.66136132E-31
  0.54080796E+14  0.00000000E+00  0.65836091E-31
  0.54126165E+14  0.00000000E+00  0.65537882E-31
  0.54171535E+14  0.00000000E+00  0.65241492E-31
  0.54216905E+14  0.00000000E+00  0.64946904E-31
  0.54262275E+14  0.00000000E+00  0.64654106E-31
  0.54307644E+14  0.00000000E+00  0.64363083E-31
  0.54353014E+14  0.00000000E+00  0.64073822E-31
  0.54398384E+14  0.00000000E+00  0.63786309E-31
  0.54443754E+14  0.00000000E+00  0.63500530E-31
  0.54489124E+14  0.00000000E+00  0.63216471E-31
  0.54534493E+14  0.00000000E+00  0.62934120E-31
  0.54579863E+14  0.00000000E+00  0.62653464E-31
  0.54625233E+14  0.00000000E+00  0.62374488E-31
  0.54670603E+14  0.00000000E+00  0.62097181E-31
  0.54715973E+14  0.00000000E+00  0.61821529E-31
  0.54761342E+14  0.00000000E+00  0.61547519E-31
  0.54806712E+14  0.00000000E+00  0.61275140E-31
  0.54852082E+14  0.00000000E+00  0.61004379E-31
  0.54897452E+14  0.00000000E+00  0.60735222E-31
  0.54942822E+14  0.00000000E+00  0.60467659E-31
  0.54988191E+14  0.00000000E+00  0.60201677E-31
  0.55033561E+14  0.00000000E+00  0.59937263E-31
  0.55078931E+14  0.00000000E+00  0.59674407E-31
  0.55124301E+14  0.00000000E+00  0.59413096E-31
  0.55169671E+14  0.00000000E+00  0.59153319E-31
  0.55215040E+14  0.00000000E+00  0.58895064E-31
  0.55260410E+14  0.00000000E+00  0.58638319E-31
  0.55305780E+14  0.00000000E+00  0.58383074E-31
  0.55351150E+14  0.00000000E+00  0.58129317E-31
  0.55396520E+14  0.00000000E+00  0.57877036E-31
  0.55441889E+14  0.00000000E+00  0.57626222E-31
  0.55487259E+14  0.00000000E+00  0.57376863E-31
  0.55532629E+14  0.00000000E+00  0.57128948E-31
  0.55577999E+14  0.00000000E+00  0.56882466E-31
  0.55623369E+14  0.00000000E+00  0.56637407E-31
  0.55668738E+14  0.00000000E+00  0.56393761E-31
  0.55714108E+14  0.00000000E+00  0.56151517E-31
  0.55759478E+14  0.00000000E+00  0.55910664E-31
  0.55804848E+14  0.00000000E+00  0.55671192E-31
  0.55850218E+14  0.00000000E+00  0.55433092E-31
  0.55895587E+14  0.00000000E+00  0.55196352E-31
  0.55940957E+14  0.00000000E+00  0.54960964E-31
  0.55986327E+14  0.00000000E+00  0.54726917E-31
  0.56031697E+14  0.00000000E+00  0.54494202E-31
  0.56077067E+14  0.00000000E+00  0.54262808E-31
  0.56122436E+14  0.00000000E+00  0.54032727E-31
  0.56167806E+14  0.00000000E+00  0.53803949E-31
  0.56213176E+14  0.00000000E+00  0.53576463E-31
  0.56258546E+14  0.00000000E+00  0.53350262E-31
  0.56303915E+14  0.00000000E+00  0.53125335E-31
  0.56349285E+14  0.00000000E+00  0.52901674E-31
  0.56394655E+14  0.00000000E+00  0.52679269E-31
  0.56440025E+14  0.00000000E+00  0.52458112E-31
  0.56485395E+14  0.00000000E+00  0.52238193E-31
  0.56530764E+14  0.00000000E+00  0.52019503E-31
  0.56576134E+14  0.00000000E+00  0.51802034E-31
  0.56621504E+14  0.00000000E+00  0.51585778E-31
  0.56666874E+14  0.00000000E+00  0.51370724E-31
  0.56712244E+14  0.00000000E+00  0.51156866E-31
  0.56757613E+14  0.00000000E+00  0.50944194E-31
  0.56802983E+14  0.00000000E+00  0.50732700E-31
  0.56848353E+14  0.00000000E+00  0.50522376E-31
  0.56893723E+14  0.00000000E+00  0.50313213E-31
  0.56939093E+14  0.00000000E+00  0.50105204E-31
  0.56984462E+14  0.00000000E+00  0.49898339E-31
  0.57029832E+14  0.00000000E+00  0.49692612E-31
  0.57075202E+14  0.00000000E+00  0.49488013E-31
  0.57120572E+14  0.00000000E+00  0.49284536E-31
  0.57165942E+14  0.00000000E+00  0.49082173E-31
  0.57211311E+14  0.00000000E+00  0.48880915E-31
  0.57256681E+14  0.00000000E+00  0.48680755E-31
  0.57302051E+14  0.00000000E+00  0.48481685E-31
  0.57347421E+14  0.00000000E+00  0.48283698E-31
  0.57392791E+14  0.00000000E+00  0.48086786E-31
  0.57438160E+14  0.00000000E+00  0.47890941E-31
  0.57483530E+14  0.00000000E+00  0.47696158E-31
  0.57528900E+14  0.00000000E+00  0.47502427E-31
  0.57574270E+14  0.00000000E+00  0.47309742E-31
  0.57619640E+14  0.00000000E+00  0.47118096E-31
  0.57665009E+14  0.00000000E+00  0.46927481E-31
  0.57710379E+14  0.00000000E+00  0.46737891E-31
  0.57755749E+14  0.00000000E+00  0.46549318E-31
  0.57801119E+14  0.00000000E+00  0.46361755E-31
  0.57846489E+14  0.00000000E+00  0.46175196E-31
  0.57891858E+14  0.00000000E+00  0.45989634E-31
  0.57937228E+14  0.00000000E+00  0.45805062E-31
  0.57982598E+14  0.00000000E+00  0.45621474E-31
  0.58027968E+14  0.00000000E+00  0.45438861E-31
  0.58073337E+14  0.00000000E+00  0.45257219E-31
  0.58118707E+14  0.00000000E+00  0.45076540E-31
  0.58164077E+14  0.00000000E+00  0.44896818E-31
  0.58209447E+14  0.00000000E+00  0.44718047E-31
  0.58254817E+14  0.00000000E+00  0.44540220E-31
  0.58300186E+14  0.00000000E+00  0.44363330E-31
  0.58345556E+14  0.00000000E+00  0.44187372E-31
  0.58390926E+14  0.00000000E+00  0.44012340E-31
  0.58436296E+14  0.00000000E+00  0.43838226E-31
  0.58481666E+14  0.00000000E+00  0.43665025E-31
  0.58527035E+14  0.00000000E+00  0.43492732E-31
  0.58572405E+14  0.00000000E+00  0.43321339E-31
  0.58617775E+14  0.00000000E+00  0.43150841E-31
  0.58663145E+14  0.00000000E+00  0.42981231E-31
  0.58708515E+14  0.00000000E+00  0.42812505E-31
  0.58753884E+14  0.00000000E+00  0.42644656E-31
  0.58799254E+14  0.00000000E+00  0.42477679E-31
  0.58844624E+14  0.00000000E+00  0.42311567E-31
  0.58889994E+14  0.00000000E+00  0.42146315E-31
  0.58935364E+14  0.00000000E+00  0.41981917E-31
  0.58980733E+14  0.00000000E+00  0.41818369E-31
  0.59026103E+14  0.00000000E+00  0.41655663E-31
  0.59071473E+14  0.00000000E+00  0.41493795E-31
  0.59116843E+14  0.00000000E+00  0.41332759E-31
  0.59162213E+14  0.00000000E+00  0.41172550E-31
  0.59207582E+14  0.00000000E+00  0.41013162E-31
  0.59252952E+14  0.00000000E+00  0.40854591E-31
  0.59298322E+14  0.00000000E+00  0.40696830E-31
  0.59343692E+14  0.00000000E+00  0.40539874E-31
  0.59389062E+14  0.00000000E+00  0.40383719E-31
  0.59434431E+14  0.00000000E+00  0.40228359E-31
  0.59479801E+14  0.00000000E+00  0.40073789E-31
  0.59525171E+14  0.00000000E+00  0.39920004E-31
  0.59570541E+14  0.00000000E+00  0.39766999E-31
  0.59615911E+14  0.00000000E+00  0.39614768E-31
  0.59661280E+14  0.00000000E+00  0.39463308E-31
  0.59706650E+14  0.00000000E+00  0.39312612E-31
  0.59752020E+14  0.00000000E+00  0.39162676E-31
  0.59797390E+14  0.00000000E+00  0.39013496E-31
  0.59842759E+14  0.00000000E+00  0.38865066E-31
  0.59888129E+14  0.00000000E+00  0.38717381E-31
  0.59933499E+14  0.00000000E+00  0.38570438E-31
  0.59978869E+14  0.00000000E+00  0.38424230E-31
  0.60024239E+14  0.00000000E+00  0.38278754E-31
  0.60069608E+14  0.00000000E+00  0.38134005E-31
  0.60114978E+14  0.00000000E+00  0.37989978E-31
  0.60160348E+14  0.00000000E+00  0.37846669E-31
  0.60205718E+14  0.00000000E+00  0.37704073E-31
  0.60251088E+14  0.00000000E+00  0.37562186E-31
  0.60296457E+14  0.00000000E+00  0.37421003E-31
  0.60341827E+14  0.00000000E+00  0.37280520E-31
  0.60387197E+14  0.00000000E+00  0.37140732E-31
  0.60432567E+14  0.00000000E+00  0.37001636E-31
  0.60477937E+14  0.00000000E+00  0.36863226E-31
  0.60523306E+14  0.00000000E+00  0.36725498E-31
  0.60568676E+14  0.00000000E+00  0.36588449E-31
  0.60614046E+14  0.00000000E+00  0.36452074E-31
  0.60659416E+14  0.00000000E+00  0.36316369E-31
  0.60704786E+14  0.00000000E+00  0.36181329E-31
  0.60750155E+14  0.00000000E+00  0.36046951E-31
  0.60795525E+14  0.00000000E+00  0.35913230E-31
  0.60840895E+14  0.00000000E+00  0.35780163E-31
  0.60886265E+14  0.00000000E+00  0.35647745E-31
  0.60931635E+14  0.00000000E+00  0.35515973E-31
  0.60977004E+14  0.00000000E+00  0.35384841E-31
  0.61022374E+14  0.00000000E+00  0.35254348E-31
  0.61067744E+14  0.00000000E+00  0.35124487E-31
  0.61113114E+14  0.00000000E+00  0.34995257E-31
  0.61158484E+14  0.00000000E+00  0.34866652E-31
  0.61203853E+14  0.00000000E+00  0.34738669E-31
  0.61249223E+14  0.00000000E+00  0.34611305E-31
  0.61294593E+14  0.00000000E+00  0.34484555E-31
  0.61339963E+14  0.00000000E+00  0.34358415E-31
  0.61385333E+14  0.00000000E+00  0.34232883E-31
  0.61430702E+14  0.00000000E+00  0.34107954E-31
  0.61476072E+14  0.00000000E+00  0.33983624E-31
  0.61521442E+14  0.00000000E+00  0.33859890E-31
  0.61566812E+14  0.00000000E+00  0.33736749E-31
  0.61612181E+14  0.00000000E+00  0.33614197E-31
  0.61657551E+14  0.00000000E+00  0.33492230E-31
  0.61702921E+14  0.00000000E+00  0.33370844E-31
  0.61748291E+14  0.00000000E+00  0.33250037E-31
  0.61793661E+14  0.00000000E+00  0.33129805E-31
  0.61839030E+14  0.00000000E+00  0.33010144E-31
  0.61884400E+14  0.00000000E+00  0.32891051E-31
  0.61929770E+14  0.00000000E+00  0.32772522E-31
  0.61975140E+14  0.00000000E+00  0.32654555E-31
  0.62020510E+14  0.00000000E+00  0.32537145E-31
  0.62065879E+14  0.00000000E+00  0.32420290E-31
  0.62111249E+14  0.00000000E+00  0.32303986E-31
  0.62156619E+14  0.00000000E+00  0.32188230E-31
  0.62201989E+14  0.00000000E+00  0.32073019E-31
  0.62247359E+14  0.00000000E+00  0.31958349E-31
  0.62292728E+14  0.00000000E+00  0.31844217E-31
  0.62338098E+14  0.00000000E+00  0.31730620E-31
  0.62383468E+14  0.00000000E+00  0.31617556E-31
  0.62428838E+14  0.00000000E+00  0.31505020E-31
  0.62474208E+14  0.00000000E+00  0.31393009E-31
  0.62519577E+14  0.00000000E+00  0.31281522E-31
  0.62564947E+14  0.00000000E+00  0.31170553E-31
  0.62610317E+14  0.00000000E+00  0.31060101E-31
  0.62655687E+14  0.00000000E+00  0.30950163E-31
  0.62701057E+14  0.00000000E+00  0.30840735E-31
  0.62746426E+14  0.00000000E+00  0.30731814E-31
  0.62791796E+14  0.00000000E+00  0.30623398E-31
  0.62837166E+14  0.00000000E+00  0.30515484E-31
  0.62882536E+14  0.00000000E+00  0.30408068E-31
  0.62927906E+14  0.00000000E+00  0.30301148E-31
  0.62973275E+14  0.00000000E+00  0.30194721E-31
  0.63018645E+14  0.00000000E+00  0.30088783E-31
  0.63064015E+14  0.00000000E+00  0.29983333E-31
  0.63109385E+14  0.00000000E+00  0.29878367E-31
  0.63154755E+14  0.00000000E+00  0.29773883E-31
  0.63200124E+14  0.00000000E+00  0.29669878E-31
  0.63245494E+14  0.00000000E+00  0.29566348E-31
  0.63290864E+14  0.00000000E+00  0.29463292E-31
  0.63336234E+14  0.00000000E+00  0.29360706E-31
  0.63381603E+14  0.00000000E+00  0.29258589E-31
  0.63426973E+14  0.00000000E+00  0.29156936E-31
  0.63472343E+14  0.00000000E+00  0.29055746E-31
  0.63517713E+14  0.00000000E+00  0.28955016E-31
  0.63563083E+14  0.00000000E+00  0.28854743E-31
  0.63608452E+14  0.00000000E+00  0.28754925E-31
  0.63653822E+14  0.00000000E+00  0.28655559E-31
  0.63699192E+14  0.00000000E+00  0.28556642E-31
  0.63744562E+14  0.00000000E+00  0.28458173E-31
  0.63789932E+14  0.00000000E+00  0.28360147E-31
  0.63835301E+14  0.00000000E+00  0.28262564E-31
  0.63880671E+14  0.00000000E+00  0.28165420E-31
  0.63926041E+14  0.00000000E+00  0.28068713E-31
  0.63971411E+14  0.00000000E+00  0.27972440E-31
  0.64016781E+14  0.00000000E+00  0.27876600E-31
  0.64062150E+14  0.00000000E+00  0.27781189E-31
  0.64107520E+14  0.00000000E+00  0.27686205E-31
  0.64152890E+14  0.00000000E+00  0.27591646E-31
  0.64198260E+14  0.00000000E+00  0.27497509E-31
  0.64243630E+14  0.00000000E+00  0.27403792E-31
  0.64288999E+14  0.00000000E+00  0.27310493E-31
  0.64334369E+14  0.00000000E+00  0.27217609E-31
  0.64379739E+14  0.00000000E+00  0.27125138E-31
  0.64425109E+14  0.00000000E+00  0.27033078E-31
  0.64470479E+14  0.00000000E+00  0.26941427E-31
  0.64515848E+14  0.00000000E+00  0.26850181E-31
  0.64561218E+14  0.00000000E+00  0.26759339E-31
  0.64606588E+14  0.00000000E+00  0.26668899E-31
  0.64651958E+14  0.00000000E+00  0.26578859E-31
  0.64697328E+14  0.00000000E+00  0.26489215E-31
  0.64742697E+14  0.00000000E+00  0.26399967E-31
  0.64788067E+14  0.00000000E+00  0.26311112E-31
  0.64833437E+14  0.00000000E+00  0.26222647E-31
  0.64878807E+14  0.00000000E+00  0.26134570E-31
  0.64924177E+14  0.00000000E+00  0.26046881E-31
  0.64969546E+14  0.00000000E+00  0.25959575E-31
  0.65014916E+14  0.00000000E+00  0.25872651E-31
  0.65060286E+14  0.00000000E+00  0.25786108E-31
  0.65105656E+14  0.00000000E+00  0.25699942E-31
  0.65151025E+14  0.00000000E+00  0.25614153E-31
  0.65196395E+14  0.00000000E+00  0.25528737E-31
  0.65241765E+14  0.00000000E+00  0.25443693E-31
  0.65287135E+14  0.00000000E+00  0.25359019E-31
  0.65332505E+14  0.00000000E+00  0.25274713E-31
  0.65377874E+14  0.00000000E+00  0.25190772E-31
  0.65423244E+14  0.00000000E+00  0.25107195E-31
  0.65468614E+14  0.00000000E+00  0.25023981E-31
  0.65513984E+14  0.00000000E+00  0.24941125E-31
  0.65559354E+14  0.00000000E+00  0.24858628E-31
  0.65604723E+14  0.00000000E+00  0.24776487E-31
  0.65650093E+14  0.00000000E+00  0.24694700E-31
  0.65695463E+14  0.00000000E+00  0.24613265E-31
  0.65740833E+14  0.00000000E+00  0.24532180E-31
  0.65786203E+14  0.00000000E+00  0.24451444E-31
  0.65831572E+14  0.00000000E+00  0.24371054E-31
  0.65876942E+14  0.00000000E+00  0.24291009E-31
  0.65922312E+14  0.00000000E+00  0.24211306E-31
  0.65967682E+14  0.00000000E+00  0.24131945E-31
  0.66013052E+14  0.00000000E+00  0.24052923E-31
  0.66058421E+14  0.00000000E+00  0.23974238E-31
  0.66103791E+14  0.00000000E+00  0.23895888E-31
  0.66149161E+14  0.00000000E+00  0.23817872E-31
  0.66194531E+14  0.00000000E+00  0.23740189E-31
  0.66239901E+14  0.00000000E+00  0.23662835E-31
  0.66285270E+14  0.00000000E+00  0.23585810E-31
  0.66330640E+14  0.00000000E+00  0.23509111E-31
  0.66376010E+14  0.00000000E+00  0.23432738E-31
  0.66421380E+14  0.00000000E+00  0.23356688E-31
  0.66466750E+14  0.00000000E+00  0.23280959E-31
  0.66512119E+14  0.00000000E+00  0.23205550E-31
  0.66557489E+14  0.00000000E+00  0.23130459E-31
  0.66602859E+14  0.00000000E+00  0.23055685E-31
  0.66648229E+14  0.00000000E+00  0.22981225E-31
  0.66693599E+14  0.00000000E+00  0.22907079E-31
  0.66738968E+14  0.00000000E+00  0.22833244E-31
  0.66784338E+14  0.00000000E+00  0.22759719E-31
  0.66829708E+14  0.00000000E+00  0.22686503E-31
  0.66875078E+14  0.00000000E+00  0.22613593E-31
  0.66920447E+14  0.00000000E+00  0.22540988E-31
  0.66965817E+14  0.00000000E+00  0.22468686E-31
  0.67011187E+14  0.00000000E+00  0.22396686E-31
  0.67056557E+14  0.00000000E+00  0.22324987E-31
  0.67101927E+14  0.00000000E+00  0.22253586E-31
  0.67147296E+14  0.00000000E+00  0.22182483E-31
  0.67192666E+14  0.00000000E+00  0.22111675E-31
  0.67238036E+14  0.00000000E+00  0.22041161E-31
  0.67283406E+14  0.00000000E+00  0.21970940E-31
  0.67328776E+14  0.00000000E+00  0.21901009E-31
  0.67374145E+14  0.00000000E+00  0.21831369E-31
  0.67419515E+14  0.00000000E+00  0.21762016E-31
  0.67464885E+14  0.00000000E+00  0.21692950E-31
  0.67510255E+14  0.00000000E+00  0.21624169E-31
  0.67555625E+14  0.00000000E+00  0.21555672E-31
  0.67600994E+14  0.00000000E+00  0.21487457E-31
  0.67646364E+14  0.00000000E+00  0.21419522E-31
  0.67691734E+14  0.00000000E+00  0.21351867E-31
  0.67737104E+14  0.00000000E+00  0.21284490E-31
  0.67782474E+14  0.00000000E+00  0.21217389E-31
  0.67827843E+14  0.00000000E+00  0.21150563E-31
  0.67873213E+14  0.00000000E+00  0.21084010E-31
  0.67918583E+14  0.00000000E+00  0.21017730E-31
  0.67963953E+14  0.00000000E+00  0.20951721E-31
  0.68009323E+14  0.00000000E+00  0.20885981E-31
  0.68054692E+14  0.00000000E+00  0.20820509E-31
  0.68100062E+14  0.00000000E+00  0.20755304E-31
  0.68145432E+14  0.00000000E+00  0.20690365E-31
  0.68190802E+14  0.00000000E+00  0.20625689E-31
  0.68236172E+14  0.00000000E+00  0.20561276E-31
  0.68281541E+14  0.00000000E+00  0.20497124E-31
  0.68326911E+14  0.00000000E+00  0.20433233E-31
  0.68372281E+14  0.00000000E+00  0.20369600E-31
  0.68417651E+14  0.00000000E+00  0.20306224E-31
  0.68463021E+14  0.00000000E+00  0.20243104E-31
  0.68508390E+14  0.00000000E+00  0.20180240E-31
  0.68553760E+14  0.00000000E+00  0.20117629E-31
  0.68599130E+14  0.00000000E+00  0.20055270E-31
  0.68644500E+14  0.00000000E+00  0.19993162E-31
  0.68689869E+14  0.00000000E+00  0.19931304E-31
  0.68735239E+14  0.00000000E+00  0.19869694E-31
  0.68780609E+14  0.00000000E+00  0.19808332E-31
  0.68825979E+14  0.00000000E+00  0.19747215E-31
  0.68871349E+14  0.00000000E+00  0.19686344E-31
  0.68916718E+14  0.00000000E+00  0.19625716E-31
  0.68962088E+14  0.00000000E+00  0.19565330E-31
  0.69007458E+14  0.00000000E+00  0.19505186E-31
  0.69052828E+14  0.00000000E+00  0.19445281E-31
  0.69098198E+14  0.00000000E+00  0.19385615E-31
  0.69143567E+14  0.00000000E+00  0.19326187E-31
  0.69188937E+14  0.00000000E+00  0.19266995E-31
  0.69234307E+14  0.00000000E+00  0.19208038E-31
  0.69279677E+14  0.00000000E+00  0.19149316E-31
  0.69325047E+14  0.00000000E+00  0.19090826E-31
  0.69370416E+14  0.00000000E+00  0.19032568E-31
  0.69415786E+14  0.00000000E+00  0.18974541E-31
  0.69461156E+14  0.00000000E+00  0.18916743E-31
  0.69506526E+14  0.00000000E+00  0.18859173E-31
  0.69551896E+14  0.00000000E+00  0.18801831E-31
  0.69597265E+14  0.00000000E+00  0.18744715E-31
  0.69642635E+14  0.00000000E+00  0.18687824E-31
  0.69688005E+14  0.00000000E+00  0.18631156E-31
  0.69733375E+14  0.00000000E+00  0.18574712E-31
  0.69778745E+14  0.00000000E+00  0.18518489E-31
  0.69824114E+14  0.00000000E+00  0.18462487E-31
  0.69869484E+14  0.00000000E+00  0.18406705E-31
  0.69914854E+14  0.00000000E+00  0.18351140E-31
  0.69960224E+14  0.00000000E+00  0.18295794E-31
  0.70005594E+14  0.00000000E+00  0.18240664E-31
  0.70050963E+14  0.00000000E+00  0.18185749E-31
  0.70096333E+14  0.00000000E+00  0.18131048E-31
  0.70141703E+14  0.00000000E+00  0.18076560E-31
  0.70187073E+14  0.00000000E+00  0.18022285E-31
  0.70232443E+14  0.00000000E+00  0.17968221E-31
  0.70277812E+14  0.00000000E+00  0.17914367E-31
  0.70323182E+14  0.00000000E+00  0.17860722E-31
  0.70368552E+14  0.00000000E+00  0.17807285E-31
  0.70413922E+14  0.00000000E+00  0.17754056E-31
  0.70459291E+14  0.00000000E+00  0.17701032E-31
  0.70504661E+14  0.00000000E+00  0.17648214E-31
  0.70550031E+14  0.00000000E+00  0.17595600E-31
  0.70595401E+14  0.00000000E+00  0.17543189E-31
  0.70640771E+14  0.00000000E+00  0.17490980E-31
  0.70686140E+14  0.00000000E+00  0.17438973E-31
  0.70731510E+14  0.00000000E+00  0.17387165E-31
  0.70776880E+14  0.00000000E+00  0.17335557E-31
  0.70822250E+14  0.00000000E+00  0.17284148E-31
  0.70867620E+14  0.00000000E+00  0.17232935E-31
  0.70912989E+14  0.00000000E+00  0.17181920E-31
  0.70958359E+14  0.00000000E+00  0.17131099E-31
  0.71003729E+14  0.00000000E+00  0.17080474E-31
  0.71049099E+14  0.00000000E+00  0.17030042E-31
  0.71094469E+14  0.00000000E+00  0.16979802E-31
  0.71139838E+14  0.00000000E+00  0.16929755E-31
  0.71185208E+14  0.00000000E+00  0.16879899E-31
  0.71230578E+14  0.00000000E+00  0.16830232E-31
  0.71275948E+14  0.00000000E+00  0.16780755E-31
  0.71321318E+14  0.00000000E+00  0.16731466E-31
  0.71366687E+14  0.00000000E+00  0.16682364E-31
  0.71412057E+14  0.00000000E+00  0.16633449E-31
  0.71457427E+14  0.00000000E+00  0.16584719E-31
  0.71502797E+14  0.00000000E+00  0.16536174E-31
  0.71548167E+14  0.00000000E+00  0.16487813E-31
  0.71593536E+14  0.00000000E+00  0.16439635E-31
  0.71638906E+14  0.00000000E+00  0.16391639E-31
  0.71684276E+14  0.00000000E+00  0.16343824E-31
  0.71729646E+14  0.00000000E+00  0.16296190E-31
  0.71775016E+14  0.00000000E+00  0.16248735E-31
  0.71820385E+14  0.00000000E+00  0.16201459E-31
  0.71865755E+14  0.00000000E+00  0.16154361E-31
  0.71911125E+14  0.00000000E+00  0.16107440E-31
  0.71956495E+14  0.00000000E+00  0.16060695E-31
  0.72001865E+14  0.00000000E+00  0.16014125E-31
  0.72047234E+14  0.00000000E+00  0.15967730E-31
  0.72092604E+14  0.00000000E+00  0.15921509E-31
  0.72137974E+14  0.00000000E+00  0.15875461E-31
  0.72183344E+14  0.00000000E+00  0.15829585E-31
  0.72228713E+14  0.00000000E+00  0.15783881E-31
  0.72274083E+14  0.00000000E+00  0.15738347E-31
  0.72319453E+14  0.00000000E+00  0.15692983E-31
  0.72364823E+14  0.00000000E+00  0.15647788E-31
  0.72410193E+14  0.00000000E+00  0.15602761E-31
  0.72455562E+14  0.00000000E+00  0.15557902E-31
  0.72500932E+14  0.00000000E+00  0.15513209E-31
  0.72546302E+14  0.00000000E+00  0.15468682E-31
  0.72591672E+14  0.00000000E+00  0.15424321E-31
  0.72637042E+14  0.00000000E+00  0.15380124E-31
  0.72682411E+14  0.00000000E+00  0.15336090E-31
  0.72727781E+14  0.00000000E+00  0.15292219E-31
  0.72773151E+14  0.00000000E+00  0.15248511E-31
  0.72818521E+14  0.00000000E+00  0.15204964E-31
  0.72863891E+14  0.00000000E+00  0.15161577E-31
  0.72909260E+14  0.00000000E+00  0.15118351E-31
  0.72954630E+14  0.00000000E+00  0.15075283E-31
  0.73000000E+14  0.00000000E+00  0.15032375E-31
