  0.45369795E+11  0.40207571E-30 -0.24064108E-28
  0.90739590E+11  0.47915903E-30 -0.23842573E-28
  0.13610938E+12  0.63728332E-30 -0.23750485E-28
  0.18147918E+12  0.85680228E-30 -0.23591282E-28
  0.22684897E+12  0.99791333E-30 -0.23279289E-28
  0.27221877E+12  0.87930055E-30 -0.22963434E-28
  0.31758856E+12  0.61595064E-30 -0.22911401E-28
  0.36295836E+12  0.56742095E-30 -0.23059619E-28
  0.40832815E+12  0.64825066E-30 -0.23085207E-28
  0.45369795E+12  0.68412682E-30 -0.23075847E-28
  0.49906774E+12  0.73072148E-30 -0.23084941E-28
  0.54443754E+12  0.82154263E-30 -0.23067895E-28
  0.58980733E+12  0.87707351E-30 -0.22998127E-28
  0.63517713E+12  0.88473282E-30 -0.22926487E-28
  0.68054692E+12  0.85539544E-30 -0.22897230E-28
  0.72591672E+12  0.85988425E-30 -0.22918935E-28
  0.77128651E+12  0.88805501E-30 -0.22920707E-28
  0.81665631E+12  0.89835010E-30 -0.22938638E-28
  0.86202610E+12  0.96812725E-30 -0.22979623E-28
  0.90739590E+12  0.10624194E-29 -0.22951228E-28
  0.95276569E+12  0.11249875E-29 -0.22882920E-28
  0.99813549E+12  0.11174309E-29 -0.22813807E-28
  0.10435053E+13  0.10867890E-29 -0.22801135E-28
  0.10888751E+13  0.10823346E-29 -0.22829564E-28
  0.11342449E+13  0.11188009E-29 -0.22863346E-28
  0.11796147E+13  0.11649534E-29 -0.22883759E-28
  0.12249845E+13  0.12495565E-29 -0.22884931E-28
  0.12703543E+13  0.13005628E-29 -0.22838514E-28
  0.13157241E+13  0.13177324E-29 -0.22802822E-28
  0.13610938E+13  0.13184477E-29 -0.22790472E-28
  0.14064636E+13  0.13393744E-29 -0.22806550E-28
  0.14518334E+13  0.13764308E-29 -0.22813898E-28
  0.14972032E+13  0.14220465E-29 -0.22809648E-28
  0.15425730E+13  0.14579069E-29 -0.22797370E-28
  0.15879428E+13  0.14901115E-29 -0.22780517E-28
  0.16333126E+13  0.15054375E-29 -0.22776150E-28
  0.16786824E+13  0.15337667E-29 -0.22783069E-28
  0.17240522E+13  0.15687008E-29 -0.22791018E-28
  0.17694220E+13  0.16204199E-29 -0.22781823E-28
  0.18147918E+13  0.16477327E-29 -0.22768077E-28
  0.18601616E+13  0.16724395E-29 -0.22766749E-28
  0.19055314E+13  0.17127695E-29 -0.22768409E-28
  0.19509012E+13  0.17437261E-29 -0.22758510E-28
  0.19962710E+13  0.17738494E-29 -0.22751577E-28
  0.20416408E+13  0.18000978E-29 -0.22747326E-28
  0.20870106E+13  0.18268842E-29 -0.22750246E-28
  0.21323804E+13  0.18559951E-29 -0.22756037E-28
  0.21777502E+13  0.18934229E-29 -0.22767592E-28
  0.22231200E+13  0.19455320E-29 -0.22772996E-28
  0.22684897E+13  0.19985942E-29 -0.22749471E-28
  0.23138595E+13  0.20230206E-29 -0.22720828E-28
  0.23592293E+13  0.20317872E-29 -0.22709552E-28
  0.24045991E+13  0.20377475E-29 -0.22723532E-28
  0.24499689E+13  0.20711018E-29 -0.22747714E-28
  0.24953387E+13  0.21185404E-29 -0.22764740E-28
  0.25407085E+13  0.21785820E-29 -0.22765696E-28
  0.25860783E+13  0.22278003E-29 -0.22742049E-28
  0.26314481E+13  0.22503692E-29 -0.22719148E-28
  0.26768179E+13  0.22632405E-29 -0.22713869E-28
  0.27221877E+13  0.22819139E-29 -0.22728040E-28
  0.27675575E+13  0.23193425E-29 -0.22744890E-28
  0.28129273E+13  0.23674303E-29 -0.22749217E-28
  0.28582971E+13  0.24106526E-29 -0.22744913E-28
  0.29036669E+13  0.24543394E-29 -0.22733456E-28
  0.29490367E+13  0.24787628E-29 -0.22717865E-28
  0.29944065E+13  0.24972693E-29 -0.22717133E-28
  0.30397763E+13  0.25230518E-29 -0.22724216E-28
  0.30851461E+13  0.25536070E-29 -0.22735173E-28
  0.31305158E+13  0.25907870E-29 -0.22743875E-28
  0.31758856E+13  0.26284277E-29 -0.22751901E-28
  0.32212554E+13  0.26769115E-29 -0.22762832E-28
  0.32666252E+13  0.27307756E-29 -0.22751890E-28
  0.33119950E+13  0.27706447E-29 -0.22732969E-28
  0.33573648E+13  0.27941867E-29 -0.22712876E-28
  0.34027346E+13  0.28024784E-29 -0.22711343E-28
  0.34481044E+13  0.28211057E-29 -0.22724053E-28
  0.34934742E+13  0.28501882E-29 -0.22748574E-28
  0.35388440E+13  0.28974651E-29 -0.22768671E-28
  0.35842138E+13  0.29594775E-29 -0.22773463E-28
  0.36295836E+13  0.30069671E-29 -0.22754629E-28
  0.36749534E+13  0.30359576E-29 -0.22737375E-28
  0.37203232E+13  0.30503412E-29 -0.22733080E-28
  0.37656930E+13  0.30764379E-29 -0.22751514E-28
  0.38110628E+13  0.31185492E-29 -0.22764472E-28
  0.38564326E+13  0.31648187E-29 -0.22768587E-28
  0.39018024E+13  0.32113430E-29 -0.22761652E-28
  0.39471722E+13  0.32418261E-29 -0.22749015E-28
  0.39925420E+13  0.32631797E-29 -0.22748342E-28
  0.40379117E+13  0.32889591E-29 -0.22758451E-28
  0.40832815E+13  0.33238457E-29 -0.22775587E-28
  0.41286513E+13  0.33711987E-29 -0.22785212E-28
  0.41740211E+13  0.34156677E-29 -0.22784701E-28
  0.42193909E+13  0.34558954E-29 -0.22781415E-28
  0.42647607E+13  0.34901781E-29 -0.22778659E-28
  0.43101305E+13  0.35250337E-29 -0.22780119E-28
  0.43555003E+13  0.35598377E-29 -0.22782482E-28
  0.44008701E+13  0.35954205E-29 -0.22783717E-28
  0.44462399E+13  0.36270479E-29 -0.22785480E-28
  0.44916097E+13  0.36580800E-29 -0.22791854E-28
  0.45369795E+13  0.36948845E-29 -0.22808368E-28
  0.45823493E+13  0.37433322E-29 -0.22812278E-28
  0.46277191E+13  0.37867860E-29 -0.22811827E-28
  0.46730889E+13  0.38250729E-29 -0.22805105E-28
  0.47184587E+13  0.38524005E-29 -0.22807060E-28
  0.47638285E+13  0.38847634E-29 -0.22815069E-28
  0.48091983E+13  0.39233203E-29 -0.22827966E-28
  0.48545681E+13  0.39692961E-29 -0.22837384E-28
  0.48999378E+13  0.40199022E-29 -0.22833287E-28
  0.49453076E+13  0.40553435E-29 -0.22821970E-28
  0.49906774E+13  0.40773057E-29 -0.22820576E-28
  0.50360472E+13  0.40995747E-29 -0.22837894E-28
  0.50814170E+13  0.41439061E-29 -0.22861566E-28
  0.51267868E+13  0.41983624E-29 -0.22874183E-28
  0.51721566E+13  0.42563088E-29 -0.22871178E-28
  0.52175264E+13  0.42986639E-29 -0.22855375E-28
  0.52628962E+13  0.43252909E-29 -0.22845826E-28
  0.53082660E+13  0.43455080E-29 -0.22852134E-28
  0.53536358E+13  0.43748717E-29 -0.22872301E-28
  0.53990056E+13  0.44213112E-29 -0.22893158E-28
  0.54443754E+13  0.44738572E-29 -0.22901590E-28
  0.54897452E+13  0.45238461E-29 -0.22902905E-28
  0.55351150E+13  0.45671915E-29 -0.22895485E-28
  0.55804848E+13  0.45998710E-29 -0.22898057E-28
  0.56258546E+13  0.46369856E-29 -0.22903481E-28
  0.56712244E+13  0.46763622E-29 -0.22913285E-28
  0.57165942E+13  0.47185381E-29 -0.22918040E-28
  0.57619640E+13  0.47579067E-29 -0.22925062E-28
  0.58073337E+13  0.47997287E-29 -0.22934862E-28
  0.58527035E+13  0.48471887E-29 -0.22938479E-28
  0.58980733E+13  0.48873207E-29 -0.22940593E-28
  0.59434431E+13  0.49271996E-29 -0.22944892E-28
  0.59888129E+13  0.49630867E-29 -0.22953477E-28
  0.60341827E+13  0.50047308E-29 -0.22965800E-28
  0.60795525E+13  0.50496391E-29 -0.22981517E-28
  0.61249223E+13  0.51072684E-29 -0.22991843E-28
  0.61702921E+13  0.51616191E-29 -0.22986278E-28
  0.62156619E+13  0.52034834E-29 -0.22975628E-28
  0.62610317E+13  0.52302186E-29 -0.22972814E-28
  0.63064015E+13  0.52559819E-29 -0.22987878E-28
  0.63517713E+13  0.52964817E-29 -0.23014746E-28
  0.63971411E+13  0.53534535E-29 -0.23035137E-28
  0.64425109E+13  0.54175079E-29 -0.23041211E-28
  0.64878807E+13  0.54683240E-29 -0.23033594E-28
  0.65332505E+13  0.55080688E-29 -0.23029392E-28
  0.65786203E+13  0.55392764E-29 -0.23036173E-28
  0.66239901E+13  0.55816190E-29 -0.23054229E-28
  0.66693599E+13  0.56337987E-29 -0.23070010E-28
  0.67147296E+13  0.56921480E-29 -0.23076288E-28
  0.67600994E+13  0.57413839E-29 -0.23070157E-28
  0.68054692E+13  0.57770410E-29 -0.23071846E-28
  0.68508390E+13  0.58144622E-29 -0.23086744E-28
  0.68962088E+13  0.58616177E-29 -0.23106043E-28
  0.69415786E+13  0.59178596E-29 -0.23120660E-28
  0.69869484E+13  0.59756822E-29 -0.23127234E-28
  0.70323182E+13  0.60307824E-29 -0.23128888E-28
  0.70776880E+13  0.60736219E-29 -0.23129830E-28
  0.71230578E+13  0.61206163E-29 -0.23138881E-28
  0.71684276E+13  0.61675206E-29 -0.23149582E-28
  0.72137974E+13  0.62200297E-29 -0.23159702E-28
  0.72591672E+13  0.62686451E-29 -0.23167133E-28
  0.73045370E+13  0.63173447E-29 -0.23179879E-28
  0.73499068E+13  0.63724918E-29 -0.23192326E-28
  0.73952766E+13  0.64274815E-29 -0.23202801E-28
  0.74406464E+13  0.64854590E-29 -0.23209999E-28
  0.74860162E+13  0.65368187E-29 -0.23213719E-28
  0.75313860E+13  0.65871351E-29 -0.23222507E-28
  0.75767557E+13  0.66377892E-29 -0.23236358E-28
  0.76221255E+13  0.66991962E-29 -0.23249131E-28
  0.76674953E+13  0.67557045E-29 -0.23254317E-28
  0.77128651E+13  0.68102410E-29 -0.23258993E-28
  0.77582349E+13  0.68578151E-29 -0.23269468E-28
  0.78036047E+13  0.69103049E-29 -0.23288578E-28
  0.78489745E+13  0.69747428E-29 -0.23310112E-28
  0.78943443E+13  0.70484038E-29 -0.23319501E-28
  0.79397141E+13  0.71144900E-29 -0.23315676E-28
  0.79850839E+13  0.71654134E-29 -0.23312539E-28
  0.80304537E+13  0.72088628E-29 -0.23322468E-28
  0.80758235E+13  0.72608214E-29 -0.23348573E-28
  0.81211933E+13  0.73297499E-29 -0.23373450E-28
  0.81665631E+13  0.74090951E-29 -0.23388112E-28
  0.82119329E+13  0.74808919E-29 -0.23382681E-28
  0.82573027E+13  0.75353071E-29 -0.23383578E-28
  0.83026725E+13  0.75860650E-29 -0.23398416E-28
  0.83480423E+13  0.76516308E-29 -0.23422745E-28
  0.83934121E+13  0.77270927E-29 -0.23441105E-28
  0.84387819E+13  0.78082404E-29 -0.23449728E-28
  0.84841516E+13  0.78795200E-29 -0.23445252E-28
  0.85295214E+13  0.79333977E-29 -0.23448896E-28
  0.85748912E+13  0.79923483E-29 -0.23469894E-28
  0.86202610E+13  0.80637598E-29 -0.23496109E-28
  0.86656308E+13  0.81483544E-29 -0.23516404E-28
  0.87110006E+13  0.82323572E-29 -0.23525980E-28
  0.87563704E+13  0.83107550E-29 -0.23529526E-28
  0.88017402E+13  0.83855956E-29 -0.23537508E-28
  0.88471100E+13  0.84576336E-29 -0.23549185E-28
  0.88924798E+13  0.85392957E-29 -0.23565649E-28
  0.89378496E+13  0.86179828E-29 -0.23577105E-28
  0.89832194E+13  0.86985107E-29 -0.23593079E-28
  0.90285892E+13  0.87846481E-29 -0.23609088E-28
  0.90739590E+13  0.88711078E-29 -0.23625128E-28
  0.91193288E+13  0.89643929E-29 -0.23639760E-28
  0.91646986E+13  0.90557840E-29 -0.23652593E-28
  0.92100684E+13  0.91493679E-29 -0.23665216E-28
  0.92554382E+13  0.92455561E-29 -0.23681794E-28
  0.93008080E+13  0.93477068E-29 -0.23693635E-28
  0.93461778E+13  0.94478685E-29 -0.23704119E-28
  0.93915475E+13  0.95447515E-29 -0.23714318E-28
  0.94369173E+13  0.96452865E-29 -0.23734790E-28
  0.94822871E+13  0.97559105E-29 -0.23760227E-28
  0.95276569E+13  0.98811926E-29 -0.23778035E-28
  0.95730267E+13  0.10006325E-28 -0.23788297E-28
  0.96183965E+13  0.10124237E-28 -0.23793632E-28
  0.96637663E+13  0.10245260E-28 -0.23810485E-28
  0.97091361E+13  0.10375848E-28 -0.23833879E-28
  0.97545059E+13  0.10522494E-28 -0.23853884E-28
  0.97998757E+13  0.10674159E-28 -0.23864282E-28
  0.98452455E+13  0.10823931E-28 -0.23874016E-28
  0.98906153E+13  0.10978803E-28 -0.23894107E-28
  0.99359851E+13  0.11155621E-28 -0.23922781E-28
  0.99813549E+13  0.11356378E-28 -0.23944527E-28
  0.10026725E+14  0.11570290E-28 -0.23951578E-28
  0.10072094E+14  0.11791817E-28 -0.23957469E-28
  0.10117464E+14  0.12031851E-28 -0.23976694E-28
  0.10162834E+14  0.12325762E-28 -0.24010129E-28
  0.10208204E+14  0.12700703E-28 -0.24035443E-28
  0.10253574E+14  0.13208960E-28 -0.24054462E-28
  0.10298943E+14  0.14299043E-28 -0.23573393E-28
  0.10344313E+14  0.14128672E-28 -0.22714668E-28
  0.10389683E+14  0.14099608E-28 -0.22330984E-28
  0.10435053E+14  0.14060523E-28 -0.22023630E-28
  0.10480423E+14  0.14046228E-28 -0.21724997E-28
  0.10525792E+14  0.14013878E-28 -0.21490918E-28
  0.10571162E+14  0.13985199E-28 -0.21283877E-28
  0.10616532E+14  0.13946854E-28 -0.21085636E-28
  0.10661902E+14  0.13955141E-28 -0.20924142E-28
  0.10707272E+14  0.13923585E-28 -0.20734323E-28
  0.10752641E+14  0.13905755E-28 -0.20547873E-28
  0.10798011E+14  0.13864088E-28 -0.20427411E-28
  0.10843381E+14  0.13856936E-28 -0.20272659E-28
  0.10888751E+14  0.13860301E-28 -0.20126393E-28
  0.10934121E+14  0.13816289E-28 -0.19960986E-28
  0.10979490E+14  0.13777491E-28 -0.19844359E-28
  0.11024860E+14  0.13758889E-28 -0.19727723E-28
  0.11070230E+14  0.13742448E-28 -0.19612433E-28
  0.11115600E+14  0.13738184E-28 -0.19473463E-28
  0.11160970E+14  0.13688561E-28 -0.19352368E-28
  0.11206339E+14  0.13675736E-28 -0.19248543E-28
  0.11251709E+14  0.13643860E-28 -0.19136330E-28
  0.11297079E+14  0.13641344E-28 -0.19026183E-28
  0.11342449E+14  0.13592807E-28 -0.18893447E-28
  0.11387819E+14  0.13551507E-28 -0.18810638E-28
  0.11433188E+14  0.13536023E-28 -0.18714937E-28
  0.11478558E+14  0.13518085E-28 -0.18619628E-28
  0.11523928E+14  0.13496367E-28 -0.18503023E-28
  0.11569298E+14  0.13446012E-28 -0.18397535E-28
  0.11614667E+14  0.13409519E-28 -0.18324224E-28
  0.11660037E+14  0.13398248E-28 -0.18233639E-28
  0.11705407E+14  0.13363281E-28 -0.18128061E-28
  0.11750777E+14  0.13323149E-28 -0.18033497E-28
  0.11796147E+14  0.13274612E-28 -0.17949402E-28
  0.11841516E+14  0.13246791E-28 -0.17884595E-28
  0.11886886E+14  0.13229219E-28 -0.17784811E-28
  0.11932256E+14  0.13172514E-28 -0.17697572E-28
  0.11977626E+14  0.13141187E-28 -0.17626566E-28
  0.12022996E+14  0.13099671E-28 -0.17539211E-28
  0.12068365E+14  0.13061671E-28 -0.17462794E-28
  0.12113735E+14  0.13009314E-28 -0.17378660E-28
  0.12159105E+14  0.12956466E-28 -0.17327697E-28
  0.12204475E+14  0.12934779E-28 -0.17259935E-28
  0.12249845E+14  0.12884615E-28 -0.17178823E-28
  0.12295214E+14  0.12836378E-28 -0.17119589E-28
  0.12340584E+14  0.12783583E-28 -0.17060053E-28
  0.12385954E+14  0.12739722E-28 -0.17021216E-28
  0.12431324E+14  0.12717252E-28 -0.16967944E-28
  0.12476694E+14  0.12674414E-28 -0.16915273E-28
  0.12522063E+14  0.12647429E-28 -0.16877203E-28
  0.12567433E+14  0.12621650E-28 -0.16826014E-28
  0.12612803E+14  0.12614269E-28 -0.16779557E-28
  0.12658173E+14  0.12580258E-28 -0.16713456E-28
  0.12703543E+14  0.12570656E-28 -0.16683014E-28
  0.12748912E+14  0.12568904E-28 -0.16618327E-28
  0.12794282E+14  0.12551037E-28 -0.16565979E-28
  0.12839652E+14  0.12549369E-28 -0.16514096E-28
  0.12885022E+14  0.12551444E-28 -0.16475662E-28
  0.12930392E+14  0.12601284E-28 -0.16428884E-28
  0.12975761E+14  0.12628762E-28 -0.16379564E-28
  0.13021131E+14  0.12735971E-28 -0.16336113E-28
  0.13066501E+14  0.12968749E-28 -0.16234215E-28
  0.13111871E+14  0.13217169E-28 -0.15884758E-28
  0.13157241E+14  0.13238145E-28 -0.15425554E-28
  0.13202610E+14  0.13167065E-28 -0.14984353E-28
  0.13247980E+14  0.13020451E-28 -0.14502612E-28
  0.13293350E+14  0.12712829E-28 -0.14044178E-28
  0.13338720E+14  0.12318093E-28 -0.13553363E-28
  0.13384089E+14  0.11506003E-28 -0.13325332E-28
  0.13429459E+14  0.10966379E-28 -0.13421251E-28
  0.13474829E+14  0.10528538E-28 -0.13541285E-28
  0.13520199E+14  0.10174223E-28 -0.13674143E-28
  0.13565569E+14  0.98523863E-29 -0.13806805E-28
  0.13610938E+14  0.95594701E-29 -0.13952621E-28
  0.13656308E+14  0.92872187E-29 -0.14109792E-28
  0.13701678E+14  0.90338888E-29 -0.14271174E-28
  0.13747048E+14  0.87950461E-29 -0.14452201E-28
  0.13792418E+14  0.85730549E-29 -0.14639701E-28
  0.13837787E+14  0.83756333E-29 -0.14847816E-28
  0.13883157E+14  0.81942552E-29 -0.15053672E-28
  0.13928527E+14  0.80102970E-29 -0.15275486E-28
  0.13973897E+14  0.78554330E-29 -0.15516257E-28
  0.14019267E+14  0.76989163E-29 -0.15760738E-28
  0.14064636E+14  0.75579552E-29 -0.16040674E-28
  0.14110006E+14  0.74421116E-29 -0.16340000E-28
  0.14155376E+14  0.73475554E-29 -0.16666817E-28
  0.14200746E+14  0.72788902E-29 -0.17023595E-28
  0.14246116E+14  0.72612965E-29 -0.17436870E-28
  0.14291485E+14  0.72902678E-29 -0.17883010E-28
  0.14336855E+14  0.74443134E-29 -0.18499840E-28
  0.14382225E+14  0.80857722E-29 -0.18949395E-28
  0.14427595E+14  0.86318258E-29 -0.18977189E-28
  0.14472965E+14  0.90482467E-29 -0.18921668E-28
  0.14518334E+14  0.93463644E-29 -0.18791836E-28
  0.14563704E+14  0.96055810E-29 -0.18642923E-28
  0.14609074E+14  0.98161246E-29 -0.18475810E-28
  0.14654444E+14  0.99251570E-29 -0.18287582E-28
  0.14699814E+14  0.10051283E-28 -0.18080026E-28
  0.14745183E+14  0.10115637E-28 -0.17839738E-28
  0.14790553E+14  0.10135695E-28 -0.17568916E-28
  0.14835923E+14  0.10138629E-28 -0.17123263E-28
  0.14881293E+14  0.94411120E-29 -0.16602209E-28
  0.14926663E+14  0.89161733E-29 -0.16772676E-28
  0.14972032E+14  0.84200101E-29 -0.16960193E-28
  0.15017402E+14  0.80572375E-29 -0.17372041E-28
  0.15062772E+14  0.78146776E-29 -0.17844198E-28
  0.15108142E+14  0.77284029E-29 -0.18352085E-28
  0.15153511E+14  0.77973464E-29 -0.18843708E-28
  0.15198881E+14  0.79513623E-29 -0.19297913E-28
  0.15244251E+14  0.82281107E-29 -0.19751124E-28
  0.15289621E+14  0.86337286E-29 -0.20016001E-28
  0.15334991E+14  0.89714540E-29 -0.20153276E-28
  0.15380360E+14  0.92819192E-29 -0.20249319E-28
  0.15425730E+14  0.95982002E-29 -0.20273557E-28
  0.15471100E+14  0.98400692E-29 -0.20304288E-28
  0.15516470E+14  0.10023763E-28 -0.20275582E-28
  0.15561840E+14  0.10164523E-28 -0.20316027E-28
  0.15607209E+14  0.10369260E-28 -0.20374268E-28
  0.15652579E+14  0.10521775E-28 -0.20345085E-28
  0.15697949E+14  0.10649534E-28 -0.20767635E-28
  0.15743319E+14  0.11145286E-28 -0.20813193E-28
  0.15788689E+14  0.11609899E-28 -0.20812800E-28
  0.15834058E+14  0.12024813E-28 -0.20688118E-28
  0.15879428E+14  0.12386698E-28 -0.20526467E-28
  0.15924798E+14  0.12743208E-28 -0.20312225E-28
  0.15970168E+14  0.13038535E-28 -0.20079683E-28
  0.16015538E+14  0.13387153E-28 -0.19819903E-28
  0.16060907E+14  0.13639313E-28 -0.19520158E-28
  0.16106277E+14  0.13879141E-28 -0.19175293E-28
  0.16151647E+14  0.14109795E-28 -0.18840543E-28
  0.16197017E+14  0.14343537E-28 -0.18456505E-28
  0.16242387E+14  0.14523175E-28 -0.18032208E-28
  0.16287756E+14  0.14693243E-28 -0.17560113E-28
  0.16333126E+14  0.14869630E-28 -0.17029753E-28
  0.16378496E+14  0.15028320E-28 -0.16340535E-28
  0.16423866E+14  0.15227320E-28 -0.15206395E-28
  0.16469236E+14  0.13931199E-28 -0.14232014E-28
  0.16514605E+14  0.13178832E-28 -0.14236616E-28
  0.16559975E+14  0.12697345E-28 -0.14239007E-28
  0.16605345E+14  0.12344504E-28 -0.14231222E-28
  0.16650715E+14  0.12026970E-28 -0.14206050E-28
  0.16696085E+14  0.11750827E-28 -0.14201807E-28
  0.16741454E+14  0.11529317E-28 -0.14181947E-28
  0.16786824E+14  0.11317910E-28 -0.14156211E-28
  0.16832194E+14  0.11119923E-28 -0.14122217E-28
  0.16877564E+14  0.10946295E-28 -0.14106376E-28
  0.16922933E+14  0.10815631E-28 -0.14073805E-28
  0.16968303E+14  0.10715554E-28 -0.14031369E-28
  0.17013673E+14  0.10687539E-28 -0.13998109E-28
  0.17059043E+14  0.11104570E-28 -0.13741783E-28
  0.17104413E+14  0.10711850E-28 -0.12705857E-28
  0.17149782E+14  0.99583769E-29 -0.12317912E-28
  0.17195152E+14  0.92523801E-29 -0.12157755E-28
  0.17240522E+14  0.84805681E-29 -0.12109548E-28
  0.17285892E+14  0.78696502E-29 -0.12319996E-28
  0.17331262E+14  0.73664382E-29 -0.12540394E-28
  0.17376631E+14  0.69548847E-29 -0.12745863E-28
  0.17422001E+14  0.65473088E-29 -0.12965917E-28
  0.17467371E+14  0.62042513E-29 -0.13187263E-28
  0.17512741E+14  0.58708686E-29 -0.13400544E-28
  0.17558111E+14  0.55609179E-29 -0.13626277E-28
  0.17603480E+14  0.52655703E-29 -0.13840577E-28
  0.17648850E+14  0.49906966E-29 -0.14063818E-28
  0.17694220E+14  0.47267309E-29 -0.14284399E-28
  0.17739590E+14  0.44889976E-29 -0.14488912E-28
  0.17784960E+14  0.42546272E-29 -0.14692995E-28
  0.17830329E+14  0.40553756E-29 -0.14847510E-28
  0.17875699E+14  0.37060299E-29 -0.14793145E-28
  0.17921069E+14  0.31282789E-29 -0.15125149E-28
  0.17966439E+14  0.28273830E-29 -0.15526604E-28
  0.18011809E+14  0.25544692E-29 -0.15886960E-28
  0.18057178E+14  0.23129340E-29 -0.16247460E-28
  0.18102548E+14  0.20963544E-29 -0.16602949E-28
  0.18147918E+14  0.18883827E-29 -0.16954491E-28
  0.18193288E+14  0.17041849E-29 -0.17310781E-28
  0.18238658E+14  0.15247580E-29 -0.17662830E-28
  0.18284027E+14  0.13611808E-29 -0.18020896E-28
  0.18329397E+14  0.12110905E-29 -0.18376154E-28
  0.18374767E+14  0.10652677E-29 -0.18733105E-28
  0.18420137E+14  0.93657306E-30 -0.19096982E-28
  0.18465507E+14  0.81212851E-30 -0.19455376E-28
  0.18510876E+14  0.70229392E-30 -0.19822298E-28
  0.18556246E+14  0.60554794E-30 -0.20188156E-28
  0.18601616E+14  0.51887575E-30 -0.20548581E-28
  0.18646986E+14  0.43971193E-30 -0.20903897E-28
  0.18692356E+14  0.36398048E-30 -0.21263606E-28
  0.18737725E+14  0.29234490E-30 -0.21619042E-28
  0.18783095E+14  0.22797598E-30 -0.21979260E-28
  0.18828465E+14  0.16831737E-30 -0.22340349E-28
  0.18873835E+14  0.11583768E-30 -0.22703558E-28
  0.18919204E+14  0.71199258E-31 -0.23069920E-28
  0.18964574E+14  0.33554823E-31 -0.23439609E-28
  0.19009944E+14  0.64988494E-32 -0.23812959E-28
  0.19055314E+14  0.00000000E+00 -0.24184636E-28
  0.19100684E+14  0.00000000E+00 -0.24540584E-28
  0.19146053E+14  0.00000000E+00 -0.24889748E-28
  0.19191423E+14  0.00000000E+00 -0.25235115E-28
  0.19236793E+14  0.00000000E+00 -0.25578256E-28
  0.19282163E+14  0.00000000E+00 -0.25920235E-28
  0.19327533E+14  0.00000000E+00 -0.26261852E-28
  0.19372902E+14  0.00000000E+00 -0.26603758E-28
  0.19418272E+14  0.00000000E+00 -0.26946503E-28
  0.19463642E+14  0.00000000E+00 -0.27290573E-28
  0.19509012E+14  0.00000000E+00 -0.27636401E-28
  0.19554382E+14  0.00000000E+00 -0.27984388E-28
  0.19599751E+14  0.00000000E+00 -0.28334907E-28
  0.19645121E+14  0.00000000E+00 -0.28688315E-28
  0.19690491E+14  0.00000000E+00 -0.29044949E-28
  0.19735861E+14  0.00000000E+00 -0.29405142E-28
  0.19781231E+14  0.00000000E+00 -0.29769214E-28
  0.19826600E+14  0.00000000E+00 -0.30137484E-28
  0.19871970E+14  0.00000000E+00 -0.30510269E-28
  0.19917340E+14  0.00000000E+00 -0.30887885E-28
  0.19962710E+14  0.00000000E+00 -0.31270648E-28
  0.20008080E+14  0.00000000E+00 -0.31658880E-28
  0.20053449E+14  0.00000000E+00 -0.32052906E-28
  0.20098819E+14  0.00000000E+00 -0.32453059E-28
  0.20144189E+14  0.00000000E+00 -0.32859676E-28
  0.20189559E+14  0.00000000E+00 -0.33273107E-28
  0.20234929E+14  0.00000000E+00 -0.33693710E-28
  0.20280298E+14  0.00000000E+00 -0.34121855E-28
  0.20325668E+14  0.00000000E+00 -0.34557925E-28
  0.20371038E+14  0.00000000E+00 -0.35002317E-28
  0.20416408E+14  0.00000000E+00 -0.35455447E-28
  0.20461778E+14  0.00000000E+00 -0.35917744E-28
  0.20507147E+14  0.00000000E+00 -0.36389659E-28
  0.20552517E+14  0.00000000E+00 -0.36871664E-28
  0.20597887E+14  0.00000000E+00 -0.37364253E-28
  0.20643257E+14  0.00000000E+00 -0.37867947E-28
  0.20688626E+14  0.00000000E+00 -0.38383290E-28
  0.20733996E+14  0.00000000E+00 -0.38910861E-28
  0.20779366E+14  0.00000000E+00 -0.39451267E-28
  0.20824736E+14  0.00000000E+00 -0.40005152E-28
  0.20870106E+14  0.00000000E+00 -0.40573198E-28
  0.20915475E+14  0.00000000E+00 -0.41156128E-28
  0.20960845E+14  0.00000000E+00 -0.41754713E-28
  0.21006215E+14  0.00000000E+00 -0.42369770E-28
  0.21051585E+14  0.00000000E+00 -0.43002173E-28
  0.21096955E+14  0.00000000E+00 -0.43652854E-28
  0.21142324E+14  0.00000000E+00 -0.44322811E-28
  0.21187694E+14  0.00000000E+00 -0.45013114E-28
  0.21233064E+14  0.00000000E+00 -0.45724910E-28
  0.21278434E+14  0.00000000E+00 -0.46459436E-28
  0.21323804E+14  0.00000000E+00 -0.47218023E-28
  0.21369173E+14  0.00000000E+00 -0.48002108E-28
  0.21414543E+14  0.00000000E+00 -0.48813247E-28
  0.21459913E+14  0.00000000E+00 -0.49653128E-28
  0.21505283E+14  0.00000000E+00 -0.50523585E-28
  0.21550653E+14  0.00000000E+00 -0.51426616E-28
  0.21596022E+14  0.00000000E+00 -0.52364404E-28
  0.21641392E+14  0.00000000E+00 -0.53339337E-28
  0.21686762E+14  0.00000000E+00 -0.54354042E-28
  0.21732132E+14  0.00000000E+00 -0.55411407E-28
  0.21777502E+14  0.00000000E+00 -0.56514626E-28
  0.21822871E+14  0.00000000E+00 -0.57667238E-28
  0.21868241E+14  0.00000000E+00 -0.58873180E-28
  0.21913611E+14  0.00000000E+00 -0.60136848E-28
  0.21958981E+14  0.00000000E+00 -0.61463171E-28
  0.22004351E+14  0.00000000E+00 -0.62857700E-28
  0.22049720E+14  0.00000000E+00 -0.64326715E-28
  0.22095090E+14  0.00000000E+00 -0.65877360E-28
  0.22140460E+14  0.00000000E+00 -0.67517807E-28
  0.22185830E+14  0.00000000E+00 -0.69257463E-28
  0.22231200E+14  0.00000000E+00 -0.71107227E-28
  0.22276569E+14  0.00000000E+00 -0.73079827E-28
  0.22321939E+14  0.00000000E+00 -0.75190250E-28
  0.22367309E+14  0.00000000E+00 -0.77456308E-28
  0.22412679E+14  0.00000000E+00 -0.79899399E-28
  0.22458048E+14  0.00000000E+00 -0.82545536E-28
  0.22503418E+14  0.00000000E+00 -0.85426783E-28
  0.22548788E+14  0.00000000E+00 -0.88583300E-28
  0.22594158E+14  0.00000000E+00 -0.92066337E-28
  0.22639528E+14  0.00000000E+00 -0.95942771E-28
  0.22684897E+14  0.00000000E+00 -0.10030227E-27
  0.22730267E+14  0.00000000E+00 -0.10526919E-27
  0.22775637E+14  0.00000000E+00 -0.11102354E-27
  0.22821007E+14  0.00000000E+00 -0.11784131E-27
  0.22866377E+14  0.00000000E+00 -0.12618121E-27
  0.22911746E+14  0.00000000E+00 -0.13690636E-27
  0.22957116E+14  0.00000000E+00 -0.15204413E-27
  0.23002486E+14  0.00000000E+00 -0.18685765E-27
  0.23047856E+14  0.48129620E-28 -0.20116318E-27
  0.23093226E+14  0.74804344E-28 -0.20035829E-27
  0.23138595E+14  0.10304267E-27 -0.19826286E-27
  0.23183965E+14  0.14321326E-27 -0.18481003E-27
  0.23229335E+14  0.15198374E-27 -0.13979879E-27
  0.23274705E+14  0.14602131E-27 -0.12327128E-27
  0.23320075E+14  0.14394741E-27 -0.11212279E-27
  0.23365444E+14  0.14173513E-27 -0.10314633E-27
  0.23410814E+14  0.14098098E-27 -0.96157195E-28
  0.23456184E+14  0.14051776E-27 -0.89871898E-28
  0.23501554E+14  0.13975761E-27 -0.83996899E-28
  0.23546924E+14  0.13877468E-27 -0.79085892E-28
  0.23592293E+14  0.13847753E-27 -0.74392861E-28
  0.23637663E+14  0.13790324E-27 -0.70331756E-28
  0.23683033E+14  0.13762910E-27 -0.66476283E-28
  0.23728403E+14  0.13718839E-27 -0.63137211E-28
  0.23773773E+14  0.13648693E-27 -0.60090095E-28
  0.23819142E+14  0.13612260E-27 -0.57294115E-28
  0.23864512E+14  0.13572194E-27 -0.54879622E-28
  0.23909882E+14  0.13548860E-27 -0.52892646E-28
  0.23955252E+14  0.13556337E-27 -0.51200289E-28
  0.24000622E+14  0.13595166E-27 -0.49795153E-28
  0.24045991E+14  0.13663755E-27 -0.48507681E-28
  0.24091361E+14  0.13767233E-27 -0.47411150E-28
  0.24136731E+14  0.13840325E-27 -0.46729883E-28
  0.24182101E+14  0.13998611E-27 -0.45876862E-28
  0.24227470E+14  0.14191885E-27 -0.45871526E-28
  0.24272840E+14  0.14415090E-27 -0.45719461E-28
  0.24318210E+14  0.14737925E-27 -0.45682631E-28
  0.24363580E+14  0.15223191E-27 -0.46452705E-28
  0.24408950E+14  0.15874176E-27 -0.48370589E-28
  0.24454319E+14  0.17864457E-27 -0.45487807E-28
  0.24499689E+14  0.18208860E-27 -0.30702081E-28
  0.24545059E+14  0.18508628E-27 -0.21884999E-28
  0.24590429E+14  0.18805238E-27 -0.14012428E-28
  0.24635799E+14  0.19130468E-27 -0.60574149E-29
  0.24681168E+14  0.19485453E-27  0.22607576E-29
  0.24726538E+14  0.19908833E-27  0.11260289E-28
  0.24771908E+14  0.20328107E-27  0.22070074E-28
  0.24817278E+14  0.20876788E-27  0.35490190E-28
  0.24862648E+14  0.21596174E-27  0.59586287E-28
  0.24908017E+14  0.19297383E-27  0.85808262E-28
  0.24953387E+14  0.17704616E-27  0.89343316E-28
  0.24998757E+14  0.16676401E-27  0.92431879E-28
  0.25044127E+14  0.15892709E-27  0.95461995E-28
  0.25089497E+14  0.15237503E-27  0.98786697E-28
  0.25134866E+14  0.14634845E-27  0.10247008E-27
  0.25180236E+14  0.14062247E-27  0.10668318E-27
  0.25225606E+14  0.13516481E-27  0.11149535E-27
  0.25270976E+14  0.12900969E-27  0.11694764E-27
  0.25316346E+14  0.12187604E-27  0.12322317E-27
  0.25361715E+14  0.11203576E-27  0.12983595E-27
  0.25407085E+14  0.99734389E-28  0.13143568E-27
  0.25452455E+14  0.91241272E-28  0.13279450E-27
  0.25497825E+14  0.82701628E-28  0.13552966E-27
  0.25543195E+14  0.72390079E-28  0.14193473E-27
  0.25588564E+14  0.49441966E-28  0.14464080E-27
  0.25633934E+14  0.19546681E-28  0.12906612E-27
  0.25679304E+14  0.33926760E-28  0.66067862E-28
  0.25724674E+14  0.36582724E-28  0.14433690E-27
  0.25770044E+14  0.22677997E-28  0.11366710E-27
  0.25815413E+14  0.17978516E-28  0.10317724E-27
  0.25860783E+14  0.15541669E-28  0.95390115E-28
  0.25906153E+14  0.14053378E-28  0.89077302E-28
  0.25951523E+14  0.13052085E-28  0.83749593E-28
  0.25996892E+14  0.12355920E-28  0.79132278E-28
  0.26042262E+14  0.11845031E-28  0.75081564E-28
  0.26087632E+14  0.11459635E-28  0.71449552E-28
  0.26133002E+14  0.11182129E-28  0.68172687E-28
  0.26178372E+14  0.10958991E-28  0.65211395E-28
  0.26223741E+14  0.10801404E-28  0.62481229E-28
  0.26269111E+14  0.10681359E-28  0.59968382E-28
  0.26314481E+14  0.10617061E-28  0.57655948E-28
  0.26359851E+14  0.10553398E-28  0.55494992E-28
  0.26405221E+14  0.10544783E-28  0.53469535E-28
  0.26450590E+14  0.10554956E-28  0.51591870E-28
  0.26495960E+14  0.10585130E-28  0.49818822E-28
  0.26541330E+14  0.10658465E-28  0.48145902E-28
  0.26586700E+14  0.10769465E-28  0.46602832E-28
  0.26632070E+14  0.10873452E-28  0.45175844E-28
  0.26677439E+14  0.10972748E-28  0.43829284E-28
  0.26722809E+14  0.11082048E-28  0.42561467E-28
  0.26768179E+14  0.11193961E-28  0.41381762E-28
  0.26813549E+14  0.11292929E-28  0.40262239E-28
  0.26858919E+14  0.11394050E-28  0.39193866E-28
  0.26904288E+14  0.11509577E-28  0.38184542E-28
  0.26949658E+14  0.11608706E-28  0.37242662E-28
  0.26995028E+14  0.11700270E-28  0.36329808E-28
  0.27040398E+14  0.11804515E-28  0.35458846E-28
  0.27085768E+14  0.11916217E-28  0.34640680E-28
  0.27131137E+14  0.11999032E-28  0.33863312E-28
  0.27176507E+14  0.12091224E-28  0.33103253E-28
  0.27221877E+14  0.12196243E-28  0.32382410E-28
  0.27267247E+14  0.12291259E-28  0.31706419E-28
  0.27312617E+14  0.12378041E-28  0.31048147E-28
  0.27357986E+14  0.12468294E-28  0.30409454E-28
  0.27403356E+14  0.12567930E-28  0.29803819E-28
  0.27448726E+14  0.12655461E-28  0.29232084E-28
  0.27494096E+14  0.12738243E-28  0.28669672E-28
  0.27539466E+14  0.12834054E-28  0.28124876E-28
  0.27584835E+14  0.12928785E-28  0.27609684E-28
  0.27630205E+14  0.13021457E-28  0.27119509E-28
  0.27675575E+14  0.13104180E-28  0.26630410E-28
  0.27720945E+14  0.13203756E-28  0.26163607E-28
  0.27766314E+14  0.13320209E-28  0.25716622E-28
  0.27811684E+14  0.13421948E-28  0.25309967E-28
  0.27857054E+14  0.13522218E-28  0.24905445E-28
  0.27902424E+14  0.13631631E-28  0.24526908E-28
  0.27947794E+14  0.13736243E-28  0.24180833E-28
  0.27993163E+14  0.13815550E-28  0.23846443E-28
  0.28038533E+14  0.13895715E-28  0.23509284E-28
  0.28083903E+14  0.13987971E-28  0.23183833E-28
  0.28129273E+14  0.14085178E-28  0.22894616E-28
  0.28174643E+14  0.14146748E-28  0.22624035E-28
  0.28220012E+14  0.14204747E-28  0.22329535E-28
  0.28265382E+14  0.14288631E-28  0.22050477E-28
  0.28310752E+14  0.14366928E-28  0.21803838E-28
  0.28356122E+14  0.14424799E-28  0.21564941E-28
  0.28401492E+14  0.14478359E-28  0.21321158E-28
  0.28446861E+14  0.14539511E-28  0.21083794E-28
  0.28492231E+14  0.14608457E-28  0.20863977E-28
  0.28537601E+14  0.14659159E-28  0.20660844E-28
  0.28582971E+14  0.14697607E-28  0.20448909E-28
  0.28628341E+14  0.14752655E-28  0.20235295E-28
  0.28673710E+14  0.14820696E-28  0.20048219E-28
  0.28719080E+14  0.14861140E-28  0.19880531E-28
  0.28764450E+14  0.14885796E-28  0.19695003E-28
  0.28809820E+14  0.14932802E-28  0.19503829E-28
  0.28855190E+14  0.14993390E-28  0.19340033E-28
  0.28900559E+14  0.15027375E-28  0.19192867E-28
  0.28945929E+14  0.15049800E-28  0.19029877E-28
  0.28991299E+14  0.15092696E-28  0.18863902E-28
  0.29036669E+14  0.15145235E-28  0.18722843E-28
  0.29082039E+14  0.15172027E-28  0.18597197E-28
  0.29127408E+14  0.15187601E-28  0.18454638E-28
  0.29172778E+14  0.15221436E-28  0.18306551E-28
  0.29218148E+14  0.15266834E-28  0.18177998E-28
  0.29263518E+14  0.15294967E-28  0.18068020E-28
  0.29308888E+14  0.15308092E-28  0.17946258E-28
  0.29354257E+14  0.15336899E-28  0.17816376E-28
  0.29399627E+14  0.15375113E-28  0.17702986E-28
  0.29444997E+14  0.15402239E-28  0.17609663E-28
  0.29490367E+14  0.15409442E-28  0.17506024E-28
  0.29535736E+14  0.15427377E-28  0.17388810E-28
  0.29581106E+14  0.15462252E-28  0.17283694E-28
  0.29626476E+14  0.15490569E-28  0.17201047E-28
  0.29671846E+14  0.15498011E-28  0.17114189E-28
  0.29717216E+14  0.15510376E-28  0.17012112E-28
  0.29762585E+14  0.15540858E-28  0.16917667E-28
  0.29807955E+14  0.15569303E-28  0.16845611E-28
  0.29853325E+14  0.15574996E-28  0.16775986E-28
  0.29898695E+14  0.15577660E-28  0.16687213E-28
  0.29944065E+14  0.15600900E-28  0.16599575E-28
  0.29989434E+14  0.15632445E-28  0.16531242E-28
  0.30034804E+14  0.15638493E-28  0.16474514E-28
  0.30080174E+14  0.15637181E-28  0.16400796E-28
  0.30125544E+14  0.15656777E-28  0.16320563E-28
  0.30170914E+14  0.15687000E-28  0.16258973E-28
  0.30216283E+14  0.15695804E-28  0.16213732E-28
  0.30261653E+14  0.15691190E-28  0.16155700E-28
  0.30307023E+14  0.15701408E-28  0.16085777E-28
  0.30352393E+14  0.15725150E-28  0.16025738E-28
  0.30397763E+14  0.15738648E-28  0.15986100E-28
  0.30443132E+14  0.15734672E-28  0.15939209E-28
  0.30488502E+14  0.15741554E-28  0.15878774E-28
  0.30533872E+14  0.15760190E-28  0.15825273E-28
  0.30579242E+14  0.15775633E-28  0.15790794E-28
  0.30624612E+14  0.15775960E-28  0.15753607E-28
  0.30669981E+14  0.15777987E-28  0.15704836E-28
  0.30715351E+14  0.15791748E-28  0.15660143E-28
  0.30760721E+14  0.15804132E-28  0.15630684E-28
  0.30806091E+14  0.15802722E-28  0.15599729E-28
  0.30851461E+14  0.15803248E-28  0.15557248E-28
  0.30896830E+14  0.15817576E-28  0.15516446E-28
  0.30942200E+14  0.15831458E-28  0.15494791E-28
  0.30987570E+14  0.15826940E-28  0.15473715E-28
  0.31032940E+14  0.15824880E-28  0.15434870E-28
  0.31078310E+14  0.15840213E-28  0.15399847E-28
  0.31123679E+14  0.15856041E-28  0.15386314E-28
  0.31169049E+14  0.15850306E-28  0.15375485E-28
  0.31214419E+14  0.15840760E-28  0.15344073E-28
  0.31259789E+14  0.15852896E-28  0.15311709E-28
  0.31305158E+14  0.15870426E-28  0.15299666E-28
  0.31350528E+14  0.15866850E-28  0.15294897E-28
  0.31395898E+14  0.15858501E-28  0.15272737E-28
  0.31441268E+14  0.15866582E-28  0.15247087E-28
  0.31486638E+14  0.15881842E-28  0.15237178E-28
  0.31532007E+14  0.15881502E-28  0.15236374E-28
  0.31577377E+14  0.15874587E-28  0.15224216E-28
  0.31622747E+14  0.15880414E-28  0.15206039E-28
  0.31668117E+14  0.15893006E-28  0.15204716E-28
  0.31713487E+14  0.15887078E-28  0.15207038E-28
  0.31758856E+14  0.15879911E-28  0.15194846E-28
  0.31804226E+14  0.15888412E-28  0.15182444E-28
  0.31849596E+14  0.15904109E-28  0.15188192E-28
  0.31894966E+14  0.15892642E-28  0.15198437E-28
  0.31940336E+14  0.15884956E-28  0.15187741E-28
  0.31985705E+14  0.15895233E-28  0.15178793E-28
  0.32031075E+14  0.15911401E-28  0.15193821E-28
  0.32076445E+14  0.15901447E-28  0.15209249E-28
  0.32121815E+14  0.15892061E-28  0.15206022E-28
  0.32167185E+14  0.15900805E-28  0.15205275E-28
  0.32212554E+14  0.15909190E-28  0.15223224E-28
  0.32257924E+14  0.15898739E-28  0.15238949E-28
  0.32303294E+14  0.15898677E-28  0.15237362E-28
  0.32348664E+14  0.15907368E-28  0.15249265E-28
  0.32394034E+14  0.15907537E-28  0.15274834E-28
  0.32439403E+14  0.15893692E-28  0.15285788E-28
  0.32484773E+14  0.15901527E-28  0.15290216E-28
  0.32530143E+14  0.15918348E-28  0.15314015E-28
  0.32575513E+14  0.15910897E-28  0.15347360E-28
  0.32620883E+14  0.15895410E-28  0.15362504E-28
  0.32666252E+14  0.15899609E-28  0.15370270E-28
  0.32711622E+14  0.15913501E-28  0.15402418E-28
  0.32756992E+14  0.15901577E-28  0.15435137E-28
  0.32802362E+14  0.15897768E-28  0.15451151E-28
  0.32847732E+14  0.15909201E-28  0.15473805E-28
  0.32893101E+14  0.15907307E-28  0.15517165E-28
  0.32938471E+14  0.15893565E-28  0.15539182E-28
  0.32983841E+14  0.15901615E-28  0.15560936E-28
  0.33029211E+14  0.15914131E-28  0.15606700E-28
  0.33074580E+14  0.15896802E-28  0.15651837E-28
  0.33119950E+14  0.15888959E-28  0.15670860E-28
  0.33165320E+14  0.15907057E-28  0.15705549E-28
  0.33210690E+14  0.15902283E-28  0.15760183E-28
  0.33256060E+14  0.15889882E-28  0.15794326E-28
  0.33301429E+14  0.15898464E-28  0.15829162E-28
  0.33346799E+14  0.15897700E-28  0.15884985E-28
  0.33392169E+14  0.15882414E-28  0.15924905E-28
  0.33437539E+14  0.15891496E-28  0.15962674E-28
  0.33482909E+14  0.15903678E-28  0.16022634E-28
  0.33528278E+14  0.15883541E-28  0.16081499E-28
  0.33573648E+14  0.15879925E-28  0.16118965E-28
  0.33619018E+14  0.15895727E-28  0.16174639E-28
  0.33664388E+14  0.15884817E-28  0.16241692E-28
  0.33709758E+14  0.15877248E-28  0.16290163E-28
  0.33755127E+14  0.15890581E-28  0.16350040E-28
  0.33800497E+14  0.15878359E-28  0.16423446E-28
  0.33845867E+14  0.15869284E-28  0.16473381E-28
  0.33891237E+14  0.15889038E-28  0.16536643E-28
  0.33936607E+14  0.15881192E-28  0.16626149E-28
  0.33981976E+14  0.15864096E-28  0.16685534E-28
  0.34027346E+14  0.15877394E-28  0.16752054E-28
  0.34072716E+14  0.15868486E-28  0.16841382E-28
  0.34118086E+14  0.15861414E-28  0.16906707E-28
  0.34163456E+14  0.15877692E-28  0.16990222E-28
  0.34208825E+14  0.15855720E-28  0.17082585E-28
  0.34254195E+14  0.15856527E-28  0.17148820E-28
  0.34299565E+14  0.15874614E-28  0.17253485E-28
  0.34344935E+14  0.15847111E-28  0.17344066E-28
  0.34390305E+14  0.15860841E-28  0.17430282E-28
  0.34435674E+14  0.15849797E-28  0.17545481E-28
  0.34481044E+14  0.15841129E-28  0.17626211E-28
  0.34526414E+14  0.15863610E-28  0.17740268E-28
  0.34571784E+14  0.15833574E-28  0.17857932E-28
  0.34617154E+14  0.15839845E-28  0.17949663E-28
  0.34662523E+14  0.15842228E-28  0.18080608E-28
  0.34707893E+14  0.15832690E-28  0.18194264E-28
  0.34753263E+14  0.15846945E-28  0.18326302E-28
  0.34798633E+14  0.15821947E-28  0.18459125E-28
  0.34844002E+14  0.15827550E-28  0.18582018E-28
  0.34889372E+14  0.15819561E-28  0.18732010E-28
  0.34934742E+14  0.15819647E-28  0.18868493E-28
  0.34980112E+14  0.15810118E-28  0.19031085E-28
  0.35025482E+14  0.15811274E-28  0.19173192E-28
  0.35070851E+14  0.15820002E-28  0.19351564E-28
  0.35116221E+14  0.15794846E-28  0.19521283E-28
  0.35161591E+14  0.15807865E-28  0.19697158E-28
  0.35206961E+14  0.15790808E-28  0.19886225E-28
  0.35252331E+14  0.15807832E-28  0.20085860E-28
  0.35297700E+14  0.15774933E-28  0.20291152E-28
  0.35343070E+14  0.15802761E-28  0.20506958E-28
  0.35388440E+14  0.15783059E-28  0.20747763E-28
  0.35433810E+14  0.15789106E-28  0.20990354E-28
  0.35479180E+14  0.15777425E-28  0.21242833E-28
  0.35524549E+14  0.15780546E-28  0.21529370E-28
  0.35569919E+14  0.15769401E-28  0.21817788E-28
  0.35615289E+14  0.15772943E-28  0.22134419E-28
  0.35660659E+14  0.15787033E-28  0.22485390E-28
  0.35706029E+14  0.15774246E-28  0.22842647E-28
  0.35751398E+14  0.15770440E-28  0.23265542E-28
  0.35796768E+14  0.15807020E-28  0.23708910E-28
  0.35842138E+14  0.15823074E-28  0.24211986E-28
  0.35887508E+14  0.15835965E-28  0.24775898E-28
  0.35932878E+14  0.15877340E-28  0.25461162E-28
  0.35978247E+14  0.15963011E-28  0.26254055E-28
  0.36023617E+14  0.16050807E-28  0.27273922E-28
  0.36068987E+14  0.16312878E-28  0.28798501E-28
  0.36114357E+14  0.15363714E-28  0.32321063E-28
  0.36159727E+14  0.11626888E-28  0.33269984E-28
  0.36205096E+14  0.94028558E-29  0.32808963E-28
  0.36250466E+14  0.81428292E-29  0.32235520E-28
  0.36295836E+14  0.68186641E-29  0.32167012E-28
  0.36341206E+14  0.53496950E-29  0.31950889E-28
  0.36386576E+14  0.41464020E-29  0.31554165E-28
  0.36431945E+14  0.24563662E-29  0.31695274E-28
  0.36477315E+14  0.00000000E+00  0.29037277E-28
  0.36522685E+14  0.00000000E+00  0.27388322E-28
  0.36568055E+14  0.00000000E+00  0.26273448E-28
  0.36613424E+14  0.00000000E+00  0.25397879E-28
  0.36658794E+14  0.00000000E+00  0.24666793E-28
  0.36704164E+14  0.00000000E+00  0.24034959E-28
  0.36749534E+14  0.00000000E+00  0.23476496E-28
  0.36794904E+14  0.00000000E+00  0.22974923E-28
  0.36840273E+14  0.00000000E+00  0.22518975E-28
  0.36885643E+14  0.00000000E+00  0.22100559E-28
  0.36931013E+14  0.00000000E+00  0.21713630E-28
  0.36976383E+14  0.00000000E+00  0.21353541E-28
  0.37021753E+14  0.00000000E+00  0.21016633E-28
  0.37067122E+14  0.00000000E+00  0.20699969E-28
  0.37112492E+14  0.00000000E+00  0.20401148E-28
  0.37157862E+14  0.00000000E+00  0.20118185E-28
  0.37203232E+14  0.00000000E+00  0.19849415E-28
  0.37248602E+14  0.00000000E+00  0.19593429E-28
  0.37293971E+14  0.00000000E+00  0.19349022E-28
  0.37339341E+14  0.00000000E+00  0.19115156E-28
  0.37384711E+14  0.00000000E+00  0.18890927E-28
  0.37430081E+14  0.00000000E+00  0.18675548E-28
  0.37475451E+14  0.00000000E+00  0.18468325E-28
  0.37520820E+14  0.00000000E+00  0.18268645E-28
  0.37566190E+14  0.00000000E+00  0.18075961E-28
  0.37611560E+14  0.00000000E+00  0.17889788E-28
  0.37656930E+14  0.00000000E+00  0.17709688E-28
  0.37702300E+14  0.00000000E+00  0.17535267E-28
  0.37747669E+14  0.00000000E+00  0.17366171E-28
  0.37793039E+14  0.00000000E+00  0.17202077E-28
  0.37838409E+14  0.00000000E+00  0.17042691E-28
  0.37883779E+14  0.00000000E+00  0.16887746E-28
  0.37929149E+14  0.00000000E+00  0.16736996E-28
  0.37974518E+14  0.00000000E+00  0.16590217E-28
  0.38019888E+14  0.00000000E+00  0.16447202E-28
  0.38065258E+14  0.00000000E+00  0.16307761E-28
  0.38110628E+14  0.00000000E+00  0.16171716E-28
  0.38155998E+14  0.00000000E+00  0.16038905E-28
  0.38201367E+14  0.00000000E+00  0.15909177E-28
  0.38246737E+14  0.00000000E+00  0.15782391E-28
  0.38292107E+14  0.00000000E+00  0.15658415E-28
  0.38337477E+14  0.00000000E+00  0.15537127E-28
  0.38382846E+14  0.00000000E+00  0.15418413E-28
  0.38428216E+14  0.00000000E+00  0.15302167E-28
  0.38473586E+14  0.00000000E+00  0.15188287E-28
  0.38518956E+14  0.00000000E+00  0.15076680E-28
  0.38564326E+14  0.00000000E+00  0.14967258E-28
  0.38609695E+14  0.00000000E+00  0.14859936E-28
  0.38655065E+14  0.00000000E+00  0.14754638E-28
  0.38700435E+14  0.00000000E+00  0.14651288E-28
  0.38745805E+14  0.00000000E+00  0.14549816E-28
  0.38791175E+14  0.00000000E+00  0.14450157E-28
  0.38836544E+14  0.00000000E+00  0.14352249E-28
  0.38881914E+14  0.00000000E+00  0.14256031E-28
  0.38927284E+14  0.00000000E+00  0.14161448E-28
  0.38972654E+14  0.00000000E+00  0.14068446E-28
  0.39018024E+14  0.00000000E+00  0.13976974E-28
  0.39063393E+14  0.00000000E+00  0.13886984E-28
  0.39108763E+14  0.00000000E+00  0.13798431E-28
  0.39154133E+14  0.00000000E+00  0.13711270E-28
  0.39199503E+14  0.00000000E+00  0.13625460E-28
  0.39244873E+14  0.00000000E+00  0.13540960E-28
  0.39290242E+14  0.00000000E+00  0.13457733E-28
  0.39335612E+14  0.00000000E+00  0.13375743E-28
  0.39380982E+14  0.00000000E+00  0.13294954E-28
  0.39426352E+14  0.00000000E+00  0.13215334E-28
  0.39471722E+14  0.00000000E+00  0.13136849E-28
  0.39517091E+14  0.00000000E+00  0.13059471E-28
  0.39562461E+14  0.00000000E+00  0.12983169E-28
  0.39607831E+14  0.00000000E+00  0.12907916E-28
  0.39653201E+14  0.00000000E+00  0.12833683E-28
  0.39698571E+14  0.00000000E+00  0.12760447E-28
  0.39743940E+14  0.00000000E+00  0.12688181E-28
  0.39789310E+14  0.00000000E+00  0.12616861E-28
  0.39834680E+14  0.00000000E+00  0.12546465E-28
  0.39880050E+14  0.00000000E+00  0.12476970E-28
  0.39925420E+14  0.00000000E+00  0.12408355E-28
  0.39970789E+14  0.00000000E+00  0.12340598E-28
  0.40016159E+14  0.00000000E+00  0.12273682E-28
  0.40061529E+14  0.00000000E+00  0.12207585E-28
  0.40106899E+14  0.00000000E+00  0.12142290E-28
  0.40152268E+14  0.00000000E+00  0.12077779E-28
  0.40197638E+14  0.00000000E+00  0.12014034E-28
  0.40243008E+14  0.00000000E+00  0.11951039E-28
  0.40288378E+14  0.00000000E+00  0.11888777E-28
  0.40333748E+14  0.00000000E+00  0.11827234E-28
  0.40379117E+14  0.00000000E+00  0.11766393E-28
  0.40424487E+14  0.00000000E+00  0.11706240E-28
  0.40469857E+14  0.00000000E+00  0.11646762E-28
  0.40515227E+14  0.00000000E+00  0.11587944E-28
  0.40560597E+14  0.00000000E+00  0.11529774E-28
  0.40605966E+14  0.00000000E+00  0.11472237E-28
  0.40651336E+14  0.00000000E+00  0.11415322E-28
  0.40696706E+14  0.00000000E+00  0.11359017E-28
  0.40742076E+14  0.00000000E+00  0.11303310E-28
  0.40787446E+14  0.00000000E+00  0.11248190E-28
  0.40832815E+14  0.00000000E+00  0.11193644E-28
  0.40878185E+14  0.00000000E+00  0.11139664E-28
  0.40923555E+14  0.00000000E+00  0.11086238E-28
  0.40968925E+14  0.00000000E+00  0.11033355E-28
  0.41014295E+14  0.00000000E+00  0.10981007E-28
  0.41059664E+14  0.00000000E+00  0.10929184E-28
  0.41105034E+14  0.00000000E+00  0.10877875E-28
  0.41150404E+14  0.00000000E+00  0.10827073E-28
  0.41195774E+14  0.00000000E+00  0.10776768E-28
  0.41241144E+14  0.00000000E+00  0.10726952E-28
  0.41286513E+14  0.00000000E+00  0.10677616E-28
  0.41331883E+14  0.00000000E+00  0.10628752E-28
  0.41377253E+14  0.00000000E+00  0.10580353E-28
  0.41422623E+14  0.00000000E+00  0.10532409E-28
  0.41467993E+14  0.00000000E+00  0.10484915E-28
  0.41513362E+14  0.00000000E+00  0.10437862E-28
  0.41558732E+14  0.00000000E+00  0.10391244E-28
  0.41604102E+14  0.00000000E+00  0.10345053E-28
  0.41649472E+14  0.00000000E+00  0.10299282E-28
  0.41694842E+14  0.00000000E+00  0.10253925E-28
  0.41740211E+14  0.00000000E+00  0.10208976E-28
  0.41785581E+14  0.00000000E+00  0.10164427E-28
  0.41830951E+14  0.00000000E+00  0.10120273E-28
  0.41876321E+14  0.00000000E+00  0.10076508E-28
  0.41921690E+14  0.00000000E+00  0.10033125E-28
  0.41967060E+14  0.00000000E+00  0.99901200E-29
  0.42012430E+14  0.00000000E+00  0.99474858E-29
  0.42057800E+14  0.00000000E+00  0.99052175E-29
  0.42103170E+14  0.00000000E+00  0.98633095E-29
  0.42148539E+14  0.00000000E+00  0.98217566E-29
  0.42193909E+14  0.00000000E+00  0.97805537E-29
  0.42239279E+14  0.00000000E+00  0.97396956E-29
  0.42284649E+14  0.00000000E+00  0.96991775E-29
  0.42330019E+14  0.00000000E+00  0.96589945E-29
  0.42375388E+14  0.00000000E+00  0.96191419E-29
  0.42420758E+14  0.00000000E+00  0.95796151E-29
  0.42466128E+14  0.00000000E+00  0.95404094E-29
  0.42511498E+14  0.00000000E+00  0.95015206E-29
  0.42556868E+14  0.00000000E+00  0.94629441E-29
  0.42602237E+14  0.00000000E+00  0.94246758E-29
  0.42647607E+14  0.00000000E+00  0.93867116E-29
  0.42692977E+14  0.00000000E+00  0.93490472E-29
  0.42738347E+14  0.00000000E+00  0.93116787E-29
  0.42783717E+14  0.00000000E+00  0.92746022E-29
  0.42829086E+14  0.00000000E+00  0.92378139E-29
  0.42874456E+14  0.00000000E+00  0.92013098E-29
  0.42919826E+14  0.00000000E+00  0.91650865E-29
  0.42965196E+14  0.00000000E+00  0.91291402E-29
  0.43010566E+14  0.00000000E+00  0.90934673E-29
  0.43055935E+14  0.00000000E+00  0.90580645E-29
  0.43101305E+14  0.00000000E+00  0.90229282E-29
  0.43146675E+14  0.00000000E+00  0.89880551E-29
  0.43192045E+14  0.00000000E+00  0.89534419E-29
  0.43237415E+14  0.00000000E+00  0.89190854E-29
  0.43282784E+14  0.00000000E+00  0.88849825E-29
  0.43328154E+14  0.00000000E+00  0.88511299E-29
  0.43373524E+14  0.00000000E+00  0.88175246E-29
  0.43418894E+14  0.00000000E+00  0.87841637E-29
  0.43464264E+14  0.00000000E+00  0.87510441E-29
  0.43509633E+14  0.00000000E+00  0.87181631E-29
  0.43555003E+14  0.00000000E+00  0.86855177E-29
  0.43600373E+14  0.00000000E+00  0.86531051E-29
  0.43645743E+14  0.00000000E+00  0.86209226E-29
  0.43691112E+14  0.00000000E+00  0.85889676E-29
  0.43736482E+14  0.00000000E+00  0.85572372E-29
  0.43781852E+14  0.00000000E+00  0.85257291E-29
  0.43827222E+14  0.00000000E+00  0.84944405E-29
  0.43872592E+14  0.00000000E+00  0.84633690E-29
  0.43917961E+14  0.00000000E+00  0.84325121E-29
  0.43963331E+14  0.00000000E+00  0.84018673E-29
  0.44008701E+14  0.00000000E+00  0.83714324E-29
  0.44054071E+14  0.00000000E+00  0.83412048E-29
  0.44099441E+14  0.00000000E+00  0.83111823E-29
  0.44144810E+14  0.00000000E+00  0.82813627E-29
  0.44190180E+14  0.00000000E+00  0.82517437E-29
  0.44235550E+14  0.00000000E+00  0.82223231E-29
  0.44280920E+14  0.00000000E+00  0.81930987E-29
  0.44326290E+14  0.00000000E+00  0.81640683E-29
  0.44371659E+14  0.00000000E+00  0.81352300E-29
  0.44417029E+14  0.00000000E+00  0.81065816E-29
  0.44462399E+14  0.00000000E+00  0.80781211E-29
  0.44507769E+14  0.00000000E+00  0.80498465E-29
  0.44553139E+14  0.00000000E+00  0.80217558E-29
  0.44598508E+14  0.00000000E+00  0.79938472E-29
  0.44643878E+14  0.00000000E+00  0.79661186E-29
  0.44689248E+14  0.00000000E+00  0.79385682E-29
  0.44734618E+14  0.00000000E+00  0.79111941E-29
  0.44779988E+14  0.00000000E+00  0.78839946E-29
  0.44825357E+14  0.00000000E+00  0.78569678E-29
  0.44870727E+14  0.00000000E+00  0.78301120E-29
  0.44916097E+14  0.00000000E+00  0.78034255E-29
  0.44961467E+14  0.00000000E+00  0.77769064E-29
  0.45006837E+14  0.00000000E+00  0.77505531E-29
  0.45052206E+14  0.00000000E+00  0.77243640E-29
  0.45097576E+14  0.00000000E+00  0.76983374E-29
  0.45142946E+14  0.00000000E+00  0.76724717E-29
  0.45188316E+14  0.00000000E+00  0.76467654E-29
  0.45233686E+14  0.00000000E+00  0.76212167E-29
  0.45279055E+14  0.00000000E+00  0.75958242E-29
  0.45324425E+14  0.00000000E+00  0.75705864E-29
  0.45369795E+14  0.00000000E+00  0.75455017E-29
  0.45415165E+14  0.00000000E+00  0.75205687E-29
  0.45460534E+14  0.00000000E+00  0.74957859E-29
  0.45505904E+14  0.00000000E+00  0.74711519E-29
  0.45551274E+14  0.00000000E+00  0.74466652E-29
  0.45596644E+14  0.00000000E+00  0.74223244E-29
  0.45642014E+14  0.00000000E+00  0.73981282E-29
  0.45687383E+14  0.00000000E+00  0.73740752E-29
  0.45732753E+14  0.00000000E+00  0.73501641E-29
  0.45778123E+14  0.00000000E+00  0.73263934E-29
  0.45823493E+14  0.00000000E+00  0.73027620E-29
  0.45868863E+14  0.00000000E+00  0.72792685E-29
  0.45914232E+14  0.00000000E+00  0.72559116E-29
  0.45959602E+14  0.00000000E+00  0.72326901E-29
  0.46004972E+14  0.00000000E+00  0.72096028E-29
  0.46050342E+14  0.00000000E+00  0.71866483E-29
  0.46095712E+14  0.00000000E+00  0.71638256E-29
  0.46141081E+14  0.00000000E+00  0.71411334E-29
  0.46186451E+14  0.00000000E+00  0.71185706E-29
  0.46231821E+14  0.00000000E+00  0.70961359E-29
  0.46277191E+14  0.00000000E+00  0.70738283E-29
  0.46322561E+14  0.00000000E+00  0.70516466E-29
  0.46367930E+14  0.00000000E+00  0.70295896E-29
  0.46413300E+14  0.00000000E+00  0.70076564E-29
  0.46458670E+14  0.00000000E+00  0.69858457E-29
  0.46504040E+14  0.00000000E+00  0.69641566E-29
  0.46549410E+14  0.00000000E+00  0.69425879E-29
  0.46594779E+14  0.00000000E+00  0.69211386E-29
  0.46640149E+14  0.00000000E+00  0.68998077E-29
  0.46685519E+14  0.00000000E+00  0.68785941E-29
  0.46730889E+14  0.00000000E+00  0.68574969E-29
  0.46776259E+14  0.00000000E+00  0.68365150E-29
  0.46821628E+14  0.00000000E+00  0.68156475E-29
  0.46866998E+14  0.00000000E+00  0.67948934E-29
  0.46912368E+14  0.00000000E+00  0.67742517E-29
  0.46957738E+14  0.00000000E+00  0.67537214E-29
  0.47003108E+14  0.00000000E+00  0.67333017E-29
  0.47048477E+14  0.00000000E+00  0.67129916E-29
  0.47093847E+14  0.00000000E+00  0.66927902E-29
  0.47139217E+14  0.00000000E+00  0.66726966E-29
  0.47184587E+14  0.00000000E+00  0.66527098E-29
  0.47229956E+14  0.00000000E+00  0.66328291E-29
  0.47275326E+14  0.00000000E+00  0.66130535E-29
  0.47320696E+14  0.00000000E+00  0.65933822E-29
  0.47366066E+14  0.00000000E+00  0.65738143E-29
  0.47411436E+14  0.00000000E+00  0.65543490E-29
  0.47456805E+14  0.00000000E+00  0.65349854E-29
  0.47502175E+14  0.00000000E+00  0.65157227E-29
  0.47547545E+14  0.00000000E+00  0.64965602E-29
  0.47592915E+14  0.00000000E+00  0.64774969E-29
  0.47638285E+14  0.00000000E+00  0.64585322E-29
  0.47683654E+14  0.00000000E+00  0.64396651E-29
  0.47729024E+14  0.00000000E+00  0.64208950E-29
  0.47774394E+14  0.00000000E+00  0.64022211E-29
  0.47819764E+14  0.00000000E+00  0.63836426E-29
  0.47865134E+14  0.00000000E+00  0.63651587E-29
  0.47910503E+14  0.00000000E+00  0.63467688E-29
  0.47955873E+14  0.00000000E+00  0.63284720E-29
  0.48001243E+14  0.00000000E+00  0.63102677E-29
  0.48046613E+14  0.00000000E+00  0.62921551E-29
  0.48091983E+14  0.00000000E+00  0.62741336E-29
  0.48137352E+14  0.00000000E+00  0.62562024E-29
  0.48182722E+14  0.00000000E+00  0.62383608E-29
  0.48228092E+14  0.00000000E+00  0.62206081E-29
  0.48273462E+14  0.00000000E+00  0.62029437E-29
  0.48318832E+14  0.00000000E+00  0.61853668E-29
  0.48364201E+14  0.00000000E+00  0.61678769E-29
  0.48409571E+14  0.00000000E+00  0.61504733E-29
  0.48454941E+14  0.00000000E+00  0.61331552E-29
  0.48500311E+14  0.00000000E+00  0.61159221E-29
  0.48545681E+14  0.00000000E+00  0.60987733E-29
  0.48591050E+14  0.00000000E+00  0.60817083E-29
  0.48636420E+14  0.00000000E+00  0.60647262E-29
  0.48681790E+14  0.00000000E+00  0.60478267E-29
  0.48727160E+14  0.00000000E+00  0.60310090E-29
  0.48772530E+14  0.00000000E+00  0.60142725E-29
  0.48817899E+14  0.00000000E+00  0.59976166E-29
  0.48863269E+14  0.00000000E+00  0.59810408E-29
  0.48908639E+14  0.00000000E+00  0.59645444E-29
  0.48954009E+14  0.00000000E+00  0.59481269E-29
  0.48999378E+14  0.00000000E+00  0.59317877E-29
  0.49044748E+14  0.00000000E+00  0.59155263E-29
  0.49090118E+14  0.00000000E+00  0.58993420E-29
  0.49135488E+14  0.00000000E+00  0.58832343E-29
  0.49180858E+14  0.00000000E+00  0.58672027E-29
  0.49226227E+14  0.00000000E+00  0.58512465E-29
  0.49271597E+14  0.00000000E+00  0.58353654E-29
  0.49316967E+14  0.00000000E+00  0.58195587E-29
  0.49362337E+14  0.00000000E+00  0.58038259E-29
  0.49407707E+14  0.00000000E+00  0.57881665E-29
  0.49453076E+14  0.00000000E+00  0.57725799E-29
  0.49498446E+14  0.00000000E+00  0.57570657E-29
  0.49543816E+14  0.00000000E+00  0.57416234E-29
  0.49589186E+14  0.00000000E+00  0.57262523E-29
  0.49634556E+14  0.00000000E+00  0.57109521E-29
  0.49679925E+14  0.00000000E+00  0.56957223E-29
  0.49725295E+14  0.00000000E+00  0.56805623E-29
  0.49770665E+14  0.00000000E+00  0.56654717E-29
  0.49816035E+14  0.00000000E+00  0.56504499E-29
  0.49861405E+14  0.00000000E+00  0.56354966E-29
  0.49906774E+14  0.00000000E+00  0.56206112E-29
  0.49952144E+14  0.00000000E+00  0.56057933E-29
  0.49997514E+14  0.00000000E+00  0.55910424E-29
  0.50042884E+14  0.00000000E+00  0.55763581E-29
  0.50088254E+14  0.00000000E+00  0.55617399E-29
  0.50133623E+14  0.00000000E+00  0.55471873E-29
  0.50178993E+14  0.00000000E+00  0.55326999E-29
  0.50224363E+14  0.00000000E+00  0.55182773E-29
  0.50269733E+14  0.00000000E+00  0.55039191E-29
  0.50315103E+14  0.00000000E+00  0.54896247E-29
  0.50360472E+14  0.00000000E+00  0.54753939E-29
  0.50405842E+14  0.00000000E+00  0.54612260E-29
  0.50451212E+14  0.00000000E+00  0.54471208E-29
  0.50496582E+14  0.00000000E+00  0.54330778E-29
  0.50541952E+14  0.00000000E+00  0.54190967E-29
  0.50587321E+14  0.00000000E+00  0.54051769E-29
  0.50632691E+14  0.00000000E+00  0.53913181E-29
  0.50678061E+14  0.00000000E+00  0.53775199E-29
  0.50723431E+14  0.00000000E+00  0.53637818E-29
  0.50768800E+14  0.00000000E+00  0.53501036E-29
  0.50814170E+14  0.00000000E+00  0.53364848E-29
  0.50859540E+14  0.00000000E+00  0.53229250E-29
  0.50904910E+14  0.00000000E+00  0.53094238E-29
  0.50950280E+14  0.00000000E+00  0.52959809E-29
  0.50995649E+14  0.00000000E+00  0.52825958E-29
  0.51041019E+14  0.00000000E+00  0.52692683E-29
  0.51086389E+14  0.00000000E+00  0.52559979E-29
  0.51131759E+14  0.00000000E+00  0.52427843E-29
  0.51177129E+14  0.00000000E+00  0.52296271E-29
  0.51222498E+14  0.00000000E+00  0.52165259E-29
  0.51267868E+14  0.00000000E+00  0.52034804E-29
  0.51313238E+14  0.00000000E+00  0.51904903E-29
  0.51358608E+14  0.00000000E+00  0.51775551E-29
  0.51403978E+14  0.00000000E+00  0.51646746E-29
  0.51449347E+14  0.00000000E+00  0.51518483E-29
  0.51494717E+14  0.00000000E+00  0.51390760E-29
  0.51540087E+14  0.00000000E+00  0.51263574E-29
  0.51585457E+14  0.00000000E+00  0.51136920E-29
  0.51630827E+14  0.00000000E+00  0.51010795E-29
  0.51676196E+14  0.00000000E+00  0.50885197E-29
  0.51721566E+14  0.00000000E+00  0.50760122E-29
  0.51766936E+14  0.00000000E+00  0.50635566E-29
  0.51812306E+14  0.00000000E+00  0.50511527E-29
  0.51857676E+14  0.00000000E+00  0.50388000E-29
  0.51903045E+14  0.00000000E+00  0.50264984E-29
  0.51948415E+14  0.00000000E+00  0.50142475E-29
  0.51993785E+14  0.00000000E+00  0.50020470E-29
  0.52039155E+14  0.00000000E+00  0.49898966E-29
  0.52084525E+14  0.00000000E+00  0.49777959E-29
  0.52129894E+14  0.00000000E+00  0.49657447E-29
  0.52175264E+14  0.00000000E+00  0.49537426E-29
  0.52220634E+14  0.00000000E+00  0.49417895E-29
  0.52266004E+14  0.00000000E+00  0.49298849E-29
  0.52311374E+14  0.00000000E+00  0.49180285E-29
  0.52356743E+14  0.00000000E+00  0.49062202E-29
  0.52402113E+14  0.00000000E+00  0.48944596E-29
  0.52447483E+14  0.00000000E+00  0.48827464E-29
  0.52492853E+14  0.00000000E+00  0.48710803E-29
  0.52538222E+14  0.00000000E+00  0.48594611E-29
  0.52583592E+14  0.00000000E+00  0.48478884E-29
  0.52628962E+14  0.00000000E+00  0.48363621E-29
  0.52674332E+14  0.00000000E+00  0.48248818E-29
  0.52719702E+14  0.00000000E+00  0.48134472E-29
  0.52765071E+14  0.00000000E+00  0.48020581E-29
  0.52810441E+14  0.00000000E+00  0.47907142E-29
  0.52855811E+14  0.00000000E+00  0.47794153E-29
  0.52901181E+14  0.00000000E+00  0.47681610E-29
  0.52946551E+14  0.00000000E+00  0.47569512E-29
  0.52991920E+14  0.00000000E+00  0.47457856E-29
  0.53037290E+14  0.00000000E+00  0.47346638E-29
  0.53082660E+14  0.00000000E+00  0.47235857E-29
  0.53128030E+14  0.00000000E+00  0.47125510E-29
  0.53173400E+14  0.00000000E+00  0.47015595E-29
  0.53218769E+14  0.00000000E+00  0.46906108E-29
  0.53264139E+14  0.00000000E+00  0.46797048E-29
  0.53309509E+14  0.00000000E+00  0.46688412E-29
  0.53354879E+14  0.00000000E+00  0.46580198E-29
  0.53400249E+14  0.00000000E+00  0.46472403E-29
  0.53445618E+14  0.00000000E+00  0.46365025E-29
  0.53490988E+14  0.00000000E+00  0.46258061E-29
  0.53536358E+14  0.00000000E+00  0.46151510E-29
  0.53581728E+14  0.00000000E+00  0.46045368E-29
  0.53627098E+14  0.00000000E+00  0.45939634E-29
  0.53672467E+14  0.00000000E+00  0.45834304E-29
  0.53717837E+14  0.00000000E+00  0.45729378E-29
  0.53763207E+14  0.00000000E+00  0.45624852E-29
  0.53808577E+14  0.00000000E+00  0.45520725E-29
  0.53853947E+14  0.00000000E+00  0.45416994E-29
  0.53899316E+14  0.00000000E+00  0.45313656E-29
  0.53944686E+14  0.00000000E+00  0.45210711E-29
  0.53990056E+14  0.00000000E+00  0.45108155E-29
  0.54035426E+14  0.00000000E+00  0.45005986E-29
  0.54080796E+14  0.00000000E+00  0.44904202E-29
  0.54126165E+14  0.00000000E+00  0.44802802E-29
  0.54171535E+14  0.00000000E+00  0.44701782E-29
  0.54216905E+14  0.00000000E+00  0.44601142E-29
  0.54262275E+14  0.00000000E+00  0.44500878E-29
  0.54307644E+14  0.00000000E+00  0.44400989E-29
  0.54353014E+14  0.00000000E+00  0.44301472E-29
  0.54398384E+14  0.00000000E+00  0.44202326E-29
  0.54443754E+14  0.00000000E+00  0.44103549E-29
  0.54489124E+14  0.00000000E+00  0.44005138E-29
  0.54534493E+14  0.00000000E+00  0.43907092E-29
  0.54579863E+14  0.00000000E+00  0.43809409E-29
  0.54625233E+14  0.00000000E+00  0.43712086E-29
  0.54670603E+14  0.00000000E+00  0.43615122E-29
  0.54715973E+14  0.00000000E+00  0.43518514E-29
  0.54761342E+14  0.00000000E+00  0.43422262E-29
  0.54806712E+14  0.00000000E+00  0.43326362E-29
  0.54852082E+14  0.00000000E+00  0.43230814E-29
  0.54897452E+14  0.00000000E+00  0.43135614E-29
  0.54942822E+14  0.00000000E+00  0.43040762E-29
  0.54988191E+14  0.00000000E+00  0.42946256E-29
  0.55033561E+14  0.00000000E+00  0.42852093E-29
  0.55078931E+14  0.00000000E+00  0.42758271E-29
  0.55124301E+14  0.00000000E+00  0.42664790E-29
  0.55169671E+14  0.00000000E+00  0.42571647E-29
  0.55215040E+14  0.00000000E+00  0.42478840E-29
  0.55260410E+14  0.00000000E+00  0.42386368E-29
  0.55305780E+14  0.00000000E+00  0.42294229E-29
  0.55351150E+14  0.00000000E+00  0.42202421E-29
  0.55396520E+14  0.00000000E+00  0.42110942E-29
  0.55441889E+14  0.00000000E+00  0.42019791E-29
  0.55487259E+14  0.00000000E+00  0.41928966E-29
  0.55532629E+14  0.00000000E+00  0.41838465E-29
  0.55577999E+14  0.00000000E+00  0.41748286E-29
  0.55623369E+14  0.00000000E+00  0.41658429E-29
  0.55668738E+14  0.00000000E+00  0.41568891E-29
  0.55714108E+14  0.00000000E+00  0.41479670E-29
  0.55759478E+14  0.00000000E+00  0.41390765E-29
  0.55804848E+14  0.00000000E+00  0.41302174E-29
  0.55850218E+14  0.00000000E+00  0.41213897E-29
  0.55895587E+14  0.00000000E+00  0.41125930E-29
  0.55940957E+14  0.00000000E+00  0.41038272E-29
  0.55986327E+14  0.00000000E+00  0.40950923E-29
  0.56031697E+14  0.00000000E+00  0.40863880E-29
  0.56077067E+14  0.00000000E+00  0.40777141E-29
  0.56122436E+14  0.00000000E+00  0.40690706E-29
  0.56167806E+14  0.00000000E+00  0.40604573E-29
  0.56213176E+14  0.00000000E+00  0.40518739E-29
  0.56258546E+14  0.00000000E+00  0.40433205E-29
  0.56303915E+14  0.00000000E+00  0.40347967E-29
  0.56349285E+14  0.00000000E+00  0.40263025E-29
  0.56394655E+14  0.00000000E+00  0.40178377E-29
  0.56440025E+14  0.00000000E+00  0.40094021E-29
  0.56485395E+14  0.00000000E+00  0.40009957E-29
  0.56530764E+14  0.00000000E+00  0.39926183E-29
  0.56576134E+14  0.00000000E+00  0.39842697E-29
  0.56621504E+14  0.00000000E+00  0.39759497E-29
  0.56666874E+14  0.00000000E+00  0.39676583E-29
  0.56712244E+14  0.00000000E+00  0.39593953E-29
  0.56757613E+14  0.00000000E+00  0.39511606E-29
  0.56802983E+14  0.00000000E+00  0.39429539E-29
  0.56848353E+14  0.00000000E+00  0.39347753E-29
  0.56893723E+14  0.00000000E+00  0.39266244E-29
  0.56939093E+14  0.00000000E+00  0.39185013E-29
  0.56984462E+14  0.00000000E+00  0.39104058E-29
  0.57029832E+14  0.00000000E+00  0.39023377E-29
  0.57075202E+14  0.00000000E+00  0.38942968E-29
  0.57120572E+14  0.00000000E+00  0.38862832E-29
  0.57165942E+14  0.00000000E+00  0.38782965E-29
  0.57211311E+14  0.00000000E+00  0.38703368E-29
  0.57256681E+14  0.00000000E+00  0.38624038E-29
  0.57302051E+14  0.00000000E+00  0.38544974E-29
  0.57347421E+14  0.00000000E+00  0.38466176E-29
  0.57392791E+14  0.00000000E+00  0.38387641E-29
  0.57438160E+14  0.00000000E+00  0.38309369E-29
  0.57483530E+14  0.00000000E+00  0.38231358E-29
  0.57528900E+14  0.00000000E+00  0.38153607E-29
  0.57574270E+14  0.00000000E+00  0.38076115E-29
  0.57619640E+14  0.00000000E+00  0.37998880E-29
  0.57665009E+14  0.00000000E+00  0.37921902E-29
  0.57710379E+14  0.00000000E+00  0.37845178E-29
  0.57755749E+14  0.00000000E+00  0.37768708E-29
  0.57801119E+14  0.00000000E+00  0.37692491E-29
  0.57846489E+14  0.00000000E+00  0.37616525E-29
  0.57891858E+14  0.00000000E+00  0.37540810E-29
  0.57937228E+14  0.00000000E+00  0.37465343E-29
  0.57982598E+14  0.00000000E+00  0.37390124E-29
  0.58027968E+14  0.00000000E+00  0.37315152E-29
  0.58073337E+14  0.00000000E+00  0.37240425E-29
  0.58118707E+14  0.00000000E+00  0.37165943E-29
  0.58164077E+14  0.00000000E+00  0.37091703E-29
  0.58209447E+14  0.00000000E+00  0.37017706E-29
  0.58254817E+14  0.00000000E+00  0.36943949E-29
  0.58300186E+14  0.00000000E+00  0.36870433E-29
  0.58345556E+14  0.00000000E+00  0.36797155E-29
  0.58390926E+14  0.00000000E+00  0.36724114E-29
  0.58436296E+14  0.00000000E+00  0.36651310E-29
  0.58481666E+14  0.00000000E+00  0.36578741E-29
  0.58527035E+14  0.00000000E+00  0.36506406E-29
  0.58572405E+14  0.00000000E+00  0.36434304E-29
  0.58617775E+14  0.00000000E+00  0.36362434E-29
  0.58663145E+14  0.00000000E+00  0.36290796E-29
  0.58708515E+14  0.00000000E+00  0.36219387E-29
  0.58753884E+14  0.00000000E+00  0.36148207E-29
  0.58799254E+14  0.00000000E+00  0.36077254E-29
  0.58844624E+14  0.00000000E+00  0.36006529E-29
  0.58889994E+14  0.00000000E+00  0.35936029E-29
  0.58935364E+14  0.00000000E+00  0.35865754E-29
  0.58980733E+14  0.00000000E+00  0.35795702E-29
  0.59026103E+14  0.00000000E+00  0.35725873E-29
  0.59071473E+14  0.00000000E+00  0.35656265E-29
  0.59116843E+14  0.00000000E+00  0.35586878E-29
  0.59162213E+14  0.00000000E+00  0.35517711E-29
  0.59207582E+14  0.00000000E+00  0.35448762E-29
  0.59252952E+14  0.00000000E+00  0.35380031E-29
  0.59298322E+14  0.00000000E+00  0.35311516E-29
  0.59343692E+14  0.00000000E+00  0.35243217E-29
  0.59389062E+14  0.00000000E+00  0.35175132E-29
  0.59434431E+14  0.00000000E+00  0.35107261E-29
  0.59479801E+14  0.00000000E+00  0.35039603E-29
  0.59525171E+14  0.00000000E+00  0.34972157E-29
  0.59570541E+14  0.00000000E+00  0.34904921E-29
  0.59615911E+14  0.00000000E+00  0.34837895E-29
  0.59661280E+14  0.00000000E+00  0.34771078E-29
  0.59706650E+14  0.00000000E+00  0.34704469E-29
  0.59752020E+14  0.00000000E+00  0.34638067E-29
  0.59797390E+14  0.00000000E+00  0.34571871E-29
  0.59842759E+14  0.00000000E+00  0.34505880E-29
  0.59888129E+14  0.00000000E+00  0.34440094E-29
  0.59933499E+14  0.00000000E+00  0.34374511E-29
  0.59978869E+14  0.00000000E+00  0.34309130E-29
  0.60024239E+14  0.00000000E+00  0.34243951E-29
  0.60069608E+14  0.00000000E+00  0.34178973E-29
  0.60114978E+14  0.00000000E+00  0.34114195E-29
  0.60160348E+14  0.00000000E+00  0.34049615E-29
  0.60205718E+14  0.00000000E+00  0.33985233E-29
  0.60251088E+14  0.00000000E+00  0.33921049E-29
  0.60296457E+14  0.00000000E+00  0.33857061E-29
  0.60341827E+14  0.00000000E+00  0.33793268E-29
  0.60387197E+14  0.00000000E+00  0.33729670E-29
  0.60432567E+14  0.00000000E+00  0.33666266E-29
  0.60477937E+14  0.00000000E+00  0.33603055E-29
  0.60523306E+14  0.00000000E+00  0.33540035E-29
  0.60568676E+14  0.00000000E+00  0.33477207E-29
  0.60614046E+14  0.00000000E+00  0.33414570E-29
  0.60659416E+14  0.00000000E+00  0.33352121E-29
  0.60704786E+14  0.00000000E+00  0.33289862E-29
  0.60750155E+14  0.00000000E+00  0.33227791E-29
  0.60795525E+14  0.00000000E+00  0.33165906E-29
  0.60840895E+14  0.00000000E+00  0.33104208E-29
  0.60886265E+14  0.00000000E+00  0.33042696E-29
  0.60931635E+14  0.00000000E+00  0.32981368E-29
  0.60977004E+14  0.00000000E+00  0.32920224E-29
  0.61022374E+14  0.00000000E+00  0.32859264E-29
  0.61067744E+14  0.00000000E+00  0.32798485E-29
  0.61113114E+14  0.00000000E+00  0.32737888E-29
  0.61158484E+14  0.00000000E+00  0.32677472E-29
  0.61203853E+14  0.00000000E+00  0.32617237E-29
  0.61249223E+14  0.00000000E+00  0.32557180E-29
  0.61294593E+14  0.00000000E+00  0.32497302E-29
  0.61339963E+14  0.00000000E+00  0.32437601E-29
  0.61385333E+14  0.00000000E+00  0.32378078E-29
  0.61430702E+14  0.00000000E+00  0.32318731E-29
  0.61476072E+14  0.00000000E+00  0.32259559E-29
  0.61521442E+14  0.00000000E+00  0.32200562E-29
  0.61566812E+14  0.00000000E+00  0.32141739E-29
  0.61612181E+14  0.00000000E+00  0.32083089E-29
  0.61657551E+14  0.00000000E+00  0.32024612E-29
  0.61702921E+14  0.00000000E+00  0.31966307E-29
  0.61748291E+14  0.00000000E+00  0.31908173E-29
  0.61793661E+14  0.00000000E+00  0.31850209E-29
  0.61839030E+14  0.00000000E+00  0.31792415E-29
  0.61884400E+14  0.00000000E+00  0.31734790E-29
  0.61929770E+14  0.00000000E+00  0.31677333E-29
  0.61975140E+14  0.00000000E+00  0.31620044E-29
  0.62020510E+14  0.00000000E+00  0.31562922E-29
  0.62065879E+14  0.00000000E+00  0.31505965E-29
  0.62111249E+14  0.00000000E+00  0.31449175E-29
  0.62156619E+14  0.00000000E+00  0.31392549E-29
  0.62201989E+14  0.00000000E+00  0.31336087E-29
  0.62247359E+14  0.00000000E+00  0.31279789E-29
  0.62292728E+14  0.00000000E+00  0.31223653E-29
  0.62338098E+14  0.00000000E+00  0.31167680E-29
  0.62383468E+14  0.00000000E+00  0.31111868E-29
  0.62428838E+14  0.00000000E+00  0.31056217E-29
  0.62474208E+14  0.00000000E+00  0.31000726E-29
  0.62519577E+14  0.00000000E+00  0.30945394E-29
  0.62564947E+14  0.00000000E+00  0.30890222E-29
  0.62610317E+14  0.00000000E+00  0.30835207E-29
  0.62655687E+14  0.00000000E+00  0.30780350E-29
  0.62701057E+14  0.00000000E+00  0.30725650E-29
  0.62746426E+14  0.00000000E+00  0.30671106E-29
  0.62791796E+14  0.00000000E+00  0.30616717E-29
  0.62837166E+14  0.00000000E+00  0.30562484E-29
  0.62882536E+14  0.00000000E+00  0.30508405E-29
  0.62927906E+14  0.00000000E+00  0.30454480E-29
  0.62973275E+14  0.00000000E+00  0.30400708E-29
  0.63018645E+14  0.00000000E+00  0.30347088E-29
  0.63064015E+14  0.00000000E+00  0.30293620E-29
  0.63109385E+14  0.00000000E+00  0.30240303E-29
  0.63154755E+14  0.00000000E+00  0.30187137E-29
  0.63200124E+14  0.00000000E+00  0.30134122E-29
  0.63245494E+14  0.00000000E+00  0.30081255E-29
  0.63290864E+14  0.00000000E+00  0.30028538E-29
  0.63336234E+14  0.00000000E+00  0.29975968E-29
  0.63381603E+14  0.00000000E+00  0.29923546E-29
  0.63426973E+14  0.00000000E+00  0.29871272E-29
  0.63472343E+14  0.00000000E+00  0.29819144E-29
  0.63517713E+14  0.00000000E+00  0.29767161E-29
  0.63563083E+14  0.00000000E+00  0.29715325E-29
  0.63608452E+14  0.00000000E+00  0.29663632E-29
  0.63653822E+14  0.00000000E+00  0.29612084E-29
  0.63699192E+14  0.00000000E+00  0.29560680E-29
  0.63744562E+14  0.00000000E+00  0.29509419E-29
  0.63789932E+14  0.00000000E+00  0.29458300E-29
  0.63835301E+14  0.00000000E+00  0.29407323E-29
  0.63880671E+14  0.00000000E+00  0.29356487E-29
  0.63926041E+14  0.00000000E+00  0.29305792E-29
  0.63971411E+14  0.00000000E+00  0.29255238E-29
  0.64016781E+14  0.00000000E+00  0.29204823E-29
  0.64062150E+14  0.00000000E+00  0.29154547E-29
  0.64107520E+14  0.00000000E+00  0.29104410E-29
  0.64152890E+14  0.00000000E+00  0.29054411E-29
  0.64198260E+14  0.00000000E+00  0.29004549E-29
  0.64243630E+14  0.00000000E+00  0.28954824E-29
  0.64288999E+14  0.00000000E+00  0.28905236E-29
  0.64334369E+14  0.00000000E+00  0.28855784E-29
  0.64379739E+14  0.00000000E+00  0.28806467E-29
  0.64425109E+14  0.00000000E+00  0.28757285E-29
  0.64470479E+14  0.00000000E+00  0.28708238E-29
  0.64515848E+14  0.00000000E+00  0.28659324E-29
  0.64561218E+14  0.00000000E+00  0.28610543E-29
  0.64606588E+14  0.00000000E+00  0.28561896E-29
  0.64651958E+14  0.00000000E+00  0.28513380E-29
  0.64697328E+14  0.00000000E+00  0.28464996E-29
  0.64742697E+14  0.00000000E+00  0.28416744E-29
  0.64788067E+14  0.00000000E+00  0.28368622E-29
  0.64833437E+14  0.00000000E+00  0.28320631E-29
  0.64878807E+14  0.00000000E+00  0.28272769E-29
  0.64924177E+14  0.00000000E+00  0.28225037E-29
  0.64969546E+14  0.00000000E+00  0.28177433E-29
  0.65014916E+14  0.00000000E+00  0.28129958E-29
  0.65060286E+14  0.00000000E+00  0.28082611E-29
  0.65105656E+14  0.00000000E+00  0.28035390E-29
  0.65151025E+14  0.00000000E+00  0.27988297E-29
  0.65196395E+14  0.00000000E+00  0.27941330E-29
  0.65241765E+14  0.00000000E+00  0.27894489E-29
  0.65287135E+14  0.00000000E+00  0.27847773E-29
  0.65332505E+14  0.00000000E+00  0.27801182E-29
  0.65377874E+14  0.00000000E+00  0.27754716E-29
  0.65423244E+14  0.00000000E+00  0.27708373E-29
  0.65468614E+14  0.00000000E+00  0.27662154E-29
  0.65513984E+14  0.00000000E+00  0.27616058E-29
  0.65559354E+14  0.00000000E+00  0.27570085E-29
  0.65604723E+14  0.00000000E+00  0.27524233E-29
  0.65650093E+14  0.00000000E+00  0.27478504E-29
  0.65695463E+14  0.00000000E+00  0.27432895E-29
  0.65740833E+14  0.00000000E+00  0.27387408E-29
  0.65786203E+14  0.00000000E+00  0.27342040E-29
  0.65831572E+14  0.00000000E+00  0.27296793E-29
  0.65876942E+14  0.00000000E+00  0.27251664E-29
  0.65922312E+14  0.00000000E+00  0.27206655E-29
  0.65967682E+14  0.00000000E+00  0.27161765E-29
  0.66013052E+14  0.00000000E+00  0.27116992E-29
  0.66058421E+14  0.00000000E+00  0.27072337E-29
  0.66103791E+14  0.00000000E+00  0.27027799E-29
  0.66149161E+14  0.00000000E+00  0.26983378E-29
  0.66194531E+14  0.00000000E+00  0.26939073E-29
  0.66239901E+14  0.00000000E+00  0.26894884E-29
  0.66285270E+14  0.00000000E+00  0.26850811E-29
  0.66330640E+14  0.00000000E+00  0.26806853E-29
  0.66376010E+14  0.00000000E+00  0.26763009E-29
  0.66421380E+14  0.00000000E+00  0.26719279E-29
  0.66466750E+14  0.00000000E+00  0.26675664E-29
  0.66512119E+14  0.00000000E+00  0.26632161E-29
  0.66557489E+14  0.00000000E+00  0.26588772E-29
  0.66602859E+14  0.00000000E+00  0.26545495E-29
  0.66648229E+14  0.00000000E+00  0.26502330E-29
  0.66693599E+14  0.00000000E+00  0.26459277E-29
  0.66738968E+14  0.00000000E+00  0.26416335E-29
  0.66784338E+14  0.00000000E+00  0.26373505E-29
  0.66829708E+14  0.00000000E+00  0.26330784E-29
  0.66875078E+14  0.00000000E+00  0.26288174E-29
  0.66920447E+14  0.00000000E+00  0.26245673E-29
  0.66965817E+14  0.00000000E+00  0.26203282E-29
  0.67011187E+14  0.00000000E+00  0.26161000E-29
  0.67056557E+14  0.00000000E+00  0.26118826E-29
  0.67101927E+14  0.00000000E+00  0.26076760E-29
  0.67147296E+14  0.00000000E+00  0.26034802E-29
  0.67192666E+14  0.00000000E+00  0.25992952E-29
  0.67238036E+14  0.00000000E+00  0.25951208E-29
  0.67283406E+14  0.00000000E+00  0.25909571E-29
  0.67328776E+14  0.00000000E+00  0.25868040E-29
  0.67374145E+14  0.00000000E+00  0.25826614E-29
  0.67419515E+14  0.00000000E+00  0.25785295E-29
  0.67464885E+14  0.00000000E+00  0.25744080E-29
  0.67510255E+14  0.00000000E+00  0.25702970E-29
  0.67555625E+14  0.00000000E+00  0.25661964E-29
  0.67600994E+14  0.00000000E+00  0.25621062E-29
  0.67646364E+14  0.00000000E+00  0.25580264E-29
  0.67691734E+14  0.00000000E+00  0.25539569E-29
  0.67737104E+14  0.00000000E+00  0.25498976E-29
  0.67782474E+14  0.00000000E+00  0.25458487E-29
  0.67827843E+14  0.00000000E+00  0.25418099E-29
  0.67873213E+14  0.00000000E+00  0.25377813E-29
  0.67918583E+14  0.00000000E+00  0.25337628E-29
  0.67963953E+14  0.00000000E+00  0.25297544E-29
  0.68009323E+14  0.00000000E+00  0.25257561E-29
  0.68054692E+14  0.00000000E+00  0.25217679E-29
  0.68100062E+14  0.00000000E+00  0.25177896E-29
  0.68145432E+14  0.00000000E+00  0.25138213E-29
  0.68190802E+14  0.00000000E+00  0.25098629E-29
  0.68236172E+14  0.00000000E+00  0.25059144E-29
  0.68281541E+14  0.00000000E+00  0.25019757E-29
  0.68326911E+14  0.00000000E+00  0.24980469E-29
  0.68372281E+14  0.00000000E+00  0.24941278E-29
  0.68417651E+14  0.00000000E+00  0.24902185E-29
  0.68463021E+14  0.00000000E+00  0.24863189E-29
  0.68508390E+14  0.00000000E+00  0.24824290E-29
  0.68553760E+14  0.00000000E+00  0.24785488E-29
  0.68599130E+14  0.00000000E+00  0.24746781E-29
  0.68644500E+14  0.00000000E+00  0.24708171E-29
  0.68689869E+14  0.00000000E+00  0.24669656E-29
  0.68735239E+14  0.00000000E+00  0.24631236E-29
  0.68780609E+14  0.00000000E+00  0.24592911E-29
  0.68825979E+14  0.00000000E+00  0.24554680E-29
  0.68871349E+14  0.00000000E+00  0.24516544E-29
  0.68916718E+14  0.00000000E+00  0.24478501E-29
  0.68962088E+14  0.00000000E+00  0.24440552E-29
  0.69007458E+14  0.00000000E+00  0.24402696E-29
  0.69052828E+14  0.00000000E+00  0.24364933E-29
  0.69098198E+14  0.00000000E+00  0.24327263E-29
  0.69143567E+14  0.00000000E+00  0.24289685E-29
  0.69188937E+14  0.00000000E+00  0.24252198E-29
  0.69234307E+14  0.00000000E+00  0.24214804E-29
  0.69279677E+14  0.00000000E+00  0.24177500E-29
  0.69325047E+14  0.00000000E+00  0.24140288E-29
  0.69370416E+14  0.00000000E+00  0.24103166E-29
  0.69415786E+14  0.00000000E+00  0.24066135E-29
  0.69461156E+14  0.00000000E+00  0.24029194E-29
  0.69506526E+14  0.00000000E+00  0.23992342E-29
  0.69551896E+14  0.00000000E+00  0.23955580E-29
  0.69597265E+14  0.00000000E+00  0.23918907E-29
  0.69642635E+14  0.00000000E+00  0.23882323E-29
  0.69688005E+14  0.00000000E+00  0.23845827E-29
  0.69733375E+14  0.00000000E+00  0.23809420E-29
  0.69778745E+14  0.00000000E+00  0.23773100E-29
  0.69824114E+14  0.00000000E+00  0.23736868E-29
  0.69869484E+14  0.00000000E+00  0.23700724E-29
  0.69914854E+14  0.00000000E+00  0.23664666E-29
  0.69960224E+14  0.00000000E+00  0.23628695E-29
  0.70005594E+14  0.00000000E+00  0.23592811E-29
  0.70050963E+14  0.00000000E+00  0.23557013E-29
  0.70096333E+14  0.00000000E+00  0.23521301E-29
  0.70141703E+14  0.00000000E+00  0.23485674E-29
  0.70187073E+14  0.00000000E+00  0.23450133E-29
  0.70232443E+14  0.00000000E+00  0.23414676E-29
  0.70277812E+14  0.00000000E+00  0.23379305E-29
  0.70323182E+14  0.00000000E+00  0.23344017E-29
  0.70368552E+14  0.00000000E+00  0.23308814E-29
  0.70413922E+14  0.00000000E+00  0.23273695E-29
  0.70459291E+14  0.00000000E+00  0.23238660E-29
  0.70504661E+14  0.00000000E+00  0.23203707E-29
  0.70550031E+14  0.00000000E+00  0.23168838E-29
  0.70595401E+14  0.00000000E+00  0.23134052E-29
  0.70640771E+14  0.00000000E+00  0.23099348E-29
  0.70686140E+14  0.00000000E+00  0.23064726E-29
  0.70731510E+14  0.00000000E+00  0.23030186E-29
  0.70776880E+14  0.00000000E+00  0.22995728E-29
  0.70822250E+14  0.00000000E+00  0.22961351E-29
  0.70867620E+14  0.00000000E+00  0.22927056E-29
  0.70912989E+14  0.00000000E+00  0.22892841E-29
  0.70958359E+14  0.00000000E+00  0.22858707E-29
  0.71003729E+14  0.00000000E+00  0.22824653E-29
  0.71049099E+14  0.00000000E+00  0.22790679E-29
  0.71094469E+14  0.00000000E+00  0.22756785E-29
  0.71139838E+14  0.00000000E+00  0.22722971E-29
  0.71185208E+14  0.00000000E+00  0.22689236E-29
  0.71230578E+14  0.00000000E+00  0.22655580E-29
  0.71275948E+14  0.00000000E+00  0.22622003E-29
  0.71321318E+14  0.00000000E+00  0.22588504E-29
  0.71366687E+14  0.00000000E+00  0.22555083E-29
  0.71412057E+14  0.00000000E+00  0.22521741E-29
  0.71457427E+14  0.00000000E+00  0.22488476E-29
  0.71502797E+14  0.00000000E+00  0.22455289E-29
  0.71548167E+14  0.00000000E+00  0.22422179E-29
  0.71593536E+14  0.00000000E+00  0.22389145E-29
  0.71638906E+14  0.00000000E+00  0.22356189E-29
  0.71684276E+14  0.00000000E+00  0.22323309E-29
  0.71729646E+14  0.00000000E+00  0.22290506E-29
  0.71775016E+14  0.00000000E+00  0.22257778E-29
  0.71820385E+14  0.00000000E+00  0.22225126E-29
  0.71865755E+14  0.00000000E+00  0.22192550E-29
  0.71911125E+14  0.00000000E+00  0.22160048E-29
  0.71956495E+14  0.00000000E+00  0.22127622E-29
  0.72001865E+14  0.00000000E+00  0.22095271E-29
  0.72047234E+14  0.00000000E+00  0.22062994E-29
  0.72092604E+14  0.00000000E+00  0.22030791E-29
  0.72137974E+14  0.00000000E+00  0.21998663E-29
  0.72183344E+14  0.00000000E+00  0.21966608E-29
  0.72228713E+14  0.00000000E+00  0.21934627E-29
  0.72274083E+14  0.00000000E+00  0.21902719E-29
  0.72319453E+14  0.00000000E+00  0.21870884E-29
  0.72364823E+14  0.00000000E+00  0.21839123E-29
  0.72410193E+14  0.00000000E+00  0.21807433E-29
  0.72455562E+14  0.00000000E+00  0.21775817E-29
  0.72500932E+14  0.00000000E+00  0.21744272E-29
  0.72546302E+14  0.00000000E+00  0.21712799E-29
  0.72591672E+14  0.00000000E+00  0.21681398E-29
  0.72637042E+14  0.00000000E+00  0.21650069E-29
  0.72682411E+14  0.00000000E+00  0.21618811E-29
  0.72727781E+14  0.00000000E+00  0.21587624E-29
  0.72773151E+14  0.00000000E+00  0.21556507E-29
  0.72818521E+14  0.00000000E+00  0.21525461E-29
  0.72863891E+14  0.00000000E+00  0.21494486E-29
  0.72909260E+14  0.00000000E+00  0.21463581E-29
  0.72954630E+14  0.00000000E+00  0.21432745E-29
  0.73000000E+14  0.00000000E+00  0.21401980E-29
