  0.45369795E+11  0.66988462E-31 -0.11711798E-29
  0.90739590E+11  0.83922694E-31 -0.11362750E-29
  0.13610938E+12  0.11767759E-30 -0.11226065E-29
  0.18147918E+12  0.17362313E-30 -0.10795135E-29
  0.22684897E+12  0.18273842E-30 -0.98845619E-30
  0.27221877E+12  0.92783619E-31 -0.93108934E-30
  0.31758856E+12  0.87211396E-32 -0.98399985E-30
  0.36295836E+12  0.30118549E-31 -0.10889095E-29
  0.40832815E+12  0.10107751E-30 -0.11143758E-29
  0.45369795E+12  0.14824768E-30 -0.11149318E-29
  0.49906774E+12  0.21077459E-30 -0.11281104E-29
  0.54443754E+12  0.32126500E-30 -0.10490816E-29
  0.58980733E+12  0.29022673E-30 -0.92989516E-30
  0.63517713E+12  0.20649647E-30 -0.87296050E-30
  0.68054692E+12  0.10326515E-30 -0.91328185E-30
  0.72591672E+12  0.10714644E-30 -0.99892870E-30
  0.77128651E+12  0.13233730E-30 -0.10562545E-29
  0.81665631E+12  0.19352566E-30 -0.10769313E-29
  0.86202610E+12  0.25483296E-30 -0.10958027E-29
  0.90739590E+12  0.32813791E-30 -0.10380149E-29
  0.95276569E+12  0.33323207E-30 -0.96241472E-30
  0.99813549E+12  0.28576829E-30 -0.91800710E-30
  0.10435053E+13  0.22490537E-30 -0.94166408E-30
  0.10888751E+13  0.23760921E-30 -0.98695475E-30
  0.11342449E+13  0.25557587E-30 -0.10060991E-29
  0.11796147E+13  0.28633966E-30 -0.10260933E-29
  0.12249845E+13  0.34223815E-30 -0.10180489E-29
  0.12703543E+13  0.35703934E-30 -0.97915811E-30
  0.13157241E+13  0.35102791E-30 -0.94526105E-30
  0.13610938E+13  0.32174381E-30 -0.93601535E-30
  0.14064636E+13  0.30616481E-30 -0.96740424E-30
  0.14518334E+13  0.31450668E-30 -0.99674942E-30
  0.14972032E+13  0.35311329E-30 -0.10177218E-29
  0.15425730E+13  0.38862291E-30 -0.10252071E-29
  0.15879428E+13  0.44235592E-30 -0.98786008E-30
  0.16333126E+13  0.43980976E-30 -0.94444684E-30
  0.16786824E+13  0.41679007E-30 -0.92071816E-30
  0.17240522E+13  0.38968400E-30 -0.92622844E-30
  0.17694220E+13  0.38336815E-30 -0.95005077E-30
  0.18147918E+13  0.38875189E-30 -0.97553475E-30
  0.18601616E+13  0.41649113E-30 -0.10069302E-29
  0.19055314E+13  0.47207749E-30 -0.10096497E-29
  0.19509012E+13  0.49865845E-30 -0.97752767E-30
  0.19962710E+13  0.50400939E-30 -0.94825118E-30
  0.20416408E+13  0.48990419E-30 -0.93768154E-30
  0.20870106E+13  0.48927090E-30 -0.94828956E-30
  0.21323804E+13  0.49866638E-30 -0.94794766E-30
  0.21777502E+13  0.50082002E-30 -0.95347362E-30
  0.22231200E+13  0.51451911E-30 -0.96712702E-30
  0.22684897E+13  0.54613194E-30 -0.95653290E-30
  0.23138595E+13  0.54679464E-30 -0.94077798E-30
  0.23592293E+13  0.53953399E-30 -0.93883318E-30
  0.24045991E+13  0.53969131E-30 -0.95970199E-30
  0.24499689E+13  0.56626633E-30 -0.97574876E-30
  0.24953387E+13  0.59694600E-30 -0.97192866E-30
  0.25407085E+13  0.61661308E-30 -0.96581757E-30
  0.25860783E+13  0.64608869E-30 -0.94723335E-30
  0.26314481E+13  0.64430501E-30 -0.91744494E-30
  0.26768179E+13  0.62900008E-30 -0.90445390E-30
  0.27221877E+13  0.60803145E-30 -0.91685831E-30
  0.27675575E+13  0.61413870E-30 -0.94677398E-30
  0.28129273E+13  0.63720316E-30 -0.96677361E-30
  0.28582971E+13  0.66821959E-30 -0.97648356E-30
  0.29036669E+13  0.70923267E-30 -0.97075586E-30
  0.29490367E+13  0.73173230E-30 -0.93997385E-30
  0.29944065E+13  0.72956039E-30 -0.91625318E-30
  0.30397763E+13  0.71680705E-30 -0.90860259E-30
  0.30851461E+13  0.71448890E-30 -0.92364272E-30
  0.31305158E+13  0.72504453E-30 -0.93478546E-30
  0.31758856E+13  0.74268537E-30 -0.94605040E-30
  0.32212554E+13  0.76921907E-30 -0.95265736E-30
  0.32666252E+13  0.80125937E-30 -0.93202196E-30
  0.33119950E+13  0.80042314E-30 -0.90982271E-30
  0.33573648E+13  0.79066849E-30 -0.90742332E-30
  0.34027346E+13  0.78636890E-30 -0.92705340E-30
  0.34481044E+13  0.80828242E-30 -0.94607171E-30
  0.34934742E+13  0.83723945E-30 -0.95251332E-30
  0.35388440E+13  0.86926135E-30 -0.95341741E-30
  0.35842138E+13  0.90728026E-30 -0.93148992E-30
  0.36295836E+13  0.91200005E-30 -0.89496916E-30
  0.36749534E+13  0.89447435E-30 -0.87652165E-30
  0.37203232E+13  0.87300932E-30 -0.88654110E-30
  0.37656930E+13  0.87789692E-30 -0.91632927E-30
  0.38110628E+13  0.89755942E-30 -0.93822233E-30
  0.38564326E+13  0.93185078E-30 -0.95490263E-30
  0.39018024E+13  0.98053598E-30 -0.95065745E-30
  0.39471722E+13  0.10090572E-29 -0.92079124E-30
  0.39925420E+13  0.10141825E-29 -0.89215085E-30
  0.40379117E+13  0.10039316E-29 -0.87843998E-30
  0.40832815E+13  0.99881738E-30 -0.88841423E-30
  0.41286513E+13  0.10056413E-29 -0.90133358E-30
  0.41740211E+13  0.10235204E-29 -0.91651582E-30
  0.42193909E+13  0.10566441E-29 -0.92549950E-30
  0.42647607E+13  0.10862881E-29 -0.90788642E-30
  0.43101305E+13  0.10960659E-29 -0.89285151E-30
  0.43555003E+13  0.11000550E-29 -0.88734802E-30
  0.44008701E+13  0.11043855E-29 -0.89514134E-30
  0.44462399E+13  0.11238481E-29 -0.90270932E-30
  0.44916097E+13  0.11463442E-29 -0.90986220E-30
  0.45369795E+13  0.11802272E-29 -0.90858109E-30
  0.45823493E+13  0.12075981E-29 -0.88299313E-30
  0.46277191E+13  0.12097732E-29 -0.86237907E-30
  0.46730889E+13  0.12032378E-29 -0.85822110E-30
  0.47184587E+13  0.12056279E-29 -0.87291842E-30
  0.47638285E+13  0.12233462E-29 -0.88740658E-30
  0.48091983E+13  0.12496826E-29 -0.89931868E-30
  0.48545681E+13  0.12872200E-29 -0.90475218E-30
  0.48999378E+13  0.13267802E-29 -0.88362014E-30
  0.49453076E+13  0.13391377E-29 -0.85891179E-30
  0.49906774E+13  0.13428526E-29 -0.84437672E-30
  0.50360472E+13  0.13426349E-29 -0.84731322E-30
  0.50814170E+13  0.13571631E-29 -0.85607919E-30
  0.51267868E+13  0.13772810E-29 -0.86197490E-30
  0.51721566E+13  0.14058649E-29 -0.86882044E-30
  0.52175264E+13  0.14386639E-29 -0.85483934E-30
  0.52628962E+13  0.14538675E-29 -0.84057615E-30
  0.53082660E+13  0.14636097E-29 -0.83354759E-30
  0.53536358E+13  0.14736497E-29 -0.84006129E-30
  0.53990056E+13  0.15000353E-29 -0.84760446E-30
  0.54443754E+13  0.15327316E-29 -0.84669927E-30
  0.54897452E+13  0.15665311E-29 -0.83699435E-30
  0.55351150E+13  0.15932329E-29 -0.81148727E-30
  0.55804848E+13  0.15991062E-29 -0.79096113E-30
  0.56258546E+13  0.15982422E-29 -0.78634328E-30
  0.56712244E+13  0.16045220E-29 -0.80069948E-30
  0.57165942E+13  0.16313253E-29 -0.81755704E-30
  0.57619640E+13  0.16705601E-29 -0.82478643E-30
  0.58073337E+13  0.17173492E-29 -0.81966294E-30
  0.58527035E+13  0.17570570E-29 -0.78952311E-30
  0.58980733E+13  0.17719009E-29 -0.76019175E-30
  0.59434431E+13  0.17739952E-29 -0.74470327E-30
  0.59888129E+13  0.17800044E-29 -0.74965271E-30
  0.60341827E+13  0.18021609E-29 -0.75705197E-30
  0.60795525E+13  0.18313345E-29 -0.76308664E-30
  0.61249223E+13  0.18758338E-29 -0.76089801E-30
  0.61702921E+13  0.19104901E-29 -0.73688693E-30
  0.62156619E+13  0.19280932E-29 -0.71573497E-30
  0.62610317E+13  0.19383904E-29 -0.70769986E-30
  0.63064015E+13  0.19613084E-29 -0.71538023E-30
  0.63517713E+13  0.19969484E-29 -0.71414183E-30
  0.63971411E+13  0.20360436E-29 -0.70707770E-30
  0.64425109E+13  0.20806971E-29 -0.68555394E-30
  0.64878807E+13  0.21036021E-29 -0.65209645E-30
  0.65332505E+13  0.21110627E-29 -0.63084483E-30
  0.65786203E+13  0.21164165E-29 -0.63012322E-30
  0.66239901E+13  0.21421022E-29 -0.64218752E-30
  0.66693599E+13  0.21828562E-29 -0.64650825E-30
  0.67147296E+13  0.22321778E-29 -0.64174803E-30
  0.67600994E+13  0.22854277E-29 -0.61239402E-30
  0.68054692E+13  0.23136463E-29 -0.57607021E-30
  0.68508390E+13  0.23291188E-29 -0.54850404E-30
  0.68962088E+13  0.23408024E-29 -0.54012345E-30
  0.69415786E+13  0.23681693E-29 -0.53858594E-30
  0.69869484E+13  0.24045016E-29 -0.53485050E-30
  0.70323182E+13  0.24537469E-29 -0.52270555E-30
  0.70776880E+13  0.24927169E-29 -0.49203181E-30
  0.71230578E+13  0.25181643E-29 -0.46452412E-30
  0.71684276E+13  0.25380621E-29 -0.45000842E-30
  0.72137974E+13  0.25725828E-29 -0.44485923E-30
  0.72591672E+13  0.26166271E-29 -0.43167064E-30
  0.73045370E+13  0.26639911E-29 -0.41199313E-30
  0.73499068E+13  0.27125241E-29 -0.37300601E-30
  0.73952766E+13  0.27371489E-29 -0.33172064E-30
  0.74406464E+13  0.27497852E-29 -0.30529182E-30
  0.74860162E+13  0.27716022E-29 -0.30068197E-30
  0.75313860E+13  0.28133870E-29 -0.29481285E-30
  0.75767557E+13  0.28656060E-29 -0.28059540E-30
  0.76221255E+13  0.29264356E-29 -0.24994410E-30
  0.76674953E+13  0.29701480E-29 -0.20159673E-30
  0.77128651E+13  0.29980911E-29 -0.15707307E-30
  0.77582349E+13  0.30167431E-29 -0.12872908E-30
  0.78036047E+13  0.30522987E-29 -0.11087777E-30
  0.78489745E+13  0.30949177E-29 -0.87887701E-31
  0.78943443E+13  0.31458543E-29 -0.58351031E-31
  0.79397141E+13  0.31912461E-29 -0.12083185E-31
  0.79850839E+13  0.32236818E-29  0.30994600E-31
  0.80304537E+13  0.32501408E-29  0.63671483E-31
  0.80758235E+13  0.32910216E-29  0.84389061E-31
  0.81211933E+13  0.33462466E-29  0.11582809E-30
  0.81665631E+13  0.34043814E-29  0.16073797E-30
  0.82119329E+13  0.34537630E-29  0.22456923E-30
  0.82573027E+13  0.34803823E-29  0.28584146E-30
  0.83026725E+13  0.34985507E-29  0.33120482E-30
  0.83480423E+13  0.35284651E-29  0.35607629E-30
  0.83934121E+13  0.35795700E-29  0.38591855E-30
  0.84387819E+13  0.36407897E-29  0.42964448E-30
  0.84841516E+13  0.36986441E-29  0.49734427E-30
  0.85295214E+13  0.37366671E-29  0.56710960E-30
  0.85748912E+13  0.37642928E-29  0.62945648E-30
  0.86202610E+13  0.37971092E-29  0.67616990E-30
  0.86656308E+13  0.38437022E-29  0.72758381E-30
  0.87110006E+13  0.38962715E-29  0.78881783E-30
  0.87563704E+13  0.39403604E-29  0.86840626E-30
  0.88017402E+13  0.39694286E-29  0.94216798E-30
  0.88471100E+13  0.39934522E-29  0.10061805E-29
  0.88924798E+13  0.40303744E-29  0.10567044E-29
  0.89378496E+13  0.40857428E-29  0.11181762E-29
  0.89832194E+13  0.41471297E-29  0.11991913E-29
  0.90285892E+13  0.41901682E-29  0.13037950E-29
  0.90739590E+13  0.42114897E-29  0.14022175E-29
  0.91193288E+13  0.42238758E-29  0.14845223E-29
  0.91646986E+13  0.42498904E-29  0.15542135E-29
  0.92100684E+13  0.42921595E-29  0.16286814E-29
  0.92554382E+13  0.43442455E-29  0.17253858E-29
  0.93008080E+13  0.43719810E-29  0.18382795E-29
  0.93461778E+13  0.43895965E-29  0.19453172E-29
  0.93915475E+13  0.44065547E-29  0.20393000E-29
  0.94369173E+13  0.44357510E-29  0.21375701E-29
  0.94822871E+13  0.44696014E-29  0.22492306E-29
  0.95276569E+13  0.44944970E-29  0.23859205E-29
  0.95730267E+13  0.44909470E-29  0.25203550E-29
  0.96183965E+13  0.44772098E-29  0.26367081E-29
  0.96637663E+13  0.44791570E-29  0.27421006E-29
  0.97091361E+13  0.44937217E-29  0.28593824E-29
  0.97545059E+13  0.45134062E-29  0.30028973E-29
  0.97998757E+13  0.45037545E-29  0.31677690E-29
  0.98452455E+13  0.44682930E-29  0.33288421E-29
  0.98906153E+13  0.44234536E-29  0.34704662E-29
  0.99359851E+13  0.43886898E-29  0.36159761E-29
  0.99813549E+13  0.43501988E-29  0.37775115E-29
  0.10026725E+14  0.42887738E-29  0.39622131E-29
  0.10072094E+14  0.41913847E-29  0.41451315E-29
  0.10117464E+14  0.40677925E-29  0.43134171E-29
  0.10162834E+14  0.39397295E-29  0.44833209E-29
  0.10208204E+14  0.37737818E-29  0.46757827E-29
  0.10253574E+14  0.35023159E-29  0.49098580E-29
  0.10298943E+14  0.27901747E-29  0.48267063E-29
  0.10344313E+14  0.28137648E-29  0.44886525E-29
  0.10389683E+14  0.28722882E-29  0.43990938E-29
  0.10435053E+14  0.28821532E-29  0.43204296E-29
  0.10480423E+14  0.28789202E-29  0.43469955E-29
  0.10525792E+14  0.28102095E-29  0.43453221E-29
  0.10571162E+14  0.28177599E-29  0.43625812E-29
  0.10616532E+14  0.28030485E-29  0.43608046E-29
  0.10661902E+14  0.27713358E-29  0.43718278E-29
  0.10707272E+14  0.28208687E-29  0.44387702E-29
  0.10752641E+14  0.27316575E-29  0.44820204E-29
  0.10798011E+14  0.26900483E-29  0.45168593E-29
  0.10843381E+14  0.26959216E-29  0.44944946E-29
  0.10888751E+14  0.26928766E-29  0.45762271E-29
  0.10934121E+14  0.26636987E-29  0.46201416E-29
  0.10979490E+14  0.26175526E-29  0.46780968E-29
  0.11024860E+14  0.25983260E-29  0.46915935E-29
  0.11070230E+14  0.26078843E-29  0.47656166E-29
  0.11115600E+14  0.25474998E-29  0.48264021E-29
  0.11160970E+14  0.25296386E-29  0.48925357E-29
  0.11206339E+14  0.24482298E-29  0.49246554E-29
  0.11251709E+14  0.24722502E-29  0.49495645E-29
  0.11297079E+14  0.24363080E-29  0.50429164E-29
  0.11342449E+14  0.24121603E-29  0.50912914E-29
  0.11387819E+14  0.23578371E-29  0.51731792E-29
  0.11433188E+14  0.23155803E-29  0.51947015E-29
  0.11478558E+14  0.23266214E-29  0.52775513E-29
  0.11523928E+14  0.22616810E-29  0.53755436E-29
  0.11569298E+14  0.22024557E-29  0.54253132E-29
  0.11614667E+14  0.21534338E-29  0.54753612E-29
  0.11660037E+14  0.21311320E-29  0.55159366E-29
  0.11705407E+14  0.21266948E-29  0.56162300E-29
  0.11750777E+14  0.20483444E-29  0.57144181E-29
  0.11796147E+14  0.20011686E-29  0.57527527E-29
  0.11841516E+14  0.19720235E-29  0.58536539E-29
  0.11886886E+14  0.18953697E-29  0.59245738E-29
  0.11932256E+14  0.18547331E-29  0.60082079E-29
  0.11977626E+14  0.17845969E-29  0.60737566E-29
  0.12022996E+14  0.17722654E-29  0.61544289E-29
  0.12068365E+14  0.16892031E-29  0.62820206E-29
  0.12113735E+14  0.16042076E-29  0.63307744E-29
  0.12159105E+14  0.15970385E-29  0.64294509E-29
  0.12204475E+14  0.15067771E-29  0.65608556E-29
  0.12249845E+14  0.14337890E-29  0.66588767E-29
  0.12295214E+14  0.13504388E-29  0.67684042E-29
  0.12340584E+14  0.12866048E-29  0.68971806E-29
  0.12385954E+14  0.11760335E-29  0.70535580E-29
  0.12431324E+14  0.10313396E-29  0.71581669E-29
  0.12476694E+14  0.94894177E-30  0.73189786E-29
  0.12522063E+14  0.74330710E-30  0.74891509E-29
  0.12567433E+14  0.57657190E-30  0.75664212E-29
  0.12612803E+14  0.37293781E-30  0.77436071E-29
  0.12658173E+14  0.14330056E-30  0.78048030E-29
  0.12703543E+14 -0.63289478E-31  0.79182835E-29
  0.12748912E+14 -0.30829079E-30  0.80071758E-29
  0.12794282E+14 -0.58070201E-30  0.80970583E-29
  0.12839652E+14 -0.86056698E-30  0.81690990E-29
  0.12885022E+14 -0.12276916E-29  0.82266076E-29
  0.12930392E+14 -0.15697547E-29  0.82118452E-29
  0.12975761E+14 -0.20114515E-29  0.81906263E-29
  0.13021131E+14 -0.23982969E-29  0.79844347E-29
  0.13066501E+14 -0.26662241E-29  0.76043892E-29
  0.13111871E+14 -0.27382497E-29  0.77871291E-29
  0.13157241E+14 -0.33320101E-29  0.77512153E-29
  0.13202610E+14 -0.40166720E-29  0.74744979E-29
  0.13247980E+14 -0.47627825E-29  0.69092747E-29
  0.13293350E+14 -0.54288555E-29  0.59520825E-29
  0.13338720E+14 -0.59508479E-29  0.38752541E-29
  0.13384089E+14 -0.36228334E-29  0.26262497E-29
  0.13429459E+14 -0.26559855E-29  0.29734889E-29
  0.13474829E+14 -0.20677407E-29  0.32135176E-29
  0.13520199E+14 -0.16559202E-29  0.34259974E-29
  0.13565569E+14 -0.13270749E-29  0.36198630E-29
  0.13610938E+14 -0.10479606E-29  0.38127893E-29
  0.13656308E+14 -0.82441740E-30  0.40242613E-29
  0.13701678E+14 -0.63062870E-30  0.42193262E-29
  0.13747048E+14 -0.45641945E-30  0.44353651E-29
  0.13792418E+14 -0.31636595E-30  0.46654193E-29
  0.13837787E+14 -0.20981561E-30  0.48952884E-29
  0.13883157E+14 -0.11047420E-30  0.51424434E-29
  0.13928527E+14 -0.57327206E-31  0.53983140E-29
  0.13973897E+14 -0.18449808E-31  0.56507903E-29
  0.14019267E+14  0.84769104E-32  0.59141342E-29
  0.14064636E+14  0.38863015E-32  0.61995074E-29
  0.14110006E+14 -0.28496880E-31  0.64846054E-29
  0.14155376E+14 -0.85768280E-31  0.67920611E-29
  0.14200746E+14 -0.19783658E-30  0.71054866E-29
  0.14246116E+14 -0.34601457E-30  0.74165107E-29
  0.14291485E+14 -0.53318151E-30  0.77303635E-29
  0.14336855E+14 -0.79167713E-30  0.80636720E-29
  0.14382225E+14 -0.11808501E-29  0.83313971E-29
  0.14427595E+14 -0.15888103E-29  0.84639928E-29
  0.14472965E+14 -0.19728386E-29  0.85484149E-29
  0.14518334E+14 -0.23267211E-29  0.85493355E-29
  0.14563704E+14 -0.26671452E-29  0.85246754E-29
  0.14609074E+14 -0.29866549E-29  0.84662903E-29
  0.14654444E+14 -0.32691490E-29  0.83725191E-29
  0.14699814E+14 -0.35460965E-29  0.82640964E-29
  0.14745183E+14 -0.38282567E-29  0.80892287E-29
  0.14790553E+14 -0.40994678E-29  0.78406128E-29
  0.14835923E+14 -0.43275194E-29  0.73480654E-29
  0.14881293E+14 -0.37017797E-29  0.67450930E-29
  0.14926663E+14 -0.33635971E-29  0.70311825E-29
  0.14972032E+14 -0.32276477E-29  0.72762541E-29
  0.15017402E+14 -0.31861183E-29  0.75261353E-29
  0.15062772E+14 -0.32250641E-29  0.77579389E-29
  0.15108142E+14 -0.33147498E-29  0.79846888E-29
  0.15153511E+14 -0.34290252E-29  0.81939244E-29
  0.15198881E+14 -0.35507823E-29  0.84250469E-29
  0.15244251E+14 -0.37508824E-29  0.86401682E-29
  0.15289621E+14 -0.39617716E-29  0.88371072E-29
  0.15334991E+14 -0.42142319E-29  0.90135135E-29
  0.15380360E+14 -0.44780277E-29  0.91676013E-29
  0.15425730E+14 -0.47379112E-29  0.93029022E-29
  0.15471100E+14 -0.50300024E-29  0.94392502E-29
  0.15516470E+14 -0.53482380E-29  0.95480036E-29
  0.15561840E+14 -0.56590311E-29  0.96366842E-29
  0.15607209E+14 -0.59728891E-29  0.97083132E-29
  0.15652579E+14 -0.63077996E-29  0.97719376E-29
  0.15697949E+14 -0.66268467E-29  0.98001298E-29
  0.15743319E+14 -0.69640830E-29  0.98304912E-29
  0.15788689E+14 -0.72908450E-29  0.98446677E-29
  0.15834058E+14 -0.76083668E-29  0.98485929E-29
  0.15879428E+14 -0.79332539E-29  0.98687884E-29
  0.15924798E+14 -0.82789099E-29  0.98833526E-29
  0.15970168E+14 -0.86408401E-29  0.98905303E-29
  0.16015538E+14 -0.89816197E-29  0.98732689E-29
  0.16060907E+14 -0.93646384E-29  0.98672104E-29
  0.16106277E+14 -0.97279890E-29  0.98509672E-29
  0.16151647E+14 -0.10123727E-28  0.98115185E-29
  0.16197017E+14 -0.10508599E-28  0.97934842E-29
  0.16242387E+14 -0.10941375E-28  0.97491975E-29
  0.16287756E+14 -0.11347281E-28  0.96979155E-29
  0.16333126E+14 -0.11778170E-28  0.96250514E-29
  0.16378496E+14 -0.12221264E-28  0.95924480E-29
  0.16423866E+14 -0.12706567E-28  0.94819792E-29
  0.16469236E+14 -0.13135147E-28  0.94260756E-29
  0.16514605E+14 -0.13614544E-28  0.93796835E-29
  0.16559975E+14 -0.14140636E-28  0.93312947E-29
  0.16605345E+14 -0.14697270E-28  0.93020300E-29
  0.16650715E+14 -0.15320013E-28  0.92872925E-29
  0.16696085E+14 -0.16003796E-28  0.92401234E-29
  0.16741454E+14 -0.16734151E-28  0.92353600E-29
  0.16786824E+14 -0.17646366E-28  0.92009769E-29
  0.16832194E+14 -0.18554652E-28  0.91612674E-29
  0.16877564E+14 -0.19701893E-28  0.91623185E-29
  0.16922933E+14 -0.21041560E-28  0.91530755E-29
  0.16968303E+14 -0.22729845E-28  0.91259608E-29
  0.17013673E+14 -0.24950745E-28  0.90937889E-29
  0.17059043E+14 -0.28567812E-28  0.88298359E-29
  0.17104413E+14 -0.33083679E-28  0.55809834E-29
  0.17149782E+14 -0.36201908E-28  0.93453108E-30
  0.17195152E+14 -0.38906578E-28 -0.55847627E-29
  0.17240522E+14 -0.33681349E-28 -0.16906457E-28
  0.17285892E+14 -0.27320741E-28 -0.17343262E-28
  0.17331262E+14 -0.23872371E-28 -0.17371879E-28
  0.17376631E+14 -0.21511579E-28 -0.17462379E-28
  0.17422001E+14 -0.19485581E-28 -0.17524804E-28
  0.17467371E+14 -0.17835031E-28 -0.17548143E-28
  0.17512741E+14 -0.16372807E-28 -0.17607265E-28
  0.17558111E+14 -0.15035665E-28 -0.17598990E-28
  0.17603480E+14 -0.13828724E-28 -0.17697492E-28
  0.17648850E+14 -0.12654862E-28 -0.17714391E-28
  0.17694220E+14 -0.11575006E-28 -0.17799169E-28
  0.17739590E+14 -0.10515229E-28 -0.17888324E-28
  0.17784960E+14 -0.94135484E-29 -0.18024504E-28
  0.17830329E+14 -0.82358603E-29 -0.18313041E-28
  0.17875699E+14 -0.63607928E-29 -0.18921822E-28
  0.17921069E+14 -0.35934666E-29 -0.17603488E-28
  0.17966439E+14 -0.31113935E-29 -0.15905782E-28
  0.18011809E+14 -0.26974675E-29 -0.14932472E-28
  0.18057178E+14 -0.23421243E-29 -0.14186196E-28
  0.18102548E+14 -0.20105910E-29 -0.13529952E-28
  0.18147918E+14 -0.17039469E-29 -0.12965631E-28
  0.18193288E+14 -0.14301615E-29 -0.12452394E-28
  0.18238658E+14 -0.11608792E-29 -0.11963204E-28
  0.18284027E+14 -0.90524679E-30 -0.11522247E-28
  0.18329397E+14 -0.66630868E-30 -0.11089927E-28
  0.18374767E+14 -0.45117786E-30 -0.10666803E-28
  0.18420137E+14 -0.22551957E-30 -0.10257398E-28
  0.18465507E+14 -0.12960113E-31 -0.98257272E-29
  0.18510876E+14  0.19880524E-30 -0.93558223E-29
  0.18556246E+14  0.23535794E-30 -0.88271969E-29
  0.18601616E+14  0.20971726E-30 -0.84392563E-29
  0.18646986E+14  0.19001347E-30 -0.80982008E-29
  0.18692356E+14  0.16666180E-30 -0.78090700E-29
  0.18737725E+14  0.14333890E-30 -0.75394893E-29
  0.18783095E+14  0.12168243E-30 -0.73021394E-29
  0.18828465E+14  0.94393961E-31 -0.70837304E-29
  0.18873835E+14  0.74049361E-31 -0.68811469E-29
  0.18919204E+14  0.56727255E-31 -0.66986518E-29
  0.18964574E+14  0.35542188E-31 -0.65315375E-29
  0.19009944E+14  0.10711209E-31 -0.63768486E-29
  0.19055314E+14  0.00000000E+00 -0.62485079E-29
  0.19100684E+14  0.00000000E+00 -0.61175698E-29
  0.19146053E+14  0.00000000E+00 -0.59900754E-29
  0.19191423E+14  0.00000000E+00 -0.58676672E-29
  0.19236793E+14  0.00000000E+00 -0.57505697E-29
  0.19282163E+14  0.00000000E+00 -0.56386822E-29
  0.19327533E+14  0.00000000E+00 -0.55317949E-29
  0.19372902E+14  0.00000000E+00 -0.54296609E-29
  0.19418272E+14  0.00000000E+00 -0.53320263E-29
  0.19463642E+14  0.00000000E+00 -0.52386427E-29
  0.19509012E+14  0.00000000E+00 -0.51492731E-29
  0.19554382E+14  0.00000000E+00 -0.50636943E-29
  0.19599751E+14  0.00000000E+00 -0.49816977E-29
  0.19645121E+14  0.00000000E+00 -0.49030887E-29
  0.19690491E+14  0.00000000E+00 -0.48276869E-29
  0.19735861E+14  0.00000000E+00 -0.47553244E-29
  0.19781231E+14  0.00000000E+00 -0.46858455E-29
  0.19826600E+14  0.00000000E+00 -0.46191059E-29
  0.19871970E+14  0.00000000E+00 -0.45549714E-29
  0.19917340E+14  0.00000000E+00 -0.44933174E-29
  0.19962710E+14  0.00000000E+00 -0.44340281E-29
  0.20008080E+14  0.00000000E+00 -0.43769959E-29
  0.20053449E+14  0.00000000E+00 -0.43221206E-29
  0.20098819E+14  0.00000000E+00 -0.42693090E-29
  0.20144189E+14  0.00000000E+00 -0.42184743E-29
  0.20189559E+14  0.00000000E+00 -0.41695355E-29
  0.20234929E+14  0.00000000E+00 -0.41224172E-29
  0.20280298E+14  0.00000000E+00 -0.40770491E-29
  0.20325668E+14  0.00000000E+00 -0.40333656E-29
  0.20371038E+14  0.00000000E+00 -0.39913057E-29
  0.20416408E+14  0.00000000E+00 -0.39508123E-29
  0.20461778E+14  0.00000000E+00 -0.39118325E-29
  0.20507147E+14  0.00000000E+00 -0.38743166E-29
  0.20552517E+14  0.00000000E+00 -0.38382187E-29
  0.20597887E+14  0.00000000E+00 -0.38034960E-29
  0.20643257E+14  0.00000000E+00 -0.37701088E-29
  0.20688626E+14  0.00000000E+00 -0.37380203E-29
  0.20733996E+14  0.00000000E+00 -0.37071964E-29
  0.20779366E+14  0.00000000E+00 -0.36776057E-29
  0.20824736E+14  0.00000000E+00 -0.36492195E-29
  0.20870106E+14  0.00000000E+00 -0.36220112E-29
  0.20915475E+14  0.00000000E+00 -0.35959568E-29
  0.20960845E+14  0.00000000E+00 -0.35710346E-29
  0.21006215E+14  0.00000000E+00 -0.35472251E-29
  0.21051585E+14  0.00000000E+00 -0.35245109E-29
  0.21096955E+14  0.00000000E+00 -0.35028768E-29
  0.21142324E+14  0.00000000E+00 -0.34823100E-29
  0.21187694E+14  0.00000000E+00 -0.34627994E-29
  0.21233064E+14  0.00000000E+00 -0.34443364E-29
  0.21278434E+14  0.00000000E+00 -0.34269144E-29
  0.21323804E+14  0.00000000E+00 -0.34105290E-29
  0.21369173E+14  0.00000000E+00 -0.33951781E-29
  0.21414543E+14  0.00000000E+00 -0.33808618E-29
  0.21459913E+14  0.00000000E+00 -0.33675826E-29
  0.21505283E+14  0.00000000E+00 -0.33553457E-29
  0.21550653E+14  0.00000000E+00 -0.33441585E-29
  0.21596022E+14  0.00000000E+00 -0.33340316E-29
  0.21641392E+14  0.00000000E+00 -0.33249781E-29
  0.21686762E+14  0.00000000E+00 -0.33170144E-29
  0.21732132E+14  0.00000000E+00 -0.33101603E-29
  0.21777502E+14  0.00000000E+00 -0.33044392E-29
  0.21822871E+14  0.00000000E+00 -0.32998784E-29
  0.21868241E+14  0.00000000E+00 -0.32965095E-29
  0.21913611E+14  0.00000000E+00 -0.32943689E-29
  0.21958981E+14  0.00000000E+00 -0.32934984E-29
  0.22004351E+14  0.00000000E+00 -0.32939455E-29
  0.22049720E+14  0.00000000E+00 -0.32957644E-29
  0.22095090E+14  0.00000000E+00 -0.32990169E-29
  0.22140460E+14  0.00000000E+00 -0.33037731E-29
  0.22185830E+14  0.00000000E+00 -0.33101131E-29
  0.22231200E+14  0.00000000E+00 -0.33181279E-29
  0.22276569E+14  0.00000000E+00 -0.33279218E-29
  0.22321939E+14  0.00000000E+00 -0.33396142E-29
  0.22367309E+14  0.00000000E+00 -0.33533426E-29
  0.22412679E+14  0.00000000E+00 -0.33692656E-29
  0.22458048E+14  0.00000000E+00 -0.33875678E-29
  0.22503418E+14  0.00000000E+00 -0.34084646E-29
  0.22548788E+14  0.00000000E+00 -0.34322099E-29
  0.22594158E+14  0.00000000E+00 -0.34591042E-29
  0.22639528E+14  0.00000000E+00 -0.34895069E-29
  0.22684897E+14  0.00000000E+00 -0.35238507E-29
  0.22730267E+14  0.00000000E+00 -0.35626593E-29
  0.22775637E+14  0.00000000E+00 -0.36065638E-29
  0.22821007E+14  0.00000000E+00 -0.36563015E-29
  0.22866377E+14  0.00000000E+00 -0.37126126E-29
  0.22911746E+14  0.00000000E+00 -0.37756205E-29
  0.22957116E+14  0.00000000E+00 -0.38407412E-29
  0.23002486E+14  0.00000000E+00 -0.37106282E-29
  0.23047856E+14 -0.38713500E-30 -0.45411368E-29
  0.23093226E+14  0.44476455E-30 -0.48141402E-29
  0.23138595E+14  0.10458839E-29 -0.43331724E-29
  0.23183965E+14  0.69614768E-30 -0.31753202E-29
  0.23229335E+14 -0.72315077E-30 -0.44198961E-29
  0.23274705E+14 -0.87791098E-31 -0.52484151E-29
  0.23320075E+14  0.58654190E-30 -0.55062509E-29
  0.23365444E+14  0.12361807E-29 -0.55463903E-29
  0.23410814E+14  0.17065855E-29 -0.54222634E-29
  0.23456184E+14  0.20651222E-29 -0.52076963E-29
  0.23501554E+14  0.24132445E-29 -0.49484243E-29
  0.23546924E+14  0.25632655E-29 -0.46757206E-29
  0.23592293E+14  0.26822339E-29 -0.44021425E-29
  0.23637663E+14  0.27659314E-29 -0.41235211E-29
  0.23683033E+14  0.28181824E-29 -0.38815469E-29
  0.23728403E+14  0.27451623E-29 -0.36841692E-29
  0.23773773E+14  0.26110439E-29 -0.35236677E-29
  0.23819142E+14  0.25619723E-29 -0.33710640E-29
  0.23864512E+14  0.24712012E-29 -0.32873019E-29
  0.23909882E+14  0.23146304E-29 -0.32194698E-29
  0.23955252E+14  0.21613595E-29 -0.32812499E-29
  0.24000622E+14  0.20583598E-29 -0.33990973E-29
  0.24045991E+14  0.18671363E-29 -0.35260113E-29
  0.24091361E+14  0.17959364E-29 -0.37241699E-29
  0.24136731E+14  0.18344261E-29 -0.39557831E-29
  0.24182101E+14  0.17775623E-29 -0.42956878E-29
  0.24227470E+14  0.20238965E-29 -0.46083207E-29
  0.24272840E+14  0.20956795E-29 -0.51026027E-29
  0.24318210E+14  0.23439909E-29 -0.57990329E-29
  0.24363580E+14  0.27236047E-29 -0.66641407E-29
  0.24408950E+14  0.38200911E-29 -0.78601034E-29
  0.24454319E+14  0.91714146E-29 -0.83089319E-29
  0.24499689E+14  0.86568439E-29 -0.42265759E-29
  0.24545059E+14  0.78641635E-29 -0.31049693E-29
  0.24590429E+14  0.73259085E-29 -0.27700487E-29
  0.24635799E+14  0.71750639E-29 -0.27066078E-29
  0.24681168E+14  0.74649462E-29 -0.27707942E-29
  0.24726538E+14  0.83232780E-29 -0.27516842E-29
  0.24771908E+14  0.94356097E-29 -0.23257681E-29
  0.24817278E+14  0.11244969E-28 -0.10595146E-29
  0.24862648E+14  0.13364976E-28  0.40543598E-29
  0.24908017E+14  0.70764784E-29  0.57026628E-29
  0.24953387E+14  0.56970029E-29  0.45341263E-29
  0.24998757E+14  0.50455616E-29  0.39641607E-29
  0.25044127E+14  0.46175335E-29  0.36281653E-29
  0.25089497E+14  0.43640334E-29  0.33688198E-29
  0.25134866E+14  0.41831727E-29  0.31758207E-29
  0.25180236E+14  0.41218627E-29  0.30841885E-29
  0.25225606E+14  0.41587732E-29  0.30467672E-29
  0.25270976E+14  0.42618309E-29  0.31288841E-29
  0.25316346E+14  0.44181627E-29  0.33376319E-29
  0.25361715E+14  0.46286702E-29  0.37868406E-29
  0.25407085E+14  0.46398938E-29  0.45161050E-29
  0.25452455E+14  0.43842544E-29  0.53201804E-29
  0.25497825E+14  0.39037894E-29  0.61448965E-29
  0.25543195E+14  0.31780451E-29  0.69690521E-29
  0.25588564E+14  0.21635584E-29  0.77514688E-29
  0.25633934E+14  0.77255449E-30  0.85825007E-29
  0.25679304E+14 -0.19850962E-29  0.93456377E-29
  0.25724674E+14 -0.39641320E-29  0.53620082E-29
  0.25770044E+14 -0.34277274E-29  0.43058767E-29
  0.25815413E+14 -0.31670986E-29  0.36162596E-29
  0.25860783E+14 -0.30077344E-29  0.31093982E-29
  0.25906153E+14 -0.28848139E-29  0.27080509E-29
  0.25951523E+14 -0.27881448E-29  0.23836288E-29
  0.25996892E+14 -0.27156460E-29  0.21070260E-29
  0.26042262E+14 -0.26512128E-29  0.18636407E-29
  0.26087632E+14 -0.25956537E-29  0.16563160E-29
  0.26133002E+14 -0.25547289E-29  0.14707287E-29
  0.26178372E+14 -0.25151327E-29  0.12989975E-29
  0.26223741E+14 -0.24800277E-29  0.11500045E-29
  0.26269111E+14 -0.24561899E-29  0.10140195E-29
  0.26314481E+14 -0.24376056E-29  0.88434321E-30
  0.26359851E+14 -0.24206346E-29  0.76954593E-30
  0.26405221E+14 -0.24161754E-29  0.66634787E-30
  0.26450590E+14 -0.24226293E-29  0.56532049E-30
  0.26495960E+14 -0.24389342E-29  0.47345700E-30
  0.26541330E+14 -0.25037396E-29  0.37323894E-30
  0.26586700E+14 -0.25449434E-29  0.20966722E-30
  0.26632070E+14 -0.25499497E-29  0.48474995E-31
  0.26677439E+14 -0.25379553E-29 -0.10012969E-30
  0.26722809E+14 -0.25220765E-29 -0.24132586E-30
  0.26768179E+14 -0.24948549E-29 -0.37979671E-30
  0.26813549E+14 -0.24598303E-29 -0.51057168E-30
  0.26858919E+14 -0.24231480E-29 -0.62904669E-30
  0.26904288E+14 -0.23820928E-29 -0.74636873E-30
  0.26949658E+14 -0.23376742E-29 -0.85832418E-30
  0.26995028E+14 -0.22857125E-29 -0.96199560E-30
  0.27040398E+14 -0.22387020E-29 -0.10580074E-29
  0.27085768E+14 -0.21886373E-29 -0.11537913E-29
  0.27131137E+14 -0.21330220E-29 -0.12427241E-29
  0.27176507E+14 -0.20774156E-29 -0.13259476E-29
  0.27221877E+14 -0.20234902E-29 -0.14025355E-29
  0.27267247E+14 -0.19690689E-29 -0.14807829E-29
  0.27312617E+14 -0.19087501E-29 -0.15512094E-29
  0.27357986E+14 -0.18527424E-29 -0.16152843E-29
  0.27403356E+14 -0.17949967E-29 -0.16789992E-29
  0.27448726E+14 -0.17385275E-29 -0.17390177E-29
  0.27494096E+14 -0.16799664E-29 -0.17955527E-29
  0.27539466E+14 -0.16219614E-29 -0.18455304E-29
  0.27584835E+14 -0.15675138E-29 -0.18945227E-29
  0.27630205E+14 -0.15110185E-29 -0.19445102E-29
  0.27675575E+14 -0.14531333E-29 -0.19840711E-29
  0.27720945E+14 -0.14008886E-29 -0.20255668E-29
  0.27766314E+14 -0.13500392E-29 -0.20636076E-29
  0.27811684E+14 -0.12987205E-29 -0.21045531E-29
  0.27857054E+14 -0.12473804E-29 -0.21426602E-29
  0.27902424E+14 -0.11949361E-29 -0.21786329E-29
  0.27947794E+14 -0.11451163E-29 -0.22164293E-29
  0.27993163E+14 -0.10886483E-29 -0.22536076E-29
  0.28038533E+14 -0.10331180E-29 -0.22826120E-29
  0.28083903E+14 -0.98172739E-30 -0.23111423E-29
  0.28129273E+14 -0.92933425E-30 -0.23429348E-29
  0.28174643E+14 -0.87217027E-30 -0.23714752E-29
  0.28220012E+14 -0.81625094E-30 -0.23939080E-29
  0.28265382E+14 -0.76253050E-30 -0.24160138E-29
  0.28310752E+14 -0.71039092E-30 -0.24374850E-29
  0.28356122E+14 -0.65635461E-30 -0.24588297E-29
  0.28401492E+14 -0.59976654E-30 -0.24765501E-29
  0.28446861E+14 -0.54677814E-30 -0.24903303E-29
  0.28492231E+14 -0.49639914E-30 -0.25056878E-29
  0.28537601E+14 -0.44133347E-30 -0.25208630E-29
  0.28582971E+14 -0.38745250E-30 -0.25302727E-29
  0.28628341E+14 -0.33691597E-30 -0.25387188E-29
  0.28673710E+14 -0.28666386E-30 -0.25487112E-29
  0.28719080E+14 -0.23510144E-30 -0.25570535E-29
  0.28764450E+14 -0.18294747E-30 -0.25623350E-29
  0.28809820E+14 -0.13253789E-30 -0.25656681E-29
  0.28855190E+14 -0.85356774E-31 -0.25683570E-29
  0.28900559E+14 -0.36695478E-31 -0.25723979E-29
  0.28945929E+14  0.14109847E-31 -0.25735113E-29
  0.28991299E+14  0.61325150E-31 -0.25708057E-29
  0.29036669E+14  0.10583260E-30 -0.25701718E-29
  0.29082039E+14  0.15307814E-30 -0.25706148E-29
  0.29127408E+14  0.20153578E-30 -0.25659672E-29
  0.29172778E+14  0.24565581E-30 -0.25600868E-29
  0.29218148E+14  0.28856386E-30 -0.25561461E-29
  0.29263518E+14  0.33398630E-30 -0.25509021E-29
  0.29308888E+14  0.37784553E-30 -0.25432651E-29
  0.29354257E+14  0.41976918E-30 -0.25352062E-29
  0.29399627E+14  0.46211692E-30 -0.25272295E-29
  0.29444997E+14  0.50323805E-30 -0.25181310E-29
  0.29490367E+14  0.54425025E-30 -0.25084672E-29
  0.29535736E+14  0.58545751E-30 -0.24978114E-29
  0.29581106E+14  0.62438394E-30 -0.24853650E-29
  0.29626476E+14  0.66237468E-30 -0.24739759E-29
  0.29671846E+14  0.70108882E-30 -0.24625948E-29
  0.29717216E+14  0.74003151E-30 -0.24483845E-29
  0.29762585E+14  0.77609904E-30 -0.24340611E-29
  0.29807955E+14  0.81173920E-30 -0.24207473E-29
  0.29853325E+14  0.84900877E-30 -0.24065326E-29
  0.29898695E+14  0.88423039E-30 -0.23902883E-29
  0.29944065E+14  0.91823762E-30 -0.23744801E-29
  0.29989434E+14  0.95265873E-30 -0.23589272E-29
  0.30034804E+14  0.98627963E-30 -0.23416556E-29
  0.30080174E+14  0.10186250E-29 -0.23245412E-29
  0.30125544E+14  0.10509545E-29 -0.23077872E-29
  0.30170914E+14  0.10836800E-29 -0.22894310E-29
  0.30216283E+14  0.11142249E-29 -0.22705675E-29
  0.30261653E+14  0.11440511E-29 -0.22525854E-29
  0.30307023E+14  0.11753359E-29 -0.22343193E-29
  0.30352393E+14  0.12052264E-29 -0.22142079E-29
  0.30397763E+14  0.12335198E-29 -0.21940474E-29
  0.30443132E+14  0.12613509E-29 -0.21749439E-29
  0.30488502E+14  0.12901473E-29 -0.21548565E-29
  0.30533872E+14  0.13177104E-29 -0.21341989E-29
  0.30579242E+14  0.13444678E-29 -0.21132454E-29
  0.30624612E+14  0.13711094E-29 -0.20921700E-29
  0.30669981E+14  0.13963796E-29 -0.20710850E-29
  0.30715351E+14  0.14221430E-29 -0.20502350E-29
  0.30760721E+14  0.14480945E-29 -0.20283149E-29
  0.30806091E+14  0.14721023E-29 -0.20052047E-29
  0.30851461E+14  0.14949941E-29 -0.19836406E-29
  0.30896830E+14  0.15192083E-29 -0.19627663E-29
  0.30942200E+14  0.15438691E-29 -0.19392395E-29
  0.30987570E+14  0.15654337E-29 -0.19151295E-29
  0.31032940E+14  0.15862937E-29 -0.18934762E-29
  0.31078310E+14  0.16095417E-29 -0.18718042E-29
  0.31123679E+14  0.16319814E-29 -0.18471963E-29
  0.31169049E+14  0.16517160E-29 -0.18226944E-29
  0.31214419E+14  0.16708480E-29 -0.18007163E-29
  0.31259789E+14  0.16926317E-29 -0.17778541E-29
  0.31305158E+14  0.17134010E-29 -0.17529393E-29
  0.31350528E+14  0.17314770E-29 -0.17279861E-29
  0.31395898E+14  0.17496954E-29 -0.17051859E-29
  0.31441268E+14  0.17691259E-29 -0.16817203E-29
  0.31486638E+14  0.17883003E-29 -0.16566778E-29
  0.31532007E+14  0.18055040E-29 -0.16313701E-29
  0.31577377E+14  0.18216624E-29 -0.16070772E-29
  0.31622747E+14  0.18391588E-29 -0.15840140E-29
  0.31668117E+14  0.18576436E-29 -0.15588102E-29
  0.31713487E+14  0.18736017E-29 -0.15321200E-29
  0.31758856E+14  0.18875848E-29 -0.15078030E-29
  0.31804226E+14  0.19037543E-29 -0.14846607E-29
  0.31849596E+14  0.19221382E-29 -0.14587910E-29
  0.31894966E+14  0.19352817E-29 -0.14310900E-29
  0.31940336E+14  0.19480672E-29 -0.14073310E-29
  0.31985705E+14  0.19637015E-29 -0.13839743E-29
  0.32031075E+14  0.19803300E-29 -0.13562474E-29
  0.32076445E+14  0.19917114E-29 -0.13290221E-29
  0.32121815E+14  0.20034533E-29 -0.13057837E-29
  0.32167185E+14  0.20192812E-29 -0.12809897E-29
  0.32212554E+14  0.20330259E-29 -0.12524282E-29
  0.32257924E+14  0.20427059E-29 -0.12255125E-29
  0.32303294E+14  0.20552048E-29 -0.12026753E-29
  0.32348664E+14  0.20691352E-29 -0.11763859E-29
  0.32394034E+14  0.20808095E-29 -0.11473872E-29
  0.32439403E+14  0.20893563E-29 -0.11215764E-29
  0.32484773E+14  0.21012388E-29 -0.10973357E-29
  0.32530143E+14  0.21152546E-29 -0.10701039E-29
  0.32575513E+14  0.21244407E-29 -0.10412366E-29
  0.32620883E+14  0.21322236E-29 -0.10153880E-29
  0.32666252E+14  0.21430425E-29 -0.99103854E-30
  0.32711622E+14  0.21556411E-29 -0.96205234E-30
  0.32756992E+14  0.21622096E-29 -0.93320797E-30
  0.32802362E+14  0.21706194E-29 -0.90872393E-30
  0.32847732E+14  0.21828162E-29 -0.88291215E-30
  0.32893101E+14  0.21918417E-29 -0.85095470E-30
  0.32938471E+14  0.21957564E-29 -0.82489114E-30
  0.32983841E+14  0.22054311E-29 -0.80070184E-30
  0.33029211E+14  0.22171796E-29 -0.77033347E-30
  0.33074580E+14  0.22208306E-29 -0.73983864E-30
  0.33119950E+14  0.22267229E-29 -0.71638845E-30
  0.33165320E+14  0.22393654E-29 -0.68815158E-30
  0.33210690E+14  0.22440303E-29 -0.65550101E-30
  0.33256060E+14  0.22472530E-29 -0.63005030E-30
  0.33301429E+14  0.22576280E-29 -0.60391564E-30
  0.33346799E+14  0.22642070E-29 -0.57049982E-30
  0.33392169E+14  0.22645818E-29 -0.54296598E-30
  0.33437539E+14  0.22727835E-29 -0.51726707E-30
  0.33482909E+14  0.22819150E-29 -0.48560376E-30
  0.33528278E+14  0.22817243E-29 -0.45459210E-30
  0.33573648E+14  0.22872539E-29 -0.42927711E-30
  0.33619018E+14  0.22964291E-29 -0.39798121E-30
  0.33664388E+14  0.22970863E-29 -0.36544086E-30
  0.33709758E+14  0.22994896E-29 -0.33889763E-30
  0.33755127E+14  0.23082847E-29 -0.30874246E-30
  0.33800497E+14  0.23090431E-29 -0.27431098E-30
  0.33845867E+14  0.23093165E-29 -0.24685463E-30
  0.33891237E+14  0.23171837E-29 -0.21768787E-30
  0.33936607E+14  0.23182077E-29 -0.18139741E-30
  0.33981976E+14  0.23171767E-29 -0.15384299E-30
  0.34027346E+14  0.23245761E-29 -0.12327593E-30
  0.34072716E+14  0.23230019E-29 -0.86368974E-31
  0.34118086E+14  0.23220789E-29 -0.59290444E-31
  0.34163456E+14  0.23305496E-29 -0.26473014E-31
  0.34208825E+14  0.23254001E-29  0.10325252E-31
  0.34254195E+14  0.23255928E-29  0.37429067E-31
  0.34299565E+14  0.23317878E-29  0.75672068E-31
  0.34344935E+14  0.23224896E-29  0.10844439E-30
  0.34390305E+14  0.23284179E-29  0.13780678E-30
  0.34435674E+14  0.23265545E-29  0.17934290E-30
  0.34481044E+14  0.23209930E-29  0.20827917E-30
  0.34526414E+14  0.23270810E-29  0.24475119E-30
  0.34571784E+14  0.23169685E-29  0.28323656E-30
  0.34617154E+14  0.23182776E-29  0.31326413E-30
  0.34662523E+14  0.23156937E-29  0.35569166E-30
  0.34707893E+14  0.23082723E-29  0.38855643E-30
  0.34753263E+14  0.23118277E-29  0.42683002E-30
  0.34798633E+14  0.23000027E-29  0.46706094E-30
  0.34844002E+14  0.22975110E-29  0.50059285E-30
  0.34889372E+14  0.22904432E-29  0.54441678E-30
  0.34934742E+14  0.22839581E-29  0.57794484E-30
  0.34980112E+14  0.22795447E-29  0.62393407E-30
  0.35025482E+14  0.22678032E-29  0.66076781E-30
  0.35070851E+14  0.22669844E-29  0.70261239E-30
  0.35116221E+14  0.22488611E-29  0.74559025E-30
  0.35161591E+14  0.22485067E-29  0.78591182E-30
  0.35206961E+14  0.22290779E-29  0.83163196E-30
  0.35252331E+14  0.22292263E-29  0.87396413E-30
  0.35297700E+14  0.22035632E-29  0.92052848E-30
  0.35343070E+14  0.22032021E-29  0.96652670E-30
  0.35388440E+14  0.21770942E-29  0.10127169E-29
  0.35433810E+14  0.21718268E-29  0.10646589E-29
  0.35479180E+14  0.21453390E-29  0.11065273E-29
  0.35524549E+14  0.21311402E-29  0.11658126E-29
  0.35569919E+14  0.21138901E-29  0.12107276E-29
  0.35615289E+14  0.20803151E-29  0.12664573E-29
  0.35660659E+14  0.20716060E-29  0.13225875E-29
  0.35706029E+14  0.20390914E-29  0.13722157E-29
  0.35751398E+14  0.20022935E-29  0.14359917E-29
  0.35796768E+14  0.19851391E-29  0.14945010E-29
  0.35842138E+14  0.19446157E-29  0.15517270E-29
  0.35887508E+14  0.19042311E-29  0.16135142E-29
  0.35932878E+14  0.18622943E-29  0.16844775E-29
  0.35978247E+14  0.18152436E-29  0.17478658E-29
  0.36023617E+14  0.17633421E-29  0.18144273E-29
  0.36068987E+14  0.16923399E-29  0.18748297E-29
  0.36114357E+14  0.16139628E-29  0.18847776E-29
  0.36159727E+14  0.16659248E-29  0.19335418E-29
  0.36205096E+14  0.16552464E-29  0.20920956E-29
  0.36250466E+14  0.15501991E-29  0.22531570E-29
  0.36295836E+14  0.14060720E-29  0.24328901E-29
  0.36341206E+14  0.12033325E-29  0.25864569E-29
  0.36386576E+14  0.96291646E-30  0.27108266E-29
  0.36431945E+14  0.52810595E-30  0.29093315E-29
  0.36477315E+14  0.00000000E+00  0.23836554E-29
  0.36522685E+14  0.00000000E+00  0.20988007E-29
  0.36568055E+14  0.00000000E+00  0.19227735E-29
  0.36613424E+14  0.00000000E+00  0.17923417E-29
  0.36658794E+14  0.00000000E+00  0.16879783E-29
  0.36704164E+14  0.00000000E+00  0.16007615E-29
  0.36749534E+14  0.00000000E+00  0.15257840E-29
  0.36794904E+14  0.00000000E+00  0.14600287E-29
  0.36840273E+14  0.00000000E+00  0.14014955E-29
  0.36885643E+14  0.00000000E+00  0.13487848E-29
  0.36931013E+14  0.00000000E+00  0.13008757E-29
  0.36976383E+14  0.00000000E+00  0.12569987E-29
  0.37021753E+14  0.00000000E+00  0.12165587E-29
  0.37067122E+14  0.00000000E+00  0.11790851E-29
  0.37112492E+14  0.00000000E+00  0.11441990E-29
  0.37157862E+14  0.00000000E+00  0.11115904E-29
  0.37203232E+14  0.00000000E+00  0.10810024E-29
  0.37248602E+14  0.00000000E+00  0.10522198E-29
  0.37293971E+14  0.00000000E+00  0.10250598E-29
  0.37339341E+14  0.00000000E+00  0.99936649E-30
  0.37384711E+14  0.00000000E+00  0.97500522E-30
  0.37430081E+14  0.00000000E+00  0.95185912E-30
  0.37475451E+14  0.00000000E+00  0.92982604E-30
  0.37520820E+14  0.00000000E+00  0.90881613E-30
  0.37566190E+14  0.00000000E+00  0.88874991E-30
  0.37611560E+14  0.00000000E+00  0.86955677E-30
  0.37656930E+14  0.00000000E+00  0.85117366E-30
  0.37702300E+14  0.00000000E+00  0.83354404E-30
  0.37747669E+14  0.00000000E+00  0.81661702E-30
  0.37793039E+14  0.00000000E+00  0.80034662E-30
  0.37838409E+14  0.00000000E+00  0.78469114E-30
  0.37883779E+14  0.00000000E+00  0.76961269E-30
  0.37929149E+14  0.00000000E+00  0.75507669E-30
  0.37974518E+14  0.00000000E+00  0.74105151E-30
  0.38019888E+14  0.00000000E+00  0.72750816E-30
  0.38065258E+14  0.00000000E+00  0.71441996E-30
  0.38110628E+14  0.00000000E+00  0.70176237E-30
  0.38155998E+14  0.00000000E+00  0.68951270E-30
  0.38201367E+14  0.00000000E+00  0.67764995E-30
  0.38246737E+14  0.00000000E+00  0.66615468E-30
  0.38292107E+14  0.00000000E+00  0.65500880E-30
  0.38337477E+14  0.00000000E+00  0.64419551E-30
  0.38382846E+14  0.00000000E+00  0.63369912E-30
  0.38428216E+14  0.00000000E+00  0.62350502E-30
  0.38473586E+14  0.00000000E+00  0.61359951E-30
  0.38518956E+14  0.00000000E+00  0.60396980E-30
  0.38564326E+14  0.00000000E+00  0.59460388E-30
  0.38609695E+14  0.00000000E+00  0.58549047E-30
  0.38655065E+14  0.00000000E+00  0.57661899E-30
  0.38700435E+14  0.00000000E+00  0.56797945E-30
  0.38745805E+14  0.00000000E+00  0.55956246E-30
  0.38791175E+14  0.00000000E+00  0.55135916E-30
  0.38836544E+14  0.00000000E+00  0.54336119E-30
  0.38881914E+14  0.00000000E+00  0.53556062E-30
  0.38927284E+14  0.00000000E+00  0.52794998E-30
  0.38972654E+14  0.00000000E+00  0.52052218E-30
  0.39018024E+14  0.00000000E+00  0.51327049E-30
  0.39063393E+14  0.00000000E+00  0.50618854E-30
  0.39108763E+14  0.00000000E+00  0.49927028E-30
  0.39154133E+14  0.00000000E+00  0.49250994E-30
  0.39199503E+14  0.00000000E+00  0.48590206E-30
  0.39244873E+14  0.00000000E+00  0.47944143E-30
  0.39290242E+14  0.00000000E+00  0.47312307E-30
  0.39335612E+14  0.00000000E+00  0.46694227E-30
  0.39380982E+14  0.00000000E+00  0.46089449E-30
  0.39426352E+14  0.00000000E+00  0.45497545E-30
  0.39471722E+14  0.00000000E+00  0.44918101E-30
  0.39517091E+14  0.00000000E+00  0.44350725E-30
  0.39562461E+14  0.00000000E+00  0.43795040E-30
  0.39607831E+14  0.00000000E+00  0.43250685E-30
  0.39653201E+14  0.00000000E+00  0.42717317E-30
  0.39698571E+14  0.00000000E+00  0.42194604E-30
  0.39743940E+14  0.00000000E+00  0.41682230E-30
  0.39789310E+14  0.00000000E+00  0.41179890E-30
  0.39834680E+14  0.00000000E+00  0.40687294E-30
  0.39880050E+14  0.00000000E+00  0.40204161E-30
  0.39925420E+14  0.00000000E+00  0.39730223E-30
  0.39970789E+14  0.00000000E+00  0.39265220E-30
  0.40016159E+14  0.00000000E+00  0.38808905E-30
  0.40061529E+14  0.00000000E+00  0.38361038E-30
  0.40106899E+14  0.00000000E+00  0.37921389E-30
  0.40152268E+14  0.00000000E+00  0.37489736E-30
  0.40197638E+14  0.00000000E+00  0.37065867E-30
  0.40243008E+14  0.00000000E+00  0.36649575E-30
  0.40288378E+14  0.00000000E+00  0.36240662E-30
  0.40333748E+14  0.00000000E+00  0.35838938E-30
  0.40379117E+14  0.00000000E+00  0.35444217E-30
  0.40424487E+14  0.00000000E+00  0.35056321E-30
  0.40469857E+14  0.00000000E+00  0.34675079E-30
  0.40515227E+14  0.00000000E+00  0.34300325E-30
  0.40560597E+14  0.00000000E+00  0.33931899E-30
  0.40605966E+14  0.00000000E+00  0.33569644E-30
  0.40651336E+14  0.00000000E+00  0.33213412E-30
  0.40696706E+14  0.00000000E+00  0.32863058E-30
  0.40742076E+14  0.00000000E+00  0.32518440E-30
  0.40787446E+14  0.00000000E+00  0.32179425E-30
  0.40832815E+14  0.00000000E+00  0.31845879E-30
  0.40878185E+14  0.00000000E+00  0.31517677E-30
  0.40923555E+14  0.00000000E+00  0.31194694E-30
  0.40968925E+14  0.00000000E+00  0.30876811E-30
  0.41014295E+14  0.00000000E+00  0.30563914E-30
  0.41059664E+14  0.00000000E+00  0.30255888E-30
  0.41105034E+14  0.00000000E+00  0.29952627E-30
  0.41150404E+14  0.00000000E+00  0.29654024E-30
  0.41195774E+14  0.00000000E+00  0.29359976E-30
  0.41241144E+14  0.00000000E+00  0.29070385E-30
  0.41286513E+14  0.00000000E+00  0.28785154E-30
  0.41331883E+14  0.00000000E+00  0.28504189E-30
  0.41377253E+14  0.00000000E+00  0.28227400E-30
  0.41422623E+14  0.00000000E+00  0.27954698E-30
  0.41467993E+14  0.00000000E+00  0.27685997E-30
  0.41513362E+14  0.00000000E+00  0.27421213E-30
  0.41558732E+14  0.00000000E+00  0.27160267E-30
  0.41604102E+14  0.00000000E+00  0.26903078E-30
  0.41649472E+14  0.00000000E+00  0.26649571E-30
  0.41694842E+14  0.00000000E+00  0.26399669E-30
  0.41740211E+14  0.00000000E+00  0.26153302E-30
  0.41785581E+14  0.00000000E+00  0.25910398E-30
  0.41830951E+14  0.00000000E+00  0.25670889E-30
  0.41876321E+14  0.00000000E+00  0.25434707E-30
  0.41921690E+14  0.00000000E+00  0.25201788E-30
  0.41967060E+14  0.00000000E+00  0.24972067E-30
  0.42012430E+14  0.00000000E+00  0.24745483E-30
  0.42057800E+14  0.00000000E+00  0.24521977E-30
  0.42103170E+14  0.00000000E+00  0.24301488E-30
  0.42148539E+14  0.00000000E+00  0.24083960E-30
  0.42193909E+14  0.00000000E+00  0.23869337E-30
  0.42239279E+14  0.00000000E+00  0.23657565E-30
  0.42284649E+14  0.00000000E+00  0.23448591E-30
  0.42330019E+14  0.00000000E+00  0.23242362E-30
  0.42375388E+14  0.00000000E+00  0.23038829E-30
  0.42420758E+14  0.00000000E+00  0.22837942E-30
  0.42466128E+14  0.00000000E+00  0.22639654E-30
  0.42511498E+14  0.00000000E+00  0.22443916E-30
  0.42556868E+14  0.00000000E+00  0.22250684E-30
  0.42602237E+14  0.00000000E+00  0.22059913E-30
  0.42647607E+14  0.00000000E+00  0.21871558E-30
  0.42692977E+14  0.00000000E+00  0.21685579E-30
  0.42738347E+14  0.00000000E+00  0.21501932E-30
  0.42783717E+14  0.00000000E+00  0.21320577E-30
  0.42829086E+14  0.00000000E+00  0.21141475E-30
  0.42874456E+14  0.00000000E+00  0.20964587E-30
  0.42919826E+14  0.00000000E+00  0.20789874E-30
  0.42965196E+14  0.00000000E+00  0.20617300E-30
  0.43010566E+14  0.00000000E+00  0.20446828E-30
  0.43055935E+14  0.00000000E+00  0.20278423E-30
  0.43101305E+14  0.00000000E+00  0.20112051E-30
  0.43146675E+14  0.00000000E+00  0.19947676E-30
  0.43192045E+14  0.00000000E+00  0.19785268E-30
  0.43237415E+14  0.00000000E+00  0.19624791E-30
  0.43282784E+14  0.00000000E+00  0.19466216E-30
  0.43328154E+14  0.00000000E+00  0.19309511E-30
  0.43373524E+14  0.00000000E+00  0.19154646E-30
  0.43418894E+14  0.00000000E+00  0.19001590E-30
  0.43464264E+14  0.00000000E+00  0.18850315E-30
  0.43509633E+14  0.00000000E+00  0.18700793E-30
  0.43555003E+14  0.00000000E+00  0.18552995E-30
  0.43600373E+14  0.00000000E+00  0.18406894E-30
  0.43645743E+14  0.00000000E+00  0.18262463E-30
  0.43691112E+14  0.00000000E+00  0.18119676E-30
  0.43736482E+14  0.00000000E+00  0.17978508E-30
  0.43781852E+14  0.00000000E+00  0.17838933E-30
  0.43827222E+14  0.00000000E+00  0.17700927E-30
  0.43872592E+14  0.00000000E+00  0.17564466E-30
  0.43917961E+14  0.00000000E+00  0.17429525E-30
  0.43963331E+14  0.00000000E+00  0.17296082E-30
  0.44008701E+14  0.00000000E+00  0.17164114E-30
  0.44054071E+14  0.00000000E+00  0.17033599E-30
  0.44099441E+14  0.00000000E+00  0.16904515E-30
  0.44144810E+14  0.00000000E+00  0.16776840E-30
  0.44190180E+14  0.00000000E+00  0.16650554E-30
  0.44235550E+14  0.00000000E+00  0.16525636E-30
  0.44280920E+14  0.00000000E+00  0.16402066E-30
  0.44326290E+14  0.00000000E+00  0.16279823E-30
  0.44371659E+14  0.00000000E+00  0.16158889E-30
  0.44417029E+14  0.00000000E+00  0.16039245E-30
  0.44462399E+14  0.00000000E+00  0.15920872E-30
  0.44507769E+14  0.00000000E+00  0.15803751E-30
  0.44553139E+14  0.00000000E+00  0.15687864E-30
  0.44598508E+14  0.00000000E+00  0.15573194E-30
  0.44643878E+14  0.00000000E+00  0.15459724E-30
  0.44689248E+14  0.00000000E+00  0.15347436E-30
  0.44734618E+14  0.00000000E+00  0.15236314E-30
  0.44779988E+14  0.00000000E+00  0.15126342E-30
  0.44825357E+14  0.00000000E+00  0.15017502E-30
  0.44870727E+14  0.00000000E+00  0.14909781E-30
  0.44916097E+14  0.00000000E+00  0.14803161E-30
  0.44961467E+14  0.00000000E+00  0.14697628E-30
  0.45006837E+14  0.00000000E+00  0.14593166E-30
  0.45052206E+14  0.00000000E+00  0.14489762E-30
  0.45097576E+14  0.00000000E+00  0.14387401E-30
  0.45142946E+14  0.00000000E+00  0.14286067E-30
  0.45188316E+14  0.00000000E+00  0.14185749E-30
  0.45233686E+14  0.00000000E+00  0.14086431E-30
  0.45279055E+14  0.00000000E+00  0.13988100E-30
  0.45324425E+14  0.00000000E+00  0.13890744E-30
  0.45369795E+14  0.00000000E+00  0.13794349E-30
  0.45415165E+14  0.00000000E+00  0.13698902E-30
  0.45460534E+14  0.00000000E+00  0.13604391E-30
  0.45505904E+14  0.00000000E+00  0.13510803E-30
  0.45551274E+14  0.00000000E+00  0.13418127E-30
  0.45596644E+14  0.00000000E+00  0.13326351E-30
  0.45642014E+14  0.00000000E+00  0.13235462E-30
  0.45687383E+14  0.00000000E+00  0.13145449E-30
  0.45732753E+14  0.00000000E+00  0.13056301E-30
  0.45778123E+14  0.00000000E+00  0.12968006E-30
  0.45823493E+14  0.00000000E+00  0.12880555E-30
  0.45868863E+14  0.00000000E+00  0.12793935E-30
  0.45914232E+14  0.00000000E+00  0.12708137E-30
  0.45959602E+14  0.00000000E+00  0.12623150E-30
  0.46004972E+14  0.00000000E+00  0.12538963E-30
  0.46050342E+14  0.00000000E+00  0.12455567E-30
  0.46095712E+14  0.00000000E+00  0.12372952E-30
  0.46141081E+14  0.00000000E+00  0.12291107E-30
  0.46186451E+14  0.00000000E+00  0.12210024E-30
  0.46231821E+14  0.00000000E+00  0.12129693E-30
  0.46277191E+14  0.00000000E+00  0.12050104E-30
  0.46322561E+14  0.00000000E+00  0.11971249E-30
  0.46367930E+14  0.00000000E+00  0.11893117E-30
  0.46413300E+14  0.00000000E+00  0.11815702E-30
  0.46458670E+14  0.00000000E+00  0.11738993E-30
  0.46504040E+14  0.00000000E+00  0.11662982E-30
  0.46549410E+14  0.00000000E+00  0.11587661E-30
  0.46594779E+14  0.00000000E+00  0.11513021E-30
  0.46640149E+14  0.00000000E+00  0.11439054E-30
  0.46685519E+14  0.00000000E+00  0.11365752E-30
  0.46730889E+14  0.00000000E+00  0.11293108E-30
  0.46776259E+14  0.00000000E+00  0.11221112E-30
  0.46821628E+14  0.00000000E+00  0.11149759E-30
  0.46866998E+14  0.00000000E+00  0.11079039E-30
  0.46912368E+14  0.00000000E+00  0.11008945E-30
  0.46957738E+14  0.00000000E+00  0.10939471E-30
  0.47003108E+14  0.00000000E+00  0.10870609E-30
  0.47048477E+14  0.00000000E+00  0.10802351E-30
  0.47093847E+14  0.00000000E+00  0.10734691E-30
  0.47139217E+14  0.00000000E+00  0.10667621E-30
  0.47184587E+14  0.00000000E+00  0.10601136E-30
  0.47229956E+14  0.00000000E+00  0.10535227E-30
  0.47275326E+14  0.00000000E+00  0.10469889E-30
  0.47320696E+14  0.00000000E+00  0.10405115E-30
  0.47366066E+14  0.00000000E+00  0.10340899E-30
  0.47411436E+14  0.00000000E+00  0.10277233E-30
  0.47456805E+14  0.00000000E+00  0.10214113E-30
  0.47502175E+14  0.00000000E+00  0.10151531E-30
  0.47547545E+14  0.00000000E+00  0.10089482E-30
  0.47592915E+14  0.00000000E+00  0.10027960E-30
  0.47638285E+14  0.00000000E+00  0.99669582E-31
  0.47683654E+14  0.00000000E+00  0.99064715E-31
  0.47729024E+14  0.00000000E+00  0.98464940E-31
  0.47774394E+14  0.00000000E+00  0.97870200E-31
  0.47819764E+14  0.00000000E+00  0.97280439E-31
  0.47865134E+14  0.00000000E+00  0.96695604E-31
  0.47910503E+14  0.00000000E+00  0.96115638E-31
  0.47955873E+14  0.00000000E+00  0.95540489E-31
  0.48001243E+14  0.00000000E+00  0.94970105E-31
  0.48046613E+14  0.00000000E+00  0.94404432E-31
  0.48091983E+14  0.00000000E+00  0.93843421E-31
  0.48137352E+14  0.00000000E+00  0.93287019E-31
  0.48182722E+14  0.00000000E+00  0.92735178E-31
  0.48228092E+14  0.00000000E+00  0.92187848E-31
  0.48273462E+14  0.00000000E+00  0.91644981E-31
  0.48318832E+14  0.00000000E+00  0.91106529E-31
  0.48364201E+14  0.00000000E+00  0.90572444E-31
  0.48409571E+14  0.00000000E+00  0.90042680E-31
  0.48454941E+14  0.00000000E+00  0.89517192E-31
  0.48500311E+14  0.00000000E+00  0.88995933E-31
  0.48545681E+14  0.00000000E+00  0.88478859E-31
  0.48591050E+14  0.00000000E+00  0.87965926E-31
  0.48636420E+14  0.00000000E+00  0.87457091E-31
  0.48681790E+14  0.00000000E+00  0.86952309E-31
  0.48727160E+14  0.00000000E+00  0.86451540E-31
  0.48772530E+14  0.00000000E+00  0.85954742E-31
  0.48817899E+14  0.00000000E+00  0.85461872E-31
  0.48863269E+14  0.00000000E+00  0.84972890E-31
  0.48908639E+14  0.00000000E+00  0.84487757E-31
  0.48954009E+14  0.00000000E+00  0.84006431E-31
  0.48999378E+14  0.00000000E+00  0.83528875E-31
  0.49044748E+14  0.00000000E+00  0.83055050E-31
  0.49090118E+14  0.00000000E+00  0.82584917E-31
  0.49135488E+14  0.00000000E+00  0.82118438E-31
  0.49180858E+14  0.00000000E+00  0.81655578E-31
  0.49226227E+14  0.00000000E+00  0.81196298E-31
  0.49271597E+14  0.00000000E+00  0.80740563E-31
  0.49316967E+14  0.00000000E+00  0.80288336E-31
  0.49362337E+14  0.00000000E+00  0.79839583E-31
  0.49407707E+14  0.00000000E+00  0.79394269E-31
  0.49453076E+14  0.00000000E+00  0.78952359E-31
  0.49498446E+14  0.00000000E+00  0.78513820E-31
  0.49543816E+14  0.00000000E+00  0.78078617E-31
  0.49589186E+14  0.00000000E+00  0.77646718E-31
  0.49634556E+14  0.00000000E+00  0.77218089E-31
  0.49679925E+14  0.00000000E+00  0.76792699E-31
  0.49725295E+14  0.00000000E+00  0.76370516E-31
  0.49770665E+14  0.00000000E+00  0.75951508E-31
  0.49816035E+14  0.00000000E+00  0.75535644E-31
  0.49861405E+14  0.00000000E+00  0.75122893E-31
  0.49906774E+14  0.00000000E+00  0.74713225E-31
  0.49952144E+14  0.00000000E+00  0.74306609E-31
  0.49997514E+14  0.00000000E+00  0.73903017E-31
  0.50042884E+14  0.00000000E+00  0.73502419E-31
  0.50088254E+14  0.00000000E+00  0.73104786E-31
  0.50133623E+14  0.00000000E+00  0.72710089E-31
  0.50178993E+14  0.00000000E+00  0.72318301E-31
  0.50224363E+14  0.00000000E+00  0.71929392E-31
  0.50269733E+14  0.00000000E+00  0.71543337E-31
  0.50315103E+14  0.00000000E+00  0.71160107E-31
  0.50360472E+14  0.00000000E+00  0.70779676E-31
  0.50405842E+14  0.00000000E+00  0.70402017E-31
  0.50451212E+14  0.00000000E+00  0.70027104E-31
  0.50496582E+14  0.00000000E+00  0.69654911E-31
  0.50541952E+14  0.00000000E+00  0.69285413E-31
  0.50587321E+14  0.00000000E+00  0.68918583E-31
  0.50632691E+14  0.00000000E+00  0.68554397E-31
  0.50678061E+14  0.00000000E+00  0.68192831E-31
  0.50723431E+14  0.00000000E+00  0.67833859E-31
  0.50768800E+14  0.00000000E+00  0.67477458E-31
  0.50814170E+14  0.00000000E+00  0.67123603E-31
  0.50859540E+14  0.00000000E+00  0.66772272E-31
  0.50904910E+14  0.00000000E+00  0.66423440E-31
  0.50950280E+14  0.00000000E+00  0.66077086E-31
  0.50995649E+14  0.00000000E+00  0.65733185E-31
  0.51041019E+14  0.00000000E+00  0.65391715E-31
  0.51086389E+14  0.00000000E+00  0.65052655E-31
  0.51131759E+14  0.00000000E+00  0.64715982E-31
  0.51177129E+14  0.00000000E+00  0.64381674E-31
  0.51222498E+14  0.00000000E+00  0.64049710E-31
  0.51267868E+14  0.00000000E+00  0.63720069E-31
  0.51313238E+14  0.00000000E+00  0.63392729E-31
  0.51358608E+14  0.00000000E+00  0.63067670E-31
  0.51403978E+14  0.00000000E+00  0.62744871E-31
  0.51449347E+14  0.00000000E+00  0.62424312E-31
  0.51494717E+14  0.00000000E+00  0.62105973E-31
  0.51540087E+14  0.00000000E+00  0.61789833E-31
  0.51585457E+14  0.00000000E+00  0.61475874E-31
  0.51630827E+14  0.00000000E+00  0.61164076E-31
  0.51676196E+14  0.00000000E+00  0.60854419E-31
  0.51721566E+14  0.00000000E+00  0.60546885E-31
  0.51766936E+14  0.00000000E+00  0.60241455E-31
  0.51812306E+14  0.00000000E+00  0.59938109E-31
  0.51857676E+14  0.00000000E+00  0.59636831E-31
  0.51903045E+14  0.00000000E+00  0.59337601E-31
  0.51948415E+14  0.00000000E+00  0.59040402E-31
  0.51993785E+14  0.00000000E+00  0.58745216E-31
  0.52039155E+14  0.00000000E+00  0.58452026E-31
  0.52084525E+14  0.00000000E+00  0.58160813E-31
  0.52129894E+14  0.00000000E+00  0.57871560E-31
  0.52175264E+14  0.00000000E+00  0.57584252E-31
  0.52220634E+14  0.00000000E+00  0.57298870E-31
  0.52266004E+14  0.00000000E+00  0.57015398E-31
  0.52311374E+14  0.00000000E+00  0.56733821E-31
  0.52356743E+14  0.00000000E+00  0.56454120E-31
  0.52402113E+14  0.00000000E+00  0.56176281E-31
  0.52447483E+14  0.00000000E+00  0.55900287E-31
  0.52492853E+14  0.00000000E+00  0.55626123E-31
  0.52538222E+14  0.00000000E+00  0.55353772E-31
  0.52583592E+14  0.00000000E+00  0.55083220E-31
  0.52628962E+14  0.00000000E+00  0.54814451E-31
  0.52674332E+14  0.00000000E+00  0.54547451E-31
  0.52719702E+14  0.00000000E+00  0.54282203E-31
  0.52765071E+14  0.00000000E+00  0.54018694E-31
  0.52810441E+14  0.00000000E+00  0.53756908E-31
  0.52855811E+14  0.00000000E+00  0.53496831E-31
  0.52901181E+14  0.00000000E+00  0.53238450E-31
  0.52946551E+14  0.00000000E+00  0.52981748E-31
  0.52991920E+14  0.00000000E+00  0.52726714E-31
  0.53037290E+14  0.00000000E+00  0.52473332E-31
  0.53082660E+14  0.00000000E+00  0.52221589E-31
  0.53128030E+14  0.00000000E+00  0.51971471E-31
  0.53173400E+14  0.00000000E+00  0.51722965E-31
  0.53218769E+14  0.00000000E+00  0.51476057E-31
  0.53264139E+14  0.00000000E+00  0.51230735E-31
  0.53309509E+14  0.00000000E+00  0.50986985E-31
  0.53354879E+14  0.00000000E+00  0.50744794E-31
  0.53400249E+14  0.00000000E+00  0.50504149E-31
  0.53445618E+14  0.00000000E+00  0.50265038E-31
  0.53490988E+14  0.00000000E+00  0.50027449E-31
  0.53536358E+14  0.00000000E+00  0.49791368E-31
  0.53581728E+14  0.00000000E+00  0.49556784E-31
  0.53627098E+14  0.00000000E+00  0.49323684E-31
  0.53672467E+14  0.00000000E+00  0.49092057E-31
  0.53717837E+14  0.00000000E+00  0.48861890E-31
  0.53763207E+14  0.00000000E+00  0.48633171E-31
  0.53808577E+14  0.00000000E+00  0.48405890E-31
  0.53853947E+14  0.00000000E+00  0.48180034E-31
  0.53899316E+14  0.00000000E+00  0.47955591E-31
  0.53944686E+14  0.00000000E+00  0.47732552E-31
  0.53990056E+14  0.00000000E+00  0.47510903E-31
  0.54035426E+14  0.00000000E+00  0.47290635E-31
  0.54080796E+14  0.00000000E+00  0.47071736E-31
  0.54126165E+14  0.00000000E+00  0.46854196E-31
  0.54171535E+14  0.00000000E+00  0.46638002E-31
  0.54216905E+14  0.00000000E+00  0.46423146E-31
  0.54262275E+14  0.00000000E+00  0.46209616E-31
  0.54307644E+14  0.00000000E+00  0.45997402E-31
  0.54353014E+14  0.00000000E+00  0.45786494E-31
  0.54398384E+14  0.00000000E+00  0.45576880E-31
  0.54443754E+14  0.00000000E+00  0.45368552E-31
  0.54489124E+14  0.00000000E+00  0.45161498E-31
  0.54534493E+14  0.00000000E+00  0.44955709E-31
  0.54579863E+14  0.00000000E+00  0.44751176E-31
  0.54625233E+14  0.00000000E+00  0.44547887E-31
  0.54670603E+14  0.00000000E+00  0.44345835E-31
  0.54715973E+14  0.00000000E+00  0.44145008E-31
  0.54761342E+14  0.00000000E+00  0.43945398E-31
  0.54806712E+14  0.00000000E+00  0.43746995E-31
  0.54852082E+14  0.00000000E+00  0.43549790E-31
  0.54897452E+14  0.00000000E+00  0.43353773E-31
  0.54942822E+14  0.00000000E+00  0.43158935E-31
  0.54988191E+14  0.00000000E+00  0.42965268E-31
  0.55033561E+14  0.00000000E+00  0.42772763E-31
  0.55078931E+14  0.00000000E+00  0.42581410E-31
  0.55124301E+14  0.00000000E+00  0.42391200E-31
  0.55169671E+14  0.00000000E+00  0.42202125E-31
  0.55215040E+14  0.00000000E+00  0.42014177E-31
  0.55260410E+14  0.00000000E+00  0.41827347E-31
  0.55305780E+14  0.00000000E+00  0.41641625E-31
  0.55351150E+14  0.00000000E+00  0.41457005E-31
  0.55396520E+14  0.00000000E+00  0.41273477E-31
  0.55441889E+14  0.00000000E+00  0.41091034E-31
  0.55487259E+14  0.00000000E+00  0.40909667E-31
  0.55532629E+14  0.00000000E+00  0.40729367E-31
  0.55577999E+14  0.00000000E+00  0.40550128E-31
  0.55623369E+14  0.00000000E+00  0.40371941E-31
  0.55668738E+14  0.00000000E+00  0.40194798E-31
  0.55714108E+14  0.00000000E+00  0.40018692E-31
  0.55759478E+14  0.00000000E+00  0.39843614E-31
  0.55804848E+14  0.00000000E+00  0.39669558E-31
  0.55850218E+14  0.00000000E+00  0.39496515E-31
  0.55895587E+14  0.00000000E+00  0.39324477E-31
  0.55940957E+14  0.00000000E+00  0.39153439E-31
  0.55986327E+14  0.00000000E+00  0.38983392E-31
  0.56031697E+14  0.00000000E+00  0.38814328E-31
  0.56077067E+14  0.00000000E+00  0.38646241E-31
  0.56122436E+14  0.00000000E+00  0.38479124E-31
  0.56167806E+14  0.00000000E+00  0.38312968E-31
  0.56213176E+14  0.00000000E+00  0.38147768E-31
  0.56258546E+14  0.00000000E+00  0.37983517E-31
  0.56303915E+14  0.00000000E+00  0.37820206E-31
  0.56349285E+14  0.00000000E+00  0.37657831E-31
  0.56394655E+14  0.00000000E+00  0.37496383E-31
  0.56440025E+14  0.00000000E+00  0.37335856E-31
  0.56485395E+14  0.00000000E+00  0.37176243E-31
  0.56530764E+14  0.00000000E+00  0.37017538E-31
  0.56576134E+14  0.00000000E+00  0.36859734E-31
  0.56621504E+14  0.00000000E+00  0.36702824E-31
  0.56666874E+14  0.00000000E+00  0.36546803E-31
  0.56712244E+14  0.00000000E+00  0.36391664E-31
  0.56757613E+14  0.00000000E+00  0.36237400E-31
  0.56802983E+14  0.00000000E+00  0.36084005E-31
  0.56848353E+14  0.00000000E+00  0.35931473E-31
  0.56893723E+14  0.00000000E+00  0.35779798E-31
  0.56939093E+14  0.00000000E+00  0.35628974E-31
  0.56984462E+14  0.00000000E+00  0.35478994E-31
  0.57029832E+14  0.00000000E+00  0.35329853E-31
  0.57075202E+14  0.00000000E+00  0.35181545E-31
  0.57120572E+14  0.00000000E+00  0.35034064E-31
  0.57165942E+14  0.00000000E+00  0.34887403E-31
  0.57211311E+14  0.00000000E+00  0.34741558E-31
  0.57256681E+14  0.00000000E+00  0.34596522E-31
  0.57302051E+14  0.00000000E+00  0.34452289E-31
  0.57347421E+14  0.00000000E+00  0.34308855E-31
  0.57392791E+14  0.00000000E+00  0.34166213E-31
  0.57438160E+14  0.00000000E+00  0.34024358E-31
  0.57483530E+14  0.00000000E+00  0.33883285E-31
  0.57528900E+14  0.00000000E+00  0.33742987E-31
  0.57574270E+14  0.00000000E+00  0.33603460E-31
  0.57619640E+14  0.00000000E+00  0.33464698E-31
  0.57665009E+14  0.00000000E+00  0.33326697E-31
  0.57710379E+14  0.00000000E+00  0.33189449E-31
  0.57755749E+14  0.00000000E+00  0.33052951E-31
  0.57801119E+14  0.00000000E+00  0.32917197E-31
  0.57846489E+14  0.00000000E+00  0.32782183E-31
  0.57891858E+14  0.00000000E+00  0.32647902E-31
  0.57937228E+14  0.00000000E+00  0.32514350E-31
  0.57982598E+14  0.00000000E+00  0.32381522E-31
  0.58027968E+14  0.00000000E+00  0.32249413E-31
  0.58073337E+14  0.00000000E+00  0.32118017E-31
  0.58118707E+14  0.00000000E+00  0.31987331E-31
  0.58164077E+14  0.00000000E+00  0.31857350E-31
  0.58209447E+14  0.00000000E+00  0.31728067E-31
  0.58254817E+14  0.00000000E+00  0.31599480E-31
  0.58300186E+14  0.00000000E+00  0.31471582E-31
  0.58345556E+14  0.00000000E+00  0.31344370E-31
  0.58390926E+14  0.00000000E+00  0.31217838E-31
  0.58436296E+14  0.00000000E+00  0.31091983E-31
  0.58481666E+14  0.00000000E+00  0.30966799E-31
  0.58527035E+14  0.00000000E+00  0.30842281E-31
  0.58572405E+14  0.00000000E+00  0.30718427E-31
  0.58617775E+14  0.00000000E+00  0.30595230E-31
  0.58663145E+14  0.00000000E+00  0.30472687E-31
  0.58708515E+14  0.00000000E+00  0.30350793E-31
  0.58753884E+14  0.00000000E+00  0.30229544E-31
  0.58799254E+14  0.00000000E+00  0.30108935E-31
  0.58844624E+14  0.00000000E+00  0.29988963E-31
  0.58889994E+14  0.00000000E+00  0.29869623E-31
  0.58935364E+14  0.00000000E+00  0.29750910E-31
  0.58980733E+14  0.00000000E+00  0.29632822E-31
  0.59026103E+14  0.00000000E+00  0.29515352E-31
  0.59071473E+14  0.00000000E+00  0.29398499E-31
  0.59116843E+14  0.00000000E+00  0.29282256E-31
  0.59162213E+14  0.00000000E+00  0.29166621E-31
  0.59207582E+14  0.00000000E+00  0.29051589E-31
  0.59252952E+14  0.00000000E+00  0.28937157E-31
  0.59298322E+14  0.00000000E+00  0.28823319E-31
  0.59343692E+14  0.00000000E+00  0.28710074E-31
  0.59389062E+14  0.00000000E+00  0.28597415E-31
  0.59434431E+14  0.00000000E+00  0.28485341E-31
  0.59479801E+14  0.00000000E+00  0.28373847E-31
  0.59525171E+14  0.00000000E+00  0.28262928E-31
  0.59570541E+14  0.00000000E+00  0.28152582E-31
  0.59615911E+14  0.00000000E+00  0.28042805E-31
  0.59661280E+14  0.00000000E+00  0.27933593E-31
  0.59706650E+14  0.00000000E+00  0.27824942E-31
  0.59752020E+14  0.00000000E+00  0.27716848E-31
  0.59797390E+14  0.00000000E+00  0.27609309E-31
  0.59842759E+14  0.00000000E+00  0.27502320E-31
  0.59888129E+14  0.00000000E+00  0.27395878E-31
  0.59933499E+14  0.00000000E+00  0.27289980E-31
  0.59978869E+14  0.00000000E+00  0.27184621E-31
  0.60024239E+14  0.00000000E+00  0.27079799E-31
  0.60069608E+14  0.00000000E+00  0.26975510E-31
  0.60114978E+14  0.00000000E+00  0.26871750E-31
  0.60160348E+14  0.00000000E+00  0.26768517E-31
  0.60205718E+14  0.00000000E+00  0.26665806E-31
  0.60251088E+14  0.00000000E+00  0.26563615E-31
  0.60296457E+14  0.00000000E+00  0.26461940E-31
  0.60341827E+14  0.00000000E+00  0.26360778E-31
  0.60387197E+14  0.00000000E+00  0.26260126E-31
  0.60432567E+14  0.00000000E+00  0.26159980E-31
  0.60477937E+14  0.00000000E+00  0.26060337E-31
  0.60523306E+14  0.00000000E+00  0.25961194E-31
  0.60568676E+14  0.00000000E+00  0.25862548E-31
  0.60614046E+14  0.00000000E+00  0.25764396E-31
  0.60659416E+14  0.00000000E+00  0.25666734E-31
  0.60704786E+14  0.00000000E+00  0.25569560E-31
  0.60750155E+14  0.00000000E+00  0.25472870E-31
  0.60795525E+14  0.00000000E+00  0.25376662E-31
  0.60840895E+14  0.00000000E+00  0.25280932E-31
  0.60886265E+14  0.00000000E+00  0.25185678E-31
  0.60931635E+14  0.00000000E+00  0.25090896E-31
  0.60977004E+14  0.00000000E+00  0.24996583E-31
  0.61022374E+14  0.00000000E+00  0.24902738E-31
  0.61067744E+14  0.00000000E+00  0.24809355E-31
  0.61113114E+14  0.00000000E+00  0.24716434E-31
  0.61158484E+14  0.00000000E+00  0.24623970E-31
  0.61203853E+14  0.00000000E+00  0.24531962E-31
  0.61249223E+14  0.00000000E+00  0.24440406E-31
  0.61294593E+14  0.00000000E+00  0.24349299E-31
  0.61339963E+14  0.00000000E+00  0.24258639E-31
  0.61385333E+14  0.00000000E+00  0.24168423E-31
  0.61430702E+14  0.00000000E+00  0.24078648E-31
  0.61476072E+14  0.00000000E+00  0.23989312E-31
  0.61521442E+14  0.00000000E+00  0.23900411E-31
  0.61566812E+14  0.00000000E+00  0.23811944E-31
  0.61612181E+14  0.00000000E+00  0.23723907E-31
  0.61657551E+14  0.00000000E+00  0.23636298E-31
  0.61702921E+14  0.00000000E+00  0.23549114E-31
  0.61748291E+14  0.00000000E+00  0.23462353E-31
  0.61793661E+14  0.00000000E+00  0.23376012E-31
  0.61839030E+14  0.00000000E+00  0.23290088E-31
  0.61884400E+14  0.00000000E+00  0.23204580E-31
  0.61929770E+14  0.00000000E+00  0.23119484E-31
  0.61975140E+14  0.00000000E+00  0.23034798E-31
  0.62020510E+14  0.00000000E+00  0.22950519E-31
  0.62065879E+14  0.00000000E+00  0.22866646E-31
  0.62111249E+14  0.00000000E+00  0.22783175E-31
  0.62156619E+14  0.00000000E+00  0.22700104E-31
  0.62201989E+14  0.00000000E+00  0.22617431E-31
  0.62247359E+14  0.00000000E+00  0.22535153E-31
  0.62292728E+14  0.00000000E+00  0.22453268E-31
  0.62338098E+14  0.00000000E+00  0.22371774E-31
  0.62383468E+14  0.00000000E+00  0.22290669E-31
  0.62428838E+14  0.00000000E+00  0.22209949E-31
  0.62474208E+14  0.00000000E+00  0.22129613E-31
  0.62519577E+14  0.00000000E+00  0.22049658E-31
  0.62564947E+14  0.00000000E+00  0.21970083E-31
  0.62610317E+14  0.00000000E+00  0.21890884E-31
  0.62655687E+14  0.00000000E+00  0.21812060E-31
  0.62701057E+14  0.00000000E+00  0.21733608E-31
  0.62746426E+14  0.00000000E+00  0.21655527E-31
  0.62791796E+14  0.00000000E+00  0.21577813E-31
  0.62837166E+14  0.00000000E+00  0.21500465E-31
  0.62882536E+14  0.00000000E+00  0.21423481E-31
  0.62927906E+14  0.00000000E+00  0.21346859E-31
  0.62973275E+14  0.00000000E+00  0.21270596E-31
  0.63018645E+14  0.00000000E+00  0.21194690E-31
  0.63064015E+14  0.00000000E+00  0.21119140E-31
  0.63109385E+14  0.00000000E+00  0.21043942E-31
  0.63154755E+14  0.00000000E+00  0.20969096E-31
  0.63200124E+14  0.00000000E+00  0.20894598E-31
  0.63245494E+14  0.00000000E+00  0.20820448E-31
  0.63290864E+14  0.00000000E+00  0.20746642E-31
  0.63336234E+14  0.00000000E+00  0.20673179E-31
  0.63381603E+14  0.00000000E+00  0.20600058E-31
  0.63426973E+14  0.00000000E+00  0.20527275E-31
  0.63472343E+14  0.00000000E+00  0.20454829E-31
  0.63517713E+14  0.00000000E+00  0.20382718E-31
  0.63563083E+14  0.00000000E+00  0.20310940E-31
  0.63608452E+14  0.00000000E+00  0.20239494E-31
  0.63653822E+14  0.00000000E+00  0.20168376E-31
  0.63699192E+14  0.00000000E+00  0.20097586E-31
  0.63744562E+14  0.00000000E+00  0.20027122E-31
  0.63789932E+14  0.00000000E+00  0.19956981E-31
  0.63835301E+14  0.00000000E+00  0.19887161E-31
  0.63880671E+14  0.00000000E+00  0.19817662E-31
  0.63926041E+14  0.00000000E+00  0.19748480E-31
  0.63971411E+14  0.00000000E+00  0.19679615E-31
  0.64016781E+14  0.00000000E+00  0.19611064E-31
  0.64062150E+14  0.00000000E+00  0.19542826E-31
  0.64107520E+14  0.00000000E+00  0.19474899E-31
  0.64152890E+14  0.00000000E+00  0.19407281E-31
  0.64198260E+14  0.00000000E+00  0.19339970E-31
  0.64243630E+14  0.00000000E+00  0.19272964E-31
  0.64288999E+14  0.00000000E+00  0.19206262E-31
  0.64334369E+14  0.00000000E+00  0.19139863E-31
  0.64379739E+14  0.00000000E+00  0.19073764E-31
  0.64425109E+14  0.00000000E+00  0.19007963E-31
  0.64470479E+14  0.00000000E+00  0.18942460E-31
  0.64515848E+14  0.00000000E+00  0.18877251E-31
  0.64561218E+14  0.00000000E+00  0.18812337E-31
  0.64606588E+14  0.00000000E+00  0.18747714E-31
  0.64651958E+14  0.00000000E+00  0.18683382E-31
  0.64697328E+14  0.00000000E+00  0.18619339E-31
  0.64742697E+14  0.00000000E+00  0.18555582E-31
  0.64788067E+14  0.00000000E+00  0.18492111E-31
  0.64833437E+14  0.00000000E+00  0.18428924E-31
  0.64878807E+14  0.00000000E+00  0.18366020E-31
  0.64924177E+14  0.00000000E+00  0.18303396E-31
  0.64969546E+14  0.00000000E+00  0.18241051E-31
  0.65014916E+14  0.00000000E+00  0.18178984E-31
  0.65060286E+14  0.00000000E+00  0.18117193E-31
  0.65105656E+14  0.00000000E+00  0.18055676E-31
  0.65151025E+14  0.00000000E+00  0.17994433E-31
  0.65196395E+14  0.00000000E+00  0.17933461E-31
  0.65241765E+14  0.00000000E+00  0.17872759E-31
  0.65287135E+14  0.00000000E+00  0.17812325E-31
  0.65332505E+14  0.00000000E+00  0.17752159E-31
  0.65377874E+14  0.00000000E+00  0.17692258E-31
  0.65423244E+14  0.00000000E+00  0.17632621E-31
  0.65468614E+14  0.00000000E+00  0.17573246E-31
  0.65513984E+14  0.00000000E+00  0.17514133E-31
  0.65559354E+14  0.00000000E+00  0.17455280E-31
  0.65604723E+14  0.00000000E+00  0.17396685E-31
  0.65650093E+14  0.00000000E+00  0.17338347E-31
  0.65695463E+14  0.00000000E+00  0.17280264E-31
  0.65740833E+14  0.00000000E+00  0.17222436E-31
  0.65786203E+14  0.00000000E+00  0.17164860E-31
  0.65831572E+14  0.00000000E+00  0.17107536E-31
  0.65876942E+14  0.00000000E+00  0.17050461E-31
  0.65922312E+14  0.00000000E+00  0.16993635E-31
  0.65967682E+14  0.00000000E+00  0.16937057E-31
  0.66013052E+14  0.00000000E+00  0.16880724E-31
  0.66058421E+14  0.00000000E+00  0.16824636E-31
  0.66103791E+14  0.00000000E+00  0.16768791E-31
  0.66149161E+14  0.00000000E+00  0.16713188E-31
  0.66194531E+14  0.00000000E+00  0.16657826E-31
  0.66239901E+14  0.00000000E+00  0.16602703E-31
  0.66285270E+14  0.00000000E+00  0.16547818E-31
  0.66330640E+14  0.00000000E+00  0.16493170E-31
  0.66376010E+14  0.00000000E+00  0.16438757E-31
  0.66421380E+14  0.00000000E+00  0.16384579E-31
  0.66466750E+14  0.00000000E+00  0.16330633E-31
  0.66512119E+14  0.00000000E+00  0.16276920E-31
  0.66557489E+14  0.00000000E+00  0.16223436E-31
  0.66602859E+14  0.00000000E+00  0.16170182E-31
  0.66648229E+14  0.00000000E+00  0.16117156E-31
  0.66693599E+14  0.00000000E+00  0.16064357E-31
  0.66738968E+14  0.00000000E+00  0.16011783E-31
  0.66784338E+14  0.00000000E+00  0.15959434E-31
  0.66829708E+14  0.00000000E+00  0.15907308E-31
  0.66875078E+14  0.00000000E+00  0.15855404E-31
  0.66920447E+14  0.00000000E+00  0.15803721E-31
  0.66965817E+14  0.00000000E+00  0.15752257E-31
  0.67011187E+14  0.00000000E+00  0.15701012E-31
  0.67056557E+14  0.00000000E+00  0.15649985E-31
  0.67101927E+14  0.00000000E+00  0.15599173E-31
  0.67147296E+14  0.00000000E+00  0.15548577E-31
  0.67192666E+14  0.00000000E+00  0.15498194E-31
  0.67238036E+14  0.00000000E+00  0.15448024E-31
  0.67283406E+14  0.00000000E+00  0.15398066E-31
  0.67328776E+14  0.00000000E+00  0.15348319E-31
  0.67374145E+14  0.00000000E+00  0.15298781E-31
  0.67419515E+14  0.00000000E+00  0.15249451E-31
  0.67464885E+14  0.00000000E+00  0.15200329E-31
  0.67510255E+14  0.00000000E+00  0.15151412E-31
  0.67555625E+14  0.00000000E+00  0.15102701E-31
  0.67600994E+14  0.00000000E+00  0.15054194E-31
  0.67646364E+14  0.00000000E+00  0.15005890E-31
  0.67691734E+14  0.00000000E+00  0.14957788E-31
  0.67737104E+14  0.00000000E+00  0.14909886E-31
  0.67782474E+14  0.00000000E+00  0.14862185E-31
  0.67827843E+14  0.00000000E+00  0.14814682E-31
  0.67873213E+14  0.00000000E+00  0.14767377E-31
  0.67918583E+14  0.00000000E+00  0.14720268E-31
  0.67963953E+14  0.00000000E+00  0.14673356E-31
  0.68009323E+14  0.00000000E+00  0.14626638E-31
  0.68054692E+14  0.00000000E+00  0.14580113E-31
  0.68100062E+14  0.00000000E+00  0.14533782E-31
  0.68145432E+14  0.00000000E+00  0.14487642E-31
  0.68190802E+14  0.00000000E+00  0.14441693E-31
  0.68236172E+14  0.00000000E+00  0.14395933E-31
  0.68281541E+14  0.00000000E+00  0.14350363E-31
  0.68326911E+14  0.00000000E+00  0.14304980E-31
  0.68372281E+14  0.00000000E+00  0.14259783E-31
  0.68417651E+14  0.00000000E+00  0.14214773E-31
  0.68463021E+14  0.00000000E+00  0.14169948E-31
  0.68508390E+14  0.00000000E+00  0.14125306E-31
  0.68553760E+14  0.00000000E+00  0.14080848E-31
  0.68599130E+14  0.00000000E+00  0.14036572E-31
  0.68644500E+14  0.00000000E+00  0.13992477E-31
  0.68689869E+14  0.00000000E+00  0.13948562E-31
  0.68735239E+14  0.00000000E+00  0.13904826E-31
  0.68780609E+14  0.00000000E+00  0.13861269E-31
  0.68825979E+14  0.00000000E+00  0.13817890E-31
  0.68871349E+14  0.00000000E+00  0.13774687E-31
  0.68916718E+14  0.00000000E+00  0.13731659E-31
  0.68962088E+14  0.00000000E+00  0.13688807E-31
  0.69007458E+14  0.00000000E+00  0.13646129E-31
  0.69052828E+14  0.00000000E+00  0.13603623E-31
  0.69098198E+14  0.00000000E+00  0.13561290E-31
  0.69143567E+14  0.00000000E+00  0.13519128E-31
  0.69188937E+14  0.00000000E+00  0.13477137E-31
  0.69234307E+14  0.00000000E+00  0.13435315E-31
  0.69279677E+14  0.00000000E+00  0.13393662E-31
  0.69325047E+14  0.00000000E+00  0.13352177E-31
  0.69370416E+14  0.00000000E+00  0.13310858E-31
  0.69415786E+14  0.00000000E+00  0.13269707E-31
  0.69461156E+14  0.00000000E+00  0.13228720E-31
  0.69506526E+14  0.00000000E+00  0.13187898E-31
  0.69551896E+14  0.00000000E+00  0.13147240E-31
  0.69597265E+14  0.00000000E+00  0.13106745E-31
  0.69642635E+14  0.00000000E+00  0.13066412E-31
  0.69688005E+14  0.00000000E+00  0.13026240E-31
  0.69733375E+14  0.00000000E+00  0.12986229E-31
  0.69778745E+14  0.00000000E+00  0.12946378E-31
  0.69824114E+14  0.00000000E+00  0.12906685E-31
  0.69869484E+14  0.00000000E+00  0.12867151E-31
  0.69914854E+14  0.00000000E+00  0.12827774E-31
  0.69960224E+14  0.00000000E+00  0.12788554E-31
  0.70005594E+14  0.00000000E+00  0.12749489E-31
  0.70050963E+14  0.00000000E+00  0.12710579E-31
  0.70096333E+14  0.00000000E+00  0.12671824E-31
  0.70141703E+14  0.00000000E+00  0.12633222E-31
  0.70187073E+14  0.00000000E+00  0.12594773E-31
  0.70232443E+14  0.00000000E+00  0.12556476E-31
  0.70277812E+14  0.00000000E+00  0.12518331E-31
  0.70323182E+14  0.00000000E+00  0.12480335E-31
  0.70368552E+14  0.00000000E+00  0.12442490E-31
  0.70413922E+14  0.00000000E+00  0.12404794E-31
  0.70459291E+14  0.00000000E+00  0.12367246E-31
  0.70504661E+14  0.00000000E+00  0.12329845E-31
  0.70550031E+14  0.00000000E+00  0.12292592E-31
  0.70595401E+14  0.00000000E+00  0.12255484E-31
  0.70640771E+14  0.00000000E+00  0.12218523E-31
  0.70686140E+14  0.00000000E+00  0.12181705E-31
  0.70731510E+14  0.00000000E+00  0.12145032E-31
  0.70776880E+14  0.00000000E+00  0.12108503E-31
  0.70822250E+14  0.00000000E+00  0.12072115E-31
  0.70867620E+14  0.00000000E+00  0.12035870E-31
  0.70912989E+14  0.00000000E+00  0.11999766E-31
  0.70958359E+14  0.00000000E+00  0.11963803E-31
  0.71003729E+14  0.00000000E+00  0.11927980E-31
  0.71049099E+14  0.00000000E+00  0.11892296E-31
  0.71094469E+14  0.00000000E+00  0.11856750E-31
  0.71139838E+14  0.00000000E+00  0.11821342E-31
  0.71185208E+14  0.00000000E+00  0.11786072E-31
  0.71230578E+14  0.00000000E+00  0.11750938E-31
  0.71275948E+14  0.00000000E+00  0.11715940E-31
  0.71321318E+14  0.00000000E+00  0.11681077E-31
  0.71366687E+14  0.00000000E+00  0.11646349E-31
  0.71412057E+14  0.00000000E+00  0.11611755E-31
  0.71457427E+14  0.00000000E+00  0.11577294E-31
  0.71502797E+14  0.00000000E+00  0.11542966E-31
  0.71548167E+14  0.00000000E+00  0.11508770E-31
  0.71593536E+14  0.00000000E+00  0.11474706E-31
  0.71638906E+14  0.00000000E+00  0.11440772E-31
  0.71684276E+14  0.00000000E+00  0.11406968E-31
  0.71729646E+14  0.00000000E+00  0.11373294E-31
  0.71775016E+14  0.00000000E+00  0.11339749E-31
  0.71820385E+14  0.00000000E+00  0.11306332E-31
  0.71865755E+14  0.00000000E+00  0.11273043E-31
  0.71911125E+14  0.00000000E+00  0.11239881E-31
  0.71956495E+14  0.00000000E+00  0.11206846E-31
  0.72001865E+14  0.00000000E+00  0.11173936E-31
  0.72047234E+14  0.00000000E+00  0.11141152E-31
  0.72092604E+14  0.00000000E+00  0.11108493E-31
  0.72137974E+14  0.00000000E+00  0.11075957E-31
  0.72183344E+14  0.00000000E+00  0.11043546E-31
  0.72228713E+14  0.00000000E+00  0.11011257E-31
  0.72274083E+14  0.00000000E+00  0.10979091E-31
  0.72319453E+14  0.00000000E+00  0.10947046E-31
  0.72364823E+14  0.00000000E+00  0.10915123E-31
  0.72410193E+14  0.00000000E+00  0.10883320E-31
  0.72455562E+14  0.00000000E+00  0.10851638E-31
  0.72500932E+14  0.00000000E+00  0.10820075E-31
  0.72546302E+14  0.00000000E+00  0.10788631E-31
  0.72591672E+14  0.00000000E+00  0.10757306E-31
  0.72637042E+14  0.00000000E+00  0.10726098E-31
  0.72682411E+14  0.00000000E+00  0.10695008E-31
  0.72727781E+14  0.00000000E+00  0.10664034E-31
  0.72773151E+14  0.00000000E+00  0.10633177E-31
  0.72818521E+14  0.00000000E+00  0.10602436E-31
  0.72863891E+14  0.00000000E+00  0.10571809E-31
  0.72909260E+14  0.00000000E+00  0.10541298E-31
  0.72954630E+14  0.00000000E+00  0.10510900E-31
  0.73000000E+14  0.00000000E+00  0.10480616E-31
