  0.45369795E+11 -0.34602721E-30  0.38178033E-29
  0.90739590E+11 -0.44145831E-30  0.36374350E-29
  0.13610938E+12 -0.63638872E-30  0.35431025E-29
  0.18147918E+12 -0.90288173E-30  0.33020106E-29
  0.22684897E+12 -0.98476821E-30  0.28265392E-29
  0.27221877E+12 -0.62019669E-30  0.24009732E-29
  0.31758856E+12 -0.39974953E-31  0.24867600E-29
  0.36295836E+12  0.10273371E-30  0.29777329E-29
  0.40832815E+12 -0.12365452E-30  0.32610033E-29
  0.45369795E+12 -0.36217163E-30  0.33682049E-29
  0.49906774E+12 -0.66033885E-30  0.33862241E-29
  0.54443754E+12 -0.96758637E-30  0.31577508E-29
  0.58980733E+12 -0.98553253E-30  0.28378859E-29
  0.63517713E+12 -0.85458734E-30  0.26284960E-29
  0.68054692E+12 -0.64514713E-30  0.25537518E-29
  0.72591672E+12 -0.51776469E-30  0.26497892E-29
  0.77128651E+12 -0.46725726E-30  0.27805983E-29
  0.81665631E+12 -0.53490958E-30  0.29076863E-29
  0.86202610E+12 -0.67456998E-30  0.29941747E-29
  0.90739590E+12 -0.84627667E-30  0.29279071E-29
  0.95276569E+12 -0.91904381E-30  0.28162473E-29
  0.99813549E+12 -0.92952888E-30  0.27162664E-29
  0.10435053E+13 -0.87502247E-30  0.26592377E-29
  0.10888751E+13 -0.86256869E-30  0.26559138E-29
  0.11342449E+13 -0.85528215E-30  0.26687428E-29
  0.11796147E+13 -0.88722675E-30  0.27093865E-29
  0.12249845E+13 -0.99024063E-30  0.26924656E-29
  0.12703543E+13 -0.10170659E-29  0.26227623E-29
  0.13157241E+13 -0.10296312E-29  0.25608832E-29
  0.13610938E+13 -0.10005400E-29  0.25246945E-29
  0.14064636E+13 -0.98703145E-30  0.25405990E-29
  0.14518334E+13 -0.99255151E-30  0.25587753E-29
  0.14972032E+13 -0.10469163E-29  0.25806314E-29
  0.15425730E+13 -0.11034440E-29  0.25847736E-29
  0.15879428E+13 -0.11974712E-29  0.25157383E-29
  0.16333126E+13 -0.12057609E-29  0.24406968E-29
  0.16786824E+13 -0.11943016E-29  0.23814327E-29
  0.17240522E+13 -0.11629738E-29  0.23611297E-29
  0.17694220E+13 -0.11646895E-29  0.23654758E-29
  0.18147918E+13 -0.11770608E-29  0.23698045E-29
  0.18601616E+13 -0.12135643E-29  0.23779372E-29
  0.19055314E+13 -0.12765282E-29  0.23567299E-29
  0.19509012E+13 -0.13001729E-29  0.23010365E-29
  0.19962710E+13 -0.13155518E-29  0.22556355E-29
  0.20416408E+13 -0.13047003E-29  0.22210797E-29
  0.20870106E+13 -0.13067365E-29  0.22179873E-29
  0.21323804E+13 -0.13334144E-29  0.22005783E-29
  0.21777502E+13 -0.13556483E-29  0.21767700E-29
  0.22231200E+13 -0.13771726E-29  0.21493693E-29
  0.22684897E+13 -0.14039220E-29  0.20983830E-29
  0.23138595E+13 -0.13885669E-29  0.20554581E-29
  0.23592293E+13 -0.13718076E-29  0.20371754E-29
  0.24045991E+13 -0.13660884E-29  0.20498932E-29
  0.24499689E+13 -0.14057128E-29  0.20604526E-29
  0.24953387E+13 -0.14604085E-29  0.20343830E-29
  0.25407085E+13 -0.15017962E-29  0.19889786E-29
  0.25860783E+13 -0.15385981E-29  0.19174748E-29
  0.26314481E+13 -0.15177026E-29  0.18331122E-29
  0.26768179E+13 -0.14681235E-29  0.17883276E-29
  0.27221877E+13 -0.14179249E-29  0.17910702E-29
  0.27675575E+13 -0.14170335E-29  0.18253361E-29
  0.28129273E+13 -0.14512178E-29  0.18379035E-29
  0.28582971E+13 -0.14953130E-29  0.18297072E-29
  0.29036669E+13 -0.15579276E-29  0.17917678E-29
  0.29490367E+13 -0.15861135E-29  0.17110699E-29
  0.29944065E+13 -0.15739053E-29  0.16367663E-29
  0.30397763E+13 -0.15334446E-29  0.15882756E-29
  0.30851461E+13 -0.15049827E-29  0.15801756E-29
  0.31305158E+13 -0.14996760E-29  0.15733537E-29
  0.31758856E+13 -0.15034791E-29  0.15644081E-29
  0.32212554E+13 -0.15202443E-29  0.15558837E-29
  0.32666252E+13 -0.15516477E-29  0.15112517E-29
  0.33119950E+13 -0.15468941E-29  0.14568716E-29
  0.33573648E+13 -0.15231989E-29  0.14187277E-29
  0.34027346E+13 -0.14971387E-29  0.14090630E-29
  0.34481044E+13 -0.15007536E-29  0.14073437E-29
  0.34934742E+13 -0.15184451E-29  0.13911456E-29
  0.35388440E+13 -0.15393786E-29  0.13676946E-29
  0.35842138E+13 -0.15709718E-29  0.13149327E-29
  0.36295836E+13 -0.15614557E-29  0.12407372E-29
  0.36749534E+13 -0.15212939E-29  0.11812672E-29
  0.37203232E+13 -0.14648317E-29  0.11592735E-29
  0.37656930E+13 -0.14357362E-29  0.11655818E-29
  0.38110628E+13 -0.14246415E-29  0.11730124E-29
  0.38564326E+13 -0.14367881E-29  0.11790763E-29
  0.39018024E+13 -0.14731448E-29  0.11597876E-29
  0.39471722E+13 -0.14906413E-29  0.11060707E-29
  0.39925420E+13 -0.14811650E-29  0.10459815E-29
  0.40379117E+13 -0.14503625E-29  0.99748033E-30
  0.40832815E+13 -0.14182763E-29  0.97108120E-30
  0.41286513E+13 -0.13903576E-29  0.95105316E-30
  0.41740211E+13 -0.13683080E-29  0.93818792E-30
  0.42193909E+13 -0.13615545E-29  0.92978643E-30
  0.42647607E+13 -0.13564911E-29  0.89731873E-30
  0.43101305E+13 -0.13368574E-29  0.86881821E-30
  0.43555003E+13 -0.13149887E-29  0.84610380E-30
  0.44008701E+13 -0.12941506E-29  0.83305572E-30
  0.44462399E+13 -0.12864574E-29  0.81457701E-30
  0.44916097E+13 -0.12758035E-29  0.79167399E-30
  0.45369795E+13 -0.12661409E-29  0.76445060E-30
  0.45823493E+13 -0.12502935E-29  0.72282669E-30
  0.46277191E+13 -0.12158327E-29  0.68796006E-30
  0.46730889E+13 -0.11727252E-29  0.66684198E-30
  0.47184587E+13 -0.11399139E-29  0.66290103E-30
  0.47638285E+13 -0.11190510E-29  0.65745398E-30
  0.48091983E+13 -0.11044525E-29  0.64644606E-30
  0.48545681E+13 -0.10925480E-29  0.63213509E-30
  0.48999378E+13 -0.10815776E-29  0.60146490E-30
  0.49453076E+13 -0.10516340E-29  0.56926666E-30
  0.49906774E+13 -0.10150768E-29  0.54442102E-30
  0.50360472E+13 -0.97503606E-30  0.53325538E-30
  0.50814170E+13 -0.94593573E-30  0.52583807E-30
  0.51267868E+13 -0.91821541E-30  0.51462183E-30
  0.51721566E+13 -0.89340859E-30  0.50730152E-30
  0.52175264E+13 -0.87095144E-30  0.48762233E-30
  0.52628962E+13 -0.83686825E-30  0.46881580E-30
  0.53082660E+13 -0.79768541E-30  0.45706967E-30
  0.53536358E+13 -0.76169881E-30  0.45559027E-30
  0.53990056E+13 -0.73722948E-30  0.45227730E-30
  0.54443754E+13 -0.71353613E-30  0.44149592E-30
  0.54897452E+13 -0.68631622E-30  0.42636780E-30
  0.55351150E+13 -0.65279701E-30  0.40456113E-30
  0.55804848E+13 -0.60537642E-30  0.38728352E-30
  0.56258546E+13 -0.55167385E-30  0.38496204E-30
  0.56712244E+13 -0.50556084E-30  0.39611220E-30
  0.57165942E+13 -0.47344776E-30  0.40971557E-30
  0.57619640E+13 -0.44940942E-30  0.41670895E-30
  0.58073337E+13 -0.42850527E-30  0.41612564E-30
  0.58527035E+13 -0.40538366E-30  0.40175769E-30
  0.58980733E+13 -0.36550937E-30  0.38407564E-30
  0.59434431E+13 -0.31403385E-30  0.37500073E-30
  0.59888129E+13 -0.26051188E-30  0.37866030E-30
  0.60341827E+13 -0.21208695E-30  0.38920923E-30
  0.60795525E+13 -0.16770558E-30  0.40513941E-30
  0.61249223E+13 -0.13378044E-30  0.42128172E-30
  0.61702921E+13 -0.10025494E-30  0.42963864E-30
  0.62156619E+13 -0.62706100E-31  0.43531390E-30
  0.62610317E+13 -0.20190879E-31  0.44400245E-30
  0.63064015E+13  0.19354600E-31  0.45812308E-30
  0.63517713E+13  0.57541145E-31  0.46863098E-30
  0.63971411E+13  0.97904868E-31  0.47978249E-30
  0.64425109E+13  0.13885709E-30  0.49026839E-30
  0.64878807E+13  0.18473020E-30  0.49998808E-30
  0.65332505E+13  0.23607634E-30  0.51490405E-30
  0.65786203E+13  0.28843832E-30  0.53865314E-30
  0.66239901E+13  0.33441690E-30  0.56911408E-30
  0.66693599E+13  0.37490187E-30  0.59859765E-30
  0.67147296E+13  0.41304075E-30  0.62838161E-30
  0.67600994E+13  0.44693491E-30  0.65409531E-30
  0.68054692E+13  0.48461578E-30  0.67525628E-30
  0.68508390E+13  0.52683152E-30  0.69631589E-30
  0.68962088E+13  0.57426787E-30  0.72168614E-30
  0.69415786E+13  0.62169717E-30  0.75104882E-30
  0.69869484E+13  0.67108099E-30  0.78481492E-30
  0.70323182E+13  0.71694382E-30  0.82468725E-30
  0.70776880E+13  0.75930206E-30  0.86481409E-30
  0.71230578E+13  0.80197751E-30  0.90575556E-30
  0.71684276E+13  0.84231106E-30  0.94918943E-30
  0.72137974E+13  0.87988416E-30  0.99242367E-30
  0.72591672E+13  0.91767977E-30  0.10337601E-29
  0.73045370E+13  0.95792900E-30  0.10756358E-29
  0.73499068E+13  0.99920545E-30  0.11196378E-29
  0.73952766E+13  0.10421904E-29  0.11653160E-29
  0.74406464E+13  0.10878301E-29  0.12160207E-29
  0.74860162E+13  0.11296526E-29  0.12734352E-29
  0.75313860E+13  0.11671297E-29  0.13312130E-29
  0.75767557E+13  0.12032677E-29  0.13893415E-29
  0.76221255E+13  0.12384865E-29  0.14486476E-29
  0.76674953E+13  0.12720226E-29  0.15077145E-29
  0.77128651E+13  0.13074828E-29  0.15668346E-29
  0.77582349E+13  0.13441654E-29  0.16293515E-29
  0.78036047E+13  0.13793295E-29  0.16947162E-29
  0.78489745E+13  0.14148666E-29  0.17624343E-29
  0.78943443E+13  0.14497323E-29  0.18344600E-29
  0.79397141E+13  0.14812198E-29  0.19095683E-29
  0.79850839E+13  0.15092674E-29  0.19858184E-29
  0.80304537E+13  0.15366220E-29  0.20631088E-29
  0.80758235E+13  0.15614842E-29  0.21423452E-29
  0.81211933E+13  0.15849385E-29  0.22203766E-29
  0.81665631E+13  0.16100748E-29  0.22995830E-29
  0.82119329E+13  0.16355099E-29  0.23824975E-29
  0.82573027E+13  0.16596485E-29  0.24687791E-29
  0.83026725E+13  0.16827513E-29  0.25583159E-29
  0.83480423E+13  0.17032721E-29  0.26533814E-29
  0.83934121E+13  0.17184318E-29  0.27493204E-29
  0.84387819E+13  0.17318323E-29  0.28460642E-29
  0.84841516E+13  0.17423711E-29  0.29441606E-29
  0.85295214E+13  0.17512636E-29  0.30435147E-29
  0.85748912E+13  0.17587187E-29  0.31433404E-29
  0.86202610E+13  0.17656580E-29  0.32461509E-29
  0.86656308E+13  0.17708158E-29  0.33506698E-29
  0.87110006E+13  0.17743730E-29  0.34583249E-29
  0.87563704E+13  0.17763283E-29  0.35690598E-29
  0.88017402E+13  0.17746532E-29  0.36834939E-29
  0.88471100E+13  0.17702580E-29  0.38011789E-29
  0.88924798E+13  0.17609986E-29  0.39226556E-29
  0.89378496E+13  0.17448176E-29  0.40447584E-29
  0.89832194E+13  0.17258838E-29  0.41653974E-29
  0.90285892E+13  0.17049893E-29  0.42845944E-29
  0.90739590E+13  0.16860118E-29  0.44069290E-29
  0.91193288E+13  0.16653371E-29  0.45342483E-29
  0.91646986E+13  0.16387382E-29  0.46676759E-29
  0.92100684E+13  0.16056048E-29  0.48036665E-29
  0.92554382E+13  0.15654305E-29  0.49378848E-29
  0.93008080E+13  0.15239700E-29  0.50725126E-29
  0.93461778E+13  0.14820064E-29  0.52107392E-29
  0.93915475E+13  0.14339498E-29  0.53552984E-29
  0.94369173E+13  0.13747050E-29  0.55018765E-29
  0.94822871E+13  0.13092490E-29  0.56464297E-29
  0.95276569E+13  0.12400860E-29  0.57865850E-29
  0.95730267E+13  0.11739735E-29  0.59305392E-29
  0.96183965E+13  0.11037965E-29  0.60834565E-29
  0.96637663E+13  0.10186280E-29  0.62441486E-29
  0.97091361E+13  0.92063847E-30  0.64033719E-29
  0.97545059E+13  0.81185559E-30  0.65561371E-29
  0.97998757E+13  0.70457212E-30  0.67053467E-29
  0.98452455E+13  0.59381563E-30  0.68627825E-29
  0.98906153E+13  0.46958299E-30  0.70331777E-29
  0.99359851E+13  0.32140686E-30  0.72045339E-29
  0.99813549E+13  0.15229935E-30  0.73696034E-29
  0.10026725E+14 -0.25272658E-31  0.75259065E-29
  0.10072094E+14 -0.21616273E-30  0.76893919E-29
  0.10117464E+14 -0.43495994E-30  0.78679451E-29
  0.10162834E+14 -0.70851160E-30  0.80569221E-29
  0.10208204E+14 -0.10670535E-29  0.82390154E-29
  0.10253574E+14 -0.15735426E-29  0.84201936E-29
  0.10298943E+14 -0.28152584E-29  0.79831558E-29
  0.10344313E+14 -0.24990727E-29  0.71852009E-29
  0.10389683E+14 -0.22058985E-29  0.69852040E-29
  0.10435053E+14 -0.20627088E-29  0.68122404E-29
  0.10480423E+14 -0.19526368E-29  0.67964631E-29
  0.10525792E+14 -0.19017084E-29  0.67548521E-29
  0.10571162E+14 -0.17081225E-29  0.68264168E-29
  0.10616532E+14 -0.16422049E-29  0.69156107E-29
  0.10661902E+14 -0.16279455E-29  0.69909885E-29
  0.10707272E+14 -0.14681310E-29  0.71076726E-29
  0.10752641E+14 -0.14768225E-29  0.72363275E-29
  0.10798011E+14 -0.14036700E-29  0.74293059E-29
  0.10843381E+14 -0.13454809E-29  0.75829729E-29
  0.10888751E+14 -0.13738984E-29  0.78365128E-29
  0.10934121E+14 -0.13850724E-29  0.80026183E-29
  0.10979490E+14 -0.13821227E-29  0.82062286E-29
  0.11024860E+14 -0.13644868E-29  0.84674530E-29
  0.11070230E+14 -0.14045631E-29  0.87734651E-29
  0.11115600E+14 -0.15460413E-29  0.90165964E-29
  0.11160970E+14 -0.15692885E-29  0.92457019E-29
  0.11206339E+14 -0.16357407E-29  0.95475944E-29
  0.11251709E+14 -0.17048474E-29  0.98884261E-29
  0.11297079E+14 -0.19147600E-29  0.10237423E-28
  0.11342449E+14 -0.20461384E-29  0.10487527E-28
  0.11387819E+14 -0.21747630E-29  0.10819901E-28
  0.11433188E+14 -0.23270156E-29  0.11196523E-28
  0.11478558E+14 -0.25752969E-29  0.11588230E-28
  0.11523928E+14 -0.28184334E-29  0.11909016E-28
  0.11569298E+14 -0.30360043E-29  0.12263202E-28
  0.11614667E+14 -0.32806444E-29  0.12689213E-28
  0.11660037E+14 -0.36371844E-29  0.13105657E-28
  0.11705407E+14 -0.39684335E-29  0.13445890E-28
  0.11750777E+14 -0.42654344E-29  0.13857749E-28
  0.11796147E+14 -0.46421025E-29  0.14338487E-28
  0.11841516E+14 -0.51354430E-29  0.14787760E-28
  0.11886886E+14 -0.55971167E-29  0.15134354E-28
  0.11932256E+14 -0.59705036E-29  0.15579299E-28
  0.11977626E+14 -0.65191217E-29  0.16140864E-28
  0.12022996E+14 -0.71694456E-29  0.16579153E-28
  0.12068365E+14 -0.77665831E-29  0.16986398E-28
  0.12113735E+14 -0.83267934E-29  0.17498775E-28
  0.12159105E+14 -0.91279144E-29  0.18069267E-28
  0.12204475E+14 -0.99265687E-29  0.18467922E-28
  0.12249845E+14 -0.10637553E-28  0.18980260E-28
  0.12295214E+14 -0.11578081E-28  0.19636517E-28
  0.12340584E+14 -0.12654799E-28  0.20084554E-28
  0.12385954E+14 -0.13627690E-28  0.20559136E-28
  0.12431324E+14 -0.14722378E-28  0.21259710E-28
  0.12476694E+14 -0.16145372E-28  0.21778533E-28
  0.12522063E+14 -0.17388094E-28  0.22280919E-28
  0.12567433E+14 -0.18902548E-28  0.23107992E-28
  0.12612803E+14 -0.20785753E-28  0.23593794E-28
  0.12658173E+14 -0.22445466E-28  0.24247342E-28
  0.12703543E+14 -0.24802897E-28  0.25152830E-28
  0.12748912E+14 -0.27235571E-28  0.25651624E-28
  0.12794282E+14 -0.30016710E-28  0.26757153E-28
  0.12839652E+14 -0.33753115E-28  0.27475348E-28
  0.12885022E+14 -0.37808656E-28  0.28580256E-28
  0.12930392E+14 -0.43876920E-28  0.29788122E-28
  0.12975761E+14 -0.51672809E-28  0.31237240E-28
  0.13021131E+14 -0.68477740E-28  0.34598479E-28
  0.13066501E+14 -0.83062971E-28  0.28396194E-29
  0.13111871E+14 -0.77531659E-28 -0.13382406E-28
  0.13157241E+14 -0.70957721E-28 -0.23144551E-28
  0.13202610E+14 -0.63739464E-28 -0.30068827E-28
  0.13247980E+14 -0.57892837E-28 -0.35658745E-28
  0.13293350E+14 -0.52985387E-28 -0.41022194E-28
  0.13338720E+14 -0.48456956E-28 -0.51907482E-28
  0.13384089E+14 -0.26146099E-28 -0.54285920E-28
  0.13429459E+14 -0.18037888E-28 -0.45948817E-28
  0.13474829E+14 -0.13948488E-28 -0.40317798E-28
  0.13520199E+14 -0.11458209E-28 -0.36021034E-28
  0.13565569E+14 -0.98671091E-29 -0.32564685E-28
  0.13610938E+14 -0.88227924E-29 -0.29787092E-28
  0.13656308E+14 -0.81503350E-29 -0.27404282E-28
  0.13701678E+14 -0.78001204E-29 -0.25498914E-28
  0.13747048E+14 -0.76204035E-29 -0.23907823E-28
  0.13792418E+14 -0.75722504E-29 -0.22599358E-28
  0.13837787E+14 -0.76511805E-29 -0.21579253E-28
  0.13883157E+14 -0.77243243E-29 -0.20771610E-28
  0.13928527E+14 -0.79226430E-29 -0.20130275E-28
  0.13973897E+14 -0.80961531E-29 -0.19735723E-28
  0.14019267E+14 -0.82914297E-29 -0.19488989E-28
  0.14064636E+14 -0.84333599E-29 -0.19431894E-28
  0.14110006E+14 -0.85436383E-29 -0.19530439E-28
  0.14155376E+14 -0.85486785E-29 -0.19808589E-28
  0.14200746E+14 -0.84615795E-29 -0.20194815E-28
  0.14246116E+14 -0.82280254E-29 -0.20765015E-28
  0.14291485E+14 -0.78124614E-29 -0.21425337E-28
  0.14336855E+14 -0.70366096E-29 -0.22290670E-28
  0.14382225E+14 -0.56809751E-29 -0.22837541E-28
  0.14427595E+14 -0.43296539E-29 -0.22990977E-28
  0.14472965E+14 -0.29271504E-29 -0.22831734E-28
  0.14518334E+14 -0.16203200E-29 -0.22525986E-28
  0.14563704E+14 -0.39856041E-30 -0.21997739E-28
  0.14609074E+14  0.79727249E-30 -0.21361314E-28
  0.14654444E+14  0.18386723E-29 -0.20579119E-28
  0.14699814E+14  0.28766470E-29 -0.19586452E-28
  0.14745183E+14  0.37283360E-29 -0.18527617E-28
  0.14790553E+14  0.44177679E-29 -0.17303516E-28
  0.14835923E+14  0.50068306E-29 -0.15962137E-28
  0.14881293E+14  0.53172226E-29 -0.14524126E-28
  0.14926663E+14  0.52918437E-29 -0.13047526E-28
  0.14972032E+14  0.50293201E-29 -0.11703889E-28
  0.15017402E+14  0.47282949E-29 -0.10389570E-28
  0.15062772E+14  0.40932361E-29 -0.92009334E-29
  0.15108142E+14  0.33206112E-29 -0.80620690E-29
  0.15153511E+14  0.23508160E-29 -0.71258594E-29
  0.15198881E+14  0.13374380E-29 -0.62111137E-29
  0.15244251E+14 -0.21902350E-30 -0.55653003E-29
  0.15289621E+14 -0.17930631E-29 -0.55950549E-29
  0.15334991E+14 -0.31093072E-29 -0.58355363E-29
  0.15380360E+14 -0.42630327E-29 -0.63260574E-29
  0.15425730E+14 -0.52440942E-29 -0.69312136E-29
  0.15471100E+14 -0.60837834E-29 -0.76360309E-29
  0.15516470E+14 -0.67142497E-29 -0.84922533E-29
  0.15561840E+14 -0.72842456E-29 -0.92337580E-29
  0.15607209E+14 -0.77795223E-29 -0.10044713E-28
  0.15652579E+14 -0.81701243E-29 -0.10964877E-28
  0.15697949E+14 -0.85138471E-29 -0.12175100E-28
  0.15743319E+14 -0.83438774E-29 -0.13186691E-28
  0.15788689E+14 -0.82313443E-29 -0.14063156E-28
  0.15834058E+14 -0.80507464E-29 -0.14846257E-28
  0.15879428E+14 -0.78321026E-29 -0.15667807E-28
  0.15924798E+14 -0.76320306E-29 -0.16421576E-28
  0.15970168E+14 -0.72612179E-29 -0.17191804E-28
  0.16015538E+14 -0.70298093E-29 -0.17916539E-28
  0.16060907E+14 -0.66102341E-29 -0.18576091E-28
  0.16106277E+14 -0.63089854E-29 -0.19356084E-28
  0.16151647E+14 -0.58634531E-29 -0.20029036E-28
  0.16197017E+14 -0.54248405E-29 -0.20810871E-28
  0.16242387E+14 -0.48751839E-29 -0.21446754E-28
  0.16287756E+14 -0.44179616E-29 -0.22209975E-28
  0.16333126E+14 -0.38124490E-29 -0.22897650E-28
  0.16378496E+14 -0.32180955E-29 -0.23737821E-28
  0.16423866E+14 -0.24327570E-29 -0.24409141E-28
  0.16469236E+14 -0.17050020E-29 -0.25190418E-28
  0.16514605E+14 -0.84619964E-30 -0.25878061E-28
  0.16559975E+14  0.17909507E-31 -0.26682774E-28
  0.16605345E+14  0.11044551E-29 -0.27355052E-28
  0.16650715E+14  0.20942300E-29 -0.28058766E-28
  0.16696085E+14  0.32534562E-29 -0.28745207E-28
  0.16741454E+14  0.44376123E-29 -0.29515215E-28
  0.16786824E+14  0.59290033E-29 -0.30179274E-28
  0.16832194E+14  0.73059536E-29 -0.30836680E-28
  0.16877564E+14  0.89382305E-29 -0.31532721E-28
  0.16922933E+14  0.10798945E-28 -0.32293116E-28
  0.16968303E+14  0.12928494E-28 -0.32910435E-28
  0.17013673E+14  0.15403877E-28 -0.33551269E-28
  0.17059043E+14  0.18637383E-28 -0.34219406E-28
  0.17104413E+14  0.22856493E-28 -0.33272485E-28
  0.17149782E+14  0.26328650E-28 -0.31313505E-28
  0.17195152E+14  0.29567550E-28 -0.28636924E-28
  0.17240522E+14  0.30343257E-28 -0.24004839E-28
  0.17285892E+14  0.30334752E-28 -0.22545029E-28
  0.17331262E+14  0.31224387E-28 -0.21346896E-28
  0.17376631E+14  0.32414752E-28 -0.19862317E-28
  0.17422001E+14  0.33517169E-28 -0.18241297E-28
  0.17467371E+14  0.34917872E-28 -0.16621734E-28
  0.17512741E+14  0.36211749E-28 -0.14629743E-28
  0.17558111E+14  0.37557650E-28 -0.12701908E-28
  0.17603480E+14  0.38983111E-28 -0.10167032E-28
  0.17648850E+14  0.40351224E-28 -0.76513491E-29
  0.17694220E+14  0.41764967E-28 -0.44853851E-29
  0.17739590E+14  0.43407459E-28 -0.69181730E-30
  0.17784960E+14  0.44893653E-28  0.41669114E-29
  0.17830329E+14  0.46549237E-28  0.11302650E-28
  0.17875699E+14  0.41552401E-28  0.26916171E-28
  0.17921069E+14  0.22209214E-28  0.26222619E-28
  0.17966439E+14  0.20097782E-28  0.19274912E-28
  0.18011809E+14  0.18603163E-28  0.16993867E-28
  0.18057178E+14  0.17446213E-28  0.15558798E-28
  0.18102548E+14  0.16548101E-28  0.14661479E-28
  0.18147918E+14  0.15674589E-28  0.14030374E-28
  0.18193288E+14  0.14963671E-28  0.13550082E-28
  0.18238658E+14  0.14267390E-28  0.13270742E-28
  0.18284027E+14  0.13584715E-28  0.12981137E-28
  0.18329397E+14  0.13035468E-28  0.12852771E-28
  0.18374767E+14  0.12368947E-28  0.12750904E-28
  0.18420137E+14  0.11833518E-28  0.12633659E-28
  0.18465507E+14  0.11223567E-28  0.12659478E-28
  0.18510876E+14  0.10665993E-28  0.12576104E-28
  0.18556246E+14  0.10091253E-28  0.12627432E-28
  0.18601616E+14  0.95200712E-29  0.12588723E-28
  0.18646986E+14  0.89852821E-29  0.12703859E-28
  0.18692356E+14  0.83807624E-29  0.12680236E-28
  0.18737725E+14  0.77542382E-29  0.12838143E-28
  0.18783095E+14  0.71655560E-29  0.12875488E-28
  0.18828465E+14  0.64079261E-29  0.12970523E-28
  0.18873835E+14  0.56870271E-29  0.13118082E-28
  0.18919204E+14  0.49535302E-29  0.13243254E-28
  0.18964574E+14  0.39053343E-29  0.13403133E-28
  0.19009944E+14  0.24284678E-29  0.13923680E-28
  0.19055314E+14  0.00000000E+00  0.11865554E-28
  0.19100684E+14  0.00000000E+00  0.10362333E-28
  0.19146053E+14  0.00000000E+00  0.94466619E-29
  0.19191423E+14  0.00000000E+00  0.87455747E-29
  0.19236793E+14  0.00000000E+00  0.81702492E-29
  0.19282163E+14  0.00000000E+00  0.76801587E-29
  0.19327533E+14  0.00000000E+00  0.72527263E-29
  0.19372902E+14  0.00000000E+00  0.68738131E-29
  0.19418272E+14  0.00000000E+00  0.65338515E-29
  0.19463642E+14  0.00000000E+00  0.62259989E-29
  0.19509012E+14  0.00000000E+00  0.59451556E-29
  0.19554382E+14  0.00000000E+00  0.56873966E-29
  0.19599751E+14  0.00000000E+00  0.54496233E-29
  0.19645121E+14  0.00000000E+00  0.52293378E-29
  0.19690491E+14  0.00000000E+00  0.50244915E-29
  0.19735861E+14  0.00000000E+00  0.48333798E-29
  0.19781231E+14  0.00000000E+00  0.46545664E-29
  0.19826600E+14  0.00000000E+00  0.44868286E-29
  0.19871970E+14  0.00000000E+00  0.43291153E-29
  0.19917340E+14  0.00000000E+00  0.41805159E-29
  0.19962710E+14  0.00000000E+00  0.40402355E-29
  0.20008080E+14  0.00000000E+00  0.39075759E-29
  0.20053449E+14  0.00000000E+00  0.37819203E-29
  0.20098819E+14  0.00000000E+00  0.36627211E-29
  0.20144189E+14  0.00000000E+00  0.35494893E-29
  0.20189559E+14  0.00000000E+00  0.34417870E-29
  0.20234929E+14  0.00000000E+00  0.33392202E-29
  0.20280298E+14  0.00000000E+00  0.32414331E-29
  0.20325668E+14  0.00000000E+00  0.31481034E-29
  0.20371038E+14  0.00000000E+00  0.30589382E-29
  0.20416408E+14  0.00000000E+00  0.29736707E-29
  0.20461778E+14  0.00000000E+00  0.28920569E-29
  0.20507147E+14  0.00000000E+00  0.28138735E-29
  0.20552517E+14  0.00000000E+00  0.27389153E-29
  0.20597887E+14  0.00000000E+00  0.26669937E-29
  0.20643257E+14  0.00000000E+00  0.25979346E-29
  0.20688626E+14  0.00000000E+00  0.25315772E-29
  0.20733996E+14  0.00000000E+00  0.24677727E-29
  0.20779366E+14  0.00000000E+00  0.24063832E-29
  0.20824736E+14  0.00000000E+00  0.23472806E-29
  0.20870106E+14  0.00000000E+00  0.22903457E-29
  0.20915475E+14  0.00000000E+00  0.22354676E-29
  0.20960845E+14  0.00000000E+00  0.21825426E-29
  0.21006215E+14  0.00000000E+00  0.21314741E-29
  0.21051585E+14  0.00000000E+00  0.20821716E-29
  0.21096955E+14  0.00000000E+00  0.20345505E-29
  0.21142324E+14  0.00000000E+00  0.19885313E-29
  0.21187694E+14  0.00000000E+00  0.19440395E-29
  0.21233064E+14  0.00000000E+00  0.19010052E-29
  0.21278434E+14  0.00000000E+00  0.18593625E-29
  0.21323804E+14  0.00000000E+00  0.18190494E-29
  0.21369173E+14  0.00000000E+00  0.17800076E-29
  0.21414543E+14  0.00000000E+00  0.17421820E-29
  0.21459913E+14  0.00000000E+00  0.17055207E-29
  0.21505283E+14  0.00000000E+00  0.16699746E-29
  0.21550653E+14  0.00000000E+00  0.16354974E-29
  0.21596022E+14  0.00000000E+00  0.16020454E-29
  0.21641392E+14  0.00000000E+00  0.15695772E-29
  0.21686762E+14  0.00000000E+00  0.15380537E-29
  0.21732132E+14  0.00000000E+00  0.15074379E-29
  0.21777502E+14  0.00000000E+00  0.14776949E-29
  0.21822871E+14  0.00000000E+00  0.14487917E-29
  0.21868241E+14  0.00000000E+00  0.14206974E-29
  0.21913611E+14  0.00000000E+00  0.13933828E-29
  0.21958981E+14  0.00000000E+00  0.13668205E-29
  0.22004351E+14  0.00000000E+00  0.13409851E-29
  0.22049720E+14  0.00000000E+00  0.13158531E-29
  0.22095090E+14  0.00000000E+00  0.12914030E-29
  0.22140460E+14  0.00000000E+00  0.12676154E-29
  0.22185830E+14  0.00000000E+00  0.12444735E-29
  0.22231200E+14  0.00000000E+00  0.12219630E-29
  0.22276569E+14  0.00000000E+00  0.12000730E-29
  0.22321939E+14  0.00000000E+00  0.11787965E-29
  0.22367309E+14  0.00000000E+00  0.11581314E-29
  0.22412679E+14  0.00000000E+00  0.11380818E-29
  0.22458048E+14  0.00000000E+00  0.11186602E-29
  0.22503418E+14  0.00000000E+00  0.10998899E-29
  0.22548788E+14  0.00000000E+00  0.10818102E-29
  0.22594158E+14  0.00000000E+00  0.10644821E-29
  0.22639528E+14  0.00000000E+00  0.10479993E-29
  0.22684897E+14  0.00000000E+00  0.10325047E-29
  0.22730267E+14  0.00000000E+00  0.10182198E-29
  0.22775637E+14  0.00000000E+00  0.10054962E-29
  0.22821007E+14  0.00000000E+00  0.99491822E-30
  0.22866377E+14  0.00000000E+00  0.98752434E-30
  0.22911746E+14  0.00000000E+00  0.98537575E-30
  0.22957116E+14  0.00000000E+00  0.99348522E-30
  0.23002486E+14  0.00000000E+00  0.10479760E-29
  0.23047856E+14 -0.12296085E-30  0.10640802E-29
  0.23093226E+14 -0.20474228E-30  0.10278442E-29
  0.23138595E+14 -0.29628024E-30  0.96579080E-30
  0.23183965E+14 -0.37227081E-30  0.87898761E-30
  0.23229335E+14 -0.43829621E-30  0.72562866E-30
  0.23274705E+14 -0.43493859E-30  0.58206694E-30
  0.23320075E+14 -0.40971076E-30  0.44115673E-30
  0.23365444E+14 -0.33252681E-30  0.29986586E-30
  0.23410814E+14 -0.26025903E-30  0.17410876E-30
  0.23456184E+14 -0.15104330E-30  0.62667029E-31
  0.23501554E+14 -0.78309398E-32 -0.32601380E-31
  0.23546924E+14  0.15520248E-30 -0.10044282E-30
  0.23592293E+14  0.32829142E-30 -0.14084436E-30
  0.23637663E+14  0.51030402E-30 -0.14739255E-30
  0.23683033E+14  0.70653885E-30 -0.11589613E-30
  0.23728403E+14  0.90239355E-30 -0.45306198E-31
  0.23773773E+14  0.10862727E-29  0.61603436E-31
  0.23819142E+14  0.12529247E-29  0.20638668E-30
  0.23864512E+14  0.13952466E-29  0.39405720E-30
  0.23909882E+14  0.15125193E-29  0.61226760E-30
  0.23955252E+14  0.15985218E-29  0.86313301E-30
  0.24000622E+14  0.16383099E-29  0.11357481E-29
  0.24045991E+14  0.16319674E-29  0.14306831E-29
  0.24091361E+14  0.15693755E-29  0.17432549E-29
  0.24136731E+14  0.14512690E-29  0.20615629E-29
  0.24182101E+14  0.12461624E-29  0.23665706E-29
  0.24227470E+14  0.97867218E-30  0.26839806E-29
  0.24272840E+14  0.58174696E-30  0.29382748E-29
  0.24318210E+14  0.12255121E-30  0.31481372E-29
  0.24363580E+14 -0.47439900E-30  0.32154238E-29
  0.24408950E+14 -0.12116972E-29  0.31582163E-29
  0.24454319E+14 -0.20380036E-29  0.22316012E-29
  0.24499689E+14 -0.14998219E-29  0.18654342E-29
  0.24545059E+14 -0.16357261E-29  0.17982319E-29
  0.24590429E+14 -0.18484091E-29  0.16248921E-29
  0.24635799E+14 -0.20855049E-29  0.13604134E-29
  0.24681168E+14 -0.23214465E-29  0.98721184E-30
  0.24726538E+14 -0.25659453E-29  0.52232995E-30
  0.24771908E+14 -0.26665251E-29 -0.13230722E-30
  0.24817278E+14 -0.27270740E-29 -0.10283834E-29
  0.24862648E+14 -0.23697915E-29 -0.32108897E-29
  0.24908017E+14  0.11374202E-29 -0.22445184E-29
  0.24953387E+14  0.12545460E-29 -0.81728041E-30
  0.24998757E+14  0.10682137E-29 -0.63503646E-31
  0.25044127E+14  0.78774693E-30  0.36785512E-30
  0.25089497E+14  0.48738690E-30  0.61841285E-30
  0.25134866E+14  0.20158846E-30  0.72974974E-30
  0.25180236E+14 -0.48546013E-31  0.70970881E-30
  0.25225606E+14 -0.24588546E-30  0.61159975E-30
  0.25270976E+14 -0.34290976E-30  0.44167953E-30
  0.25316346E+14 -0.34361723E-30  0.25449440E-30
  0.25361715E+14 -0.21326573E-30  0.11381960E-30
  0.25407085E+14 -0.73878016E-31  0.95824708E-31
  0.25452455E+14  0.51260967E-31  0.10817222E-30
  0.25497825E+14  0.18853683E-30  0.17509462E-30
  0.25543195E+14  0.32033818E-30  0.32578269E-30
  0.25588564E+14  0.37846382E-30  0.60794626E-30
  0.25633934E+14  0.23122842E-30  0.99300922E-30
  0.25679304E+14 -0.39082957E-30  0.14219157E-29
  0.25724674E+14 -0.84493307E-30  0.29598753E-30
  0.25770044E+14 -0.57009783E-30  0.17533664E-30
  0.25815413E+14 -0.42846064E-30  0.11425236E-30
  0.25860783E+14 -0.33427246E-30  0.85942157E-31
  0.25906153E+14 -0.26507405E-30  0.73818562E-31
  0.25951523E+14 -0.21079608E-30  0.69492901E-31
  0.25996892E+14 -0.16693843E-30  0.70707459E-31
  0.26042262E+14 -0.13174395E-30  0.75002460E-31
  0.26087632E+14 -0.10207396E-30  0.80674523E-31
  0.26133002E+14 -0.76834345E-31  0.87898557E-31
  0.26178372E+14 -0.55907376E-31  0.95920541E-31
  0.26223741E+14 -0.37978384E-31  0.10381186E-30
  0.26269111E+14 -0.22396108E-31  0.11205606E-30
  0.26314481E+14 -0.93255698E-32  0.12055695E-30
  0.26359851E+14  0.17235582E-32  0.12860147E-30
  0.26405221E+14  0.11547219E-31  0.13650542E-30
  0.26450590E+14  0.19936211E-31  0.14452383E-30
  0.26495960E+14  0.26951059E-31  0.15229561E-30
  0.26541330E+14  0.33170721E-31  0.16021393E-30
  0.26586700E+14  0.37606458E-31  0.16843909E-30
  0.26632070E+14  0.40393974E-31  0.17605039E-30
  0.26677439E+14  0.42179666E-31  0.18283741E-30
  0.26722809E+14  0.43260029E-31  0.18901162E-30
  0.26768179E+14  0.43664026E-31  0.19469001E-30
  0.26813549E+14  0.43306362E-31  0.19965063E-30
  0.26858919E+14  0.42567333E-31  0.20411198E-30
  0.26904288E+14  0.41553159E-31  0.20799814E-30
  0.26949658E+14  0.40073702E-31  0.21148989E-30
  0.26995028E+14  0.38348095E-31  0.21444373E-30
  0.27040398E+14  0.36336495E-31  0.21690289E-30
  0.27085768E+14  0.34256484E-31  0.21905357E-30
  0.27131137E+14  0.32013543E-31  0.22078143E-30
  0.27176507E+14  0.29549309E-31  0.22208895E-30
  0.27221877E+14  0.27149632E-31  0.22312394E-30
  0.27267247E+14  0.24589560E-31  0.22381970E-30
  0.27312617E+14  0.21980774E-31  0.22423231E-30
  0.27357986E+14  0.19405793E-31  0.22433085E-30
  0.27403356E+14  0.16804197E-31  0.22420918E-30
  0.27448726E+14  0.14203257E-31  0.22387129E-30
  0.27494096E+14  0.11544910E-31  0.22321432E-30
  0.27539466E+14  0.90082247E-32  0.22248232E-30
  0.27584835E+14  0.65077175E-32  0.22145426E-30
  0.27630205E+14  0.39101495E-32  0.22026538E-30
  0.27675575E+14  0.15552040E-32  0.21897536E-30
  0.27720945E+14 -0.87059691E-33  0.21741444E-30
  0.27766314E+14 -0.31911849E-32  0.21580297E-30
  0.27811684E+14 -0.53826787E-32  0.21401142E-30
  0.27857054E+14 -0.75603067E-32  0.21217065E-30
  0.27902424E+14 -0.96148781E-32  0.21021289E-30
  0.27947794E+14 -0.11616438E-31  0.20819773E-30
  0.27993163E+14 -0.13531772E-31  0.20614216E-30
  0.28038533E+14 -0.15439878E-31  0.20403416E-30
  0.28083903E+14 -0.17256791E-31  0.20184382E-30
  0.28129273E+14 -0.19007352E-31  0.19965716E-30
  0.28174643E+14 -0.20753544E-31  0.19743907E-30
  0.28220012E+14 -0.22469879E-31  0.19516562E-30
  0.28265382E+14 -0.24144215E-31  0.19283697E-30
  0.28310752E+14 -0.25736833E-31  0.19050388E-30
  0.28356122E+14 -0.27338451E-31  0.18817527E-30
  0.28401492E+14 -0.28962958E-31  0.18579236E-30
  0.28446861E+14 -0.30533697E-31  0.18332855E-30
  0.28492231E+14 -0.32025110E-31  0.18087637E-30
  0.28537601E+14 -0.33568002E-31  0.17843319E-30
  0.28582971E+14 -0.35095220E-31  0.17589544E-30
  0.28628341E+14 -0.36572080E-31  0.17331906E-30
  0.28673710E+14 -0.38020435E-31  0.17074234E-30
  0.28719080E+14 -0.39475605E-31  0.16814120E-30
  0.28764450E+14 -0.40935982E-31  0.16548193E-30
  0.28809820E+14 -0.42377981E-31  0.16275807E-30
  0.28855190E+14 -0.43732007E-31  0.15998551E-30
  0.28900559E+14 -0.45096302E-31  0.15723913E-30
  0.28945929E+14 -0.46494411E-31  0.15442063E-30
  0.28991299E+14 -0.47830895E-31  0.15150446E-30
  0.29036669E+14 -0.49094516E-31  0.14857508E-30
  0.29082039E+14 -0.50365139E-31  0.14565520E-30
  0.29127408E+14 -0.51669641E-31  0.14263239E-30
  0.29172778E+14 -0.52877366E-31  0.13953036E-30
  0.29218148E+14 -0.54023967E-31  0.13641221E-30
  0.29263518E+14 -0.55157186E-31  0.13327201E-30
  0.29308888E+14 -0.56283926E-31  0.13007146E-30
  0.29354257E+14 -0.57345415E-31  0.12677366E-30
  0.29399627E+14 -0.58317852E-31  0.12346059E-30
  0.29444997E+14 -0.59272460E-31  0.12012888E-30
  0.29490367E+14 -0.60201218E-31  0.11672678E-30
  0.29535736E+14 -0.61044841E-31  0.11324022E-30
  0.29581106E+14 -0.61813716E-31  0.10974650E-30
  0.29626476E+14 -0.62541996E-31  0.10621387E-30
  0.29671846E+14 -0.63206317E-31  0.10260519E-30
  0.29717216E+14 -0.63768889E-31  0.98997738E-31
  0.29762585E+14 -0.64306247E-31  0.95327423E-31
  0.29807955E+14 -0.64747919E-31  0.91595447E-31
  0.29853325E+14 -0.65050675E-31  0.87859968E-31
  0.29898695E+14 -0.65365592E-31  0.84133491E-31
  0.29944065E+14 -0.65609009E-31  0.80298935E-31
  0.29989434E+14 -0.65652580E-31  0.76406929E-31
  0.30034804E+14 -0.65653787E-31  0.72628799E-31
  0.30080174E+14 -0.65646021E-31  0.68765608E-31
  0.30125544E+14 -0.65504149E-31  0.64786589E-31
  0.30170914E+14 -0.65145083E-31  0.60904417E-31
  0.30216283E+14 -0.64824310E-31  0.57035537E-31
  0.30261653E+14 -0.64432271E-31  0.53066448E-31
  0.30307023E+14 -0.63770620E-31  0.49081051E-31
  0.30352393E+14 -0.63128987E-31  0.45232406E-31
  0.30397763E+14 -0.62438937E-31  0.41290601E-31
  0.30443132E+14 -0.61564249E-31  0.37260732E-31
  0.30488502E+14 -0.60485501E-31  0.33431974E-31
  0.30533872E+14 -0.59486370E-31  0.29566731E-31
  0.30579242E+14 -0.58353366E-31  0.25604414E-31
  0.30624612E+14 -0.56901018E-31  0.21724374E-31
  0.30669981E+14 -0.55562607E-31  0.18001978E-31
  0.30715351E+14 -0.54128078E-31  0.14155311E-31
  0.30760721E+14 -0.52405549E-31  0.10303415E-31
  0.30806091E+14 -0.50659398E-31  0.67290268E-32
  0.30851461E+14 -0.48952667E-31  0.30483361E-32
  0.30896830E+14 -0.47016303E-31 -0.76027452E-33
  0.30942200E+14 -0.44748527E-31 -0.42246381E-32
  0.30987570E+14 -0.42743276E-31 -0.75827922E-32
  0.31032940E+14 -0.40656900E-31 -0.11185648E-31
  0.31078310E+14 -0.38053261E-31 -0.14746861E-31
  0.31123679E+14 -0.35534800E-31 -0.17806273E-31
  0.31169049E+14 -0.33193821E-31 -0.20969539E-31
  0.31214419E+14 -0.30669761E-31 -0.24398908E-31
  0.31259789E+14 -0.27632795E-31 -0.27468144E-31
  0.31305158E+14 -0.24786877E-31 -0.30270796E-31
  0.31350528E+14 -0.22102608E-31 -0.33162102E-31
  0.31395898E+14 -0.18972748E-31 -0.36174897E-31
  0.31441268E+14 -0.15843744E-31 -0.38812332E-31
  0.31486638E+14 -0.12644836E-31 -0.41352434E-31
  0.31532007E+14 -0.94631594E-32 -0.43858050E-31
  0.31577377E+14 -0.61976681E-32 -0.46213853E-31
  0.31622747E+14 -0.28375794E-32 -0.48621858E-31
  0.31668117E+14  0.77819361E-33 -0.50853199E-31
  0.31713487E+14  0.43693585E-32 -0.52570660E-31
  0.31758856E+14  0.75605927E-32 -0.54576791E-31
  0.31804226E+14  0.11244491E-31 -0.56679045E-31
  0.31849596E+14  0.15448449E-31 -0.58304377E-31
  0.31894966E+14  0.18854079E-31 -0.59332256E-31
  0.31940336E+14  0.22158234E-31 -0.61065049E-31
  0.31985705E+14  0.26284192E-31 -0.62787655E-31
  0.32031075E+14  0.30542781E-31 -0.63419473E-31
  0.32076445E+14  0.33909263E-31 -0.64149396E-31
  0.32121815E+14  0.37382691E-31 -0.65561849E-31
  0.32167185E+14  0.41949503E-31 -0.66462156E-31
  0.32212554E+14  0.45878057E-31 -0.66414148E-31
  0.32257924E+14  0.49167165E-31 -0.66827447E-31
  0.32303294E+14  0.53171978E-31 -0.67733188E-31
  0.32348664E+14  0.57423460E-31 -0.67840451E-31
  0.32394034E+14  0.61163931E-31 -0.67276537E-31
  0.32439403E+14  0.64503660E-31 -0.67406192E-31
  0.32484773E+14  0.68449806E-31 -0.67462510E-31
  0.32530143E+14  0.72778475E-31 -0.66956986E-31
  0.32575513E+14  0.76237418E-31 -0.65948490E-31
  0.32620883E+14  0.79368218E-31 -0.65495441E-31
  0.32666252E+14  0.83215070E-31 -0.65146144E-31
  0.32711622E+14  0.87242268E-31 -0.63842733E-31
  0.32756992E+14  0.90242366E-31 -0.62292535E-31
  0.32802362E+14  0.93385694E-31 -0.61714407E-31
  0.32847732E+14  0.97522717E-31 -0.60664849E-31
  0.32893101E+14  0.10076290E-30 -0.58247273E-31
  0.32938471E+14  0.10297852E-30 -0.56947707E-31
  0.32983841E+14  0.10630472E-30 -0.56082891E-31
  0.33029211E+14  0.11021282E-30 -0.53576496E-31
  0.33074580E+14  0.11206880E-30 -0.51172730E-31
  0.33119950E+14  0.11461409E-30 -0.50182255E-31
  0.33165320E+14  0.11840532E-30 -0.48047694E-31
  0.33210690E+14  0.12040161E-30 -0.44791750E-31
  0.33256060E+14  0.12187325E-30 -0.43281625E-31
  0.33301429E+14  0.12509285E-30 -0.41431532E-31
  0.33346799E+14  0.12729392E-30 -0.38002586E-31
  0.33392169E+14  0.12804270E-30 -0.35739682E-31
  0.33437539E+14  0.13038174E-30 -0.34094688E-31
  0.33482909E+14  0.13290032E-30 -0.30855551E-31
  0.33528278E+14  0.13319272E-30 -0.27896611E-31
  0.33573648E+14  0.13458818E-30 -0.26204885E-31
  0.33619018E+14  0.13688883E-30 -0.23320914E-31
  0.33664388E+14  0.13702295E-30 -0.19917638E-31
  0.33709758E+14  0.13751229E-30 -0.18191013E-31
  0.33755127E+14  0.13927734E-30 -0.15559473E-31
  0.33800497E+14  0.13920265E-30 -0.12134045E-31
  0.33845867E+14  0.13888987E-30 -0.10377425E-31
  0.33891237E+14  0.14020654E-30 -0.80708774E-32
  0.33936607E+14  0.13962785E-30 -0.47491330E-32
  0.33981976E+14  0.13899670E-30 -0.32006817E-32
  0.34027346E+14  0.13969095E-30 -0.10665176E-32
  0.34072716E+14  0.13849951E-30  0.19072820E-32
  0.34118086E+14  0.13763446E-30  0.29570956E-32
  0.34163456E+14  0.13789958E-30  0.49814545E-32
  0.34208825E+14  0.13617505E-30  0.72785433E-32
  0.34254195E+14  0.13517701E-30  0.78857615E-32
  0.34299565E+14  0.13483896E-30  0.99442942E-32
  0.34344935E+14  0.13251490E-30  0.10981045E-31
  0.34390305E+14  0.13183314E-30  0.11263201E-31
  0.34435674E+14  0.13050367E-30  0.12856656E-31
  0.34481044E+14  0.12847575E-30  0.12620272E-31
  0.34526414E+14  0.12787571E-30  0.12884167E-31
  0.34571784E+14  0.12564156E-30  0.13195684E-31
  0.34617154E+14  0.12434130E-30  0.12071085E-31
  0.34662523E+14  0.12318598E-30  0.12033434E-31
  0.34707893E+14  0.12120767E-30  0.10650630E-31
  0.34753263E+14  0.12066905E-30  0.92449400E-32
  0.34798633E+14  0.11886077E-30  0.78933467E-32
  0.34844002E+14  0.11812805E-30  0.53327525E-32
  0.34889372E+14  0.11728873E-30  0.33190183E-32
  0.34934742E+14  0.11664839E-30  0.18313249E-33
  0.34980112E+14  0.11657682E-30 -0.27306733E-32
  0.35025482E+14  0.11644802E-30 -0.64484217E-32
  0.35070851E+14  0.11715032E-30 -0.10280623E-31
  0.35116221E+14  0.11791458E-30 -0.14661306E-31
  0.35161591E+14  0.11966104E-30 -0.19204880E-31
  0.35206961E+14  0.12146541E-30 -0.24264360E-31
  0.35252331E+14  0.12449329E-30 -0.29599878E-31
  0.35297700E+14  0.12782980E-30 -0.35119896E-31
  0.35343070E+14  0.13240138E-30 -0.41083229E-31
  0.35388440E+14  0.13765286E-30 -0.47078646E-31
  0.35433810E+14  0.14415165E-30 -0.53293382E-31
  0.35479180E+14  0.15174891E-30 -0.59589755E-31
  0.35524549E+14  0.16054840E-30 -0.65835871E-31
  0.35569919E+14  0.17117667E-30 -0.71963515E-31
  0.35615289E+14  0.18275736E-30 -0.77955071E-31
  0.35660659E+14  0.19673110E-30 -0.83077766E-31
  0.35706029E+14  0.21255934E-30 -0.88144271E-31
  0.35751398E+14  0.22969412E-30 -0.91879270E-31
  0.35796768E+14  0.25047217E-30 -0.94355689E-31
  0.35842138E+14  0.27330764E-30 -0.95540126E-31
  0.35887508E+14  0.29899566E-30 -0.94628745E-31
  0.35932878E+14  0.32763843E-30 -0.89753403E-31
  0.35978247E+14  0.36034787E-30 -0.81862497E-31
  0.36023617E+14  0.39820419E-30 -0.68235919E-31
  0.36068987E+14  0.44070918E-30 -0.45819005E-31
  0.36114357E+14  0.49262562E-30  0.54970279E-32
  0.36159727E+14  0.47844035E-30  0.62438709E-31
  0.36205096E+14  0.49699539E-30  0.65004077E-31
  0.36250466E+14  0.55728246E-30  0.85648784E-31
  0.36295836E+14  0.63577829E-30  0.16951143E-30
  0.36341206E+14  0.69370301E-30  0.31823258E-30
  0.36386576E+14  0.71211890E-30  0.52825604E-30
  0.36431945E+14  0.58570691E-30  0.94575661E-30
  0.36477315E+14  0.00000000E+00  0.66906183E-30
  0.36522685E+14  0.00000000E+00  0.50712440E-30
  0.36568055E+14  0.00000000E+00  0.42743255E-30
  0.36613424E+14  0.00000000E+00  0.37649411E-30
  0.36658794E+14  0.00000000E+00  0.34000420E-30
  0.36704164E+14  0.00000000E+00  0.31209296E-30
  0.36749534E+14  0.00000000E+00  0.28980281E-30
  0.36794904E+14  0.00000000E+00  0.27144629E-30
  0.36840273E+14  0.00000000E+00  0.25597589E-30
  0.36885643E+14  0.00000000E+00  0.24270026E-30
  0.36931013E+14  0.00000000E+00  0.23114123E-30
  0.36976383E+14  0.00000000E+00  0.22095561E-30
  0.37021753E+14  0.00000000E+00  0.21188963E-30
  0.37067122E+14  0.00000000E+00  0.20375089E-30
  0.37112492E+14  0.00000000E+00  0.19639042E-30
  0.37157862E+14  0.00000000E+00  0.18969083E-30
  0.37203232E+14  0.00000000E+00  0.18355814E-30
  0.37248602E+14  0.00000000E+00  0.17791610E-30
  0.37293971E+14  0.00000000E+00  0.17270210E-30
  0.37339341E+14  0.00000000E+00  0.16786418E-30
  0.37384711E+14  0.00000000E+00  0.16335878E-30
  0.37430081E+14  0.00000000E+00  0.15914912E-30
  0.37475451E+14  0.00000000E+00  0.15520385E-30
  0.37520820E+14  0.00000000E+00  0.15149610E-30
  0.37566190E+14  0.00000000E+00  0.14800267E-30
  0.37611560E+14  0.00000000E+00  0.14470341E-30
  0.37656930E+14  0.00000000E+00  0.14158072E-30
  0.37702300E+14  0.00000000E+00  0.13861915E-30
  0.37747669E+14  0.00000000E+00  0.13580511E-30
  0.37793039E+14  0.00000000E+00  0.13312652E-30
  0.37838409E+14  0.00000000E+00  0.13057268E-30
  0.37883779E+14  0.00000000E+00  0.12813401E-30
  0.37929149E+14  0.00000000E+00  0.12580195E-30
  0.37974518E+14  0.00000000E+00  0.12356879E-30
  0.38019888E+14  0.00000000E+00  0.12142760E-30
  0.38065258E+14  0.00000000E+00  0.11937208E-30
  0.38110628E+14  0.00000000E+00  0.11739655E-30
  0.38155998E+14  0.00000000E+00  0.11549584E-30
  0.38201367E+14  0.00000000E+00  0.11366522E-30
  0.38246737E+14  0.00000000E+00  0.11190040E-30
  0.38292107E+14  0.00000000E+00  0.11019741E-30
  0.38337477E+14  0.00000000E+00  0.10855264E-30
  0.38382846E+14  0.00000000E+00  0.10696277E-30
  0.38428216E+14  0.00000000E+00  0.10542471E-30
  0.38473586E+14  0.00000000E+00  0.10393565E-30
  0.38518956E+14  0.00000000E+00  0.10249297E-30
  0.38564326E+14  0.00000000E+00  0.10109423E-30
  0.38609695E+14  0.00000000E+00  0.99737189E-31
  0.38655065E+14  0.00000000E+00  0.98419760E-31
  0.38700435E+14  0.00000000E+00  0.97139994E-31
  0.38745805E+14  0.00000000E+00  0.95896078E-31
  0.38791175E+14  0.00000000E+00  0.94686321E-31
  0.38836544E+14  0.00000000E+00  0.93509142E-31
  0.38881914E+14  0.00000000E+00  0.92363060E-31
  0.38927284E+14  0.00000000E+00  0.91246691E-31
  0.38972654E+14  0.00000000E+00  0.90158733E-31
  0.39018024E+14  0.00000000E+00  0.89097967E-31
  0.39063393E+14  0.00000000E+00  0.88063245E-31
  0.39108763E+14  0.00000000E+00  0.87053486E-31
  0.39154133E+14  0.00000000E+00  0.86067674E-31
  0.39199503E+14  0.00000000E+00  0.85104848E-31
  0.39244873E+14  0.00000000E+00  0.84164104E-31
  0.39290242E+14  0.00000000E+00  0.83244586E-31
  0.39335612E+14  0.00000000E+00  0.82345484E-31
  0.39380982E+14  0.00000000E+00  0.81466033E-31
  0.39426352E+14  0.00000000E+00  0.80605507E-31
  0.39471722E+14  0.00000000E+00  0.79763218E-31
  0.39517091E+14  0.00000000E+00  0.78938513E-31
  0.39562461E+14  0.00000000E+00  0.78130773E-31
  0.39607831E+14  0.00000000E+00  0.77339409E-31
  0.39653201E+14  0.00000000E+00  0.76563860E-31
  0.39698571E+14  0.00000000E+00  0.75803594E-31
  0.39743940E+14  0.00000000E+00  0.75058101E-31
  0.39789310E+14  0.00000000E+00  0.74326900E-31
  0.39834680E+14  0.00000000E+00  0.73609527E-31
  0.39880050E+14  0.00000000E+00  0.72905543E-31
  0.39925420E+14  0.00000000E+00  0.72214527E-31
  0.39970789E+14  0.00000000E+00  0.71536077E-31
  0.40016159E+14  0.00000000E+00  0.70869809E-31
  0.40061529E+14  0.00000000E+00  0.70215356E-31
  0.40106899E+14  0.00000000E+00  0.69572365E-31
  0.40152268E+14  0.00000000E+00  0.68940500E-31
  0.40197638E+14  0.00000000E+00  0.68319438E-31
  0.40243008E+14  0.00000000E+00  0.67708870E-31
  0.40288378E+14  0.00000000E+00  0.67108498E-31
  0.40333748E+14  0.00000000E+00  0.66518039E-31
  0.40379117E+14  0.00000000E+00  0.65937217E-31
  0.40424487E+14  0.00000000E+00  0.65365771E-31
  0.40469857E+14  0.00000000E+00  0.64803448E-31
  0.40515227E+14  0.00000000E+00  0.64250006E-31
  0.40560597E+14  0.00000000E+00  0.63705210E-31
  0.40605966E+14  0.00000000E+00  0.63168835E-31
  0.40651336E+14  0.00000000E+00  0.62640666E-31
  0.40696706E+14  0.00000000E+00  0.62120494E-31
  0.40742076E+14  0.00000000E+00  0.61608118E-31
  0.40787446E+14  0.00000000E+00  0.61103344E-31
  0.40832815E+14  0.00000000E+00  0.60605985E-31
  0.40878185E+14  0.00000000E+00  0.60115862E-31
  0.40923555E+14  0.00000000E+00  0.59632800E-31
  0.40968925E+14  0.00000000E+00  0.59156631E-31
  0.41014295E+14  0.00000000E+00  0.58687194E-31
  0.41059664E+14  0.00000000E+00  0.58224331E-31
  0.41105034E+14  0.00000000E+00  0.57767891E-31
  0.41150404E+14  0.00000000E+00  0.57317728E-31
  0.41195774E+14  0.00000000E+00  0.56873700E-31
  0.41241144E+14  0.00000000E+00  0.56435669E-31
  0.41286513E+14  0.00000000E+00  0.56003504E-31
  0.41331883E+14  0.00000000E+00  0.55577076E-31
  0.41377253E+14  0.00000000E+00  0.55156260E-31
  0.41422623E+14  0.00000000E+00  0.54740936E-31
  0.41467993E+14  0.00000000E+00  0.54330987E-31
  0.41513362E+14  0.00000000E+00  0.53926300E-31
  0.41558732E+14  0.00000000E+00  0.53526765E-31
  0.41604102E+14  0.00000000E+00  0.53132276E-31
  0.41649472E+14  0.00000000E+00  0.52742729E-31
  0.41694842E+14  0.00000000E+00  0.52358025E-31
  0.41740211E+14  0.00000000E+00  0.51978065E-31
  0.41785581E+14  0.00000000E+00  0.51602755E-31
  0.41830951E+14  0.00000000E+00  0.51232004E-31
  0.41876321E+14  0.00000000E+00  0.50865723E-31
  0.41921690E+14  0.00000000E+00  0.50503824E-31
  0.41967060E+14  0.00000000E+00  0.50146224E-31
  0.42012430E+14  0.00000000E+00  0.49792840E-31
  0.42057800E+14  0.00000000E+00  0.49443594E-31
  0.42103170E+14  0.00000000E+00  0.49098407E-31
  0.42148539E+14  0.00000000E+00  0.48757203E-31
  0.42193909E+14  0.00000000E+00  0.48419911E-31
  0.42239279E+14  0.00000000E+00  0.48086458E-31
  0.42284649E+14  0.00000000E+00  0.47756775E-31
  0.42330019E+14  0.00000000E+00  0.47430794E-31
  0.42375388E+14  0.00000000E+00  0.47108449E-31
  0.42420758E+14  0.00000000E+00  0.46789676E-31
  0.42466128E+14  0.00000000E+00  0.46474412E-31
  0.42511498E+14  0.00000000E+00  0.46162596E-31
  0.42556868E+14  0.00000000E+00  0.45854169E-31
  0.42602237E+14  0.00000000E+00  0.45549072E-31
  0.42647607E+14  0.00000000E+00  0.45247250E-31
  0.42692977E+14  0.00000000E+00  0.44948647E-31
  0.42738347E+14  0.00000000E+00  0.44653208E-31
  0.42783717E+14  0.00000000E+00  0.44360882E-31
  0.42829086E+14  0.00000000E+00  0.44071617E-31
  0.42874456E+14  0.00000000E+00  0.43785363E-31
  0.42919826E+14  0.00000000E+00  0.43502071E-31
  0.42965196E+14  0.00000000E+00  0.43221694E-31
  0.43010566E+14  0.00000000E+00  0.42944184E-31
  0.43055935E+14  0.00000000E+00  0.42669496E-31
  0.43101305E+14  0.00000000E+00  0.42397586E-31
  0.43146675E+14  0.00000000E+00  0.42128409E-31
  0.43192045E+14  0.00000000E+00  0.41861925E-31
  0.43237415E+14  0.00000000E+00  0.41598090E-31
  0.43282784E+14  0.00000000E+00  0.41336864E-31
  0.43328154E+14  0.00000000E+00  0.41078208E-31
  0.43373524E+14  0.00000000E+00  0.40822082E-31
  0.43418894E+14  0.00000000E+00  0.40568449E-31
  0.43464264E+14  0.00000000E+00  0.40317271E-31
  0.43509633E+14  0.00000000E+00  0.40068512E-31
  0.43555003E+14  0.00000000E+00  0.39822136E-31
  0.43600373E+14  0.00000000E+00  0.39578109E-31
  0.43645743E+14  0.00000000E+00  0.39336395E-31
  0.43691112E+14  0.00000000E+00  0.39096962E-31
  0.43736482E+14  0.00000000E+00  0.38859777E-31
  0.43781852E+14  0.00000000E+00  0.38624808E-31
  0.43827222E+14  0.00000000E+00  0.38392023E-31
  0.43872592E+14  0.00000000E+00  0.38161391E-31
  0.43917961E+14  0.00000000E+00  0.37932883E-31
  0.43963331E+14  0.00000000E+00  0.37706469E-31
  0.44008701E+14  0.00000000E+00  0.37482119E-31
  0.44054071E+14  0.00000000E+00  0.37259806E-31
  0.44099441E+14  0.00000000E+00  0.37039502E-31
  0.44144810E+14  0.00000000E+00  0.36821179E-31
  0.44190180E+14  0.00000000E+00  0.36604810E-31
  0.44235550E+14  0.00000000E+00  0.36390369E-31
  0.44280920E+14  0.00000000E+00  0.36177831E-31
  0.44326290E+14  0.00000000E+00  0.35967170E-31
  0.44371659E+14  0.00000000E+00  0.35758362E-31
  0.44417029E+14  0.00000000E+00  0.35551381E-31
  0.44462399E+14  0.00000000E+00  0.35346205E-31
  0.44507769E+14  0.00000000E+00  0.35142809E-31
  0.44553139E+14  0.00000000E+00  0.34941172E-31
  0.44598508E+14  0.00000000E+00  0.34741269E-31
  0.44643878E+14  0.00000000E+00  0.34543080E-31
  0.44689248E+14  0.00000000E+00  0.34346582E-31
  0.44734618E+14  0.00000000E+00  0.34151753E-31
  0.44779988E+14  0.00000000E+00  0.33958574E-31
  0.44825357E+14  0.00000000E+00  0.33767023E-31
  0.44870727E+14  0.00000000E+00  0.33577081E-31
  0.44916097E+14  0.00000000E+00  0.33388726E-31
  0.44961467E+14  0.00000000E+00  0.33201940E-31
  0.45006837E+14  0.00000000E+00  0.33016704E-31
  0.45052206E+14  0.00000000E+00  0.32832998E-31
  0.45097576E+14  0.00000000E+00  0.32650804E-31
  0.45142946E+14  0.00000000E+00  0.32470104E-31
  0.45188316E+14  0.00000000E+00  0.32290880E-31
  0.45233686E+14  0.00000000E+00  0.32113114E-31
  0.45279055E+14  0.00000000E+00  0.31936789E-31
  0.45324425E+14  0.00000000E+00  0.31761888E-31
  0.45369795E+14  0.00000000E+00  0.31588395E-31
  0.45415165E+14  0.00000000E+00  0.31416292E-31
  0.45460534E+14  0.00000000E+00  0.31245564E-31
  0.45505904E+14  0.00000000E+00  0.31076194E-31
  0.45551274E+14  0.00000000E+00  0.30908167E-31
  0.45596644E+14  0.00000000E+00  0.30741468E-31
  0.45642014E+14  0.00000000E+00  0.30576081E-31
  0.45687383E+14  0.00000000E+00  0.30411992E-31
  0.45732753E+14  0.00000000E+00  0.30249185E-31
  0.45778123E+14  0.00000000E+00  0.30087646E-31
  0.45823493E+14  0.00000000E+00  0.29927362E-31
  0.45868863E+14  0.00000000E+00  0.29768318E-31
  0.45914232E+14  0.00000000E+00  0.29610499E-31
  0.45959602E+14  0.00000000E+00  0.29453894E-31
  0.46004972E+14  0.00000000E+00  0.29298488E-31
  0.46050342E+14  0.00000000E+00  0.29144268E-31
  0.46095712E+14  0.00000000E+00  0.28991221E-31
  0.46141081E+14  0.00000000E+00  0.28839335E-31
  0.46186451E+14  0.00000000E+00  0.28688596E-31
  0.46231821E+14  0.00000000E+00  0.28538993E-31
  0.46277191E+14  0.00000000E+00  0.28390514E-31
  0.46322561E+14  0.00000000E+00  0.28243146E-31
  0.46367930E+14  0.00000000E+00  0.28096877E-31
  0.46413300E+14  0.00000000E+00  0.27951696E-31
  0.46458670E+14  0.00000000E+00  0.27807591E-31
  0.46504040E+14  0.00000000E+00  0.27664551E-31
  0.46549410E+14  0.00000000E+00  0.27522565E-31
  0.46594779E+14  0.00000000E+00  0.27381622E-31
  0.46640149E+14  0.00000000E+00  0.27241711E-31
  0.46685519E+14  0.00000000E+00  0.27102822E-31
  0.46730889E+14  0.00000000E+00  0.26964943E-31
  0.46776259E+14  0.00000000E+00  0.26828064E-31
  0.46821628E+14  0.00000000E+00  0.26692176E-31
  0.46866998E+14  0.00000000E+00  0.26557268E-31
  0.46912368E+14  0.00000000E+00  0.26423331E-31
  0.46957738E+14  0.00000000E+00  0.26290353E-31
  0.47003108E+14  0.00000000E+00  0.26158327E-31
  0.47048477E+14  0.00000000E+00  0.26027241E-31
  0.47093847E+14  0.00000000E+00  0.25897087E-31
  0.47139217E+14  0.00000000E+00  0.25767856E-31
  0.47184587E+14  0.00000000E+00  0.25639538E-31
  0.47229956E+14  0.00000000E+00  0.25512125E-31
  0.47275326E+14  0.00000000E+00  0.25385607E-31
  0.47320696E+14  0.00000000E+00  0.25259976E-31
  0.47366066E+14  0.00000000E+00  0.25135222E-31
  0.47411436E+14  0.00000000E+00  0.25011339E-31
  0.47456805E+14  0.00000000E+00  0.24888316E-31
  0.47502175E+14  0.00000000E+00  0.24766146E-31
  0.47547545E+14  0.00000000E+00  0.24644820E-31
  0.47592915E+14  0.00000000E+00  0.24524331E-31
  0.47638285E+14  0.00000000E+00  0.24404670E-31
  0.47683654E+14  0.00000000E+00  0.24285830E-31
  0.47729024E+14  0.00000000E+00  0.24167802E-31
  0.47774394E+14  0.00000000E+00  0.24050580E-31
  0.47819764E+14  0.00000000E+00  0.23934155E-31
  0.47865134E+14  0.00000000E+00  0.23818519E-31
  0.47910503E+14  0.00000000E+00  0.23703667E-31
  0.47955873E+14  0.00000000E+00  0.23589589E-31
  0.48001243E+14  0.00000000E+00  0.23476280E-31
  0.48046613E+14  0.00000000E+00  0.23363731E-31
  0.48091983E+14  0.00000000E+00  0.23251937E-31
  0.48137352E+14  0.00000000E+00  0.23140889E-31
  0.48182722E+14  0.00000000E+00  0.23030581E-31
  0.48228092E+14  0.00000000E+00  0.22921007E-31
  0.48273462E+14  0.00000000E+00  0.22812159E-31
  0.48318832E+14  0.00000000E+00  0.22704032E-31
  0.48364201E+14  0.00000000E+00  0.22596618E-31
  0.48409571E+14  0.00000000E+00  0.22489910E-31
  0.48454941E+14  0.00000000E+00  0.22383904E-31
  0.48500311E+14  0.00000000E+00  0.22278592E-31
  0.48545681E+14  0.00000000E+00  0.22173968E-31
  0.48591050E+14  0.00000000E+00  0.22070026E-31
  0.48636420E+14  0.00000000E+00  0.21966760E-31
  0.48681790E+14  0.00000000E+00  0.21864164E-31
  0.48727160E+14  0.00000000E+00  0.21762232E-31
  0.48772530E+14  0.00000000E+00  0.21660958E-31
  0.48817899E+14  0.00000000E+00  0.21560337E-31
  0.48863269E+14  0.00000000E+00  0.21460363E-31
  0.48908639E+14  0.00000000E+00  0.21361029E-31
  0.48954009E+14  0.00000000E+00  0.21262331E-31
  0.48999378E+14  0.00000000E+00  0.21164263E-31
  0.49044748E+14  0.00000000E+00  0.21066820E-31
  0.49090118E+14  0.00000000E+00  0.20969995E-31
  0.49135488E+14  0.00000000E+00  0.20873784E-31
  0.49180858E+14  0.00000000E+00  0.20778182E-31
  0.49226227E+14  0.00000000E+00  0.20683184E-31
  0.49271597E+14  0.00000000E+00  0.20588783E-31
  0.49316967E+14  0.00000000E+00  0.20494976E-31
  0.49362337E+14  0.00000000E+00  0.20401756E-31
  0.49407707E+14  0.00000000E+00  0.20309120E-31
  0.49453076E+14  0.00000000E+00  0.20217062E-31
  0.49498446E+14  0.00000000E+00  0.20125577E-31
  0.49543816E+14  0.00000000E+00  0.20034661E-31
  0.49589186E+14  0.00000000E+00  0.19944308E-31
  0.49634556E+14  0.00000000E+00  0.19854515E-31
  0.49679925E+14  0.00000000E+00  0.19765276E-31
  0.49725295E+14  0.00000000E+00  0.19676587E-31
  0.49770665E+14  0.00000000E+00  0.19588443E-31
  0.49816035E+14  0.00000000E+00  0.19500840E-31
  0.49861405E+14  0.00000000E+00  0.19413773E-31
  0.49906774E+14  0.00000000E+00  0.19327238E-31
  0.49952144E+14  0.00000000E+00  0.19241230E-31
  0.49997514E+14  0.00000000E+00  0.19155746E-31
  0.50042884E+14  0.00000000E+00  0.19070781E-31
  0.50088254E+14  0.00000000E+00  0.18986331E-31
  0.50133623E+14  0.00000000E+00  0.18902391E-31
  0.50178993E+14  0.00000000E+00  0.18818958E-31
  0.50224363E+14  0.00000000E+00  0.18736027E-31
  0.50269733E+14  0.00000000E+00  0.18653595E-31
  0.50315103E+14  0.00000000E+00  0.18571657E-31
  0.50360472E+14  0.00000000E+00  0.18490209E-31
  0.50405842E+14  0.00000000E+00  0.18409248E-31
  0.50451212E+14  0.00000000E+00  0.18328770E-31
  0.50496582E+14  0.00000000E+00  0.18248770E-31
  0.50541952E+14  0.00000000E+00  0.18169246E-31
  0.50587321E+14  0.00000000E+00  0.18090193E-31
  0.50632691E+14  0.00000000E+00  0.18011607E-31
  0.50678061E+14  0.00000000E+00  0.17933485E-31
  0.50723431E+14  0.00000000E+00  0.17855824E-31
  0.50768800E+14  0.00000000E+00  0.17778619E-31
  0.50814170E+14  0.00000000E+00  0.17701868E-31
  0.50859540E+14  0.00000000E+00  0.17625566E-31
  0.50904910E+14  0.00000000E+00  0.17549710E-31
  0.50950280E+14  0.00000000E+00  0.17474297E-31
  0.50995649E+14  0.00000000E+00  0.17399322E-31
  0.51041019E+14  0.00000000E+00  0.17324784E-31
  0.51086389E+14  0.00000000E+00  0.17250679E-31
  0.51131759E+14  0.00000000E+00  0.17177002E-31
  0.51177129E+14  0.00000000E+00  0.17103752E-31
  0.51222498E+14  0.00000000E+00  0.17030924E-31
  0.51267868E+14  0.00000000E+00  0.16958515E-31
  0.51313238E+14  0.00000000E+00  0.16886523E-31
  0.51358608E+14  0.00000000E+00  0.16814944E-31
  0.51403978E+14  0.00000000E+00  0.16743775E-31
  0.51449347E+14  0.00000000E+00  0.16673013E-31
  0.51494717E+14  0.00000000E+00  0.16602654E-31
  0.51540087E+14  0.00000000E+00  0.16532697E-31
  0.51585457E+14  0.00000000E+00  0.16463137E-31
  0.51630827E+14  0.00000000E+00  0.16393972E-31
  0.51676196E+14  0.00000000E+00  0.16325199E-31
  0.51721566E+14  0.00000000E+00  0.16256814E-31
  0.51766936E+14  0.00000000E+00  0.16188816E-31
  0.51812306E+14  0.00000000E+00  0.16121201E-31
  0.51857676E+14  0.00000000E+00  0.16053967E-31
  0.51903045E+14  0.00000000E+00  0.15987110E-31
  0.51948415E+14  0.00000000E+00  0.15920628E-31
  0.51993785E+14  0.00000000E+00  0.15854517E-31
  0.52039155E+14  0.00000000E+00  0.15788776E-31
  0.52084525E+14  0.00000000E+00  0.15723402E-31
  0.52129894E+14  0.00000000E+00  0.15658392E-31
  0.52175264E+14  0.00000000E+00  0.15593743E-31
  0.52220634E+14  0.00000000E+00  0.15529452E-31
  0.52266004E+14  0.00000000E+00  0.15465518E-31
  0.52311374E+14  0.00000000E+00  0.15401937E-31
  0.52356743E+14  0.00000000E+00  0.15338707E-31
  0.52402113E+14  0.00000000E+00  0.15275826E-31
  0.52447483E+14  0.00000000E+00  0.15213290E-31
  0.52492853E+14  0.00000000E+00  0.15151098E-31
  0.52538222E+14  0.00000000E+00  0.15089246E-31
  0.52583592E+14  0.00000000E+00  0.15027734E-31
  0.52628962E+14  0.00000000E+00  0.14966557E-31
  0.52674332E+14  0.00000000E+00  0.14905714E-31
  0.52719702E+14  0.00000000E+00  0.14845202E-31
  0.52765071E+14  0.00000000E+00  0.14785019E-31
  0.52810441E+14  0.00000000E+00  0.14725163E-31
  0.52855811E+14  0.00000000E+00  0.14665632E-31
  0.52901181E+14  0.00000000E+00  0.14606422E-31
  0.52946551E+14  0.00000000E+00  0.14547532E-31
  0.52991920E+14  0.00000000E+00  0.14488960E-31
  0.53037290E+14  0.00000000E+00  0.14430703E-31
  0.53082660E+14  0.00000000E+00  0.14372760E-31
  0.53128030E+14  0.00000000E+00  0.14315127E-31
  0.53173400E+14  0.00000000E+00  0.14257803E-31
  0.53218769E+14  0.00000000E+00  0.14200785E-31
  0.53264139E+14  0.00000000E+00  0.14144073E-31
  0.53309509E+14  0.00000000E+00  0.14087662E-31
  0.53354879E+14  0.00000000E+00  0.14031552E-31
  0.53400249E+14  0.00000000E+00  0.13975740E-31
  0.53445618E+14  0.00000000E+00  0.13920224E-31
  0.53490988E+14  0.00000000E+00  0.13865003E-31
  0.53536358E+14  0.00000000E+00  0.13810073E-31
  0.53581728E+14  0.00000000E+00  0.13755434E-31
  0.53627098E+14  0.00000000E+00  0.13701083E-31
  0.53672467E+14  0.00000000E+00  0.13647018E-31
  0.53717837E+14  0.00000000E+00  0.13593238E-31
  0.53763207E+14  0.00000000E+00  0.13539739E-31
  0.53808577E+14  0.00000000E+00  0.13486521E-31
  0.53853947E+14  0.00000000E+00  0.13433582E-31
  0.53899316E+14  0.00000000E+00  0.13380919E-31
  0.53944686E+14  0.00000000E+00  0.13328531E-31
  0.53990056E+14  0.00000000E+00  0.13276416E-31
  0.54035426E+14  0.00000000E+00  0.13224572E-31
  0.54080796E+14  0.00000000E+00  0.13172997E-31
  0.54126165E+14  0.00000000E+00  0.13121690E-31
  0.54171535E+14  0.00000000E+00  0.13070648E-31
  0.54216905E+14  0.00000000E+00  0.13019870E-31
  0.54262275E+14  0.00000000E+00  0.12969355E-31
  0.54307644E+14  0.00000000E+00  0.12919099E-31
  0.54353014E+14  0.00000000E+00  0.12869103E-31
  0.54398384E+14  0.00000000E+00  0.12819363E-31
  0.54443754E+14  0.00000000E+00  0.12769879E-31
  0.54489124E+14  0.00000000E+00  0.12720648E-31
  0.54534493E+14  0.00000000E+00  0.12671669E-31
  0.54579863E+14  0.00000000E+00  0.12622941E-31
  0.54625233E+14  0.00000000E+00  0.12574461E-31
  0.54670603E+14  0.00000000E+00  0.12526228E-31
  0.54715973E+14  0.00000000E+00  0.12478240E-31
  0.54761342E+14  0.00000000E+00  0.12430496E-31
  0.54806712E+14  0.00000000E+00  0.12382995E-31
  0.54852082E+14  0.00000000E+00  0.12335733E-31
  0.54897452E+14  0.00000000E+00  0.12288711E-31
  0.54942822E+14  0.00000000E+00  0.12241927E-31
  0.54988191E+14  0.00000000E+00  0.12195378E-31
  0.55033561E+14  0.00000000E+00  0.12149064E-31
  0.55078931E+14  0.00000000E+00  0.12102983E-31
  0.55124301E+14  0.00000000E+00  0.12057133E-31
  0.55169671E+14  0.00000000E+00  0.12011513E-31
  0.55215040E+14  0.00000000E+00  0.11966121E-31
  0.55260410E+14  0.00000000E+00  0.11920957E-31
  0.55305780E+14  0.00000000E+00  0.11876018E-31
  0.55351150E+14  0.00000000E+00  0.11831303E-31
  0.55396520E+14  0.00000000E+00  0.11786811E-31
  0.55441889E+14  0.00000000E+00  0.11742540E-31
  0.55487259E+14  0.00000000E+00  0.11698489E-31
  0.55532629E+14  0.00000000E+00  0.11654656E-31
  0.55577999E+14  0.00000000E+00  0.11611040E-31
  0.55623369E+14  0.00000000E+00  0.11567640E-31
  0.55668738E+14  0.00000000E+00  0.11524455E-31
  0.55714108E+14  0.00000000E+00  0.11481482E-31
  0.55759478E+14  0.00000000E+00  0.11438721E-31
  0.55804848E+14  0.00000000E+00  0.11396170E-31
  0.55850218E+14  0.00000000E+00  0.11353829E-31
  0.55895587E+14  0.00000000E+00  0.11311695E-31
  0.55940957E+14  0.00000000E+00  0.11269767E-31
  0.55986327E+14  0.00000000E+00  0.11228044E-31
  0.56031697E+14  0.00000000E+00  0.11186525E-31
  0.56077067E+14  0.00000000E+00  0.11145209E-31
  0.56122436E+14  0.00000000E+00  0.11104094E-31
  0.56167806E+14  0.00000000E+00  0.11063179E-31
  0.56213176E+14  0.00000000E+00  0.11022463E-31
  0.56258546E+14  0.00000000E+00  0.10981945E-31
  0.56303915E+14  0.00000000E+00  0.10941622E-31
  0.56349285E+14  0.00000000E+00  0.10901495E-31
  0.56394655E+14  0.00000000E+00  0.10861562E-31
  0.56440025E+14  0.00000000E+00  0.10821822E-31
  0.56485395E+14  0.00000000E+00  0.10782273E-31
  0.56530764E+14  0.00000000E+00  0.10742914E-31
  0.56576134E+14  0.00000000E+00  0.10703745E-31
  0.56621504E+14  0.00000000E+00  0.10664764E-31
  0.56666874E+14  0.00000000E+00  0.10625969E-31
  0.56712244E+14  0.00000000E+00  0.10587361E-31
  0.56757613E+14  0.00000000E+00  0.10548937E-31
  0.56802983E+14  0.00000000E+00  0.10510697E-31
  0.56848353E+14  0.00000000E+00  0.10472639E-31
  0.56893723E+14  0.00000000E+00  0.10434762E-31
  0.56939093E+14  0.00000000E+00  0.10397066E-31
  0.56984462E+14  0.00000000E+00  0.10359548E-31
  0.57029832E+14  0.00000000E+00  0.10322209E-31
  0.57075202E+14  0.00000000E+00  0.10285047E-31
  0.57120572E+14  0.00000000E+00  0.10248060E-31
  0.57165942E+14  0.00000000E+00  0.10211249E-31
  0.57211311E+14  0.00000000E+00  0.10174611E-31
  0.57256681E+14  0.00000000E+00  0.10138146E-31
  0.57302051E+14  0.00000000E+00  0.10101853E-31
  0.57347421E+14  0.00000000E+00  0.10065731E-31
  0.57392791E+14  0.00000000E+00  0.10029778E-31
  0.57438160E+14  0.00000000E+00  0.99939936E-32
  0.57483530E+14  0.00000000E+00  0.99583772E-32
  0.57528900E+14  0.00000000E+00  0.99229274E-32
  0.57574270E+14  0.00000000E+00  0.98876433E-32
  0.57619640E+14  0.00000000E+00  0.98525240E-32
  0.57665009E+14  0.00000000E+00  0.98175684E-32
  0.57710379E+14  0.00000000E+00  0.97827755E-32
  0.57755749E+14  0.00000000E+00  0.97481445E-32
  0.57801119E+14  0.00000000E+00  0.97136744E-32
  0.57846489E+14  0.00000000E+00  0.96793642E-32
  0.57891858E+14  0.00000000E+00  0.96452129E-32
  0.57937228E+14  0.00000000E+00  0.96112198E-32
  0.57982598E+14  0.00000000E+00  0.95773837E-32
  0.58027968E+14  0.00000000E+00  0.95437039E-32
  0.58073337E+14  0.00000000E+00  0.95101794E-32
  0.58118707E+14  0.00000000E+00  0.94768093E-32
  0.58164077E+14  0.00000000E+00  0.94435927E-32
  0.58209447E+14  0.00000000E+00  0.94105286E-32
  0.58254817E+14  0.00000000E+00  0.93776164E-32
  0.58300186E+14  0.00000000E+00  0.93448549E-32
  0.58345556E+14  0.00000000E+00  0.93122435E-32
  0.58390926E+14  0.00000000E+00  0.92797811E-32
  0.58436296E+14  0.00000000E+00  0.92474670E-32
  0.58481666E+14  0.00000000E+00  0.92153003E-32
  0.58527035E+14  0.00000000E+00  0.91832801E-32
  0.58572405E+14  0.00000000E+00  0.91514056E-32
  0.58617775E+14  0.00000000E+00  0.91196760E-32
  0.58663145E+14  0.00000000E+00  0.90880905E-32
  0.58708515E+14  0.00000000E+00  0.90566481E-32
  0.58753884E+14  0.00000000E+00  0.90253482E-32
  0.58799254E+14  0.00000000E+00  0.89941898E-32
  0.58844624E+14  0.00000000E+00  0.89631722E-32
  0.58889994E+14  0.00000000E+00  0.89322946E-32
  0.58935364E+14  0.00000000E+00  0.89015562E-32
  0.58980733E+14  0.00000000E+00  0.88709562E-32
  0.59026103E+14  0.00000000E+00  0.88404938E-32
  0.59071473E+14  0.00000000E+00  0.88101682E-32
  0.59116843E+14  0.00000000E+00  0.87799786E-32
  0.59162213E+14  0.00000000E+00  0.87499244E-32
  0.59207582E+14  0.00000000E+00  0.87200046E-32
  0.59252952E+14  0.00000000E+00  0.86902187E-32
  0.59298322E+14  0.00000000E+00  0.86605657E-32
  0.59343692E+14  0.00000000E+00  0.86310450E-32
  0.59389062E+14  0.00000000E+00  0.86016559E-32
  0.59434431E+14  0.00000000E+00  0.85723975E-32
  0.59479801E+14  0.00000000E+00  0.85432692E-32
  0.59525171E+14  0.00000000E+00  0.85142702E-32
  0.59570541E+14  0.00000000E+00  0.84853999E-32
  0.59615911E+14  0.00000000E+00  0.84566574E-32
  0.59661280E+14  0.00000000E+00  0.84280421E-32
  0.59706650E+14  0.00000000E+00  0.83995533E-32
  0.59752020E+14  0.00000000E+00  0.83711903E-32
  0.59797390E+14  0.00000000E+00  0.83429523E-32
  0.59842759E+14  0.00000000E+00  0.83148387E-32
  0.59888129E+14  0.00000000E+00  0.82868488E-32
  0.59933499E+14  0.00000000E+00  0.82589820E-32
  0.59978869E+14  0.00000000E+00  0.82312374E-32
  0.60024239E+14  0.00000000E+00  0.82036145E-32
  0.60069608E+14  0.00000000E+00  0.81761127E-32
  0.60114978E+14  0.00000000E+00  0.81487311E-32
  0.60160348E+14  0.00000000E+00  0.81214692E-32
  0.60205718E+14  0.00000000E+00  0.80943263E-32
  0.60251088E+14  0.00000000E+00  0.80673018E-32
  0.60296457E+14  0.00000000E+00  0.80403950E-32
  0.60341827E+14  0.00000000E+00  0.80136053E-32
  0.60387197E+14  0.00000000E+00  0.79869319E-32
  0.60432567E+14  0.00000000E+00  0.79603744E-32
  0.60477937E+14  0.00000000E+00  0.79339321E-32
  0.60523306E+14  0.00000000E+00  0.79076043E-32
  0.60568676E+14  0.00000000E+00  0.78813904E-32
  0.60614046E+14  0.00000000E+00  0.78552898E-32
  0.60659416E+14  0.00000000E+00  0.78293019E-32
  0.60704786E+14  0.00000000E+00  0.78034261E-32
  0.60750155E+14  0.00000000E+00  0.77776618E-32
  0.60795525E+14  0.00000000E+00  0.77520083E-32
  0.60840895E+14  0.00000000E+00  0.77264651E-32
  0.60886265E+14  0.00000000E+00  0.77010316E-32
  0.60931635E+14  0.00000000E+00  0.76757072E-32
  0.60977004E+14  0.00000000E+00  0.76504913E-32
  0.61022374E+14  0.00000000E+00  0.76253833E-32
  0.61067744E+14  0.00000000E+00  0.76003827E-32
  0.61113114E+14  0.00000000E+00  0.75754888E-32
  0.61158484E+14  0.00000000E+00  0.75507011E-32
  0.61203853E+14  0.00000000E+00  0.75260191E-32
  0.61249223E+14  0.00000000E+00  0.75014422E-32
  0.61294593E+14  0.00000000E+00  0.74769697E-32
  0.61339963E+14  0.00000000E+00  0.74526013E-32
  0.61385333E+14  0.00000000E+00  0.74283362E-32
  0.61430702E+14  0.00000000E+00  0.74041740E-32
  0.61476072E+14  0.00000000E+00  0.73801141E-32
  0.61521442E+14  0.00000000E+00  0.73561560E-32
  0.61566812E+14  0.00000000E+00  0.73322991E-32
  0.61612181E+14  0.00000000E+00  0.73085429E-32
  0.61657551E+14  0.00000000E+00  0.72848869E-32
  0.61702921E+14  0.00000000E+00  0.72613305E-32
  0.61748291E+14  0.00000000E+00  0.72378733E-32
  0.61793661E+14  0.00000000E+00  0.72145146E-32
  0.61839030E+14  0.00000000E+00  0.71912540E-32
  0.61884400E+14  0.00000000E+00  0.71680910E-32
  0.61929770E+14  0.00000000E+00  0.71450251E-32
  0.61975140E+14  0.00000000E+00  0.71220556E-32
  0.62020510E+14  0.00000000E+00  0.70991823E-32
  0.62065879E+14  0.00000000E+00  0.70764044E-32
  0.62111249E+14  0.00000000E+00  0.70537217E-32
  0.62156619E+14  0.00000000E+00  0.70311334E-32
  0.62201989E+14  0.00000000E+00  0.70086392E-32
  0.62247359E+14  0.00000000E+00  0.69862386E-32
  0.62292728E+14  0.00000000E+00  0.69639311E-32
  0.62338098E+14  0.00000000E+00  0.69417162E-32
  0.62383468E+14  0.00000000E+00  0.69195934E-32
  0.62428838E+14  0.00000000E+00  0.68975622E-32
  0.62474208E+14  0.00000000E+00  0.68756222E-32
  0.62519577E+14  0.00000000E+00  0.68537729E-32
  0.62564947E+14  0.00000000E+00  0.68320139E-32
  0.62610317E+14  0.00000000E+00  0.68103446E-32
  0.62655687E+14  0.00000000E+00  0.67887646E-32
  0.62701057E+14  0.00000000E+00  0.67672735E-32
  0.62746426E+14  0.00000000E+00  0.67458707E-32
  0.62791796E+14  0.00000000E+00  0.67245559E-32
  0.62837166E+14  0.00000000E+00  0.67033286E-32
  0.62882536E+14  0.00000000E+00  0.66821884E-32
  0.62927906E+14  0.00000000E+00  0.66611347E-32
  0.62973275E+14  0.00000000E+00  0.66401672E-32
  0.63018645E+14  0.00000000E+00  0.66192854E-32
  0.63064015E+14  0.00000000E+00  0.65984889E-32
  0.63109385E+14  0.00000000E+00  0.65777773E-32
  0.63154755E+14  0.00000000E+00  0.65571500E-32
  0.63200124E+14  0.00000000E+00  0.65366068E-32
  0.63245494E+14  0.00000000E+00  0.65161471E-32
  0.63290864E+14  0.00000000E+00  0.64957705E-32
  0.63336234E+14  0.00000000E+00  0.64754767E-32
  0.63381603E+14  0.00000000E+00  0.64552652E-32
  0.63426973E+14  0.00000000E+00  0.64351355E-32
  0.63472343E+14  0.00000000E+00  0.64150874E-32
  0.63517713E+14  0.00000000E+00  0.63951202E-32
  0.63563083E+14  0.00000000E+00  0.63752338E-32
  0.63608452E+14  0.00000000E+00  0.63554276E-32
  0.63653822E+14  0.00000000E+00  0.63357012E-32
  0.63699192E+14  0.00000000E+00  0.63160543E-32
  0.63744562E+14  0.00000000E+00  0.62964865E-32
  0.63789932E+14  0.00000000E+00  0.62769973E-32
  0.63835301E+14  0.00000000E+00  0.62575864E-32
  0.63880671E+14  0.00000000E+00  0.62382533E-32
  0.63926041E+14  0.00000000E+00  0.62189977E-32
  0.63971411E+14  0.00000000E+00  0.61998192E-32
  0.64016781E+14  0.00000000E+00  0.61807174E-32
  0.64062150E+14  0.00000000E+00  0.61616920E-32
  0.64107520E+14  0.00000000E+00  0.61427425E-32
  0.64152890E+14  0.00000000E+00  0.61238686E-32
  0.64198260E+14  0.00000000E+00  0.61050699E-32
  0.64243630E+14  0.00000000E+00  0.60863460E-32
  0.64288999E+14  0.00000000E+00  0.60676966E-32
  0.64334369E+14  0.00000000E+00  0.60491212E-32
  0.64379739E+14  0.00000000E+00  0.60306196E-32
  0.64425109E+14  0.00000000E+00  0.60121914E-32
  0.64470479E+14  0.00000000E+00  0.59938361E-32
  0.64515848E+14  0.00000000E+00  0.59755535E-32
  0.64561218E+14  0.00000000E+00  0.59573432E-32
  0.64606588E+14  0.00000000E+00  0.59392048E-32
  0.64651958E+14  0.00000000E+00  0.59211380E-32
  0.64697328E+14  0.00000000E+00  0.59031424E-32
  0.64742697E+14  0.00000000E+00  0.58852177E-32
  0.64788067E+14  0.00000000E+00  0.58673635E-32
  0.64833437E+14  0.00000000E+00  0.58495796E-32
  0.64878807E+14  0.00000000E+00  0.58318654E-32
  0.64924177E+14  0.00000000E+00  0.58142208E-32
  0.64969546E+14  0.00000000E+00  0.57966453E-32
  0.65014916E+14  0.00000000E+00  0.57791387E-32
  0.65060286E+14  0.00000000E+00  0.57617005E-32
  0.65105656E+14  0.00000000E+00  0.57443306E-32
  0.65151025E+14  0.00000000E+00  0.57270284E-32
  0.65196395E+14  0.00000000E+00  0.57097938E-32
  0.65241765E+14  0.00000000E+00  0.56926263E-32
  0.65287135E+14  0.00000000E+00  0.56755257E-32
  0.65332505E+14  0.00000000E+00  0.56584916E-32
  0.65377874E+14  0.00000000E+00  0.56415238E-32
  0.65423244E+14  0.00000000E+00  0.56246218E-32
  0.65468614E+14  0.00000000E+00  0.56077854E-32
  0.65513984E+14  0.00000000E+00  0.55910143E-32
  0.65559354E+14  0.00000000E+00  0.55743081E-32
  0.65604723E+14  0.00000000E+00  0.55576665E-32
  0.65650093E+14  0.00000000E+00  0.55410892E-32
  0.65695463E+14  0.00000000E+00  0.55245760E-32
  0.65740833E+14  0.00000000E+00  0.55081265E-32
  0.65786203E+14  0.00000000E+00  0.54917404E-32
  0.65831572E+14  0.00000000E+00  0.54754174E-32
  0.65876942E+14  0.00000000E+00  0.54591572E-32
  0.65922312E+14  0.00000000E+00  0.54429594E-32
  0.65967682E+14  0.00000000E+00  0.54268239E-32
  0.66013052E+14  0.00000000E+00  0.54107503E-32
  0.66058421E+14  0.00000000E+00  0.53947384E-32
  0.66103791E+14  0.00000000E+00  0.53787877E-32
  0.66149161E+14  0.00000000E+00  0.53628981E-32
  0.66194531E+14  0.00000000E+00  0.53470692E-32
  0.66239901E+14  0.00000000E+00  0.53313007E-32
  0.66285270E+14  0.00000000E+00  0.53155924E-32
  0.66330640E+14  0.00000000E+00  0.52999441E-32
  0.66376010E+14  0.00000000E+00  0.52843553E-32
  0.66421380E+14  0.00000000E+00  0.52688258E-32
  0.66466750E+14  0.00000000E+00  0.52533554E-32
  0.66512119E+14  0.00000000E+00  0.52379437E-32
  0.66557489E+14  0.00000000E+00  0.52225905E-32
  0.66602859E+14  0.00000000E+00  0.52072956E-32
  0.66648229E+14  0.00000000E+00  0.51920586E-32
  0.66693599E+14  0.00000000E+00  0.51768792E-32
  0.66738968E+14  0.00000000E+00  0.51617572E-32
  0.66784338E+14  0.00000000E+00  0.51466924E-32
  0.66829708E+14  0.00000000E+00  0.51316844E-32
  0.66875078E+14  0.00000000E+00  0.51167331E-32
  0.66920447E+14  0.00000000E+00  0.51018380E-32
  0.66965817E+14  0.00000000E+00  0.50869991E-32
  0.67011187E+14  0.00000000E+00  0.50722159E-32
  0.67056557E+14  0.00000000E+00  0.50574883E-32
  0.67101927E+14  0.00000000E+00  0.50428160E-32
  0.67147296E+14  0.00000000E+00  0.50281987E-32
  0.67192666E+14  0.00000000E+00  0.50136362E-32
  0.67238036E+14  0.00000000E+00  0.49991282E-32
  0.67283406E+14  0.00000000E+00  0.49846745E-32
  0.67328776E+14  0.00000000E+00  0.49702748E-32
  0.67374145E+14  0.00000000E+00  0.49559289E-32
  0.67419515E+14  0.00000000E+00  0.49416365E-32
  0.67464885E+14  0.00000000E+00  0.49273974E-32
  0.67510255E+14  0.00000000E+00  0.49132113E-32
  0.67555625E+14  0.00000000E+00  0.48990780E-32
  0.67600994E+14  0.00000000E+00  0.48849973E-32
  0.67646364E+14  0.00000000E+00  0.48709689E-32
  0.67691734E+14  0.00000000E+00  0.48569925E-32
  0.67737104E+14  0.00000000E+00  0.48430679E-32
  0.67782474E+14  0.00000000E+00  0.48291950E-32
  0.67827843E+14  0.00000000E+00  0.48153734E-32
  0.67873213E+14  0.00000000E+00  0.48016029E-32
  0.67918583E+14  0.00000000E+00  0.47878833E-32
  0.67963953E+14  0.00000000E+00  0.47742143E-32
  0.68009323E+14  0.00000000E+00  0.47605958E-32
  0.68054692E+14  0.00000000E+00  0.47470274E-32
  0.68100062E+14  0.00000000E+00  0.47335090E-32
  0.68145432E+14  0.00000000E+00  0.47200404E-32
  0.68190802E+14  0.00000000E+00  0.47066212E-32
  0.68236172E+14  0.00000000E+00  0.46932514E-32
  0.68281541E+14  0.00000000E+00  0.46799306E-32
  0.68326911E+14  0.00000000E+00  0.46666586E-32
  0.68372281E+14  0.00000000E+00  0.46534353E-32
  0.68417651E+14  0.00000000E+00  0.46402603E-32
  0.68463021E+14  0.00000000E+00  0.46271336E-32
  0.68508390E+14  0.00000000E+00  0.46140548E-32
  0.68553760E+14  0.00000000E+00  0.46010237E-32
  0.68599130E+14  0.00000000E+00  0.45880402E-32
  0.68644500E+14  0.00000000E+00  0.45751040E-32
  0.68689869E+14  0.00000000E+00  0.45622149E-32
  0.68735239E+14  0.00000000E+00  0.45493727E-32
  0.68780609E+14  0.00000000E+00  0.45365771E-32
  0.68825979E+14  0.00000000E+00  0.45238281E-32
  0.68871349E+14  0.00000000E+00  0.45111253E-32
  0.68916718E+14  0.00000000E+00  0.44984685E-32
  0.68962088E+14  0.00000000E+00  0.44858576E-32
  0.69007458E+14  0.00000000E+00  0.44732924E-32
  0.69052828E+14  0.00000000E+00  0.44607726E-32
  0.69098198E+14  0.00000000E+00  0.44482980E-32
  0.69143567E+14  0.00000000E+00  0.44358685E-32
  0.69188937E+14  0.00000000E+00  0.44234838E-32
  0.69234307E+14  0.00000000E+00  0.44111437E-32
  0.69279677E+14  0.00000000E+00  0.43988481E-32
  0.69325047E+14  0.00000000E+00  0.43865968E-32
  0.69370416E+14  0.00000000E+00  0.43743894E-32
  0.69415786E+14  0.00000000E+00  0.43622260E-32
  0.69461156E+14  0.00000000E+00  0.43501061E-32
  0.69506526E+14  0.00000000E+00  0.43380298E-32
  0.69551896E+14  0.00000000E+00  0.43259967E-32
  0.69597265E+14  0.00000000E+00  0.43140067E-32
  0.69642635E+14  0.00000000E+00  0.43020596E-32
  0.69688005E+14  0.00000000E+00  0.42901551E-32
  0.69733375E+14  0.00000000E+00  0.42782932E-32
  0.69778745E+14  0.00000000E+00  0.42664737E-32
  0.69824114E+14  0.00000000E+00  0.42546962E-32
  0.69869484E+14  0.00000000E+00  0.42429607E-32
  0.69914854E+14  0.00000000E+00  0.42312670E-32
  0.69960224E+14  0.00000000E+00  0.42196149E-32
  0.70005594E+14  0.00000000E+00  0.42080041E-32
  0.70050963E+14  0.00000000E+00  0.41964346E-32
  0.70096333E+14  0.00000000E+00  0.41849062E-32
  0.70141703E+14  0.00000000E+00  0.41734186E-32
  0.70187073E+14  0.00000000E+00  0.41619717E-32
  0.70232443E+14  0.00000000E+00  0.41505652E-32
  0.70277812E+14  0.00000000E+00  0.41391992E-32
  0.70323182E+14  0.00000000E+00  0.41278732E-32
  0.70368552E+14  0.00000000E+00  0.41165873E-32
  0.70413922E+14  0.00000000E+00  0.41053412E-32
  0.70459291E+14  0.00000000E+00  0.40941347E-32
  0.70504661E+14  0.00000000E+00  0.40829676E-32
  0.70550031E+14  0.00000000E+00  0.40718399E-32
  0.70595401E+14  0.00000000E+00  0.40607512E-32
  0.70640771E+14  0.00000000E+00  0.40497016E-32
  0.70686140E+14  0.00000000E+00  0.40386907E-32
  0.70731510E+14  0.00000000E+00  0.40277184E-32
  0.70776880E+14  0.00000000E+00  0.40167845E-32
  0.70822250E+14  0.00000000E+00  0.40058890E-32
  0.70867620E+14  0.00000000E+00  0.39950315E-32
  0.70912989E+14  0.00000000E+00  0.39842121E-32
  0.70958359E+14  0.00000000E+00  0.39734304E-32
  0.71003729E+14  0.00000000E+00  0.39626863E-32
  0.71049099E+14  0.00000000E+00  0.39519797E-32
  0.71094469E+14  0.00000000E+00  0.39413104E-32
  0.71139838E+14  0.00000000E+00  0.39306782E-32
  0.71185208E+14  0.00000000E+00  0.39200831E-32
  0.71230578E+14  0.00000000E+00  0.39095247E-32
  0.71275948E+14  0.00000000E+00  0.38990031E-32
  0.71321318E+14  0.00000000E+00  0.38885179E-32
  0.71366687E+14  0.00000000E+00  0.38780691E-32
  0.71412057E+14  0.00000000E+00  0.38676565E-32
  0.71457427E+14  0.00000000E+00  0.38572799E-32
  0.71502797E+14  0.00000000E+00  0.38469393E-32
  0.71548167E+14  0.00000000E+00  0.38366343E-32
  0.71593536E+14  0.00000000E+00  0.38263650E-32
  0.71638906E+14  0.00000000E+00  0.38161311E-32
  0.71684276E+14  0.00000000E+00  0.38059325E-32
  0.71729646E+14  0.00000000E+00  0.37957690E-32
  0.71775016E+14  0.00000000E+00  0.37856406E-32
  0.71820385E+14  0.00000000E+00  0.37755469E-32
  0.71865755E+14  0.00000000E+00  0.37654880E-32
  0.71911125E+14  0.00000000E+00  0.37554636E-32
  0.71956495E+14  0.00000000E+00  0.37454736E-32
  0.72001865E+14  0.00000000E+00  0.37355178E-32
  0.72047234E+14  0.00000000E+00  0.37255962E-32
  0.72092604E+14  0.00000000E+00  0.37157085E-32
  0.72137974E+14  0.00000000E+00  0.37058547E-32
  0.72183344E+14  0.00000000E+00  0.36960345E-32
  0.72228713E+14  0.00000000E+00  0.36862479E-32
  0.72274083E+14  0.00000000E+00  0.36764947E-32
  0.72319453E+14  0.00000000E+00  0.36667747E-32
  0.72364823E+14  0.00000000E+00  0.36570879E-32
  0.72410193E+14  0.00000000E+00  0.36474340E-32
  0.72455562E+14  0.00000000E+00  0.36378130E-32
  0.72500932E+14  0.00000000E+00  0.36282247E-32
  0.72546302E+14  0.00000000E+00  0.36186690E-32
  0.72591672E+14  0.00000000E+00  0.36091456E-32
  0.72637042E+14  0.00000000E+00  0.35996546E-32
  0.72682411E+14  0.00000000E+00  0.35901958E-32
  0.72727781E+14  0.00000000E+00  0.35807690E-32
  0.72773151E+14  0.00000000E+00  0.35713740E-32
  0.72818521E+14  0.00000000E+00  0.35620109E-32
  0.72863891E+14  0.00000000E+00  0.35526793E-32
  0.72909260E+14  0.00000000E+00  0.35433793E-32
  0.72954630E+14  0.00000000E+00  0.35341106E-32
  0.73000000E+14  0.00000000E+00  0.35248732E-32
