  0.47829938E+11  0.25873012E-29 -0.15155143E-28
  0.95659876E+11  0.25922464E-29 -0.13333896E-28
  0.14348981E+12  0.25777263E-29 -0.12506693E-28
  0.19131975E+12  0.25239173E-29 -0.12035153E-28
  0.23914969E+12  0.25530331E-29 -0.11806139E-28
  0.28697963E+12  0.27017638E-29 -0.11631486E-28
  0.33480957E+12  0.28668393E-29 -0.11411699E-28
  0.38263950E+12  0.29096240E-29 -0.11468822E-28
  0.43046944E+12  0.38930536E-29 -0.11038106E-28
  0.47829938E+12  0.32275135E-29 -0.10223472E-28
  0.52612932E+12  0.32358364E-29 -0.10456956E-28
  0.57395926E+12  0.34510553E-29 -0.10479890E-28
  0.62178919E+12  0.36351282E-29 -0.10181716E-28
  0.66961913E+12  0.36000943E-29 -0.10086552E-28
  0.71744907E+12  0.35866265E-29 -0.10152284E-28
  0.76527901E+12  0.40500238E-29 -0.10349637E-28
  0.81310895E+12  0.47325728E-29 -0.98164918E-29
  0.86093888E+12  0.43525753E-29 -0.91966051E-29
  0.90876882E+12  0.40110001E-29 -0.92451244E-29
  0.95659876E+12  0.41431145E-29 -0.93685589E-29
  0.10044287E+13  0.41825012E-29 -0.94812481E-29
  0.10522586E+13  0.45579559E-29 -0.97702628E-29
  0.11000886E+13  0.53264936E-29 -0.94038215E-29
  0.11479185E+13  0.53561205E-29 -0.87031003E-29
  0.11957484E+13  0.48998900E-29 -0.82892733E-29
  0.12435784E+13  0.46955313E-29 -0.86191203E-29
  0.12914083E+13  0.47851776E-29 -0.88747067E-29
  0.13392383E+13  0.54244989E-29 -0.91167664E-29
  0.13870682E+13  0.59179706E-29 -0.86525146E-29
  0.14348981E+13  0.60303019E-29 -0.81008135E-29
  0.14827281E+13  0.56365424E-29 -0.75843595E-29
  0.15305580E+13  0.52506366E-29 -0.78822370E-29
  0.15783880E+13  0.53897416E-29 -0.83995361E-29
  0.16262179E+13  0.62277232E-29 -0.83292835E-29
  0.16740478E+13  0.65409073E-29 -0.78265308E-29
  0.17218778E+13  0.66576144E-29 -0.73125187E-29
  0.17697077E+13  0.60392902E-29 -0.68155412E-29
  0.18175376E+13  0.57546331E-29 -0.72971204E-29
  0.18653676E+13  0.64216774E-29 -0.78192218E-29
  0.19131975E+13  0.68991254E-29 -0.74060038E-29
  0.19610275E+13  0.71172402E-29 -0.69772960E-29
  0.20088574E+13  0.72178402E-29 -0.63574141E-29
  0.20566873E+13  0.63561327E-29 -0.61043781E-29
  0.21045173E+13  0.62947529E-29 -0.69123404E-29
  0.21523472E+13  0.71577916E-29 -0.68446060E-29
  0.22001771E+13  0.74379781E-29 -0.64703611E-29
  0.22480071E+13  0.76093484E-29 -0.60586992E-29
  0.22958370E+13  0.76034514E-29 -0.53390862E-29
  0.23436670E+13  0.66534762E-29 -0.56639742E-29
  0.23914969E+13  0.73442788E-29 -0.61872967E-29
  0.24393268E+13  0.77047254E-29 -0.58042243E-29
  0.24871568E+13  0.79056683E-29 -0.54774584E-29
  0.25349867E+13  0.80317478E-29 -0.50159297E-29
  0.25828167E+13  0.74485279E-29 -0.43978554E-29
  0.26306466E+13  0.72052769E-29 -0.52262936E-29
  0.26784765E+13  0.78799602E-29 -0.51402603E-29
  0.27263065E+13  0.80941944E-29 -0.48335510E-29
  0.27741364E+13  0.82768593E-29 -0.44901614E-29
  0.28219663E+13  0.83459264E-29 -0.38913756E-29
  0.28697963E+13  0.73427923E-29 -0.37970328E-29
  0.29176262E+13  0.78763106E-29 -0.43847202E-29
  0.29654562E+13  0.82010561E-29 -0.41104041E-29
  0.30132861E+13  0.83832251E-29 -0.38437411E-29
  0.30611160E+13  0.85249307E-29 -0.34881257E-29
  0.31089460E+13  0.84472633E-29 -0.28005124E-29
  0.31567759E+13  0.77418863E-29 -0.32290744E-29
  0.32046058E+13  0.82147964E-29 -0.33236385E-29
  0.32524358E+13  0.84148404E-29 -0.30833404E-29
  0.33002657E+13  0.85695217E-29 -0.28255245E-29
  0.33480957E+13  0.86758327E-29 -0.24164375E-29
  0.33959256E+13  0.80615541E-29 -0.19543729E-29
  0.34437555E+13  0.81086498E-29 -0.23774066E-29
  0.34915855E+13  0.83731257E-29 -0.22983831E-29
  0.35394154E+13  0.85162629E-29 -0.20936842E-29
  0.35872453E+13  0.86498355E-29 -0.18332077E-29
  0.36350753E+13  0.87143182E-29 -0.12925515E-29
  0.36829052E+13  0.81535602E-29 -0.12990037E-29
  0.37307352E+13  0.82629888E-29 -0.13708813E-29
  0.37785651E+13  0.84062977E-29 -0.12728155E-29
  0.38263950E+13  0.85123774E-29 -0.10976543E-29
  0.38742250E+13  0.86219136E-29 -0.81343285E-30
  0.39220549E+13  0.83939945E-29 -0.39579474E-30
  0.39698849E+13  0.82980761E-29 -0.50142494E-30
  0.40177148E+13  0.83021723E-29 -0.40626705E-30
  0.40655447E+13  0.83751652E-29 -0.28252950E-30
  0.41133747E+13  0.84501643E-29 -0.10881848E-30
  0.41612046E+13  0.85005626E-29  0.20997670E-30
  0.42090345E+13  0.81551474E-29  0.35651759E-30
  0.42568645E+13  0.82663575E-29  0.38146980E-30
  0.43046944E+13  0.82541811E-29  0.51039706E-30
  0.43525244E+13  0.83023013E-29  0.64139800E-30
  0.44003543E+13  0.83362840E-29  0.83771787E-30
  0.44481842E+13  0.83014999E-29  0.11442140E-29
  0.44960142E+13  0.81287199E-29  0.11238887E-29
  0.45438441E+13  0.81802189E-29  0.12494657E-29
  0.45916740E+13  0.81714769E-29  0.13870246E-29
  0.46395040E+13  0.82112519E-29  0.15252875E-29
  0.46873339E+13  0.82311886E-29  0.17315004E-29
  0.47351639E+13  0.80185307E-29  0.19366921E-29
  0.47829938E+13  0.80798376E-29  0.19230115E-29
  0.48308237E+13  0.81274413E-29  0.20502069E-29
  0.48786537E+13  0.81545290E-29  0.21938453E-29
  0.49264836E+13  0.81913663E-29  0.23264006E-29
  0.49743136E+13  0.82453504E-29  0.25664236E-29
  0.50221435E+13  0.81260739E-29  0.26086876E-29
  0.50699734E+13  0.82165398E-29  0.26807464E-29
  0.51178034E+13  0.83159045E-29  0.28008270E-29
  0.51656333E+13  0.84177340E-29  0.29310317E-29
  0.52134632E+13  0.85491280E-29  0.30679841E-29
  0.52612932E+13  0.86031143E-29  0.32388823E-29
  0.53091231E+13  0.88014597E-29  0.32732242E-29
  0.53569531E+13  0.90952980E-29  0.33549545E-29
  0.54047830E+13  0.94753713E-29  0.34775763E-29
  0.54526129E+13  0.10004932E-28  0.35858365E-29
  0.55004429E+13  0.10874796E-28  0.37618460E-29
  0.55482728E+13  0.12779211E-28  0.43565067E-29
  0.55961027E+13  0.13295708E-28  0.76724577E-29
  0.56439327E+13  0.12246884E-28  0.93897020E-29
  0.56917626E+13  0.11261919E-28  0.10490525E-28
  0.57395926E+13  0.10342107E-28  0.11413799E-28
  0.57874225E+13  0.94223682E-29  0.12136167E-28
  0.58352524E+13  0.84544032E-29  0.12707191E-28
  0.58830824E+13  0.76036725E-29  0.13132278E-28
  0.59309123E+13  0.67686798E-29  0.13537168E-28
  0.59787422E+13  0.58730896E-29  0.13870983E-28
  0.60265722E+13  0.50771885E-29  0.14104510E-28
  0.60744021E+13  0.42249716E-29  0.14344137E-28
  0.61222321E+13  0.33861402E-29  0.14431289E-28
  0.61700620E+13  0.26333411E-29  0.14529751E-28
  0.62178919E+13  0.18587653E-29  0.14579540E-28
  0.62657219E+13  0.11477260E-29  0.14627786E-28
  0.63135518E+13  0.32170075E-30  0.14618589E-28
  0.63613818E+13 -0.38761930E-30  0.14506134E-28
  0.64092117E+13 -0.10667270E-29  0.14442789E-28
  0.64570416E+13 -0.17791682E-29  0.14319887E-28
  0.65048716E+13 -0.24294235E-29  0.14148687E-28
  0.65527015E+13 -0.30981922E-29  0.14029321E-28
  0.66005314E+13 -0.37630882E-29  0.13799901E-28
  0.66483614E+13 -0.43686144E-29  0.13565750E-28
  0.66961913E+13 -0.50008011E-29  0.13313510E-28
  0.67440213E+13 -0.55464666E-29  0.13015864E-28
  0.67918512E+13 -0.60912643E-29  0.12789249E-28
  0.68396811E+13 -0.67263408E-29  0.12468743E-28
  0.68875111E+13 -0.72321151E-29  0.12103800E-28
  0.69353410E+13 -0.77481902E-29  0.11752079E-28
  0.69831709E+13 -0.82237604E-29  0.11371735E-28
  0.70310009E+13 -0.86677855E-29  0.11040861E-28
  0.70788308E+13 -0.91939346E-29  0.10641247E-28
  0.71266608E+13 -0.96243449E-29  0.10202529E-28
  0.71744907E+13 -0.10037804E-28  0.97637290E-29
  0.72223206E+13 -0.10398212E-28  0.93202559E-29
  0.72701506E+13 -0.10780730E-28  0.89108068E-29
  0.73179805E+13 -0.11169104E-28  0.84440708E-29
  0.73658105E+13 -0.11504091E-28  0.79607558E-29
  0.74136404E+13 -0.11822121E-28  0.74551151E-29
  0.74614703E+13 -0.12077907E-28  0.69764132E-29
  0.75093003E+13 -0.12361141E-28  0.64919136E-29
  0.75571302E+13 -0.12622713E-28  0.60071869E-29
  0.76049601E+13 -0.12874940E-28  0.54749917E-29
  0.76527901E+13 -0.13050972E-28  0.49415750E-29
  0.77006200E+13 -0.13238673E-28  0.44399460E-29
  0.77484500E+13 -0.13374960E-28  0.39196820E-29
  0.77962799E+13 -0.13544686E-28  0.34318317E-29
  0.78441098E+13 -0.13667153E-28  0.28785548E-29
  0.78919398E+13 -0.13750233E-28  0.23654122E-29
  0.79397697E+13 -0.13804859E-28  0.18396862E-29
  0.79875996E+13 -0.13837147E-28  0.13655893E-29
  0.80354296E+13 -0.13884777E-28  0.88451493E-30
  0.80832595E+13 -0.13894333E-28  0.40586739E-30
  0.81310895E+13 -0.13865248E-28 -0.37549169E-31
  0.81789194E+13 -0.13886804E-28 -0.41748525E-30
  0.82267493E+13 -0.13923399E-28 -0.80725960E-30
  0.82745793E+13 -0.14050672E-28 -0.12161811E-29
  0.83224092E+13 -0.14123613E-28 -0.16713778E-29
  0.83702391E+13 -0.14131223E-28 -0.23136022E-29
  0.84180691E+13 -0.14103522E-28 -0.26592731E-29
  0.84658990E+13 -0.14104735E-28 -0.31107920E-29
  0.85137290E+13 -0.14177382E-28 -0.36376326E-29
  0.85615589E+13 -0.14264874E-28 -0.41597414E-29
  0.86093888E+13 -0.14347308E-28 -0.47379955E-29
  0.86572188E+13 -0.14319492E-28 -0.52862924E-29
  0.87050487E+13 -0.14324246E-28 -0.59015139E-29
  0.87528787E+13 -0.14285661E-28 -0.65220821E-29
  0.88007086E+13 -0.14194080E-28 -0.72183250E-29
  0.88485385E+13 -0.14111666E-28 -0.78727713E-29
  0.88963685E+13 -0.13982719E-28 -0.85431773E-29
  0.89441984E+13 -0.13853250E-28 -0.92557944E-29
  0.89920283E+13 -0.13708870E-28 -0.10042133E-28
  0.90398583E+13 -0.13503545E-28 -0.10868431E-28
  0.90876882E+13 -0.13296675E-28 -0.11791923E-28
  0.91355182E+13 -0.12879408E-28 -0.12927433E-28
  0.91833481E+13 -0.12163472E-28 -0.13996197E-28
  0.92311780E+13 -0.11300745E-28 -0.14929752E-28
  0.92790080E+13 -0.10348649E-28 -0.15749838E-28
  0.93268379E+13 -0.93196302E-29 -0.16467335E-28
  0.93746678E+13 -0.80991162E-29 -0.17313342E-28
  0.94224978E+13 -0.67947137E-29 -0.17702325E-28
  0.94703277E+13 -0.54852110E-29 -0.18144343E-28
  0.95181577E+13 -0.41005344E-29 -0.18375970E-28
  0.95659876E+13 -0.26208547E-29 -0.18489434E-28
  0.96138175E+13 -0.10445601E-29 -0.18433566E-28
  0.96616475E+13  0.59564755E-30 -0.18193282E-28
  0.97094774E+13  0.23010588E-29 -0.17653329E-28
  0.97573074E+13  0.40251843E-29 -0.16849178E-28
  0.98051373E+13  0.59377612E-29 -0.15479148E-28
  0.98529672E+13  0.79340033E-29 -0.12557671E-28
  0.99007972E+13  0.59379963E-29 -0.98123447E-29
  0.99486271E+13  0.51090989E-29 -0.94632059E-29
  0.99964570E+13  0.48496884E-29 -0.91018421E-29
  0.10044287E+14  0.47815444E-29 -0.86835799E-29
  0.10092117E+14  0.48049918E-29 -0.82326397E-29
  0.10139947E+14  0.49118001E-29 -0.77258627E-29
  0.10187777E+14  0.50120292E-29 -0.71654668E-29
  0.10235607E+14  0.51207515E-29 -0.65162846E-29
  0.10283437E+14  0.52227645E-29 -0.57092585E-29
  0.10331267E+14  0.51578710E-29 -0.46963103E-29
  0.10379097E+14  0.48351667E-29 -0.34153470E-29
  0.10426926E+14  0.33731093E-29 -0.19499399E-29
  0.10474756E+14  0.16448788E-29 -0.23031359E-29
  0.10522586E+14  0.50905544E-30 -0.29548830E-29
  0.10570416E+14  0.41687485E-30 -0.36808357E-29
  0.10618246E+14  0.33144733E-30 -0.39946932E-29
  0.10666076E+14  0.25457005E-30 -0.42023632E-29
  0.10713906E+14  0.19901674E-30 -0.43652129E-29
  0.10761736E+14  0.14141106E-30 -0.44728810E-29
  0.10809566E+14  0.81449460E-31 -0.45646688E-29
  0.10857396E+14  0.37938976E-31 -0.46749166E-29
  0.10905226E+14  0.16733631E-31 -0.47408262E-29
  0.10953056E+14 -0.16935921E-31 -0.48055674E-29
  0.11000886E+14 -0.47074457E-31 -0.48618531E-29
  0.11048716E+14 -0.71526662E-31 -0.49397007E-29
  0.11096546E+14 -0.65972480E-31 -0.49876442E-29
  0.11144376E+14 -0.94841819E-31 -0.50309437E-29
  0.11192205E+14 -0.10278994E-30 -0.50825366E-29
  0.11240035E+14 -0.12720161E-30 -0.51297459E-29
  0.11287865E+14 -0.13787537E-30 -0.51764618E-29
  0.11335695E+14 -0.22524116E-30 -0.52476678E-29
  0.11383525E+14 -0.25388128E-30 -0.54186441E-29
  0.11431355E+14 -0.18502639E-30 -0.55814306E-29
  0.11479185E+14 -0.91951648E-31 -0.56971676E-29
  0.11527015E+14  0.19291534E-31 -0.58131435E-29
  0.11574845E+14  0.16692158E-30 -0.59035176E-29
  0.11622675E+14  0.33137952E-30 -0.59481742E-29
  0.11670505E+14  0.48684022E-30 -0.59617257E-29
  0.11718335E+14  0.65082540E-30 -0.59712521E-29
  0.11766165E+14  0.83731180E-30 -0.59299188E-29
  0.11813995E+14  0.98483337E-30 -0.58527279E-29
  0.11861825E+14  0.11266804E-29 -0.57831943E-29
  0.11909655E+14  0.12772225E-29 -0.56541021E-29
  0.11957484E+14  0.13721312E-29 -0.55028914E-29
  0.12005314E+14  0.14607163E-29 -0.53481886E-29
  0.12053144E+14  0.14966875E-29 -0.51265160E-29
  0.12100974E+14  0.14098426E-29 -0.49963929E-29
  0.12148804E+14  0.13897281E-29 -0.49107341E-29
  0.12196634E+14  0.13578729E-29 -0.48328898E-29
  0.12244464E+14  0.13625112E-29 -0.47621232E-29
  0.12292294E+14  0.13385925E-29 -0.46624129E-29
  0.12340124E+14  0.13261000E-29 -0.45781376E-29
  0.12387954E+14  0.12716278E-29 -0.44744011E-29
  0.12435784E+14  0.12301289E-29 -0.43875189E-29
  0.12483614E+14  0.11438069E-29 -0.43082825E-29
  0.12531444E+14  0.10393531E-29 -0.42512253E-29
  0.12579274E+14  0.92315651E-30 -0.42304043E-29
  0.12627104E+14  0.84255865E-30 -0.43188495E-29
  0.12674934E+14  0.91665231E-30 -0.43084683E-29
  0.12722764E+14  0.89878742E-30 -0.42316496E-29
  0.12770593E+14  0.84258244E-30 -0.41624054E-29
  0.12818423E+14  0.75855780E-30 -0.41107465E-29
  0.12866253E+14  0.66941864E-30 -0.40843735E-29
  0.12914083E+14  0.57512149E-30 -0.40739687E-29
  0.12961913E+14  0.48320235E-30 -0.40766693E-29
  0.13009743E+14  0.39211725E-30 -0.40966369E-29
  0.13057573E+14  0.30101142E-30 -0.41280401E-29
  0.13105403E+14  0.21745457E-30 -0.41739988E-29
  0.13153233E+14  0.13912308E-30 -0.42333701E-29
  0.13201063E+14  0.73424624E-31 -0.43053715E-29
  0.13248893E+14  0.21870337E-31 -0.43918310E-29
  0.13296723E+14  0.00000000E+00 -0.44868624E-29
  0.13344553E+14  0.00000000E+00 -0.45598231E-29
  0.13392383E+14  0.00000000E+00 -0.46196451E-29
  0.13440213E+14  0.00000000E+00 -0.46730695E-29
  0.13488043E+14  0.00000000E+00 -0.47223728E-29
  0.13535872E+14  0.00000000E+00 -0.47688150E-29
  0.13583702E+14  0.00000000E+00 -0.48131997E-29
  0.13631532E+14  0.00000000E+00 -0.48560826E-29
  0.13679362E+14  0.00000000E+00 -0.48978704E-29
  0.13727192E+14  0.00000000E+00 -0.49388729E-29
  0.13775022E+14  0.00000000E+00 -0.49793339E-29
  0.13822852E+14  0.00000000E+00 -0.50194500E-29
  0.13870682E+14  0.00000000E+00 -0.50593839E-29
  0.13918512E+14  0.00000000E+00 -0.50992724E-29
  0.13966342E+14  0.00000000E+00 -0.51392326E-29
  0.14014172E+14  0.00000000E+00 -0.51793665E-29
  0.14062002E+14  0.00000000E+00 -0.52197642E-29
  0.14109832E+14  0.00000000E+00 -0.52605063E-29
  0.14157662E+14  0.00000000E+00 -0.53016659E-29
  0.14205492E+14  0.00000000E+00 -0.53433103E-29
  0.14253322E+14  0.00000000E+00 -0.53855018E-29
  0.14301151E+14  0.00000000E+00 -0.54282990E-29
  0.14348981E+14  0.00000000E+00 -0.54717574E-29
  0.14396811E+14  0.00000000E+00 -0.55159303E-29
  0.14444641E+14  0.00000000E+00 -0.55608692E-29
  0.14492471E+14  0.00000000E+00 -0.56066242E-29
  0.14540301E+14  0.00000000E+00 -0.56532446E-29
  0.14588131E+14  0.00000000E+00 -0.57007791E-29
  0.14635961E+14  0.00000000E+00 -0.57492763E-29
  0.14683791E+14  0.00000000E+00 -0.57987847E-29
  0.14731621E+14  0.00000000E+00 -0.58493534E-29
  0.14779451E+14  0.00000000E+00 -0.59010318E-29
  0.14827281E+14  0.00000000E+00 -0.59538705E-29
  0.14875111E+14  0.00000000E+00 -0.60079207E-29
  0.14922941E+14  0.00000000E+00 -0.60632353E-29
  0.14970771E+14  0.00000000E+00 -0.61198682E-29
  0.15018601E+14  0.00000000E+00 -0.61778754E-29
  0.15066430E+14  0.00000000E+00 -0.62373145E-29
  0.15114260E+14  0.00000000E+00 -0.62982453E-29
  0.15162090E+14  0.00000000E+00 -0.63607298E-29
  0.15209920E+14  0.00000000E+00 -0.64248327E-29
  0.15257750E+14  0.00000000E+00 -0.64906213E-29
  0.15305580E+14  0.00000000E+00 -0.65581659E-29
  0.15353410E+14  0.00000000E+00 -0.66275400E-29
  0.15401240E+14  0.00000000E+00 -0.66988207E-29
  0.15449070E+14  0.00000000E+00 -0.67720890E-29
  0.15496900E+14  0.00000000E+00 -0.68474296E-29
  0.15544730E+14  0.00000000E+00 -0.69249321E-29
  0.15592560E+14  0.00000000E+00 -0.70046904E-29
  0.15640390E+14  0.00000000E+00 -0.70868040E-29
  0.15688220E+14  0.00000000E+00 -0.71713775E-29
  0.15736050E+14  0.00000000E+00 -0.72585217E-29
  0.15783880E+14  0.00000000E+00 -0.73483538E-29
  0.15831709E+14  0.00000000E+00 -0.74409981E-29
  0.15879539E+14  0.00000000E+00 -0.75365861E-29
  0.15927369E+14  0.00000000E+00 -0.76352579E-29
  0.15975199E+14  0.00000000E+00 -0.77371620E-29
  0.16023029E+14  0.00000000E+00 -0.78424567E-29
  0.16070859E+14  0.00000000E+00 -0.79513105E-29
  0.16118689E+14  0.00000000E+00 -0.80639033E-29
  0.16166519E+14  0.00000000E+00 -0.81804272E-29
  0.16214349E+14  0.00000000E+00 -0.83010875E-29
  0.16262179E+14  0.00000000E+00 -0.84261041E-29
  0.16310009E+14  0.00000000E+00 -0.85557129E-29
  0.16357839E+14  0.00000000E+00 -0.86901670E-29
  0.16405669E+14  0.00000000E+00 -0.88297384E-29
  0.16453499E+14  0.00000000E+00 -0.89747202E-29
  0.16501329E+14  0.00000000E+00 -0.91254282E-29
  0.16549159E+14  0.00000000E+00 -0.92822036E-29
  0.16596988E+14  0.00000000E+00 -0.94454152E-29
  0.16644818E+14  0.00000000E+00 -0.96154629E-29
  0.16692648E+14  0.00000000E+00 -0.97927804E-29
  0.16740478E+14  0.00000000E+00 -0.99778395E-29
  0.16788308E+14  0.00000000E+00 -0.10171154E-28
  0.16836138E+14  0.00000000E+00 -0.10373285E-28
  0.16883968E+14  0.00000000E+00 -0.10584846E-28
  0.16931798E+14  0.00000000E+00 -0.10806509E-28
  0.16979628E+14  0.00000000E+00 -0.11039014E-28
  0.17027458E+14  0.00000000E+00 -0.11283175E-28
  0.17075288E+14  0.00000000E+00 -0.11539892E-28
  0.17123118E+14  0.00000000E+00 -0.11810159E-28
  0.17170948E+14  0.00000000E+00 -0.12095085E-28
  0.17218778E+14  0.00000000E+00 -0.12395901E-28
  0.17266608E+14  0.00000000E+00 -0.12713986E-28
  0.17314438E+14  0.00000000E+00 -0.13050885E-28
  0.17362267E+14  0.00000000E+00 -0.13408342E-28
  0.17410097E+14  0.00000000E+00 -0.13788327E-28
  0.17457927E+14  0.00000000E+00 -0.14193077E-28
  0.17505757E+14  0.00000000E+00 -0.14625150E-28
  0.17553587E+14  0.00000000E+00 -0.15087479E-28
  0.17601417E+14  0.00000000E+00 -0.15583453E-28
  0.17649247E+14  0.00000000E+00 -0.16117010E-28
  0.17697077E+14  0.00000000E+00 -0.16692761E-28
  0.17744907E+14  0.00000000E+00 -0.17316146E-28
  0.17792737E+14 -0.50514440E-37 -0.17993647E-28
  0.17840567E+14 -0.75307206E-35 -0.18733058E-28
  0.17888397E+14 -0.54512996E-34 -0.19543894E-28
  0.17936227E+14 -0.19763630E-33 -0.20437949E-28
  0.17984057E+14 -0.48357488E-33 -0.21430124E-28
  0.18031887E+14 -0.98632821E-33 -0.22539656E-28
  0.18079717E+14 -0.17179970E-32 -0.23792186E-28
  0.18127547E+14 -0.25003375E-32 -0.25223066E-28
  0.18175376E+14 -0.27468534E-32 -0.26884421E-28
  0.18223206E+14  0.30894585E-33 -0.28860516E-28
  0.18271036E+14  0.18448969E-31 -0.31319553E-28
  0.18318866E+14  0.34988742E-30 -0.34812064E-28
  0.18366696E+14  0.23015781E-29 -0.37817299E-28
  0.18414526E+14  0.35646767E-29 -0.42023460E-28
  0.18462356E+14  0.59972982E-29 -0.46681331E-28
  0.18510186E+14  0.11213660E-28 -0.49840003E-28
  0.18558016E+14  0.17219903E-28 -0.54293748E-28
  0.18605846E+14  0.22124103E-28 -0.57168259E-28
  0.18653676E+14  0.28292071E-28 -0.59827102E-28
  0.18701506E+14  0.36764867E-28 -0.60737515E-28
  0.18749336E+14  0.43427258E-28 -0.64894700E-28
  0.18797166E+14  0.57944107E-28 -0.65976859E-28
  0.18844996E+14  0.80551198E-28 -0.62522351E-28
  0.18892826E+14  0.94347347E-28 -0.41752537E-28
  0.18940655E+14  0.94115644E-28 -0.20912607E-28
  0.18988485E+14  0.90019797E-28 -0.11227956E-28
  0.19036315E+14  0.89128482E-28  0.39041695E-30
  0.19084145E+14  0.85200255E-28  0.80158782E-29
  0.19131975E+14  0.80640585E-28  0.15602616E-28
  0.19179805E+14  0.74564142E-28  0.21659347E-28
  0.19227635E+14  0.69261495E-28  0.26545200E-28
  0.19275465E+14  0.65133373E-28  0.30749953E-28
  0.19323295E+14  0.60213209E-28  0.34052493E-28
  0.19371125E+14  0.57043561E-28  0.37401168E-28
  0.19418955E+14  0.53128174E-28  0.39715121E-28
  0.19466785E+14  0.48125439E-28  0.42584717E-28
  0.19514615E+14  0.44266027E-28  0.43932961E-28
  0.19562445E+14  0.39242073E-28  0.44426345E-28
  0.19610275E+14  0.35293545E-28  0.45964722E-28
  0.19658105E+14  0.29871813E-28  0.45786061E-28
  0.19705934E+14  0.26835604E-28  0.46028233E-28
  0.19753764E+14  0.23647797E-28  0.45444492E-28
  0.19801594E+14  0.19478853E-28  0.44678304E-28
  0.19849424E+14  0.16695334E-28  0.43831518E-28
  0.19897254E+14  0.13584416E-28  0.42365431E-28
  0.19945084E+14  0.11889791E-28  0.41332191E-28
  0.19992914E+14  0.91214601E-29  0.39503155E-28
  0.20040744E+14  0.71148162E-29  0.38390884E-28
  0.20088574E+14  0.64031498E-29  0.36359116E-28
  0.20136404E+14  0.43396826E-29  0.36125004E-28
  0.20184234E+14  0.41074823E-29  0.35176018E-28
  0.20232064E+14  0.19692524E-29  0.33438786E-28
  0.20279894E+14  0.12803737E-29  0.32809840E-28
  0.20327724E+14 -0.43583667E-30  0.30905315E-28
  0.20375554E+14 -0.18902729E-29  0.29924286E-28
  0.20423384E+14 -0.20251402E-29  0.27497446E-28
  0.20471213E+14 -0.44071739E-29  0.25666514E-28
  0.20519043E+14 -0.17152426E-29  0.23130041E-28
  0.20566873E+14 -0.39911651E-30  0.19178629E-28
  0.20614703E+14  0.13453112E-30  0.16976084E-28
  0.20662533E+14  0.76033797E-29  0.15097609E-28
  0.20710363E+14  0.16015277E-28  0.10779163E-28
  0.20758193E+14  0.34759335E-28  0.22252271E-28
  0.20806023E+14  0.36063006E-28  0.43139321E-28
  0.20853853E+14  0.27664402E-28  0.59599240E-28
  0.20901683E+14  0.16326141E-28  0.70681320E-28
  0.20949513E+14  0.92797277E-29  0.77206531E-28
  0.20997343E+14 -0.95707654E-29  0.10697279E-27
  0.21045173E+14 -0.50247365E-28  0.99943285E-28
  0.21093003E+14 -0.73515632E-28  0.81605981E-28
  0.21140833E+14 -0.88338249E-28  0.60622752E-28
  0.21188663E+14 -0.96612299E-28  0.38766214E-28
  0.21236492E+14 -0.99965339E-28  0.17211617E-28
  0.21284322E+14 -0.10286610E-27 -0.65427873E-29
  0.21332152E+14 -0.85640563E-28 -0.39067710E-28
  0.21379982E+14 -0.59533780E-28 -0.32759133E-28
  0.21427812E+14 -0.66370252E-28 -0.33216940E-28
  0.21475642E+14 -0.80497600E-28 -0.65748278E-28
  0.21523472E+14 -0.27253040E-28 -0.11505017E-27
  0.21571302E+14  0.52166384E-28 -0.85448097E-28
  0.21619132E+14  0.77289511E-28  0.17031744E-28
  0.21666962E+14 -0.10286548E-28  0.12060528E-28
  0.21714792E+14 -0.14130602E-28 -0.43214932E-29
  0.21762622E+14 -0.13377219E-28 -0.11010863E-28
  0.21810452E+14 -0.11533626E-28 -0.14349005E-28
  0.21858282E+14 -0.94618825E-29 -0.16122688E-28
  0.21906112E+14 -0.74453866E-29 -0.16919443E-28
  0.21953942E+14 -0.55563435E-29 -0.17198474E-28
  0.22001771E+14 -0.38520588E-29 -0.17139972E-28
  0.22049601E+14 -0.23088511E-29 -0.16824563E-28
  0.22097431E+14 -0.89715877E-30 -0.16461198E-28
  0.22145261E+14  0.41508028E-30 -0.15904905E-28
  0.22193091E+14  0.14434504E-29 -0.15356236E-28
  0.22240921E+14  0.23825904E-29 -0.14796466E-28
  0.22288751E+14  0.32592896E-29 -0.14157157E-28
  0.22336581E+14  0.40301376E-29 -0.13544554E-28
  0.22384411E+14  0.48136361E-29 -0.12961123E-28
  0.22432241E+14  0.53534259E-29 -0.12397022E-28
  0.22480071E+14  0.59572819E-29 -0.11760970E-28
  0.22527901E+14  0.66392711E-29 -0.11204407E-28
  0.22575731E+14  0.69960385E-29 -0.10640053E-28
  0.22623561E+14  0.74751412E-29 -0.10038141E-28
  0.22671391E+14  0.79197307E-29 -0.95433942E-29
  0.22719221E+14  0.81772452E-29 -0.89845685E-29
  0.22767050E+14  0.85646070E-29 -0.84827502E-29
  0.22814880E+14  0.88984176E-29 -0.79480659E-29
  0.22862710E+14  0.92195515E-29 -0.74722864E-29
  0.22910540E+14  0.93810651E-29 -0.69626366E-29
  0.22958370E+14  0.96419829E-29 -0.64891244E-29
  0.23006200E+14  0.98656249E-29 -0.60206490E-29
  0.23054030E+14  0.10082396E-28 -0.55618381E-29
  0.23101860E+14  0.10221633E-28 -0.51075156E-29
  0.23149690E+14  0.10421714E-28 -0.46813096E-29
  0.23197520E+14  0.10481062E-28 -0.42166213E-29
  0.23245350E+14  0.10703169E-28 -0.38049246E-29
  0.23293180E+14  0.10806492E-28 -0.33619732E-29
  0.23341010E+14  0.10896965E-28 -0.30068673E-29
  0.23388840E+14  0.10931835E-28 -0.25250154E-29
  0.23436670E+14  0.11063778E-28 -0.21581910E-29
  0.23484500E+14  0.11168419E-28 -0.17415422E-29
  0.23532329E+14  0.11166259E-28 -0.13661956E-29
  0.23580159E+14  0.11257924E-28 -0.97203397E-30
  0.23627989E+14  0.11187497E-28 -0.59759759E-30
  0.23675819E+14  0.11291207E-28 -0.20344479E-30
  0.23723649E+14  0.11363063E-28  0.18974312E-30
  0.23771479E+14  0.11387430E-28  0.53034122E-30
  0.23819309E+14  0.11377547E-28  0.96829128E-30
  0.23867139E+14  0.11363488E-28  0.12747532E-29
  0.23914969E+14  0.11347602E-28  0.17410150E-29
  0.23962799E+14  0.11290658E-28  0.20558831E-29
  0.24010629E+14  0.11291853E-28  0.24828508E-29
  0.24058459E+14  0.11234723E-28  0.28543305E-29
  0.24106289E+14  0.11234431E-28  0.32343251E-29
  0.24154119E+14  0.11166452E-28  0.36727570E-29
  0.24201949E+14  0.11157407E-28  0.40303438E-29
  0.24249779E+14  0.11105174E-28  0.45196548E-29
  0.24297609E+14  0.11083457E-28  0.49627398E-29
  0.24345438E+14  0.11110833E-28  0.54605026E-29
  0.24393268E+14  0.10944322E-28  0.59074314E-29
  0.24441098E+14  0.10704358E-28  0.64632958E-29
  0.24488928E+14  0.10739369E-28  0.70480068E-29
  0.24536758E+14  0.10477607E-28  0.76150618E-29
  0.24584588E+14  0.10461897E-28  0.84403331E-29
  0.24632418E+14  0.10033300E-28  0.92655859E-29
  0.24680248E+14  0.98061620E-29  0.10272528E-28
  0.24728078E+14  0.89962929E-29  0.11505351E-28
  0.24775908E+14  0.73362319E-29  0.13241321E-28
  0.24823738E+14  0.47695758E-29  0.13455588E-28
  0.24871568E+14  0.26846205E-29  0.12722498E-28
  0.24919398E+14  0.16576568E-29  0.11295806E-28
  0.24967228E+14  0.13413531E-29  0.10483421E-28
  0.25015058E+14  0.75173895E-30  0.96414577E-29
  0.25062888E+14  0.32899468E-30  0.88758473E-29
  0.25110717E+14  0.16907294E-30  0.83256577E-29
  0.25158547E+14 -0.59914899E-31  0.76349243E-29
  0.25206377E+14 -0.13600798E-30  0.71471323E-29
  0.25254207E+14 -0.26153354E-30  0.65648979E-29
  0.25302037E+14 -0.24926406E-30  0.61461101E-29
  0.25349867E+14 -0.24894835E-30  0.56751759E-29
  0.25397697E+14 -0.19703781E-30  0.52775776E-29
  0.25445527E+14 -0.13789516E-30  0.49132914E-29
  0.25493357E+14  0.57707548E-32  0.45858598E-29
  0.25541187E+14  0.86286248E-31  0.42851702E-29
  0.25589017E+14  0.26202382E-30  0.40208611E-29
  0.25636847E+14  0.39023309E-30  0.37812929E-29
  0.25684677E+14  0.57074230E-30  0.35872081E-29
  0.25732507E+14  0.77013308E-30  0.34029662E-29
  0.25780337E+14  0.90946833E-30  0.32517343E-29
  0.25828167E+14  0.10773963E-29  0.31636881E-29
  0.25875996E+14  0.13347413E-29  0.30385625E-29
  0.25923826E+14  0.14432098E-29  0.30197632E-29
  0.25971656E+14  0.17786906E-29  0.30296787E-29
  0.26019486E+14  0.18307267E-29  0.28987029E-29
  0.26067316E+14  0.19420113E-29  0.30426497E-29
  0.26115146E+14  0.23568211E-29  0.31326465E-29
  0.26162976E+14  0.24996404E-29  0.31107072E-29
  0.26210806E+14  0.20655935E-29  0.32620675E-29
  0.26258636E+14  0.26539420E-29  0.34629204E-29
  0.26306466E+14  0.28406732E-29  0.34522621E-29
  0.26354296E+14  0.28963401E-29  0.36237896E-29
  0.26402126E+14  0.27266091E-29  0.38861004E-29
  0.26449956E+14  0.27414943E-29  0.40272482E-29
  0.26497786E+14  0.28135259E-29  0.42491943E-29
  0.26545616E+14  0.27803676E-29  0.44675034E-29
  0.26593446E+14  0.26892593E-29  0.46947216E-29
  0.26641275E+14  0.25783290E-29  0.49046159E-29
  0.26689105E+14  0.23717198E-29  0.51336971E-29
  0.26736935E+14  0.22007840E-29  0.53721249E-29
  0.26784765E+14  0.19186464E-29  0.54574467E-29
  0.26832595E+14  0.16149452E-29  0.56620606E-29
  0.26880425E+14  0.11967857E-29  0.56551178E-29
  0.26928255E+14  0.80203100E-30  0.55743041E-29
  0.26976085E+14  0.64070657E-30  0.53461856E-29
  0.27023915E+14  0.00000000E+00  0.51573966E-29
  0.27071745E+14  0.00000000E+00  0.47689217E-29
  0.27119575E+14  0.00000000E+00  0.45372831E-29
  0.27167405E+14  0.00000000E+00  0.43617767E-29
  0.27215235E+14  0.00000000E+00  0.42178369E-29
  0.27263065E+14  0.00000000E+00  0.40947396E-29
  0.27310895E+14  0.00000000E+00  0.39866439E-29
  0.27358725E+14  0.00000000E+00  0.38899546E-29
  0.27406554E+14  0.00000000E+00  0.38022779E-29
  0.27454384E+14  0.00000000E+00  0.37219288E-29
  0.27502214E+14  0.00000000E+00  0.36476717E-29
  0.27550044E+14  0.00000000E+00  0.35785707E-29
  0.27597874E+14  0.00000000E+00  0.35138983E-29
  0.27645704E+14  0.00000000E+00  0.34530770E-29
  0.27693534E+14  0.00000000E+00  0.33956401E-29
  0.27741364E+14  0.00000000E+00  0.33412044E-29
  0.27789194E+14  0.00000000E+00  0.32894513E-29
  0.27837024E+14  0.00000000E+00  0.32401129E-29
  0.27884854E+14  0.00000000E+00  0.31929612E-29
  0.27932684E+14  0.00000000E+00  0.31478008E-29
  0.27980514E+14  0.00000000E+00  0.31044627E-29
  0.28028344E+14  0.00000000E+00  0.30627997E-29
  0.28076174E+14  0.00000000E+00  0.30226827E-29
  0.28124004E+14  0.00000000E+00  0.29839976E-29
  0.28171833E+14  0.00000000E+00  0.29466435E-29
  0.28219663E+14  0.00000000E+00  0.29105301E-29
  0.28267493E+14  0.00000000E+00  0.28755767E-29
  0.28315323E+14  0.00000000E+00  0.28417105E-29
  0.28363153E+14  0.00000000E+00  0.28088659E-29
  0.28410983E+14  0.00000000E+00  0.27769831E-29
  0.28458813E+14  0.00000000E+00  0.27460081E-29
  0.28506643E+14  0.00000000E+00  0.27158912E-29
  0.28554473E+14  0.00000000E+00  0.26865871E-29
  0.28602303E+14  0.00000000E+00  0.26580541E-29
  0.28650133E+14  0.00000000E+00  0.26302537E-29
  0.28697963E+14  0.00000000E+00  0.26031507E-29
  0.28745793E+14  0.00000000E+00  0.25767121E-29
  0.28793623E+14  0.00000000E+00  0.25509075E-29
  0.28841453E+14  0.00000000E+00  0.25257086E-29
  0.28889283E+14  0.00000000E+00  0.25010891E-29
  0.28937112E+14  0.00000000E+00  0.24770244E-29
  0.28984942E+14  0.00000000E+00  0.24534914E-29
  0.29032772E+14  0.00000000E+00  0.24304687E-29
  0.29080602E+14  0.00000000E+00  0.24079360E-29
  0.29128432E+14  0.00000000E+00  0.23858743E-29
  0.29176262E+14  0.00000000E+00  0.23642659E-29
  0.29224092E+14  0.00000000E+00  0.23430938E-29
  0.29271922E+14  0.00000000E+00  0.23223423E-29
  0.29319752E+14  0.00000000E+00  0.23019962E-29
  0.29367582E+14  0.00000000E+00  0.22820415E-29
  0.29415412E+14  0.00000000E+00  0.22624647E-29
  0.29463242E+14  0.00000000E+00  0.22432531E-29
  0.29511072E+14  0.00000000E+00  0.22243945E-29
  0.29558902E+14  0.00000000E+00  0.22058776E-29
  0.29606732E+14  0.00000000E+00  0.21876913E-29
  0.29654562E+14  0.00000000E+00  0.21698254E-29
  0.29702391E+14  0.00000000E+00  0.21522699E-29
  0.29750221E+14  0.00000000E+00  0.21350154E-29
  0.29798051E+14  0.00000000E+00  0.21180529E-29
  0.29845881E+14  0.00000000E+00  0.21013738E-29
  0.29893711E+14  0.00000000E+00  0.20849698E-29
  0.29941541E+14  0.00000000E+00  0.20688332E-29
  0.29989371E+14  0.00000000E+00  0.20529563E-29
  0.30037201E+14  0.00000000E+00  0.20373320E-29
  0.30085031E+14  0.00000000E+00  0.20219534E-29
  0.30132861E+14  0.00000000E+00  0.20068138E-29
  0.30180691E+14  0.00000000E+00  0.19919070E-29
  0.30228521E+14  0.00000000E+00  0.19772266E-29
  0.30276351E+14  0.00000000E+00  0.19627670E-29
  0.30324181E+14  0.00000000E+00  0.19485225E-29
  0.30372011E+14  0.00000000E+00  0.19344876E-29
  0.30419841E+14  0.00000000E+00  0.19206571E-29
  0.30467671E+14  0.00000000E+00  0.19070260E-29
  0.30515500E+14  0.00000000E+00  0.18935893E-29
  0.30563330E+14  0.00000000E+00  0.18803426E-29
  0.30611160E+14  0.00000000E+00  0.18672812E-29
  0.30658990E+14  0.00000000E+00  0.18544007E-29
  0.30706820E+14  0.00000000E+00  0.18416971E-29
  0.30754650E+14  0.00000000E+00  0.18291662E-29
  0.30802480E+14  0.00000000E+00  0.18168041E-29
  0.30850310E+14  0.00000000E+00  0.18046070E-29
  0.30898140E+14  0.00000000E+00  0.17925713E-29
  0.30945970E+14  0.00000000E+00  0.17806933E-29
  0.30993800E+14  0.00000000E+00  0.17689698E-29
  0.31041630E+14  0.00000000E+00  0.17573973E-29
  0.31089460E+14  0.00000000E+00  0.17459727E-29
  0.31137290E+14  0.00000000E+00  0.17346928E-29
  0.31185120E+14  0.00000000E+00  0.17235546E-29
  0.31232950E+14  0.00000000E+00  0.17125552E-29
  0.31280779E+14  0.00000000E+00  0.17016917E-29
  0.31328609E+14  0.00000000E+00  0.16909614E-29
  0.31376439E+14  0.00000000E+00  0.16803616E-29
  0.31424269E+14  0.00000000E+00  0.16698897E-29
  0.31472099E+14  0.00000000E+00  0.16595432E-29
  0.31519929E+14  0.00000000E+00  0.16493196E-29
  0.31567759E+14  0.00000000E+00  0.16392166E-29
  0.31615589E+14  0.00000000E+00  0.16292319E-29
  0.31663419E+14  0.00000000E+00  0.16193631E-29
  0.31711249E+14  0.00000000E+00  0.16096082E-29
  0.31759079E+14  0.00000000E+00  0.15999650E-29
  0.31806909E+14  0.00000000E+00  0.15904314E-29
  0.31854739E+14  0.00000000E+00  0.15810053E-29
  0.31902569E+14  0.00000000E+00  0.15716850E-29
  0.31950399E+14  0.00000000E+00  0.15624683E-29
  0.31998229E+14  0.00000000E+00  0.15533536E-29
  0.32046058E+14  0.00000000E+00  0.15443389E-29
  0.32093888E+14  0.00000000E+00  0.15354225E-29
  0.32141718E+14  0.00000000E+00  0.15266027E-29
  0.32189548E+14  0.00000000E+00  0.15178778E-29
  0.32237378E+14  0.00000000E+00  0.15092462E-29
  0.32285208E+14  0.00000000E+00  0.15007062E-29
  0.32333038E+14  0.00000000E+00  0.14922564E-29
  0.32380868E+14  0.00000000E+00  0.14838952E-29
  0.32428698E+14  0.00000000E+00  0.14756210E-29
  0.32476528E+14  0.00000000E+00  0.14674326E-29
  0.32524358E+14  0.00000000E+00  0.14593285E-29
  0.32572188E+14  0.00000000E+00  0.14513072E-29
  0.32620018E+14  0.00000000E+00  0.14433674E-29
  0.32667848E+14  0.00000000E+00  0.14355079E-29
  0.32715678E+14  0.00000000E+00  0.14277274E-29
  0.32763508E+14  0.00000000E+00  0.14200245E-29
  0.32811337E+14  0.00000000E+00  0.14123981E-29
  0.32859167E+14  0.00000000E+00  0.14048470E-29
  0.32906997E+14  0.00000000E+00  0.13973699E-29
  0.32954827E+14  0.00000000E+00  0.13899658E-29
  0.33002657E+14  0.00000000E+00  0.13826336E-29
  0.33050487E+14  0.00000000E+00  0.13753720E-29
  0.33098317E+14  0.00000000E+00  0.13681801E-29
  0.33146147E+14  0.00000000E+00  0.13610569E-29
  0.33193977E+14  0.00000000E+00  0.13540012E-29
  0.33241807E+14  0.00000000E+00  0.13470121E-29
  0.33289637E+14  0.00000000E+00  0.13400885E-29
  0.33337467E+14  0.00000000E+00  0.13332296E-29
  0.33385297E+14  0.00000000E+00  0.13264344E-29
  0.33433127E+14  0.00000000E+00  0.13197020E-29
  0.33480957E+14  0.00000000E+00  0.13130314E-29
  0.33528787E+14  0.00000000E+00  0.13064218E-29
  0.33576616E+14  0.00000000E+00  0.12998723E-29
  0.33624446E+14  0.00000000E+00  0.12933820E-29
  0.33672276E+14  0.00000000E+00  0.12869502E-29
  0.33720106E+14  0.00000000E+00  0.12805759E-29
  0.33767936E+14  0.00000000E+00  0.12742585E-29
  0.33815766E+14  0.00000000E+00  0.12679970E-29
  0.33863596E+14  0.00000000E+00  0.12617909E-29
  0.33911426E+14  0.00000000E+00  0.12556392E-29
  0.33959256E+14  0.00000000E+00  0.12495412E-29
  0.34007086E+14  0.00000000E+00  0.12434963E-29
  0.34054916E+14  0.00000000E+00  0.12375037E-29
  0.34102746E+14  0.00000000E+00  0.12315626E-29
  0.34150576E+14  0.00000000E+00  0.12256725E-29
  0.34198406E+14  0.00000000E+00  0.12198327E-29
  0.34246236E+14  0.00000000E+00  0.12140425E-29
  0.34294066E+14  0.00000000E+00  0.12083011E-29
  0.34341895E+14  0.00000000E+00  0.12026081E-29
  0.34389725E+14  0.00000000E+00  0.11969628E-29
  0.34437555E+14  0.00000000E+00  0.11913645E-29
  0.34485385E+14  0.00000000E+00  0.11858127E-29
  0.34533215E+14  0.00000000E+00  0.11803068E-29
  0.34581045E+14  0.00000000E+00  0.11748461E-29
  0.34628875E+14  0.00000000E+00  0.11694302E-29
  0.34676705E+14  0.00000000E+00  0.11640584E-29
  0.34724535E+14  0.00000000E+00  0.11587302E-29
  0.34772365E+14  0.00000000E+00  0.11534451E-29
  0.34820195E+14  0.00000000E+00  0.11482025E-29
  0.34868025E+14  0.00000000E+00  0.11430019E-29
  0.34915855E+14  0.00000000E+00  0.11378429E-29
  0.34963685E+14  0.00000000E+00  0.11327248E-29
  0.35011515E+14  0.00000000E+00  0.11276472E-29
  0.35059345E+14  0.00000000E+00  0.11226096E-29
  0.35107174E+14  0.00000000E+00  0.11176115E-29
  0.35155004E+14  0.00000000E+00  0.11126525E-29
  0.35202834E+14  0.00000000E+00  0.11077320E-29
  0.35250664E+14  0.00000000E+00  0.11028497E-29
  0.35298494E+14  0.00000000E+00  0.10980051E-29
  0.35346324E+14  0.00000000E+00  0.10931977E-29
  0.35394154E+14  0.00000000E+00  0.10884271E-29
  0.35441984E+14  0.00000000E+00  0.10836929E-29
  0.35489814E+14  0.00000000E+00  0.10789946E-29
  0.35537644E+14  0.00000000E+00  0.10743319E-29
  0.35585474E+14  0.00000000E+00  0.10697043E-29
  0.35633304E+14  0.00000000E+00  0.10651115E-29
  0.35681134E+14  0.00000000E+00  0.10605530E-29
  0.35728964E+14  0.00000000E+00  0.10560284E-29
  0.35776794E+14  0.00000000E+00  0.10515374E-29
  0.35824624E+14  0.00000000E+00  0.10470796E-29
  0.35872453E+14  0.00000000E+00  0.10426547E-29
  0.35920283E+14  0.00000000E+00  0.10382621E-29
  0.35968113E+14  0.00000000E+00  0.10339017E-29
  0.36015943E+14  0.00000000E+00  0.10295731E-29
  0.36063773E+14  0.00000000E+00  0.10252758E-29
  0.36111603E+14  0.00000000E+00  0.10210096E-29
  0.36159433E+14  0.00000000E+00  0.10167741E-29
  0.36207263E+14  0.00000000E+00  0.10125689E-29
  0.36255093E+14  0.00000000E+00  0.10083939E-29
  0.36302923E+14  0.00000000E+00  0.10042485E-29
  0.36350753E+14  0.00000000E+00  0.10001326E-29
  0.36398583E+14  0.00000000E+00  0.99604580E-30
  0.36446413E+14  0.00000000E+00  0.99198778E-30
  0.36494243E+14  0.00000000E+00  0.98795824E-30
  0.36542073E+14  0.00000000E+00  0.98395689E-30
  0.36589903E+14  0.00000000E+00  0.97998343E-30
  0.36637733E+14  0.00000000E+00  0.97603758E-30
  0.36685562E+14  0.00000000E+00  0.97211903E-30
  0.36733392E+14  0.00000000E+00  0.96822752E-30
  0.36781222E+14  0.00000000E+00  0.96436276E-30
  0.36829052E+14  0.00000000E+00  0.96052448E-30
  0.36876882E+14  0.00000000E+00  0.95671240E-30
  0.36924712E+14  0.00000000E+00  0.95292627E-30
  0.36972542E+14  0.00000000E+00  0.94916581E-30
  0.37020372E+14  0.00000000E+00  0.94543076E-30
  0.37068202E+14  0.00000000E+00  0.94172087E-30
  0.37116032E+14  0.00000000E+00  0.93803589E-30
  0.37163862E+14  0.00000000E+00  0.93437556E-30
  0.37211692E+14  0.00000000E+00  0.93073965E-30
  0.37259522E+14  0.00000000E+00  0.92712790E-30
  0.37307352E+14  0.00000000E+00  0.92354009E-30
  0.37355182E+14  0.00000000E+00  0.91997596E-30
  0.37403012E+14  0.00000000E+00  0.91643530E-30
  0.37450841E+14  0.00000000E+00  0.91291787E-30
  0.37498671E+14  0.00000000E+00  0.90942344E-30
  0.37546501E+14  0.00000000E+00  0.90595180E-30
  0.37594331E+14  0.00000000E+00  0.90250271E-30
  0.37642161E+14  0.00000000E+00  0.89907597E-30
  0.37689991E+14  0.00000000E+00  0.89567135E-30
  0.37737821E+14  0.00000000E+00  0.89228865E-30
  0.37785651E+14  0.00000000E+00  0.88892766E-30
  0.37833481E+14  0.00000000E+00  0.88558816E-30
  0.37881311E+14  0.00000000E+00  0.88226997E-30
  0.37929141E+14  0.00000000E+00  0.87897286E-30
  0.37976971E+14  0.00000000E+00  0.87569666E-30
  0.38024801E+14  0.00000000E+00  0.87244115E-30
  0.38072631E+14  0.00000000E+00  0.86920615E-30
  0.38120461E+14  0.00000000E+00  0.86599147E-30
  0.38168291E+14  0.00000000E+00  0.86279691E-30
  0.38216120E+14  0.00000000E+00  0.85962230E-30
  0.38263950E+14  0.00000000E+00  0.85646744E-30
  0.38311780E+14  0.00000000E+00  0.85333216E-30
  0.38359610E+14  0.00000000E+00  0.85021627E-30
  0.38407440E+14  0.00000000E+00  0.84711960E-30
  0.38455270E+14  0.00000000E+00  0.84404198E-30
  0.38503100E+14  0.00000000E+00  0.84098323E-30
  0.38550930E+14  0.00000000E+00  0.83794318E-30
  0.38598760E+14  0.00000000E+00  0.83492166E-30
  0.38646590E+14  0.00000000E+00  0.83191850E-30
  0.38694420E+14  0.00000000E+00  0.82893355E-30
  0.38742250E+14  0.00000000E+00  0.82596664E-30
  0.38790080E+14  0.00000000E+00  0.82301760E-30
  0.38837910E+14  0.00000000E+00  0.82008629E-30
  0.38885740E+14  0.00000000E+00  0.81717253E-30
  0.38933570E+14  0.00000000E+00  0.81427619E-30
  0.38981399E+14  0.00000000E+00  0.81139710E-30
  0.39029229E+14  0.00000000E+00  0.80853512E-30
  0.39077059E+14  0.00000000E+00  0.80569009E-30
  0.39124889E+14  0.00000000E+00  0.80286187E-30
  0.39172719E+14  0.00000000E+00  0.80005031E-30
  0.39220549E+14  0.00000000E+00  0.79725527E-30
  0.39268379E+14  0.00000000E+00  0.79447661E-30
  0.39316209E+14  0.00000000E+00  0.79171418E-30
  0.39364039E+14  0.00000000E+00  0.78896784E-30
  0.39411869E+14  0.00000000E+00  0.78623747E-30
  0.39459699E+14  0.00000000E+00  0.78352291E-30
  0.39507529E+14  0.00000000E+00  0.78082405E-30
  0.39555359E+14  0.00000000E+00  0.77814073E-30
  0.39603189E+14  0.00000000E+00  0.77547285E-30
  0.39651019E+14  0.00000000E+00  0.77282026E-30
  0.39698849E+14  0.00000000E+00  0.77018283E-30
  0.39746678E+14  0.00000000E+00  0.76756044E-30
  0.39794508E+14  0.00000000E+00  0.76495297E-30
  0.39842338E+14  0.00000000E+00  0.76236028E-30
  0.39890168E+14  0.00000000E+00  0.75978227E-30
  0.39937998E+14  0.00000000E+00  0.75721879E-30
  0.39985828E+14  0.00000000E+00  0.75466975E-30
  0.40033658E+14  0.00000000E+00  0.75213501E-30
  0.40081488E+14  0.00000000E+00  0.74961446E-30
  0.40129318E+14  0.00000000E+00  0.74710799E-30
  0.40177148E+14  0.00000000E+00  0.74461548E-30
  0.40224978E+14  0.00000000E+00  0.74213681E-30
  0.40272808E+14  0.00000000E+00  0.73967188E-30
  0.40320638E+14  0.00000000E+00  0.73722056E-30
  0.40368468E+14  0.00000000E+00  0.73478277E-30
  0.40416298E+14  0.00000000E+00  0.73235837E-30
  0.40464128E+14  0.00000000E+00  0.72994728E-30
  0.40511957E+14  0.00000000E+00  0.72754938E-30
  0.40559787E+14  0.00000000E+00  0.72516456E-30
  0.40607617E+14  0.00000000E+00  0.72279272E-30
  0.40655447E+14  0.00000000E+00  0.72043377E-30
  0.40703277E+14  0.00000000E+00  0.71808759E-30
  0.40751107E+14  0.00000000E+00  0.71575409E-30
  0.40798937E+14  0.00000000E+00  0.71343316E-30
  0.40846767E+14  0.00000000E+00  0.71112472E-30
  0.40894597E+14  0.00000000E+00  0.70882865E-30
  0.40942427E+14  0.00000000E+00  0.70654487E-30
  0.40990257E+14  0.00000000E+00  0.70427328E-30
  0.41038087E+14  0.00000000E+00  0.70201379E-30
  0.41085917E+14  0.00000000E+00  0.69976630E-30
  0.41133747E+14  0.00000000E+00  0.69753071E-30
  0.41181577E+14  0.00000000E+00  0.69530694E-30
  0.41229407E+14  0.00000000E+00  0.69309490E-30
  0.41277236E+14  0.00000000E+00  0.69089450E-30
  0.41325066E+14  0.00000000E+00  0.68870564E-30
  0.41372896E+14  0.00000000E+00  0.68652825E-30
  0.41420726E+14  0.00000000E+00  0.68436223E-30
  0.41468556E+14  0.00000000E+00  0.68220749E-30
  0.41516386E+14  0.00000000E+00  0.68006396E-30
  0.41564216E+14  0.00000000E+00  0.67793155E-30
  0.41612046E+14  0.00000000E+00  0.67581017E-30
  0.41659876E+14  0.00000000E+00  0.67369974E-30
  0.41707706E+14  0.00000000E+00  0.67160018E-30
  0.41755536E+14  0.00000000E+00  0.66951141E-30
  0.41803366E+14  0.00000000E+00  0.66743335E-30
  0.41851196E+14  0.00000000E+00  0.66536591E-30
  0.41899026E+14  0.00000000E+00  0.66330903E-30
  0.41946856E+14  0.00000000E+00  0.66126262E-30
  0.41994686E+14  0.00000000E+00  0.65922661E-30
  0.42042516E+14  0.00000000E+00  0.65720092E-30
  0.42090345E+14  0.00000000E+00  0.65518547E-30
  0.42138175E+14  0.00000000E+00  0.65318018E-30
  0.42186005E+14  0.00000000E+00  0.65118500E-30
  0.42233835E+14  0.00000000E+00  0.64919983E-30
  0.42281665E+14  0.00000000E+00  0.64722462E-30
  0.42329495E+14  0.00000000E+00  0.64525928E-30
  0.42377325E+14  0.00000000E+00  0.64330374E-30
  0.42425155E+14  0.00000000E+00  0.64135794E-30
  0.42472985E+14  0.00000000E+00  0.63942181E-30
  0.42520815E+14  0.00000000E+00  0.63749527E-30
  0.42568645E+14  0.00000000E+00  0.63557826E-30
  0.42616475E+14  0.00000000E+00  0.63367071E-30
  0.42664305E+14  0.00000000E+00  0.63177255E-30
  0.42712135E+14  0.00000000E+00  0.62988372E-30
  0.42759965E+14  0.00000000E+00  0.62800415E-30
  0.42807795E+14  0.00000000E+00  0.62613377E-30
  0.42855624E+14  0.00000000E+00  0.62427252E-30
  0.42903454E+14  0.00000000E+00  0.62242033E-30
  0.42951284E+14  0.00000000E+00  0.62057715E-30
  0.42999114E+14  0.00000000E+00  0.61874291E-30
  0.43046944E+14  0.00000000E+00  0.61691754E-30
  0.43094774E+14  0.00000000E+00  0.61510099E-30
  0.43142604E+14  0.00000000E+00  0.61329319E-30
  0.43190434E+14  0.00000000E+00  0.61149408E-30
  0.43238264E+14  0.00000000E+00  0.60970361E-30
  0.43286094E+14  0.00000000E+00  0.60792170E-30
  0.43333924E+14  0.00000000E+00  0.60614832E-30
  0.43381754E+14  0.00000000E+00  0.60438339E-30
  0.43429584E+14  0.00000000E+00  0.60262685E-30
  0.43477414E+14  0.00000000E+00  0.60087866E-30
  0.43525244E+14  0.00000000E+00  0.59913875E-30
  0.43573074E+14  0.00000000E+00  0.59740707E-30
  0.43620903E+14  0.00000000E+00  0.59568356E-30
  0.43668733E+14  0.00000000E+00  0.59396817E-30
  0.43716563E+14  0.00000000E+00  0.59226083E-30
  0.43764393E+14  0.00000000E+00  0.59056151E-30
  0.43812223E+14  0.00000000E+00  0.58887013E-30
  0.43860053E+14  0.00000000E+00  0.58718666E-30
  0.43907883E+14  0.00000000E+00  0.58551103E-30
  0.43955713E+14  0.00000000E+00  0.58384320E-30
  0.44003543E+14  0.00000000E+00  0.58218311E-30
  0.44051373E+14  0.00000000E+00  0.58053071E-30
  0.44099203E+14  0.00000000E+00  0.57888595E-30
  0.44147033E+14  0.00000000E+00  0.57724878E-30
  0.44194863E+14  0.00000000E+00  0.57561915E-30
  0.44242693E+14  0.00000000E+00  0.57399701E-30
  0.44290523E+14  0.00000000E+00  0.57238231E-30
  0.44338353E+14  0.00000000E+00  0.57077500E-30
  0.44386182E+14  0.00000000E+00  0.56917503E-30
  0.44434012E+14  0.00000000E+00  0.56758236E-30
  0.44481842E+14  0.00000000E+00  0.56599693E-30
  0.44529672E+14  0.00000000E+00  0.56441871E-30
  0.44577502E+14  0.00000000E+00  0.56284764E-30
  0.44625332E+14  0.00000000E+00  0.56128367E-30
  0.44673162E+14  0.00000000E+00  0.55972677E-30
  0.44720992E+14  0.00000000E+00  0.55817688E-30
  0.44768822E+14  0.00000000E+00  0.55663396E-30
  0.44816652E+14  0.00000000E+00  0.55509797E-30
  0.44864482E+14  0.00000000E+00  0.55356885E-30
  0.44912312E+14  0.00000000E+00  0.55204658E-30
  0.44960142E+14  0.00000000E+00  0.55053110E-30
  0.45007972E+14  0.00000000E+00  0.54902236E-30
  0.45055802E+14  0.00000000E+00  0.54752034E-30
  0.45103632E+14  0.00000000E+00  0.54602498E-30
  0.45151461E+14  0.00000000E+00  0.54453624E-30
  0.45199291E+14  0.00000000E+00  0.54305408E-30
  0.45247121E+14  0.00000000E+00  0.54157847E-30
  0.45294951E+14  0.00000000E+00  0.54010935E-30
  0.45342781E+14  0.00000000E+00  0.53864668E-30
  0.45390611E+14  0.00000000E+00  0.53719044E-30
  0.45438441E+14  0.00000000E+00  0.53574057E-30
  0.45486271E+14  0.00000000E+00  0.53429703E-30
  0.45534101E+14  0.00000000E+00  0.53285979E-30
  0.45581931E+14  0.00000000E+00  0.53142882E-30
  0.45629761E+14  0.00000000E+00  0.53000406E-30
  0.45677591E+14  0.00000000E+00  0.52858548E-30
  0.45725421E+14  0.00000000E+00  0.52717304E-30
  0.45773251E+14  0.00000000E+00  0.52576671E-30
  0.45821081E+14  0.00000000E+00  0.52436644E-30
  0.45868911E+14  0.00000000E+00  0.52297221E-30
  0.45916740E+14  0.00000000E+00  0.52158397E-30
  0.45964570E+14  0.00000000E+00  0.52020168E-30
  0.46012400E+14  0.00000000E+00  0.51882531E-30
  0.46060230E+14  0.00000000E+00  0.51745483E-30
  0.46108060E+14  0.00000000E+00  0.51609019E-30
  0.46155890E+14  0.00000000E+00  0.51473137E-30
  0.46203720E+14  0.00000000E+00  0.51337832E-30
  0.46251550E+14  0.00000000E+00  0.51203102E-30
  0.46299380E+14  0.00000000E+00  0.51068942E-30
  0.46347210E+14  0.00000000E+00  0.50935350E-30
  0.46395040E+14  0.00000000E+00  0.50802322E-30
  0.46442870E+14  0.00000000E+00  0.50669854E-30
  0.46490700E+14  0.00000000E+00  0.50537943E-30
  0.46538530E+14  0.00000000E+00  0.50406586E-30
  0.46586360E+14  0.00000000E+00  0.50275780E-30
  0.46634190E+14  0.00000000E+00  0.50145521E-30
  0.46682019E+14  0.00000000E+00  0.50015806E-30
  0.46729849E+14  0.00000000E+00  0.49886631E-30
  0.46777679E+14  0.00000000E+00  0.49757995E-30
  0.46825509E+14  0.00000000E+00  0.49629892E-30
  0.46873339E+14  0.00000000E+00  0.49502321E-30
  0.46921169E+14  0.00000000E+00  0.49375278E-30
  0.46968999E+14  0.00000000E+00  0.49248760E-30
  0.47016829E+14  0.00000000E+00  0.49122764E-30
  0.47064659E+14  0.00000000E+00  0.48997287E-30
  0.47112489E+14  0.00000000E+00  0.48872326E-30
  0.47160319E+14  0.00000000E+00  0.48747877E-30
  0.47208149E+14  0.00000000E+00  0.48623939E-30
  0.47255979E+14  0.00000000E+00  0.48500507E-30
  0.47303809E+14  0.00000000E+00  0.48377579E-30
  0.47351639E+14  0.00000000E+00  0.48255153E-30
  0.47399469E+14  0.00000000E+00  0.48133224E-30
  0.47447298E+14  0.00000000E+00  0.48011791E-30
  0.47495128E+14  0.00000000E+00  0.47890850E-30
  0.47542958E+14  0.00000000E+00  0.47770399E-30
  0.47590788E+14  0.00000000E+00  0.47650434E-30
  0.47638618E+14  0.00000000E+00  0.47530954E-30
  0.47686448E+14  0.00000000E+00  0.47411954E-30
  0.47734278E+14  0.00000000E+00  0.47293434E-30
  0.47782108E+14  0.00000000E+00  0.47175389E-30
  0.47829938E+14  0.00000000E+00  0.47057817E-30
  0.47877768E+14  0.00000000E+00  0.46940715E-30
  0.47925598E+14  0.00000000E+00  0.46824081E-30
  0.47973428E+14  0.00000000E+00  0.46707913E-30
  0.48021258E+14  0.00000000E+00  0.46592206E-30
  0.48069088E+14  0.00000000E+00  0.46476960E-30
  0.48116918E+14  0.00000000E+00  0.46362170E-30
  0.48164748E+14  0.00000000E+00  0.46247836E-30
  0.48212578E+14  0.00000000E+00  0.46133954E-30
  0.48260407E+14  0.00000000E+00  0.46020521E-30
  0.48308237E+14  0.00000000E+00  0.45907535E-30
  0.48356067E+14  0.00000000E+00  0.45794994E-30
  0.48403897E+14  0.00000000E+00  0.45682895E-30
  0.48451727E+14  0.00000000E+00  0.45571236E-30
  0.48499557E+14  0.00000000E+00  0.45460014E-30
  0.48547387E+14  0.00000000E+00  0.45349227E-30
  0.48595217E+14  0.00000000E+00  0.45238872E-30
  0.48643047E+14  0.00000000E+00  0.45128947E-30
  0.48690877E+14  0.00000000E+00  0.45019450E-30
  0.48738707E+14  0.00000000E+00  0.44910378E-30
  0.48786537E+14  0.00000000E+00  0.44801729E-30
  0.48834367E+14  0.00000000E+00  0.44693501E-30
  0.48882197E+14  0.00000000E+00  0.44585692E-30
  0.48930027E+14  0.00000000E+00  0.44478298E-30
  0.48977857E+14  0.00000000E+00  0.44371318E-30
  0.49025686E+14  0.00000000E+00  0.44264750E-30
  0.49073516E+14  0.00000000E+00  0.44158591E-30
  0.49121346E+14  0.00000000E+00  0.44052839E-30
  0.49169176E+14  0.00000000E+00  0.43947493E-30
  0.49217006E+14  0.00000000E+00  0.43842548E-30
  0.49264836E+14  0.00000000E+00  0.43738005E-30
  0.49312666E+14  0.00000000E+00  0.43633860E-30
  0.49360496E+14  0.00000000E+00  0.43530111E-30
  0.49408326E+14  0.00000000E+00  0.43426756E-30
  0.49456156E+14  0.00000000E+00  0.43323793E-30
  0.49503986E+14  0.00000000E+00  0.43221221E-30
  0.49551816E+14  0.00000000E+00  0.43119036E-30
  0.49599646E+14  0.00000000E+00  0.43017236E-30
  0.49647476E+14  0.00000000E+00  0.42915821E-30
  0.49695306E+14  0.00000000E+00  0.42814787E-30
  0.49743136E+14  0.00000000E+00  0.42714133E-30
  0.49790965E+14  0.00000000E+00  0.42613857E-30
  0.49838795E+14  0.00000000E+00  0.42513956E-30
  0.49886625E+14  0.00000000E+00  0.42414429E-30
  0.49934455E+14  0.00000000E+00  0.42315273E-30
  0.49982285E+14  0.00000000E+00  0.42216488E-30
  0.50030115E+14  0.00000000E+00  0.42118070E-30
  0.50077945E+14  0.00000000E+00  0.42020018E-30
  0.50125775E+14  0.00000000E+00  0.41922330E-30
  0.50173605E+14  0.00000000E+00  0.41825004E-30
  0.50221435E+14  0.00000000E+00  0.41728038E-30
  0.50269265E+14  0.00000000E+00  0.41631430E-30
  0.50317095E+14  0.00000000E+00  0.41535179E-30
  0.50364925E+14  0.00000000E+00  0.41439283E-30
  0.50412755E+14  0.00000000E+00  0.41343739E-30
  0.50460585E+14  0.00000000E+00  0.41248547E-30
  0.50508415E+14  0.00000000E+00  0.41153703E-30
  0.50556244E+14  0.00000000E+00  0.41059207E-30
  0.50604074E+14  0.00000000E+00  0.40965056E-30
  0.50651904E+14  0.00000000E+00  0.40871249E-30
  0.50699734E+14  0.00000000E+00  0.40777784E-30
  0.50747564E+14  0.00000000E+00  0.40684659E-30
  0.50795394E+14  0.00000000E+00  0.40591872E-30
  0.50843224E+14  0.00000000E+00  0.40499423E-30
  0.50891054E+14  0.00000000E+00  0.40407308E-30
  0.50938884E+14  0.00000000E+00  0.40315527E-30
  0.50986714E+14  0.00000000E+00  0.40224077E-30
  0.51034544E+14  0.00000000E+00  0.40132958E-30
  0.51082374E+14  0.00000000E+00  0.40042166E-30
  0.51130204E+14  0.00000000E+00  0.39951702E-30
  0.51178034E+14  0.00000000E+00  0.39861562E-30
  0.51225864E+14  0.00000000E+00  0.39771745E-30
  0.51273694E+14  0.00000000E+00  0.39682251E-30
  0.51321523E+14  0.00000000E+00  0.39593076E-30
  0.51369353E+14  0.00000000E+00  0.39504220E-30
  0.51417183E+14  0.00000000E+00  0.39415681E-30
  0.51465013E+14  0.00000000E+00  0.39327457E-30
  0.51512843E+14  0.00000000E+00  0.39239546E-30
  0.51560673E+14  0.00000000E+00  0.39151948E-30
  0.51608503E+14  0.00000000E+00  0.39064661E-30
  0.51656333E+14  0.00000000E+00  0.38977682E-30
  0.51704163E+14  0.00000000E+00  0.38891011E-30
  0.51751993E+14  0.00000000E+00  0.38804647E-30
  0.51799823E+14  0.00000000E+00  0.38718586E-30
  0.51847653E+14  0.00000000E+00  0.38632829E-30
  0.51895483E+14  0.00000000E+00  0.38547373E-30
  0.51943313E+14  0.00000000E+00  0.38462217E-30
  0.51991143E+14  0.00000000E+00  0.38377359E-30
  0.52038973E+14  0.00000000E+00  0.38292799E-30
  0.52086802E+14  0.00000000E+00  0.38208534E-30
  0.52134632E+14  0.00000000E+00  0.38124563E-30
  0.52182462E+14  0.00000000E+00  0.38040885E-30
  0.52230292E+14  0.00000000E+00  0.37957498E-30
  0.52278122E+14  0.00000000E+00  0.37874402E-30
  0.52325952E+14  0.00000000E+00  0.37791593E-30
  0.52373782E+14  0.00000000E+00  0.37709072E-30
  0.52421612E+14  0.00000000E+00  0.37626836E-30
  0.52469442E+14  0.00000000E+00  0.37544884E-30
  0.52517272E+14  0.00000000E+00  0.37463216E-30
  0.52565102E+14  0.00000000E+00  0.37381829E-30
  0.52612932E+14  0.00000000E+00  0.37300722E-30
  0.52660762E+14  0.00000000E+00  0.37219894E-30
  0.52708592E+14  0.00000000E+00  0.37139343E-30
  0.52756422E+14  0.00000000E+00  0.37059068E-30
  0.52804252E+14  0.00000000E+00  0.36979069E-30
  0.52852081E+14  0.00000000E+00  0.36899342E-30
  0.52899911E+14  0.00000000E+00  0.36819888E-30
  0.52947741E+14  0.00000000E+00  0.36740705E-30
  0.52995571E+14  0.00000000E+00  0.36661791E-30
  0.53043401E+14  0.00000000E+00  0.36583146E-30
  0.53091231E+14  0.00000000E+00  0.36504768E-30
  0.53139061E+14  0.00000000E+00  0.36426655E-30
  0.53186891E+14  0.00000000E+00  0.36348807E-30
  0.53234721E+14  0.00000000E+00  0.36271223E-30
  0.53282551E+14  0.00000000E+00  0.36193900E-30
  0.53330381E+14  0.00000000E+00  0.36116838E-30
  0.53378211E+14  0.00000000E+00  0.36040035E-30
  0.53426041E+14  0.00000000E+00  0.35963491E-30
  0.53473871E+14  0.00000000E+00  0.35887204E-30
  0.53521701E+14  0.00000000E+00  0.35811173E-30
  0.53569531E+14  0.00000000E+00  0.35735396E-30
  0.53617360E+14  0.00000000E+00  0.35659873E-30
  0.53665190E+14  0.00000000E+00  0.35584602E-30
  0.53713020E+14  0.00000000E+00  0.35509583E-30
  0.53760850E+14  0.00000000E+00  0.35434813E-30
  0.53808680E+14  0.00000000E+00  0.35360292E-30
  0.53856510E+14  0.00000000E+00  0.35286019E-30
  0.53904340E+14  0.00000000E+00  0.35211993E-30
  0.53952170E+14  0.00000000E+00  0.35138211E-30
  0.54000000E+14  0.00000000E+00  0.35064674E-30
