  0.47829938E+11 -0.70669340E-29  0.17193670E-28
  0.95659876E+11 -0.70698689E-29  0.12185245E-28
  0.14348981E+12 -0.70824190E-29  0.98582000E-29
  0.19131975E+12 -0.70818107E-29  0.82718499E-29
  0.23914969E+12 -0.70703114E-29  0.71085502E-29
  0.28697963E+12 -0.70977314E-29  0.60920870E-29
  0.33480957E+12 -0.71218563E-29  0.51485628E-29
  0.38263950E+12 -0.71179947E-29  0.39501442E-29
  0.43046944E+12 -0.56601192E-29  0.31127355E-29
  0.47829938E+12 -0.56672622E-29  0.40050388E-29
  0.52612932E+12 -0.62541733E-29  0.36345756E-29
  0.57395926E+12 -0.63220360E-29  0.30020800E-29
  0.62178919E+12 -0.63889988E-29  0.27391861E-29
  0.66961913E+12 -0.66310193E-29  0.22377375E-29
  0.71744907E+12 -0.67305094E-29  0.14532275E-29
  0.76527901E+12 -0.60831914E-29  0.67958204E-30
  0.81310895E+12 -0.56595171E-29  0.68953544E-30
  0.86093888E+12 -0.54403983E-29  0.91892253E-30
  0.90876882E+12 -0.56160064E-29  0.88109116E-30
  0.95659876E+12 -0.59743606E-29  0.67254839E-30
  0.10044287E+13 -0.61719267E-29  0.47965551E-31
  0.10522586E+13 -0.57249815E-29 -0.56768622E-30
  0.11000886E+13 -0.54375255E-29 -0.62367604E-30
  0.11479185E+13 -0.51573499E-29 -0.68665955E-30
  0.11957484E+13 -0.51724980E-29 -0.64251901E-30
  0.12435784E+13 -0.53389109E-29 -0.70189807E-30
  0.12914083E+13 -0.55232229E-29 -0.11121173E-29
  0.13392383E+13 -0.52000477E-29 -0.14786650E-29
  0.13870682E+13 -0.50549980E-29 -0.15740930E-29
  0.14348981E+13 -0.49528431E-29 -0.16924345E-29
  0.14827281E+13 -0.48180160E-29 -0.18555118E-29
  0.15305580E+13 -0.48104637E-29 -0.18471951E-29
  0.15783880E+13 -0.48441087E-29 -0.21270623E-29
  0.16262179E+13 -0.46930147E-29 -0.22619199E-29
  0.16740478E+13 -0.46976129E-29 -0.24115377E-29
  0.17218778E+13 -0.45281016E-29 -0.26249902E-29
  0.17697077E+13 -0.43829948E-29 -0.27142714E-29
  0.18175376E+13 -0.43754538E-29 -0.27741778E-29
  0.18653676E+13 -0.43417660E-29 -0.28774281E-29
  0.19131975E+13 -0.43241218E-29 -0.30680074E-29
  0.19610275E+13 -0.41553998E-29 -0.32822329E-29
  0.20088574E+13 -0.40973994E-29 -0.33563722E-29
  0.20566873E+13 -0.38479214E-29 -0.35401693E-29
  0.21045173E+13 -0.38388309E-29 -0.34161365E-29
  0.21523472E+13 -0.38819044E-29 -0.36679265E-29
  0.22001771E+13 -0.37674383E-29 -0.37660413E-29
  0.22480071E+13 -0.37526642E-29 -0.39599806E-29
  0.22958370E+13 -0.35899248E-29 -0.41453297E-29
  0.23436670E+13 -0.33737784E-29 -0.41454978E-29
  0.23914969E+13 -0.33842931E-29 -0.41656394E-29
  0.24393268E+13 -0.33484380E-29 -0.43285858E-29
  0.24871568E+13 -0.32303864E-29 -0.44457158E-29
  0.25349867E+13 -0.32384468E-29 -0.46049106E-29
  0.25828167E+13 -0.29205281E-29 -0.48051951E-29
  0.26306466E+13 -0.28808481E-29 -0.47158529E-29
  0.26784765E+13 -0.28650701E-29 -0.48610098E-29
  0.27263065E+13 -0.27147945E-29 -0.50013672E-29
  0.27741364E+13 -0.26230097E-29 -0.50431393E-29
  0.28219663E+13 -0.25984813E-29 -0.52268344E-29
  0.28697963E+13 -0.23162005E-29 -0.53211146E-29
  0.29176262E+13 -0.23391036E-29 -0.53104183E-29
  0.29654562E+13 -0.22673107E-29 -0.54807135E-29
  0.30132861E+13 -0.20741645E-29 -0.56016274E-29
  0.30611160E+13 -0.19845784E-29 -0.56502697E-29
  0.31089460E+13 -0.18984932E-29 -0.58092037E-29
  0.31567759E+13 -0.17261565E-29 -0.58205230E-29
  0.32046058E+13 -0.16380122E-29 -0.58688472E-29
  0.32524358E+13 -0.15760142E-29 -0.60679616E-29
  0.33002657E+13 -0.14107906E-29 -0.61494002E-29
  0.33480957E+13 -0.12468928E-29 -0.62120562E-29
  0.33959256E+13 -0.11123443E-29 -0.63198742E-29
  0.34437555E+13 -0.10022595E-29 -0.63242110E-29
  0.34915855E+13 -0.91335498E-30 -0.64140717E-29
  0.35394154E+13 -0.80338897E-30 -0.65725442E-29
  0.35872453E+13 -0.63280381E-30 -0.66743237E-29
  0.36350753E+13 -0.47292573E-30 -0.67458229E-29
  0.36829052E+13 -0.28252456E-30 -0.67799555E-29
  0.37307352E+13 -0.15943580E-30 -0.68337005E-29
  0.37785651E+13 -0.11401664E-30 -0.69042643E-29
  0.38263950E+13  0.44598667E-31 -0.70577685E-29
  0.38742250E+13  0.23178685E-30 -0.71646426E-29
  0.39220549E+13  0.46318667E-30 -0.72477763E-29
  0.39698849E+13  0.61411889E-30 -0.72471911E-29
  0.40177148E+13  0.77498289E-30 -0.72977085E-29
  0.40655447E+13  0.86393478E-30 -0.73474950E-29
  0.41133747E+13  0.99566309E-30 -0.74976313E-29
  0.41612046E+13  0.11966334E-29 -0.76304810E-29
  0.42090345E+13  0.14616797E-29 -0.77077984E-29
  0.42568645E+13  0.16716446E-29 -0.77333707E-29
  0.43046944E+13  0.18625508E-29 -0.77501688E-29
  0.43525244E+13  0.20023135E-29 -0.77928084E-29
  0.44003543E+13  0.21417206E-29 -0.78956121E-29
  0.44481842E+13  0.23446875E-29 -0.80380536E-29
  0.44960142E+13  0.26171751E-29 -0.81286917E-29
  0.45438441E+13  0.28895445E-29 -0.81754116E-29
  0.45916740E+13  0.31187143E-29 -0.81868840E-29
  0.46395040E+13  0.33140197E-29 -0.82203638E-29
  0.46873339E+13  0.34978245E-29 -0.83043233E-29
  0.47351639E+13  0.37495134E-29 -0.84238324E-29
  0.47829938E+13  0.40352496E-29 -0.85111116E-29
  0.48308237E+13  0.43526965E-29 -0.85829794E-29
  0.48786537E+13  0.46852791E-29 -0.85992100E-29
  0.49264836E+13  0.49212130E-29 -0.86504863E-29
  0.49743136E+13  0.52033462E-29 -0.87228757E-29
  0.50221435E+13  0.55446817E-29 -0.88028181E-29
  0.50699734E+13  0.58908322E-29 -0.89171377E-29
  0.51178034E+13  0.62619633E-29 -0.89539603E-29
  0.51656333E+13  0.67137889E-29 -0.90636021E-29
  0.52134632E+13  0.71442104E-29 -0.90626603E-29
  0.52612932E+13  0.75730326E-29 -0.91615097E-29
  0.53091231E+13  0.80898511E-29 -0.92800305E-29
  0.53569531E+13  0.86963770E-29 -0.94114347E-29
  0.54047830E+13  0.94862182E-29 -0.95326435E-29
  0.54526129E+13  0.10250712E-28 -0.96283147E-29
  0.55004429E+13  0.11543468E-28 -0.97106943E-29
  0.55482728E+13  0.13741932E-28 -0.95393203E-29
  0.55961027E+13  0.15026641E-28 -0.65650061E-29
  0.56439327E+13  0.14439166E-28 -0.53494703E-29
  0.56917626E+13  0.14299799E-28 -0.43141583E-29
  0.57395926E+13  0.14347759E-28 -0.36165437E-29
  0.57874225E+13  0.14248935E-28 -0.27764410E-29
  0.58352524E+13  0.14039864E-28 -0.23152965E-29
  0.58830824E+13  0.13924762E-28 -0.14890086E-29
  0.59309123E+13  0.13705033E-28 -0.11665202E-29
  0.59787422E+13  0.13589614E-28 -0.57256318E-30
  0.60265722E+13  0.13519022E-28 -0.11590939E-30
  0.60744021E+13  0.13212767E-28  0.37055436E-30
  0.61222321E+13  0.13243733E-28  0.68062309E-30
  0.61700620E+13  0.13018726E-28  0.13050427E-29
  0.62178919E+13  0.12779495E-28  0.15431732E-29
  0.62657219E+13  0.12723476E-28  0.19282914E-29
  0.63135518E+13  0.12533511E-28  0.22766716E-29
  0.63613818E+13  0.12420119E-28  0.26980588E-29
  0.64092117E+13  0.12104030E-28  0.30177358E-29
  0.64570416E+13  0.12053658E-28  0.32437935E-29
  0.65048716E+13  0.11916749E-28  0.37005041E-29
  0.65527015E+13  0.11608047E-28  0.39672511E-29
  0.66005314E+13  0.11488091E-28  0.42012473E-29
  0.66483614E+13  0.11310159E-28  0.45317131E-29
  0.66961913E+13  0.11161842E-28  0.47840214E-29
  0.67440213E+13  0.10992268E-28  0.51365620E-29
  0.67918512E+13  0.10680942E-28  0.53870539E-29
  0.68396811E+13  0.10554645E-28  0.55287007E-29
  0.68875111E+13  0.10451524E-28  0.58632883E-29
  0.69353410E+13  0.10166423E-28  0.61549214E-29
  0.69831709E+13  0.99590184E-29  0.63375575E-29
  0.70310009E+13  0.97851860E-29  0.65760071E-29
  0.70788308E+13  0.95682702E-29  0.67902853E-29
  0.71266608E+13  0.94091571E-29  0.70125612E-29
  0.71744907E+13  0.91927797E-29  0.72947787E-29
  0.72223206E+13  0.88997929E-29  0.74733420E-29
  0.72701506E+13  0.87348802E-29  0.76072749E-29
  0.73179805E+13  0.85879947E-29  0.78532453E-29
  0.73658105E+13  0.83287298E-29  0.80982599E-29
  0.74136404E+13  0.80798174E-29  0.82718632E-29
  0.74614703E+13  0.78575478E-29  0.84437044E-29
  0.75093003E+13  0.76370714E-29  0.85974067E-29
  0.75571302E+13  0.74606940E-29  0.87746001E-29
  0.76049601E+13  0.72458304E-29  0.90101859E-29
  0.76527901E+13  0.69473591E-29  0.91983682E-29
  0.77006200E+13  0.66999715E-29  0.93109279E-29
  0.77484500E+13  0.65161027E-29  0.94532975E-29
  0.77962799E+13  0.63042321E-29  0.96564355E-29
  0.78441098E+13  0.60534295E-29  0.98496648E-29
  0.78919398E+13  0.57834446E-29  0.10015537E-28
  0.79397697E+13  0.55253620E-29  0.10170538E-28
  0.79875996E+13  0.52954431E-29  0.10340875E-28
  0.80354296E+13  0.50206184E-29  0.10556387E-28
  0.80832595E+13  0.46805050E-29  0.10754399E-28
  0.81310895E+13  0.43229836E-29  0.10893161E-28
  0.81789194E+13  0.39738635E-29  0.10999580E-28
  0.82267493E+13  0.36459748E-29  0.11104427E-28
  0.82745793E+13  0.32913696E-29  0.11221246E-28
  0.83224092E+13  0.28929730E-29  0.11307985E-28
  0.83702391E+13  0.24556150E-29  0.11295913E-28
  0.84180691E+13  0.21060049E-29  0.11243894E-28
  0.84658990E+13  0.17943077E-29  0.11212948E-28
  0.85137290E+13  0.15206837E-29  0.11122579E-28
  0.85615589E+13  0.12638781E-29  0.11107461E-28
  0.86093888E+13  0.10632308E-29  0.11090456E-28
  0.86572188E+13  0.77429891E-30  0.11025116E-28
  0.87050487E+13  0.58053233E-30  0.10938532E-28
  0.87528787E+13  0.41842526E-30  0.10883156E-28
  0.88007086E+13  0.34195983E-30  0.10784447E-28
  0.88485385E+13  0.76420466E-30  0.10980865E-28
  0.88963685E+13  0.40779009E-30  0.11779539E-28
  0.89441984E+13 -0.30881507E-30  0.12115617E-28
  0.89920283E+13 -0.90306736E-30  0.12191875E-28
  0.90398583E+13 -0.15791491E-29  0.12187438E-28
  0.90876882E+13 -0.21389892E-29  0.12013276E-28
  0.91355182E+13 -0.25723724E-29  0.11835630E-28
  0.91833481E+13 -0.28825750E-29  0.11607205E-28
  0.92311780E+13 -0.32367344E-29  0.11407523E-28
  0.92790080E+13 -0.32939277E-29  0.11235078E-28
  0.93268379E+13 -0.30818686E-29  0.11750754E-28
  0.93746678E+13 -0.45010807E-29  0.12031481E-28
  0.94224978E+13 -0.50030037E-29  0.11737703E-28
  0.94703277E+13 -0.56276350E-29  0.11331729E-28
  0.95181577E+13 -0.58997449E-29  0.11041751E-28
  0.95659876E+13 -0.63681948E-29  0.10873146E-28
  0.96138175E+13 -0.67338124E-29  0.10569904E-28
  0.96616475E+13 -0.71355277E-29  0.10322839E-28
  0.97094774E+13 -0.74863759E-29  0.10070674E-28
  0.97573074E+13 -0.79020318E-29  0.98270565E-29
  0.98051373E+13 -0.83278559E-29  0.95840933E-29
  0.98529672E+13 -0.88108111E-29  0.92403932E-29
  0.99007972E+13 -0.91527876E-29  0.89794405E-29
  0.99486271E+13 -0.97215226E-29  0.86380801E-29
  0.99964570E+13 -0.10169591E-28  0.82836036E-29
  0.10044287E+14 -0.10736870E-28  0.79210923E-29
  0.10092117E+14 -0.11311341E-28  0.74608210E-29
  0.10139947E+14 -0.11983075E-28  0.69863627E-29
  0.10187777E+14 -0.12783180E-28  0.63125561E-29
  0.10235607E+14 -0.13725910E-28  0.55304819E-29
  0.10283437E+14 -0.14787652E-28  0.42778480E-29
  0.10331267E+14 -0.16012448E-28  0.25574467E-29
  0.10379097E+14 -0.17731943E-28 -0.83905094E-30
  0.10426926E+14 -0.15787301E-28 -0.96160589E-29
  0.10474756E+14 -0.61056483E-29 -0.59725066E-29
  0.10522586E+14 -0.53437204E-29 -0.33992333E-29
  0.10570416E+14 -0.54584281E-29 -0.18235799E-29
  0.10618246E+14 -0.55797018E-29 -0.10681296E-29
  0.10666076E+14 -0.56687480E-29 -0.61782812E-30
  0.10713906E+14 -0.57600473E-29 -0.29268738E-30
  0.10761736E+14 -0.58817614E-29 -0.86495696E-31
  0.10809566E+14 -0.60019248E-29  0.35922668E-31
  0.10857396E+14 -0.61034393E-29  0.10027238E-30
  0.10905226E+14 -0.62079967E-29  0.16461956E-30
  0.10953056E+14 -0.63635027E-29  0.17128035E-30
  0.11000886E+14 -0.65067879E-29  0.13811476E-30
  0.11048716E+14 -0.66437662E-29  0.10069948E-30
  0.11096546E+14 -0.68382775E-29  0.78212596E-31
  0.11144376E+14 -0.70888566E-29  0.40112853E-32
  0.11192205E+14 -0.73663431E-29 -0.92401873E-31
  0.11240035E+14 -0.77627593E-29 -0.16283378E-30
  0.11287865E+14 -0.84949074E-29 -0.20517206E-30
  0.11335695E+14 -0.97201781E-29 -0.15036428E-29
  0.11383525E+14 -0.95750683E-29 -0.30326150E-29
  0.11431355E+14 -0.90929581E-29 -0.41714966E-29
  0.11479185E+14 -0.84291700E-29 -0.50500314E-29
  0.11527015E+14 -0.76593838E-29 -0.57073013E-29
  0.11574845E+14 -0.69254402E-29 -0.61851100E-29
  0.11622675E+14 -0.62082341E-29 -0.65354198E-29
  0.11670505E+14 -0.54751285E-29 -0.68042387E-29
  0.11718335E+14 -0.47474699E-29 -0.69384613E-29
  0.11766165E+14 -0.41257670E-29 -0.70343701E-29
  0.11813995E+14 -0.34347426E-29 -0.70687196E-29
  0.11861825E+14 -0.28458840E-29 -0.70052717E-29
  0.11909655E+14 -0.23349584E-29 -0.69505025E-29
  0.11957484E+14 -0.17743568E-29 -0.68501979E-29
  0.12005314E+14 -0.13478532E-29 -0.66680369E-29
  0.12053144E+14 -0.10966401E-29 -0.66040413E-29
  0.12100974E+14 -0.66020746E-30 -0.68374801E-29
  0.12148804E+14  0.32430867E-30 -0.69164009E-29
  0.12196634E+14  0.10802829E-29 -0.64241486E-29
  0.12244464E+14  0.15407033E-29 -0.59390774E-29
  0.12292294E+14  0.19905519E-29 -0.54643132E-29
  0.12340124E+14  0.22481995E-29 -0.49739267E-29
  0.12387954E+14  0.25396074E-29 -0.44780861E-29
  0.12435784E+14  0.26300265E-29 -0.40364496E-29
  0.12483614E+14  0.26563766E-29 -0.35748902E-29
  0.12531444E+14  0.26247612E-29 -0.32631563E-29
  0.12579274E+14  0.23131346E-29 -0.31242176E-29
  0.12627104E+14  0.12698794E-29 -0.50363655E-29
  0.12674934E+14  0.53373158E-29 -0.37393280E-29
  0.12722764E+14  0.52979134E-29 -0.20165045E-29
  0.12770593E+14  0.50091326E-29 -0.94721376E-30
  0.12818423E+14  0.46423462E-29 -0.10635639E-30
  0.12866253E+14  0.42282667E-29  0.52488783E-30
  0.12914083E+14  0.37558939E-29  0.10399491E-29
  0.12961913E+14  0.32978928E-29  0.14532846E-29
  0.13009743E+14  0.28226271E-29  0.17505661E-29
  0.13057573E+14  0.23119944E-29  0.19775532E-29
  0.13105403E+14  0.18277180E-29  0.21222491E-29
  0.13153233E+14  0.13352755E-29  0.21777108E-29
  0.13201063E+14  0.84849650E-30  0.21516631E-29
  0.13248893E+14  0.38238816E-30  0.19997964E-29
  0.13296723E+14  0.00000000E+00  0.15897859E-29
  0.13344553E+14  0.00000000E+00  0.12672232E-29
  0.13392383E+14  0.00000000E+00  0.10984464E-29
  0.13440213E+14  0.00000000E+00  0.98299093E-30
  0.13488043E+14  0.00000000E+00  0.89905238E-30
  0.13535872E+14  0.00000000E+00  0.83614476E-30
  0.13583702E+14  0.00000000E+00  0.78824848E-30
  0.13631532E+14  0.00000000E+00  0.75154713E-30
  0.13679362E+14  0.00000000E+00  0.72346015E-30
  0.13727192E+14  0.00000000E+00  0.70216145E-30
  0.13775022E+14  0.00000000E+00  0.68631429E-30
  0.13822852E+14  0.00000000E+00  0.67491399E-30
  0.13870682E+14  0.00000000E+00  0.66718953E-30
  0.13918512E+14  0.00000000E+00  0.66253895E-30
  0.13966342E+14  0.00000000E+00  0.66048560E-30
  0.14014172E+14  0.00000000E+00  0.66064762E-30
  0.14062002E+14  0.00000000E+00  0.66271604E-30
  0.14109832E+14  0.00000000E+00  0.66643875E-30
  0.14157662E+14  0.00000000E+00  0.67160868E-30
  0.14205492E+14  0.00000000E+00  0.67805474E-30
  0.14253322E+14  0.00000000E+00  0.68563494E-30
  0.14301151E+14  0.00000000E+00  0.69423105E-30
  0.14348981E+14  0.00000000E+00  0.70374441E-30
  0.14396811E+14  0.00000000E+00  0.71409258E-30
  0.14444641E+14  0.00000000E+00  0.72520673E-30
  0.14492471E+14  0.00000000E+00  0.73702946E-30
  0.14540301E+14  0.00000000E+00  0.74951310E-30
  0.14588131E+14  0.00000000E+00  0.76261830E-30
  0.14635961E+14  0.00000000E+00  0.77631285E-30
  0.14683791E+14  0.00000000E+00  0.79057077E-30
  0.14731621E+14  0.00000000E+00  0.80537149E-30
  0.14779451E+14  0.00000000E+00  0.82069922E-30
  0.14827281E+14  0.00000000E+00  0.83654243E-30
  0.14875111E+14  0.00000000E+00  0.85289337E-30
  0.14922941E+14  0.00000000E+00  0.86974772E-30
  0.14970771E+14  0.00000000E+00  0.88710430E-30
  0.15018601E+14  0.00000000E+00  0.90496481E-30
  0.15066430E+14  0.00000000E+00  0.92333364E-30
  0.15114260E+14  0.00000000E+00  0.94221769E-30
  0.15162090E+14  0.00000000E+00  0.96162629E-30
  0.15209920E+14  0.00000000E+00  0.98157104E-30
  0.15257750E+14  0.00000000E+00  0.10020658E-29
  0.15305580E+14  0.00000000E+00  0.10231268E-29
  0.15353410E+14  0.00000000E+00  0.10447721E-29
  0.15401240E+14  0.00000000E+00  0.10670223E-29
  0.15449070E+14  0.00000000E+00  0.10899003E-29
  0.15496900E+14  0.00000000E+00  0.11134309E-29
  0.15544730E+14  0.00000000E+00  0.11376417E-29
  0.15592560E+14  0.00000000E+00  0.11625625E-29
  0.15640390E+14  0.00000000E+00  0.11882259E-29
  0.15688220E+14  0.00000000E+00  0.12146670E-29
  0.15736050E+14  0.00000000E+00  0.12419241E-29
  0.15783880E+14  0.00000000E+00  0.12700383E-29
  0.15831709E+14  0.00000000E+00  0.12990543E-29
  0.15879539E+14  0.00000000E+00  0.13290203E-29
  0.15927369E+14  0.00000000E+00  0.13599882E-29
  0.15975199E+14  0.00000000E+00  0.13920146E-29
  0.16023029E+14  0.00000000E+00  0.14251602E-29
  0.16070859E+14  0.00000000E+00  0.14594911E-29
  0.16118689E+14  0.00000000E+00  0.14950788E-29
  0.16166519E+14  0.00000000E+00  0.15320011E-29
  0.16214349E+14  0.00000000E+00  0.15703424E-29
  0.16262179E+14  0.00000000E+00  0.16101947E-29
  0.16310009E+14  0.00000000E+00  0.16516584E-29
  0.16357839E+14  0.00000000E+00  0.16948434E-29
  0.16405669E+14  0.00000000E+00  0.17398700E-29
  0.16453499E+14  0.00000000E+00  0.17868704E-29
  0.16501329E+14  0.00000000E+00  0.18359900E-29
  0.16549159E+14  0.00000000E+00  0.18873899E-29
  0.16596988E+14  0.00000000E+00  0.19412481E-29
  0.16644818E+14  0.00000000E+00  0.19977627E-29
  0.16692648E+14  0.00000000E+00  0.20571547E-29
  0.16740478E+14  0.00000000E+00  0.21196714E-29
  0.16788308E+14  0.00000000E+00  0.21855910E-29
  0.16836138E+14  0.00000000E+00  0.22552279E-29
  0.16883968E+14  0.00000000E+00  0.23289390E-29
  0.16931798E+14  0.00000000E+00  0.24071315E-29
  0.16979628E+14  0.00000000E+00  0.24902734E-29
  0.17027458E+14  0.00000000E+00  0.25789056E-29
  0.17075288E+14  0.00000000E+00  0.26736581E-29
  0.17123118E+14  0.00000000E+00  0.27752713E-29
  0.17170948E+14  0.00000000E+00  0.28846227E-29
  0.17218778E+14  0.00000000E+00  0.30027643E-29
  0.17266608E+14  0.00000000E+00  0.31309732E-29
  0.17314438E+14  0.00000000E+00  0.32708220E-29
  0.17362267E+14  0.00000000E+00  0.34242809E-29
  0.17410097E+14  0.00000000E+00  0.35938710E-29
  0.17457927E+14  0.00000000E+00  0.37829019E-29
  0.17505757E+14  0.00000000E+00  0.39958626E-29
  0.17553587E+14  0.00000000E+00  0.42391110E-29
  0.17601417E+14  0.00000000E+00  0.45222065E-29
  0.17649247E+14  0.00000000E+00  0.48608649E-29
  0.17697077E+14  0.00000000E+00  0.52851107E-29
  0.17744907E+14  0.00000000E+00  0.58741684E-29
  0.17792737E+14 -0.41027202E-30  0.68690031E-29
  0.17840567E+14 -0.12642450E-29  0.74087223E-29
  0.17888397E+14 -0.20667831E-29  0.76500575E-29
  0.17936227E+14 -0.28299167E-29  0.78133222E-29
  0.17984057E+14 -0.35023288E-29  0.79423832E-29
  0.18031887E+14 -0.43100585E-29  0.79230860E-29
  0.18079717E+14 -0.50680088E-29  0.78630666E-29
  0.18127547E+14 -0.59208519E-29  0.77534055E-29
  0.18175376E+14 -0.67316373E-29  0.74199626E-29
  0.18223206E+14 -0.74437444E-29  0.71018744E-29
  0.18271036E+14 -0.82774523E-29  0.68089216E-29
  0.18318866E+14 -0.92717744E-29  0.59144301E-29
  0.18366696E+14 -0.97563804E-29  0.46117988E-29
  0.18414526E+14 -0.99209712E-29  0.36598826E-29
  0.18462356E+14 -0.97693394E-29  0.29085517E-29
  0.18510186E+14 -0.94820459E-29  0.21537753E-29
  0.18558016E+14 -0.94915804E-29  0.15673887E-29
  0.18605846E+14 -0.92619945E-29  0.10755847E-29
  0.18653676E+14 -0.87350052E-29  0.58371107E-30
  0.18701506E+14 -0.87265711E-29  0.16138416E-30
  0.18749336E+14 -0.82072950E-29  0.30887554E-31
  0.18797166E+14 -0.79332591E-29 -0.44214695E-30
  0.18844996E+14 -0.82119881E-29 -0.61790002E-30
  0.18892826E+14 -0.76535102E-29 -0.45082967E-30
  0.18940655E+14 -0.72195065E-29 -0.91639762E-30
  0.18988485E+14 -0.74598198E-29 -0.71779067E-30
  0.19036315E+14 -0.69138681E-29 -0.96141126E-30
  0.19084145E+14 -0.72678984E-29 -0.12901323E-29
  0.19131975E+14 -0.69476309E-29 -0.76761827E-30
  0.19179805E+14 -0.68414553E-29 -0.12140190E-29
  0.19227635E+14 -0.67263110E-29 -0.10444070E-29
  0.19275465E+14 -0.62069961E-29 -0.12061901E-29
  0.19323295E+14 -0.67220205E-29 -0.97738938E-30
  0.19371125E+14 -0.61278455E-29 -0.10203643E-29
  0.19418955E+14 -0.67835369E-29 -0.94223894E-30
  0.19466785E+14 -0.63577187E-29 -0.87751090E-30
  0.19514615E+14 -0.68295870E-29 -0.93561287E-30
  0.19562445E+14 -0.66224067E-29 -0.58492794E-30
  0.19610275E+14 -0.70014954E-29 -0.84375895E-30
  0.19658105E+14 -0.68852218E-29 -0.44544335E-30
  0.19705934E+14 -0.73492717E-29 -0.69732898E-30
  0.19753764E+14 -0.76068924E-29 -0.39925029E-30
  0.19801594E+14 -0.80286074E-29 -0.57694370E-30
  0.19849424E+14 -0.82404403E-29 -0.32797336E-30
  0.19897254E+14 -0.87973014E-29 -0.73459170E-30
  0.19945084E+14 -0.91983137E-29 -0.56093842E-30
  0.19992914E+14 -0.98686507E-29 -0.10119317E-29
  0.20040744E+14 -0.10173143E-28 -0.95297336E-30
  0.20088574E+14 -0.11012199E-28 -0.16782653E-29
  0.20136404E+14 -0.11458078E-28 -0.17896086E-29
  0.20184234E+14 -0.11924302E-28 -0.27437480E-29
  0.20232064E+14 -0.12662673E-28 -0.28296392E-29
  0.20279894E+14 -0.13008898E-28 -0.37486449E-29
  0.20327724E+14 -0.13617824E-28 -0.39192104E-29
  0.20375554E+14 -0.13927857E-28 -0.49462215E-29
  0.20423384E+14 -0.15544776E-28 -0.56817879E-29
  0.20471213E+14 -0.15510149E-28 -0.64137202E-29
  0.20519043E+14 -0.16932820E-28 -0.77473576E-29
  0.20566873E+14 -0.18361365E-28 -0.89049128E-29
  0.20614703E+14 -0.19444236E-28 -0.10953094E-28
  0.20662533E+14 -0.21594028E-28 -0.13076975E-28
  0.20710363E+14 -0.23576317E-28 -0.15879668E-28
  0.20758193E+14 -0.28151620E-28 -0.20078978E-28
  0.20806023E+14 -0.36768988E-28 -0.26784085E-28
  0.20853853E+14 -0.36251063E-28 -0.63495236E-28
  0.20901683E+14  0.54396529E-29 -0.68835999E-28
  0.20949513E+14  0.82927384E-29 -0.61416772E-28
  0.20997343E+14  0.54808829E-28 -0.68274386E-28
  0.21045173E+14  0.55350759E-28 -0.27495099E-28
  0.21093003E+14  0.49438016E-28 -0.11272861E-28
  0.21140833E+14  0.42919009E-28 -0.33075269E-30
  0.21188663E+14  0.35274815E-28  0.80057760E-29
  0.21236492E+14  0.27038870E-28  0.13111545E-28
  0.21284322E+14  0.19427428E-28  0.15174239E-28
  0.21332152E+14  0.12060552E-28  0.15465005E-28
  0.21379982E+14  0.61747209E-29  0.12821187E-28
  0.21427812E+14  0.35521196E-29  0.95286734E-29
  0.21475642E+14  0.25944099E-29  0.76049789E-29
  0.21523472E+14  0.18052826E-29  0.75024879E-29
  0.21571302E+14 -0.28583538E-29  0.93871411E-29
  0.21619132E+14 -0.24296238E-29 -0.22338981E-29
  0.21666962E+14 -0.11024925E-29 -0.47943892E-30
  0.21714792E+14 -0.76258821E-30 -0.85461499E-30
  0.21762622E+14 -0.56267475E-30 -0.12838313E-29
  0.21810452E+14 -0.40289493E-30 -0.16898249E-29
  0.21858282E+14 -0.26328101E-30 -0.20617875E-29
  0.21906112E+14 -0.11761519E-30 -0.23972632E-29
  0.21953942E+14  0.31397763E-31 -0.26689330E-29
  0.22001771E+14  0.18604045E-30 -0.29091019E-29
  0.22049601E+14  0.35682977E-30 -0.31165131E-29
  0.22097431E+14  0.51577714E-30 -0.32908383E-29
  0.22145261E+14  0.67567013E-30 -0.34338041E-29
  0.22193091E+14  0.84275853E-30 -0.35494496E-29
  0.22240921E+14  0.10024855E-29 -0.36414720E-29
  0.22288751E+14  0.11735386E-29 -0.37126329E-29
  0.22336581E+14  0.13210896E-29 -0.37672708E-29
  0.22384411E+14  0.14742165E-29 -0.38004217E-29
  0.22432241E+14  0.16250947E-29 -0.38199703E-29
  0.22480071E+14  0.17761769E-29 -0.38272716E-29
  0.22527901E+14  0.19275959E-29 -0.38228034E-29
  0.22575731E+14  0.20467883E-29 -0.37998390E-29
  0.22623561E+14  0.21987699E-29 -0.37707826E-29
  0.22671391E+14  0.23271863E-29 -0.37425860E-29
  0.22719221E+14  0.24263020E-29 -0.36899632E-29
  0.22767050E+14  0.25698438E-29 -0.36342662E-29
  0.22814880E+14  0.26855039E-29 -0.35801864E-29
  0.22862710E+14  0.27827218E-29 -0.35076510E-29
  0.22910540E+14  0.28964360E-29 -0.34344354E-29
  0.22958370E+14  0.29816056E-29 -0.33573716E-29
  0.23006200E+14  0.30833428E-29 -0.32647526E-29
  0.23054030E+14  0.31812926E-29 -0.31915814E-29
  0.23101860E+14  0.32425435E-29 -0.30954765E-29
  0.23149690E+14  0.33329749E-29 -0.29991624E-29
  0.23197520E+14  0.33920840E-29 -0.29069664E-29
  0.23245350E+14  0.34790178E-29 -0.27954634E-29
  0.23293180E+14  0.35426870E-29 -0.27100488E-29
  0.23341010E+14  0.35882378E-29 -0.25908185E-29
  0.23388840E+14  0.36467759E-29 -0.24923553E-29
  0.23436670E+14  0.36774087E-29 -0.23804441E-29
  0.23484500E+14  0.37441080E-29 -0.22723778E-29
  0.23532329E+14  0.37529559E-29 -0.21686769E-29
  0.23580159E+14  0.38159420E-29 -0.20554973E-29
  0.23627989E+14  0.38281824E-29 -0.19449362E-29
  0.23675819E+14  0.38654242E-29 -0.18275826E-29
  0.23723649E+14  0.38797386E-29 -0.17242679E-29
  0.23771479E+14  0.38986701E-29 -0.15998564E-29
  0.23819309E+14  0.39092024E-29 -0.15085914E-29
  0.23867139E+14  0.39123838E-29 -0.13749009E-29
  0.23914969E+14  0.39192239E-29 -0.12880229E-29
  0.23962799E+14  0.39131563E-29 -0.11567171E-29
  0.24010629E+14  0.39098325E-29 -0.10692814E-29
  0.24058459E+14  0.38960769E-29 -0.94836143E-30
  0.24106289E+14  0.38869250E-29 -0.85108300E-30
  0.24154119E+14  0.38600666E-29 -0.73669311E-30
  0.24201949E+14  0.38311423E-29 -0.64579541E-30
  0.24249779E+14  0.37981517E-29 -0.54125963E-30
  0.24297609E+14  0.37666472E-29 -0.45664260E-30
  0.24345438E+14  0.37041993E-29 -0.36759163E-30
  0.24393268E+14  0.36807239E-29 -0.28450482E-30
  0.24441098E+14  0.36319518E-29 -0.20565119E-30
  0.24488928E+14  0.35769432E-29 -0.14005584E-30
  0.24536758E+14  0.35114709E-29 -0.75161265E-31
  0.24584588E+14  0.34475820E-29 -0.51054228E-31
  0.24632418E+14  0.33963643E-29 -0.19340558E-31
  0.24680248E+14  0.33321032E-29 -0.32276912E-31
  0.24728078E+14  0.32963537E-29 -0.92188548E-31
  0.24775908E+14  0.33335761E-29 -0.27250182E-30
  0.24823738E+14  0.36672526E-29 -0.24371684E-30
  0.24871568E+14  0.38521826E-29 -0.14973332E-31
  0.24919398E+14  0.39119184E-29  0.18887795E-30
  0.24967228E+14  0.39269803E-29  0.38838183E-30
  0.25015058E+14  0.38767512E-29  0.56941906E-30
  0.25062888E+14  0.38643594E-29  0.74854493E-30
  0.25110717E+14  0.38323359E-29  0.90445394E-30
  0.25158547E+14  0.37525564E-29  0.10667936E-29
  0.25206377E+14  0.36696573E-29  0.12249786E-29
  0.25254207E+14  0.36252923E-29  0.13495926E-29
  0.25302037E+14  0.34804817E-29  0.14836765E-29
  0.25349867E+14  0.34247310E-29  0.16139660E-29
  0.25397697E+14  0.33255882E-29  0.17223557E-29
  0.25445527E+14  0.32352074E-29  0.18462171E-29
  0.25493357E+14  0.31066784E-29  0.19247573E-29
  0.25541187E+14  0.30010872E-29  0.20626728E-29
  0.25589017E+14  0.29100896E-29  0.21348522E-29
  0.25636847E+14  0.26929895E-29  0.22170176E-29
  0.25684677E+14  0.26300599E-29  0.23162793E-29
  0.25732507E+14  0.25320524E-29  0.23483226E-29
  0.25780337E+14  0.23440848E-29  0.24205394E-29
  0.25828167E+14  0.21997039E-29  0.24911572E-29
  0.25875996E+14  0.20965882E-29  0.25269720E-29
  0.25923826E+14  0.19408805E-29  0.25641180E-29
  0.25971656E+14  0.18302601E-29  0.26136948E-29
  0.26019486E+14  0.16502901E-29  0.26057983E-29
  0.26067316E+14  0.14848504E-29  0.26529978E-29
  0.26115146E+14  0.14148577E-29  0.26838312E-29
  0.26162976E+14  0.13049506E-29  0.26622596E-29
  0.26210806E+14  0.97630914E-30  0.26593217E-29
  0.26258636E+14  0.89084508E-30  0.26598137E-29
  0.26306466E+14  0.80403026E-30  0.26262820E-29
  0.26354296E+14  0.69447118E-30  0.25813333E-29
  0.26402126E+14  0.51612528E-30  0.25549459E-29
  0.26449956E+14  0.33911914E-30  0.25009237E-29
  0.26497786E+14  0.19303942E-30  0.24524344E-29
  0.26545616E+14  0.32085959E-31  0.23842299E-29
  0.26593446E+14 -0.10928518E-30  0.22953935E-29
  0.26641275E+14 -0.23722391E-30  0.21960250E-29
  0.26689105E+14 -0.37520800E-30  0.20910109E-29
  0.26736935E+14 -0.50302469E-30  0.19741821E-29
  0.26784765E+14 -0.63657256E-30  0.17844314E-29
  0.26832595E+14 -0.70950113E-30  0.16544148E-29
  0.26880425E+14 -0.85916220E-30  0.14184369E-29
  0.26928255E+14 -0.98932836E-30  0.11179864E-29
  0.26976085E+14 -0.11553810E-29  0.47521302E-30
  0.27023915E+14  0.00000000E+00  0.38675318E-30
  0.27071745E+14  0.00000000E+00  0.64994371E-30
  0.27119575E+14  0.00000000E+00  0.72974865E-30
  0.27167405E+14  0.00000000E+00  0.76131071E-30
  0.27215235E+14  0.00000000E+00  0.77217473E-30
  0.27263065E+14  0.00000000E+00  0.77238223E-30
  0.27310895E+14  0.00000000E+00  0.76656552E-30
  0.27358725E+14  0.00000000E+00  0.75716779E-30
  0.27406554E+14  0.00000000E+00  0.74559421E-30
  0.27454384E+14  0.00000000E+00  0.73270270E-30
  0.27502214E+14  0.00000000E+00  0.71904002E-30
  0.27550044E+14  0.00000000E+00  0.70496558E-30
  0.27597874E+14  0.00000000E+00  0.69072092E-30
  0.27645704E+14  0.00000000E+00  0.67647079E-30
  0.27693534E+14  0.00000000E+00  0.66232850E-30
  0.27741364E+14  0.00000000E+00  0.64837207E-30
  0.27789194E+14  0.00000000E+00  0.63465492E-30
  0.27837024E+14  0.00000000E+00  0.62121303E-30
  0.27884854E+14  0.00000000E+00  0.60806987E-30
  0.27932684E+14  0.00000000E+00  0.59523985E-30
  0.27980514E+14  0.00000000E+00  0.58273084E-30
  0.28028344E+14  0.00000000E+00  0.57054589E-30
  0.28076174E+14  0.00000000E+00  0.55868453E-30
  0.28124004E+14  0.00000000E+00  0.54714376E-30
  0.28171833E+14  0.00000000E+00  0.53591873E-30
  0.28219663E+14  0.00000000E+00  0.52500325E-30
  0.28267493E+14  0.00000000E+00  0.51439025E-30
  0.28315323E+14  0.00000000E+00  0.50407200E-30
  0.28363153E+14  0.00000000E+00  0.49404041E-30
  0.28410983E+14  0.00000000E+00  0.48428713E-30
  0.28458813E+14  0.00000000E+00  0.47480376E-30
  0.28506643E+14  0.00000000E+00  0.46558185E-30
  0.28554473E+14  0.00000000E+00  0.45661306E-30
  0.28602303E+14  0.00000000E+00  0.44788918E-30
  0.28650133E+14  0.00000000E+00  0.43940214E-30
  0.28697963E+14  0.00000000E+00  0.43114409E-30
  0.28745793E+14  0.00000000E+00  0.42310739E-30
  0.28793623E+14  0.00000000E+00  0.41528463E-30
  0.28841453E+14  0.00000000E+00  0.40766862E-30
  0.28889283E+14  0.00000000E+00  0.40025242E-30
  0.28937112E+14  0.00000000E+00  0.39302935E-30
  0.28984942E+14  0.00000000E+00  0.38599293E-30
  0.29032772E+14  0.00000000E+00  0.37913695E-30
  0.29080602E+14  0.00000000E+00  0.37245540E-30
  0.29128432E+14  0.00000000E+00  0.36594253E-30
  0.29176262E+14  0.00000000E+00  0.35959277E-30
  0.29224092E+14  0.00000000E+00  0.35340079E-30
  0.29271922E+14  0.00000000E+00  0.34736145E-30
  0.29319752E+14  0.00000000E+00  0.34146982E-30
  0.29367582E+14  0.00000000E+00  0.33572114E-30
  0.29415412E+14  0.00000000E+00  0.33011085E-30
  0.29463242E+14  0.00000000E+00  0.32463456E-30
  0.29511072E+14  0.00000000E+00  0.31928804E-30
  0.29558902E+14  0.00000000E+00  0.31406725E-30
  0.29606732E+14  0.00000000E+00  0.30896826E-30
  0.29654562E+14  0.00000000E+00  0.30398733E-30
  0.29702391E+14  0.00000000E+00  0.29912084E-30
  0.29750221E+14  0.00000000E+00  0.29436531E-30
  0.29798051E+14  0.00000000E+00  0.28971740E-30
  0.29845881E+14  0.00000000E+00  0.28517387E-30
  0.29893711E+14  0.00000000E+00  0.28073163E-30
  0.29941541E+14  0.00000000E+00  0.27638769E-30
  0.29989371E+14  0.00000000E+00  0.27213917E-30
  0.30037201E+14  0.00000000E+00  0.26798329E-30
  0.30085031E+14  0.00000000E+00  0.26391738E-30
  0.30132861E+14  0.00000000E+00  0.25993886E-30
  0.30180691E+14  0.00000000E+00  0.25604525E-30
  0.30228521E+14  0.00000000E+00  0.25223415E-30
  0.30276351E+14  0.00000000E+00  0.24850324E-30
  0.30324181E+14  0.00000000E+00  0.24485030E-30
  0.30372011E+14  0.00000000E+00  0.24127317E-30
  0.30419841E+14  0.00000000E+00  0.23776977E-30
  0.30467671E+14  0.00000000E+00  0.23433809E-30
  0.30515500E+14  0.00000000E+00  0.23097619E-30
  0.30563330E+14  0.00000000E+00  0.22768220E-30
  0.30611160E+14  0.00000000E+00  0.22445432E-30
  0.30658990E+14  0.00000000E+00  0.22129077E-30
  0.30706820E+14  0.00000000E+00  0.21818989E-30
  0.30754650E+14  0.00000000E+00  0.21515002E-30
  0.30802480E+14  0.00000000E+00  0.21216959E-30
  0.30850310E+14  0.00000000E+00  0.20924707E-30
  0.30898140E+14  0.00000000E+00  0.20638097E-30
  0.30945970E+14  0.00000000E+00  0.20356985E-30
  0.30993800E+14  0.00000000E+00  0.20081234E-30
  0.31041630E+14  0.00000000E+00  0.19810708E-30
  0.31089460E+14  0.00000000E+00  0.19545278E-30
  0.31137290E+14  0.00000000E+00  0.19284817E-30
  0.31185120E+14  0.00000000E+00  0.19029203E-30
  0.31232950E+14  0.00000000E+00  0.18778317E-30
  0.31280779E+14  0.00000000E+00  0.18532046E-30
  0.31328609E+14  0.00000000E+00  0.18290276E-30
  0.31376439E+14  0.00000000E+00  0.18052900E-30
  0.31424269E+14  0.00000000E+00  0.17819815E-30
  0.31472099E+14  0.00000000E+00  0.17590917E-30
  0.31519929E+14  0.00000000E+00  0.17366108E-30
  0.31567759E+14  0.00000000E+00  0.17145293E-30
  0.31615589E+14  0.00000000E+00  0.16928379E-30
  0.31663419E+14  0.00000000E+00  0.16715275E-30
  0.31711249E+14  0.00000000E+00  0.16505895E-30
  0.31759079E+14  0.00000000E+00  0.16300152E-30
  0.31806909E+14  0.00000000E+00  0.16097965E-30
  0.31854739E+14  0.00000000E+00  0.15899253E-30
  0.31902569E+14  0.00000000E+00  0.15703938E-30
  0.31950399E+14  0.00000000E+00  0.15511944E-30
  0.31998229E+14  0.00000000E+00  0.15323197E-30
  0.32046058E+14  0.00000000E+00  0.15137626E-30
  0.32093888E+14  0.00000000E+00  0.14955162E-30
  0.32141718E+14  0.00000000E+00  0.14775736E-30
  0.32189548E+14  0.00000000E+00  0.14599282E-30
  0.32237378E+14  0.00000000E+00  0.14425736E-30
  0.32285208E+14  0.00000000E+00  0.14255037E-30
  0.32333038E+14  0.00000000E+00  0.14087122E-30
  0.32380868E+14  0.00000000E+00  0.13921934E-30
  0.32428698E+14  0.00000000E+00  0.13759414E-30
  0.32476528E+14  0.00000000E+00  0.13599506E-30
  0.32524358E+14  0.00000000E+00  0.13442156E-30
  0.32572188E+14  0.00000000E+00  0.13287311E-30
  0.32620018E+14  0.00000000E+00  0.13134918E-30
  0.32667848E+14  0.00000000E+00  0.12984928E-30
  0.32715678E+14  0.00000000E+00  0.12837291E-30
  0.32763508E+14  0.00000000E+00  0.12691960E-30
  0.32811337E+14  0.00000000E+00  0.12548887E-30
  0.32859167E+14  0.00000000E+00  0.12408027E-30
  0.32906997E+14  0.00000000E+00  0.12269336E-30
  0.32954827E+14  0.00000000E+00  0.12132770E-30
  0.33002657E+14  0.00000000E+00  0.11998288E-30
  0.33050487E+14  0.00000000E+00  0.11865847E-30
  0.33098317E+14  0.00000000E+00  0.11735409E-30
  0.33146147E+14  0.00000000E+00  0.11606933E-30
  0.33193977E+14  0.00000000E+00  0.11480382E-30
  0.33241807E+14  0.00000000E+00  0.11355719E-30
  0.33289637E+14  0.00000000E+00  0.11232906E-30
  0.33337467E+14  0.00000000E+00  0.11111909E-30
  0.33385297E+14  0.00000000E+00  0.10992692E-30
  0.33433127E+14  0.00000000E+00  0.10875222E-30
  0.33480957E+14  0.00000000E+00  0.10759466E-30
  0.33528787E+14  0.00000000E+00  0.10645392E-30
  0.33576616E+14  0.00000000E+00  0.10532968E-30
  0.33624446E+14  0.00000000E+00  0.10422162E-30
  0.33672276E+14  0.00000000E+00  0.10312946E-30
  0.33720106E+14  0.00000000E+00  0.10205290E-30
  0.33767936E+14  0.00000000E+00  0.10099165E-30
  0.33815766E+14  0.00000000E+00  0.99945423E-31
  0.33863596E+14  0.00000000E+00  0.98913955E-31
  0.33911426E+14  0.00000000E+00  0.97896974E-31
  0.33959256E+14  0.00000000E+00  0.96894219E-31
  0.34007086E+14  0.00000000E+00  0.95905433E-31
  0.34054916E+14  0.00000000E+00  0.94930366E-31
  0.34102746E+14  0.00000000E+00  0.93968773E-31
  0.34150576E+14  0.00000000E+00  0.93020414E-31
  0.34198406E+14  0.00000000E+00  0.92085056E-31
  0.34246236E+14  0.00000000E+00  0.91162468E-31
  0.34294066E+14  0.00000000E+00  0.90252428E-31
  0.34341895E+14  0.00000000E+00  0.89354715E-31
  0.34389725E+14  0.00000000E+00  0.88469116E-31
  0.34437555E+14  0.00000000E+00  0.87595420E-31
  0.34485385E+14  0.00000000E+00  0.86733421E-31
  0.34533215E+14  0.00000000E+00  0.85882920E-31
  0.34581045E+14  0.00000000E+00  0.85043719E-31
  0.34628875E+14  0.00000000E+00  0.84215625E-31
  0.34676705E+14  0.00000000E+00  0.83398450E-31
  0.34724535E+14  0.00000000E+00  0.82592009E-31
  0.34772365E+14  0.00000000E+00  0.81796122E-31
  0.34820195E+14  0.00000000E+00  0.81010611E-31
  0.34868025E+14  0.00000000E+00  0.80235304E-31
  0.34915855E+14  0.00000000E+00  0.79470030E-31
  0.34963685E+14  0.00000000E+00  0.78714623E-31
  0.35011515E+14  0.00000000E+00  0.77968919E-31
  0.35059345E+14  0.00000000E+00  0.77232761E-31
  0.35107174E+14  0.00000000E+00  0.76505991E-31
  0.35155004E+14  0.00000000E+00  0.75788455E-31
  0.35202834E+14  0.00000000E+00  0.75080005E-31
  0.35250664E+14  0.00000000E+00  0.74380492E-31
  0.35298494E+14  0.00000000E+00  0.73689773E-31
  0.35346324E+14  0.00000000E+00  0.73007706E-31
  0.35394154E+14  0.00000000E+00  0.72334152E-31
  0.35441984E+14  0.00000000E+00  0.71668976E-31
  0.35489814E+14  0.00000000E+00  0.71012045E-31
  0.35537644E+14  0.00000000E+00  0.70363229E-31
  0.35585474E+14  0.00000000E+00  0.69722398E-31
  0.35633304E+14  0.00000000E+00  0.69089428E-31
  0.35681134E+14  0.00000000E+00  0.68464196E-31
  0.35728964E+14  0.00000000E+00  0.67846580E-31
  0.35776794E+14  0.00000000E+00  0.67236463E-31
  0.35824624E+14  0.00000000E+00  0.66633728E-31
  0.35872453E+14  0.00000000E+00  0.66038261E-31
  0.35920283E+14  0.00000000E+00  0.65449951E-31
  0.35968113E+14  0.00000000E+00  0.64868687E-31
  0.36015943E+14  0.00000000E+00  0.64294363E-31
  0.36063773E+14  0.00000000E+00  0.63726873E-31
  0.36111603E+14  0.00000000E+00  0.63166113E-31
  0.36159433E+14  0.00000000E+00  0.62611981E-31
  0.36207263E+14  0.00000000E+00  0.62064377E-31
  0.36255093E+14  0.00000000E+00  0.61523204E-31
  0.36302923E+14  0.00000000E+00  0.60988366E-31
  0.36350753E+14  0.00000000E+00  0.60459767E-31
  0.36398583E+14  0.00000000E+00  0.59937316E-31
  0.36446413E+14  0.00000000E+00  0.59420922E-31
  0.36494243E+14  0.00000000E+00  0.58910494E-31
  0.36542073E+14  0.00000000E+00  0.58405946E-31
  0.36589903E+14  0.00000000E+00  0.57907191E-31
  0.36637733E+14  0.00000000E+00  0.57414144E-31
  0.36685562E+14  0.00000000E+00  0.56926723E-31
  0.36733392E+14  0.00000000E+00  0.56444846E-31
  0.36781222E+14  0.00000000E+00  0.55968433E-31
  0.36829052E+14  0.00000000E+00  0.55497404E-31
  0.36876882E+14  0.00000000E+00  0.55031684E-31
  0.36924712E+14  0.00000000E+00  0.54571195E-31
  0.36972542E+14  0.00000000E+00  0.54115863E-31
  0.37020372E+14  0.00000000E+00  0.53665615E-31
  0.37068202E+14  0.00000000E+00  0.53220378E-31
  0.37116032E+14  0.00000000E+00  0.52780082E-31
  0.37163862E+14  0.00000000E+00  0.52344658E-31
  0.37211692E+14  0.00000000E+00  0.51914036E-31
  0.37259522E+14  0.00000000E+00  0.51488150E-31
  0.37307352E+14  0.00000000E+00  0.51066933E-31
  0.37355182E+14  0.00000000E+00  0.50650321E-31
  0.37403012E+14  0.00000000E+00  0.50238250E-31
  0.37450841E+14  0.00000000E+00  0.49830657E-31
  0.37498671E+14  0.00000000E+00  0.49427480E-31
  0.37546501E+14  0.00000000E+00  0.49028658E-31
  0.37594331E+14  0.00000000E+00  0.48634133E-31
  0.37642161E+14  0.00000000E+00  0.48243845E-31
  0.37689991E+14  0.00000000E+00  0.47857736E-31
  0.37737821E+14  0.00000000E+00  0.47475750E-31
  0.37785651E+14  0.00000000E+00  0.47097832E-31
  0.37833481E+14  0.00000000E+00  0.46723926E-31
  0.37881311E+14  0.00000000E+00  0.46353978E-31
  0.37929141E+14  0.00000000E+00  0.45987936E-31
  0.37976971E+14  0.00000000E+00  0.45625747E-31
  0.38024801E+14  0.00000000E+00  0.45267359E-31
  0.38072631E+14  0.00000000E+00  0.44912723E-31
  0.38120461E+14  0.00000000E+00  0.44561788E-31
  0.38168291E+14  0.00000000E+00  0.44214507E-31
  0.38216120E+14  0.00000000E+00  0.43870829E-31
  0.38263950E+14  0.00000000E+00  0.43530709E-31
  0.38311780E+14  0.00000000E+00  0.43194100E-31
  0.38359610E+14  0.00000000E+00  0.42860955E-31
  0.38407440E+14  0.00000000E+00  0.42531231E-31
  0.38455270E+14  0.00000000E+00  0.42204882E-31
  0.38503100E+14  0.00000000E+00  0.41881864E-31
  0.38550930E+14  0.00000000E+00  0.41562135E-31
  0.38598760E+14  0.00000000E+00  0.41245653E-31
  0.38646590E+14  0.00000000E+00  0.40932376E-31
  0.38694420E+14  0.00000000E+00  0.40622262E-31
  0.38742250E+14  0.00000000E+00  0.40315272E-31
  0.38790080E+14  0.00000000E+00  0.40011365E-31
  0.38837910E+14  0.00000000E+00  0.39710503E-31
  0.38885740E+14  0.00000000E+00  0.39412647E-31
  0.38933570E+14  0.00000000E+00  0.39117759E-31
  0.38981399E+14  0.00000000E+00  0.38825802E-31
  0.39029229E+14  0.00000000E+00  0.38536739E-31
  0.39077059E+14  0.00000000E+00  0.38250534E-31
  0.39124889E+14  0.00000000E+00  0.37967151E-31
  0.39172719E+14  0.00000000E+00  0.37686555E-31
  0.39220549E+14  0.00000000E+00  0.37408712E-31
  0.39268379E+14  0.00000000E+00  0.37133587E-31
  0.39316209E+14  0.00000000E+00  0.36861147E-31
  0.39364039E+14  0.00000000E+00  0.36591358E-31
  0.39411869E+14  0.00000000E+00  0.36324190E-31
  0.39459699E+14  0.00000000E+00  0.36059608E-31
  0.39507529E+14  0.00000000E+00  0.35797582E-31
  0.39555359E+14  0.00000000E+00  0.35538080E-31
  0.39603189E+14  0.00000000E+00  0.35281073E-31
  0.39651019E+14  0.00000000E+00  0.35026529E-31
  0.39698849E+14  0.00000000E+00  0.34774419E-31
  0.39746678E+14  0.00000000E+00  0.34524714E-31
  0.39794508E+14  0.00000000E+00  0.34277384E-31
  0.39842338E+14  0.00000000E+00  0.34032402E-31
  0.39890168E+14  0.00000000E+00  0.33789738E-31
  0.39937998E+14  0.00000000E+00  0.33549367E-31
  0.39985828E+14  0.00000000E+00  0.33311259E-31
  0.40033658E+14  0.00000000E+00  0.33075389E-31
  0.40081488E+14  0.00000000E+00  0.32841731E-31
  0.40129318E+14  0.00000000E+00  0.32610257E-31
  0.40177148E+14  0.00000000E+00  0.32380942E-31
  0.40224978E+14  0.00000000E+00  0.32153761E-31
  0.40272808E+14  0.00000000E+00  0.31928688E-31
  0.40320638E+14  0.00000000E+00  0.31705701E-31
  0.40368468E+14  0.00000000E+00  0.31484773E-31
  0.40416298E+14  0.00000000E+00  0.31265881E-31
  0.40464128E+14  0.00000000E+00  0.31049001E-31
  0.40511957E+14  0.00000000E+00  0.30834111E-31
  0.40559787E+14  0.00000000E+00  0.30621186E-31
  0.40607617E+14  0.00000000E+00  0.30410206E-31
  0.40655447E+14  0.00000000E+00  0.30201146E-31
  0.40703277E+14  0.00000000E+00  0.29993986E-31
  0.40751107E+14  0.00000000E+00  0.29788704E-31
  0.40798937E+14  0.00000000E+00  0.29585277E-31
  0.40846767E+14  0.00000000E+00  0.29383686E-31
  0.40894597E+14  0.00000000E+00  0.29183909E-31
  0.40942427E+14  0.00000000E+00  0.28985926E-31
  0.40990257E+14  0.00000000E+00  0.28789717E-31
  0.41038087E+14  0.00000000E+00  0.28595261E-31
  0.41085917E+14  0.00000000E+00  0.28402539E-31
  0.41133747E+14  0.00000000E+00  0.28211532E-31
  0.41181577E+14  0.00000000E+00  0.28022220E-31
  0.41229407E+14  0.00000000E+00  0.27834584E-31
  0.41277236E+14  0.00000000E+00  0.27648606E-31
  0.41325066E+14  0.00000000E+00  0.27464268E-31
  0.41372896E+14  0.00000000E+00  0.27281551E-31
  0.41420726E+14  0.00000000E+00  0.27100438E-31
  0.41468556E+14  0.00000000E+00  0.26920910E-31
  0.41516386E+14  0.00000000E+00  0.26742950E-31
  0.41564216E+14  0.00000000E+00  0.26566542E-31
  0.41612046E+14  0.00000000E+00  0.26391668E-31
  0.41659876E+14  0.00000000E+00  0.26218311E-31
  0.41707706E+14  0.00000000E+00  0.26046455E-31
  0.41755536E+14  0.00000000E+00  0.25876084E-31
  0.41803366E+14  0.00000000E+00  0.25707181E-31
  0.41851196E+14  0.00000000E+00  0.25539731E-31
  0.41899026E+14  0.00000000E+00  0.25373718E-31
  0.41946856E+14  0.00000000E+00  0.25209126E-31
  0.41994686E+14  0.00000000E+00  0.25045941E-31
  0.42042516E+14  0.00000000E+00  0.24884147E-31
  0.42090345E+14  0.00000000E+00  0.24723729E-31
  0.42138175E+14  0.00000000E+00  0.24564673E-31
  0.42186005E+14  0.00000000E+00  0.24406964E-31
  0.42233835E+14  0.00000000E+00  0.24250588E-31
  0.42281665E+14  0.00000000E+00  0.24095531E-31
  0.42329495E+14  0.00000000E+00  0.23941779E-31
  0.42377325E+14  0.00000000E+00  0.23789317E-31
  0.42425155E+14  0.00000000E+00  0.23638134E-31
  0.42472985E+14  0.00000000E+00  0.23488214E-31
  0.42520815E+14  0.00000000E+00  0.23339545E-31
  0.42568645E+14  0.00000000E+00  0.23192114E-31
  0.42616475E+14  0.00000000E+00  0.23045908E-31
  0.42664305E+14  0.00000000E+00  0.22900914E-31
  0.42712135E+14  0.00000000E+00  0.22757119E-31
  0.42759965E+14  0.00000000E+00  0.22614512E-31
  0.42807795E+14  0.00000000E+00  0.22473080E-31
  0.42855624E+14  0.00000000E+00  0.22332810E-31
  0.42903454E+14  0.00000000E+00  0.22193691E-31
  0.42951284E+14  0.00000000E+00  0.22055711E-31
  0.42999114E+14  0.00000000E+00  0.21918859E-31
  0.43046944E+14  0.00000000E+00  0.21783122E-31
  0.43094774E+14  0.00000000E+00  0.21648490E-31
  0.43142604E+14  0.00000000E+00  0.21514950E-31
  0.43190434E+14  0.00000000E+00  0.21382493E-31
  0.43238264E+14  0.00000000E+00  0.21251107E-31
  0.43286094E+14  0.00000000E+00  0.21120781E-31
  0.43333924E+14  0.00000000E+00  0.20991505E-31
  0.43381754E+14  0.00000000E+00  0.20863268E-31
  0.43429584E+14  0.00000000E+00  0.20736059E-31
  0.43477414E+14  0.00000000E+00  0.20609868E-31
  0.43525244E+14  0.00000000E+00  0.20484686E-31
  0.43573074E+14  0.00000000E+00  0.20360502E-31
  0.43620903E+14  0.00000000E+00  0.20237305E-31
  0.43668733E+14  0.00000000E+00  0.20115087E-31
  0.43716563E+14  0.00000000E+00  0.19993837E-31
  0.43764393E+14  0.00000000E+00  0.19873546E-31
  0.43812223E+14  0.00000000E+00  0.19754205E-31
  0.43860053E+14  0.00000000E+00  0.19635804E-31
  0.43907883E+14  0.00000000E+00  0.19518333E-31
  0.43955713E+14  0.00000000E+00  0.19401785E-31
  0.44003543E+14  0.00000000E+00  0.19286148E-31
  0.44051373E+14  0.00000000E+00  0.19171416E-31
  0.44099203E+14  0.00000000E+00  0.19057578E-31
  0.44147033E+14  0.00000000E+00  0.18944627E-31
  0.44194863E+14  0.00000000E+00  0.18832553E-31
  0.44242693E+14  0.00000000E+00  0.18721349E-31
  0.44290523E+14  0.00000000E+00  0.18611005E-31
  0.44338353E+14  0.00000000E+00  0.18501513E-31
  0.44386182E+14  0.00000000E+00  0.18392865E-31
  0.44434012E+14  0.00000000E+00  0.18285053E-31
  0.44481842E+14  0.00000000E+00  0.18178070E-31
  0.44529672E+14  0.00000000E+00  0.18071906E-31
  0.44577502E+14  0.00000000E+00  0.17966554E-31
  0.44625332E+14  0.00000000E+00  0.17862007E-31
  0.44673162E+14  0.00000000E+00  0.17758257E-31
  0.44720992E+14  0.00000000E+00  0.17655296E-31
  0.44768822E+14  0.00000000E+00  0.17553116E-31
  0.44816652E+14  0.00000000E+00  0.17451711E-31
  0.44864482E+14  0.00000000E+00  0.17351073E-31
  0.44912312E+14  0.00000000E+00  0.17251194E-31
  0.44960142E+14  0.00000000E+00  0.17152068E-31
  0.45007972E+14  0.00000000E+00  0.17053688E-31
  0.45055802E+14  0.00000000E+00  0.16956046E-31
  0.45103632E+14  0.00000000E+00  0.16859135E-31
  0.45151461E+14  0.00000000E+00  0.16762950E-31
  0.45199291E+14  0.00000000E+00  0.16667482E-31
  0.45247121E+14  0.00000000E+00  0.16572726E-31
  0.45294951E+14  0.00000000E+00  0.16478674E-31
  0.45342781E+14  0.00000000E+00  0.16385321E-31
  0.45390611E+14  0.00000000E+00  0.16292659E-31
  0.45438441E+14  0.00000000E+00  0.16200683E-31
  0.45486271E+14  0.00000000E+00  0.16109385E-31
  0.45534101E+14  0.00000000E+00  0.16018761E-31
  0.45581931E+14  0.00000000E+00  0.15928803E-31
  0.45629761E+14  0.00000000E+00  0.15839505E-31
  0.45677591E+14  0.00000000E+00  0.15750862E-31
  0.45725421E+14  0.00000000E+00  0.15662867E-31
  0.45773251E+14  0.00000000E+00  0.15575515E-31
  0.45821081E+14  0.00000000E+00  0.15488800E-31
  0.45868911E+14  0.00000000E+00  0.15402715E-31
  0.45916740E+14  0.00000000E+00  0.15317256E-31
  0.45964570E+14  0.00000000E+00  0.15232416E-31
  0.46012400E+14  0.00000000E+00  0.15148191E-31
  0.46060230E+14  0.00000000E+00  0.15064573E-31
  0.46108060E+14  0.00000000E+00  0.14981559E-31
  0.46155890E+14  0.00000000E+00  0.14899142E-31
  0.46203720E+14  0.00000000E+00  0.14817317E-31
  0.46251550E+14  0.00000000E+00  0.14736080E-31
  0.46299380E+14  0.00000000E+00  0.14655423E-31
  0.46347210E+14  0.00000000E+00  0.14575344E-31
  0.46395040E+14  0.00000000E+00  0.14495835E-31
  0.46442870E+14  0.00000000E+00  0.14416893E-31
  0.46490700E+14  0.00000000E+00  0.14338512E-31
  0.46538530E+14  0.00000000E+00  0.14260688E-31
  0.46586360E+14  0.00000000E+00  0.14183415E-31
  0.46634190E+14  0.00000000E+00  0.14106688E-31
  0.46682019E+14  0.00000000E+00  0.14030503E-31
  0.46729849E+14  0.00000000E+00  0.13954855E-31
  0.46777679E+14  0.00000000E+00  0.13879739E-31
  0.46825509E+14  0.00000000E+00  0.13805150E-31
  0.46873339E+14  0.00000000E+00  0.13731085E-31
  0.46921169E+14  0.00000000E+00  0.13657538E-31
  0.46968999E+14  0.00000000E+00  0.13584505E-31
  0.47016829E+14  0.00000000E+00  0.13511981E-31
  0.47064659E+14  0.00000000E+00  0.13439963E-31
  0.47112489E+14  0.00000000E+00  0.13368444E-31
  0.47160319E+14  0.00000000E+00  0.13297423E-31
  0.47208149E+14  0.00000000E+00  0.13226893E-31
  0.47255979E+14  0.00000000E+00  0.13156851E-31
  0.47303809E+14  0.00000000E+00  0.13087293E-31
  0.47351639E+14  0.00000000E+00  0.13018214E-31
  0.47399469E+14  0.00000000E+00  0.12949610E-31
  0.47447298E+14  0.00000000E+00  0.12881477E-31
  0.47495128E+14  0.00000000E+00  0.12813812E-31
  0.47542958E+14  0.00000000E+00  0.12746610E-31
  0.47590788E+14  0.00000000E+00  0.12679868E-31
  0.47638618E+14  0.00000000E+00  0.12613581E-31
  0.47686448E+14  0.00000000E+00  0.12547745E-31
  0.47734278E+14  0.00000000E+00  0.12482357E-31
  0.47782108E+14  0.00000000E+00  0.12417413E-31
  0.47829938E+14  0.00000000E+00  0.12352909E-31
  0.47877768E+14  0.00000000E+00  0.12288842E-31
  0.47925598E+14  0.00000000E+00  0.12225207E-31
  0.47973428E+14  0.00000000E+00  0.12162002E-31
  0.48021258E+14  0.00000000E+00  0.12099222E-31
  0.48069088E+14  0.00000000E+00  0.12036864E-31
  0.48116918E+14  0.00000000E+00  0.11974925E-31
  0.48164748E+14  0.00000000E+00  0.11913401E-31
  0.48212578E+14  0.00000000E+00  0.11852288E-31
  0.48260407E+14  0.00000000E+00  0.11791584E-31
  0.48308237E+14  0.00000000E+00  0.11731284E-31
  0.48356067E+14  0.00000000E+00  0.11671386E-31
  0.48403897E+14  0.00000000E+00  0.11611886E-31
  0.48451727E+14  0.00000000E+00  0.11552780E-31
  0.48499557E+14  0.00000000E+00  0.11494066E-31
  0.48547387E+14  0.00000000E+00  0.11435741E-31
  0.48595217E+14  0.00000000E+00  0.11377801E-31
  0.48643047E+14  0.00000000E+00  0.11320242E-31
  0.48690877E+14  0.00000000E+00  0.11263063E-31
  0.48738707E+14  0.00000000E+00  0.11206259E-31
  0.48786537E+14  0.00000000E+00  0.11149828E-31
  0.48834367E+14  0.00000000E+00  0.11093766E-31
  0.48882197E+14  0.00000000E+00  0.11038072E-31
  0.48930027E+14  0.00000000E+00  0.10982741E-31
  0.48977857E+14  0.00000000E+00  0.10927770E-31
  0.49025686E+14  0.00000000E+00  0.10873158E-31
  0.49073516E+14  0.00000000E+00  0.10818900E-31
  0.49121346E+14  0.00000000E+00  0.10764995E-31
  0.49169176E+14  0.00000000E+00  0.10711439E-31
  0.49217006E+14  0.00000000E+00  0.10658229E-31
  0.49264836E+14  0.00000000E+00  0.10605363E-31
  0.49312666E+14  0.00000000E+00  0.10552837E-31
  0.49360496E+14  0.00000000E+00  0.10500650E-31
  0.49408326E+14  0.00000000E+00  0.10448799E-31
  0.49456156E+14  0.00000000E+00  0.10397280E-31
  0.49503986E+14  0.00000000E+00  0.10346091E-31
  0.49551816E+14  0.00000000E+00  0.10295230E-31
  0.49599646E+14  0.00000000E+00  0.10244694E-31
  0.49647476E+14  0.00000000E+00  0.10194480E-31
  0.49695306E+14  0.00000000E+00  0.10144586E-31
  0.49743136E+14  0.00000000E+00  0.10095009E-31
  0.49790965E+14  0.00000000E+00  0.10045747E-31
  0.49838795E+14  0.00000000E+00  0.99967971E-32
  0.49886625E+14  0.00000000E+00  0.99481572E-32
  0.49934455E+14  0.00000000E+00  0.98998248E-32
  0.49982285E+14  0.00000000E+00  0.98517973E-32
  0.50030115E+14  0.00000000E+00  0.98040724E-32
  0.50077945E+14  0.00000000E+00  0.97566478E-32
  0.50125775E+14  0.00000000E+00  0.97095211E-32
  0.50173605E+14  0.00000000E+00  0.96626900E-32
  0.50221435E+14  0.00000000E+00  0.96161522E-32
  0.50269265E+14  0.00000000E+00  0.95699054E-32
  0.50317095E+14  0.00000000E+00  0.95239474E-32
  0.50364925E+14  0.00000000E+00  0.94782759E-32
  0.50412755E+14  0.00000000E+00  0.94328887E-32
  0.50460585E+14  0.00000000E+00  0.93877837E-32
  0.50508415E+14  0.00000000E+00  0.93429586E-32
  0.50556244E+14  0.00000000E+00  0.92984113E-32
  0.50604074E+14  0.00000000E+00  0.92541397E-32
  0.50651904E+14  0.00000000E+00  0.92101416E-32
  0.50699734E+14  0.00000000E+00  0.91664150E-32
  0.50747564E+14  0.00000000E+00  0.91229578E-32
  0.50795394E+14  0.00000000E+00  0.90797679E-32
  0.50843224E+14  0.00000000E+00  0.90368433E-32
  0.50891054E+14  0.00000000E+00  0.89941820E-32
  0.50938884E+14  0.00000000E+00  0.89517820E-32
  0.50986714E+14  0.00000000E+00  0.89096412E-32
  0.51034544E+14  0.00000000E+00  0.88677578E-32
  0.51082374E+14  0.00000000E+00  0.88261298E-32
  0.51130204E+14  0.00000000E+00  0.87847553E-32
  0.51178034E+14  0.00000000E+00  0.87436323E-32
  0.51225864E+14  0.00000000E+00  0.87027589E-32
  0.51273694E+14  0.00000000E+00  0.86621334E-32
  0.51321523E+14  0.00000000E+00  0.86217537E-32
  0.51369353E+14  0.00000000E+00  0.85816181E-32
  0.51417183E+14  0.00000000E+00  0.85417248E-32
  0.51465013E+14  0.00000000E+00  0.85020719E-32
  0.51512843E+14  0.00000000E+00  0.84626577E-32
  0.51560673E+14  0.00000000E+00  0.84234804E-32
  0.51608503E+14  0.00000000E+00  0.83845381E-32
  0.51656333E+14  0.00000000E+00  0.83458292E-32
  0.51704163E+14  0.00000000E+00  0.83073520E-32
  0.51751993E+14  0.00000000E+00  0.82691047E-32
  0.51799823E+14  0.00000000E+00  0.82310856E-32
  0.51847653E+14  0.00000000E+00  0.81932930E-32
  0.51895483E+14  0.00000000E+00  0.81557253E-32
  0.51943313E+14  0.00000000E+00  0.81183808E-32
  0.51991143E+14  0.00000000E+00  0.80812578E-32
  0.52038973E+14  0.00000000E+00  0.80443549E-32
  0.52086802E+14  0.00000000E+00  0.80076702E-32
  0.52134632E+14  0.00000000E+00  0.79712023E-32
  0.52182462E+14  0.00000000E+00  0.79349495E-32
  0.52230292E+14  0.00000000E+00  0.78989103E-32
  0.52278122E+14  0.00000000E+00  0.78630831E-32
  0.52325952E+14  0.00000000E+00  0.78274664E-32
  0.52373782E+14  0.00000000E+00  0.77920587E-32
  0.52421612E+14  0.00000000E+00  0.77568584E-32
  0.52469442E+14  0.00000000E+00  0.77218640E-32
  0.52517272E+14  0.00000000E+00  0.76870741E-32
  0.52565102E+14  0.00000000E+00  0.76524871E-32
  0.52612932E+14  0.00000000E+00  0.76181017E-32
  0.52660762E+14  0.00000000E+00  0.75839163E-32
  0.52708592E+14  0.00000000E+00  0.75499295E-32
  0.52756422E+14  0.00000000E+00  0.75161399E-32
  0.52804252E+14  0.00000000E+00  0.74825460E-32
  0.52852081E+14  0.00000000E+00  0.74491466E-32
  0.52899911E+14  0.00000000E+00  0.74159401E-32
  0.52947741E+14  0.00000000E+00  0.73829252E-32
  0.52995571E+14  0.00000000E+00  0.73501006E-32
  0.53043401E+14  0.00000000E+00  0.73174648E-32
  0.53091231E+14  0.00000000E+00  0.72850166E-32
  0.53139061E+14  0.00000000E+00  0.72527546E-32
  0.53186891E+14  0.00000000E+00  0.72206774E-32
  0.53234721E+14  0.00000000E+00  0.71887839E-32
  0.53282551E+14  0.00000000E+00  0.71570726E-32
  0.53330381E+14  0.00000000E+00  0.71255423E-32
  0.53378211E+14  0.00000000E+00  0.70941917E-32
  0.53426041E+14  0.00000000E+00  0.70630196E-32
  0.53473871E+14  0.00000000E+00  0.70320247E-32
  0.53521701E+14  0.00000000E+00  0.70012057E-32
  0.53569531E+14  0.00000000E+00  0.69705614E-32
  0.53617360E+14  0.00000000E+00  0.69400907E-32
  0.53665190E+14  0.00000000E+00  0.69097922E-32
  0.53713020E+14  0.00000000E+00  0.68796648E-32
  0.53760850E+14  0.00000000E+00  0.68497073E-32
  0.53808680E+14  0.00000000E+00  0.68199184E-32
  0.53856510E+14  0.00000000E+00  0.67902972E-32
  0.53904340E+14  0.00000000E+00  0.67608422E-32
  0.53952170E+14  0.00000000E+00  0.67315525E-32
  0.54000000E+14  0.00000000E+00  0.67024269E-32
