  0.47829938E+11  0.14296047E-29  0.30732139E-29
  0.95659876E+11  0.14438702E-29  0.40791418E-29
  0.14348981E+12  0.14279460E-29  0.45460578E-29
  0.19131975E+12  0.13456151E-29  0.47544837E-29
  0.23914969E+12  0.14172400E-29  0.47337160E-29
  0.28697963E+12  0.17102842E-29  0.47758634E-29
  0.33480957E+12  0.20327881E-29  0.50925463E-29
  0.38263950E+12  0.20928692E-29  0.58296367E-29
  0.43046944E+12  0.69650005E-30  0.51499432E-29
  0.47829938E+12  0.25817905E-29  0.42801483E-29
  0.52612932E+12  0.27643821E-29  0.50460085E-29
  0.57395926E+12  0.31532395E-29  0.52120462E-29
  0.62178919E+12  0.34998588E-29  0.58973180E-29
  0.66961913E+12  0.34490969E-29  0.62864620E-29
  0.71744907E+12  0.34179274E-29  0.67260242E-29
  0.76527901E+12  0.29968063E-29  0.69578224E-29
  0.81310895E+12  0.25130568E-29  0.66978606E-29
  0.86093888E+12  0.31769487E-29  0.60343133E-29
  0.90876882E+12  0.42822069E-29  0.63028093E-29
  0.95659876E+12  0.45258842E-29  0.71981061E-29
  0.10044287E+13  0.44561092E-29  0.78592774E-29
  0.10522586E+13  0.42124540E-29  0.85341911E-29
  0.11000886E+13  0.33690162E-29  0.85102874E-29
  0.11479185E+13  0.33951817E-29  0.78266732E-29
  0.11957484E+13  0.45323427E-29  0.73773849E-29
  0.12435784E+13  0.53164392E-29  0.86256699E-29
  0.12914083E+13  0.51688694E-29  0.95885078E-29
  0.13392383E+13  0.43693584E-29  0.10382232E-28
  0.13870682E+13  0.37699513E-29  0.10222663E-28
  0.14348981E+13  0.35692943E-29  0.97119108E-29
  0.14827281E+13  0.45903679E-29  0.90947149E-29
  0.15305580E+13  0.56555759E-29  0.10307958E-28
  0.15783880E+13  0.54729790E-29  0.11866957E-28
  0.16262179E+13  0.41190433E-29  0.12248686E-28
  0.16740478E+13  0.36969498E-29  0.11988878E-28
  0.17218778E+13  0.34683538E-29  0.11564146E-28
  0.17697077E+13  0.48373254E-29  0.11110272E-28
  0.18175376E+13  0.55514879E-29  0.12740024E-28
  0.18653676E+13  0.41861918E-29  0.14345874E-28
  0.19131975E+13  0.34011392E-29  0.14009742E-28
  0.19610275E+13  0.31542381E-29  0.13890749E-28
  0.20088574E+13  0.28723188E-29  0.13360076E-28
  0.20566873E+13  0.46290680E-29  0.13410680E-28
  0.21045173E+13  0.47858602E-29  0.15787983E-28
  0.21523472E+13  0.28572781E-29  0.16253587E-28
  0.22001771E+13  0.23334335E-29  0.16012431E-28
  0.22480071E+13  0.20025469E-29  0.15952403E-28
  0.22958370E+13  0.17945501E-29  0.15104971E-28
  0.23436670E+13  0.37764508E-29  0.16360749E-28
  0.23914969E+13  0.22302981E-29  0.18292628E-28
  0.24393268E+13  0.11343828E-29  0.18096697E-28
  0.24871568E+13  0.66010551E-30  0.17950771E-28
  0.25349867E+13  0.23178174E-30  0.17766163E-28
  0.25828167E+13  0.11813643E-29  0.17052648E-28
  0.26306466E+13  0.15767437E-29  0.19506581E-28
  0.26784765E+13 -0.21889615E-30  0.20098874E-28
  0.27263065E+13 -0.10703512E-29  0.19968064E-28
  0.27741364E+13 -0.16413486E-29  0.19833234E-28
  0.28219663E+13 -0.21368408E-29  0.19245911E-28
  0.28697963E+13 -0.25616024E-30  0.19652357E-28
  0.29176262E+13 -0.17972278E-29  0.21684337E-28
  0.29654562E+13 -0.30240336E-29  0.21743479E-28
  0.30132861E+13 -0.39284249E-29  0.21678658E-28
  0.30611160E+13 -0.46414585E-29  0.21425505E-28
  0.31089460E+13 -0.48805364E-29  0.20458166E-28
  0.31567759E+13 -0.36751414E-29  0.22118043E-28
  0.32046058E+13 -0.53702973E-29  0.23011394E-28
  0.32524358E+13 -0.64526247E-29  0.23028213E-28
  0.33002657E+13 -0.74574048E-29  0.22920195E-28
  0.33480957E+13 -0.82704852E-29  0.22401409E-28
  0.33959256E+13 -0.72928152E-29  0.21823016E-28
  0.34437555E+13 -0.80225818E-29  0.23478811E-28
  0.34915855E+13 -0.94149508E-29  0.23825126E-28
  0.35394154E+13 -0.10490417E-28  0.23807180E-28
  0.35872453E+13 -0.11612558E-28  0.23575954E-28
  0.36350753E+13 -0.12470523E-28  0.22544564E-28
  0.36829052E+13 -0.11674372E-28  0.23020853E-28
  0.37307352E+13 -0.12727104E-28  0.23707348E-28
  0.37785651E+13 -0.13997988E-28  0.23848212E-28
  0.38263950E+13 -0.15129426E-28  0.23707034E-28
  0.38742250E+13 -0.16288547E-28  0.23213790E-28
  0.39220549E+13 -0.16462646E-28  0.22323028E-28
  0.39698849E+13 -0.17018434E-28  0.22916691E-28
  0.40177148E+13 -0.17921765E-28  0.22981436E-28
  0.40655447E+13 -0.19130992E-28  0.22825130E-28
  0.41133747E+13 -0.20291596E-28  0.22437939E-28
  0.41612046E+13 -0.21345072E-28  0.21593114E-28
  0.42090345E+13 -0.21228773E-28  0.21261225E-28
  0.42568645E+13 -0.22475330E-28  0.21247990E-28
  0.43046944E+13 -0.23424476E-28  0.20951494E-28
  0.43525244E+13 -0.24649620E-28  0.20476410E-28
  0.44003543E+13 -0.25672998E-28  0.19683245E-28
  0.44481842E+13 -0.26460617E-28  0.18607045E-28
  0.44960142E+13 -0.26917442E-28  0.18525401E-28
  0.45438441E+13 -0.28006768E-28  0.17858090E-28
  0.45916740E+13 -0.28942099E-28  0.17152849E-28
  0.46395040E+13 -0.30094390E-28  0.16234724E-28
  0.46873339E+13 -0.30907332E-28  0.15035460E-28
  0.47351639E+13 -0.30974418E-28  0.13985405E-28
  0.47829938E+13 -0.32135351E-28  0.13459737E-28
  0.48308237E+13 -0.33061193E-28  0.12371562E-28
  0.48786537E+13 -0.33954419E-28  0.11118352E-28
  0.49264836E+13 -0.34667955E-28  0.97013850E-29
  0.49743136E+13 -0.35230444E-28  0.79764578E-29
  0.50221435E+13 -0.35334867E-28  0.70522084E-29
  0.50699734E+13 -0.36031217E-28  0.56241313E-29
  0.51178034E+13 -0.36599627E-28  0.40281442E-29
  0.51656333E+13 -0.36998153E-28  0.21413898E-29
  0.52134632E+13 -0.37013219E-28  0.15327079E-30
  0.52612932E+13 -0.36516341E-28 -0.17597782E-29
  0.53091231E+13 -0.36530502E-28 -0.34876663E-29
  0.53569531E+13 -0.36130923E-28 -0.56084107E-29
  0.54047830E+13 -0.35381316E-28 -0.79232770E-29
  0.54526129E+13 -0.34047219E-28 -0.10434249E-28
  0.55004429E+13 -0.31677018E-28 -0.13119736E-28
  0.55482728E+13 -0.26605845E-28 -0.14477082E-28
  0.55961027E+13 -0.23928500E-28 -0.10648086E-28
  0.56439327E+13 -0.24068316E-28 -0.93330718E-29
  0.56917626E+13 -0.24129176E-28 -0.89142165E-29
  0.57395926E+13 -0.24084622E-28 -0.85886651E-29
  0.57874225E+13 -0.23697597E-28 -0.86644327E-29
  0.58352524E+13 -0.24029333E-28 -0.84598821E-29
  0.58830824E+13 -0.23947406E-28 -0.88002518E-29
  0.59309123E+13 -0.23723087E-28 -0.89924405E-29
  0.59787422E+13 -0.23765618E-28 -0.90951112E-29
  0.60265722E+13 -0.23430857E-28 -0.95008851E-29
  0.60744021E+13 -0.23561145E-28 -0.94773583E-29
  0.61222321E+13 -0.23523639E-28 -0.10025553E-28
  0.61700620E+13 -0.23295886E-28 -0.10367873E-28
  0.62178919E+13 -0.23153454E-28 -0.10681183E-28
  0.62657219E+13 -0.23015556E-28 -0.11007325E-28
  0.63135518E+13 -0.22918999E-28 -0.11259875E-28
  0.63613818E+13 -0.22852007E-28 -0.11798972E-28
  0.64092117E+13 -0.22536051E-28 -0.12120726E-28
  0.64570416E+13 -0.22490205E-28 -0.12464560E-28
  0.65048716E+13 -0.22307921E-28 -0.12949389E-28
  0.65527015E+13 -0.22043048E-28 -0.13346701E-28
  0.66005314E+13 -0.21876627E-28 -0.13716574E-28
  0.66483614E+13 -0.21658650E-28 -0.14056173E-28
  0.66961913E+13 -0.21607460E-28 -0.14484218E-28
  0.67440213E+13 -0.21357342E-28 -0.15009993E-28
  0.67918512E+13 -0.21025077E-28 -0.15463885E-28
  0.68396811E+13 -0.20863091E-28 -0.15787623E-28
  0.68875111E+13 -0.20537978E-28 -0.16180338E-28
  0.69353410E+13 -0.20435598E-28 -0.16536817E-28
  0.69831709E+13 -0.20266375E-28 -0.17110356E-28
  0.70310009E+13 -0.19913058E-28 -0.17625211E-28
  0.70788308E+13 -0.19539919E-28 -0.18003711E-28
  0.71266608E+13 -0.19323877E-28 -0.18378342E-28
  0.71744907E+13 -0.19063590E-28 -0.18804738E-28
  0.72223206E+13 -0.18809549E-28 -0.19282547E-28
  0.72701506E+13 -0.18555286E-28 -0.19806371E-28
  0.73179805E+13 -0.18120486E-28 -0.20264483E-28
  0.73658105E+13 -0.17796153E-28 -0.20650556E-28
  0.74136404E+13 -0.17588116E-28 -0.21143023E-28
  0.74614703E+13 -0.17147091E-28 -0.21637002E-28
  0.75093003E+13 -0.16828157E-28 -0.22053025E-28
  0.75571302E+13 -0.16486383E-28 -0.22541287E-28
  0.76049601E+13 -0.16226755E-28 -0.23082339E-28
  0.76527901E+13 -0.15703777E-28 -0.23662626E-28
  0.77006200E+13 -0.15289295E-28 -0.24031983E-28
  0.77484500E+13 -0.14956257E-28 -0.24509107E-28
  0.77962799E+13 -0.14623151E-28 -0.25069084E-28
  0.78441098E+13 -0.14209457E-28 -0.25719550E-28
  0.78919398E+13 -0.13720188E-28 -0.26304037E-28
  0.79397697E+13 -0.13200354E-28 -0.26838223E-28
  0.79875996E+13 -0.12807167E-28 -0.27327801E-28
  0.80354296E+13 -0.12480660E-28 -0.28125444E-28
  0.80832595E+13 -0.11963422E-28 -0.28944408E-28
  0.81310895E+13 -0.11337654E-28 -0.29785623E-28
  0.81789194E+13 -0.10660943E-28 -0.30705772E-28
  0.82267493E+13 -0.97532382E-29 -0.31740315E-28
  0.82745793E+13 -0.85978113E-29 -0.32622105E-28
  0.83224092E+13 -0.73970376E-29 -0.33374466E-28
  0.83702391E+13 -0.63206838E-29 -0.33748274E-28
  0.84180691E+13 -0.50574445E-29 -0.34681449E-28
  0.84658990E+13 -0.38143770E-29 -0.35210414E-28
  0.85137290E+13 -0.24499447E-29 -0.35624598E-28
  0.85615589E+13 -0.87641058E-30 -0.36154556E-28
  0.86093888E+13  0.80777609E-30 -0.36423110E-28
  0.86572188E+13  0.23383939E-29 -0.36744522E-28
  0.87050487E+13  0.39547162E-29 -0.36867681E-28
  0.87528787E+13  0.55773310E-29 -0.37081325E-28
  0.88007086E+13  0.73210596E-29 -0.36989058E-28
  0.88485385E+13  0.92002013E-29 -0.36950954E-28
  0.88963685E+13  0.10935367E-28 -0.36629565E-28
  0.89441984E+13  0.12783406E-28 -0.36493942E-28
  0.89920283E+13  0.14780464E-28 -0.36070089E-28
  0.90398583E+13  0.16801771E-28 -0.35302349E-28
  0.90876882E+13  0.18674624E-28 -0.34425690E-28
  0.91355182E+13  0.20490270E-28 -0.33350500E-28
  0.91833481E+13  0.22181648E-28 -0.32217960E-28
  0.92311780E+13  0.23721348E-28 -0.31089640E-28
  0.92790080E+13  0.25757171E-28 -0.29987767E-28
  0.93268379E+13  0.27951860E-28 -0.28200615E-28
  0.93746678E+13  0.27862100E-28 -0.24813821E-28
  0.94224978E+13  0.28758718E-28 -0.24946106E-28
  0.94703277E+13  0.30451633E-28 -0.23036951E-28
  0.95181577E+13  0.32231599E-28 -0.21844438E-28
  0.95659876E+13  0.33411810E-28 -0.19775513E-28
  0.96138175E+13  0.34579360E-28 -0.17928467E-28
  0.96616475E+13  0.36369163E-28 -0.15781144E-28
  0.97094774E+13  0.37581554E-28 -0.12838907E-28
  0.97573074E+13  0.39202021E-28 -0.98451888E-29
  0.98051373E+13  0.40900896E-28 -0.57775749E-29
  0.98529672E+13  0.42498155E-28  0.16195214E-29
  0.99007972E+13  0.35281905E-28  0.76233789E-29
  0.99486271E+13  0.31140848E-28  0.82606318E-29
  0.99964570E+13  0.28794469E-28  0.87851484E-29
  0.10044287E+14  0.26479113E-28  0.92709687E-29
  0.10092117E+14  0.24631251E-28  0.99775292E-29
  0.10139947E+14  0.23077890E-28  0.10544736E-28
  0.10187777E+14  0.21909946E-28  0.11404051E-28
  0.10235607E+14  0.20289958E-28  0.12313480E-28
  0.10283437E+14  0.18548178E-28  0.13725236E-28
  0.10331267E+14  0.16448706E-28  0.15243789E-28
  0.10379097E+14  0.12973971E-28  0.17531106E-28
  0.10426926E+14  0.37732199E-29  0.18607589E-28
  0.10474756E+14 -0.34758958E-30  0.58284705E-29
  0.10522586E+14  0.83575483E-29  0.23502082E-29
  0.10570416E+14  0.82034234E-29  0.48745009E-29
  0.10618246E+14  0.80884918E-29  0.48337104E-29
  0.10666076E+14  0.79469290E-29  0.47598323E-29
  0.10713906E+14  0.77615510E-29  0.44186985E-29
  0.10761736E+14  0.76881278E-29  0.42063546E-29
  0.10809566E+14  0.76150751E-29  0.39278366E-29
  0.10857396E+14  0.75373171E-29  0.38005112E-29
  0.10905226E+14  0.74611504E-29  0.35156577E-29
  0.10953056E+14  0.74605633E-29  0.34468602E-29
  0.11000886E+14  0.73727875E-29  0.31611817E-29
  0.11048716E+14  0.74705770E-29  0.30942213E-29
  0.11096546E+14  0.74502639E-29  0.29630609E-29
  0.11144376E+14  0.74452669E-29  0.28896066E-29
  0.11192205E+14  0.75488091E-29  0.27540633E-29
  0.11240035E+14  0.76941707E-29  0.27425062E-29
  0.11287865E+14  0.78310834E-29  0.26296237E-29
  0.11335695E+14  0.81920746E-29  0.27525800E-29
  0.11383525E+14  0.84256631E-29  0.29158016E-29
  0.11431355E+14  0.86365044E-29  0.33487176E-29
  0.11479185E+14  0.87110972E-29  0.36867996E-29
  0.11527015E+14  0.87241683E-29  0.41030511E-29
  0.11574845E+14  0.87012414E-29  0.45464440E-29
  0.11622675E+14  0.85096305E-29  0.49456133E-29
  0.11670505E+14  0.84456954E-29  0.53538900E-29
  0.11718335E+14  0.82496604E-29  0.57574999E-29
  0.11766165E+14  0.79951316E-29  0.61843770E-29
  0.11813995E+14  0.77355737E-29  0.65478399E-29
  0.11861825E+14  0.74718867E-29  0.69351338E-29
  0.11909655E+14  0.71065405E-29  0.72890694E-29
  0.11957484E+14  0.68281061E-29  0.76106423E-29
  0.12005314E+14  0.65346155E-29  0.79576012E-29
  0.12053144E+14  0.63503481E-29  0.81975015E-29
  0.12100974E+14  0.67649289E-29  0.90051773E-29
  0.12148804E+14  0.54481330E-29  0.11068110E-28
  0.12196634E+14  0.36080139E-29  0.11138349E-28
  0.12244464E+14  0.23046194E-29  0.10971878E-28
  0.12292294E+14  0.12790070E-29  0.10700444E-28
  0.12340124E+14  0.24601500E-30  0.10403002E-28
  0.12387954E+14 -0.63911407E-30  0.10028961E-28
  0.12435784E+14 -0.16233844E-29  0.95867944E-29
  0.12483614E+14 -0.25356023E-29  0.90717957E-29
  0.12531444E+14 -0.34231923E-29  0.84294288E-29
  0.12579274E+14 -0.44796601E-29  0.75848227E-29
  0.12627104E+14 -0.63699035E-29  0.53714102E-29
  0.12674934E+14 -0.46470570E-29  0.38837604E-29
  0.12722764E+14 -0.42851001E-29  0.30302188E-29
  0.12770593E+14 -0.35938864E-29  0.24361192E-29
  0.12818423E+14 -0.33007897E-29  0.20867702E-29
  0.12866253E+14 -0.30095415E-29  0.16982359E-29
  0.12914083E+14 -0.26727386E-29  0.13382050E-29
  0.12961913E+14 -0.23620651E-29  0.10244133E-29
  0.13009743E+14 -0.20340020E-29  0.77480577E-30
  0.13057573E+14 -0.16766758E-29  0.56798454E-30
  0.13105403E+14 -0.13314203E-29  0.41387244E-30
  0.13153233E+14 -0.97938439E-30  0.32006916E-30
  0.13201063E+14 -0.62851529E-30  0.28890092E-30
  0.13248893E+14 -0.28479566E-30  0.35326712E-30
  0.13296723E+14  0.00000000E+00  0.61471227E-30
  0.13344553E+14  0.00000000E+00  0.81233236E-30
  0.13392383E+14  0.00000000E+00  0.89941115E-30
  0.13440213E+14  0.00000000E+00  0.94924656E-30
  0.13488043E+14  0.00000000E+00  0.97778842E-30
  0.13535872E+14  0.00000000E+00  0.99266087E-30
  0.13583702E+14  0.00000000E+00  0.99820604E-30
  0.13631532E+14  0.00000000E+00  0.99714952E-30
  0.13679362E+14  0.00000000E+00  0.99131219E-30
  0.13727192E+14  0.00000000E+00  0.98196436E-30
  0.13775022E+14  0.00000000E+00  0.97002076E-30
  0.13822852E+14  0.00000000E+00  0.95615611E-30
  0.13870682E+14  0.00000000E+00  0.94087743E-30
  0.13918512E+14  0.00000000E+00  0.92457138E-30
  0.13966342E+14  0.00000000E+00  0.90753619E-30
  0.14014172E+14  0.00000000E+00  0.89000405E-30
  0.14062002E+14  0.00000000E+00  0.87215691E-30
  0.14109832E+14  0.00000000E+00  0.85413811E-30
  0.14157662E+14  0.00000000E+00  0.83606093E-30
  0.14205492E+14  0.00000000E+00  0.81801502E-30
  0.14253322E+14  0.00000000E+00  0.80007130E-30
  0.14301151E+14  0.00000000E+00  0.78228578E-30
  0.14348981E+14  0.00000000E+00  0.76470244E-30
  0.14396811E+14  0.00000000E+00  0.74735556E-30
  0.14444641E+14  0.00000000E+00  0.73027157E-30
  0.14492471E+14  0.00000000E+00  0.71347049E-30
  0.14540301E+14  0.00000000E+00  0.69696708E-30
  0.14588131E+14  0.00000000E+00  0.68077182E-30
  0.14635961E+14  0.00000000E+00  0.66489164E-30
  0.14683791E+14  0.00000000E+00  0.64933057E-30
  0.14731621E+14  0.00000000E+00  0.63409026E-30
  0.14779451E+14  0.00000000E+00  0.61917034E-30
  0.14827281E+14  0.00000000E+00  0.60456883E-30
  0.14875111E+14  0.00000000E+00  0.59028238E-30
  0.14922941E+14  0.00000000E+00  0.57630655E-30
  0.14970771E+14  0.00000000E+00  0.56263595E-30
  0.15018601E+14  0.00000000E+00  0.54926443E-30
  0.15066430E+14  0.00000000E+00  0.53618521E-30
  0.15114260E+14  0.00000000E+00  0.52339100E-30
  0.15162090E+14  0.00000000E+00  0.51087405E-30
  0.15209920E+14  0.00000000E+00  0.49862626E-30
  0.15257750E+14  0.00000000E+00  0.48663923E-30
  0.15305580E+14  0.00000000E+00  0.47490432E-30
  0.15353410E+14  0.00000000E+00  0.46341263E-30
  0.15401240E+14  0.00000000E+00  0.45215511E-30
  0.15449070E+14  0.00000000E+00  0.44112251E-30
  0.15496900E+14  0.00000000E+00  0.43030544E-30
  0.15544730E+14  0.00000000E+00  0.41969437E-30
  0.15592560E+14  0.00000000E+00  0.40927959E-30
  0.15640390E+14  0.00000000E+00  0.39905127E-30
  0.15688220E+14  0.00000000E+00  0.38899940E-30
  0.15736050E+14  0.00000000E+00  0.37911384E-30
  0.15783880E+14  0.00000000E+00  0.36938421E-30
  0.15831709E+14  0.00000000E+00  0.35979998E-30
  0.15879539E+14  0.00000000E+00  0.35035036E-30
  0.15927369E+14  0.00000000E+00  0.34102431E-30
  0.15975199E+14  0.00000000E+00  0.33181051E-30
  0.16023029E+14  0.00000000E+00  0.32269731E-30
  0.16070859E+14  0.00000000E+00  0.31367270E-30
  0.16118689E+14  0.00000000E+00  0.30472425E-30
  0.16166519E+14  0.00000000E+00  0.29583906E-30
  0.16214349E+14  0.00000000E+00  0.28700371E-30
  0.16262179E+14  0.00000000E+00  0.27820420E-30
  0.16310009E+14  0.00000000E+00  0.26942586E-30
  0.16357839E+14  0.00000000E+00  0.26065325E-30
  0.16405669E+14  0.00000000E+00  0.25187011E-30
  0.16453499E+14  0.00000000E+00  0.24305923E-30
  0.16501329E+14  0.00000000E+00  0.23420234E-30
  0.16549159E+14  0.00000000E+00  0.22527994E-30
  0.16596988E+14  0.00000000E+00  0.21627122E-30
  0.16644818E+14  0.00000000E+00  0.20715382E-30
  0.16692648E+14  0.00000000E+00  0.19790365E-30
  0.16740478E+14  0.00000000E+00  0.18849469E-30
  0.16788308E+14  0.00000000E+00  0.17889870E-30
  0.16836138E+14  0.00000000E+00  0.16908494E-30
  0.16883968E+14  0.00000000E+00  0.15901979E-30
  0.16931798E+14  0.00000000E+00  0.14866640E-30
  0.16979628E+14  0.00000000E+00  0.13798417E-30
  0.17027458E+14  0.00000000E+00  0.12692819E-30
  0.17075288E+14  0.00000000E+00  0.11544864E-30
  0.17123118E+14  0.00000000E+00  0.10348996E-30
  0.17170948E+14  0.00000000E+00  0.90989919E-31
  0.17218778E+14  0.00000000E+00  0.77878522E-31
  0.17266608E+14  0.00000000E+00  0.64076636E-31
  0.17314438E+14  0.00000000E+00  0.49494339E-31
  0.17362267E+14  0.00000000E+00  0.34028886E-31
  0.17410097E+14  0.00000000E+00  0.17562179E-31
  0.17457927E+14  0.00000000E+00 -0.42393326E-34
  0.17505757E+14  0.00000000E+00 -0.18943965E-31
  0.17553587E+14  0.00000000E+00 -0.39329331E-31
  0.17601417E+14  0.00000000E+00 -0.61419620E-31
  0.17649247E+14  0.00000000E+00 -0.85479102E-31
  0.17697077E+14  0.00000000E+00 -0.11182701E-30
  0.17744907E+14  0.00000000E+00 -0.14085381E-30
  0.17792737E+14 -0.22934140E-37 -0.17304402E-30
  0.17840567E+14 -0.96366377E-36 -0.20901172E-30
  0.17888397E+14  0.57574179E-35 -0.24955534E-30
  0.17936227E+14  0.64636711E-34 -0.29572419E-30
  0.17984057E+14  0.26074649E-33 -0.34890332E-30
  0.18031887E+14  0.76990305E-33 -0.41099267E-30
  0.18079717E+14  0.19002422E-32 -0.48460176E-30
  0.18127547E+14  0.42618473E-32 -0.57378240E-30
  0.18175376E+14  0.89028616E-32 -0.68441685E-30
  0.18223206E+14  0.17726670E-31 -0.82807493E-30
  0.18271036E+14  0.38442481E-31 -0.10292089E-29
  0.18318866E+14  0.14576416E-30 -0.13643291E-29
  0.18366696E+14  0.48962833E-30 -0.15422521E-29
  0.18414526E+14  0.79369673E-30 -0.17620932E-29
  0.18462356E+14  0.12114679E-29 -0.18634900E-29
  0.18510186E+14  0.16245319E-29 -0.18287671E-29
  0.18558016E+14  0.21492660E-29 -0.19075686E-29
  0.18605846E+14  0.28171016E-29 -0.17144139E-29
  0.18653676E+14  0.33422409E-29 -0.12327305E-29
  0.18701506E+14  0.39606891E-29 -0.64833870E-30
  0.18749336E+14  0.43010871E-29  0.29049701E-30
  0.18797166E+14  0.45539127E-29  0.15365597E-29
  0.18844996E+14  0.38036021E-29  0.29563790E-29
  0.18892826E+14  0.24751982E-29  0.32339016E-29
  0.18940655E+14  0.14660530E-29  0.33999477E-29
  0.18988485E+14  0.81155058E-30  0.30877767E-29
  0.19036315E+14  0.35612675E-30  0.28913847E-29
  0.19084145E+14 -0.10646007E-30  0.26132640E-29
  0.19131975E+14 -0.51514459E-30  0.22743167E-29
  0.19179805E+14 -0.10681439E-29  0.18577182E-29
  0.19227635E+14 -0.12467160E-29  0.14087812E-29
  0.19275465E+14 -0.14802565E-29  0.87864400E-30
  0.19323295E+14 -0.15548980E-29  0.44312884E-30
  0.19371125E+14 -0.14294021E-29 -0.16122529E-30
  0.19418955E+14 -0.13735700E-29 -0.68216348E-30
  0.19466785E+14 -0.12786626E-29 -0.11345104E-29
  0.19514615E+14 -0.10987944E-29 -0.17319169E-29
  0.19562445E+14 -0.69880607E-30 -0.23736386E-29
  0.19610275E+14 -0.33987392E-30 -0.28338271E-29
  0.19658105E+14 -0.11988942E-30 -0.34019438E-29
  0.19705934E+14  0.68587783E-30 -0.38414614E-29
  0.19753764E+14  0.15459438E-29 -0.42738664E-29
  0.19801594E+14  0.22900111E-29 -0.47809114E-29
  0.19849424E+14  0.29090926E-29 -0.50344066E-29
  0.19897254E+14  0.41731088E-29 -0.52071748E-29
  0.19945084E+14  0.55773766E-29 -0.53190587E-29
  0.19992914E+14  0.65542550E-29 -0.53086677E-29
  0.20040744E+14  0.77397850E-29 -0.48974182E-29
  0.20088574E+14  0.95543816E-29 -0.43640076E-29
  0.20136404E+14  0.10836350E-28 -0.35153845E-29
  0.20184234E+14  0.11549926E-28 -0.24919855E-29
  0.20232064E+14  0.12396441E-28 -0.14015447E-29
  0.20279894E+14  0.13480553E-28 -0.36716595E-30
  0.20327724E+14  0.14450154E-28  0.77684408E-30
  0.20375554E+14  0.15226280E-28  0.20284725E-29
  0.20423384E+14  0.16293795E-28  0.34193527E-29
  0.20471213E+14  0.16967956E-28  0.46448937E-29
  0.20519043E+14  0.17565782E-28  0.60351491E-29
  0.20566873E+14  0.18241089E-28  0.75041115E-29
  0.20614703E+14  0.19272915E-28  0.90385049E-29
  0.20662533E+14  0.20586139E-28  0.10916747E-28
  0.20710363E+14  0.20856061E-28  0.12713641E-28
  0.20758193E+14  0.21497354E-28  0.95953856E-29
  0.20806023E+14  0.37382014E-28  0.12144191E-28
  0.20853853E+14  0.45151878E-28  0.30544008E-28
  0.20901683E+14  0.43630996E-28  0.52807471E-28
  0.20949513E+14  0.25792346E-28  0.76888371E-28
  0.20997343E+14 -0.69691514E-29  0.73061091E-28
  0.21045173E+14 -0.15612861E-28  0.64138093E-28
  0.21093003E+14 -0.23735392E-28  0.58964643E-28
  0.21140833E+14 -0.30577354E-28  0.54222711E-28
  0.21188663E+14 -0.36115723E-28  0.48511833E-28
  0.21236492E+14 -0.39920873E-28  0.42812281E-28
  0.21284322E+14 -0.43514079E-28  0.37403375E-28
  0.21332152E+14 -0.39401775E-28  0.29750077E-28
  0.21379982E+14 -0.33752103E-28  0.43377333E-28
  0.21427812E+14 -0.51012630E-28  0.58839207E-28
  0.21475642E+14 -0.10071790E-27  0.61044296E-28
  0.21523472E+14 -0.12400971E-27  0.71312875E-29
  0.21571302E+14 -0.11262047E-27 -0.37380094E-28
  0.21619132E+14 -0.83386735E-28 -0.78185038E-28
  0.21666962E+14 -0.33107171E-28 -0.62503121E-28
  0.21714792E+14 -0.24300169E-28 -0.49170653E-28
  0.21762622E+14 -0.19418439E-28 -0.42294373E-28
  0.21810452E+14 -0.16015214E-28 -0.37735609E-28
  0.21858282E+14 -0.13212239E-28 -0.34532538E-28
  0.21906112E+14 -0.11013194E-28 -0.32024465E-28
  0.21953942E+14 -0.91158253E-29 -0.29979968E-28
  0.22001771E+14 -0.75141713E-29 -0.28257819E-28
  0.22049601E+14 -0.60981774E-29 -0.26781340E-28
  0.22097431E+14 -0.48612627E-29 -0.25455823E-28
  0.22145261E+14 -0.37551357E-29 -0.24292848E-28
  0.22193091E+14 -0.27397661E-29 -0.23208756E-28
  0.22240921E+14 -0.18357833E-29 -0.22229211E-28
  0.22288751E+14 -0.10071589E-29 -0.21306960E-28
  0.22336581E+14 -0.25364292E-30 -0.20456533E-28
  0.22384411E+14  0.41888938E-30 -0.19649826E-28
  0.22432241E+14  0.10436472E-29 -0.18886786E-28
  0.22480071E+14  0.16174335E-29 -0.18169645E-28
  0.22527901E+14  0.21449253E-29 -0.17484506E-28
  0.22575731E+14  0.26247169E-29 -0.16827343E-28
  0.22623561E+14  0.30719008E-29 -0.16199652E-28
  0.22671391E+14  0.34778038E-29 -0.15601797E-28
  0.22719221E+14  0.38506474E-29 -0.15017398E-28
  0.22767050E+14  0.42106092E-29 -0.14469915E-28
  0.22814880E+14  0.45207230E-29 -0.13927376E-28
  0.22862710E+14  0.48296921E-29 -0.13404484E-28
  0.22910540E+14  0.50989802E-29 -0.12901974E-28
  0.22958370E+14  0.53447458E-29 -0.12414813E-28
  0.23006200E+14  0.55790596E-29 -0.11937404E-28
  0.23054030E+14  0.57963346E-29 -0.11484092E-28
  0.23101860E+14  0.59787760E-29 -0.11030452E-28
  0.23149690E+14  0.61613390E-29 -0.10605467E-28
  0.23197520E+14  0.63212304E-29 -0.10169299E-28
  0.23245350E+14  0.64780110E-29 -0.97722618E-29
  0.23293180E+14  0.66084801E-29 -0.93601431E-29
  0.23341010E+14  0.67241565E-29 -0.89787749E-29
  0.23388840E+14  0.68301815E-29 -0.85889650E-29
  0.23436670E+14  0.69350827E-29 -0.82276238E-29
  0.23484500E+14  0.70223567E-29 -0.78469786E-29
  0.23532329E+14  0.70862811E-29 -0.75091634E-29
  0.23580159E+14  0.71635820E-29 -0.71503334E-29
  0.23627989E+14  0.71944269E-29 -0.68195356E-29
  0.23675819E+14  0.72655047E-29 -0.64872769E-29
  0.23723649E+14  0.72704513E-29 -0.61559620E-29
  0.23771479E+14  0.73212976E-29 -0.58600990E-29
  0.23819309E+14  0.73346469E-29 -0.55384347E-29
  0.23867139E+14  0.73435654E-29 -0.52454785E-29
  0.23914969E+14  0.73519502E-29 -0.49399982E-29
  0.23962799E+14  0.73430894E-29 -0.46539561E-29
  0.24010629E+14  0.73330388E-29 -0.43847730E-29
  0.24058459E+14  0.72990544E-29 -0.41020162E-29
  0.24106289E+14  0.72646324E-29 -0.38406877E-29
  0.24154119E+14  0.72354134E-29 -0.35713842E-29
  0.24201949E+14  0.71988717E-29 -0.33408369E-29
  0.24249779E+14  0.71403380E-29 -0.30803992E-29
  0.24297609E+14  0.70701756E-29 -0.28712022E-29
  0.24345438E+14  0.70116144E-29 -0.26120333E-29
  0.24393268E+14  0.69103332E-29 -0.24389919E-29
  0.24441098E+14  0.69035386E-29 -0.21928638E-29
  0.24488928E+14  0.67332441E-29 -0.20333549E-29
  0.24536758E+14  0.66944174E-29 -0.18387813E-29
  0.24584588E+14  0.65105758E-29 -0.17014822E-29
  0.24632418E+14  0.64947921E-29 -0.15828383E-29
  0.24680248E+14  0.63529572E-29 -0.14520629E-29
  0.24728078E+14  0.62505064E-29 -0.14370648E-29
  0.24775908E+14  0.62174894E-29 -0.15482814E-29
  0.24823738E+14  0.64825688E-29 -0.14369175E-29
  0.24871568E+14  0.66426314E-29 -0.12194496E-29
  0.24919398E+14  0.66877465E-29 -0.88620175E-30
  0.24967228E+14  0.66899297E-29 -0.73349418E-30
  0.25015058E+14  0.66154481E-29 -0.40972617E-30
  0.25062888E+14  0.65978504E-29 -0.26736067E-30
  0.25110717E+14  0.65271230E-29  0.22365299E-31
  0.25158547E+14  0.64589560E-29  0.21734267E-30
  0.25206377E+14  0.63010898E-29  0.44392991E-30
  0.25254207E+14  0.63228968E-29  0.63314087E-30
  0.25302037E+14  0.60217161E-29  0.79043094E-30
  0.25349867E+14  0.61934122E-29  0.10159242E-29
  0.25397697E+14  0.59490980E-29  0.11466492E-29
  0.25445527E+14  0.59805082E-29  0.14615562E-29
  0.25493357E+14  0.57521236E-29  0.14269081E-29
  0.25541187E+14  0.56777794E-29  0.17917138E-29
  0.25589017E+14  0.55764116E-29  0.18405324E-29
  0.25636847E+14  0.52330710E-29  0.20670555E-29
  0.25684677E+14  0.52833881E-29  0.22078120E-29
  0.25732507E+14  0.52223075E-29  0.22714623E-29
  0.25780337E+14  0.49159720E-29  0.24547626E-29
  0.25828167E+14  0.47333465E-29  0.26344350E-29
  0.25875996E+14  0.46537468E-29  0.26683873E-29
  0.25923826E+14  0.44042195E-29  0.28995026E-29
  0.25971656E+14  0.45097159E-29  0.30146194E-29
  0.26019486E+14  0.40456221E-29  0.29467524E-29
  0.26067316E+14  0.38574098E-29  0.32394065E-29
  0.26115146E+14  0.40269901E-29  0.33598958E-29
  0.26162976E+14  0.37785029E-29  0.33193842E-29
  0.26210806E+14  0.29201578E-29  0.34840455E-29
  0.26258636E+14  0.32836711E-29  0.36187413E-29
  0.26306466E+14  0.31719771E-29  0.35216994E-29
  0.26354296E+14  0.29386987E-29  0.35907870E-29
  0.26402126E+14  0.25337934E-29  0.37251194E-29
  0.26449956E+14  0.23173965E-29  0.37185402E-29
  0.26497786E+14  0.21713439E-29  0.37563479E-29
  0.26545616E+14  0.19604042E-29  0.37794319E-29
  0.26593446E+14  0.17246238E-29  0.37911682E-29
  0.26641275E+14  0.14956637E-29  0.37816013E-29
  0.26689105E+14  0.12233963E-29  0.37653757E-29
  0.26736935E+14  0.99597332E-30  0.37451937E-29
  0.26784765E+14  0.71673880E-30  0.36229673E-29
  0.26832595E+14  0.44808212E-30  0.35549416E-29
  0.26880425E+14  0.13499085E-30  0.33528876E-29
  0.26928255E+14 -0.15839636E-30  0.30889434E-29
  0.26976085E+14 -0.35220015E-30  0.25857353E-29
  0.27023915E+14  0.00000000E+00  0.23022804E-29
  0.27071745E+14  0.00000000E+00  0.22369032E-29
  0.27119575E+14  0.00000000E+00  0.21375748E-29
  0.27167405E+14  0.00000000E+00  0.20412428E-29
  0.27215235E+14  0.00000000E+00  0.19518212E-29
  0.27263065E+14  0.00000000E+00  0.18694341E-29
  0.27310895E+14  0.00000000E+00  0.17934845E-29
  0.27358725E+14  0.00000000E+00  0.17232746E-29
  0.27406554E+14  0.00000000E+00  0.16581549E-29
  0.27454384E+14  0.00000000E+00  0.15975563E-29
  0.27502214E+14  0.00000000E+00  0.15409891E-29
  0.27550044E+14  0.00000000E+00  0.14880333E-29
  0.27597874E+14  0.00000000E+00  0.14383279E-29
  0.27645704E+14  0.00000000E+00  0.13915614E-29
  0.27693534E+14  0.00000000E+00  0.13474636E-29
  0.27741364E+14  0.00000000E+00  0.13057987E-29
  0.27789194E+14  0.00000000E+00  0.12663597E-29
  0.27837024E+14  0.00000000E+00  0.12289644E-29
  0.27884854E+14  0.00000000E+00  0.11934509E-29
  0.27932684E+14  0.00000000E+00  0.11596755E-29
  0.27980514E+14  0.00000000E+00  0.11275094E-29
  0.28028344E+14  0.00000000E+00  0.10968371E-29
  0.28076174E+14  0.00000000E+00  0.10675546E-29
  0.28124004E+14  0.00000000E+00  0.10395679E-29
  0.28171833E+14  0.00000000E+00  0.10127916E-29
  0.28219663E+14  0.00000000E+00  0.98714806E-30
  0.28267493E+14  0.00000000E+00  0.96256653E-30
  0.28315323E+14  0.00000000E+00  0.93898224E-30
  0.28363153E+14  0.00000000E+00  0.91633581E-30
  0.28410983E+14  0.00000000E+00  0.89457266E-30
  0.28458813E+14  0.00000000E+00  0.87364254E-30
  0.28506643E+14  0.00000000E+00  0.85349906E-30
  0.28554473E+14  0.00000000E+00  0.83409930E-30
  0.28602303E+14  0.00000000E+00  0.81540354E-30
  0.28650133E+14  0.00000000E+00  0.79737489E-30
  0.28697963E+14  0.00000000E+00  0.77997906E-30
  0.28745793E+14  0.00000000E+00  0.76318413E-30
  0.28793623E+14  0.00000000E+00  0.74696032E-30
  0.28841453E+14  0.00000000E+00  0.73127985E-30
  0.28889283E+14  0.00000000E+00  0.71611673E-30
  0.28937112E+14  0.00000000E+00  0.70144662E-30
  0.28984942E+14  0.00000000E+00  0.68724671E-30
  0.29032772E+14  0.00000000E+00  0.67349559E-30
  0.29080602E+14  0.00000000E+00  0.66017315E-30
  0.29128432E+14  0.00000000E+00  0.64726047E-30
  0.29176262E+14  0.00000000E+00  0.63473973E-30
  0.29224092E+14  0.00000000E+00  0.62259415E-30
  0.29271922E+14  0.00000000E+00  0.61080788E-30
  0.29319752E+14  0.00000000E+00  0.59936595E-30
  0.29367582E+14  0.00000000E+00  0.58825424E-30
  0.29415412E+14  0.00000000E+00  0.57745935E-30
  0.29463242E+14  0.00000000E+00  0.56696864E-30
  0.29511072E+14  0.00000000E+00  0.55677010E-30
  0.29558902E+14  0.00000000E+00  0.54685235E-30
  0.29606732E+14  0.00000000E+00  0.53720459E-30
  0.29654562E+14  0.00000000E+00  0.52781656E-30
  0.29702391E+14  0.00000000E+00  0.51867852E-30
  0.29750221E+14  0.00000000E+00  0.50978121E-30
  0.29798051E+14  0.00000000E+00  0.50111580E-30
  0.29845881E+14  0.00000000E+00  0.49267389E-30
  0.29893711E+14  0.00000000E+00  0.48444748E-30
  0.29941541E+14  0.00000000E+00  0.47642894E-30
  0.29989371E+14  0.00000000E+00  0.46861099E-30
  0.30037201E+14  0.00000000E+00  0.46098669E-30
  0.30085031E+14  0.00000000E+00  0.45354941E-30
  0.30132861E+14  0.00000000E+00  0.44629279E-30
  0.30180691E+14  0.00000000E+00  0.43921079E-30
  0.30228521E+14  0.00000000E+00  0.43229760E-30
  0.30276351E+14  0.00000000E+00  0.42554768E-30
  0.30324181E+14  0.00000000E+00  0.41895571E-30
  0.30372011E+14  0.00000000E+00  0.41251661E-30
  0.30419841E+14  0.00000000E+00  0.40622550E-30
  0.30467671E+14  0.00000000E+00  0.40007771E-30
  0.30515500E+14  0.00000000E+00  0.39406874E-30
  0.30563330E+14  0.00000000E+00  0.38819431E-30
  0.30611160E+14  0.00000000E+00  0.38245027E-30
  0.30658990E+14  0.00000000E+00  0.37683265E-30
  0.30706820E+14  0.00000000E+00  0.37133765E-30
  0.30754650E+14  0.00000000E+00  0.36596160E-30
  0.30802480E+14  0.00000000E+00  0.36070098E-30
  0.30850310E+14  0.00000000E+00  0.35555240E-30
  0.30898140E+14  0.00000000E+00  0.35051259E-30
  0.30945970E+14  0.00000000E+00  0.34557843E-30
  0.30993800E+14  0.00000000E+00  0.34074688E-30
  0.31041630E+14  0.00000000E+00  0.33601503E-30
  0.31089460E+14  0.00000000E+00  0.33138009E-30
  0.31137290E+14  0.00000000E+00  0.32683933E-30
  0.31185120E+14  0.00000000E+00  0.32239017E-30
  0.31232950E+14  0.00000000E+00  0.31803008E-30
  0.31280779E+14  0.00000000E+00  0.31375663E-30
  0.31328609E+14  0.00000000E+00  0.30956749E-30
  0.31376439E+14  0.00000000E+00  0.30546039E-30
  0.31424269E+14  0.00000000E+00  0.30143316E-30
  0.31472099E+14  0.00000000E+00  0.29748367E-30
  0.31519929E+14  0.00000000E+00  0.29360990E-30
  0.31567759E+14  0.00000000E+00  0.28980988E-30
  0.31615589E+14  0.00000000E+00  0.28608170E-30
  0.31663419E+14  0.00000000E+00  0.28242352E-30
  0.31711249E+14  0.00000000E+00  0.27883357E-30
  0.31759079E+14  0.00000000E+00  0.27531011E-30
  0.31806909E+14  0.00000000E+00  0.27185148E-30
  0.31854739E+14  0.00000000E+00  0.26845607E-30
  0.31902569E+14  0.00000000E+00  0.26512231E-30
  0.31950399E+14  0.00000000E+00  0.26184870E-30
  0.31998229E+14  0.00000000E+00  0.25863376E-30
  0.32046058E+14  0.00000000E+00  0.25547607E-30
  0.32093888E+14  0.00000000E+00  0.25237427E-30
  0.32141718E+14  0.00000000E+00  0.24932701E-30
  0.32189548E+14  0.00000000E+00  0.24633300E-30
  0.32237378E+14  0.00000000E+00  0.24339099E-30
  0.32285208E+14  0.00000000E+00  0.24049975E-30
  0.32333038E+14  0.00000000E+00  0.23765812E-30
  0.32380868E+14  0.00000000E+00  0.23486494E-30
  0.32428698E+14  0.00000000E+00  0.23211909E-30
  0.32476528E+14  0.00000000E+00  0.22941951E-30
  0.32524358E+14  0.00000000E+00  0.22676514E-30
  0.32572188E+14  0.00000000E+00  0.22415497E-30
  0.32620018E+14  0.00000000E+00  0.22158800E-30
  0.32667848E+14  0.00000000E+00  0.21906328E-30
  0.32715678E+14  0.00000000E+00  0.21657986E-30
  0.32763508E+14  0.00000000E+00  0.21413685E-30
  0.32811337E+14  0.00000000E+00  0.21173336E-30
  0.32859167E+14  0.00000000E+00  0.20936854E-30
  0.32906997E+14  0.00000000E+00  0.20704154E-30
  0.32954827E+14  0.00000000E+00  0.20475157E-30
  0.33002657E+14  0.00000000E+00  0.20249782E-30
  0.33050487E+14  0.00000000E+00  0.20027953E-30
  0.33098317E+14  0.00000000E+00  0.19809596E-30
  0.33146147E+14  0.00000000E+00  0.19594638E-30
  0.33193977E+14  0.00000000E+00  0.19383007E-30
  0.33241807E+14  0.00000000E+00  0.19174635E-30
  0.33289637E+14  0.00000000E+00  0.18969456E-30
  0.33337467E+14  0.00000000E+00  0.18767403E-30
  0.33385297E+14  0.00000000E+00  0.18568412E-30
  0.33433127E+14  0.00000000E+00  0.18372423E-30
  0.33480957E+14  0.00000000E+00  0.18179374E-30
  0.33528787E+14  0.00000000E+00  0.17989206E-30
  0.33576616E+14  0.00000000E+00  0.17801863E-30
  0.33624446E+14  0.00000000E+00  0.17617287E-30
  0.33672276E+14  0.00000000E+00  0.17435426E-30
  0.33720106E+14  0.00000000E+00  0.17256224E-30
  0.33767936E+14  0.00000000E+00  0.17079632E-30
  0.33815766E+14  0.00000000E+00  0.16905597E-30
  0.33863596E+14  0.00000000E+00  0.16734071E-30
  0.33911426E+14  0.00000000E+00  0.16565005E-30
  0.33959256E+14  0.00000000E+00  0.16398353E-30
  0.34007086E+14  0.00000000E+00  0.16234069E-30
  0.34054916E+14  0.00000000E+00  0.16072108E-30
  0.34102746E+14  0.00000000E+00  0.15912425E-30
  0.34150576E+14  0.00000000E+00  0.15754980E-30
  0.34198406E+14  0.00000000E+00  0.15599729E-30
  0.34246236E+14  0.00000000E+00  0.15446633E-30
  0.34294066E+14  0.00000000E+00  0.15295651E-30
  0.34341895E+14  0.00000000E+00  0.15146745E-30
  0.34389725E+14  0.00000000E+00  0.14999878E-30
  0.34437555E+14  0.00000000E+00  0.14855011E-30
  0.34485385E+14  0.00000000E+00  0.14712109E-30
  0.34533215E+14  0.00000000E+00  0.14571136E-30
  0.34581045E+14  0.00000000E+00  0.14432059E-30
  0.34628875E+14  0.00000000E+00  0.14294842E-30
  0.34676705E+14  0.00000000E+00  0.14159454E-30
  0.34724535E+14  0.00000000E+00  0.14025862E-30
  0.34772365E+14  0.00000000E+00  0.13894034E-30
  0.34820195E+14  0.00000000E+00  0.13763940E-30
  0.34868025E+14  0.00000000E+00  0.13635549E-30
  0.34915855E+14  0.00000000E+00  0.13508832E-30
  0.34963685E+14  0.00000000E+00  0.13383760E-30
  0.35011515E+14  0.00000000E+00  0.13260305E-30
  0.35059345E+14  0.00000000E+00  0.13138439E-30
  0.35107174E+14  0.00000000E+00  0.13018135E-30
  0.35155004E+14  0.00000000E+00  0.12899367E-30
  0.35202834E+14  0.00000000E+00  0.12782109E-30
  0.35250664E+14  0.00000000E+00  0.12666335E-30
  0.35298494E+14  0.00000000E+00  0.12552021E-30
  0.35346324E+14  0.00000000E+00  0.12439142E-30
  0.35394154E+14  0.00000000E+00  0.12327675E-30
  0.35441984E+14  0.00000000E+00  0.12217596E-30
  0.35489814E+14  0.00000000E+00  0.12108883E-30
  0.35537644E+14  0.00000000E+00  0.12001514E-30
  0.35585474E+14  0.00000000E+00  0.11895465E-30
  0.35633304E+14  0.00000000E+00  0.11790717E-30
  0.35681134E+14  0.00000000E+00  0.11687247E-30
  0.35728964E+14  0.00000000E+00  0.11585036E-30
  0.35776794E+14  0.00000000E+00  0.11484064E-30
  0.35824624E+14  0.00000000E+00  0.11384309E-30
  0.35872453E+14  0.00000000E+00  0.11285755E-30
  0.35920283E+14  0.00000000E+00  0.11188380E-30
  0.35968113E+14  0.00000000E+00  0.11092167E-30
  0.36015943E+14  0.00000000E+00  0.10997098E-30
  0.36063773E+14  0.00000000E+00  0.10903154E-30
  0.36111603E+14  0.00000000E+00  0.10810318E-30
  0.36159433E+14  0.00000000E+00  0.10718573E-30
  0.36207263E+14  0.00000000E+00  0.10627903E-30
  0.36255093E+14  0.00000000E+00  0.10538290E-30
  0.36302923E+14  0.00000000E+00  0.10449719E-30
  0.36350753E+14  0.00000000E+00  0.10362173E-30
  0.36398583E+14  0.00000000E+00  0.10275637E-30
  0.36446413E+14  0.00000000E+00  0.10190096E-30
  0.36494243E+14  0.00000000E+00  0.10105535E-30
  0.36542073E+14  0.00000000E+00  0.10021938E-30
  0.36589903E+14  0.00000000E+00  0.99392927E-31
  0.36637733E+14  0.00000000E+00  0.98575835E-31
  0.36685562E+14  0.00000000E+00  0.97767970E-31
  0.36733392E+14  0.00000000E+00  0.96969195E-31
  0.36781222E+14  0.00000000E+00  0.96179375E-31
  0.36829052E+14  0.00000000E+00  0.95398380E-31
  0.36876882E+14  0.00000000E+00  0.94626080E-31
  0.36924712E+14  0.00000000E+00  0.93862349E-31
  0.36972542E+14  0.00000000E+00  0.93107064E-31
  0.37020372E+14  0.00000000E+00  0.92360101E-31
  0.37068202E+14  0.00000000E+00  0.91621341E-31
  0.37116032E+14  0.00000000E+00  0.90890666E-31
  0.37163862E+14  0.00000000E+00  0.90167962E-31
  0.37211692E+14  0.00000000E+00  0.89453114E-31
  0.37259522E+14  0.00000000E+00  0.88746010E-31
  0.37307352E+14  0.00000000E+00  0.88046543E-31
  0.37355182E+14  0.00000000E+00  0.87354603E-31
  0.37403012E+14  0.00000000E+00  0.86670086E-31
  0.37450841E+14  0.00000000E+00  0.85992887E-31
  0.37498671E+14  0.00000000E+00  0.85322905E-31
  0.37546501E+14  0.00000000E+00  0.84660040E-31
  0.37594331E+14  0.00000000E+00  0.84004192E-31
  0.37642161E+14  0.00000000E+00  0.83355266E-31
  0.37689991E+14  0.00000000E+00  0.82713166E-31
  0.37737821E+14  0.00000000E+00  0.82077798E-31
  0.37785651E+14  0.00000000E+00  0.81449072E-31
  0.37833481E+14  0.00000000E+00  0.80826896E-31
  0.37881311E+14  0.00000000E+00  0.80211182E-31
  0.37929141E+14  0.00000000E+00  0.79601842E-31
  0.37976971E+14  0.00000000E+00  0.78998791E-31
  0.38024801E+14  0.00000000E+00  0.78401945E-31
  0.38072631E+14  0.00000000E+00  0.77811220E-31
  0.38120461E+14  0.00000000E+00  0.77226535E-31
  0.38168291E+14  0.00000000E+00  0.76647810E-31
  0.38216120E+14  0.00000000E+00  0.76074966E-31
  0.38263950E+14  0.00000000E+00  0.75507925E-31
  0.38311780E+14  0.00000000E+00  0.74946612E-31
  0.38359610E+14  0.00000000E+00  0.74390950E-31
  0.38407440E+14  0.00000000E+00  0.73840867E-31
  0.38455270E+14  0.00000000E+00  0.73296289E-31
  0.38503100E+14  0.00000000E+00  0.72757146E-31
  0.38550930E+14  0.00000000E+00  0.72223366E-31
  0.38598760E+14  0.00000000E+00  0.71694881E-31
  0.38646590E+14  0.00000000E+00  0.71171623E-31
  0.38694420E+14  0.00000000E+00  0.70653525E-31
  0.38742250E+14  0.00000000E+00  0.70140520E-31
  0.38790080E+14  0.00000000E+00  0.69632545E-31
  0.38837910E+14  0.00000000E+00  0.69129535E-31
  0.38885740E+14  0.00000000E+00  0.68631427E-31
  0.38933570E+14  0.00000000E+00  0.68138160E-31
  0.38981399E+14  0.00000000E+00  0.67649673E-31
  0.39029229E+14  0.00000000E+00  0.67165906E-31
  0.39077059E+14  0.00000000E+00  0.66686800E-31
  0.39124889E+14  0.00000000E+00  0.66212297E-31
  0.39172719E+14  0.00000000E+00  0.65742340E-31
  0.39220549E+14  0.00000000E+00  0.65276873E-31
  0.39268379E+14  0.00000000E+00  0.64815839E-31
  0.39316209E+14  0.00000000E+00  0.64359186E-31
  0.39364039E+14  0.00000000E+00  0.63906858E-31
  0.39411869E+14  0.00000000E+00  0.63458803E-31
  0.39459699E+14  0.00000000E+00  0.63014970E-31
  0.39507529E+14  0.00000000E+00  0.62575306E-31
  0.39555359E+14  0.00000000E+00  0.62139761E-31
  0.39603189E+14  0.00000000E+00  0.61708286E-31
  0.39651019E+14  0.00000000E+00  0.61280831E-31
  0.39698849E+14  0.00000000E+00  0.60857348E-31
  0.39746678E+14  0.00000000E+00  0.60437790E-31
  0.39794508E+14  0.00000000E+00  0.60022109E-31
  0.39842338E+14  0.00000000E+00  0.59610261E-31
  0.39890168E+14  0.00000000E+00  0.59202198E-31
  0.39937998E+14  0.00000000E+00  0.58797876E-31
  0.39985828E+14  0.00000000E+00  0.58397252E-31
  0.40033658E+14  0.00000000E+00  0.58000281E-31
  0.40081488E+14  0.00000000E+00  0.57606922E-31
  0.40129318E+14  0.00000000E+00  0.57217130E-31
  0.40177148E+14  0.00000000E+00  0.56830866E-31
  0.40224978E+14  0.00000000E+00  0.56448087E-31
  0.40272808E+14  0.00000000E+00  0.56068754E-31
  0.40320638E+14  0.00000000E+00  0.55692827E-31
  0.40368468E+14  0.00000000E+00  0.55320266E-31
  0.40416298E+14  0.00000000E+00  0.54951032E-31
  0.40464128E+14  0.00000000E+00  0.54585088E-31
  0.40511957E+14  0.00000000E+00  0.54222396E-31
  0.40559787E+14  0.00000000E+00  0.53862918E-31
  0.40607617E+14  0.00000000E+00  0.53506619E-31
  0.40655447E+14  0.00000000E+00  0.53153461E-31
  0.40703277E+14  0.00000000E+00  0.52803410E-31
  0.40751107E+14  0.00000000E+00  0.52456431E-31
  0.40798937E+14  0.00000000E+00  0.52112489E-31
  0.40846767E+14  0.00000000E+00  0.51771549E-31
  0.40894597E+14  0.00000000E+00  0.51433579E-31
  0.40942427E+14  0.00000000E+00  0.51098545E-31
  0.40990257E+14  0.00000000E+00  0.50766414E-31
  0.41038087E+14  0.00000000E+00  0.50437154E-31
  0.41085917E+14  0.00000000E+00  0.50110734E-31
  0.41133747E+14  0.00000000E+00  0.49787122E-31
  0.41181577E+14  0.00000000E+00  0.49466287E-31
  0.41229407E+14  0.00000000E+00  0.49148199E-31
  0.41277236E+14  0.00000000E+00  0.48832827E-31
  0.41325066E+14  0.00000000E+00  0.48520143E-31
  0.41372896E+14  0.00000000E+00  0.48210115E-31
  0.41420726E+14  0.00000000E+00  0.47902717E-31
  0.41468556E+14  0.00000000E+00  0.47597918E-31
  0.41516386E+14  0.00000000E+00  0.47295692E-31
  0.41564216E+14  0.00000000E+00  0.46996010E-31
  0.41612046E+14  0.00000000E+00  0.46698845E-31
  0.41659876E+14  0.00000000E+00  0.46404170E-31
  0.41707706E+14  0.00000000E+00  0.46111959E-31
  0.41755536E+14  0.00000000E+00  0.45822184E-31
  0.41803366E+14  0.00000000E+00  0.45534820E-31
  0.41851196E+14  0.00000000E+00  0.45249842E-31
  0.41899026E+14  0.00000000E+00  0.44967224E-31
  0.41946856E+14  0.00000000E+00  0.44686942E-31
  0.41994686E+14  0.00000000E+00  0.44408970E-31
  0.42042516E+14  0.00000000E+00  0.44133284E-31
  0.42090345E+14  0.00000000E+00  0.43859860E-31
  0.42138175E+14  0.00000000E+00  0.43588676E-31
  0.42186005E+14  0.00000000E+00  0.43319706E-31
  0.42233835E+14  0.00000000E+00  0.43052929E-31
  0.42281665E+14  0.00000000E+00  0.42788322E-31
  0.42329495E+14  0.00000000E+00  0.42525861E-31
  0.42377325E+14  0.00000000E+00  0.42265525E-31
  0.42425155E+14  0.00000000E+00  0.42007292E-31
  0.42472985E+14  0.00000000E+00  0.41751140E-31
  0.42520815E+14  0.00000000E+00  0.41497048E-31
  0.42568645E+14  0.00000000E+00  0.41244995E-31
  0.42616475E+14  0.00000000E+00  0.40994960E-31
  0.42664305E+14  0.00000000E+00  0.40746923E-31
  0.42712135E+14  0.00000000E+00  0.40500863E-31
  0.42759965E+14  0.00000000E+00  0.40256759E-31
  0.42807795E+14  0.00000000E+00  0.40014593E-31
  0.42855624E+14  0.00000000E+00  0.39774345E-31
  0.42903454E+14  0.00000000E+00  0.39535995E-31
  0.42951284E+14  0.00000000E+00  0.39299525E-31
  0.42999114E+14  0.00000000E+00  0.39064915E-31
  0.43046944E+14  0.00000000E+00  0.38832147E-31
  0.43094774E+14  0.00000000E+00  0.38601203E-31
  0.43142604E+14  0.00000000E+00  0.38372064E-31
  0.43190434E+14  0.00000000E+00  0.38144713E-31
  0.43238264E+14  0.00000000E+00  0.37919131E-31
  0.43286094E+14  0.00000000E+00  0.37695302E-31
  0.43333924E+14  0.00000000E+00  0.37473208E-31
  0.43381754E+14  0.00000000E+00  0.37252832E-31
  0.43429584E+14  0.00000000E+00  0.37034157E-31
  0.43477414E+14  0.00000000E+00  0.36817166E-31
  0.43525244E+14  0.00000000E+00  0.36601843E-31
  0.43573074E+14  0.00000000E+00  0.36388173E-31
  0.43620903E+14  0.00000000E+00  0.36176138E-31
  0.43668733E+14  0.00000000E+00  0.35965722E-31
  0.43716563E+14  0.00000000E+00  0.35756911E-31
  0.43764393E+14  0.00000000E+00  0.35549689E-31
  0.43812223E+14  0.00000000E+00  0.35344039E-31
  0.43860053E+14  0.00000000E+00  0.35139948E-31
  0.43907883E+14  0.00000000E+00  0.34937401E-31
  0.43955713E+14  0.00000000E+00  0.34736381E-31
  0.44003543E+14  0.00000000E+00  0.34536876E-31
  0.44051373E+14  0.00000000E+00  0.34338870E-31
  0.44099203E+14  0.00000000E+00  0.34142349E-31
  0.44147033E+14  0.00000000E+00  0.33947299E-31
  0.44194863E+14  0.00000000E+00  0.33753707E-31
  0.44242693E+14  0.00000000E+00  0.33561558E-31
  0.44290523E+14  0.00000000E+00  0.33370838E-31
  0.44338353E+14  0.00000000E+00  0.33181535E-31
  0.44386182E+14  0.00000000E+00  0.32993635E-31
  0.44434012E+14  0.00000000E+00  0.32807125E-31
  0.44481842E+14  0.00000000E+00  0.32621991E-31
  0.44529672E+14  0.00000000E+00  0.32438222E-31
  0.44577502E+14  0.00000000E+00  0.32255804E-31
  0.44625332E+14  0.00000000E+00  0.32074725E-31
  0.44673162E+14  0.00000000E+00  0.31894972E-31
  0.44720992E+14  0.00000000E+00  0.31716533E-31
  0.44768822E+14  0.00000000E+00  0.31539397E-31
  0.44816652E+14  0.00000000E+00  0.31363550E-31
  0.44864482E+14  0.00000000E+00  0.31188981E-31
  0.44912312E+14  0.00000000E+00  0.31015679E-31
  0.44960142E+14  0.00000000E+00  0.30843631E-31
  0.45007972E+14  0.00000000E+00  0.30672827E-31
  0.45055802E+14  0.00000000E+00  0.30503255E-31
  0.45103632E+14  0.00000000E+00  0.30334904E-31
  0.45151461E+14  0.00000000E+00  0.30167762E-31
  0.45199291E+14  0.00000000E+00  0.30001820E-31
  0.45247121E+14  0.00000000E+00  0.29837065E-31
  0.45294951E+14  0.00000000E+00  0.29673487E-31
  0.45342781E+14  0.00000000E+00  0.29511076E-31
  0.45390611E+14  0.00000000E+00  0.29349821E-31
  0.45438441E+14  0.00000000E+00  0.29189712E-31
  0.45486271E+14  0.00000000E+00  0.29030738E-31
  0.45534101E+14  0.00000000E+00  0.28872890E-31
  0.45581931E+14  0.00000000E+00  0.28716157E-31
  0.45629761E+14  0.00000000E+00  0.28560529E-31
  0.45677591E+14  0.00000000E+00  0.28405997E-31
  0.45725421E+14  0.00000000E+00  0.28252551E-31
  0.45773251E+14  0.00000000E+00  0.28100182E-31
  0.45821081E+14  0.00000000E+00  0.27948878E-31
  0.45868911E+14  0.00000000E+00  0.27798633E-31
  0.45916740E+14  0.00000000E+00  0.27649435E-31
  0.45964570E+14  0.00000000E+00  0.27501277E-31
  0.46012400E+14  0.00000000E+00  0.27354148E-31
  0.46060230E+14  0.00000000E+00  0.27208040E-31
  0.46108060E+14  0.00000000E+00  0.27062944E-31
  0.46155890E+14  0.00000000E+00  0.26918850E-31
  0.46203720E+14  0.00000000E+00  0.26775752E-31
  0.46251550E+14  0.00000000E+00  0.26633639E-31
  0.46299380E+14  0.00000000E+00  0.26492503E-31
  0.46347210E+14  0.00000000E+00  0.26352336E-31
  0.46395040E+14  0.00000000E+00  0.26213130E-31
  0.46442870E+14  0.00000000E+00  0.26074875E-31
  0.46490700E+14  0.00000000E+00  0.25937565E-31
  0.46538530E+14  0.00000000E+00  0.25801191E-31
  0.46586360E+14  0.00000000E+00  0.25665744E-31
  0.46634190E+14  0.00000000E+00  0.25531217E-31
  0.46682019E+14  0.00000000E+00  0.25397603E-31
  0.46729849E+14  0.00000000E+00  0.25264893E-31
  0.46777679E+14  0.00000000E+00  0.25133080E-31
  0.46825509E+14  0.00000000E+00  0.25002155E-31
  0.46873339E+14  0.00000000E+00  0.24872112E-31
  0.46921169E+14  0.00000000E+00  0.24742944E-31
  0.46968999E+14  0.00000000E+00  0.24614642E-31
  0.47016829E+14  0.00000000E+00  0.24487200E-31
  0.47064659E+14  0.00000000E+00  0.24360609E-31
  0.47112489E+14  0.00000000E+00  0.24234864E-31
  0.47160319E+14  0.00000000E+00  0.24109957E-31
  0.47208149E+14  0.00000000E+00  0.23985881E-31
  0.47255979E+14  0.00000000E+00  0.23862630E-31
  0.47303809E+14  0.00000000E+00  0.23740195E-31
  0.47351639E+14  0.00000000E+00  0.23618571E-31
  0.47399469E+14  0.00000000E+00  0.23497750E-31
  0.47447298E+14  0.00000000E+00  0.23377727E-31
  0.47495128E+14  0.00000000E+00  0.23258494E-31
  0.47542958E+14  0.00000000E+00  0.23140046E-31
  0.47590788E+14  0.00000000E+00  0.23022374E-31
  0.47638618E+14  0.00000000E+00  0.22905474E-31
  0.47686448E+14  0.00000000E+00  0.22789339E-31
  0.47734278E+14  0.00000000E+00  0.22673963E-31
  0.47782108E+14  0.00000000E+00  0.22559338E-31
  0.47829938E+14  0.00000000E+00  0.22445460E-31
  0.47877768E+14  0.00000000E+00  0.22332323E-31
  0.47925598E+14  0.00000000E+00  0.22219919E-31
  0.47973428E+14  0.00000000E+00  0.22108243E-31
  0.48021258E+14  0.00000000E+00  0.21997290E-31
  0.48069088E+14  0.00000000E+00  0.21887054E-31
  0.48116918E+14  0.00000000E+00  0.21777528E-31
  0.48164748E+14  0.00000000E+00  0.21668707E-31
  0.48212578E+14  0.00000000E+00  0.21560585E-31
  0.48260407E+14  0.00000000E+00  0.21453157E-31
  0.48308237E+14  0.00000000E+00  0.21346417E-31
  0.48356067E+14  0.00000000E+00  0.21240360E-31
  0.48403897E+14  0.00000000E+00  0.21134979E-31
  0.48451727E+14  0.00000000E+00  0.21030271E-31
  0.48499557E+14  0.00000000E+00  0.20926229E-31
  0.48547387E+14  0.00000000E+00  0.20822848E-31
  0.48595217E+14  0.00000000E+00  0.20720123E-31
  0.48643047E+14  0.00000000E+00  0.20618049E-31
  0.48690877E+14  0.00000000E+00  0.20516620E-31
  0.48738707E+14  0.00000000E+00  0.20415832E-31
  0.48786537E+14  0.00000000E+00  0.20315679E-31
  0.48834367E+14  0.00000000E+00  0.20216157E-31
  0.48882197E+14  0.00000000E+00  0.20117260E-31
  0.48930027E+14  0.00000000E+00  0.20018983E-31
  0.48977857E+14  0.00000000E+00  0.19921323E-31
  0.49025686E+14  0.00000000E+00  0.19824273E-31
  0.49073516E+14  0.00000000E+00  0.19727829E-31
  0.49121346E+14  0.00000000E+00  0.19631987E-31
  0.49169176E+14  0.00000000E+00  0.19536741E-31
  0.49217006E+14  0.00000000E+00  0.19442088E-31
  0.49264836E+14  0.00000000E+00  0.19348022E-31
  0.49312666E+14  0.00000000E+00  0.19254539E-31
  0.49360496E+14  0.00000000E+00  0.19161635E-31
  0.49408326E+14  0.00000000E+00  0.19069305E-31
  0.49456156E+14  0.00000000E+00  0.18977544E-31
  0.49503986E+14  0.00000000E+00  0.18886348E-31
  0.49551816E+14  0.00000000E+00  0.18795714E-31
  0.49599646E+14  0.00000000E+00  0.18705636E-31
  0.49647476E+14  0.00000000E+00  0.18616110E-31
  0.49695306E+14  0.00000000E+00  0.18527133E-31
  0.49743136E+14  0.00000000E+00  0.18438699E-31
  0.49790965E+14  0.00000000E+00  0.18350806E-31
  0.49838795E+14  0.00000000E+00  0.18263448E-31
  0.49886625E+14  0.00000000E+00  0.18176622E-31
  0.49934455E+14  0.00000000E+00  0.18090323E-31
  0.49982285E+14  0.00000000E+00  0.18004548E-31
  0.50030115E+14  0.00000000E+00  0.17919293E-31
  0.50077945E+14  0.00000000E+00  0.17834553E-31
  0.50125775E+14  0.00000000E+00  0.17750326E-31
  0.50173605E+14  0.00000000E+00  0.17666606E-31
  0.50221435E+14  0.00000000E+00  0.17583391E-31
  0.50269265E+14  0.00000000E+00  0.17500676E-31
  0.50317095E+14  0.00000000E+00  0.17418458E-31
  0.50364925E+14  0.00000000E+00  0.17336733E-31
  0.50412755E+14  0.00000000E+00  0.17255498E-31
  0.50460585E+14  0.00000000E+00  0.17174748E-31
  0.50508415E+14  0.00000000E+00  0.17094480E-31
  0.50556244E+14  0.00000000E+00  0.17014691E-31
  0.50604074E+14  0.00000000E+00  0.16935377E-31
  0.50651904E+14  0.00000000E+00  0.16856534E-31
  0.50699734E+14  0.00000000E+00  0.16778159E-31
  0.50747564E+14  0.00000000E+00  0.16700249E-31
  0.50795394E+14  0.00000000E+00  0.16622800E-31
  0.50843224E+14  0.00000000E+00  0.16545809E-31
  0.50891054E+14  0.00000000E+00  0.16469272E-31
  0.50938884E+14  0.00000000E+00  0.16393187E-31
  0.50986714E+14  0.00000000E+00  0.16317549E-31
  0.51034544E+14  0.00000000E+00  0.16242355E-31
  0.51082374E+14  0.00000000E+00  0.16167603E-31
  0.51130204E+14  0.00000000E+00  0.16093289E-31
  0.51178034E+14  0.00000000E+00  0.16019410E-31
  0.51225864E+14  0.00000000E+00  0.15945962E-31
  0.51273694E+14  0.00000000E+00  0.15872943E-31
  0.51321523E+14  0.00000000E+00  0.15800350E-31
  0.51369353E+14  0.00000000E+00  0.15728179E-31
  0.51417183E+14  0.00000000E+00  0.15656427E-31
  0.51465013E+14  0.00000000E+00  0.15585092E-31
  0.51512843E+14  0.00000000E+00  0.15514170E-31
  0.51560673E+14  0.00000000E+00  0.15443658E-31
  0.51608503E+14  0.00000000E+00  0.15373554E-31
  0.51656333E+14  0.00000000E+00  0.15303855E-31
  0.51704163E+14  0.00000000E+00  0.15234557E-31
  0.51751993E+14  0.00000000E+00  0.15165658E-31
  0.51799823E+14  0.00000000E+00  0.15097154E-31
  0.51847653E+14  0.00000000E+00  0.15029044E-31
  0.51895483E+14  0.00000000E+00  0.14961325E-31
  0.51943313E+14  0.00000000E+00  0.14893992E-31
  0.51991143E+14  0.00000000E+00  0.14827045E-31
  0.52038973E+14  0.00000000E+00  0.14760480E-31
  0.52086802E+14  0.00000000E+00  0.14694294E-31
  0.52134632E+14  0.00000000E+00  0.14628485E-31
  0.52182462E+14  0.00000000E+00  0.14563049E-31
  0.52230292E+14  0.00000000E+00  0.14497986E-31
  0.52278122E+14  0.00000000E+00  0.14433291E-31
  0.52325952E+14  0.00000000E+00  0.14368962E-31
  0.52373782E+14  0.00000000E+00  0.14304997E-31
  0.52421612E+14  0.00000000E+00  0.14241394E-31
  0.52469442E+14  0.00000000E+00  0.14178148E-31
  0.52517272E+14  0.00000000E+00  0.14115259E-31
  0.52565102E+14  0.00000000E+00  0.14052724E-31
  0.52612932E+14  0.00000000E+00  0.13990540E-31
  0.52660762E+14  0.00000000E+00  0.13928704E-31
  0.52708592E+14  0.00000000E+00  0.13867215E-31
  0.52756422E+14  0.00000000E+00  0.13806069E-31
  0.52804252E+14  0.00000000E+00  0.13745266E-31
  0.52852081E+14  0.00000000E+00  0.13684801E-31
  0.52899911E+14  0.00000000E+00  0.13624674E-31
  0.52947741E+14  0.00000000E+00  0.13564880E-31
  0.52995571E+14  0.00000000E+00  0.13505419E-31
  0.53043401E+14  0.00000000E+00  0.13446288E-31
  0.53091231E+14  0.00000000E+00  0.13387485E-31
  0.53139061E+14  0.00000000E+00  0.13329007E-31
  0.53186891E+14  0.00000000E+00  0.13270853E-31
  0.53234721E+14  0.00000000E+00  0.13213019E-31
  0.53282551E+14  0.00000000E+00  0.13155505E-31
  0.53330381E+14  0.00000000E+00  0.13098307E-31
  0.53378211E+14  0.00000000E+00  0.13041423E-31
  0.53426041E+14  0.00000000E+00  0.12984852E-31
  0.53473871E+14  0.00000000E+00  0.12928591E-31
  0.53521701E+14  0.00000000E+00  0.12872638E-31
  0.53569531E+14  0.00000000E+00  0.12816992E-31
  0.53617360E+14  0.00000000E+00  0.12761649E-31
  0.53665190E+14  0.00000000E+00  0.12706609E-31
  0.53713020E+14  0.00000000E+00  0.12651868E-31
  0.53760850E+14  0.00000000E+00  0.12597425E-31
  0.53808680E+14  0.00000000E+00  0.12543278E-31
  0.53856510E+14  0.00000000E+00  0.12489425E-31
  0.53904340E+14  0.00000000E+00  0.12435865E-31
  0.53952170E+14  0.00000000E+00  0.12382594E-31
  0.54000000E+14  0.00000000E+00  0.12329611E-31
