  0.47829938E+11 -0.43009182E-29  0.10895662E-28
  0.95659876E+11 -0.42933546E-29  0.78301594E-29
  0.14348981E+12 -0.42669541E-29  0.63889000E-29
  0.19131975E+12 -0.42097599E-29  0.54355533E-29
  0.23914969E+12 -0.41316327E-29  0.47320309E-29
  0.28697963E+12 -0.41346885E-29  0.42022076E-29
  0.33480957E+12 -0.41334779E-29  0.36371260E-29
  0.38263950E+12 -0.40522491E-29  0.29263296E-29
  0.43046944E+12 -0.31797946E-29  0.29012483E-29
  0.47829938E+12 -0.38964780E-29  0.31447351E-29
  0.52612932E+12 -0.38061015E-29  0.25256718E-29
  0.57395926E+12 -0.36212069E-29  0.22378866E-29
  0.62178919E+12 -0.36284909E-29  0.23603938E-29
  0.66961913E+12 -0.39040444E-29  0.19689349E-29
  0.71744907E+12 -0.38636313E-29  0.16465422E-29
  0.76527901E+12 -0.38060773E-29  0.10652392E-29
  0.81310895E+12 -0.28705881E-29  0.10517302E-29
  0.86093888E+12 -0.31978953E-29  0.15996755E-29
  0.90876882E+12 -0.36553869E-29  0.14263970E-29
  0.95659876E+12 -0.36718900E-29  0.10746627E-29
  0.10044287E+13 -0.37599658E-29  0.84782627E-30
  0.10522586E+13 -0.38084879E-29  0.20017396E-30
  0.11000886E+13 -0.28938595E-29 -0.80803528E-31
  0.11479185E+13 -0.26113089E-29  0.64351071E-30
  0.11957484E+13 -0.32290943E-29  0.10014662E-29
  0.12435784E+13 -0.35368831E-29  0.53113122E-30
  0.12914083E+13 -0.36830767E-29  0.19740258E-30
  0.13392383E+13 -0.34783425E-29 -0.46522904E-30
  0.13870682E+13 -0.27956880E-29 -0.57690105E-30
  0.14348981E+13 -0.24250890E-29 -0.74720382E-31
  0.14827281E+13 -0.28731810E-29  0.46111493E-30
  0.15305580E+13 -0.34466370E-29  0.13627287E-30
  0.15783880E+13 -0.36007269E-29 -0.48271191E-30
  0.16262179E+13 -0.31063191E-29 -0.92787831E-30
  0.16740478E+13 -0.26338259E-29 -0.92491465E-30
  0.17218778E+13 -0.22448875E-29 -0.51229215E-30
  0.17697077E+13 -0.28162007E-29  0.76781121E-31
  0.18175376E+13 -0.33768270E-29 -0.38218989E-30
  0.18653676E+13 -0.31404063E-29 -0.10695889E-29
  0.19131975E+13 -0.28285269E-29 -0.12443457E-29
  0.19610275E+13 -0.23871427E-29 -0.12428823E-29
  0.20088574E+13 -0.20659498E-29 -0.68491479E-30
  0.20566873E+13 -0.28615043E-29 -0.34014275E-30
  0.21045173E+13 -0.32296908E-29 -0.10256738E-29
  0.21523472E+13 -0.28611536E-29 -0.13677364E-29
  0.22001771E+13 -0.25645254E-29 -0.15209969E-29
  0.22480071E+13 -0.21898701E-29 -0.14739567E-29
  0.22958370E+13 -0.19619248E-29 -0.84009125E-30
  0.23436670E+13 -0.28418742E-29 -0.92431905E-30
  0.23914969E+13 -0.26620773E-29 -0.14382324E-29
  0.24393268E+13 -0.26095045E-29 -0.15657885E-29
  0.24871568E+13 -0.23454354E-29 -0.17313048E-29
  0.25349867E+13 -0.19850351E-29 -0.16081117E-29
  0.25828167E+13 -0.22117525E-29 -0.10489487E-29
  0.26306466E+13 -0.25982909E-29 -0.15034245E-29
  0.26784765E+13 -0.24025671E-29 -0.16454735E-29
  0.27263065E+13 -0.23844427E-29 -0.18100700E-29
  0.27741364E+13 -0.21191601E-29 -0.19306064E-29
  0.28219663E+13 -0.18172797E-29 -0.16551675E-29
  0.28697963E+13 -0.23629054E-29 -0.14647227E-29
  0.29176262E+13 -0.22429320E-29 -0.18274306E-29
  0.29654562E+13 -0.22181707E-29 -0.18631103E-29
  0.30132861E+13 -0.21709845E-29 -0.20240869E-29
  0.30611160E+13 -0.19186561E-29 -0.20937361E-29
  0.31089460E+13 -0.17572741E-29 -0.17510372E-29
  0.31567759E+13 -0.21236822E-29 -0.19021671E-29
  0.32046058E+13 -0.20247168E-29 -0.20018430E-29
  0.32524358E+13 -0.20217639E-29 -0.20708548E-29
  0.33002657E+13 -0.19578182E-29 -0.21777702E-29
  0.33480957E+13 -0.17437731E-29 -0.21699493E-29
  0.33959256E+13 -0.19671872E-29 -0.19810237E-29
  0.34437555E+13 -0.18915179E-29 -0.21980843E-29
  0.34915855E+13 -0.18454619E-29 -0.22331805E-29
  0.35394154E+13 -0.18028080E-29 -0.22838286E-29
  0.35872453E+13 -0.17041265E-29 -0.22920437E-29
  0.36350753E+13 -0.16471724E-29 -0.21572536E-29
  0.36829052E+13 -0.18807475E-29 -0.22970682E-29
  0.37307352E+13 -0.17768920E-29 -0.24106178E-29
  0.37785651E+13 -0.16945406E-29 -0.24653213E-29
  0.38263950E+13 -0.15804530E-29 -0.24928145E-29
  0.38742250E+13 -0.14859698E-29 -0.23767090E-29
  0.39220549E+13 -0.16926259E-29 -0.22531844E-29
  0.39698849E+13 -0.17450921E-29 -0.24946067E-29
  0.40177148E+13 -0.16758238E-29 -0.26043215E-29
  0.40655447E+13 -0.15681367E-29 -0.26945650E-29
  0.41133747E+13 -0.13845380E-29 -0.26586398E-29
  0.41612046E+13 -0.13630206E-29 -0.24588537E-29
  0.42090345E+13 -0.16406692E-29 -0.24523231E-29
  0.42568645E+13 -0.16475231E-29 -0.26532529E-29
  0.43046944E+13 -0.15762270E-29 -0.27683298E-29
  0.43525244E+13 -0.14639069E-29 -0.28758388E-29
  0.44003543E+13 -0.12924315E-29 -0.27807962E-29
  0.44481842E+13 -0.13341853E-29 -0.26019800E-29
  0.44960142E+13 -0.15185529E-29 -0.26826490E-29
  0.45438441E+13 -0.15547434E-29 -0.28016438E-29
  0.45916740E+13 -0.15114611E-29 -0.29334909E-29
  0.46395040E+13 -0.13861610E-29 -0.29768240E-29
  0.46873339E+13 -0.12937577E-29 -0.29067473E-29
  0.47351639E+13 -0.14375459E-29 -0.28171340E-29
  0.47829938E+13 -0.14534177E-29 -0.29014429E-29
  0.48308237E+13 -0.15142782E-29 -0.29667868E-29
  0.48786537E+13 -0.14589384E-29 -0.30785416E-29
  0.49264836E+13 -0.14146575E-29 -0.30844933E-29
  0.49743136E+13 -0.14178739E-29 -0.30461213E-29
  0.50221435E+13 -0.14757422E-29 -0.31013112E-29
  0.50699734E+13 -0.15119285E-29 -0.31048742E-29
  0.51178034E+13 -0.15662998E-29 -0.31485776E-29
  0.51656333E+13 -0.16168056E-29 -0.32137535E-29
  0.52134632E+13 -0.16431244E-29 -0.32328233E-29
  0.52612932E+13 -0.17764127E-29 -0.32902445E-29
  0.53091231E+13 -0.17727259E-29 -0.33588153E-29
  0.53569531E+13 -0.18742743E-29 -0.33713626E-29
  0.54047830E+13 -0.20318278E-29 -0.33933374E-29
  0.54526129E+13 -0.22725720E-29 -0.34496068E-29
  0.55004429E+13 -0.25608489E-29 -0.35476567E-29
  0.55482728E+13 -0.32456648E-29 -0.37984979E-29
  0.55961027E+13 -0.33921344E-29 -0.51256270E-29
  0.56439327E+13 -0.28007283E-29 -0.55497804E-29
  0.56917626E+13 -0.24966196E-29 -0.59382901E-29
  0.57395926E+13 -0.23082664E-29 -0.61829112E-29
  0.57874225E+13 -0.20168326E-29 -0.64972310E-29
  0.58352524E+13 -0.16384758E-29 -0.66363920E-29
  0.58830824E+13 -0.13901628E-29 -0.69089934E-29
  0.59309123E+13 -0.10244144E-29 -0.69302674E-29
  0.59787422E+13 -0.80561667E-30 -0.71051984E-29
  0.60265722E+13 -0.54513078E-30 -0.71761893E-29
  0.60744021E+13 -0.22704696E-30 -0.73188948E-29
  0.61222321E+13 -0.98859660E-32 -0.73171802E-29
  0.61700620E+13  0.24073848E-30 -0.74857660E-29
  0.62178919E+13  0.60499775E-30 -0.74829334E-29
  0.62657219E+13  0.77874936E-30 -0.74763168E-29
  0.63135518E+13  0.10445413E-29 -0.75401821E-29
  0.63613818E+13  0.12707136E-29 -0.75555303E-29
  0.64092117E+13  0.15471481E-29 -0.75870150E-29
  0.64570416E+13  0.17742497E-29 -0.75490584E-29
  0.65048716E+13  0.19788821E-29 -0.75920295E-29
  0.65527015E+13  0.22854173E-29 -0.75775778E-29
  0.66005314E+13  0.25007161E-29 -0.74905590E-29
  0.66483614E+13  0.26579119E-29 -0.74954884E-29
  0.66961913E+13  0.29223605E-29 -0.74937502E-29
  0.67440213E+13  0.31492495E-29 -0.74499800E-29
  0.67918512E+13  0.33793453E-29 -0.74076076E-29
  0.68396811E+13  0.36043814E-29 -0.73256606E-29
  0.68875111E+13  0.37686508E-29 -0.72701095E-29
  0.69353410E+13  0.39826011E-29 -0.72617770E-29
  0.69831709E+13  0.42376274E-29 -0.71785522E-29
  0.70310009E+13  0.44133904E-29 -0.70734455E-29
  0.70788308E+13  0.45867485E-29 -0.70352189E-29
  0.71266608E+13  0.48056548E-29 -0.69588658E-29
  0.71744907E+13  0.49939871E-29 -0.68716389E-29
  0.72223206E+13  0.51838495E-29 -0.68012396E-29
  0.72701506E+13  0.53896788E-29 -0.66953498E-29
  0.73179805E+13  0.55378585E-29 -0.65872893E-29
  0.73658105E+13  0.57034643E-29 -0.65334889E-29
  0.74136404E+13  0.59105279E-29 -0.64483045E-29
  0.74614703E+13  0.60976940E-29 -0.63270040E-29
  0.75093003E+13  0.62524093E-29 -0.62178150E-29
  0.75571302E+13  0.64047541E-29 -0.61177939E-29
  0.76049601E+13  0.65589018E-29 -0.60267506E-29
  0.76527901E+13  0.67272838E-29 -0.59465314E-29
  0.77006200E+13  0.69188886E-29 -0.58349278E-29
  0.77484500E+13  0.70639701E-29 -0.56961056E-29
  0.77962799E+13  0.71716228E-29 -0.55924515E-29
  0.78441098E+13  0.73194031E-29 -0.55419463E-29
  0.78919398E+13  0.75092012E-29 -0.54417849E-29
  0.79397697E+13  0.76526156E-29 -0.53056955E-29
  0.79875996E+13  0.77576502E-29 -0.52084616E-29
  0.80354296E+13  0.78717170E-29 -0.51606400E-29
  0.80832595E+13  0.80448309E-29 -0.51126210E-29
  0.81310895E+13  0.82012187E-29 -0.50355966E-29
  0.81789194E+13  0.83499836E-29 -0.49830582E-29
  0.82267493E+13  0.85129111E-29 -0.49758417E-29
  0.82745793E+13  0.87548723E-29 -0.49592906E-29
  0.83224092E+13  0.90030223E-29 -0.48952340E-29
  0.83702391E+13  0.92239226E-29 -0.48132291E-29
  0.84180691E+13  0.94853340E-29 -0.48121688E-29
  0.84658990E+13  0.98016497E-29 -0.47297387E-29
  0.85137290E+13  0.10095186E-28 -0.46057467E-29
  0.85615589E+13  0.10407622E-28 -0.45063746E-29
  0.86093888E+13  0.10829672E-28 -0.43869300E-29
  0.86572188E+13  0.11203745E-28 -0.41783881E-29
  0.87050487E+13  0.11536675E-28 -0.38792522E-29
  0.87528787E+13  0.11819370E-28 -0.36715879E-29
  0.88007086E+13  0.12104162E-28 -0.34076939E-29
  0.88485385E+13  0.12508754E-28 -0.31119616E-29
  0.88963685E+13  0.12697854E-28 -0.27681814E-29
  0.89441984E+13  0.12945068E-28 -0.25501996E-29
  0.89920283E+13  0.13275196E-28 -0.22956201E-29
  0.90398583E+13  0.13553604E-28 -0.19606758E-29
  0.90876882E+13  0.13783412E-28 -0.17350148E-29
  0.91355182E+13  0.14221990E-28 -0.14470989E-29
  0.91833481E+13  0.14556896E-28 -0.10845521E-29
  0.92311780E+13  0.14777953E-28 -0.74040011E-30
  0.92790080E+13  0.15304529E-28 -0.53425248E-30
  0.93268379E+13  0.15845112E-28 -0.15253698E-30
  0.93746678E+13  0.16489849E-28  0.84323849E-30
  0.94224978E+13  0.16478953E-28  0.13747261E-29
  0.94703277E+13  0.16703819E-28  0.20772797E-29
  0.95181577E+13  0.16859689E-28  0.24358060E-29
  0.95659876E+13  0.17274827E-28  0.29762035E-29
  0.96138175E+13  0.17443380E-28  0.35971323E-29
  0.96616475E+13  0.17806021E-28  0.41281358E-29
  0.97094774E+13  0.18070437E-28  0.47880775E-29
  0.97573074E+13  0.18408618E-28  0.53461208E-29
  0.98051373E+13  0.18764321E-28  0.61259372E-29
  0.98529672E+13  0.19283285E-28  0.68263143E-29
  0.99007972E+13  0.19614566E-28  0.76631494E-29
  0.99486271E+13  0.20130075E-28  0.86796194E-29
  0.99964570E+13  0.20655582E-28  0.96275723E-29
  0.10044287E+14  0.21148878E-28  0.10782091E-28
  0.10092117E+14  0.21763070E-28  0.12080803E-28
  0.10139947E+14  0.22546760E-28  0.13581236E-28
  0.10187777E+14  0.23375983E-28  0.15582339E-28
  0.10235607E+14  0.24186032E-28  0.17755996E-28
  0.10283437E+14  0.25148683E-28  0.20902151E-28
  0.10331267E+14  0.26097247E-28  0.25293802E-28
  0.10379097E+14  0.26445183E-28  0.31771682E-28
  0.10426926E+14  0.21802272E-28  0.46904983E-28
  0.10474756E+14  0.29479987E-29  0.42372839E-28
  0.10522586E+14 -0.28827583E-29  0.35905141E-28
  0.10570416E+14 -0.32037954E-29  0.30919544E-28
  0.10618246E+14 -0.35562908E-29  0.28526957E-28
  0.10666076E+14 -0.39300259E-29  0.26864600E-28
  0.10713906E+14 -0.42646331E-29  0.25729305E-28
  0.10761736E+14 -0.47052488E-29  0.24895760E-28
  0.10809566E+14 -0.51767969E-29  0.24270265E-28
  0.10857396E+14 -0.57054308E-29  0.23701940E-28
  0.10905226E+14 -0.61980326E-29  0.23341748E-28
  0.10953056E+14 -0.68210604E-29  0.23047386E-28
  0.11000886E+14 -0.75008143E-29  0.22862071E-28
  0.11048716E+14 -0.82790428E-29  0.22639126E-28
  0.11096546E+14 -0.90804247E-29  0.22544582E-28
  0.11144376E+14 -0.10036232E-28  0.22497008E-28
  0.11192205E+14 -0.11200679E-28  0.22476305E-28
  0.11240035E+14 -0.12623388E-28  0.22432294E-28
  0.11287865E+14 -0.14541447E-28  0.22554903E-28
  0.11335695E+14 -0.17530284E-28  0.20949816E-28
  0.11383525E+14 -0.18810869E-28  0.18646547E-28
  0.11431355E+14 -0.19474889E-28  0.16605008E-28
  0.11479185E+14 -0.19862811E-28  0.14899329E-28
  0.11527015E+14 -0.20116763E-28  0.13295865E-28
  0.11574845E+14 -0.20226134E-28  0.11788391E-28
  0.11622675E+14 -0.20210007E-28  0.10490430E-28
  0.11670505E+14 -0.20259764E-28  0.92889812E-29
  0.11718335E+14 -0.20186243E-28  0.80841874E-29
  0.11766165E+14 -0.20060953E-28  0.70179512E-29
  0.11813995E+14 -0.19976814E-28  0.60294974E-29
  0.11861825E+14 -0.19906211E-28  0.50426663E-29
  0.11909655E+14 -0.19782778E-28  0.41613982E-29
  0.11957484E+14 -0.19792388E-28  0.32808256E-29
  0.12005314E+14 -0.19796311E-28  0.24488379E-29
  0.12053144E+14 -0.20172595E-28  0.16179957E-29
  0.12100974E+14 -0.20463062E-28 -0.99248560E-31
  0.12148804E+14 -0.19840354E-28 -0.17607308E-29
  0.12196634E+14 -0.19235104E-28 -0.28893135E-29
  0.12244464E+14 -0.18630137E-28 -0.39575531E-29
  0.12292294E+14 -0.18083921E-28 -0.50098859E-29
  0.12340124E+14 -0.17404908E-28 -0.60510270E-29
  0.12387954E+14 -0.16768707E-28 -0.71243539E-29
  0.12435784E+14 -0.15953894E-28 -0.81497865E-29
  0.12483614E+14 -0.15031404E-28 -0.92660268E-29
  0.12531444E+14 -0.14042904E-28 -0.10335470E-28
  0.12579274E+14 -0.12702904E-28 -0.11520829E-28
  0.12627104E+14 -0.10291183E-28 -0.12495458E-28
  0.12674934E+14 -0.83072202E-29 -0.12079843E-28
  0.12722764E+14 -0.69657015E-29 -0.11462900E-28
  0.12770593E+14 -0.59229831E-29 -0.10913045E-28
  0.12818423E+14 -0.50521219E-29 -0.10437398E-28
  0.12866253E+14 -0.43115377E-29 -0.99672440E-29
  0.12914083E+14 -0.36304347E-29 -0.95316053E-29
  0.12961913E+14 -0.30397565E-29 -0.91127686E-29
  0.13009743E+14 -0.24983642E-29 -0.86919960E-29
  0.13057573E+14 -0.19776844E-29 -0.82809000E-29
  0.13105403E+14 -0.15099173E-29 -0.78693291E-29
  0.13153233E+14 -0.10695604E-29 -0.74432586E-29
  0.13201063E+14 -0.66387002E-30 -0.70009301E-29
  0.13248893E+14 -0.29057472E-30 -0.65063125E-29
  0.13296723E+14  0.00000000E+00 -0.58617953E-29
  0.13344553E+14  0.00000000E+00 -0.53282697E-29
  0.13392383E+14  0.00000000E+00 -0.49392528E-29
  0.13440213E+14  0.00000000E+00 -0.46147206E-29
  0.13488043E+14  0.00000000E+00 -0.43344566E-29
  0.13535872E+14  0.00000000E+00 -0.40876781E-29
  0.13583702E+14  0.00000000E+00 -0.38675665E-29
  0.13631532E+14  0.00000000E+00 -0.36693894E-29
  0.13679362E+14  0.00000000E+00 -0.34896627E-29
  0.13727192E+14  0.00000000E+00 -0.33257149E-29
  0.13775022E+14  0.00000000E+00 -0.31754360E-29
  0.13822852E+14  0.00000000E+00 -0.30371209E-29
  0.13870682E+14  0.00000000E+00 -0.29093670E-29
  0.13918512E+14  0.00000000E+00 -0.27910035E-29
  0.13966342E+14  0.00000000E+00 -0.26810412E-29
  0.14014172E+14  0.00000000E+00 -0.25786358E-29
  0.14062002E+14  0.00000000E+00 -0.24830604E-29
  0.14109832E+14  0.00000000E+00 -0.23936843E-29
  0.14157662E+14  0.00000000E+00 -0.23099566E-29
  0.14205492E+14  0.00000000E+00 -0.22313935E-29
  0.14253322E+14  0.00000000E+00 -0.21575677E-29
  0.14301151E+14  0.00000000E+00 -0.20880998E-29
  0.14348981E+14  0.00000000E+00 -0.20226522E-29
  0.14396811E+14  0.00000000E+00 -0.19609225E-29
  0.14444641E+14  0.00000000E+00 -0.19026395E-29
  0.14492471E+14  0.00000000E+00 -0.18475589E-29
  0.14540301E+14  0.00000000E+00 -0.17954599E-29
  0.14588131E+14  0.00000000E+00 -0.17461429E-29
  0.14635961E+14  0.00000000E+00 -0.16994263E-29
  0.14683791E+14  0.00000000E+00 -0.16551452E-29
  0.14731621E+14  0.00000000E+00 -0.16131490E-29
  0.14779451E+14  0.00000000E+00 -0.15733001E-29
  0.14827281E+14  0.00000000E+00 -0.15354729E-29
  0.14875111E+14  0.00000000E+00 -0.14995519E-29
  0.14922941E+14  0.00000000E+00 -0.14654312E-29
  0.14970771E+14  0.00000000E+00 -0.14330136E-29
  0.15018601E+14  0.00000000E+00 -0.14022096E-29
  0.15066430E+14  0.00000000E+00 -0.13729366E-29
  0.15114260E+14  0.00000000E+00 -0.13451187E-29
  0.15162090E+14  0.00000000E+00 -0.13186857E-29
  0.15209920E+14  0.00000000E+00 -0.12935729E-29
  0.15257750E+14  0.00000000E+00 -0.12697206E-29
  0.15305580E+14  0.00000000E+00 -0.12470736E-29
  0.15353410E+14  0.00000000E+00 -0.12255810E-29
  0.15401240E+14  0.00000000E+00 -0.12051958E-29
  0.15449070E+14  0.00000000E+00 -0.11858746E-29
  0.15496900E+14  0.00000000E+00 -0.11675775E-29
  0.15544730E+14  0.00000000E+00 -0.11502676E-29
  0.15592560E+14  0.00000000E+00 -0.11339113E-29
  0.15640390E+14  0.00000000E+00 -0.11184774E-29
  0.15688220E+14  0.00000000E+00 -0.11039377E-29
  0.15736050E+14  0.00000000E+00 -0.10902664E-29
  0.15783880E+14  0.00000000E+00 -0.10774399E-29
  0.15831709E+14  0.00000000E+00 -0.10654372E-29
  0.15879539E+14  0.00000000E+00 -0.10542393E-29
  0.15927369E+14  0.00000000E+00 -0.10438293E-29
  0.15975199E+14  0.00000000E+00 -0.10341926E-29
  0.16023029E+14  0.00000000E+00 -0.10253163E-29
  0.16070859E+14  0.00000000E+00 -0.10171895E-29
  0.16118689E+14  0.00000000E+00 -0.10098036E-29
  0.16166519E+14  0.00000000E+00 -0.10031514E-29
  0.16214349E+14  0.00000000E+00 -0.99722801E-30
  0.16262179E+14  0.00000000E+00 -0.99203028E-30
  0.16310009E+14  0.00000000E+00 -0.98755707E-30
  0.16357839E+14  0.00000000E+00 -0.98380922E-30
  0.16405669E+14  0.00000000E+00 -0.98078958E-30
  0.16453499E+14  0.00000000E+00 -0.97850311E-30
  0.16501329E+14  0.00000000E+00 -0.97695696E-30
  0.16549159E+14  0.00000000E+00 -0.97616052E-30
  0.16596988E+14  0.00000000E+00 -0.97612559E-30
  0.16644818E+14  0.00000000E+00 -0.97686647E-30
  0.16692648E+14  0.00000000E+00 -0.97840018E-30
  0.16740478E+14  0.00000000E+00 -0.98074659E-30
  0.16788308E+14  0.00000000E+00 -0.98392864E-30
  0.16836138E+14  0.00000000E+00 -0.98797266E-30
  0.16883968E+14  0.00000000E+00 -0.99290857E-30
  0.16931798E+14  0.00000000E+00 -0.99877028E-30
  0.16979628E+14  0.00000000E+00 -0.10055961E-29
  0.17027458E+14  0.00000000E+00 -0.10134291E-29
  0.17075288E+14  0.00000000E+00 -0.10223177E-29
  0.17123118E+14  0.00000000E+00 -0.10323164E-29
  0.17170948E+14  0.00000000E+00 -0.10434863E-29
  0.17218778E+14  0.00000000E+00 -0.10558962E-29
  0.17266608E+14  0.00000000E+00 -0.10696232E-29
  0.17314438E+14  0.00000000E+00 -0.10847544E-29
  0.17362267E+14  0.00000000E+00 -0.11013882E-29
  0.17410097E+14  0.00000000E+00 -0.11196359E-29
  0.17457927E+14  0.00000000E+00 -0.11396239E-29
  0.17505757E+14  0.00000000E+00 -0.11614965E-29
  0.17553587E+14  0.00000000E+00 -0.11854190E-29
  0.17601417E+14  0.00000000E+00 -0.12115820E-29
  0.17649247E+14  0.00000000E+00 -0.12402065E-29
  0.17697077E+14  0.00000000E+00 -0.12715495E-29
  0.17744907E+14  0.00000000E+00 -0.13059074E-29
  0.17792737E+14 -0.25263312E-34 -0.13435589E-29
  0.17840567E+14 -0.48240145E-33 -0.13850879E-29
  0.17888397E+14 -0.11813696E-32 -0.14317438E-29
  0.17936227E+14 -0.13996710E-32 -0.14844527E-29
  0.17984057E+14 -0.37878121E-33 -0.15440030E-29
  0.18031887E+14  0.25477078E-32 -0.16115425E-29
  0.18079717E+14  0.91123212E-32 -0.16878452E-29
  0.18127547E+14  0.21500483E-31 -0.17745532E-29
  0.18175376E+14  0.41468635E-31 -0.18718808E-29
  0.18223206E+14  0.73680277E-31 -0.19849016E-29
  0.18271036E+14  0.13812499E-30 -0.21165409E-29
  0.18318866E+14  0.32724410E-30 -0.22128740E-29
  0.18366696E+14  0.35917413E-30 -0.20792915E-29
  0.18414526E+14  0.24167655E-30 -0.21054418E-29
  0.18462356E+14  0.14822230E-30 -0.22428070E-29
  0.18510186E+14  0.71320859E-31 -0.24934476E-29
  0.18558016E+14  0.86138527E-31 -0.27317057E-29
  0.18605846E+14  0.14018774E-30 -0.31433432E-29
  0.18653676E+14  0.17331923E-30 -0.34637419E-29
  0.18701506E+14  0.33591748E-30 -0.39044956E-29
  0.18749336E+14  0.48376720E-30 -0.44845909E-29
  0.18797166E+14  0.98583263E-30 -0.49867571E-29
  0.18844996E+14  0.15043678E-29 -0.55722841E-29
  0.18892826E+14  0.28905574E-29 -0.64067291E-29
  0.18940655E+14  0.42711616E-29 -0.59798526E-29
  0.18988485E+14  0.50787728E-29 -0.57814501E-29
  0.19036315E+14  0.63309818E-29 -0.48906503E-29
  0.19084145E+14  0.71492312E-29 -0.43293609E-29
  0.19131975E+14  0.75556142E-29 -0.34573041E-29
  0.19179805E+14  0.76873541E-29 -0.25531896E-29
  0.19227635E+14  0.78016797E-29 -0.18296973E-29
  0.19275465E+14  0.80322646E-29 -0.98847800E-30
  0.19323295E+14  0.81245202E-29 -0.24750964E-30
  0.19371125E+14  0.83612182E-29  0.54871732E-30
  0.19418955E+14  0.85519951E-29  0.13575005E-29
  0.19466785E+14  0.83761187E-29  0.22836778E-29
  0.19514615E+14  0.80646322E-29  0.29905552E-29
  0.19562445E+14  0.77713101E-29  0.34775026E-29
  0.19610275E+14  0.73605667E-29  0.42666256E-29
  0.19658105E+14  0.65266288E-29  0.48438037E-29
  0.19705934E+14  0.64191610E-29  0.53668532E-29
  0.19753764E+14  0.60304374E-29  0.59357978E-29
  0.19801594E+14  0.53474694E-29  0.61588809E-29
  0.19849424E+14  0.47425282E-29  0.66993459E-29
  0.19897254E+14  0.42057647E-29  0.69198101E-29
  0.19945084E+14  0.35821643E-29  0.72839959E-29
  0.19992914E+14  0.29508270E-29  0.74420397E-29
  0.20040744E+14  0.22228722E-29  0.76900774E-29
  0.20088574E+14  0.15838815E-29  0.77496123E-29
  0.20136404E+14  0.59532301E-30  0.77736247E-29
  0.20184234E+14 -0.69602363E-31  0.76168716E-29
  0.20232064E+14 -0.56552100E-30  0.73753296E-29
  0.20279894E+14 -0.13738296E-29  0.69166810E-29
  0.20327724E+14 -0.20501431E-29  0.66538808E-29
  0.20375554E+14 -0.21453555E-29  0.62014714E-29
  0.20423384E+14 -0.29816554E-29  0.55365749E-29
  0.20471213E+14 -0.33675638E-29  0.53602097E-29
  0.20519043E+14 -0.36184383E-29  0.45358122E-29
  0.20566873E+14 -0.34189553E-29  0.40664798E-29
  0.20614703E+14 -0.34677995E-29  0.33633783E-29
  0.20662533E+14 -0.38245956E-29  0.26655960E-29
  0.20710363E+14 -0.27983263E-29  0.29169249E-29
  0.20758193E+14 -0.44189440E-29  0.30890600E-29
  0.20806023E+14 -0.61220499E-29  0.19476505E-29
  0.20853853E+14 -0.28781298E-29 -0.41158243E-29
  0.20901683E+14  0.25542770E-29 -0.19613161E-29
  0.20949513E+14  0.45296273E-29  0.75571716E-29
  0.20997343E+14 -0.98733162E-29  0.59627922E-29
  0.21045173E+14 -0.52510756E-29 -0.13736752E-29
  0.21093003E+14 -0.26980071E-29 -0.18896991E-29
  0.21140833E+14 -0.11029140E-29 -0.19075180E-29
  0.21188663E+14  0.36246961E-30 -0.15611934E-29
  0.21236492E+14  0.17705646E-29 -0.62101365E-30
  0.21284322E+14  0.25684981E-29  0.95078409E-30
  0.21332152E+14  0.27230266E-29  0.25519945E-29
  0.21379982E+14  0.23586456E-29  0.43986796E-29
  0.21427812E+14  0.11496170E-29  0.63420818E-29
  0.21475642E+14 -0.28187107E-29  0.71286954E-29
  0.21523472E+14 -0.35254818E-29  0.47141084E-29
  0.21571302E+14 -0.45985917E-29  0.53857200E-29
  0.21619132E+14 -0.76516070E-29  0.14810480E-29
  0.21666962E+14 -0.41551094E-29 -0.46737041E-30
  0.21714792E+14 -0.29118190E-29 -0.21241398E-30
  0.21762622E+14 -0.23101673E-29  0.69528152E-31
  0.21810452E+14 -0.20018751E-29  0.34634346E-30
  0.21858282E+14 -0.17975570E-29  0.56614818E-30
  0.21906112E+14 -0.17464142E-29  0.76734101E-30
  0.21953942E+14 -0.17473792E-29  0.89012863E-30
  0.22001771E+14 -0.17659717E-29  0.98471351E-30
  0.22049601E+14 -0.18504252E-29  0.10452366E-29
  0.22097431E+14 -0.19332550E-29  0.10723534E-29
  0.22145261E+14 -0.20317131E-29  0.10691489E-29
  0.22193091E+14 -0.20817747E-29  0.10417856E-29
  0.22240921E+14 -0.21255539E-29  0.10246700E-29
  0.22288751E+14 -0.21969634E-29  0.95471849E-30
  0.22336581E+14 -0.22638434E-29  0.90409137E-30
  0.22384411E+14 -0.23276334E-29  0.84470585E-30
  0.22432241E+14 -0.23435790E-29  0.77646598E-30
  0.22480071E+14 -0.23923568E-29  0.69296745E-30
  0.22527901E+14 -0.24652166E-29  0.61632837E-30
  0.22575731E+14 -0.24727906E-29  0.53687202E-30
  0.22623561E+14 -0.24974013E-29  0.44313535E-30
  0.22671391E+14 -0.25237382E-29  0.36529289E-30
  0.22719221E+14 -0.25186178E-29  0.27613222E-30
  0.22767050E+14 -0.25352390E-29  0.19428334E-30
  0.22814880E+14 -0.25523542E-29  0.10180912E-30
  0.22862710E+14 -0.25583307E-29  0.16194630E-31
  0.22910540E+14 -0.25464279E-29 -0.69693582E-31
  0.22958370E+14 -0.25346087E-29 -0.15675112E-30
  0.23006200E+14 -0.25344081E-29 -0.24743218E-30
  0.23054030E+14 -0.25254528E-29 -0.32647751E-30
  0.23101860E+14 -0.25012333E-29 -0.41212281E-30
  0.23149690E+14 -0.24862288E-29 -0.49125601E-30
  0.23197520E+14 -0.24563615E-29 -0.58409481E-30
  0.23245350E+14 -0.24473056E-29 -0.65659461E-30
  0.23293180E+14 -0.24152222E-29 -0.74363002E-30
  0.23341010E+14 -0.23873958E-29 -0.80881677E-30
  0.23388840E+14 -0.23434802E-29 -0.90296201E-30
  0.23436670E+14 -0.23173221E-29 -0.96624943E-30
  0.23484500E+14 -0.22928207E-29 -0.10585924E-29
  0.23532329E+14 -0.22420195E-29 -0.11172833E-29
  0.23580159E+14 -0.22060239E-29 -0.11999366E-29
  0.23627989E+14 -0.21366526E-29 -0.12649456E-29
  0.23675819E+14 -0.21148894E-29 -0.13376789E-29
  0.23723649E+14 -0.20665412E-29 -0.14124157E-29
  0.23771479E+14 -0.20307370E-29 -0.14712613E-29
  0.23819309E+14 -0.19730120E-29 -0.15503855E-29
  0.23867139E+14 -0.19159232E-29 -0.16051142E-29
  0.23914969E+14 -0.18628567E-29 -0.16867861E-29
  0.23962799E+14 -0.17867210E-29 -0.17395704E-29
  0.24010629E+14 -0.17454858E-29 -0.18081357E-29
  0.24058459E+14 -0.16669955E-29 -0.18718865E-29
  0.24106289E+14 -0.16229212E-29 -0.19273548E-29
  0.24154119E+14 -0.15468766E-29 -0.20023763E-29
  0.24201949E+14 -0.14886033E-29 -0.20466512E-29
  0.24249779E+14 -0.14267835E-29 -0.21279139E-29
  0.24297609E+14 -0.13592278E-29 -0.21786117E-29
  0.24345438E+14 -0.13118331E-29 -0.22626861E-29
  0.24393268E+14 -0.12173251E-29 -0.23126253E-29
  0.24441098E+14 -0.11206606E-29 -0.23837588E-29
  0.24488928E+14 -0.10616751E-29 -0.24598568E-29
  0.24536758E+14 -0.97865560E-30 -0.25277586E-29
  0.24584588E+14 -0.90598716E-30 -0.26432367E-29
  0.24632418E+14 -0.77818160E-30 -0.27345220E-29
  0.24680248E+14 -0.68741835E-30 -0.28652351E-29
  0.24728078E+14 -0.53330109E-30 -0.30224855E-29
  0.24775908E+14 -0.30857408E-30 -0.32978428E-29
  0.24823738E+14  0.22669214E-30 -0.33050290E-29
  0.24871568E+14  0.57590724E-30 -0.31403999E-29
  0.24919398E+14  0.82041020E-30 -0.29417962E-29
  0.24967228E+14  0.97498342E-30 -0.27921518E-29
  0.25015058E+14  0.11251489E-29 -0.26177318E-29
  0.25062888E+14  0.12347019E-29 -0.24771437E-29
  0.25110717E+14  0.13736519E-29 -0.23123833E-29
  0.25158547E+14  0.14354345E-29 -0.21649148E-29
  0.25206377E+14  0.15232867E-29 -0.20101386E-29
  0.25254207E+14  0.16047054E-29 -0.18741275E-29
  0.25302037E+14  0.16051626E-29 -0.17446189E-29
  0.25349867E+14  0.17229111E-29 -0.15916802E-29
  0.25397697E+14  0.17389117E-29 -0.14756281E-29
  0.25445527E+14  0.18021174E-29 -0.12930632E-29
  0.25493357E+14  0.18014489E-29 -0.12363127E-29
  0.25541187E+14  0.18191586E-29 -0.10369782E-29
  0.25589017E+14  0.18705445E-29 -0.93677395E-30
  0.25636847E+14  0.17507153E-29 -0.80601262E-30
  0.25684677E+14  0.18366774E-29 -0.65999123E-30
  0.25732507E+14  0.18697091E-29 -0.60040309E-30
  0.25780337E+14  0.17787282E-29 -0.45463196E-30
  0.25828167E+14  0.17553036E-29 -0.32480715E-30
  0.25875996E+14  0.17398184E-29 -0.24132516E-30
  0.25923826E+14  0.16918772E-29 -0.91245510E-31
  0.25971656E+14  0.17637759E-29  0.39571479E-32
  0.26019486E+14  0.15593111E-29  0.40224070E-31
  0.26067316E+14  0.15203687E-29  0.22577529E-30
  0.26115146E+14  0.16232886E-29  0.33127090E-30
  0.26162976E+14  0.15632616E-29  0.36617531E-30
  0.26210806E+14  0.11191001E-29  0.48200230E-30
  0.26258636E+14  0.12976286E-29  0.58876931E-30
  0.26306466E+14  0.12892720E-29  0.60749807E-30
  0.26354296E+14  0.12122578E-29  0.66352023E-30
  0.26402126E+14  0.10252683E-29  0.77126765E-30
  0.26449956E+14  0.89797560E-30  0.81123469E-30
  0.26497786E+14  0.81873675E-30  0.86644963E-30
  0.26545616E+14  0.69931470E-30  0.91220018E-30
  0.26593446E+14  0.58289753E-30  0.93880567E-30
  0.26641275E+14  0.46766520E-30  0.96101130E-30
  0.26689105E+14  0.32281689E-30  0.97084785E-30
  0.26736935E+14  0.19172871E-30  0.97729650E-30
  0.26784765E+14  0.42390753E-31  0.90738902E-30
  0.26832595E+14 -0.94469987E-31  0.88296557E-30
  0.26880425E+14 -0.25871885E-30  0.76311696E-30
  0.26928255E+14 -0.45635874E-30  0.56524787E-30
  0.26976085E+14 -0.56515135E-30  0.18928035E-30
  0.27023915E+14  0.00000000E+00  0.45949213E-31
  0.27071745E+14  0.00000000E+00  0.15460947E-30
  0.27119575E+14  0.00000000E+00  0.17513775E-30
  0.27167405E+14  0.00000000E+00  0.17653062E-30
  0.27215235E+14  0.00000000E+00  0.17122863E-30
  0.27263065E+14  0.00000000E+00  0.16329739E-30
  0.27310895E+14  0.00000000E+00  0.15439954E-30
  0.27358725E+14  0.00000000E+00  0.14529675E-30
  0.27406554E+14  0.00000000E+00  0.13635747E-30
  0.27454384E+14  0.00000000E+00  0.12776119E-30
  0.27502214E+14  0.00000000E+00  0.11959070E-30
  0.27550044E+14  0.00000000E+00  0.11187736E-30
  0.27597874E+14  0.00000000E+00  0.10462458E-30
  0.27645704E+14  0.00000000E+00  0.97820655E-31
  0.27693534E+14  0.00000000E+00  0.91445939E-31
  0.27741364E+14  0.00000000E+00  0.85476971E-31
  0.27789194E+14  0.00000000E+00  0.79888854E-31
  0.27837024E+14  0.00000000E+00  0.74656637E-31
  0.27884854E+14  0.00000000E+00  0.69756092E-31
  0.27932684E+14  0.00000000E+00  0.65164146E-31
  0.27980514E+14  0.00000000E+00  0.60859086E-31
  0.28028344E+14  0.00000000E+00  0.56820643E-31
  0.28076174E+14  0.00000000E+00  0.53029987E-31
  0.28124004E+14  0.00000000E+00  0.49469687E-31
  0.28171833E+14  0.00000000E+00  0.46123637E-31
  0.28219663E+14  0.00000000E+00  0.42976978E-31
  0.28267493E+14  0.00000000E+00  0.40016007E-31
  0.28315323E+14  0.00000000E+00  0.37228090E-31
  0.28363153E+14  0.00000000E+00  0.34601578E-31
  0.28410983E+14  0.00000000E+00  0.32125726E-31
  0.28458813E+14  0.00000000E+00  0.29790616E-31
  0.28506643E+14  0.00000000E+00  0.27587090E-31
  0.28554473E+14  0.00000000E+00  0.25506687E-31
  0.28602303E+14  0.00000000E+00  0.23541577E-31
  0.28650133E+14  0.00000000E+00  0.21684515E-31
  0.28697963E+14  0.00000000E+00  0.19928790E-31
  0.28745793E+14  0.00000000E+00  0.18268176E-31
  0.28793623E+14  0.00000000E+00  0.16696897E-31
  0.28841453E+14  0.00000000E+00  0.15209588E-31
  0.28889283E+14  0.00000000E+00  0.13801260E-31
  0.28937112E+14  0.00000000E+00  0.12467272E-31
  0.28984942E+14  0.00000000E+00  0.11203300E-31
  0.29032772E+14  0.00000000E+00  0.10005315E-31
  0.29080602E+14  0.00000000E+00  0.88695584E-32
  0.29128432E+14  0.00000000E+00  0.77925210E-32
  0.29176262E+14  0.00000000E+00  0.67709237E-32
  0.29224092E+14  0.00000000E+00  0.58017003E-32
  0.29271922E+14  0.00000000E+00  0.48819815E-32
  0.29319752E+14  0.00000000E+00  0.40090803E-32
  0.29367582E+14  0.00000000E+00  0.31804782E-32
  0.29415412E+14  0.00000000E+00  0.23938134E-32
  0.29463242E+14  0.00000000E+00  0.16468693E-32
  0.29511072E+14  0.00000000E+00  0.93756421E-33
  0.29558902E+14  0.00000000E+00  0.26394191E-33
  0.29606732E+14  0.00000000E+00 -0.37583721E-33
  0.29654562E+14  0.00000000E+00 -0.98350413E-33
  0.29702391E+14  0.00000000E+00 -0.15606886E-32
  0.29750221E+14  0.00000000E+00 -0.21089259E-32
  0.29798051E+14  0.00000000E+00 -0.26296634E-32
  0.29845881E+14  0.00000000E+00 -0.31242661E-32
  0.29893711E+14  0.00000000E+00 -0.35940221E-32
  0.29941541E+14  0.00000000E+00 -0.40401478E-32
  0.29989371E+14  0.00000000E+00 -0.44637920E-32
  0.30037201E+14  0.00000000E+00 -0.48660409E-32
  0.30085031E+14  0.00000000E+00 -0.52479215E-32
  0.30132861E+14  0.00000000E+00 -0.56104053E-32
  0.30180691E+14  0.00000000E+00 -0.59544120E-32
  0.30228521E+14  0.00000000E+00 -0.62808128E-32
  0.30276351E+14  0.00000000E+00 -0.65904328E-32
  0.30324181E+14  0.00000000E+00 -0.68840540E-32
  0.30372011E+14  0.00000000E+00 -0.71624184E-32
  0.30419841E+14  0.00000000E+00 -0.74262294E-32
  0.30467671E+14  0.00000000E+00 -0.76761548E-32
  0.30515500E+14  0.00000000E+00 -0.79128287E-32
  0.30563330E+14  0.00000000E+00 -0.81368532E-32
  0.30611160E+14  0.00000000E+00 -0.83488005E-32
  0.30658990E+14  0.00000000E+00 -0.85492145E-32
  0.30706820E+14  0.00000000E+00 -0.87386124E-32
  0.30754650E+14  0.00000000E+00 -0.89174860E-32
  0.30802480E+14  0.00000000E+00 -0.90863036E-32
  0.30850310E+14  0.00000000E+00 -0.92455106E-32
  0.30898140E+14  0.00000000E+00 -0.93955313E-32
  0.30945970E+14  0.00000000E+00 -0.95367698E-32
  0.30993800E+14  0.00000000E+00 -0.96696113E-32
  0.31041630E+14  0.00000000E+00 -0.97944226E-32
  0.31089460E+14  0.00000000E+00 -0.99115538E-32
  0.31137290E+14  0.00000000E+00 -0.10021338E-31
  0.31185120E+14  0.00000000E+00 -0.10124095E-31
  0.31232950E+14  0.00000000E+00 -0.10220127E-31
  0.31280779E+14  0.00000000E+00 -0.10309724E-31
  0.31328609E+14  0.00000000E+00 -0.10393163E-31
  0.31376439E+14  0.00000000E+00 -0.10470710E-31
  0.31424269E+14  0.00000000E+00 -0.10542615E-31
  0.31472099E+14  0.00000000E+00 -0.10609120E-31
  0.31519929E+14  0.00000000E+00 -0.10670457E-31
  0.31567759E+14  0.00000000E+00 -0.10726845E-31
  0.31615589E+14  0.00000000E+00 -0.10778496E-31
  0.31663419E+14  0.00000000E+00 -0.10825610E-31
  0.31711249E+14  0.00000000E+00 -0.10868381E-31
  0.31759079E+14  0.00000000E+00 -0.10906993E-31
  0.31806909E+14  0.00000000E+00 -0.10941623E-31
  0.31854739E+14  0.00000000E+00 -0.10972440E-31
  0.31902569E+14  0.00000000E+00 -0.10999605E-31
  0.31950399E+14  0.00000000E+00 -0.11023274E-31
  0.31998229E+14  0.00000000E+00 -0.11043596E-31
  0.32046058E+14  0.00000000E+00 -0.11060712E-31
  0.32093888E+14  0.00000000E+00 -0.11074759E-31
  0.32141718E+14  0.00000000E+00 -0.11085866E-31
  0.32189548E+14  0.00000000E+00 -0.11094161E-31
  0.32237378E+14  0.00000000E+00 -0.11099762E-31
  0.32285208E+14  0.00000000E+00 -0.11102784E-31
  0.32333038E+14  0.00000000E+00 -0.11103339E-31
  0.32380868E+14  0.00000000E+00 -0.11101531E-31
  0.32428698E+14  0.00000000E+00 -0.11097463E-31
  0.32476528E+14  0.00000000E+00 -0.11091231E-31
  0.32524358E+14  0.00000000E+00 -0.11082930E-31
  0.32572188E+14  0.00000000E+00 -0.11072648E-31
  0.32620018E+14  0.00000000E+00 -0.11060473E-31
  0.32667848E+14  0.00000000E+00 -0.11046486E-31
  0.32715678E+14  0.00000000E+00 -0.11030768E-31
  0.32763508E+14  0.00000000E+00 -0.11013394E-31
  0.32811337E+14  0.00000000E+00 -0.10994438E-31
  0.32859167E+14  0.00000000E+00 -0.10973969E-31
  0.32906997E+14  0.00000000E+00 -0.10952056E-31
  0.32954827E+14  0.00000000E+00 -0.10928763E-31
  0.33002657E+14  0.00000000E+00 -0.10904153E-31
  0.33050487E+14  0.00000000E+00 -0.10878285E-31
  0.33098317E+14  0.00000000E+00 -0.10851218E-31
  0.33146147E+14  0.00000000E+00 -0.10823005E-31
  0.33193977E+14  0.00000000E+00 -0.10793702E-31
  0.33241807E+14  0.00000000E+00 -0.10763358E-31
  0.33289637E+14  0.00000000E+00 -0.10732023E-31
  0.33337467E+14  0.00000000E+00 -0.10699744E-31
  0.33385297E+14  0.00000000E+00 -0.10666566E-31
  0.33433127E+14  0.00000000E+00 -0.10632534E-31
  0.33480957E+14  0.00000000E+00 -0.10597688E-31
  0.33528787E+14  0.00000000E+00 -0.10562070E-31
  0.33576616E+14  0.00000000E+00 -0.10525719E-31
  0.33624446E+14  0.00000000E+00 -0.10488671E-31
  0.33672276E+14  0.00000000E+00 -0.10450963E-31
  0.33720106E+14  0.00000000E+00 -0.10412629E-31
  0.33767936E+14  0.00000000E+00 -0.10373702E-31
  0.33815766E+14  0.00000000E+00 -0.10334215E-31
  0.33863596E+14  0.00000000E+00 -0.10294198E-31
  0.33911426E+14  0.00000000E+00 -0.10253680E-31
  0.33959256E+14  0.00000000E+00 -0.10212691E-31
  0.34007086E+14  0.00000000E+00 -0.10171257E-31
  0.34054916E+14  0.00000000E+00 -0.10129406E-31
  0.34102746E+14  0.00000000E+00 -0.10087161E-31
  0.34150576E+14  0.00000000E+00 -0.10044548E-31
  0.34198406E+14  0.00000000E+00 -0.10001591E-31
  0.34246236E+14  0.00000000E+00 -0.99583108E-32
  0.34294066E+14  0.00000000E+00 -0.99147302E-32
  0.34341895E+14  0.00000000E+00 -0.98708699E-32
  0.34389725E+14  0.00000000E+00 -0.98267500E-32
  0.34437555E+14  0.00000000E+00 -0.97823899E-32
  0.34485385E+14  0.00000000E+00 -0.97378081E-32
  0.34533215E+14  0.00000000E+00 -0.96930225E-32
  0.34581045E+14  0.00000000E+00 -0.96480503E-32
  0.34628875E+14  0.00000000E+00 -0.96029082E-32
  0.34676705E+14  0.00000000E+00 -0.95576120E-32
  0.34724535E+14  0.00000000E+00 -0.95121770E-32
  0.34772365E+14  0.00000000E+00 -0.94666181E-32
  0.34820195E+14  0.00000000E+00 -0.94209493E-32
  0.34868025E+14  0.00000000E+00 -0.93751843E-32
  0.34915855E+14  0.00000000E+00 -0.93293361E-32
  0.34963685E+14  0.00000000E+00 -0.92834174E-32
  0.35011515E+14  0.00000000E+00 -0.92374404E-32
  0.35059345E+14  0.00000000E+00 -0.91914165E-32
  0.35107174E+14  0.00000000E+00 -0.91453571E-32
  0.35155004E+14  0.00000000E+00 -0.90992728E-32
  0.35202834E+14  0.00000000E+00 -0.90531741E-32
  0.35250664E+14  0.00000000E+00 -0.90070708E-32
  0.35298494E+14  0.00000000E+00 -0.89609724E-32
  0.35346324E+14  0.00000000E+00 -0.89148882E-32
  0.35394154E+14  0.00000000E+00 -0.88688269E-32
  0.35441984E+14  0.00000000E+00 -0.88227970E-32
  0.35489814E+14  0.00000000E+00 -0.87768066E-32
  0.35537644E+14  0.00000000E+00 -0.87308635E-32
  0.35585474E+14  0.00000000E+00 -0.86849751E-32
  0.35633304E+14  0.00000000E+00 -0.86391486E-32
  0.35681134E+14  0.00000000E+00 -0.85933909E-32
  0.35728964E+14  0.00000000E+00 -0.85477086E-32
  0.35776794E+14  0.00000000E+00 -0.85021080E-32
  0.35824624E+14  0.00000000E+00 -0.84565952E-32
  0.35872453E+14  0.00000000E+00 -0.84111760E-32
  0.35920283E+14  0.00000000E+00 -0.83658559E-32
  0.35968113E+14  0.00000000E+00 -0.83206402E-32
  0.36015943E+14  0.00000000E+00 -0.82755342E-32
  0.36063773E+14  0.00000000E+00 -0.82305426E-32
  0.36111603E+14  0.00000000E+00 -0.81856701E-32
  0.36159433E+14  0.00000000E+00 -0.81409212E-32
  0.36207263E+14  0.00000000E+00 -0.80963001E-32
  0.36255093E+14  0.00000000E+00 -0.80518110E-32
  0.36302923E+14  0.00000000E+00 -0.80074577E-32
  0.36350753E+14  0.00000000E+00 -0.79632440E-32
  0.36398583E+14  0.00000000E+00 -0.79191733E-32
  0.36446413E+14  0.00000000E+00 -0.78752491E-32
  0.36494243E+14  0.00000000E+00 -0.78314746E-32
  0.36542073E+14  0.00000000E+00 -0.77878529E-32
  0.36589903E+14  0.00000000E+00 -0.77443868E-32
  0.36637733E+14  0.00000000E+00 -0.77010793E-32
  0.36685562E+14  0.00000000E+00 -0.76579328E-32
  0.36733392E+14  0.00000000E+00 -0.76149499E-32
  0.36781222E+14  0.00000000E+00 -0.75721330E-32
  0.36829052E+14  0.00000000E+00 -0.75294843E-32
  0.36876882E+14  0.00000000E+00 -0.74870060E-32
  0.36924712E+14  0.00000000E+00 -0.74447001E-32
  0.36972542E+14  0.00000000E+00 -0.74025685E-32
  0.37020372E+14  0.00000000E+00 -0.73606129E-32
  0.37068202E+14  0.00000000E+00 -0.73188352E-32
  0.37116032E+14  0.00000000E+00 -0.72772368E-32
  0.37163862E+14  0.00000000E+00 -0.72358193E-32
  0.37211692E+14  0.00000000E+00 -0.71945841E-32
  0.37259522E+14  0.00000000E+00 -0.71535324E-32
  0.37307352E+14  0.00000000E+00 -0.71126656E-32
  0.37355182E+14  0.00000000E+00 -0.70719848E-32
  0.37403012E+14  0.00000000E+00 -0.70314910E-32
  0.37450841E+14  0.00000000E+00 -0.69911851E-32
  0.37498671E+14  0.00000000E+00 -0.69510682E-32
  0.37546501E+14  0.00000000E+00 -0.69111411E-32
  0.37594331E+14  0.00000000E+00 -0.68714045E-32
  0.37642161E+14  0.00000000E+00 -0.68318591E-32
  0.37689991E+14  0.00000000E+00 -0.67925055E-32
  0.37737821E+14  0.00000000E+00 -0.67533444E-32
  0.37785651E+14  0.00000000E+00 -0.67143762E-32
  0.37833481E+14  0.00000000E+00 -0.66756014E-32
  0.37881311E+14  0.00000000E+00 -0.66370204E-32
  0.37929141E+14  0.00000000E+00 -0.65986334E-32
  0.37976971E+14  0.00000000E+00 -0.65604410E-32
  0.38024801E+14  0.00000000E+00 -0.65224431E-32
  0.38072631E+14  0.00000000E+00 -0.64846401E-32
  0.38120461E+14  0.00000000E+00 -0.64470321E-32
  0.38168291E+14  0.00000000E+00 -0.64096192E-32
  0.38216120E+14  0.00000000E+00 -0.63724014E-32
  0.38263950E+14  0.00000000E+00 -0.63353788E-32
  0.38311780E+14  0.00000000E+00 -0.62985513E-32
  0.38359610E+14  0.00000000E+00 -0.62619189E-32
  0.38407440E+14  0.00000000E+00 -0.62254814E-32
  0.38455270E+14  0.00000000E+00 -0.61892387E-32
  0.38503100E+14  0.00000000E+00 -0.61531908E-32
  0.38550930E+14  0.00000000E+00 -0.61173372E-32
  0.38598760E+14  0.00000000E+00 -0.60816779E-32
  0.38646590E+14  0.00000000E+00 -0.60462125E-32
  0.38694420E+14  0.00000000E+00 -0.60109407E-32
  0.38742250E+14  0.00000000E+00 -0.59758623E-32
  0.38790080E+14  0.00000000E+00 -0.59409768E-32
  0.38837910E+14  0.00000000E+00 -0.59062840E-32
  0.38885740E+14  0.00000000E+00 -0.58717833E-32
  0.38933570E+14  0.00000000E+00 -0.58374744E-32
  0.38981399E+14  0.00000000E+00 -0.58033567E-32
  0.39029229E+14  0.00000000E+00 -0.57694299E-32
  0.39077059E+14  0.00000000E+00 -0.57356935E-32
  0.39124889E+14  0.00000000E+00 -0.57021468E-32
  0.39172719E+14  0.00000000E+00 -0.56687895E-32
  0.39220549E+14  0.00000000E+00 -0.56356209E-32
  0.39268379E+14  0.00000000E+00 -0.56026405E-32
  0.39316209E+14  0.00000000E+00 -0.55698476E-32
  0.39364039E+14  0.00000000E+00 -0.55372417E-32
  0.39411869E+14  0.00000000E+00 -0.55048222E-32
  0.39459699E+14  0.00000000E+00 -0.54725884E-32
  0.39507529E+14  0.00000000E+00 -0.54405397E-32
  0.39555359E+14  0.00000000E+00 -0.54086754E-32
  0.39603189E+14  0.00000000E+00 -0.53769948E-32
  0.39651019E+14  0.00000000E+00 -0.53454972E-32
  0.39698849E+14  0.00000000E+00 -0.53141821E-32
  0.39746678E+14  0.00000000E+00 -0.52830485E-32
  0.39794508E+14  0.00000000E+00 -0.52520959E-32
  0.39842338E+14  0.00000000E+00 -0.52213235E-32
  0.39890168E+14  0.00000000E+00 -0.51907305E-32
  0.39937998E+14  0.00000000E+00 -0.51603162E-32
  0.39985828E+14  0.00000000E+00 -0.51300798E-32
  0.40033658E+14  0.00000000E+00 -0.51000207E-32
  0.40081488E+14  0.00000000E+00 -0.50701379E-32
  0.40129318E+14  0.00000000E+00 -0.50404307E-32
  0.40177148E+14  0.00000000E+00 -0.50108984E-32
  0.40224978E+14  0.00000000E+00 -0.49815401E-32
  0.40272808E+14  0.00000000E+00 -0.49523551E-32
  0.40320638E+14  0.00000000E+00 -0.49233425E-32
  0.40368468E+14  0.00000000E+00 -0.48945015E-32
  0.40416298E+14  0.00000000E+00 -0.48658313E-32
  0.40464128E+14  0.00000000E+00 -0.48373310E-32
  0.40511957E+14  0.00000000E+00 -0.48090000E-32
  0.40559787E+14  0.00000000E+00 -0.47808372E-32
  0.40607617E+14  0.00000000E+00 -0.47528420E-32
  0.40655447E+14  0.00000000E+00 -0.47250134E-32
  0.40703277E+14  0.00000000E+00 -0.46973507E-32
  0.40751107E+14  0.00000000E+00 -0.46698529E-32
  0.40798937E+14  0.00000000E+00 -0.46425193E-32
  0.40846767E+14  0.00000000E+00 -0.46153490E-32
  0.40894597E+14  0.00000000E+00 -0.45883411E-32
  0.40942427E+14  0.00000000E+00 -0.45614948E-32
  0.40990257E+14  0.00000000E+00 -0.45348092E-32
  0.41038087E+14  0.00000000E+00 -0.45082835E-32
  0.41085917E+14  0.00000000E+00 -0.44819169E-32
  0.41133747E+14  0.00000000E+00 -0.44557085E-32
  0.41181577E+14  0.00000000E+00 -0.44296574E-32
  0.41229407E+14  0.00000000E+00 -0.44037627E-32
  0.41277236E+14  0.00000000E+00 -0.43780237E-32
  0.41325066E+14  0.00000000E+00 -0.43524395E-32
  0.41372896E+14  0.00000000E+00 -0.43270091E-32
  0.41420726E+14  0.00000000E+00 -0.43017319E-32
  0.41468556E+14  0.00000000E+00 -0.42766068E-32
  0.41516386E+14  0.00000000E+00 -0.42516330E-32
  0.41564216E+14  0.00000000E+00 -0.42268098E-32
  0.41612046E+14  0.00000000E+00 -0.42021362E-32
  0.41659876E+14  0.00000000E+00 -0.41776114E-32
  0.41707706E+14  0.00000000E+00 -0.41532346E-32
  0.41755536E+14  0.00000000E+00 -0.41290048E-32
  0.41803366E+14  0.00000000E+00 -0.41049213E-32
  0.41851196E+14  0.00000000E+00 -0.40809832E-32
  0.41899026E+14  0.00000000E+00 -0.40571896E-32
  0.41946856E+14  0.00000000E+00 -0.40335398E-32
  0.41994686E+14  0.00000000E+00 -0.40100328E-32
  0.42042516E+14  0.00000000E+00 -0.39866679E-32
  0.42090345E+14  0.00000000E+00 -0.39634442E-32
  0.42138175E+14  0.00000000E+00 -0.39403609E-32
  0.42186005E+14  0.00000000E+00 -0.39174171E-32
  0.42233835E+14  0.00000000E+00 -0.38946120E-32
  0.42281665E+14  0.00000000E+00 -0.38719448E-32
  0.42329495E+14  0.00000000E+00 -0.38494147E-32
  0.42377325E+14  0.00000000E+00 -0.38270208E-32
  0.42425155E+14  0.00000000E+00 -0.38047623E-32
  0.42472985E+14  0.00000000E+00 -0.37826385E-32
  0.42520815E+14  0.00000000E+00 -0.37606484E-32
  0.42568645E+14  0.00000000E+00 -0.37387914E-32
  0.42616475E+14  0.00000000E+00 -0.37170665E-32
  0.42664305E+14  0.00000000E+00 -0.36954730E-32
  0.42712135E+14  0.00000000E+00 -0.36740101E-32
  0.42759965E+14  0.00000000E+00 -0.36526769E-32
  0.42807795E+14  0.00000000E+00 -0.36314728E-32
  0.42855624E+14  0.00000000E+00 -0.36103968E-32
  0.42903454E+14  0.00000000E+00 -0.35894482E-32
  0.42951284E+14  0.00000000E+00 -0.35686263E-32
  0.42999114E+14  0.00000000E+00 -0.35479302E-32
  0.43046944E+14  0.00000000E+00 -0.35273592E-32
  0.43094774E+14  0.00000000E+00 -0.35069124E-32
  0.43142604E+14  0.00000000E+00 -0.34865892E-32
  0.43190434E+14  0.00000000E+00 -0.34663887E-32
  0.43238264E+14  0.00000000E+00 -0.34463103E-32
  0.43286094E+14  0.00000000E+00 -0.34263530E-32
  0.43333924E+14  0.00000000E+00 -0.34065162E-32
  0.43381754E+14  0.00000000E+00 -0.33867992E-32
  0.43429584E+14  0.00000000E+00 -0.33672011E-32
  0.43477414E+14  0.00000000E+00 -0.33477213E-32
  0.43525244E+14  0.00000000E+00 -0.33283589E-32
  0.43573074E+14  0.00000000E+00 -0.33091133E-32
  0.43620903E+14  0.00000000E+00 -0.32899837E-32
  0.43668733E+14  0.00000000E+00 -0.32709694E-32
  0.43716563E+14  0.00000000E+00 -0.32520696E-32
  0.43764393E+14  0.00000000E+00 -0.32332837E-32
  0.43812223E+14  0.00000000E+00 -0.32146108E-32
  0.43860053E+14  0.00000000E+00 -0.31960504E-32
  0.43907883E+14  0.00000000E+00 -0.31776017E-32
  0.43955713E+14  0.00000000E+00 -0.31592639E-32
  0.44003543E+14  0.00000000E+00 -0.31410365E-32
  0.44051373E+14  0.00000000E+00 -0.31229186E-32
  0.44099203E+14  0.00000000E+00 -0.31049096E-32
  0.44147033E+14  0.00000000E+00 -0.30870087E-32
  0.44194863E+14  0.00000000E+00 -0.30692154E-32
  0.44242693E+14  0.00000000E+00 -0.30515289E-32
  0.44290523E+14  0.00000000E+00 -0.30339485E-32
  0.44338353E+14  0.00000000E+00 -0.30164736E-32
  0.44386182E+14  0.00000000E+00 -0.29991035E-32
  0.44434012E+14  0.00000000E+00 -0.29818375E-32
  0.44481842E+14  0.00000000E+00 -0.29646749E-32
  0.44529672E+14  0.00000000E+00 -0.29476151E-32
  0.44577502E+14  0.00000000E+00 -0.29306575E-32
  0.44625332E+14  0.00000000E+00 -0.29138013E-32
  0.44673162E+14  0.00000000E+00 -0.28970460E-32
  0.44720992E+14  0.00000000E+00 -0.28803909E-32
  0.44768822E+14  0.00000000E+00 -0.28638352E-32
  0.44816652E+14  0.00000000E+00 -0.28473785E-32
  0.44864482E+14  0.00000000E+00 -0.28310201E-32
  0.44912312E+14  0.00000000E+00 -0.28147593E-32
  0.44960142E+14  0.00000000E+00 -0.27985955E-32
  0.45007972E+14  0.00000000E+00 -0.27825281E-32
  0.45055802E+14  0.00000000E+00 -0.27665565E-32
  0.45103632E+14  0.00000000E+00 -0.27506800E-32
  0.45151461E+14  0.00000000E+00 -0.27348981E-32
  0.45199291E+14  0.00000000E+00 -0.27192101E-32
  0.45247121E+14  0.00000000E+00 -0.27036155E-32
  0.45294951E+14  0.00000000E+00 -0.26881135E-32
  0.45342781E+14  0.00000000E+00 -0.26727037E-32
  0.45390611E+14  0.00000000E+00 -0.26573855E-32
  0.45438441E+14  0.00000000E+00 -0.26421582E-32
  0.45486271E+14  0.00000000E+00 -0.26270212E-32
  0.45534101E+14  0.00000000E+00 -0.26119741E-32
  0.45581931E+14  0.00000000E+00 -0.25970161E-32
  0.45629761E+14  0.00000000E+00 -0.25821468E-32
  0.45677591E+14  0.00000000E+00 -0.25673655E-32
  0.45725421E+14  0.00000000E+00 -0.25526718E-32
  0.45773251E+14  0.00000000E+00 -0.25380649E-32
  0.45821081E+14  0.00000000E+00 -0.25235445E-32
  0.45868911E+14  0.00000000E+00 -0.25091098E-32
  0.45916740E+14  0.00000000E+00 -0.24947604E-32
  0.45964570E+14  0.00000000E+00 -0.24804958E-32
  0.46012400E+14  0.00000000E+00 -0.24663153E-32
  0.46060230E+14  0.00000000E+00 -0.24522184E-32
  0.46108060E+14  0.00000000E+00 -0.24382046E-32
  0.46155890E+14  0.00000000E+00 -0.24242733E-32
  0.46203720E+14  0.00000000E+00 -0.24104241E-32
  0.46251550E+14  0.00000000E+00 -0.23966564E-32
  0.46299380E+14  0.00000000E+00 -0.23829696E-32
  0.46347210E+14  0.00000000E+00 -0.23693633E-32
  0.46395040E+14  0.00000000E+00 -0.23558369E-32
  0.46442870E+14  0.00000000E+00 -0.23423899E-32
  0.46490700E+14  0.00000000E+00 -0.23290218E-32
  0.46538530E+14  0.00000000E+00 -0.23157321E-32
  0.46586360E+14  0.00000000E+00 -0.23025203E-32
  0.46634190E+14  0.00000000E+00 -0.22893859E-32
  0.46682019E+14  0.00000000E+00 -0.22763283E-32
  0.46729849E+14  0.00000000E+00 -0.22633472E-32
  0.46777679E+14  0.00000000E+00 -0.22504420E-32
  0.46825509E+14  0.00000000E+00 -0.22376122E-32
  0.46873339E+14  0.00000000E+00 -0.22248573E-32
  0.46921169E+14  0.00000000E+00 -0.22121768E-32
  0.46968999E+14  0.00000000E+00 -0.21995704E-32
  0.47016829E+14  0.00000000E+00 -0.21870374E-32
  0.47064659E+14  0.00000000E+00 -0.21745775E-32
  0.47112489E+14  0.00000000E+00 -0.21621901E-32
  0.47160319E+14  0.00000000E+00 -0.21498748E-32
  0.47208149E+14  0.00000000E+00 -0.21376311E-32
  0.47255979E+14  0.00000000E+00 -0.21254586E-32
  0.47303809E+14  0.00000000E+00 -0.21133569E-32
  0.47351639E+14  0.00000000E+00 -0.21013253E-32
  0.47399469E+14  0.00000000E+00 -0.20893636E-32
  0.47447298E+14  0.00000000E+00 -0.20774713E-32
  0.47495128E+14  0.00000000E+00 -0.20656478E-32
  0.47542958E+14  0.00000000E+00 -0.20538929E-32
  0.47590788E+14  0.00000000E+00 -0.20422059E-32
  0.47638618E+14  0.00000000E+00 -0.20305866E-32
  0.47686448E+14  0.00000000E+00 -0.20190345E-32
  0.47734278E+14  0.00000000E+00 -0.20075491E-32
  0.47782108E+14  0.00000000E+00 -0.19961300E-32
  0.47829938E+14  0.00000000E+00 -0.19847768E-32
  0.47877768E+14  0.00000000E+00 -0.19734890E-32
  0.47925598E+14  0.00000000E+00 -0.19622663E-32
  0.47973428E+14  0.00000000E+00 -0.19511083E-32
  0.48021258E+14  0.00000000E+00 -0.19400145E-32
  0.48069088E+14  0.00000000E+00 -0.19289845E-32
  0.48116918E+14  0.00000000E+00 -0.19180179E-32
  0.48164748E+14  0.00000000E+00 -0.19071143E-32
  0.48212578E+14  0.00000000E+00 -0.18962733E-32
  0.48260407E+14  0.00000000E+00 -0.18854945E-32
  0.48308237E+14  0.00000000E+00 -0.18747775E-32
  0.48356067E+14  0.00000000E+00 -0.18641220E-32
  0.48403897E+14  0.00000000E+00 -0.18535274E-32
  0.48451727E+14  0.00000000E+00 -0.18429935E-32
  0.48499557E+14  0.00000000E+00 -0.18325199E-32
  0.48547387E+14  0.00000000E+00 -0.18221061E-32
  0.48595217E+14  0.00000000E+00 -0.18117518E-32
  0.48643047E+14  0.00000000E+00 -0.18014567E-32
  0.48690877E+14  0.00000000E+00 -0.17912202E-32
  0.48738707E+14  0.00000000E+00 -0.17810422E-32
  0.48786537E+14  0.00000000E+00 -0.17709221E-32
  0.48834367E+14  0.00000000E+00 -0.17608597E-32
  0.48882197E+14  0.00000000E+00 -0.17508545E-32
  0.48930027E+14  0.00000000E+00 -0.17409063E-32
  0.48977857E+14  0.00000000E+00 -0.17310146E-32
  0.49025686E+14  0.00000000E+00 -0.17211790E-32
  0.49073516E+14  0.00000000E+00 -0.17113993E-32
  0.49121346E+14  0.00000000E+00 -0.17016751E-32
  0.49169176E+14  0.00000000E+00 -0.16920060E-32
  0.49217006E+14  0.00000000E+00 -0.16823917E-32
  0.49264836E+14  0.00000000E+00 -0.16728319E-32
  0.49312666E+14  0.00000000E+00 -0.16633261E-32
  0.49360496E+14  0.00000000E+00 -0.16538741E-32
  0.49408326E+14  0.00000000E+00 -0.16444755E-32
  0.49456156E+14  0.00000000E+00 -0.16351299E-32
  0.49503986E+14  0.00000000E+00 -0.16258372E-32
  0.49551816E+14  0.00000000E+00 -0.16165968E-32
  0.49599646E+14  0.00000000E+00 -0.16074086E-32
  0.49647476E+14  0.00000000E+00 -0.15982720E-32
  0.49695306E+14  0.00000000E+00 -0.15891870E-32
  0.49743136E+14  0.00000000E+00 -0.15801530E-32
  0.49790965E+14  0.00000000E+00 -0.15711698E-32
  0.49838795E+14  0.00000000E+00 -0.15622372E-32
  0.49886625E+14  0.00000000E+00 -0.15533546E-32
  0.49934455E+14  0.00000000E+00 -0.15445219E-32
  0.49982285E+14  0.00000000E+00 -0.15357388E-32
  0.50030115E+14  0.00000000E+00 -0.15270049E-32
  0.50077945E+14  0.00000000E+00 -0.15183199E-32
  0.50125775E+14  0.00000000E+00 -0.15096835E-32
  0.50173605E+14  0.00000000E+00 -0.15010954E-32
  0.50221435E+14  0.00000000E+00 -0.14925553E-32
  0.50269265E+14  0.00000000E+00 -0.14840630E-32
  0.50317095E+14  0.00000000E+00 -0.14756180E-32
  0.50364925E+14  0.00000000E+00 -0.14672202E-32
  0.50412755E+14  0.00000000E+00 -0.14588692E-32
  0.50460585E+14  0.00000000E+00 -0.14505648E-32
  0.50508415E+14  0.00000000E+00 -0.14423065E-32
  0.50556244E+14  0.00000000E+00 -0.14340943E-32
  0.50604074E+14  0.00000000E+00 -0.14259277E-32
  0.50651904E+14  0.00000000E+00 -0.14178065E-32
  0.50699734E+14  0.00000000E+00 -0.14097305E-32
  0.50747564E+14  0.00000000E+00 -0.14016992E-32
  0.50795394E+14  0.00000000E+00 -0.13937125E-32
  0.50843224E+14  0.00000000E+00 -0.13857701E-32
  0.50891054E+14  0.00000000E+00 -0.13778717E-32
  0.50938884E+14  0.00000000E+00 -0.13700171E-32
  0.50986714E+14  0.00000000E+00 -0.13622059E-32
  0.51034544E+14  0.00000000E+00 -0.13544379E-32
  0.51082374E+14  0.00000000E+00 -0.13467128E-32
  0.51130204E+14  0.00000000E+00 -0.13390304E-32
  0.51178034E+14  0.00000000E+00 -0.13313904E-32
  0.51225864E+14  0.00000000E+00 -0.13237925E-32
  0.51273694E+14  0.00000000E+00 -0.13162366E-32
  0.51321523E+14  0.00000000E+00 -0.13087222E-32
  0.51369353E+14  0.00000000E+00 -0.13012492E-32
  0.51417183E+14  0.00000000E+00 -0.12938174E-32
  0.51465013E+14  0.00000000E+00 -0.12864264E-32
  0.51512843E+14  0.00000000E+00 -0.12790760E-32
  0.51560673E+14  0.00000000E+00 -0.12717660E-32
  0.51608503E+14  0.00000000E+00 -0.12644961E-32
  0.51656333E+14  0.00000000E+00 -0.12572661E-32
  0.51704163E+14  0.00000000E+00 -0.12500758E-32
  0.51751993E+14  0.00000000E+00 -0.12429248E-32
  0.51799823E+14  0.00000000E+00 -0.12358129E-32
  0.51847653E+14  0.00000000E+00 -0.12287400E-32
  0.51895483E+14  0.00000000E+00 -0.12217058E-32
  0.51943313E+14  0.00000000E+00 -0.12147100E-32
  0.51991143E+14  0.00000000E+00 -0.12077523E-32
  0.52038973E+14  0.00000000E+00 -0.12008327E-32
  0.52086802E+14  0.00000000E+00 -0.11939508E-32
  0.52134632E+14  0.00000000E+00 -0.11871064E-32
  0.52182462E+14  0.00000000E+00 -0.11802993E-32
  0.52230292E+14  0.00000000E+00 -0.11735293E-32
  0.52278122E+14  0.00000000E+00 -0.11667961E-32
  0.52325952E+14  0.00000000E+00 -0.11600995E-32
  0.52373782E+14  0.00000000E+00 -0.11534393E-32
  0.52421612E+14  0.00000000E+00 -0.11468153E-32
  0.52469442E+14  0.00000000E+00 -0.11402272E-32
  0.52517272E+14  0.00000000E+00 -0.11336748E-32
  0.52565102E+14  0.00000000E+00 -0.11271580E-32
  0.52612932E+14  0.00000000E+00 -0.11206765E-32
  0.52660762E+14  0.00000000E+00 -0.11142301E-32
  0.52708592E+14  0.00000000E+00 -0.11078185E-32
  0.52756422E+14  0.00000000E+00 -0.11014416E-32
  0.52804252E+14  0.00000000E+00 -0.10950992E-32
  0.52852081E+14  0.00000000E+00 -0.10887910E-32
  0.52899911E+14  0.00000000E+00 -0.10825169E-32
  0.52947741E+14  0.00000000E+00 -0.10762766E-32
  0.52995571E+14  0.00000000E+00 -0.10700700E-32
  0.53043401E+14  0.00000000E+00 -0.10638968E-32
  0.53091231E+14  0.00000000E+00 -0.10577568E-32
  0.53139061E+14  0.00000000E+00 -0.10516499E-32
  0.53186891E+14  0.00000000E+00 -0.10455759E-32
  0.53234721E+14  0.00000000E+00 -0.10395344E-32
  0.53282551E+14  0.00000000E+00 -0.10335254E-32
  0.53330381E+14  0.00000000E+00 -0.10275487E-32
  0.53378211E+14  0.00000000E+00 -0.10216041E-32
  0.53426041E+14  0.00000000E+00 -0.10156913E-32
  0.53473871E+14  0.00000000E+00 -0.10098102E-32
  0.53521701E+14  0.00000000E+00 -0.10039606E-32
  0.53569531E+14  0.00000000E+00 -0.99814230E-33
  0.53617360E+14  0.00000000E+00 -0.99235513E-33
  0.53665190E+14  0.00000000E+00 -0.98659890E-33
  0.53713020E+14  0.00000000E+00 -0.98087341E-33
  0.53760850E+14  0.00000000E+00 -0.97517850E-33
  0.53808680E+14  0.00000000E+00 -0.96951398E-33
  0.53856510E+14  0.00000000E+00 -0.96387967E-33
  0.53904340E+14  0.00000000E+00 -0.95827539E-33
  0.53952170E+14  0.00000000E+00 -0.95270096E-33
  0.54000000E+14  0.00000000E+00 -0.94715621E-33
