  0.47829938E+11 -0.14932765E-29  0.35911531E-28
  0.95659876E+11 -0.14925372E-29  0.34872726E-28
  0.14348981E+12 -0.14912267E-29  0.34427641E-28
  0.19131975E+12 -0.15138460E-29  0.34162704E-28
  0.23914969E+12 -0.14828811E-29  0.33956811E-28
  0.28697963E+12 -0.14229517E-29  0.33919857E-28
  0.33480957E+12 -0.13741777E-29  0.34057200E-28
  0.38263950E+12 -0.14357677E-29  0.34769024E-28
  0.43046944E+12 -0.36365122E-29  0.34543633E-28
  0.47829938E+12 -0.28075005E-29  0.32545618E-28
  0.52612932E+12 -0.21952177E-29  0.32652968E-28
  0.57395926E+12 -0.17930544E-29  0.32723873E-28
  0.62178919E+12 -0.15331300E-29  0.33215499E-28
  0.66961913E+12 -0.15406871E-29  0.33399140E-28
  0.71744907E+12 -0.13868884E-29  0.34044850E-28
  0.76527901E+12 -0.23382898E-29  0.34901313E-28
  0.81310895E+12 -0.36942104E-29  0.34286968E-28
  0.86093888E+12 -0.34019958E-29  0.32960848E-28
  0.90876882E+12 -0.24446866E-29  0.32960341E-28
  0.95659876E+12 -0.21673035E-29  0.33480565E-28
  0.10044287E+13 -0.20900142E-29  0.34066774E-28
  0.10522586E+13 -0.25482975E-29  0.34901510E-28
  0.11000886E+13 -0.35947547E-29  0.34996238E-28
  0.11479185E+13 -0.42738853E-29  0.34200236E-28
  0.11957484E+13 -0.36238982E-29  0.33438508E-28
  0.12435784E+13 -0.29270546E-29  0.33944354E-28
  0.12914083E+13 -0.28635515E-29  0.34708265E-28
  0.13392383E+13 -0.35065779E-29  0.35412269E-28
  0.13870682E+13 -0.42551431E-29  0.35609585E-28
  0.14348981E+13 -0.50684646E-29  0.35072236E-28
  0.14827281E+13 -0.46349685E-29  0.34330100E-28
  0.15305580E+13 -0.39672604E-29  0.34726464E-28
  0.15783880E+13 -0.39667271E-29  0.35584177E-28
  0.16262179E+13 -0.45945145E-29  0.36158410E-28
  0.16740478E+13 -0.53818234E-29  0.36315112E-28
  0.17218778E+13 -0.60251153E-29  0.35835121E-28
  0.17697077E+13 -0.56211211E-29  0.35391156E-28
  0.18175376E+13 -0.52082576E-29  0.35805318E-28
  0.18653676E+13 -0.54897505E-29  0.36643903E-28
  0.19131975E+13 -0.61603793E-29  0.36962204E-28
  0.19610275E+13 -0.66970213E-29  0.37070771E-28
  0.20088574E+13 -0.73079688E-29  0.36735107E-28
  0.20566873E+13 -0.69413403E-29  0.36417919E-28
  0.21045173E+13 -0.66847100E-29  0.37087416E-28
  0.21523472E+13 -0.72647379E-29  0.37636194E-28
  0.22001771E+13 -0.77837126E-29  0.37928828E-28
  0.22480071E+13 -0.84640972E-29  0.37989193E-28
  0.22958370E+13 -0.88752248E-29  0.37610271E-28
  0.23436670E+13 -0.85772163E-29  0.37557686E-28
  0.23914969E+13 -0.85714042E-29  0.38240959E-28
  0.24393268E+13 -0.92048969E-29  0.38725294E-28
  0.24871568E+13 -0.97849991E-29  0.38954551E-28
  0.25349867E+13 -0.10504332E-28  0.38923148E-28
  0.25828167E+13 -0.10777107E-28  0.38570803E-28
  0.26306466E+13 -0.10633156E-28  0.38717382E-28
  0.26784765E+13 -0.10749563E-28  0.39308474E-28
  0.27263065E+13 -0.11490103E-28  0.39767690E-28
  0.27741364E+13 -0.12136540E-28  0.39949798E-28
  0.28219663E+13 -0.12854953E-28  0.39825869E-28
  0.28697963E+13 -0.13031517E-28  0.39634698E-28
  0.29176262E+13 -0.13056965E-28  0.39716570E-28
  0.29654562E+13 -0.13278881E-28  0.40360877E-28
  0.30132861E+13 -0.14101246E-28  0.40768599E-28
  0.30611160E+13 -0.14930937E-28  0.40867130E-28
  0.31089460E+13 -0.15480211E-28  0.40664346E-28
  0.31567759E+13 -0.15797848E-28  0.40547860E-28
  0.32046058E+13 -0.15919384E-28  0.40667190E-28
  0.32524358E+13 -0.16279411E-28  0.41287607E-28
  0.33002657E+13 -0.17172816E-28  0.41657003E-28
  0.33480957E+13 -0.18052738E-28  0.41570470E-28
  0.33959256E+13 -0.18561613E-28  0.41377955E-28
  0.34437555E+13 -0.18987739E-28  0.41318379E-28
  0.34915855E+13 -0.19176050E-28  0.41385753E-28
  0.35394154E+13 -0.19723143E-28  0.41997220E-28
  0.35872453E+13 -0.20674378E-28  0.42293078E-28
  0.36350753E+13 -0.21578847E-28  0.42081780E-28
  0.36829052E+13 -0.22178634E-28  0.41907898E-28
  0.37307352E+13 -0.22705015E-28  0.41846475E-28
  0.37785651E+13 -0.22948577E-28  0.41888536E-28
  0.38263950E+13 -0.23634884E-28  0.42368825E-28
  0.38742250E+13 -0.24633062E-28  0.42485580E-28
  0.39220549E+13 -0.25540071E-28  0.42310837E-28
  0.39698849E+13 -0.26207464E-28  0.42132690E-28
  0.40177148E+13 -0.26895975E-28  0.42002459E-28
  0.40655447E+13 -0.27257050E-28  0.41994222E-28
  0.41133747E+13 -0.28121957E-28  0.42273379E-28
  0.41612046E+13 -0.29069806E-28  0.42230898E-28
  0.42090345E+13 -0.29959462E-28  0.42086183E-28
  0.42568645E+13 -0.30784469E-28  0.41907846E-28
  0.43046944E+13 -0.31562672E-28  0.41644083E-28
  0.43525244E+13 -0.32213086E-28  0.41576964E-28
  0.44003543E+13 -0.33103943E-28  0.41514951E-28
  0.44481842E+13 -0.33986045E-28  0.41385167E-28
  0.44960142E+13 -0.34919416E-28  0.41266246E-28
  0.45438441E+13 -0.36008215E-28  0.40960050E-28
  0.45916740E+13 -0.36789482E-28  0.40585930E-28
  0.46395040E+13 -0.37673434E-28  0.40300346E-28
  0.46873339E+13 -0.38506834E-28  0.40019967E-28
  0.47351639E+13 -0.39399928E-28  0.39817402E-28
  0.47829938E+13 -0.40510854E-28  0.39561482E-28
  0.48308237E+13 -0.41551631E-28  0.39094110E-28
  0.48786537E+13 -0.42580912E-28  0.38542827E-28
  0.49264836E+13 -0.43506005E-28  0.37973299E-28
  0.49743136E+13 -0.44418153E-28  0.37489369E-28
  0.50221435E+13 -0.45362418E-28  0.37170947E-28
  0.50699734E+13 -0.46534752E-28  0.36575667E-28
  0.51178034E+13 -0.47774045E-28  0.35999383E-28
  0.51656333E+13 -0.48850851E-28  0.35089576E-28
  0.52134632E+13 -0.49764300E-28  0.34370765E-28
  0.52612932E+13 -0.50852917E-28  0.33650580E-28
  0.53091231E+13 -0.51961443E-28  0.32840303E-28
  0.53569531E+13 -0.53214855E-28  0.32013931E-28
  0.54047830E+13 -0.54364267E-28  0.30993398E-28
  0.54526129E+13 -0.55817108E-28  0.29927218E-28
  0.55004429E+13 -0.57241018E-28  0.28856081E-28
  0.55482728E+13 -0.59758816E-28  0.27125905E-28
  0.55961027E+13 -0.60354919E-28  0.23179411E-28
  0.56439327E+13 -0.59774908E-28  0.20920742E-28
  0.56917626E+13 -0.59417678E-28  0.19169103E-28
  0.57395926E+13 -0.59161291E-28  0.17605137E-28
  0.57874225E+13 -0.59055650E-28  0.16145333E-28
  0.58352524E+13 -0.58632493E-28  0.14766560E-28
  0.58830824E+13 -0.58292298E-28  0.13406459E-28
  0.59309123E+13 -0.57945754E-28  0.12307144E-28
  0.59787422E+13 -0.57577699E-28  0.11259392E-28
  0.60265722E+13 -0.57425809E-28  0.10234753E-28
  0.60744021E+13 -0.57196410E-28  0.91042409E-29
  0.61222321E+13 -0.56868225E-28  0.79907902E-29
  0.61700620E+13 -0.56390908E-28  0.70001022E-29
  0.62178919E+13 -0.56151947E-28  0.62280929E-29
  0.62657219E+13 -0.55823258E-28  0.52726012E-29
  0.63135518E+13 -0.55598813E-28  0.45047464E-29
  0.63613818E+13 -0.55376045E-28  0.34717960E-29
  0.64092117E+13 -0.54882256E-28  0.26170547E-29
  0.64570416E+13 -0.54652631E-28  0.18534298E-29
  0.65048716E+13 -0.54241996E-28  0.10037507E-29
  0.65527015E+13 -0.53964433E-28  0.35518578E-30
  0.66005314E+13 -0.53702853E-28 -0.49984882E-30
  0.66483614E+13 -0.53274197E-28 -0.12750633E-29
  0.66961913E+13 -0.53022813E-28 -0.19432527E-29
  0.67440213E+13 -0.52719149E-28 -0.27236326E-29
  0.67918512E+13 -0.52310508E-28 -0.34940240E-29
  0.68396811E+13 -0.51981506E-28 -0.41240161E-29
  0.68875111E+13 -0.51611620E-28 -0.47890289E-29
  0.69353410E+13 -0.51279101E-28 -0.53934219E-29
  0.69831709E+13 -0.51095703E-28 -0.60989991E-29
  0.70310009E+13 -0.50684683E-28 -0.69198933E-29
  0.70788308E+13 -0.50159079E-28 -0.74931138E-29
  0.71266608E+13 -0.49887440E-28 -0.80223608E-29
  0.71744907E+13 -0.49557155E-28 -0.86486100E-29
  0.72223206E+13 -0.49235893E-28 -0.92710807E-29
  0.72701506E+13 -0.48909600E-28 -0.99473954E-29
  0.73179805E+13 -0.48453314E-28 -0.10588049E-28
  0.73658105E+13 -0.48003802E-28 -0.11114083E-28
  0.74136404E+13 -0.47759575E-28 -0.11619760E-28
  0.74614703E+13 -0.47354945E-28 -0.12294484E-28
  0.75093003E+13 -0.46911134E-28 -0.12812697E-28
  0.75571302E+13 -0.46643257E-28 -0.13333077E-28
  0.76049601E+13 -0.46276306E-28 -0.13987115E-28
  0.76527901E+13 -0.45759343E-28 -0.14596641E-28
  0.77006200E+13 -0.45339996E-28 -0.14977959E-28
  0.77484500E+13 -0.45035198E-28 -0.15500846E-28
  0.77962799E+13 -0.44660605E-28 -0.16080597E-28
  0.78441098E+13 -0.44254791E-28 -0.16656366E-28
  0.78919398E+13 -0.43806602E-28 -0.17200748E-28
  0.79397697E+13 -0.43332624E-28 -0.17684906E-28
  0.79875996E+13 -0.42947722E-28 -0.18110628E-28
  0.80354296E+13 -0.42632720E-28 -0.18694372E-28
  0.80832595E+13 -0.42127889E-28 -0.19286020E-28
  0.81310895E+13 -0.41617082E-28 -0.19723641E-28
  0.81789194E+13 -0.41238278E-28 -0.20205137E-28
  0.82267493E+13 -0.40777158E-28 -0.20811007E-28
  0.82745793E+13 -0.40184397E-28 -0.21270047E-28
  0.83224092E+13 -0.39716867E-28 -0.21659597E-28
  0.83702391E+13 -0.39275707E-28 -0.22177787E-28
  0.84180691E+13 -0.38718464E-28 -0.22721054E-28
  0.84658990E+13 -0.38078139E-28 -0.23108145E-28
  0.85137290E+13 -0.37539697E-28 -0.23439837E-28
  0.85615589E+13 -0.37067363E-28 -0.23833739E-28
  0.86093888E+13 -0.36532775E-28 -0.24243981E-28
  0.86572188E+13 -0.35983942E-28 -0.24632428E-28
  0.87050487E+13 -0.35404232E-28 -0.25010988E-28
  0.87528787E+13 -0.34843291E-28 -0.25341509E-28
  0.88007086E+13 -0.34298188E-28 -0.25656294E-28
  0.88485385E+13 -0.33690534E-28 -0.26022723E-28
  0.88963685E+13 -0.33150601E-28 -0.26239211E-28
  0.89441984E+13 -0.32629404E-28 -0.26601945E-28
  0.89920283E+13 -0.32032866E-28 -0.26917825E-28
  0.90398583E+13 -0.31409481E-28 -0.27060113E-28
  0.90876882E+13 -0.31013200E-28 -0.27337838E-28
  0.91355182E+13 -0.30374610E-28 -0.27673083E-28
  0.91833481E+13 -0.29814286E-28 -0.27837814E-28
  0.92311780E+13 -0.29391368E-28 -0.28088546E-28
  0.92790080E+13 -0.28624643E-28 -0.28384391E-28
  0.93268379E+13 -0.28164837E-28 -0.28228203E-28
  0.93746678E+13 -0.28257238E-28 -0.28956541E-28
  0.94224978E+13 -0.26998622E-28 -0.29329631E-28
  0.94703277E+13 -0.26490748E-28 -0.29188483E-28
  0.95181577E+13 -0.26034272E-28 -0.29670135E-28
  0.95659876E+13 -0.25286721E-28 -0.29601727E-28
  0.96138175E+13 -0.24891981E-28 -0.29715737E-28
  0.96616475E+13 -0.24408907E-28 -0.30064010E-28
  0.97094774E+13 -0.23634887E-28 -0.30198253E-28
  0.97573074E+13 -0.23279793E-28 -0.30328590E-28
  0.98051373E+13 -0.22610213E-28 -0.30555292E-28
  0.98529672E+13 -0.22201131E-28 -0.30641064E-28
  0.99007972E+13 -0.21671128E-28 -0.30938082E-28
  0.99486271E+13 -0.21124195E-28 -0.31180128E-28
  0.99964570E+13 -0.20568454E-28 -0.31475066E-28
  0.10044287E+14 -0.20058417E-28 -0.31671480E-28
  0.10092117E+14 -0.19563386E-28 -0.32109155E-28
  0.10139947E+14 -0.18966186E-28 -0.32536301E-28
  0.10187777E+14 -0.18234194E-28 -0.33136375E-28
  0.10235607E+14 -0.17544281E-28 -0.33793019E-28
  0.10283437E+14 -0.16611898E-28 -0.34807483E-28
  0.10331267E+14 -0.15291158E-28 -0.36276962E-28
  0.10379097E+14 -0.12724854E-28 -0.38556421E-28
  0.10426926E+14 -0.27630504E-29 -0.37172286E-28
  0.10474756E+14 -0.45877463E-29 -0.31706972E-28
  0.10522586E+14 -0.51018628E-29 -0.29400225E-28
  0.10570416E+14 -0.51973588E-29 -0.28128828E-28
  0.10618246E+14 -0.52604114E-29 -0.26982641E-28
  0.10666076E+14 -0.53620090E-29 -0.26003928E-28
  0.10713906E+14 -0.55026110E-29 -0.25160278E-28
  0.10761736E+14 -0.56065185E-29 -0.24460800E-28
  0.10809566E+14 -0.56718669E-29 -0.23819570E-28
  0.10857396E+14 -0.57457106E-29 -0.23244455E-28
  0.10905226E+14 -0.58520718E-29 -0.22641449E-28
  0.10953056E+14 -0.59766340E-29 -0.22215443E-28
  0.11000886E+14 -0.60246076E-29 -0.21777470E-28
  0.11048716E+14 -0.60957500E-29 -0.21360502E-28
  0.11096546E+14 -0.61885756E-29 -0.20941753E-28
  0.11144376E+14 -0.62690396E-29 -0.20629048E-28
  0.11192205E+14 -0.62599484E-29 -0.20343432E-28
  0.11240035E+14 -0.62886444E-29 -0.20006866E-28
  0.11287865E+14 -0.62733715E-29 -0.19737612E-28
  0.11335695E+14 -0.60368218E-29 -0.19324238E-28
  0.11383525E+14 -0.59873821E-29 -0.18671676E-28
  0.11431355E+14 -0.61470209E-29 -0.18076100E-28
  0.11479185E+14 -0.64325135E-29 -0.17528865E-28
  0.11527015E+14 -0.66641842E-29 -0.17041368E-28
  0.11574845E+14 -0.69989976E-29 -0.16495365E-28
  0.11622675E+14 -0.74439601E-29 -0.16038917E-28
  0.11670505E+14 -0.79288498E-29 -0.15624417E-28
  0.11718335E+14 -0.84471080E-29 -0.15181444E-28
  0.11766165E+14 -0.91581431E-29 -0.14815269E-28
  0.11813995E+14 -0.98465766E-29 -0.14478140E-28
  0.11861825E+14 -0.10723106E-28 -0.14078252E-28
  0.11909655E+14 -0.11844571E-28 -0.13797652E-28
  0.11957484E+14 -0.13134091E-28 -0.13523907E-28
  0.12005314E+14 -0.15091085E-28 -0.13190767E-28
  0.12053144E+14 -0.18659694E-28 -0.13374312E-28
  0.12100974E+14 -0.22882648E-28 -0.17634188E-28
  0.12148804E+14 -0.21529891E-28 -0.25212678E-28
  0.12196634E+14 -0.17519114E-28 -0.26487113E-28
  0.12244464E+14 -0.15769505E-28 -0.26976861E-28
  0.12292294E+14 -0.14381091E-28 -0.27503236E-28
  0.12340124E+14 -0.13349993E-28 -0.28031251E-28
  0.12387954E+14 -0.12207441E-28 -0.28551031E-28
  0.12435784E+14 -0.11227877E-28 -0.29162501E-28
  0.12483614E+14 -0.10197152E-28 -0.29765946E-28
  0.12531444E+14 -0.89021786E-29 -0.30514690E-28
  0.12579274E+14 -0.74637825E-29 -0.31446967E-28
  0.12627104E+14 -0.52064122E-29 -0.33542542E-28
  0.12674934E+14  0.59676834E-31 -0.30130794E-28
  0.12722764E+14  0.32130427E-30 -0.27629102E-28
  0.12770593E+14  0.40801053E-30 -0.26097165E-28
  0.12818423E+14  0.44208972E-30 -0.24940504E-28
  0.12866253E+14  0.43558878E-30 -0.24024536E-28
  0.12914083E+14  0.40494610E-30 -0.23261906E-28
  0.12961913E+14  0.37024096E-30 -0.22606821E-28
  0.13009743E+14  0.32567161E-30 -0.22051572E-28
  0.13057573E+14  0.26419174E-30 -0.21557700E-28
  0.13105403E+14  0.21196086E-30 -0.21125389E-28
  0.13153233E+14  0.15438872E-30 -0.20741325E-28
  0.13201063E+14  0.10168939E-30 -0.20401104E-28
  0.13248893E+14  0.53107352E-31 -0.20099669E-28
  0.13296723E+14  0.00000000E+00 -0.19853574E-28
  0.13344553E+14  0.00000000E+00 -0.19623998E-28
  0.13392383E+14  0.00000000E+00 -0.19392249E-28
  0.13440213E+14  0.00000000E+00 -0.19170093E-28
  0.13488043E+14  0.00000000E+00 -0.18958541E-28
  0.13535872E+14  0.00000000E+00 -0.18757442E-28
  0.13583702E+14  0.00000000E+00 -0.18566311E-28
  0.13631532E+14  0.00000000E+00 -0.18384567E-28
  0.13679362E+14  0.00000000E+00 -0.18211628E-28
  0.13727192E+14  0.00000000E+00 -0.18046939E-28
  0.13775022E+14  0.00000000E+00 -0.17889984E-28
  0.13822852E+14  0.00000000E+00 -0.17740291E-28
  0.13870682E+14  0.00000000E+00 -0.17597431E-28
  0.13918512E+14  0.00000000E+00 -0.17461015E-28
  0.13966342E+14  0.00000000E+00 -0.17330687E-28
  0.14014172E+14  0.00000000E+00 -0.17206128E-28
  0.14062002E+14  0.00000000E+00 -0.17087047E-28
  0.14109832E+14  0.00000000E+00 -0.16973177E-28
  0.14157662E+14  0.00000000E+00 -0.16864280E-28
  0.14205492E+14  0.00000000E+00 -0.16760134E-28
  0.14253322E+14  0.00000000E+00 -0.16660542E-28
  0.14301151E+14  0.00000000E+00 -0.16565319E-28
  0.14348981E+14  0.00000000E+00 -0.16474300E-28
  0.14396811E+14  0.00000000E+00 -0.16387332E-28
  0.14444641E+14  0.00000000E+00 -0.16304276E-28
  0.14492471E+14  0.00000000E+00 -0.16225005E-28
  0.14540301E+14  0.00000000E+00 -0.16149402E-28
  0.14588131E+14  0.00000000E+00 -0.16077360E-28
  0.14635961E+14  0.00000000E+00 -0.16008783E-28
  0.14683791E+14  0.00000000E+00 -0.15943581E-28
  0.14731621E+14  0.00000000E+00 -0.15881675E-28
  0.14779451E+14  0.00000000E+00 -0.15822990E-28
  0.14827281E+14  0.00000000E+00 -0.15767460E-28
  0.14875111E+14  0.00000000E+00 -0.15715025E-28
  0.14922941E+14  0.00000000E+00 -0.15665631E-28
  0.14970771E+14  0.00000000E+00 -0.15619230E-28
  0.15018601E+14  0.00000000E+00 -0.15575780E-28
  0.15066430E+14  0.00000000E+00 -0.15535244E-28
  0.15114260E+14  0.00000000E+00 -0.15497588E-28
  0.15162090E+14  0.00000000E+00 -0.15462786E-28
  0.15209920E+14  0.00000000E+00 -0.15430816E-28
  0.15257750E+14  0.00000000E+00 -0.15401659E-28
  0.15305580E+14  0.00000000E+00 -0.15375303E-28
  0.15353410E+14  0.00000000E+00 -0.15351738E-28
  0.15401240E+14  0.00000000E+00 -0.15330960E-28
  0.15449070E+14  0.00000000E+00 -0.15312970E-28
  0.15496900E+14  0.00000000E+00 -0.15297771E-28
  0.15544730E+14  0.00000000E+00 -0.15285374E-28
  0.15592560E+14  0.00000000E+00 -0.15275791E-28
  0.15640390E+14  0.00000000E+00 -0.15269042E-28
  0.15688220E+14  0.00000000E+00 -0.15265149E-28
  0.15736050E+14  0.00000000E+00 -0.15264141E-28
  0.15783880E+14  0.00000000E+00 -0.15266051E-28
  0.15831709E+14  0.00000000E+00 -0.15270918E-28
  0.15879539E+14  0.00000000E+00 -0.15278785E-28
  0.15927369E+14  0.00000000E+00 -0.15289704E-28
  0.15975199E+14  0.00000000E+00 -0.15303731E-28
  0.16023029E+14  0.00000000E+00 -0.15320929E-28
  0.16070859E+14  0.00000000E+00 -0.15341367E-28
  0.16118689E+14  0.00000000E+00 -0.15365125E-28
  0.16166519E+14  0.00000000E+00 -0.15392287E-28
  0.16214349E+14  0.00000000E+00 -0.15422950E-28
  0.16262179E+14  0.00000000E+00 -0.15457217E-28
  0.16310009E+14  0.00000000E+00 -0.15495205E-28
  0.16357839E+14  0.00000000E+00 -0.15537039E-28
  0.16405669E+14  0.00000000E+00 -0.15582860E-28
  0.16453499E+14  0.00000000E+00 -0.15632822E-28
  0.16501329E+14  0.00000000E+00 -0.15687093E-28
  0.16549159E+14  0.00000000E+00 -0.15745863E-28
  0.16596988E+14  0.00000000E+00 -0.15809337E-28
  0.16644818E+14  0.00000000E+00 -0.15877745E-28
  0.16692648E+14  0.00000000E+00 -0.15951343E-28
  0.16740478E+14  0.00000000E+00 -0.16030415E-28
  0.16788308E+14  0.00000000E+00 -0.16115278E-28
  0.16836138E+14  0.00000000E+00 -0.16206289E-28
  0.16883968E+14  0.00000000E+00 -0.16303850E-28
  0.16931798E+14  0.00000000E+00 -0.16408417E-28
  0.16979628E+14  0.00000000E+00 -0.16520507E-28
  0.17027458E+14  0.00000000E+00 -0.16640715E-28
  0.17075288E+14  0.00000000E+00 -0.16769727E-28
  0.17123118E+14  0.00000000E+00 -0.16908341E-28
  0.17170948E+14  0.00000000E+00 -0.17057495E-28
  0.17218778E+14  0.00000000E+00 -0.17218302E-28
  0.17266608E+14  0.00000000E+00 -0.17392101E-28
  0.17314438E+14  0.00000000E+00 -0.17580526E-28
  0.17362267E+14  0.00000000E+00 -0.17785606E-28
  0.17410097E+14  0.00000000E+00 -0.18009915E-28
  0.17457927E+14  0.00000000E+00 -0.18256807E-28
  0.17505757E+14  0.00000000E+00 -0.18530799E-28
  0.17553587E+14  0.00000000E+00 -0.18838250E-28
  0.17601417E+14  0.00000000E+00 -0.19188676E-28
  0.17649247E+14  0.00000000E+00 -0.19597666E-28
  0.17697077E+14  0.00000000E+00 -0.20094957E-28
  0.17744907E+14  0.00000000E+00 -0.20759085E-28
  0.17792737E+14  0.40949089E-30 -0.21828343E-28
  0.17840567E+14  0.12547157E-29 -0.22443275E-28
  0.17888397E+14  0.20421609E-29 -0.22766783E-28
  0.17936227E+14  0.27862089E-29 -0.23018900E-28
  0.17984057E+14  0.34386564E-29 -0.23242707E-28
  0.18031887E+14  0.42183141E-29 -0.23324966E-28
  0.18079717E+14  0.49453204E-29 -0.23371474E-28
  0.18127547E+14  0.57594190E-29 -0.23372994E-28
  0.18175376E+14  0.65227642E-29 -0.23158360E-28
  0.18223206E+14  0.71756269E-29 -0.22955973E-28
  0.18271036E+14  0.79086954E-29 -0.22771539E-28
  0.18318866E+14  0.86560084E-29 -0.22044751E-28
  0.18366696E+14  0.90232147E-29 -0.21198837E-28
  0.18414526E+14  0.92410365E-29 -0.20591052E-28
  0.18462356E+14  0.91239085E-29 -0.20118569E-28
  0.18510186E+14  0.88698494E-29 -0.19578453E-28
  0.18558016E+14  0.88176876E-29 -0.19269053E-28
  0.18605846E+14  0.85037673E-29 -0.18987514E-28
  0.18653676E+14  0.79292498E-29 -0.18864195E-28
  0.18701506E+14  0.78007087E-29 -0.18798716E-28
  0.18749336E+14  0.71552883E-29 -0.19121479E-28
  0.18797166E+14  0.65996536E-29 -0.19299933E-28
  0.18844996E+14  0.65453505E-29 -0.20107199E-28
  0.18892826E+14  0.64968774E-29 -0.21713597E-28
  0.18940655E+14  0.68494233E-29 -0.21747863E-28
  0.18988485E+14  0.76926054E-29 -0.22909124E-28
  0.19036315E+14  0.81710773E-29 -0.22851725E-28
  0.19084145E+14  0.93218652E-29 -0.23035860E-28
  0.19131975E+14  0.94101220E-29 -0.23831453E-28
  0.19179805E+14  0.96253146E-29 -0.23708186E-28
  0.19227635E+14  0.10068317E-28 -0.24156413E-28
  0.19275465E+14  0.10118199E-28 -0.24414572E-28
  0.19323295E+14  0.11278985E-28 -0.24957927E-28
  0.19371125E+14  0.11519988E-28 -0.25212832E-28
  0.19418955E+14  0.13394036E-28 -0.25479834E-28
  0.19466785E+14  0.13614415E-28 -0.25569288E-28
  0.19514615E+14  0.14790328E-28 -0.25637524E-28
  0.19562445E+14  0.15288381E-28 -0.26567575E-28
  0.19610275E+14  0.16258675E-28 -0.26146765E-28
  0.19658105E+14  0.16088335E-28 -0.26814686E-28
  0.19705934E+14  0.18032628E-28 -0.26682536E-28
  0.19753764E+14  0.19446616E-28 -0.26878786E-28
  0.19801594E+14  0.20623939E-28 -0.27386340E-28
  0.19849424E+14  0.21169854E-28 -0.27506873E-28
  0.19897254E+14  0.22914372E-28 -0.26975130E-28
  0.19945084E+14  0.24723192E-28 -0.27083391E-28
  0.19992914E+14  0.26302004E-28 -0.26906626E-28
  0.20040744E+14  0.26870642E-28 -0.26653432E-28
  0.20088574E+14  0.29890419E-28 -0.25378766E-28
  0.20136404E+14  0.31340071E-28 -0.24742356E-28
  0.20184234E+14  0.31740316E-28 -0.22898828E-28
  0.20232064E+14  0.33099002E-28 -0.22527889E-28
  0.20279894E+14  0.34233497E-28 -0.21046814E-28
  0.20327724E+14  0.35338231E-28 -0.21023529E-28
  0.20375554E+14  0.35090183E-28 -0.19549689E-28
  0.20423384E+14  0.38802814E-28 -0.18120879E-28
  0.20471213E+14  0.38320850E-28 -0.18370277E-28
  0.20519043E+14  0.39357828E-28 -0.16540458E-28
  0.20566873E+14  0.41024323E-28 -0.15963573E-28
  0.20614703E+14  0.42391644E-28 -0.14431767E-28
  0.20662533E+14  0.44635581E-28 -0.14145942E-28
  0.20710363E+14  0.44345244E-28 -0.14212511E-28
  0.20758193E+14  0.49909856E-28 -0.15176533E-28
  0.20806023E+14  0.60770709E-28 -0.17459615E-28
  0.20853853E+14  0.63978586E-28  0.72653837E-29
  0.20901683E+14  0.49427572E-28 -0.13662603E-28
  0.20949513E+14  0.10677833E-27  0.32247736E-29
  0.20997343E+14  0.73551260E-28  0.62646219E-28
  0.21045173E+14  0.40778129E-28  0.60466657E-28
  0.21093003E+14  0.28471870E-28  0.49236957E-28
  0.21140833E+14  0.21615273E-28  0.44136976E-28
  0.21188663E+14  0.15888783E-28  0.40191174E-28
  0.21236492E+14  0.11060480E-28  0.36109636E-28
  0.21284322E+14  0.80785197E-29  0.31534578E-28
  0.21332152E+14  0.53985775E-29  0.27716067E-28
  0.21379982E+14  0.34677704E-29  0.23186219E-28
  0.21427812E+14  0.36414348E-29  0.18438528E-28
  0.21475642E+14  0.68837453E-29  0.15462915E-28
  0.21523472E+14  0.78390239E-29  0.16740276E-28
  0.21571302E+14  0.64726647E-29  0.17426291E-28
  0.21619132E+14  0.52321704E-29  0.14792375E-28
  0.21666962E+14  0.48735258E-29  0.13955124E-28
  0.21714792E+14  0.45503563E-29  0.12789456E-28
  0.21762622E+14  0.44505255E-29  0.11704166E-28
  0.21810452E+14  0.44425737E-29  0.10730506E-28
  0.21858282E+14  0.44691455E-29  0.98889356E-29
  0.21906112E+14  0.45645477E-29  0.91103057E-29
  0.21953942E+14  0.46880621E-29  0.84607274E-29
  0.22001771E+14  0.48226277E-29  0.78949659E-29
  0.22049601E+14  0.49759713E-29  0.73932845E-29
  0.22097431E+14  0.51348373E-29  0.69484906E-29
  0.22145261E+14  0.52927044E-29  0.65671646E-29
  0.22193091E+14  0.53968852E-29  0.62299658E-29
  0.22240921E+14  0.55071624E-29  0.59175929E-29
  0.22288751E+14  0.56368887E-29  0.56816215E-29
  0.22336581E+14  0.57551671E-29  0.54330856E-29
  0.22384411E+14  0.58666594E-29  0.52336641E-29
  0.22432241E+14  0.59352792E-29  0.50461977E-29
  0.22480071E+14  0.60352965E-29  0.48927934E-29
  0.22527901E+14  0.61758121E-29  0.47495559E-29
  0.22575731E+14  0.62076654E-29  0.46289332E-29
  0.22623561E+14  0.62963503E-29  0.45421588E-29
  0.22671391E+14  0.63791681E-29  0.44315447E-29
  0.22719221E+14  0.63934117E-29  0.43649401E-29
  0.22767050E+14  0.64875692E-29  0.42961459E-29
  0.22814880E+14  0.65388006E-29  0.42368018E-29
  0.22862710E+14  0.65829672E-29  0.42060141E-29
  0.22910540E+14  0.66298701E-29  0.41738613E-29
  0.22958370E+14  0.66426154E-29  0.41460068E-29
  0.23006200E+14  0.66865593E-29  0.41449596E-29
  0.23054030E+14  0.67188686E-29  0.41133684E-29
  0.23101860E+14  0.67089587E-29  0.41256781E-29
  0.23149690E+14  0.67397873E-29  0.41184812E-29
  0.23197520E+14  0.67296109E-29  0.41346535E-29
  0.23245350E+14  0.67638339E-29  0.41457893E-29
  0.23293180E+14  0.67548459E-29  0.41567505E-29
  0.23341010E+14  0.67456117E-29  0.41817914E-29
  0.23388840E+14  0.67326648E-29  0.42101952E-29
  0.23436670E+14  0.67057097E-29  0.42315087E-29
  0.23484500E+14  0.67159775E-29  0.42730632E-29
  0.23532329E+14  0.66503351E-29  0.42900354E-29
  0.23580159E+14  0.66677441E-29  0.43322109E-29
  0.23627989E+14  0.65988528E-29  0.43680859E-29
  0.23675819E+14  0.66005544E-29  0.44081885E-29
  0.23723649E+14  0.65340172E-29  0.44492086E-29
  0.23771479E+14  0.65150456E-29  0.44884741E-29
  0.23819309E+14  0.64549182E-29  0.45229893E-29
  0.23867139E+14  0.64101136E-29  0.45739135E-29
  0.23914969E+14  0.63596272E-29  0.46093628E-29
  0.23962799E+14  0.62950175E-29  0.46616905E-29
  0.24010629E+14  0.62471024E-29  0.46836128E-29
  0.24058459E+14  0.61683975E-29  0.47424400E-29
  0.24106289E+14  0.61149448E-29  0.47690151E-29
  0.24154119E+14  0.60348323E-29  0.48347277E-29
  0.24201949E+14  0.59522866E-29  0.48368328E-29
  0.24249779E+14  0.58791810E-29  0.49025403E-29
  0.24297609E+14  0.57811359E-29  0.49031659E-29
  0.24345438E+14  0.56972771E-29  0.49531495E-29
  0.24393268E+14  0.55930758E-29  0.49536377E-29
  0.24441098E+14  0.55432355E-29  0.49857183E-29
  0.24488928E+14  0.54001971E-29  0.49847711E-29
  0.24536758E+14  0.53277419E-29  0.49936030E-29
  0.24584588E+14  0.51900146E-29  0.49536641E-29
  0.24632418E+14  0.51305962E-29  0.49217871E-29
  0.24680248E+14  0.50101735E-29  0.48628094E-29
  0.24728078E+14  0.49482046E-29  0.47425193E-29
  0.24775908E+14  0.49428217E-29  0.45059268E-29
  0.24823738E+14  0.52484957E-29  0.44897616E-29
  0.24871568E+14  0.54018382E-29  0.46546921E-29
  0.24919398E+14  0.54125917E-29  0.48348841E-29
  0.24967228E+14  0.54185893E-29  0.49426624E-29
  0.25015058E+14  0.53074858E-29  0.51143891E-29
  0.25062888E+14  0.52982687E-29  0.52052451E-29
  0.25110717E+14  0.51852214E-29  0.53507712E-29
  0.25158547E+14  0.51293264E-29  0.54463901E-29
  0.25206377E+14  0.49391668E-29  0.55735734E-29
  0.25254207E+14  0.49443835E-29  0.56456269E-29
  0.25302037E+14  0.46573522E-29  0.57353104E-29
  0.25349867E+14  0.46919433E-29  0.58164373E-29
  0.25397697E+14  0.44965557E-29  0.58769360E-29
  0.25445527E+14  0.44395877E-29  0.59990465E-29
  0.25493357E+14  0.42449816E-29  0.59712590E-29
  0.25541187E+14  0.41200835E-29  0.61247372E-29
  0.25589017E+14  0.40060321E-29  0.61286396E-29
  0.25636847E+14  0.37090649E-29  0.61932448E-29
  0.25684677E+14  0.36868547E-29  0.62477265E-29
  0.25732507E+14  0.35517320E-29  0.62151080E-29
  0.25780337E+14  0.33304320E-29  0.62717752E-29
  0.25828167E+14  0.31715622E-29  0.63153968E-29
  0.25875996E+14  0.30406082E-29  0.63075320E-29
  0.25923826E+14  0.28411211E-29  0.63181121E-29
  0.25971656E+14  0.27420701E-29  0.63415640E-29
  0.26019486E+14  0.25262828E-29  0.62862709E-29
  0.26067316E+14  0.22998071E-29  0.63108711E-29
  0.26115146E+14  0.22460280E-29  0.63361920E-29
  0.26162976E+14  0.21295589E-29  0.62564370E-29
  0.26210806E+14  0.17055020E-29  0.62373675E-29
  0.26258636E+14  0.16146692E-29  0.62086700E-29
  0.26306466E+14  0.15290364E-29  0.61513906E-29
  0.26354296E+14  0.13974495E-29  0.60674218E-29
  0.26402126E+14  0.11795235E-29  0.60267152E-29
  0.26449956E+14  0.95980187E-30  0.59484736E-29
  0.26497786E+14  0.78458377E-30  0.58712136E-29
  0.26545616E+14  0.60385458E-30  0.57786988E-29
  0.26593446E+14  0.43531247E-30  0.56710907E-29
  0.26641275E+14  0.27382776E-30  0.55524618E-29
  0.26689105E+14  0.95228743E-31  0.54243167E-29
  0.26736935E+14 -0.71492734E-31  0.52876621E-29
  0.26784765E+14 -0.24631310E-30  0.50840048E-29
  0.26832595E+14 -0.38410746E-30  0.49165921E-29
  0.26880425E+14 -0.54299628E-30  0.46643959E-29
  0.26928255E+14 -0.76741170E-30  0.43388700E-29
  0.26976085E+14 -0.97292738E-30  0.37016080E-29
  0.27023915E+14  0.00000000E+00  0.34886139E-29
  0.27071745E+14  0.00000000E+00  0.36286996E-29
  0.27119575E+14  0.00000000E+00  0.36238802E-29
  0.27167405E+14  0.00000000E+00  0.35853600E-29
  0.27215235E+14  0.00000000E+00  0.35345223E-29
  0.27263065E+14  0.00000000E+00  0.34787211E-29
  0.27310895E+14  0.00000000E+00  0.34211299E-29
  0.27358725E+14  0.00000000E+00  0.33632938E-29
  0.27406554E+14  0.00000000E+00  0.33060170E-29
  0.27454384E+14  0.00000000E+00  0.32497309E-29
  0.27502214E+14  0.00000000E+00  0.31946655E-29
  0.27550044E+14  0.00000000E+00  0.31409371E-29
  0.27597874E+14  0.00000000E+00  0.30885949E-29
  0.27645704E+14  0.00000000E+00  0.30376484E-29
  0.27693534E+14  0.00000000E+00  0.29880829E-29
  0.27741364E+14  0.00000000E+00  0.29398693E-29
  0.27789194E+14  0.00000000E+00  0.28929701E-29
  0.27837024E+14  0.00000000E+00  0.28473432E-29
  0.27884854E+14  0.00000000E+00  0.28029441E-29
  0.27932684E+14  0.00000000E+00  0.27597279E-29
  0.27980514E+14  0.00000000E+00  0.27176498E-29
  0.28028344E+14  0.00000000E+00  0.26766662E-29
  0.28076174E+14  0.00000000E+00  0.26367346E-29
  0.28124004E+14  0.00000000E+00  0.25978143E-29
  0.28171833E+14  0.00000000E+00  0.25598663E-29
  0.28219663E+14  0.00000000E+00  0.25228531E-29
  0.28267493E+14  0.00000000E+00  0.24867392E-29
  0.28315323E+14  0.00000000E+00  0.24514908E-29
  0.28363153E+14  0.00000000E+00  0.24170754E-29
  0.28410983E+14  0.00000000E+00  0.23834625E-29
  0.28458813E+14  0.00000000E+00  0.23506230E-29
  0.28506643E+14  0.00000000E+00  0.23185290E-29
  0.28554473E+14  0.00000000E+00  0.22871543E-29
  0.28602303E+14  0.00000000E+00  0.22564737E-29
  0.28650133E+14  0.00000000E+00  0.22264635E-29
  0.28697963E+14  0.00000000E+00  0.21971009E-29
  0.28745793E+14  0.00000000E+00  0.21683643E-29
  0.28793623E+14  0.00000000E+00  0.21402331E-29
  0.28841453E+14  0.00000000E+00  0.21126876E-29
  0.28889283E+14  0.00000000E+00  0.20857090E-29
  0.28937112E+14  0.00000000E+00  0.20592795E-29
  0.28984942E+14  0.00000000E+00  0.20333820E-29
  0.29032772E+14  0.00000000E+00  0.20080000E-29
  0.29080602E+14  0.00000000E+00  0.19831181E-29
  0.29128432E+14  0.00000000E+00  0.19587211E-29
  0.29176262E+14  0.00000000E+00  0.19347949E-29
  0.29224092E+14  0.00000000E+00  0.19113256E-29
  0.29271922E+14  0.00000000E+00  0.18883000E-29
  0.29319752E+14  0.00000000E+00  0.18657057E-29
  0.29367582E+14  0.00000000E+00  0.18435304E-29
  0.29415412E+14  0.00000000E+00  0.18217626E-29
  0.29463242E+14  0.00000000E+00  0.18003910E-29
  0.29511072E+14  0.00000000E+00  0.17794049E-29
  0.29558902E+14  0.00000000E+00  0.17587940E-29
  0.29606732E+14  0.00000000E+00  0.17385483E-29
  0.29654562E+14  0.00000000E+00  0.17186583E-29
  0.29702391E+14  0.00000000E+00  0.16991147E-29
  0.29750221E+14  0.00000000E+00  0.16799086E-29
  0.29798051E+14  0.00000000E+00  0.16610316E-29
  0.29845881E+14  0.00000000E+00  0.16424752E-29
  0.29893711E+14  0.00000000E+00  0.16242317E-29
  0.29941541E+14  0.00000000E+00  0.16062932E-29
  0.29989371E+14  0.00000000E+00  0.15886523E-29
  0.30037201E+14  0.00000000E+00  0.15713019E-29
  0.30085031E+14  0.00000000E+00  0.15542350E-29
  0.30132861E+14  0.00000000E+00  0.15374450E-29
  0.30180691E+14  0.00000000E+00  0.15209252E-29
  0.30228521E+14  0.00000000E+00  0.15046695E-29
  0.30276351E+14  0.00000000E+00  0.14886718E-29
  0.30324181E+14  0.00000000E+00  0.14729262E-29
  0.30372011E+14  0.00000000E+00  0.14574270E-29
  0.30419841E+14  0.00000000E+00  0.14421687E-29
  0.30467671E+14  0.00000000E+00  0.14271459E-29
  0.30515500E+14  0.00000000E+00  0.14123535E-29
  0.30563330E+14  0.00000000E+00  0.13977864E-29
  0.30611160E+14  0.00000000E+00  0.13834397E-29
  0.30658990E+14  0.00000000E+00  0.13693087E-29
  0.30706820E+14  0.00000000E+00  0.13553889E-29
  0.30754650E+14  0.00000000E+00  0.13416757E-29
  0.30802480E+14  0.00000000E+00  0.13281648E-29
  0.30850310E+14  0.00000000E+00  0.13148521E-29
  0.30898140E+14  0.00000000E+00  0.13017334E-29
  0.30945970E+14  0.00000000E+00  0.12888047E-29
  0.30993800E+14  0.00000000E+00  0.12760622E-29
  0.31041630E+14  0.00000000E+00  0.12635022E-29
  0.31089460E+14  0.00000000E+00  0.12511209E-29
  0.31137290E+14  0.00000000E+00  0.12389149E-29
  0.31185120E+14  0.00000000E+00  0.12268806E-29
  0.31232950E+14  0.00000000E+00  0.12150147E-29
  0.31280779E+14  0.00000000E+00  0.12033139E-29
  0.31328609E+14  0.00000000E+00  0.11917750E-29
  0.31376439E+14  0.00000000E+00  0.11803949E-29
  0.31424269E+14  0.00000000E+00  0.11691707E-29
  0.31472099E+14  0.00000000E+00  0.11580992E-29
  0.31519929E+14  0.00000000E+00  0.11471777E-29
  0.31567759E+14  0.00000000E+00  0.11364033E-29
  0.31615589E+14  0.00000000E+00  0.11257734E-29
  0.31663419E+14  0.00000000E+00  0.11152852E-29
  0.31711249E+14  0.00000000E+00  0.11049361E-29
  0.31759079E+14  0.00000000E+00  0.10947237E-29
  0.31806909E+14  0.00000000E+00  0.10846454E-29
  0.31854739E+14  0.00000000E+00  0.10746987E-29
  0.31902569E+14  0.00000000E+00  0.10648815E-29
  0.31950399E+14  0.00000000E+00  0.10551913E-29
  0.31998229E+14  0.00000000E+00  0.10456259E-29
  0.32046058E+14  0.00000000E+00  0.10361831E-29
  0.32093888E+14  0.00000000E+00  0.10268608E-29
  0.32141718E+14  0.00000000E+00  0.10176569E-29
  0.32189548E+14  0.00000000E+00  0.10085692E-29
  0.32237378E+14  0.00000000E+00  0.99959595E-30
  0.32285208E+14  0.00000000E+00  0.99073503E-30
  0.32333038E+14  0.00000000E+00  0.98198458E-30
  0.32380868E+14  0.00000000E+00  0.97334273E-30
  0.32428698E+14  0.00000000E+00  0.96480764E-30
  0.32476528E+14  0.00000000E+00  0.95637754E-30
  0.32524358E+14  0.00000000E+00  0.94805067E-30
  0.32572188E+14  0.00000000E+00  0.93982534E-30
  0.32620018E+14  0.00000000E+00  0.93169986E-30
  0.32667848E+14  0.00000000E+00  0.92367261E-30
  0.32715678E+14  0.00000000E+00  0.91574198E-30
  0.32763508E+14  0.00000000E+00  0.90790641E-30
  0.32811337E+14  0.00000000E+00  0.90016437E-30
  0.32859167E+14  0.00000000E+00  0.89251435E-30
  0.32906997E+14  0.00000000E+00  0.88495488E-30
  0.32954827E+14  0.00000000E+00  0.87748454E-30
  0.33002657E+14  0.00000000E+00  0.87010190E-30
  0.33050487E+14  0.00000000E+00  0.86280559E-30
  0.33098317E+14  0.00000000E+00  0.85559425E-30
  0.33146147E+14  0.00000000E+00  0.84846657E-30
  0.33193977E+14  0.00000000E+00  0.84142125E-30
  0.33241807E+14  0.00000000E+00  0.83445701E-30
  0.33289637E+14  0.00000000E+00  0.82757261E-30
  0.33337467E+14  0.00000000E+00  0.82076682E-30
  0.33385297E+14  0.00000000E+00  0.81403846E-30
  0.33433127E+14  0.00000000E+00  0.80738635E-30
  0.33480957E+14  0.00000000E+00  0.80080934E-30
  0.33528787E+14  0.00000000E+00  0.79430629E-30
  0.33576616E+14  0.00000000E+00  0.78787612E-30
  0.33624446E+14  0.00000000E+00  0.78151772E-30
  0.33672276E+14  0.00000000E+00  0.77523004E-30
  0.33720106E+14  0.00000000E+00  0.76901203E-30
  0.33767936E+14  0.00000000E+00  0.76286268E-30
  0.33815766E+14  0.00000000E+00  0.75678097E-30
  0.33863596E+14  0.00000000E+00  0.75076592E-30
  0.33911426E+14  0.00000000E+00  0.74481657E-30
  0.33959256E+14  0.00000000E+00  0.73893196E-30
  0.34007086E+14  0.00000000E+00  0.73311117E-30
  0.34054916E+14  0.00000000E+00  0.72735327E-30
  0.34102746E+14  0.00000000E+00  0.72165738E-30
  0.34150576E+14  0.00000000E+00  0.71602262E-30
  0.34198406E+14  0.00000000E+00  0.71044811E-30
  0.34246236E+14  0.00000000E+00  0.70493301E-30
  0.34294066E+14  0.00000000E+00  0.69947648E-30
  0.34341895E+14  0.00000000E+00  0.69407771E-30
  0.34389725E+14  0.00000000E+00  0.68873590E-30
  0.34437555E+14  0.00000000E+00  0.68345024E-30
  0.34485385E+14  0.00000000E+00  0.67821998E-30
  0.34533215E+14  0.00000000E+00  0.67304433E-30
  0.34581045E+14  0.00000000E+00  0.66792257E-30
  0.34628875E+14  0.00000000E+00  0.66285394E-30
  0.34676705E+14  0.00000000E+00  0.65783773E-30
  0.34724535E+14  0.00000000E+00  0.65287323E-30
  0.34772365E+14  0.00000000E+00  0.64795973E-30
  0.34820195E+14  0.00000000E+00  0.64309656E-30
  0.34868025E+14  0.00000000E+00  0.63828304E-30
  0.34915855E+14  0.00000000E+00  0.63351850E-30
  0.34963685E+14  0.00000000E+00  0.62880230E-30
  0.35011515E+14  0.00000000E+00  0.62413379E-30
  0.35059345E+14  0.00000000E+00  0.61951234E-30
  0.35107174E+14  0.00000000E+00  0.61493734E-30
  0.35155004E+14  0.00000000E+00  0.61040817E-30
  0.35202834E+14  0.00000000E+00  0.60592424E-30
  0.35250664E+14  0.00000000E+00  0.60148496E-30
  0.35298494E+14  0.00000000E+00  0.59708975E-30
  0.35346324E+14  0.00000000E+00  0.59273803E-30
  0.35394154E+14  0.00000000E+00  0.58842925E-30
  0.35441984E+14  0.00000000E+00  0.58416286E-30
  0.35489814E+14  0.00000000E+00  0.57993832E-30
  0.35537644E+14  0.00000000E+00  0.57575508E-30
  0.35585474E+14  0.00000000E+00  0.57161264E-30
  0.35633304E+14  0.00000000E+00  0.56751046E-30
  0.35681134E+14  0.00000000E+00  0.56344804E-30
  0.35728964E+14  0.00000000E+00  0.55942489E-30
  0.35776794E+14  0.00000000E+00  0.55544050E-30
  0.35824624E+14  0.00000000E+00  0.55149440E-30
  0.35872453E+14  0.00000000E+00  0.54758611E-30
  0.35920283E+14  0.00000000E+00  0.54371515E-30
  0.35968113E+14  0.00000000E+00  0.53988107E-30
  0.36015943E+14  0.00000000E+00  0.53608342E-30
  0.36063773E+14  0.00000000E+00  0.53232174E-30
  0.36111603E+14  0.00000000E+00  0.52859559E-30
  0.36159433E+14  0.00000000E+00  0.52490454E-30
  0.36207263E+14  0.00000000E+00  0.52124816E-30
  0.36255093E+14  0.00000000E+00  0.51762603E-30
  0.36302923E+14  0.00000000E+00  0.51403774E-30
  0.36350753E+14  0.00000000E+00  0.51048288E-30
  0.36398583E+14  0.00000000E+00  0.50696105E-30
  0.36446413E+14  0.00000000E+00  0.50347184E-30
  0.36494243E+14  0.00000000E+00  0.50001488E-30
  0.36542073E+14  0.00000000E+00  0.49658977E-30
  0.36589903E+14  0.00000000E+00  0.49319614E-30
  0.36637733E+14  0.00000000E+00  0.48983362E-30
  0.36685562E+14  0.00000000E+00  0.48650183E-30
  0.36733392E+14  0.00000000E+00  0.48320042E-30
  0.36781222E+14  0.00000000E+00  0.47992904E-30
  0.36829052E+14  0.00000000E+00  0.47668732E-30
  0.36876882E+14  0.00000000E+00  0.47347492E-30
  0.36924712E+14  0.00000000E+00  0.47029150E-30
  0.36972542E+14  0.00000000E+00  0.46713673E-30
  0.37020372E+14  0.00000000E+00  0.46401028E-30
  0.37068202E+14  0.00000000E+00  0.46091181E-30
  0.37116032E+14  0.00000000E+00  0.45784101E-30
  0.37163862E+14  0.00000000E+00  0.45479756E-30
  0.37211692E+14  0.00000000E+00  0.45178114E-30
  0.37259522E+14  0.00000000E+00  0.44879145E-30
  0.37307352E+14  0.00000000E+00  0.44582819E-30
  0.37355182E+14  0.00000000E+00  0.44289105E-30
  0.37403012E+14  0.00000000E+00  0.43997975E-30
  0.37450841E+14  0.00000000E+00  0.43709398E-30
  0.37498671E+14  0.00000000E+00  0.43423346E-30
  0.37546501E+14  0.00000000E+00  0.43139791E-30
  0.37594331E+14  0.00000000E+00  0.42858705E-30
  0.37642161E+14  0.00000000E+00  0.42580061E-30
  0.37689991E+14  0.00000000E+00  0.42303831E-30
  0.37737821E+14  0.00000000E+00  0.42029988E-30
  0.37785651E+14  0.00000000E+00  0.41758507E-30
  0.37833481E+14  0.00000000E+00  0.41489361E-30
  0.37881311E+14  0.00000000E+00  0.41222525E-30
  0.37929141E+14  0.00000000E+00  0.40957972E-30
  0.37976971E+14  0.00000000E+00  0.40695679E-30
  0.38024801E+14  0.00000000E+00  0.40435620E-30
  0.38072631E+14  0.00000000E+00  0.40177772E-30
  0.38120461E+14  0.00000000E+00  0.39922110E-30
  0.38168291E+14  0.00000000E+00  0.39668610E-30
  0.38216120E+14  0.00000000E+00  0.39417250E-30
  0.38263950E+14  0.00000000E+00  0.39168006E-30
  0.38311780E+14  0.00000000E+00  0.38920856E-30
  0.38359610E+14  0.00000000E+00  0.38675777E-30
  0.38407440E+14  0.00000000E+00  0.38432747E-30
  0.38455270E+14  0.00000000E+00  0.38191744E-30
  0.38503100E+14  0.00000000E+00  0.37952746E-30
  0.38550930E+14  0.00000000E+00  0.37715733E-30
  0.38598760E+14  0.00000000E+00  0.37480684E-30
  0.38646590E+14  0.00000000E+00  0.37247577E-30
  0.38694420E+14  0.00000000E+00  0.37016393E-30
  0.38742250E+14  0.00000000E+00  0.36787111E-30
  0.38790080E+14  0.00000000E+00  0.36559710E-30
  0.38837910E+14  0.00000000E+00  0.36334173E-30
  0.38885740E+14  0.00000000E+00  0.36110479E-30
  0.38933570E+14  0.00000000E+00  0.35888609E-30
  0.38981399E+14  0.00000000E+00  0.35668543E-30
  0.39029229E+14  0.00000000E+00  0.35450265E-30
  0.39077059E+14  0.00000000E+00  0.35233754E-30
  0.39124889E+14  0.00000000E+00  0.35018994E-30
  0.39172719E+14  0.00000000E+00  0.34805965E-30
  0.39220549E+14  0.00000000E+00  0.34594651E-30
  0.39268379E+14  0.00000000E+00  0.34385033E-30
  0.39316209E+14  0.00000000E+00  0.34177095E-30
  0.39364039E+14  0.00000000E+00  0.33970819E-30
  0.39411869E+14  0.00000000E+00  0.33766188E-30
  0.39459699E+14  0.00000000E+00  0.33563187E-30
  0.39507529E+14  0.00000000E+00  0.33361798E-30
  0.39555359E+14  0.00000000E+00  0.33162005E-30
  0.39603189E+14  0.00000000E+00  0.32963792E-30
  0.39651019E+14  0.00000000E+00  0.32767144E-30
  0.39698849E+14  0.00000000E+00  0.32572044E-30
  0.39746678E+14  0.00000000E+00  0.32378478E-30
  0.39794508E+14  0.00000000E+00  0.32186430E-30
  0.39842338E+14  0.00000000E+00  0.31995884E-30
  0.39890168E+14  0.00000000E+00  0.31806827E-30
  0.39937998E+14  0.00000000E+00  0.31619243E-30
  0.39985828E+14  0.00000000E+00  0.31433118E-30
  0.40033658E+14  0.00000000E+00  0.31248438E-30
  0.40081488E+14  0.00000000E+00  0.31065187E-30
  0.40129318E+14  0.00000000E+00  0.30883353E-30
  0.40177148E+14  0.00000000E+00  0.30702922E-30
  0.40224978E+14  0.00000000E+00  0.30523880E-30
  0.40272808E+14  0.00000000E+00  0.30346212E-30
  0.40320638E+14  0.00000000E+00  0.30169907E-30
  0.40368468E+14  0.00000000E+00  0.29994950E-30
  0.40416298E+14  0.00000000E+00  0.29821330E-30
  0.40464128E+14  0.00000000E+00  0.29649032E-30
  0.40511957E+14  0.00000000E+00  0.29478044E-30
  0.40559787E+14  0.00000000E+00  0.29308354E-30
  0.40607617E+14  0.00000000E+00  0.29139949E-30
  0.40655447E+14  0.00000000E+00  0.28972817E-30
  0.40703277E+14  0.00000000E+00  0.28806946E-30
  0.40751107E+14  0.00000000E+00  0.28642324E-30
  0.40798937E+14  0.00000000E+00  0.28478938E-30
  0.40846767E+14  0.00000000E+00  0.28316778E-30
  0.40894597E+14  0.00000000E+00  0.28155831E-30
  0.40942427E+14  0.00000000E+00  0.27996086E-30
  0.40990257E+14  0.00000000E+00  0.27837533E-30
  0.41038087E+14  0.00000000E+00  0.27680159E-30
  0.41085917E+14  0.00000000E+00  0.27523953E-30
  0.41133747E+14  0.00000000E+00  0.27368905E-30
  0.41181577E+14  0.00000000E+00  0.27215005E-30
  0.41229407E+14  0.00000000E+00  0.27062240E-30
  0.41277236E+14  0.00000000E+00  0.26910601E-30
  0.41325066E+14  0.00000000E+00  0.26760077E-30
  0.41372896E+14  0.00000000E+00  0.26610659E-30
  0.41420726E+14  0.00000000E+00  0.26462334E-30
  0.41468556E+14  0.00000000E+00  0.26315095E-30
  0.41516386E+14  0.00000000E+00  0.26168930E-30
  0.41564216E+14  0.00000000E+00  0.26023830E-30
  0.41612046E+14  0.00000000E+00  0.25879785E-30
  0.41659876E+14  0.00000000E+00  0.25736785E-30
  0.41707706E+14  0.00000000E+00  0.25594822E-30
  0.41755536E+14  0.00000000E+00  0.25453884E-30
  0.41803366E+14  0.00000000E+00  0.25313964E-30
  0.41851196E+14  0.00000000E+00  0.25175052E-30
  0.41899026E+14  0.00000000E+00  0.25037138E-30
  0.41946856E+14  0.00000000E+00  0.24900214E-30
  0.41994686E+14  0.00000000E+00  0.24764271E-30
  0.42042516E+14  0.00000000E+00  0.24629300E-30
  0.42090345E+14  0.00000000E+00  0.24495292E-30
  0.42138175E+14  0.00000000E+00  0.24362239E-30
  0.42186005E+14  0.00000000E+00  0.24230132E-30
  0.42233835E+14  0.00000000E+00  0.24098963E-30
  0.42281665E+14  0.00000000E+00  0.23968723E-30
  0.42329495E+14  0.00000000E+00  0.23839404E-30
  0.42377325E+14  0.00000000E+00  0.23710998E-30
  0.42425155E+14  0.00000000E+00  0.23583497E-30
  0.42472985E+14  0.00000000E+00  0.23456893E-30
  0.42520815E+14  0.00000000E+00  0.23331177E-30
  0.42568645E+14  0.00000000E+00  0.23206343E-30
  0.42616475E+14  0.00000000E+00  0.23082382E-30
  0.42664305E+14  0.00000000E+00  0.22959287E-30
  0.42712135E+14  0.00000000E+00  0.22837050E-30
  0.42759965E+14  0.00000000E+00  0.22715663E-30
  0.42807795E+14  0.00000000E+00  0.22595120E-30
  0.42855624E+14  0.00000000E+00  0.22475413E-30
  0.42903454E+14  0.00000000E+00  0.22356534E-30
  0.42951284E+14  0.00000000E+00  0.22238477E-30
  0.42999114E+14  0.00000000E+00  0.22121234E-30
  0.43046944E+14  0.00000000E+00  0.22004799E-30
  0.43094774E+14  0.00000000E+00  0.21889163E-30
  0.43142604E+14  0.00000000E+00  0.21774322E-30
  0.43190434E+14  0.00000000E+00  0.21660267E-30
  0.43238264E+14  0.00000000E+00  0.21546991E-30
  0.43286094E+14  0.00000000E+00  0.21434490E-30
  0.43333924E+14  0.00000000E+00  0.21322754E-30
  0.43381754E+14  0.00000000E+00  0.21211779E-30
  0.43429584E+14  0.00000000E+00  0.21101558E-30
  0.43477414E+14  0.00000000E+00  0.20992084E-30
  0.43525244E+14  0.00000000E+00  0.20883350E-30
  0.43573074E+14  0.00000000E+00  0.20775352E-30
  0.43620903E+14  0.00000000E+00  0.20668082E-30
  0.43668733E+14  0.00000000E+00  0.20561534E-30
  0.43716563E+14  0.00000000E+00  0.20455702E-30
  0.43764393E+14  0.00000000E+00  0.20350581E-30
  0.43812223E+14  0.00000000E+00  0.20246164E-30
  0.43860053E+14  0.00000000E+00  0.20142445E-30
  0.43907883E+14  0.00000000E+00  0.20039419E-30
  0.43955713E+14  0.00000000E+00  0.19937079E-30
  0.44003543E+14  0.00000000E+00  0.19835421E-30
  0.44051373E+14  0.00000000E+00  0.19734438E-30
  0.44099203E+14  0.00000000E+00  0.19634125E-30
  0.44147033E+14  0.00000000E+00  0.19534476E-30
  0.44194863E+14  0.00000000E+00  0.19435486E-30
  0.44242693E+14  0.00000000E+00  0.19337149E-30
  0.44290523E+14  0.00000000E+00  0.19239460E-30
  0.44338353E+14  0.00000000E+00  0.19142414E-30
  0.44386182E+14  0.00000000E+00  0.19046005E-30
  0.44434012E+14  0.00000000E+00  0.18950228E-30
  0.44481842E+14  0.00000000E+00  0.18855078E-30
  0.44529672E+14  0.00000000E+00  0.18760550E-30
  0.44577502E+14  0.00000000E+00  0.18666639E-30
  0.44625332E+14  0.00000000E+00  0.18573340E-30
  0.44673162E+14  0.00000000E+00  0.18480647E-30
  0.44720992E+14  0.00000000E+00  0.18388557E-30
  0.44768822E+14  0.00000000E+00  0.18297063E-30
  0.44816652E+14  0.00000000E+00  0.18206161E-30
  0.44864482E+14  0.00000000E+00  0.18115847E-30
  0.44912312E+14  0.00000000E+00  0.18026116E-30
  0.44960142E+14  0.00000000E+00  0.17936962E-30
  0.45007972E+14  0.00000000E+00  0.17848382E-30
  0.45055802E+14  0.00000000E+00  0.17760371E-30
  0.45103632E+14  0.00000000E+00  0.17672924E-30
  0.45151461E+14  0.00000000E+00  0.17586037E-30
  0.45199291E+14  0.00000000E+00  0.17499704E-30
  0.45247121E+14  0.00000000E+00  0.17413923E-30
  0.45294951E+14  0.00000000E+00  0.17328688E-30
  0.45342781E+14  0.00000000E+00  0.17243996E-30
  0.45390611E+14  0.00000000E+00  0.17159841E-30
  0.45438441E+14  0.00000000E+00  0.17076220E-30
  0.45486271E+14  0.00000000E+00  0.16993128E-30
  0.45534101E+14  0.00000000E+00  0.16910561E-30
  0.45581931E+14  0.00000000E+00  0.16828516E-30
  0.45629761E+14  0.00000000E+00  0.16746987E-30
  0.45677591E+14  0.00000000E+00  0.16665972E-30
  0.45725421E+14  0.00000000E+00  0.16585465E-30
  0.45773251E+14  0.00000000E+00  0.16505463E-30
  0.45821081E+14  0.00000000E+00  0.16425963E-30
  0.45868911E+14  0.00000000E+00  0.16346959E-30
  0.45916740E+14  0.00000000E+00  0.16268449E-30
  0.45964570E+14  0.00000000E+00  0.16190428E-30
  0.46012400E+14  0.00000000E+00  0.16112893E-30
  0.46060230E+14  0.00000000E+00  0.16035839E-30
  0.46108060E+14  0.00000000E+00  0.15959264E-30
  0.46155890E+14  0.00000000E+00  0.15883163E-30
  0.46203720E+14  0.00000000E+00  0.15807533E-30
  0.46251550E+14  0.00000000E+00  0.15732371E-30
  0.46299380E+14  0.00000000E+00  0.15657671E-30
  0.46347210E+14  0.00000000E+00  0.15583432E-30
  0.46395040E+14  0.00000000E+00  0.15509650E-30
  0.46442870E+14  0.00000000E+00  0.15436320E-30
  0.46490700E+14  0.00000000E+00  0.15363440E-30
  0.46538530E+14  0.00000000E+00  0.15291007E-30
  0.46586360E+14  0.00000000E+00  0.15219016E-30
  0.46634190E+14  0.00000000E+00  0.15147464E-30
  0.46682019E+14  0.00000000E+00  0.15076349E-30
  0.46729849E+14  0.00000000E+00  0.15005666E-30
  0.46777679E+14  0.00000000E+00  0.14935413E-30
  0.46825509E+14  0.00000000E+00  0.14865587E-30
  0.46873339E+14  0.00000000E+00  0.14796183E-30
  0.46921169E+14  0.00000000E+00  0.14727199E-30
  0.46968999E+14  0.00000000E+00  0.14658632E-30
  0.47016829E+14  0.00000000E+00  0.14590479E-30
  0.47064659E+14  0.00000000E+00  0.14522736E-30
  0.47112489E+14  0.00000000E+00  0.14455401E-30
  0.47160319E+14  0.00000000E+00  0.14388470E-30
  0.47208149E+14  0.00000000E+00  0.14321940E-30
  0.47255979E+14  0.00000000E+00  0.14255809E-30
  0.47303809E+14  0.00000000E+00  0.14190073E-30
  0.47351639E+14  0.00000000E+00  0.14124730E-30
  0.47399469E+14  0.00000000E+00  0.14059777E-30
  0.47447298E+14  0.00000000E+00  0.13995210E-30
  0.47495128E+14  0.00000000E+00  0.13931027E-30
  0.47542958E+14  0.00000000E+00  0.13867225E-30
  0.47590788E+14  0.00000000E+00  0.13803802E-30
  0.47638618E+14  0.00000000E+00  0.13740754E-30
  0.47686448E+14  0.00000000E+00  0.13678079E-30
  0.47734278E+14  0.00000000E+00  0.13615773E-30
  0.47782108E+14  0.00000000E+00  0.13553835E-30
  0.47829938E+14  0.00000000E+00  0.13492262E-30
  0.47877768E+14  0.00000000E+00  0.13431051E-30
  0.47925598E+14  0.00000000E+00  0.13370199E-30
  0.47973428E+14  0.00000000E+00  0.13309703E-30
  0.48021258E+14  0.00000000E+00  0.13249562E-30
  0.48069088E+14  0.00000000E+00  0.13189772E-30
  0.48116918E+14  0.00000000E+00  0.13130332E-30
  0.48164748E+14  0.00000000E+00  0.13071237E-30
  0.48212578E+14  0.00000000E+00  0.13012487E-30
  0.48260407E+14  0.00000000E+00  0.12954078E-30
  0.48308237E+14  0.00000000E+00  0.12896009E-30
  0.48356067E+14  0.00000000E+00  0.12838276E-30
  0.48403897E+14  0.00000000E+00  0.12780877E-30
  0.48451727E+14  0.00000000E+00  0.12723810E-30
  0.48499557E+14  0.00000000E+00  0.12667072E-30
  0.48547387E+14  0.00000000E+00  0.12610662E-30
  0.48595217E+14  0.00000000E+00  0.12554576E-30
  0.48643047E+14  0.00000000E+00  0.12498813E-30
  0.48690877E+14  0.00000000E+00  0.12443370E-30
  0.48738707E+14  0.00000000E+00  0.12388244E-30
  0.48786537E+14  0.00000000E+00  0.12333434E-30
  0.48834367E+14  0.00000000E+00  0.12278938E-30
  0.48882197E+14  0.00000000E+00  0.12224753E-30
  0.48930027E+14  0.00000000E+00  0.12170877E-30
  0.48977857E+14  0.00000000E+00  0.12117307E-30
  0.49025686E+14  0.00000000E+00  0.12064043E-30
  0.49073516E+14  0.00000000E+00  0.12011080E-30
  0.49121346E+14  0.00000000E+00  0.11958418E-30
  0.49169176E+14  0.00000000E+00  0.11906055E-30
  0.49217006E+14  0.00000000E+00  0.11853987E-30
  0.49264836E+14  0.00000000E+00  0.11802214E-30
  0.49312666E+14  0.00000000E+00  0.11750732E-30
  0.49360496E+14  0.00000000E+00  0.11699541E-30
  0.49408326E+14  0.00000000E+00  0.11648638E-30
  0.49456156E+14  0.00000000E+00  0.11598020E-30
  0.49503986E+14  0.00000000E+00  0.11547687E-30
  0.49551816E+14  0.00000000E+00  0.11497635E-30
  0.49599646E+14  0.00000000E+00  0.11447864E-30
  0.49647476E+14  0.00000000E+00  0.11398371E-30
  0.49695306E+14  0.00000000E+00  0.11349154E-30
  0.49743136E+14  0.00000000E+00  0.11300212E-30
  0.49790965E+14  0.00000000E+00  0.11251541E-30
  0.49838795E+14  0.00000000E+00  0.11203142E-30
  0.49886625E+14  0.00000000E+00  0.11155011E-30
  0.49934455E+14  0.00000000E+00  0.11107147E-30
  0.49982285E+14  0.00000000E+00  0.11059548E-30
  0.50030115E+14  0.00000000E+00  0.11012212E-30
  0.50077945E+14  0.00000000E+00  0.10965138E-30
  0.50125775E+14  0.00000000E+00  0.10918323E-30
  0.50173605E+14  0.00000000E+00  0.10871767E-30
  0.50221435E+14  0.00000000E+00  0.10825466E-30
  0.50269265E+14  0.00000000E+00  0.10779420E-30
  0.50317095E+14  0.00000000E+00  0.10733626E-30
  0.50364925E+14  0.00000000E+00  0.10688083E-30
  0.50412755E+14  0.00000000E+00  0.10642790E-30
  0.50460585E+14  0.00000000E+00  0.10597744E-30
  0.50508415E+14  0.00000000E+00  0.10552944E-30
  0.50556244E+14  0.00000000E+00  0.10508388E-30
  0.50604074E+14  0.00000000E+00  0.10464075E-30
  0.50651904E+14  0.00000000E+00  0.10420003E-30
  0.50699734E+14  0.00000000E+00  0.10376170E-30
  0.50747564E+14  0.00000000E+00  0.10332575E-30
  0.50795394E+14  0.00000000E+00  0.10289216E-30
  0.50843224E+14  0.00000000E+00  0.10246092E-30
  0.50891054E+14  0.00000000E+00  0.10203200E-30
  0.50938884E+14  0.00000000E+00  0.10160541E-30
  0.50986714E+14  0.00000000E+00  0.10118111E-30
  0.51034544E+14  0.00000000E+00  0.10075909E-30
  0.51082374E+14  0.00000000E+00  0.10033934E-30
  0.51130204E+14  0.00000000E+00  0.99921852E-31
  0.51178034E+14  0.00000000E+00  0.99506598E-31
  0.51225864E+14  0.00000000E+00  0.99093568E-31
  0.51273694E+14  0.00000000E+00  0.98682748E-31
  0.51321523E+14  0.00000000E+00  0.98274122E-31
  0.51369353E+14  0.00000000E+00  0.97867677E-31
  0.51417183E+14  0.00000000E+00  0.97463397E-31
  0.51465013E+14  0.00000000E+00  0.97061269E-31
  0.51512843E+14  0.00000000E+00  0.96661279E-31
  0.51560673E+14  0.00000000E+00  0.96263413E-31
  0.51608503E+14  0.00000000E+00  0.95867656E-31
  0.51656333E+14  0.00000000E+00  0.95473996E-31
  0.51704163E+14  0.00000000E+00  0.95082417E-31
  0.51751993E+14  0.00000000E+00  0.94692908E-31
  0.51799823E+14  0.00000000E+00  0.94305453E-31
  0.51847653E+14  0.00000000E+00  0.93920041E-31
  0.51895483E+14  0.00000000E+00  0.93536657E-31
  0.51943313E+14  0.00000000E+00  0.93155289E-31
  0.51991143E+14  0.00000000E+00  0.92775923E-31
  0.52038973E+14  0.00000000E+00  0.92398546E-31
  0.52086802E+14  0.00000000E+00  0.92023147E-31
  0.52134632E+14  0.00000000E+00  0.91649711E-31
  0.52182462E+14  0.00000000E+00  0.91278226E-31
  0.52230292E+14  0.00000000E+00  0.90908680E-31
  0.52278122E+14  0.00000000E+00  0.90541061E-31
  0.52325952E+14  0.00000000E+00  0.90175355E-31
  0.52373782E+14  0.00000000E+00  0.89811551E-31
  0.52421612E+14  0.00000000E+00  0.89449636E-31
  0.52469442E+14  0.00000000E+00  0.89089598E-31
  0.52517272E+14  0.00000000E+00  0.88731426E-31
  0.52565102E+14  0.00000000E+00  0.88375108E-31
  0.52612932E+14  0.00000000E+00  0.88020631E-31
  0.52660762E+14  0.00000000E+00  0.87667984E-31
  0.52708592E+14  0.00000000E+00  0.87317155E-31
  0.52756422E+14  0.00000000E+00  0.86968133E-31
  0.52804252E+14  0.00000000E+00  0.86620907E-31
  0.52852081E+14  0.00000000E+00  0.86275464E-31
  0.52899911E+14  0.00000000E+00  0.85931794E-31
  0.52947741E+14  0.00000000E+00  0.85589886E-31
  0.52995571E+14  0.00000000E+00  0.85249728E-31
  0.53043401E+14  0.00000000E+00  0.84911309E-31
  0.53091231E+14  0.00000000E+00  0.84574619E-31
  0.53139061E+14  0.00000000E+00  0.84239646E-31
  0.53186891E+14  0.00000000E+00  0.83906380E-31
  0.53234721E+14  0.00000000E+00  0.83574810E-31
  0.53282551E+14  0.00000000E+00  0.83244926E-31
  0.53330381E+14  0.00000000E+00  0.82916717E-31
  0.53378211E+14  0.00000000E+00  0.82590172E-31
  0.53426041E+14  0.00000000E+00  0.82265281E-31
  0.53473871E+14  0.00000000E+00  0.81942034E-31
  0.53521701E+14  0.00000000E+00  0.81620420E-31
  0.53569531E+14  0.00000000E+00  0.81300430E-31
  0.53617360E+14  0.00000000E+00  0.80982053E-31
  0.53665190E+14  0.00000000E+00  0.80665280E-31
  0.53713020E+14  0.00000000E+00  0.80350100E-31
  0.53760850E+14  0.00000000E+00  0.80036504E-31
  0.53808680E+14  0.00000000E+00  0.79724481E-31
  0.53856510E+14  0.00000000E+00  0.79414022E-31
  0.53904340E+14  0.00000000E+00  0.79105118E-31
  0.53952170E+14  0.00000000E+00  0.78797759E-31
  0.54000000E+14  0.00000000E+00  0.78491935E-31
