  0.47829938E+11 -0.68082229E-29  0.19259527E-28
  0.95659876E+11 -0.68106015E-29  0.14433624E-28
  0.14348981E+12 -0.68220966E-29  0.12190330E-28
  0.19131975E+12 -0.68199509E-29  0.10659354E-28
  0.23914969E+12 -0.68072168E-29  0.95376620E-29
  0.28697963E+12 -0.68326554E-29  0.85540182E-29
  0.33480957E+12 -0.68542073E-29  0.76380163E-29
  0.38263950E+12 -0.68462659E-29  0.64636743E-29
  0.43046944E+12 -0.53845009E-29  0.56493217E-29
  0.47829938E+12 -0.53879151E-29  0.65621112E-29
  0.52612932E+12 -0.59708625E-29  0.62112129E-29
  0.57395926E+12 -0.60345983E-29  0.55963048E-29
  0.62178919E+12 -0.60953822E-29  0.53503244E-29
  0.66961913E+12 -0.63311523E-29  0.48671835E-29
  0.71744907E+12 -0.64254407E-29  0.41010098E-29
  0.76527901E+12 -0.57744119E-29  0.33440876E-29
  0.81310895E+12 -0.53435703E-29  0.33685983E-29
  0.86093888E+12 -0.51147787E-29  0.36144058E-29
  0.90876882E+12 -0.52813254E-29  0.35963645E-29
  0.95659876E+12 -0.56315873E-29  0.34079217E-29
  0.10044287E+13 -0.58214678E-29  0.28062539E-29
  0.10522586E+13 -0.53725350E-29  0.22123920E-29
  0.11000886E+13 -0.50796263E-29  0.21709135E-29
  0.11479185E+13 -0.47883128E-29  0.21268709E-29
  0.11957484E+13 -0.47923120E-29  0.21930299E-29
  0.12435784E+13 -0.49476446E-29  0.21592936E-29
  0.12914083E+13 -0.51250631E-29  0.17786186E-29
  0.13392383E+13 -0.48013773E-29  0.14364383E-29
  0.13870682E+13 -0.46491602E-29  0.13628620E-29
  0.14348981E+13 -0.45395551E-29  0.12675896E-29
  0.14827281E+13 -0.43907876E-29  0.11300220E-29
  0.15305580E+13 -0.43729045E-29  0.11716379E-29
  0.15783880E+13 -0.44001943E-29  0.92914619E-30
  0.16262179E+13 -0.42518741E-29  0.82473150E-30
  0.16740478E+13 -0.42508434E-29  0.70113015E-30
  0.17218778E+13 -0.40751898E-29  0.51485581E-30
  0.17697077E+13 -0.39128713E-29  0.45979863E-30
  0.18175376E+13 -0.38976696E-29  0.44445191E-30
  0.18653676E+13 -0.38672698E-29  0.38352400E-30
  0.19131975E+13 -0.38518488E-29  0.22550813E-30
  0.19610275E+13 -0.36782796E-29  0.46959258E-31
  0.20088574E+13 -0.36159079E-29  0.90075912E-32
  0.20566873E+13 -0.33576841E-29 -0.13316916E-30
  0.21045173E+13 -0.33425395E-29  0.39517157E-31
  0.21523472E+13 -0.33915415E-29 -0.16062549E-30
  0.22001771E+13 -0.32824271E-29 -0.21735413E-30
  0.22480071E+13 -0.32680888E-29 -0.37066665E-30
  0.22958370E+13 -0.31014466E-29 -0.51216042E-30
  0.23436670E+13 -0.28820008E-29 -0.46241416E-30
  0.23914969E+13 -0.28915549E-29 -0.42138185E-30
  0.24393268E+13 -0.28719828E-29 -0.52885669E-30
  0.24871568E+13 -0.27607346E-29 -0.59918473E-30
  0.25349867E+13 -0.27747092E-29 -0.70669251E-30
  0.25828167E+13 -0.24650896E-29 -0.85319406E-30
  0.26306466E+13 -0.24245078E-29 -0.71388107E-30
  0.26784765E+13 -0.24085231E-29 -0.78249943E-30
  0.27263065E+13 -0.22887254E-29 -0.85831987E-30
  0.27741364E+13 -0.22145269E-29 -0.84906103E-30
  0.28219663E+13 -0.21964562E-29 -0.97536955E-30
  0.28697963E+13 -0.19313282E-29 -0.10049089E-29
  0.29176262E+13 -0.19586564E-29 -0.93649016E-30
  0.29654562E+13 -0.18972904E-29 -0.10226359E-29
  0.30132861E+13 -0.17423237E-29 -0.10674387E-29
  0.30611160E+13 -0.16833230E-29 -0.10569312E-29
  0.31089460E+13 -0.16147584E-29 -0.11536508E-29
  0.31567759E+13 -0.14642937E-29 -0.10981367E-29
  0.32046058E+13 -0.13888224E-29 -0.10735122E-29
  0.32524358E+13 -0.13524148E-29 -0.11783327E-29
  0.33002657E+13 -0.12336761E-29 -0.11772110E-29
  0.33480957E+13 -0.11119734E-29 -0.11713647E-29
  0.33959256E+13 -0.10130852E-29 -0.12117842E-29
  0.34437555E+13 -0.93131280E-30 -0.11460628E-29
  0.34915855E+13 -0.86170157E-30 -0.11530633E-29
  0.35394154E+13 -0.79360777E-30 -0.12044432E-29
  0.35872453E+13 -0.68350873E-30 -0.12151532E-29
  0.36350753E+13 -0.57946855E-30 -0.12103742E-29
  0.36829052E+13 -0.44339588E-30 -0.11705934E-29
  0.37307352E+13 -0.36512955E-30 -0.11495541E-29
  0.37785651E+13 -0.34487148E-30 -0.11317501E-29
  0.38263950E+13 -0.24149799E-30 -0.11655157E-29
  0.38742250E+13 -0.13242186E-30 -0.11735458E-29
  0.39220549E+13  0.22475400E-31 -0.11710012E-29
  0.39698849E+13  0.10461443E-30 -0.10891166E-29
  0.40177148E+13  0.19850099E-30 -0.10605062E-29
  0.40655447E+13  0.25006586E-30 -0.10155735E-29
  0.41133747E+13  0.30709625E-30 -0.10370462E-29
  0.41612046E+13  0.41117245E-30 -0.10626709E-29
  0.42090345E+13  0.57877004E-30 -0.10456024E-29
  0.42568645E+13  0.69780792E-30 -0.98136728E-30
  0.43046944E+13  0.80442806E-30 -0.91367157E-30
  0.43525244E+13  0.87529500E-30 -0.85192588E-30
  0.44003543E+13  0.92209310E-30 -0.82649778E-30
  0.44481842E+13  0.10071419E-29 -0.85135713E-30
  0.44960142E+13  0.11603276E-29 -0.83951557E-30
  0.45438441E+13  0.13127899E-29 -0.78954824E-30
  0.45916740E+13  0.14367537E-29 -0.70487814E-30
  0.46395040E+13  0.15237040E-29 -0.62534309E-30
  0.46873339E+13  0.15897367E-29 -0.58428839E-30
  0.47351639E+13  0.16981483E-29 -0.57905227E-30
  0.47829938E+13  0.18358975E-29 -0.55567965E-30
  0.48308237E+13  0.20067636E-29 -0.51928591E-30
  0.48786537E+13  0.21932773E-29 -0.42714626E-30
  0.49264836E+13  0.22796945E-29 -0.36068391E-30
  0.49743136E+13  0.24021766E-29 -0.30932084E-30
  0.50221435E+13  0.25704162E-29 -0.26238813E-30
  0.50699734E+13  0.27335208E-29 -0.25528115E-30
  0.51178034E+13  0.29131726E-29 -0.16880790E-30
  0.51656333E+13  0.31622232E-29 -0.15898114E-30
  0.52134632E+13  0.33916401E-29 -0.38126288E-31
  0.52612932E+13  0.36046050E-29 -0.10711709E-31
  0.53091231E+13  0.38980769E-29 -0.14592718E-32
  0.53569531E+13  0.42604383E-29  0.36199545E-32
  0.54047830E+13  0.47913099E-29  0.18566974E-31
  0.54526129E+13  0.52665053E-29  0.52938651E-31
  0.55004429E+13  0.62589535E-29  0.95592743E-31
  0.55482728E+13  0.81291841E-29  0.40212192E-30
  0.55961027E+13  0.90277120E-29  0.34791331E-29
  0.56439327E+13  0.80498201E-29  0.47552873E-29
  0.56917626E+13  0.75059302E-29  0.58249992E-29
  0.57395926E+13  0.71526628E-29  0.65212921E-29
  0.57874225E+13  0.66637102E-29  0.73308781E-29
  0.58352524E+13  0.60649228E-29  0.77565977E-29
  0.58830824E+13  0.55622694E-29  0.85295340E-29
  0.59309123E+13  0.49621186E-29  0.87857928E-29
  0.59787422E+13  0.44496854E-29  0.93021449E-29
  0.60265722E+13  0.39909091E-29  0.96518762E-29
  0.60744021E+13  0.32998292E-29  0.10021768E-28
  0.61222321E+13  0.29541968E-29  0.10198602E-28
  0.61700620E+13  0.23531030E-29  0.10682890E-28
  0.62178919E+13  0.17385909E-29  0.10764772E-28
  0.62657219E+13  0.13070032E-29  0.10985531E-28
  0.63135518E+13  0.74345155E-30  0.11150969E-28
  0.63613818E+13  0.26214036E-30  0.11378098E-28
  0.64092117E+13 -0.41457038E-30  0.11484959E-28
  0.64570416E+13 -0.82032752E-30  0.11486687E-28
  0.65048716E+13 -0.13090766E-29  0.11713115E-28
  0.65527015E+13 -0.19741865E-29  0.11738406E-28
  0.66005314E+13 -0.24366549E-29  0.11719532E-28
  0.66483614E+13 -0.29621201E-29  0.11777158E-28
  0.66961913E+13 -0.34476074E-29  0.11740140E-28
  0.67440213E+13 -0.39479473E-29  0.11801686E-28
  0.67918512E+13 -0.45835776E-29  0.11744236E-28
  0.68396811E+13 -0.50253121E-29  0.11571675E-28
  0.68875111E+13 -0.54492929E-29  0.11578216E-28
  0.69353410E+13 -0.60498403E-29  0.11529984E-28
  0.69831709E+13 -0.65578160E-29  0.11349391E-28
  0.70310009E+13 -0.70265302E-29  0.11221774E-28
  0.70788308E+13 -0.75331168E-29  0.11059627E-28
  0.71266608E+13 -0.79704877E-29  0.10890812E-28
  0.71744907E+13 -0.84666707E-29  0.10778010E-28
  0.72223206E+13 -0.90353820E-29  0.10537964E-28
  0.72701506E+13 -0.94561234E-29  0.10236831E-28
  0.73179805E+13 -0.98528456E-29  0.10047075E-28
  0.73658105E+13 -0.10353805E-28  0.98407110E-29
  0.74136404E+13 -0.10841804E-28  0.95494747E-29
  0.74614703E+13 -0.11291502E-28  0.92471661E-29
  0.75093003E+13 -0.11734867E-28  0.89061155E-29
  0.75571302E+13 -0.12117678E-28  0.85723735E-29
  0.76049601E+13 -0.12526665E-28  0.82934673E-29
  0.76527901E+13 -0.13016302E-28  0.79480937E-29
  0.77006200E+13 -0.13447332E-28  0.75090473E-29
  0.77484500E+13 -0.13796732E-28  0.70870124E-29
  0.77962799E+13 -0.14170464E-28  0.67022309E-29
  0.78441098E+13 -0.14571567E-28  0.62841618E-29
  0.78919398E+13 -0.14970745E-28  0.58181995E-29
  0.79397697E+13 -0.15352321E-28  0.53033125E-29
  0.79875996E+13 -0.15674134E-28  0.47354058E-29
  0.80354296E+13 -0.15938324E-28  0.41959464E-29
  0.80832595E+13 -0.16212147E-28  0.36591693E-29
  0.81310895E+13 -0.16469998E-28  0.30786318E-29
  0.81789194E+13 -0.16672848E-28  0.24798734E-29
  0.82267493E+13 -0.16828893E-28  0.18922022E-29
  0.82745793E+13 -0.16970999E-28  0.13232275E-29
  0.83224092E+13 -0.17082706E-28  0.72861157E-30
  0.83702391E+13 -0.17123622E-28  0.21099724E-30
  0.84180691E+13 -0.17207665E-28 -0.26880609E-30
  0.84658990E+13 -0.17370580E-28 -0.79927313E-30
  0.85137290E+13 -0.17504037E-28 -0.13345353E-29
  0.85615589E+13 -0.17579048E-28 -0.18848803E-29
  0.86093888E+13 -0.17793281E-28 -0.24275969E-29
  0.86572188E+13 -0.17941103E-28 -0.30324049E-29
  0.87050487E+13 -0.18050785E-28 -0.36906821E-29
  0.87528787E+13 -0.18168590E-28 -0.43304571E-29
  0.88007086E+13 -0.18296845E-28 -0.50626301E-29
  0.88485385E+13 -0.18605422E-28 -0.59512866E-29
  0.88963685E+13 -0.18417092E-28 -0.71171565E-29
  0.89441984E+13 -0.17994476E-28 -0.80457690E-29
  0.89920283E+13 -0.17570594E-28 -0.87508018E-29
  0.90398583E+13 -0.17182691E-28 -0.93854504E-29
  0.90876882E+13 -0.16849282E-28 -0.10016986E-28
  0.91355182E+13 -0.16433591E-28 -0.10631724E-28
  0.91833481E+13 -0.16121768E-28 -0.11183578E-28
  0.92311780E+13 -0.15688025E-28 -0.11753795E-28
  0.92790080E+13 -0.15337691E-28 -0.12274850E-28
  0.93268379E+13 -0.14953353E-28 -0.12802434E-28
  0.93746678E+13 -0.14617879E-28 -0.13422107E-28
  0.94224978E+13 -0.14147007E-28 -0.13983183E-28
  0.94703277E+13 -0.13674223E-28 -0.14495871E-28
  0.95181577E+13 -0.13162197E-28 -0.14949136E-28
  0.95659876E+13 -0.12716762E-28 -0.15418465E-28
  0.96138175E+13 -0.12275366E-28 -0.15939943E-28
  0.96616475E+13 -0.11711569E-28 -0.16372562E-28
  0.97094774E+13 -0.11322197E-28 -0.16782998E-28
  0.97573074E+13 -0.10714501E-28 -0.17308055E-28
  0.98051373E+13 -0.10222239E-28 -0.17615237E-28
  0.98529672E+13 -0.96608816E-29 -0.18127197E-28
  0.99007972E+13 -0.90653785E-29 -0.18478053E-28
  0.99486271E+13 -0.84996608E-29 -0.18896496E-28
  0.99964570E+13 -0.78888299E-29 -0.19302616E-28
  0.10044287E+14 -0.73769433E-29 -0.19727819E-28
  0.10092117E+14 -0.66686712E-29 -0.20129666E-28
  0.10139947E+14 -0.60595691E-29 -0.20583460E-28
  0.10187777E+14 -0.53808175E-29 -0.21110015E-28
  0.10235607E+14 -0.46846617E-29 -0.21584284E-28
  0.10283437E+14 -0.39007056E-29 -0.22315201E-28
  0.10331267E+14 -0.27266247E-29 -0.22892619E-28
  0.10379097E+14 -0.17211007E-29 -0.23947008E-28
  0.10426926E+14  0.14656149E-29 -0.25142774E-28
  0.10474756E+14  0.38111645E-29 -0.21496986E-28
  0.10522586E+14  0.38119907E-29 -0.21082385E-28
  0.10570416E+14  0.41027941E-29 -0.20269655E-28
  0.10618246E+14  0.43947330E-29 -0.19822543E-28
  0.10666076E+14  0.47322388E-29 -0.19487303E-28
  0.10713906E+14  0.50867871E-29 -0.19242930E-28
  0.10761736E+14  0.54729931E-29 -0.19024191E-28
  0.10809566E+14  0.58546714E-29 -0.18895028E-28
  0.10857396E+14  0.63144409E-29 -0.18796742E-28
  0.10905226E+14  0.67763290E-29 -0.18724693E-28
  0.10953056E+14  0.72964527E-29 -0.18645888E-28
  0.11000886E+14  0.78346231E-29 -0.18650000E-28
  0.11048716E+14  0.84800288E-29 -0.18655647E-28
  0.11096546E+14  0.91672029E-29 -0.18670277E-28
  0.11144376E+14  0.99355178E-29 -0.18685037E-28
  0.11192205E+14  0.10835500E-28 -0.18756532E-28
  0.11240035E+14  0.11965958E-28 -0.18824090E-28
  0.11287865E+14  0.13479584E-28 -0.18934785E-28
  0.11335695E+14  0.15692961E-28 -0.17784777E-28
  0.11383525E+14  0.16708678E-28 -0.16160582E-28
  0.11431355E+14  0.17299796E-28 -0.14733619E-28
  0.11479185E+14  0.17664599E-28 -0.13499719E-28
  0.11527015E+14  0.17906896E-28 -0.12388851E-28
  0.11574845E+14  0.18098693E-28 -0.11367740E-28
  0.11622675E+14  0.18245562E-28 -0.10454721E-28
  0.11670505E+14  0.18405815E-28 -0.96192828E-29
  0.11718335E+14  0.18459836E-28 -0.88287048E-29
  0.11766165E+14  0.18574351E-28 -0.81140206E-29
  0.11813995E+14  0.18720382E-28 -0.74335603E-29
  0.11861825E+14  0.18884205E-28 -0.68071266E-29
  0.11909655E+14  0.19116189E-28 -0.62210057E-29
  0.11957484E+14  0.19460407E-28 -0.56358112E-29
  0.12005314E+14  0.19917438E-28 -0.51188952E-29
  0.12053144E+14  0.21172922E-28 -0.43337054E-29
  0.12100974E+14  0.21695756E-28 -0.23937255E-29
  0.12148804E+14  0.21429354E-28 -0.69517172E-30
  0.12196634E+14  0.21153182E-28  0.50387910E-30
  0.12244464E+14  0.20954701E-28  0.16038274E-29
  0.12292294E+14  0.20793491E-28  0.28241375E-29
  0.12340124E+14  0.20557275E-28  0.39720864E-29
  0.12387954E+14  0.20314087E-28  0.53165945E-29
  0.12435784E+14  0.20077962E-28  0.66042904E-29
  0.12483614E+14  0.19585335E-28  0.80701259E-29
  0.12531444E+14  0.19108185E-28  0.97570212E-29
  0.12579274E+14  0.18490432E-28  0.11752903E-28
  0.12627104E+14  0.18208257E-28  0.16161248E-28
  0.12674934E+14  0.11445726E-28  0.15861522E-28
  0.12722764E+14  0.94983407E-29  0.14792406E-28
  0.12770593E+14  0.80378114E-29  0.13990463E-28
  0.12818423E+14  0.68345335E-29  0.13366629E-28
  0.12866253E+14  0.58096770E-29  0.12757834E-28
  0.12914083E+14  0.48829161E-29  0.12212935E-28
  0.12961913E+14  0.40758059E-29  0.11687543E-28
  0.13009743E+14  0.33436882E-29  0.11156267E-28
  0.13057573E+14  0.26414714E-29  0.10638047E-28
  0.13105403E+14  0.20188684E-29  0.10119483E-28
  0.13153233E+14  0.14309107E-29  0.95741014E-29
  0.13201063E+14  0.88532931E-30  0.90118062E-29
  0.13248893E+14  0.38847523E-30  0.83788860E-29
  0.13296723E+14  0.00000000E+00  0.75442835E-29
  0.13344553E+14  0.00000000E+00  0.68514647E-29
  0.13392383E+14  0.00000000E+00  0.63517044E-29
  0.13440213E+14  0.00000000E+00  0.59365137E-29
  0.13488043E+14  0.00000000E+00  0.55789292E-29
  0.13535872E+14  0.00000000E+00  0.52646419E-29
  0.13583702E+14  0.00000000E+00  0.49846474E-29
  0.13631532E+14  0.00000000E+00  0.47327256E-29
  0.13679362E+14  0.00000000E+00  0.45043183E-29
  0.13727192E+14  0.00000000E+00  0.42959465E-29
  0.13775022E+14  0.00000000E+00  0.41048737E-29
  0.13822852E+14  0.00000000E+00  0.39288980E-29
  0.13870682E+14  0.00000000E+00  0.37662146E-29
  0.13918512E+14  0.00000000E+00  0.36153225E-29
  0.13966342E+14  0.00000000E+00  0.34749579E-29
  0.14014172E+14  0.00000000E+00  0.33440452E-29
  0.14062002E+14  0.00000000E+00  0.32216611E-29
  0.14109832E+14  0.00000000E+00  0.31070067E-29
  0.14157662E+14  0.00000000E+00  0.29993860E-29
  0.14205492E+14  0.00000000E+00  0.28981888E-29
  0.14253322E+14  0.00000000E+00  0.28028776E-29
  0.14301151E+14  0.00000000E+00  0.27129761E-29
  0.14348981E+14  0.00000000E+00  0.26280609E-29
  0.14396811E+14  0.00000000E+00  0.25477538E-29
  0.14444641E+14  0.00000000E+00  0.24717158E-29
  0.14492471E+14  0.00000000E+00  0.23996419E-29
  0.14540301E+14  0.00000000E+00  0.23312574E-29
  0.14588131E+14  0.00000000E+00  0.22663134E-29
  0.14635961E+14  0.00000000E+00  0.22045845E-29
  0.14683791E+14  0.00000000E+00  0.21458658E-29
  0.14731621E+14  0.00000000E+00  0.20899704E-29
  0.14779451E+14  0.00000000E+00  0.20367282E-29
  0.14827281E+14  0.00000000E+00  0.19859834E-29
  0.14875111E+14  0.00000000E+00  0.19375935E-29
  0.14922941E+14  0.00000000E+00  0.18914279E-29
  0.14970771E+14  0.00000000E+00  0.18473666E-29
  0.15018601E+14  0.00000000E+00  0.18052995E-29
  0.15066430E+14  0.00000000E+00  0.17651255E-29
  0.15114260E+14  0.00000000E+00  0.17267514E-29
  0.15162090E+14  0.00000000E+00  0.16900917E-29
  0.15209920E+14  0.00000000E+00  0.16550677E-29
  0.15257750E+14  0.00000000E+00  0.16216070E-29
  0.15305580E+14  0.00000000E+00  0.15896431E-29
  0.15353410E+14  0.00000000E+00  0.15591152E-29
  0.15401240E+14  0.00000000E+00  0.15299673E-29
  0.15449070E+14  0.00000000E+00  0.15021485E-29
  0.15496900E+14  0.00000000E+00  0.14756124E-29
  0.15544730E+14  0.00000000E+00  0.14503170E-29
  0.15592560E+14  0.00000000E+00  0.14262244E-29
  0.15640390E+14  0.00000000E+00  0.14033007E-29
  0.15688220E+14  0.00000000E+00  0.13815158E-29
  0.15736050E+14  0.00000000E+00  0.13608436E-29
  0.15783880E+14  0.00000000E+00  0.13412615E-29
  0.15831709E+14  0.00000000E+00  0.13227508E-29
  0.15879539E+14  0.00000000E+00  0.13052964E-29
  0.15927369E+14  0.00000000E+00  0.12888870E-29
  0.15975199E+14  0.00000000E+00  0.12735152E-29
  0.16023029E+14  0.00000000E+00  0.12591773E-29
  0.16070859E+14  0.00000000E+00  0.12458741E-29
  0.16118689E+14  0.00000000E+00  0.12336105E-29
  0.16166519E+14  0.00000000E+00  0.12223959E-29
  0.16214349E+14  0.00000000E+00  0.12122450E-29
  0.16262179E+14  0.00000000E+00  0.12031774E-29
  0.16310009E+14  0.00000000E+00  0.11952187E-29
  0.16357839E+14  0.00000000E+00  0.11884010E-29
  0.16405669E+14  0.00000000E+00  0.11827634E-29
  0.16453499E+14  0.00000000E+00  0.11783529E-29
  0.16501329E+14  0.00000000E+00  0.11752254E-29
  0.16549159E+14  0.00000000E+00  0.11734471E-29
  0.16596988E+14  0.00000000E+00  0.11730956E-29
  0.16644818E+14  0.00000000E+00  0.11742619E-29
  0.16692648E+14  0.00000000E+00  0.11770525E-29
  0.16740478E+14  0.00000000E+00  0.11815919E-29
  0.16788308E+14  0.00000000E+00  0.11880258E-29
  0.16836138E+14  0.00000000E+00  0.11965251E-29
  0.16883968E+14  0.00000000E+00  0.12072907E-29
  0.16931798E+14  0.00000000E+00  0.12205598E-29
  0.16979628E+14  0.00000000E+00  0.12366132E-29
  0.17027458E+14  0.00000000E+00  0.12557861E-29
  0.17075288E+14  0.00000000E+00  0.12784802E-29
  0.17123118E+14  0.00000000E+00  0.13051814E-29
  0.17170948E+14  0.00000000E+00  0.13364821E-29
  0.17218778E+14  0.00000000E+00  0.13731126E-29
  0.17266608E+14  0.00000000E+00  0.14159835E-29
  0.17314438E+14  0.00000000E+00  0.14662477E-29
  0.17362267E+14  0.00000000E+00  0.15253891E-29
  0.17410097E+14  0.00000000E+00  0.15953591E-29
  0.17457927E+14  0.00000000E+00  0.16787902E-29
  0.17505757E+14  0.00000000E+00  0.17793539E-29
  0.17553587E+14  0.00000000E+00  0.19023982E-29
  0.17601417E+14  0.00000000E+00  0.20561983E-29
  0.17649247E+14  0.00000000E+00  0.22547668E-29
  0.17697077E+14  0.00000000E+00  0.25257126E-29
  0.17744907E+14  0.00000000E+00  0.29443499E-29
  0.17792737E+14 -0.40860526E-30  0.37416315E-29
  0.17840567E+14 -0.12384200E-29  0.40535281E-29
  0.17888397E+14 -0.19896932E-29  0.40506900E-29
  0.17936227E+14 -0.26708604E-29  0.39544973E-29
  0.17984057E+14 -0.32461185E-29  0.38129710E-29
  0.18031887E+14 -0.39125538E-29  0.35153445E-29
  0.18079717E+14 -0.45007829E-29  0.31693971E-29
  0.18127547E+14 -0.51356559E-29  0.27742458E-29
  0.18175376E+14 -0.56912567E-29  0.21774129E-29
  0.18223206E+14 -0.61421350E-29  0.15784195E-29
  0.18271036E+14 -0.66588056E-29  0.97076859E-30
  0.18318866E+14 -0.72735213E-29 -0.13296267E-30
  0.18366696E+14 -0.73015114E-29 -0.15866112E-29
  0.18414526E+14 -0.69694757E-29 -0.26260325E-29
  0.18462356E+14 -0.64554640E-29 -0.35098662E-29
  0.18510186E+14 -0.58614153E-29 -0.42687570E-29
  0.18558016E+14 -0.53410599E-29 -0.48851504E-29
  0.18605846E+14 -0.47199981E-29 -0.54346295E-29
  0.18653676E+14 -0.39820419E-29 -0.58752285E-29
  0.18701506E+14 -0.34295118E-29 -0.62395763E-29
  0.18749336E+14 -0.26807292E-29 -0.65520804E-29
  0.18797166E+14 -0.20598684E-29 -0.68254375E-29
  0.18844996E+14 -0.14640134E-29 -0.69995289E-29
  0.18892826E+14 -0.71092895E-30 -0.70953368E-29
  0.18940655E+14 -0.63311719E-31 -0.71940015E-29
  0.18988485E+14  0.62668720E-30 -0.71881109E-29
  0.19036315E+14  0.12772771E-29 -0.71299200E-29
  0.19084145E+14  0.20670148E-29 -0.69984291E-29
  0.19131975E+14  0.26138738E-29 -0.69064524E-29
  0.19179805E+14  0.32018040E-29 -0.65800646E-29
  0.19227635E+14  0.39111045E-29 -0.63606560E-29
  0.19275465E+14  0.42206496E-29 -0.60768194E-29
  0.19323295E+14  0.49827506E-29 -0.56727786E-29
  0.19371125E+14  0.53562136E-29 -0.53387055E-29
  0.19418955E+14  0.60325444E-29 -0.48492006E-29
  0.19466785E+14  0.64518288E-29 -0.44152347E-29
  0.19514615E+14  0.69007701E-29 -0.38147612E-29
  0.19562445E+14  0.72280358E-29 -0.33677528E-29
  0.19610275E+14  0.76493241E-29 -0.26815841E-29
  0.19658105E+14  0.78424851E-29 -0.21533133E-29
  0.19705934E+14  0.82981226E-29 -0.13592111E-29
  0.19753764E+14  0.84105070E-29 -0.79679019E-30
  0.19801594E+14  0.87004862E-29  0.10649836E-30
  0.19849424E+14  0.86822272E-29  0.65953600E-30
  0.19897254E+14  0.88319369E-29  0.17802408E-29
  0.19945084E+14  0.87460207E-29  0.23665205E-29
  0.19992914E+14  0.86973354E-29  0.34790646E-29
  0.20040744E+14  0.84137464E-29  0.41785224E-29
  0.20088574E+14  0.81274655E-29  0.53503954E-29
  0.20136404E+14  0.74629608E-29  0.60478952E-29
  0.20184234E+14  0.72351698E-29  0.71540741E-29
  0.20232064E+14  0.63504624E-29  0.73886334E-29
  0.20279894E+14  0.57023342E-29  0.88325852E-29
  0.20327724E+14  0.51285033E-29  0.92301804E-29
  0.20375554E+14  0.37332580E-29  0.99936069E-29
  0.20423384E+14  0.24345126E-29  0.10971582E-28
  0.20471213E+14  0.66561792E-30  0.11601158E-28
  0.20519043E+14  0.14040983E-30  0.12369223E-28
  0.20566873E+14 -0.22241545E-29  0.12355985E-28
  0.20614703E+14 -0.52707654E-29  0.12754099E-28
  0.20662533E+14 -0.72427055E-29  0.13087211E-28
  0.20710363E+14 -0.10343578E-28  0.12153754E-28
  0.20758193E+14 -0.16985027E-28  0.11446604E-28
  0.20806023E+14 -0.27838002E-28  0.92690343E-29
  0.20853853E+14 -0.31940912E-28 -0.21802797E-28
  0.20901683E+14 -0.21591368E-30 -0.23001484E-28
  0.20949513E+14 -0.99881927E-29 -0.17638374E-28
  0.20997343E+14  0.26055044E-28 -0.31063201E-28
  0.21045173E+14  0.21962539E-28 -0.10391343E-29
  0.21093003E+14  0.14205396E-28  0.59075815E-29
  0.21140833E+14  0.83333257E-29  0.86222783E-29
  0.21188663E+14  0.32783557E-29  0.88342403E-29
  0.21236492E+14 -0.24931797E-30  0.69833724E-29
  0.21284322E+14 -0.58679730E-30  0.39628342E-29
  0.21332152E+14  0.18347266E-30  0.30888307E-29
  0.21379982E+14  0.62759701E-30  0.33729612E-29
  0.21427812E+14  0.48455265E-30  0.37878958E-29
  0.21475642E+14  0.20660524E-30  0.41972830E-29
  0.21523472E+14 -0.36278442E-30  0.48548548E-29
  0.21571302E+14 -0.26278996E-29  0.70624048E-29
  0.21619132E+14 -0.23697798E-29 -0.21339564E-30
  0.21666962E+14 -0.18115785E-29  0.17713592E-29
  0.21714792E+14 -0.17958494E-29  0.18459537E-29
  0.21762622E+14 -0.18284994E-29  0.17410763E-29
  0.21810452E+14 -0.18441437E-29  0.15888666E-29
  0.21858282E+14 -0.18210773E-29  0.14528210E-29
  0.21906112E+14 -0.17901263E-29  0.13118071E-29
  0.21953942E+14 -0.17694438E-29  0.11745191E-29
  0.22001771E+14 -0.17266374E-29  0.10514877E-29
  0.22049601E+14 -0.16909282E-29  0.94501843E-30
  0.22097431E+14 -0.16490402E-29  0.85626555E-30
  0.22145261E+14 -0.16304638E-29  0.77810309E-30
  0.22193091E+14 -0.15959667E-29  0.68790486E-30
  0.22240921E+14 -0.15191276E-29  0.62850443E-30
  0.22288751E+14 -0.14743611E-29  0.57208014E-30
  0.22336581E+14 -0.14364914E-29  0.50092072E-30
  0.22384411E+14 -0.14225617E-29  0.46260282E-30
  0.22432241E+14 -0.13551094E-29  0.41481441E-30
  0.22480071E+14 -0.13203886E-29  0.38059014E-30
  0.22527901E+14 -0.12908053E-29  0.33830087E-30
  0.22575731E+14 -0.12867519E-29  0.30386496E-30
  0.22623561E+14 -0.12293592E-29  0.28346168E-30
  0.22671391E+14 -0.11985347E-29  0.23606851E-30
  0.22719221E+14 -0.11927002E-29  0.21848858E-30
  0.22767050E+14 -0.11369515E-29  0.19811827E-30
  0.22814880E+14 -0.11277999E-29  0.15739266E-30
  0.22862710E+14 -0.11099699E-29  0.15000375E-30
  0.22910540E+14 -0.10717657E-29  0.13042945E-30
  0.22958370E+14 -0.10573632E-29  0.10689547E-30
  0.23006200E+14 -0.10388351E-29  0.96999445E-31
  0.23054030E+14 -0.10177968E-29  0.66690904E-31
  0.23101860E+14 -0.10146023E-29  0.61500033E-31
  0.23149690E+14 -0.98417285E-30  0.39246666E-31
  0.23197520E+14 -0.97908581E-30  0.22350190E-31
  0.23245350E+14 -0.95787575E-30  0.10365691E-31
  0.23293180E+14 -0.94862245E-30 -0.11846032E-31
  0.23341010E+14 -0.93657834E-30 -0.16471733E-31
  0.23388840E+14 -0.91459788E-30 -0.41135452E-31
  0.23436670E+14 -0.92498861E-30 -0.51125330E-31
  0.23484500E+14 -0.90506680E-30 -0.74957373E-31
  0.23532329E+14 -0.91573649E-30 -0.84738833E-31
  0.23580159E+14 -0.87973705E-30 -0.10722878E-30
  0.23627989E+14 -0.87324971E-30 -0.11721346E-30
  0.23675819E+14 -0.86429918E-30 -0.13846073E-30
  0.23723649E+14 -0.87155238E-30 -0.15630475E-30
  0.23771479E+14 -0.86380557E-30 -0.17052417E-30
  0.23819309E+14 -0.85901306E-30 -0.19656849E-30
  0.23867139E+14 -0.84858594E-30 -0.20922148E-30
  0.23914969E+14 -0.83951634E-30 -0.24401204E-30
  0.23962799E+14 -0.82769407E-30 -0.25567842E-30
  0.24010629E+14 -0.82411167E-30 -0.28851975E-30
  0.24058459E+14 -0.81405378E-30 -0.30609017E-30
  0.24106289E+14 -0.81094765E-30 -0.33606398E-30
  0.24154119E+14 -0.80349989E-30 -0.36094344E-30
  0.24201949E+14 -0.80745790E-30 -0.39057783E-30
  0.24249779E+14 -0.80250011E-30 -0.42924414E-30
  0.24297609E+14 -0.80179031E-30 -0.46502518E-30
  0.24345438E+14 -0.81362510E-30 -0.51601251E-30
  0.24393268E+14 -0.79320970E-30 -0.54740535E-30
  0.24441098E+14 -0.76377237E-30 -0.60041244E-30
  0.24488928E+14 -0.77564783E-30 -0.66002010E-30
  0.24536758E+14 -0.75883536E-30 -0.71607919E-30
  0.24584588E+14 -0.75640268E-30 -0.81630893E-30
  0.24632418E+14 -0.71078868E-30 -0.90388107E-30
  0.24680248E+14 -0.69459907E-30 -0.10286583E-29
  0.24728078E+14 -0.61172044E-30 -0.11934361E-29
  0.24775908E+14 -0.46940569E-30 -0.14579129E-29
  0.24823738E+14 -0.13508650E-31 -0.14954633E-29
  0.24871568E+14  0.25982080E-30 -0.13234066E-29
  0.24919398E+14  0.41689630E-30 -0.11747392E-29
  0.24967228E+14  0.51068704E-30 -0.10237762E-29
  0.25015058E+14  0.57182221E-30 -0.89839977E-30
  0.25062888E+14  0.62445683E-30 -0.76973566E-30
  0.25110717E+14  0.68346541E-30 -0.65670891E-30
  0.25158547E+14  0.69115610E-30 -0.54440533E-30
  0.25206377E+14  0.71321144E-30 -0.42922761E-30
  0.25254207E+14  0.72658121E-30 -0.34411543E-30
  0.25302037E+14  0.69464192E-30 -0.24833692E-30
  0.25349867E+14  0.70722604E-30 -0.15844463E-30
  0.25397697E+14  0.68743096E-30 -0.79638124E-31
  0.25445527E+14  0.67738580E-30  0.62257436E-32
  0.25493357E+14  0.63670153E-30  0.62330436E-31
  0.25541187E+14  0.60982783E-30  0.15481124E-30
  0.25589017E+14  0.59946780E-30  0.21054004E-30
  0.25636847E+14  0.50117879E-30  0.26594615E-30
  0.25684677E+14  0.48688309E-30  0.33961916E-30
  0.25732507E+14  0.47244081E-30  0.36299827E-30
  0.25780337E+14  0.38859161E-30  0.41186160E-30
  0.25828167E+14  0.32403590E-30  0.46096202E-30
  0.25875996E+14  0.29063943E-30  0.49439994E-30
  0.25923826E+14  0.23648634E-30  0.52616530E-30
  0.25971656E+14  0.20539817E-30  0.55644327E-30
  0.26019486E+14  0.89607277E-31  0.55427838E-30
  0.26067316E+14  0.34173856E-31  0.60180676E-30
  0.26115146E+14  0.29425579E-31  0.61773111E-30
  0.26162976E+14 -0.40739843E-32  0.61127298E-30
  0.26210806E+14 -0.23752543E-30  0.61519842E-30
  0.26258636E+14 -0.22529620E-30  0.62079121E-30
  0.26306466E+14 -0.24912832E-30  0.60048924E-30
  0.26354296E+14 -0.29076391E-30  0.57472638E-30
  0.26402126E+14 -0.38275385E-30  0.56819943E-30
  0.26449956E+14 -0.47554145E-30  0.53470049E-30
  0.26497786E+14 -0.54189939E-30  0.50805512E-30
  0.26545616E+14 -0.63658158E-30  0.47213032E-30
  0.26593446E+14 -0.70189615E-30  0.40799442E-30
  0.26641275E+14 -0.76043877E-30  0.34825551E-30
  0.26689105E+14 -0.82798334E-30  0.27717252E-30
  0.26736935E+14 -0.88799803E-30  0.20138263E-30
  0.26784765E+14 -0.95816705E-30  0.57454936E-31
  0.26832595E+14 -0.96948184E-30 -0.26052019E-31
  0.26880425E+14 -0.10555934E-29 -0.21074142E-30
  0.26928255E+14 -0.11253607E-29 -0.45643062E-30
  0.26976085E+14 -0.12363600E-29 -0.10408350E-29
  0.27023915E+14  0.00000000E+00 -0.10272288E-29
  0.27071745E+14  0.00000000E+00 -0.67303484E-30
  0.27119575E+14  0.00000000E+00 -0.52589668E-30
  0.27167405E+14  0.00000000E+00 -0.43772989E-30
  0.27215235E+14  0.00000000E+00 -0.37718367E-30
  0.27263065E+14  0.00000000E+00 -0.33236913E-30
  0.27310895E+14  0.00000000E+00 -0.29755940E-30
  0.27358725E+14  0.00000000E+00 -0.26958614E-30
  0.27406554E+14  0.00000000E+00 -0.24652810E-30
  0.27454384E+14  0.00000000E+00 -0.22714118E-30
  0.27502214E+14  0.00000000E+00 -0.21057887E-30
  0.27550044E+14  0.00000000E+00 -0.19624239E-30
  0.27597874E+14  0.00000000E+00 -0.18369475E-30
  0.27645704E+14  0.00000000E+00 -0.17260870E-30
  0.27693534E+14  0.00000000E+00 -0.16273382E-30
  0.27741364E+14  0.00000000E+00 -0.15387490E-30
  0.27789194E+14  0.00000000E+00 -0.14587735E-30
  0.27837024E+14  0.00000000E+00 -0.13861698E-30
  0.27884854E+14  0.00000000E+00 -0.13199284E-30
  0.27932684E+14  0.00000000E+00 -0.12592194E-30
  0.27980514E+14  0.00000000E+00 -0.12033539E-30
  0.28028344E+14  0.00000000E+00 -0.11517550E-30
  0.28076174E+14  0.00000000E+00 -0.11039359E-30
  0.28124004E+14  0.00000000E+00 -0.10594823E-30
  0.28171833E+14  0.00000000E+00 -0.10180397E-30
  0.28219663E+14  0.00000000E+00 -0.97930285E-31
  0.28267493E+14  0.00000000E+00 -0.94300720E-31
  0.28315323E+14  0.00000000E+00 -0.90892241E-31
  0.28363153E+14  0.00000000E+00 -0.87684692E-31
  0.28410983E+14  0.00000000E+00 -0.84660354E-31
  0.28458813E+14  0.00000000E+00 -0.81803581E-31
  0.28506643E+14  0.00000000E+00 -0.79100509E-31
  0.28554473E+14  0.00000000E+00 -0.76538798E-31
  0.28602303E+14  0.00000000E+00 -0.74107434E-31
  0.28650133E+14  0.00000000E+00 -0.71796545E-31
  0.28697963E+14  0.00000000E+00 -0.69597263E-31
  0.28745793E+14  0.00000000E+00 -0.67501593E-31
  0.28793623E+14  0.00000000E+00 -0.65502308E-31
  0.28841453E+14  0.00000000E+00 -0.63592856E-31
  0.28889283E+14  0.00000000E+00 -0.61767285E-31
  0.28937112E+14  0.00000000E+00 -0.60020173E-31
  0.28984942E+14  0.00000000E+00 -0.58346569E-31
  0.29032772E+14  0.00000000E+00 -0.56741942E-31
  0.29080602E+14  0.00000000E+00 -0.55202138E-31
  0.29128432E+14  0.00000000E+00 -0.53723339E-31
  0.29176262E+14  0.00000000E+00 -0.52302031E-31
  0.29224092E+14  0.00000000E+00 -0.50934973E-31
  0.29271922E+14  0.00000000E+00 -0.49619169E-31
  0.29319752E+14  0.00000000E+00 -0.48351847E-31
  0.29367582E+14  0.00000000E+00 -0.47130438E-31
  0.29415412E+14  0.00000000E+00 -0.45952554E-31
  0.29463242E+14  0.00000000E+00 -0.44815977E-31
  0.29511072E+14  0.00000000E+00 -0.43718639E-31
  0.29558902E+14  0.00000000E+00 -0.42658614E-31
  0.29606732E+14  0.00000000E+00 -0.41634101E-31
  0.29654562E+14  0.00000000E+00 -0.40643417E-31
  0.29702391E+14  0.00000000E+00 -0.39684987E-31
  0.29750221E+14  0.00000000E+00 -0.38757333E-31
  0.29798051E+14  0.00000000E+00 -0.37859069E-31
  0.29845881E+14  0.00000000E+00 -0.36988893E-31
  0.29893711E+14  0.00000000E+00 -0.36145579E-31
  0.29941541E+14  0.00000000E+00 -0.35327975E-31
  0.29989371E+14  0.00000000E+00 -0.34534992E-31
  0.30037201E+14  0.00000000E+00 -0.33765607E-31
  0.30085031E+14  0.00000000E+00 -0.33018849E-31
  0.30132861E+14  0.00000000E+00 -0.32293805E-31
  0.30180691E+14  0.00000000E+00 -0.31589607E-31
  0.30228521E+14  0.00000000E+00 -0.30905436E-31
  0.30276351E+14  0.00000000E+00 -0.30240515E-31
  0.30324181E+14  0.00000000E+00 -0.29594108E-31
  0.30372011E+14  0.00000000E+00 -0.28965513E-31
  0.30419841E+14  0.00000000E+00 -0.28354068E-31
  0.30467671E+14  0.00000000E+00 -0.27759141E-31
  0.30515500E+14  0.00000000E+00 -0.27180130E-31
  0.30563330E+14  0.00000000E+00 -0.26616465E-31
  0.30611160E+14  0.00000000E+00 -0.26067599E-31
  0.30658990E+14  0.00000000E+00 -0.25533015E-31
  0.30706820E+14  0.00000000E+00 -0.25012216E-31
  0.30754650E+14  0.00000000E+00 -0.24504730E-31
  0.30802480E+14  0.00000000E+00 -0.24010106E-31
  0.30850310E+14  0.00000000E+00 -0.23527912E-31
  0.30898140E+14  0.00000000E+00 -0.23057735E-31
  0.30945970E+14  0.00000000E+00 -0.22599182E-31
  0.30993800E+14  0.00000000E+00 -0.22151875E-31
  0.31041630E+14  0.00000000E+00 -0.21715452E-31
  0.31089460E+14  0.00000000E+00 -0.21289567E-31
  0.31137290E+14  0.00000000E+00 -0.20873887E-31
  0.31185120E+14  0.00000000E+00 -0.20468095E-31
  0.31232950E+14  0.00000000E+00 -0.20071884E-31
  0.31280779E+14  0.00000000E+00 -0.19684961E-31
  0.31328609E+14  0.00000000E+00 -0.19307045E-31
  0.31376439E+14  0.00000000E+00 -0.18937864E-31
  0.31424269E+14  0.00000000E+00 -0.18577159E-31
  0.31472099E+14  0.00000000E+00 -0.18224680E-31
  0.31519929E+14  0.00000000E+00 -0.17880184E-31
  0.31567759E+14  0.00000000E+00 -0.17543442E-31
  0.31615589E+14  0.00000000E+00 -0.17214229E-31
  0.31663419E+14  0.00000000E+00 -0.16892332E-31
  0.31711249E+14  0.00000000E+00 -0.16577542E-31
  0.31759079E+14  0.00000000E+00 -0.16269662E-31
  0.31806909E+14  0.00000000E+00 -0.15968497E-31
  0.31854739E+14  0.00000000E+00 -0.15673863E-31
  0.31902569E+14  0.00000000E+00 -0.15385580E-31
  0.31950399E+14  0.00000000E+00 -0.15103477E-31
  0.31998229E+14  0.00000000E+00 -0.14827385E-31
  0.32046058E+14  0.00000000E+00 -0.14557145E-31
  0.32093888E+14  0.00000000E+00 -0.14292600E-31
  0.32141718E+14  0.00000000E+00 -0.14033599E-31
  0.32189548E+14  0.00000000E+00 -0.13779999E-31
  0.32237378E+14  0.00000000E+00 -0.13531657E-31
  0.32285208E+14  0.00000000E+00 -0.13288439E-31
  0.32333038E+14  0.00000000E+00 -0.13050211E-31
  0.32380868E+14  0.00000000E+00 -0.12816849E-31
  0.32428698E+14  0.00000000E+00 -0.12588227E-31
  0.32476528E+14  0.00000000E+00 -0.12364226E-31
  0.32524358E+14  0.00000000E+00 -0.12144732E-31
  0.32572188E+14  0.00000000E+00 -0.11929632E-31
  0.32620018E+14  0.00000000E+00 -0.11718818E-31
  0.32667848E+14  0.00000000E+00 -0.11512184E-31
  0.32715678E+14  0.00000000E+00 -0.11309629E-31
  0.32763508E+14  0.00000000E+00 -0.11111054E-31
  0.32811337E+14  0.00000000E+00 -0.10916362E-31
  0.32859167E+14  0.00000000E+00 -0.10725462E-31
  0.32906997E+14  0.00000000E+00 -0.10538263E-31
  0.32954827E+14  0.00000000E+00 -0.10354676E-31
  0.33002657E+14  0.00000000E+00 -0.10174618E-31
  0.33050487E+14  0.00000000E+00 -0.99980059E-32
  0.33098317E+14  0.00000000E+00 -0.98247592E-32
  0.33146147E+14  0.00000000E+00 -0.96548001E-32
  0.33193977E+14  0.00000000E+00 -0.94880532E-32
  0.33241807E+14  0.00000000E+00 -0.93244449E-32
  0.33289637E+14  0.00000000E+00 -0.91639038E-32
  0.33337467E+14  0.00000000E+00 -0.90063605E-32
  0.33385297E+14  0.00000000E+00 -0.88517475E-32
  0.33433127E+14  0.00000000E+00 -0.86999992E-32
  0.33480957E+14  0.00000000E+00 -0.85510517E-32
  0.33528787E+14  0.00000000E+00 -0.84048429E-32
  0.33576616E+14  0.00000000E+00 -0.82613124E-32
  0.33624446E+14  0.00000000E+00 -0.81204015E-32
  0.33672276E+14  0.00000000E+00 -0.79820530E-32
  0.33720106E+14  0.00000000E+00 -0.78462111E-32
  0.33767936E+14  0.00000000E+00 -0.77128217E-32
  0.33815766E+14  0.00000000E+00 -0.75818319E-32
  0.33863596E+14  0.00000000E+00 -0.74531904E-32
  0.33911426E+14  0.00000000E+00 -0.73268470E-32
  0.33959256E+14  0.00000000E+00 -0.72027531E-32
  0.34007086E+14  0.00000000E+00 -0.70808610E-32
  0.34054916E+14  0.00000000E+00 -0.69611245E-32
  0.34102746E+14  0.00000000E+00 -0.68434985E-32
  0.34150576E+14  0.00000000E+00 -0.67279389E-32
  0.34198406E+14  0.00000000E+00 -0.66144029E-32
  0.34246236E+14  0.00000000E+00 -0.65028487E-32
  0.34294066E+14  0.00000000E+00 -0.63932355E-32
  0.34341895E+14  0.00000000E+00 -0.62855236E-32
  0.34389725E+14  0.00000000E+00 -0.61796741E-32
  0.34437555E+14  0.00000000E+00 -0.60756493E-32
  0.34485385E+14  0.00000000E+00 -0.59734123E-32
  0.34533215E+14  0.00000000E+00 -0.58729269E-32
  0.34581045E+14  0.00000000E+00 -0.57741582E-32
  0.34628875E+14  0.00000000E+00 -0.56770718E-32
  0.34676705E+14  0.00000000E+00 -0.55816342E-32
  0.34724535E+14  0.00000000E+00 -0.54878128E-32
  0.34772365E+14  0.00000000E+00 -0.53955756E-32
  0.34820195E+14  0.00000000E+00 -0.53048916E-32
  0.34868025E+14  0.00000000E+00 -0.52157302E-32
  0.34915855E+14  0.00000000E+00 -0.51280618E-32
  0.34963685E+14  0.00000000E+00 -0.50418574E-32
  0.35011515E+14  0.00000000E+00 -0.49570885E-32
  0.35059345E+14  0.00000000E+00 -0.48737276E-32
  0.35107174E+14  0.00000000E+00 -0.47917475E-32
  0.35155004E+14  0.00000000E+00 -0.47111219E-32
  0.35202834E+14  0.00000000E+00 -0.46318248E-32
  0.35250664E+14  0.00000000E+00 -0.45538310E-32
  0.35298494E+14  0.00000000E+00 -0.44771158E-32
  0.35346324E+14  0.00000000E+00 -0.44016552E-32
  0.35394154E+14  0.00000000E+00 -0.43274254E-32
  0.35441984E+14  0.00000000E+00 -0.42544035E-32
  0.35489814E+14  0.00000000E+00 -0.41825669E-32
  0.35537644E+14  0.00000000E+00 -0.41118934E-32
  0.35585474E+14  0.00000000E+00 -0.40423616E-32
  0.35633304E+14  0.00000000E+00 -0.39739503E-32
  0.35681134E+14  0.00000000E+00 -0.39066389E-32
  0.35728964E+14  0.00000000E+00 -0.38404072E-32
  0.35776794E+14  0.00000000E+00 -0.37752354E-32
  0.35824624E+14  0.00000000E+00 -0.37111042E-32
  0.35872453E+14  0.00000000E+00 -0.36479947E-32
  0.35920283E+14  0.00000000E+00 -0.35858883E-32
  0.35968113E+14  0.00000000E+00 -0.35247670E-32
  0.36015943E+14  0.00000000E+00 -0.34646130E-32
  0.36063773E+14  0.00000000E+00 -0.34054088E-32
  0.36111603E+14  0.00000000E+00 -0.33471377E-32
  0.36159433E+14  0.00000000E+00 -0.32897828E-32
  0.36207263E+14  0.00000000E+00 -0.32333279E-32
  0.36255093E+14  0.00000000E+00 -0.31777570E-32
  0.36302923E+14  0.00000000E+00 -0.31230545E-32
  0.36350753E+14  0.00000000E+00 -0.30692052E-32
  0.36398583E+14  0.00000000E+00 -0.30161940E-32
  0.36446413E+14  0.00000000E+00 -0.29640062E-32
  0.36494243E+14  0.00000000E+00 -0.29126274E-32
  0.36542073E+14  0.00000000E+00 -0.28620436E-32
  0.36589903E+14  0.00000000E+00 -0.28122410E-32
  0.36637733E+14  0.00000000E+00 -0.27632060E-32
  0.36685562E+14  0.00000000E+00 -0.27149254E-32
  0.36733392E+14  0.00000000E+00 -0.26673861E-32
  0.36781222E+14  0.00000000E+00 -0.26205756E-32
  0.36829052E+14  0.00000000E+00 -0.25744812E-32
  0.36876882E+14  0.00000000E+00 -0.25290908E-32
  0.36924712E+14  0.00000000E+00 -0.24843924E-32
  0.36972542E+14  0.00000000E+00 -0.24403742E-32
  0.37020372E+14  0.00000000E+00 -0.23970247E-32
  0.37068202E+14  0.00000000E+00 -0.23543327E-32
  0.37116032E+14  0.00000000E+00 -0.23122870E-32
  0.37163862E+14  0.00000000E+00 -0.22708768E-32
  0.37211692E+14  0.00000000E+00 -0.22300915E-32
  0.37259522E+14  0.00000000E+00 -0.21899206E-32
  0.37307352E+14  0.00000000E+00 -0.21503538E-32
  0.37355182E+14  0.00000000E+00 -0.21113812E-32
  0.37403012E+14  0.00000000E+00 -0.20729929E-32
  0.37450841E+14  0.00000000E+00 -0.20351792E-32
  0.37498671E+14  0.00000000E+00 -0.19979307E-32
  0.37546501E+14  0.00000000E+00 -0.19612380E-32
  0.37594331E+14  0.00000000E+00 -0.19250920E-32
  0.37642161E+14  0.00000000E+00 -0.18894839E-32
  0.37689991E+14  0.00000000E+00 -0.18544047E-32
  0.37737821E+14  0.00000000E+00 -0.18198459E-32
  0.37785651E+14  0.00000000E+00 -0.17857991E-32
  0.37833481E+14  0.00000000E+00 -0.17522558E-32
  0.37881311E+14  0.00000000E+00 -0.17192081E-32
  0.37929141E+14  0.00000000E+00 -0.16866479E-32
  0.37976971E+14  0.00000000E+00 -0.16545673E-32
  0.38024801E+14  0.00000000E+00 -0.16229587E-32
  0.38072631E+14  0.00000000E+00 -0.15918144E-32
  0.38120461E+14  0.00000000E+00 -0.15611272E-32
  0.38168291E+14  0.00000000E+00 -0.15308896E-32
  0.38216120E+14  0.00000000E+00 -0.15010946E-32
  0.38263950E+14  0.00000000E+00 -0.14717350E-32
  0.38311780E+14  0.00000000E+00 -0.14428041E-32
  0.38359610E+14  0.00000000E+00 -0.14142950E-32
  0.38407440E+14  0.00000000E+00 -0.13862012E-32
  0.38455270E+14  0.00000000E+00 -0.13585160E-32
  0.38503100E+14  0.00000000E+00 -0.13312330E-32
  0.38550930E+14  0.00000000E+00 -0.13043460E-32
  0.38598760E+14  0.00000000E+00 -0.12778487E-32
  0.38646590E+14  0.00000000E+00 -0.12517352E-32
  0.38694420E+14  0.00000000E+00 -0.12259994E-32
  0.38742250E+14  0.00000000E+00 -0.12006354E-32
  0.38790080E+14  0.00000000E+00 -0.11756375E-32
  0.38837910E+14  0.00000000E+00 -0.11510001E-32
  0.38885740E+14  0.00000000E+00 -0.11267175E-32
  0.38933570E+14  0.00000000E+00 -0.11027844E-32
  0.38981399E+14  0.00000000E+00 -0.10791953E-32
  0.39029229E+14  0.00000000E+00 -0.10559449E-32
  0.39077059E+14  0.00000000E+00 -0.10330282E-32
  0.39124889E+14  0.00000000E+00 -0.10104400E-32
  0.39172719E+14  0.00000000E+00 -0.98817524E-33
  0.39220549E+14  0.00000000E+00 -0.96622908E-33
  0.39268379E+14  0.00000000E+00 -0.94459665E-33
  0.39316209E+14  0.00000000E+00 -0.92327321E-33
  0.39364039E+14  0.00000000E+00 -0.90225408E-33
  0.39411869E+14  0.00000000E+00 -0.88153469E-33
  0.39459699E+14  0.00000000E+00 -0.86111050E-33
  0.39507529E+14  0.00000000E+00 -0.84097709E-33
  0.39555359E+14  0.00000000E+00 -0.82113010E-33
  0.39603189E+14  0.00000000E+00 -0.80156523E-33
  0.39651019E+14  0.00000000E+00 -0.78227828E-33
  0.39698849E+14  0.00000000E+00 -0.76326509E-33
  0.39746678E+14  0.00000000E+00 -0.74452159E-33
  0.39794508E+14  0.00000000E+00 -0.72604377E-33
  0.39842338E+14  0.00000000E+00 -0.70782770E-33
  0.39890168E+14  0.00000000E+00 -0.68986950E-33
  0.39937998E+14  0.00000000E+00 -0.67216536E-33
  0.39985828E+14  0.00000000E+00 -0.65471152E-33
  0.40033658E+14  0.00000000E+00 -0.63750431E-33
  0.40081488E+14  0.00000000E+00 -0.62054010E-33
  0.40129318E+14  0.00000000E+00 -0.60381533E-33
  0.40177148E+14  0.00000000E+00 -0.58732648E-33
  0.40224978E+14  0.00000000E+00 -0.57107011E-33
  0.40272808E+14  0.00000000E+00 -0.55504283E-33
  0.40320638E+14  0.00000000E+00 -0.53924129E-33
  0.40368468E+14  0.00000000E+00 -0.52366222E-33
  0.40416298E+14  0.00000000E+00 -0.50830238E-33
  0.40464128E+14  0.00000000E+00 -0.49315860E-33
  0.40511957E+14  0.00000000E+00 -0.47822775E-33
  0.40559787E+14  0.00000000E+00 -0.46350676E-33
  0.40607617E+14  0.00000000E+00 -0.44899259E-33
  0.40655447E+14  0.00000000E+00 -0.43468227E-33
  0.40703277E+14  0.00000000E+00 -0.42057287E-33
  0.40751107E+14  0.00000000E+00 -0.40666150E-33
  0.40798937E+14  0.00000000E+00 -0.39294533E-33
  0.40846767E+14  0.00000000E+00 -0.37942157E-33
  0.40894597E+14  0.00000000E+00 -0.36608746E-33
  0.40942427E+14  0.00000000E+00 -0.35294031E-33
  0.40990257E+14  0.00000000E+00 -0.33997745E-33
  0.41038087E+14  0.00000000E+00 -0.32719626E-33
  0.41085917E+14  0.00000000E+00 -0.31459416E-33
  0.41133747E+14  0.00000000E+00 -0.30216861E-33
  0.41181577E+14  0.00000000E+00 -0.28991713E-33
  0.41229407E+14  0.00000000E+00 -0.27783724E-33
  0.41277236E+14  0.00000000E+00 -0.26592652E-33
  0.41325066E+14  0.00000000E+00 -0.25418260E-33
  0.41372896E+14  0.00000000E+00 -0.24260313E-33
  0.41420726E+14  0.00000000E+00 -0.23118580E-33
  0.41468556E+14  0.00000000E+00 -0.21992833E-33
  0.41516386E+14  0.00000000E+00 -0.20882849E-33
  0.41564216E+14  0.00000000E+00 -0.19788407E-33
  0.41612046E+14  0.00000000E+00 -0.18709290E-33
  0.41659876E+14  0.00000000E+00 -0.17645285E-33
  0.41707706E+14  0.00000000E+00 -0.16596181E-33
  0.41755536E+14  0.00000000E+00 -0.15561772E-33
  0.41803366E+14  0.00000000E+00 -0.14541852E-33
  0.41851196E+14  0.00000000E+00 -0.13536221E-33
  0.41899026E+14  0.00000000E+00 -0.12544682E-33
  0.41946856E+14  0.00000000E+00 -0.11567039E-33
  0.41994686E+14  0.00000000E+00 -0.10603101E-33
  0.42042516E+14  0.00000000E+00 -0.96526785E-34
  0.42090345E+14  0.00000000E+00 -0.87155856E-34
  0.42138175E+14  0.00000000E+00 -0.77916391E-34
  0.42186005E+14  0.00000000E+00 -0.68806582E-34
  0.42233835E+14  0.00000000E+00 -0.59824653E-34
  0.42281665E+14  0.00000000E+00 -0.50968852E-34
  0.42329495E+14  0.00000000E+00 -0.42237453E-34
  0.42377325E+14  0.00000000E+00 -0.33628758E-34
  0.42425155E+14  0.00000000E+00 -0.25141090E-34
  0.42472985E+14  0.00000000E+00 -0.16772803E-34
  0.42520815E+14  0.00000000E+00 -0.85222697E-35
  0.42568645E+14  0.00000000E+00 -0.38789088E-36
  0.42616475E+14  0.00000000E+00  0.76319108E-35
  0.42664305E+14  0.00000000E+00  0.15538689E-34
  0.42712135E+14  0.00000000E+00  0.23333974E-34
  0.42759965E+14  0.00000000E+00  0.31019274E-34
  0.42807795E+14  0.00000000E+00  0.38596075E-34
  0.42855624E+14  0.00000000E+00  0.46065842E-34
  0.42903454E+14  0.00000000E+00  0.53430016E-34
  0.42951284E+14  0.00000000E+00  0.60690020E-34
  0.42999114E+14  0.00000000E+00  0.67847254E-34
  0.43046944E+14  0.00000000E+00  0.74903098E-34
  0.43094774E+14  0.00000000E+00  0.81858913E-34
  0.43142604E+14  0.00000000E+00  0.88716039E-34
  0.43190434E+14  0.00000000E+00  0.95475797E-34
  0.43238264E+14  0.00000000E+00  0.10213949E-33
  0.43286094E+14  0.00000000E+00  0.10870840E-33
  0.43333924E+14  0.00000000E+00  0.11518379E-33
  0.43381754E+14  0.00000000E+00  0.12156691E-33
  0.43429584E+14  0.00000000E+00  0.12785898E-33
  0.43477414E+14  0.00000000E+00  0.13406123E-33
  0.43525244E+14  0.00000000E+00  0.14017483E-33
  0.43573074E+14  0.00000000E+00  0.14620097E-33
  0.43620903E+14  0.00000000E+00  0.15214080E-33
  0.43668733E+14  0.00000000E+00  0.15799548E-33
  0.43716563E+14  0.00000000E+00  0.16376612E-33
  0.43764393E+14  0.00000000E+00  0.16945383E-33
  0.43812223E+14  0.00000000E+00  0.17505972E-33
  0.43860053E+14  0.00000000E+00  0.18058486E-33
  0.43907883E+14  0.00000000E+00  0.18603031E-33
  0.43955713E+14  0.00000000E+00  0.19139712E-33
  0.44003543E+14  0.00000000E+00  0.19668633E-33
  0.44051373E+14  0.00000000E+00  0.20189896E-33
  0.44099203E+14  0.00000000E+00  0.20703601E-33
  0.44147033E+14  0.00000000E+00  0.21209848E-33
  0.44194863E+14  0.00000000E+00  0.21708733E-33
  0.44242693E+14  0.00000000E+00  0.22200354E-33
  0.44290523E+14  0.00000000E+00  0.22684805E-33
  0.44338353E+14  0.00000000E+00  0.23162180E-33
  0.44386182E+14  0.00000000E+00  0.23632572E-33
  0.44434012E+14  0.00000000E+00  0.24096071E-33
  0.44481842E+14  0.00000000E+00  0.24552767E-33
  0.44529672E+14  0.00000000E+00  0.25002750E-33
  0.44577502E+14  0.00000000E+00  0.25446105E-33
  0.44625332E+14  0.00000000E+00  0.25882920E-33
  0.44673162E+14  0.00000000E+00  0.26313279E-33
  0.44720992E+14  0.00000000E+00  0.26737267E-33
  0.44768822E+14  0.00000000E+00  0.27154965E-33
  0.44816652E+14  0.00000000E+00  0.27566455E-33
  0.44864482E+14  0.00000000E+00  0.27971817E-33
  0.44912312E+14  0.00000000E+00  0.28371132E-33
  0.44960142E+14  0.00000000E+00  0.28764476E-33
  0.45007972E+14  0.00000000E+00  0.29151927E-33
  0.45055802E+14  0.00000000E+00  0.29533561E-33
  0.45103632E+14  0.00000000E+00  0.29909454E-33
  0.45151461E+14  0.00000000E+00  0.30279678E-33
  0.45199291E+14  0.00000000E+00  0.30644308E-33
  0.45247121E+14  0.00000000E+00  0.31003414E-33
  0.45294951E+14  0.00000000E+00  0.31357069E-33
  0.45342781E+14  0.00000000E+00  0.31705341E-33
  0.45390611E+14  0.00000000E+00  0.32048301E-33
  0.45438441E+14  0.00000000E+00  0.32386016E-33
  0.45486271E+14  0.00000000E+00  0.32718553E-33
  0.45534101E+14  0.00000000E+00  0.33045980E-33
  0.45581931E+14  0.00000000E+00  0.33368361E-33
  0.45629761E+14  0.00000000E+00  0.33685760E-33
  0.45677591E+14  0.00000000E+00  0.33998243E-33
  0.45725421E+14  0.00000000E+00  0.34305870E-33
  0.45773251E+14  0.00000000E+00  0.34608706E-33
  0.45821081E+14  0.00000000E+00  0.34906809E-33
  0.45868911E+14  0.00000000E+00  0.35200242E-33
  0.45916740E+14  0.00000000E+00  0.35489063E-33
  0.45964570E+14  0.00000000E+00  0.35773332E-33
  0.46012400E+14  0.00000000E+00  0.36053105E-33
  0.46060230E+14  0.00000000E+00  0.36328442E-33
  0.46108060E+14  0.00000000E+00  0.36599397E-33
  0.46155890E+14  0.00000000E+00  0.36866026E-33
  0.46203720E+14  0.00000000E+00  0.37128386E-33
  0.46251550E+14  0.00000000E+00  0.37386528E-33
  0.46299380E+14  0.00000000E+00  0.37640509E-33
  0.46347210E+14  0.00000000E+00  0.37890379E-33
  0.46395040E+14  0.00000000E+00  0.38136192E-33
  0.46442870E+14  0.00000000E+00  0.38377998E-33
  0.46490700E+14  0.00000000E+00  0.38615848E-33
  0.46538530E+14  0.00000000E+00  0.38849793E-33
  0.46586360E+14  0.00000000E+00  0.39079882E-33
  0.46634190E+14  0.00000000E+00  0.39306164E-33
  0.46682019E+14  0.00000000E+00  0.39528686E-33
  0.46729849E+14  0.00000000E+00  0.39747497E-33
  0.46777679E+14  0.00000000E+00  0.39962643E-33
  0.46825509E+14  0.00000000E+00  0.40174170E-33
  0.46873339E+14  0.00000000E+00  0.40382125E-33
  0.46921169E+14  0.00000000E+00  0.40586552E-33
  0.46968999E+14  0.00000000E+00  0.40787496E-33
  0.47016829E+14  0.00000000E+00  0.40985000E-33
  0.47064659E+14  0.00000000E+00  0.41179109E-33
  0.47112489E+14  0.00000000E+00  0.41369864E-33
  0.47160319E+14  0.00000000E+00  0.41557309E-33
  0.47208149E+14  0.00000000E+00  0.41741484E-33
  0.47255979E+14  0.00000000E+00  0.41922431E-33
  0.47303809E+14  0.00000000E+00  0.42100191E-33
  0.47351639E+14  0.00000000E+00  0.42274804E-33
  0.47399469E+14  0.00000000E+00  0.42446309E-33
  0.47447298E+14  0.00000000E+00  0.42614745E-33
  0.47495128E+14  0.00000000E+00  0.42780151E-33
  0.47542958E+14  0.00000000E+00  0.42942565E-33
  0.47590788E+14  0.00000000E+00  0.43102025E-33
  0.47638618E+14  0.00000000E+00  0.43258567E-33
  0.47686448E+14  0.00000000E+00  0.43412229E-33
  0.47734278E+14  0.00000000E+00  0.43563046E-33
  0.47782108E+14  0.00000000E+00  0.43711055E-33
  0.47829938E+14  0.00000000E+00  0.43856290E-33
  0.47877768E+14  0.00000000E+00  0.43998787E-33
  0.47925598E+14  0.00000000E+00  0.44138579E-33
  0.47973428E+14  0.00000000E+00  0.44275701E-33
  0.48021258E+14  0.00000000E+00  0.44410186E-33
  0.48069088E+14  0.00000000E+00  0.44542067E-33
  0.48116918E+14  0.00000000E+00  0.44671377E-33
  0.48164748E+14  0.00000000E+00  0.44798148E-33
  0.48212578E+14  0.00000000E+00  0.44922412E-33
  0.48260407E+14  0.00000000E+00  0.45044201E-33
  0.48308237E+14  0.00000000E+00  0.45163545E-33
  0.48356067E+14  0.00000000E+00  0.45280475E-33
  0.48403897E+14  0.00000000E+00  0.45395021E-33
  0.48451727E+14  0.00000000E+00  0.45507214E-33
  0.48499557E+14  0.00000000E+00  0.45617082E-33
  0.48547387E+14  0.00000000E+00  0.45724655E-33
  0.48595217E+14  0.00000000E+00  0.45829962E-33
  0.48643047E+14  0.00000000E+00  0.45933031E-33
  0.48690877E+14  0.00000000E+00  0.46033891E-33
  0.48738707E+14  0.00000000E+00  0.46132567E-33
  0.48786537E+14  0.00000000E+00  0.46229090E-33
  0.48834367E+14  0.00000000E+00  0.46323484E-33
  0.48882197E+14  0.00000000E+00  0.46415777E-33
  0.48930027E+14  0.00000000E+00  0.46505996E-33
  0.48977857E+14  0.00000000E+00  0.46594166E-33
  0.49025686E+14  0.00000000E+00  0.46680312E-33
  0.49073516E+14  0.00000000E+00  0.46764462E-33
  0.49121346E+14  0.00000000E+00  0.46846638E-33
  0.49169176E+14  0.00000000E+00  0.46926867E-33
  0.49217006E+14  0.00000000E+00  0.47005172E-33
  0.49264836E+14  0.00000000E+00  0.47081579E-33
  0.49312666E+14  0.00000000E+00  0.47156110E-33
  0.49360496E+14  0.00000000E+00  0.47228789E-33
  0.49408326E+14  0.00000000E+00  0.47299639E-33
  0.49456156E+14  0.00000000E+00  0.47368684E-33
  0.49503986E+14  0.00000000E+00  0.47435946E-33
  0.49551816E+14  0.00000000E+00  0.47501448E-33
  0.49599646E+14  0.00000000E+00  0.47565211E-33
  0.49647476E+14  0.00000000E+00  0.47627258E-33
  0.49695306E+14  0.00000000E+00  0.47687610E-33
  0.49743136E+14  0.00000000E+00  0.47746289E-33
  0.49790965E+14  0.00000000E+00  0.47803315E-33
  0.49838795E+14  0.00000000E+00  0.47858709E-33
  0.49886625E+14  0.00000000E+00  0.47912493E-33
  0.49934455E+14  0.00000000E+00  0.47964685E-33
  0.49982285E+14  0.00000000E+00  0.48015307E-33
  0.50030115E+14  0.00000000E+00  0.48064378E-33
  0.50077945E+14  0.00000000E+00  0.48111918E-33
  0.50125775E+14  0.00000000E+00  0.48157946E-33
  0.50173605E+14  0.00000000E+00  0.48202481E-33
  0.50221435E+14  0.00000000E+00  0.48245542E-33
  0.50269265E+14  0.00000000E+00  0.48287147E-33
  0.50317095E+14  0.00000000E+00  0.48327316E-33
  0.50364925E+14  0.00000000E+00  0.48366066E-33
  0.50412755E+14  0.00000000E+00  0.48403415E-33
  0.50460585E+14  0.00000000E+00  0.48439381E-33
  0.50508415E+14  0.00000000E+00  0.48473982E-33
  0.50556244E+14  0.00000000E+00  0.48507234E-33
  0.50604074E+14  0.00000000E+00  0.48539156E-33
  0.50651904E+14  0.00000000E+00  0.48569763E-33
  0.50699734E+14  0.00000000E+00  0.48599073E-33
  0.50747564E+14  0.00000000E+00  0.48627101E-33
  0.50795394E+14  0.00000000E+00  0.48653866E-33
  0.50843224E+14  0.00000000E+00  0.48679381E-33
  0.50891054E+14  0.00000000E+00  0.48703664E-33
  0.50938884E+14  0.00000000E+00  0.48726730E-33
  0.50986714E+14  0.00000000E+00  0.48748595E-33
  0.51034544E+14  0.00000000E+00  0.48769274E-33
  0.51082374E+14  0.00000000E+00  0.48788782E-33
  0.51130204E+14  0.00000000E+00  0.48807133E-33
  0.51178034E+14  0.00000000E+00  0.48824344E-33
  0.51225864E+14  0.00000000E+00  0.48840429E-33
  0.51273694E+14  0.00000000E+00  0.48855401E-33
  0.51321523E+14  0.00000000E+00  0.48869276E-33
  0.51369353E+14  0.00000000E+00  0.48882067E-33
  0.51417183E+14  0.00000000E+00  0.48893788E-33
  0.51465013E+14  0.00000000E+00  0.48904453E-33
  0.51512843E+14  0.00000000E+00  0.48914076E-33
  0.51560673E+14  0.00000000E+00  0.48922670E-33
  0.51608503E+14  0.00000000E+00  0.48930248E-33
  0.51656333E+14  0.00000000E+00  0.48936824E-33
  0.51704163E+14  0.00000000E+00  0.48942411E-33
  0.51751993E+14  0.00000000E+00  0.48947020E-33
  0.51799823E+14  0.00000000E+00  0.48950666E-33
  0.51847653E+14  0.00000000E+00  0.48953360E-33
  0.51895483E+14  0.00000000E+00  0.48955115E-33
  0.51943313E+14  0.00000000E+00  0.48955943E-33
  0.51991143E+14  0.00000000E+00  0.48955856E-33
  0.52038973E+14  0.00000000E+00  0.48954865E-33
  0.52086802E+14  0.00000000E+00  0.48952984E-33
  0.52134632E+14  0.00000000E+00  0.48950223E-33
  0.52182462E+14  0.00000000E+00  0.48946595E-33
  0.52230292E+14  0.00000000E+00  0.48942109E-33
  0.52278122E+14  0.00000000E+00  0.48936778E-33
  0.52325952E+14  0.00000000E+00  0.48930613E-33
  0.52373782E+14  0.00000000E+00  0.48923624E-33
  0.52421612E+14  0.00000000E+00  0.48915823E-33
  0.52469442E+14  0.00000000E+00  0.48907219E-33
  0.52517272E+14  0.00000000E+00  0.48897825E-33
  0.52565102E+14  0.00000000E+00  0.48887650E-33
  0.52612932E+14  0.00000000E+00  0.48876704E-33
  0.52660762E+14  0.00000000E+00  0.48864999E-33
  0.52708592E+14  0.00000000E+00  0.48852543E-33
  0.52756422E+14  0.00000000E+00  0.48839347E-33
  0.52804252E+14  0.00000000E+00  0.48825420E-33
  0.52852081E+14  0.00000000E+00  0.48810774E-33
  0.52899911E+14  0.00000000E+00  0.48795416E-33
  0.52947741E+14  0.00000000E+00  0.48779357E-33
  0.52995571E+14  0.00000000E+00  0.48762605E-33
  0.53043401E+14  0.00000000E+00  0.48745172E-33
  0.53091231E+14  0.00000000E+00  0.48727064E-33
  0.53139061E+14  0.00000000E+00  0.48708292E-33
  0.53186891E+14  0.00000000E+00  0.48688865E-33
  0.53234721E+14  0.00000000E+00  0.48668791E-33
  0.53282551E+14  0.00000000E+00  0.48648080E-33
  0.53330381E+14  0.00000000E+00  0.48626739E-33
  0.53378211E+14  0.00000000E+00  0.48604777E-33
  0.53426041E+14  0.00000000E+00  0.48582203E-33
  0.53473871E+14  0.00000000E+00  0.48559026E-33
  0.53521701E+14  0.00000000E+00  0.48535253E-33
  0.53569531E+14  0.00000000E+00  0.48510893E-33
  0.53617360E+14  0.00000000E+00  0.48485953E-33
  0.53665190E+14  0.00000000E+00  0.48460442E-33
  0.53713020E+14  0.00000000E+00  0.48434367E-33
  0.53760850E+14  0.00000000E+00  0.48407737E-33
  0.53808680E+14  0.00000000E+00  0.48380559E-33
  0.53856510E+14  0.00000000E+00  0.48352840E-33
  0.53904340E+14  0.00000000E+00  0.48324589E-33
  0.53952170E+14  0.00000000E+00  0.48295812E-33
  0.54000000E+14  0.00000000E+00  0.48266517E-33
