  0.73461892E+11 -0.97677299E-32 -0.13005331E-30
  0.14692378E+12 -0.15285044E-31 -0.13550206E-30
  0.22038567E+12 -0.22280980E-31 -0.14675327E-30
  0.29384757E+12 -0.13385445E-31 -0.15705805E-30
  0.36730946E+12 -0.91004438E-32 -0.15061934E-30
  0.44077135E+12 -0.14662074E-31 -0.15121359E-30
  0.51423324E+12 -0.11990304E-31 -0.15389706E-30
  0.58769513E+12 -0.13332645E-31 -0.15232676E-30
  0.66115702E+12 -0.17659402E-31 -0.15389053E-30
  0.73461892E+12 -0.18238857E-31 -0.15863852E-30
  0.80808081E+12 -0.15520968E-31 -0.16078963E-30
  0.88154270E+12 -0.13869168E-31 -0.15759959E-30
  0.95500459E+12 -0.18120893E-31 -0.15717081E-30
  0.10284665E+13 -0.21298853E-31 -0.16198600E-30
  0.11019284E+13 -0.19285272E-31 -0.16502177E-30
  0.11753903E+13 -0.16921728E-31 -0.16462258E-30
  0.12488522E+13 -0.20190600E-31 -0.16221087E-30
  0.13223140E+13 -0.24082448E-31 -0.16619181E-30
  0.13957759E+13 -0.22198163E-31 -0.17122385E-30
  0.14692378E+13 -0.19320135E-31 -0.17051053E-30
  0.15426997E+13 -0.22093941E-31 -0.16871940E-30
  0.16161616E+13 -0.25350112E-31 -0.17211372E-30
  0.16896235E+13 -0.24801813E-31 -0.17623955E-30
  0.17630854E+13 -0.23120949E-31 -0.17774909E-30
  0.18365473E+13 -0.22915574E-31 -0.17877136E-30
  0.19100092E+13 -0.23502743E-31 -0.17875417E-30
  0.19834711E+13 -0.26629185E-31 -0.18039358E-30
  0.20569330E+13 -0.27652189E-31 -0.18561593E-30
  0.21303949E+13 -0.24083413E-31 -0.18870381E-30
  0.22038567E+13 -0.22927933E-31 -0.18768566E-30
  0.22773186E+13 -0.25925562E-31 -0.18848168E-30
  0.23507805E+13 -0.27334806E-31 -0.19308290E-30
  0.24242424E+13 -0.25279729E-31 -0.19711362E-30
  0.24977043E+13 -0.23540025E-31 -0.19722479E-30
  0.25711662E+13 -0.25408514E-31 -0.19806087E-30
  0.26446281E+13 -0.26795549E-31 -0.20290464E-30
  0.27180900E+13 -0.24117540E-31 -0.20715521E-30
  0.27915519E+13 -0.21667560E-31 -0.20678936E-30
  0.28650138E+13 -0.24384312E-31 -0.20815805E-30
  0.29384757E+13 -0.25090309E-31 -0.21360805E-30
  0.30119376E+13 -0.22311188E-31 -0.21698979E-30
  0.30853994E+13 -0.20556411E-31 -0.21870125E-30
  0.31588613E+13 -0.20383836E-31 -0.22073134E-30
  0.32323232E+13 -0.20889212E-31 -0.22338075E-30
  0.33057851E+13 -0.20489036E-31 -0.22757819E-30
  0.33792470E+13 -0.17612283E-31 -0.23183738E-30
  0.34527089E+13 -0.15750840E-31 -0.23289162E-30
  0.35261708E+13 -0.16676037E-31 -0.23535337E-30
  0.35996327E+13 -0.15408786E-31 -0.24051595E-30
  0.36730946E+13 -0.12033228E-31 -0.24405162E-30
  0.37465565E+13 -0.10504003E-31 -0.24521939E-30
  0.38200184E+13 -0.11154811E-31 -0.24849773E-30
  0.38934803E+13 -0.89521790E-32 -0.25455734E-30
  0.39669421E+13 -0.41673906E-32 -0.25756797E-30
  0.40404040E+13 -0.30474359E-32 -0.25794981E-30
  0.41138659E+13 -0.36480416E-32 -0.26243321E-30
  0.41873278E+13  0.53809343E-34 -0.26825195E-30
  0.42607897E+13  0.40371282E-32 -0.27094705E-30
  0.43342516E+13  0.61567945E-32 -0.27335783E-30
  0.44077135E+13  0.76502524E-32 -0.27685224E-30
  0.44811754E+13  0.10509345E-31 -0.28194023E-30
  0.45546373E+13  0.15423511E-31 -0.28550736E-30
  0.46280992E+13  0.17974299E-31 -0.28710580E-30
  0.47015611E+13  0.19040240E-31 -0.29198732E-30
  0.47750230E+13  0.24452506E-31 -0.29761119E-30
  0.48484848E+13  0.29838475E-31 -0.29940753E-30
  0.49219467E+13  0.31762668E-31 -0.30154600E-30
  0.49954086E+13  0.34442134E-31 -0.30728777E-30
  0.50688705E+13  0.40963811E-31 -0.31194834E-30
  0.51423324E+13  0.45992471E-31 -0.31360812E-30
  0.52157943E+13  0.48705126E-31 -0.31710082E-30
  0.52892562E+13  0.53859785E-31 -0.32218143E-30
  0.53627181E+13  0.60279936E-31 -0.32541921E-30
  0.54361800E+13  0.65306265E-31 -0.32759435E-30
  0.55096419E+13  0.69260964E-31 -0.33190728E-30
  0.55831038E+13  0.76553153E-31 -0.33661076E-30
  0.56565657E+13  0.83390951E-31 -0.33823665E-30
  0.57300275E+13  0.87915749E-31 -0.34108967E-30
  0.58034894E+13  0.94471943E-31 -0.34545098E-30
  0.58769513E+13  0.10214919E-30 -0.34842337E-30
  0.59504132E+13  0.10892002E-30 -0.35072733E-30
  0.60238751E+13  0.11591507E-30 -0.35392725E-30
  0.60973370E+13  0.12389663E-30 -0.35640937E-30
  0.61707989E+13  0.13138407E-30 -0.35872048E-30
  0.62442608E+13  0.13970467E-30 -0.36113944E-30
  0.63177227E+13  0.14779420E-30 -0.36305255E-30
  0.63911846E+13  0.15656993E-30 -0.36558980E-30
  0.64646465E+13  0.16629342E-30 -0.36687088E-30
  0.65381084E+13  0.17510914E-30 -0.36752927E-30
  0.66115702E+13  0.18376661E-30 -0.36923769E-30
  0.66850321E+13  0.19475341E-30 -0.37059019E-30
  0.67584940E+13  0.20473184E-30 -0.36976830E-30
  0.68319559E+13  0.21426006E-30 -0.37089459E-30
  0.69054178E+13  0.22635030E-30 -0.37046130E-30
  0.69788797E+13  0.23649023E-30 -0.36916539E-30
  0.70523416E+13  0.24764452E-30 -0.36832358E-30
  0.71258035E+13  0.25926297E-30 -0.36711210E-30
  0.71992654E+13  0.27148096E-30 -0.36452976E-30
  0.72727273E+13  0.28329538E-30 -0.36170638E-30
  0.73461892E+13  0.29469802E-30 -0.35841422E-30
  0.74196511E+13  0.30837886E-30 -0.35481318E-30
  0.74931129E+13  0.31939028E-30 -0.34952355E-30
  0.75665748E+13  0.33305773E-30 -0.34497932E-30
  0.76400367E+13  0.34553035E-30 -0.33867802E-30
  0.77134986E+13  0.35844540E-30 -0.33090938E-30
  0.77869605E+13  0.37093697E-30 -0.32375777E-30
  0.78604224E+13  0.38357864E-30 -0.31528487E-30
  0.79338843E+13  0.39617729E-30 -0.30484410E-30
  0.80073462E+13  0.40893221E-30 -0.29488385E-30
  0.80808081E+13  0.42036303E-30 -0.28324094E-30
  0.81542700E+13  0.43213658E-30 -0.26946689E-30
  0.82277319E+13  0.44367445E-30 -0.25623033E-30
  0.83011938E+13  0.45403280E-30 -0.24140275E-30
  0.83746556E+13  0.46295438E-30 -0.22459115E-30
  0.84481175E+13  0.47184359E-30 -0.20715296E-30
  0.85215794E+13  0.48071406E-30 -0.18843817E-30
  0.85950413E+13  0.48694290E-30 -0.16812446E-30
  0.86685032E+13  0.49099470E-30 -0.14723359E-30
  0.87419651E+13  0.49396089E-30 -0.12438708E-30
  0.88154270E+13  0.49378702E-30 -0.10007784E-30
  0.88888889E+13  0.49124920E-30 -0.75420463E-31
  0.89623508E+13  0.48568186E-30 -0.48210409E-31
  0.90358127E+13  0.47369104E-30 -0.20311875E-31
  0.91092746E+13  0.45342944E-30  0.10926094E-31
  0.91827365E+13  0.41208528E-30  0.22324426E-31
  0.92561983E+13  0.38754527E-30  0.18773488E-31
  0.93296602E+13  0.37032086E-30  0.13331088E-31
  0.94031221E+13  0.35511896E-30  0.77732632E-32
  0.94765840E+13  0.34472843E-30  0.48271083E-33
  0.95500459E+13  0.33741032E-30 -0.67692722E-32
  0.96235078E+13  0.33241336E-30 -0.14389640E-31
  0.96969697E+13  0.33101359E-30 -0.21988610E-31
  0.97704316E+13  0.33112671E-30 -0.28892113E-31
  0.98438935E+13  0.33424020E-30 -0.35051173E-31
  0.99173554E+13  0.33953650E-30 -0.39991279E-31
  0.99908173E+13  0.34660686E-30 -0.43119564E-31
  0.10064279E+14  0.35551722E-30 -0.44577749E-31
  0.10137741E+14  0.36576062E-30 -0.43482595E-31
  0.10211203E+14  0.37740670E-30 -0.39802146E-31
  0.10284665E+14  0.38895347E-30 -0.33010057E-31
  0.10358127E+14  0.40046676E-30 -0.24128379E-31
  0.10431589E+14  0.41263493E-30 -0.12205788E-31
  0.10505051E+14  0.42520800E-30  0.34794807E-32
  0.10578512E+14  0.43817735E-30  0.24637491E-31
  0.10651974E+14  0.45099887E-30  0.55648986E-31
  0.10725436E+14  0.44834123E-30  0.11828805E-30
  0.10798898E+14  0.39125658E-30  0.13428859E-30
  0.10872360E+14  0.36856023E-30  0.13398062E-30
  0.10945822E+14  0.35169304E-30  0.13472049E-30
  0.11019284E+14  0.33786960E-30  0.13527864E-30
  0.11092746E+14  0.32602253E-30  0.13596938E-30
  0.11166208E+14  0.31551955E-30  0.13594377E-30
  0.11239669E+14  0.30575893E-30  0.13603051E-30
  0.11313131E+14  0.29720478E-30  0.13581680E-30
  0.11386593E+14  0.28916381E-30  0.13543221E-30
  0.11460055E+14  0.28155097E-30  0.13487209E-30
  0.11533517E+14  0.27469068E-30  0.13412206E-30
  0.11606979E+14  0.26840145E-30  0.13319185E-30
  0.11680441E+14  0.26242288E-30  0.13225397E-30
  0.11753903E+14  0.25699272E-30  0.13121313E-30
  0.11827365E+14  0.25179744E-30  0.12999567E-30
  0.11900826E+14  0.24732926E-30  0.12874038E-30
  0.11974288E+14  0.24288446E-30  0.12752922E-30
  0.12047750E+14  0.23911795E-30  0.12632818E-30
  0.12121212E+14  0.23532632E-30  0.12501626E-30
  0.12194674E+14  0.23215050E-30  0.12366220E-30
  0.12268136E+14  0.22932414E-30  0.12253117E-30
  0.12341598E+14  0.22662571E-30  0.12139013E-30
  0.12415060E+14  0.22426151E-30  0.12028668E-30
  0.12488522E+14  0.22219833E-30  0.11922479E-30
  0.12561983E+14  0.22044600E-30  0.11844316E-30
  0.12635445E+14  0.21885643E-30  0.11773569E-30
  0.12708907E+14  0.21713117E-30  0.11687025E-30
  0.12782369E+14  0.21628559E-30  0.11622511E-30
  0.12855831E+14  0.21551650E-30  0.11563511E-30
  0.12929293E+14  0.21457244E-30  0.11518052E-30
  0.13002755E+14  0.21442503E-30  0.11468506E-30
  0.13076217E+14  0.21465386E-30  0.11429728E-30
  0.13149679E+14  0.21521902E-30  0.11432186E-30
  0.13223140E+14  0.21635162E-30  0.11428782E-30
  0.13296602E+14  0.21815331E-30  0.11445702E-30
  0.13370064E+14  0.22101169E-30  0.11533157E-30
  0.13443526E+14  0.22522142E-30  0.11697662E-30
  0.13516988E+14  0.23065428E-30  0.12094447E-30
  0.13590450E+14  0.23574109E-30  0.12736659E-30
  0.13663912E+14  0.24033628E-30  0.13573075E-30
  0.13737374E+14  0.24437461E-30  0.14607149E-30
  0.13810836E+14  0.24805731E-30  0.15904275E-30
  0.13884298E+14  0.25009090E-30  0.17519128E-30
  0.13957759E+14  0.25007088E-30  0.19466253E-30
  0.14031221E+14  0.24722325E-30  0.21884126E-30
  0.14104683E+14  0.23867193E-30  0.24833340E-30
  0.14178145E+14  0.21858789E-30  0.28250070E-30
  0.14251607E+14  0.18826142E-30  0.31485695E-30
  0.14325069E+14  0.14682282E-30  0.34845586E-30
  0.14398531E+14  0.87814661E-31  0.38443040E-30
  0.14471993E+14 -0.62943137E-33  0.42518594E-30
  0.14545455E+14 -0.16387599E-30  0.48394428E-30
  0.14618916E+14 -0.89340988E-30  0.96536124E-31
  0.14692378E+14 -0.12744671E-30 -0.38328070E-30
  0.14765840E+14  0.10392352E-30 -0.18250627E-30
  0.14839302E+14  0.13606976E-30 -0.10532797E-30
  0.14912764E+14  0.15631981E-30 -0.64743419E-31
  0.14986226E+14  0.17029072E-30 -0.38720789E-31
  0.15059688E+14  0.18116537E-30 -0.18975617E-31
  0.15133150E+14  0.18971349E-30 -0.38701799E-32
  0.15206612E+14  0.19707102E-30  0.91620500E-32
  0.15280073E+14  0.20335481E-30  0.19922243E-31
  0.15353535E+14  0.20923147E-30  0.30258526E-31
  0.15426997E+14  0.21418164E-30  0.39059349E-31
  0.15500459E+14  0.21973438E-30  0.48322487E-31
  0.15573921E+14  0.22381476E-30  0.56700933E-31
  0.15647383E+14  0.22909816E-30  0.65527353E-31
  0.15720845E+14  0.23373845E-30  0.75048298E-31
  0.15794307E+14  0.23821051E-30  0.84231550E-31
  0.15867769E+14  0.24339001E-30  0.95498915E-31
  0.15941230E+14  0.24759021E-30  0.10807044E-30
  0.16014692E+14  0.25288053E-30  0.12291728E-30
  0.16088154E+14  0.25882601E-30  0.14520719E-30
  0.16161616E+14  0.23565389E-30  0.18363725E-30
  0.16235078E+14  0.21339032E-30  0.18314100E-30
  0.16308540E+14  0.19998992E-30  0.18385084E-30
  0.16382002E+14  0.18926336E-30  0.18385868E-30
  0.16455464E+14  0.18136853E-30  0.18324436E-30
  0.16528926E+14  0.17478927E-30  0.18350828E-30
  0.16602388E+14  0.16814274E-30  0.18346453E-30
  0.16675849E+14  0.16263767E-30  0.18279559E-30
  0.16749311E+14  0.15824492E-30  0.18277373E-30
  0.16822773E+14  0.15338335E-30  0.18300309E-30
  0.16896235E+14  0.14892355E-30  0.18227598E-30
  0.16969697E+14  0.14573770E-30  0.18209102E-30
  0.17043159E+14  0.14204684E-30  0.18241988E-30
  0.17116621E+14  0.13814637E-30  0.18203730E-30
  0.17190083E+14  0.13544207E-30  0.18153623E-30
  0.17263545E+14  0.13270563E-30  0.18192305E-30
  0.17337006E+14  0.12927126E-30  0.18198236E-30
  0.17410468E+14  0.12660085E-30  0.18140061E-30
  0.17483930E+14  0.12446852E-30  0.18161100E-30
  0.17557392E+14  0.12160944E-30  0.18206811E-30
  0.17630854E+14  0.11877328E-30  0.18171667E-30
  0.17704316E+14  0.11693675E-30  0.18156305E-30
  0.17777778E+14  0.11478094E-30  0.18224064E-30
  0.17851240E+14  0.11190037E-30  0.18233966E-30
  0.17924702E+14  0.10985060E-30  0.18203138E-30
  0.17998163E+14  0.10809603E-30  0.18245933E-30
  0.18071625E+14  0.10555517E-30  0.18312105E-30
  0.18145087E+14  0.10311151E-30  0.18290866E-30
  0.18218549E+14  0.10148656E-30  0.18301005E-30
  0.18292011E+14  0.99496428E-31  0.18381197E-30
  0.18365473E+14  0.96810541E-31  0.18402983E-30
  0.18438935E+14  0.94926080E-31  0.18392257E-30
  0.18512397E+14  0.93138174E-31  0.18446530E-30
  0.18585859E+14  0.90704860E-31  0.18516410E-30
  0.18659320E+14  0.88305135E-31  0.18504303E-30
  0.18732782E+14  0.86725328E-31  0.18528901E-30
  0.18806244E+14  0.84518250E-31  0.18610764E-30
  0.18879706E+14  0.81914303E-31  0.18629293E-30
  0.18953168E+14  0.80000030E-31  0.18622938E-30
  0.19026630E+14  0.78151499E-31  0.18688472E-30
  0.19100092E+14  0.75442743E-31  0.18741173E-30
  0.19173554E+14  0.73149937E-31  0.18720229E-30
  0.19247016E+14  0.71355162E-31  0.18761422E-30
  0.19320478E+14  0.68790219E-31  0.18821209E-30
  0.19393939E+14  0.66246849E-31  0.18809027E-30
  0.19467401E+14  0.64287713E-31  0.18814392E-30
  0.19540863E+14  0.61949498E-31  0.18874514E-30
  0.19614325E+14  0.59162240E-31  0.18863361E-30
  0.19687787E+14  0.57196032E-31  0.18851104E-30
  0.19761249E+14  0.54738704E-31  0.18895603E-30
  0.19834711E+14  0.51988445E-31  0.18878472E-30
  0.19908173E+14  0.49806820E-31  0.18851602E-30
  0.19981635E+14  0.47426162E-31  0.18879396E-30
  0.20055096E+14  0.44520543E-31  0.18847747E-30
  0.20128558E+14  0.42468993E-31  0.18809018E-30
  0.20202020E+14  0.39790344E-31  0.18819183E-30
  0.20275482E+14  0.37112977E-31  0.18754764E-30
  0.20348944E+14  0.34934963E-31  0.18726155E-30
  0.20422406E+14  0.32080850E-31  0.18696003E-30
  0.20495868E+14  0.29639272E-31  0.18611505E-30
  0.20569330E+14  0.27204920E-31  0.18581183E-30
  0.20642792E+14  0.24371755E-31  0.18488770E-30
  0.20716253E+14  0.22157125E-31  0.18428585E-30
  0.20789715E+14  0.19293990E-31  0.18321668E-30
  0.20863177E+14  0.17031790E-31  0.18240833E-30
  0.20936639E+14  0.14193911E-31  0.18117688E-30
  0.21010101E+14  0.11861433E-31  0.18001375E-30
  0.21083563E+14  0.92738924E-32  0.17850735E-30
  0.21157025E+14  0.65323310E-32  0.17688376E-30
  0.21230487E+14  0.40007353E-32  0.17497708E-30
  0.21303949E+14  0.15685371E-32  0.17254248E-30
  0.21377410E+14  0.00000000E+00  0.16854898E-30
  0.21450872E+14  0.00000000E+00  0.16590330E-30
  0.21524334E+14  0.00000000E+00  0.16392295E-30
  0.21597796E+14  0.00000000E+00  0.16231377E-30
  0.21671258E+14  0.00000000E+00  0.16097343E-30
  0.21744720E+14  0.00000000E+00  0.15984990E-30
  0.21818182E+14  0.00000000E+00  0.15891305E-30
  0.21891644E+14  0.00000000E+00  0.15814473E-30
  0.21965106E+14  0.00000000E+00  0.15753445E-30
  0.22038567E+14  0.00000000E+00  0.15707732E-30
  0.22112029E+14  0.00000000E+00  0.15677297E-30
  0.22185491E+14  0.00000000E+00  0.15662413E-30
  0.22258953E+14  0.00000000E+00  0.15663034E-30
  0.22332415E+14  0.00000000E+00  0.15673147E-30
  0.22405877E+14  0.16381193E-32  0.15726122E-30
  0.22479339E+14  0.17985035E-33  0.16025751E-30
  0.22552801E+14 -0.30594198E-32  0.16033230E-30
  0.22626263E+14 -0.32443736E-32  0.16160358E-30
  0.22699725E+14 -0.46980884E-32  0.16161581E-30
  0.22773186E+14 -0.69024573E-32  0.16216933E-30
  0.22846648E+14 -0.84330193E-32  0.16312802E-30
  0.22920110E+14 -0.87695565E-32  0.16359656E-30
  0.22993572E+14 -0.10388109E-31  0.16341498E-30
  0.23067034E+14 -0.13575364E-31  0.16401205E-30
  0.23140496E+14 -0.14434505E-31  0.16474298E-30
  0.23213958E+14 -0.16801955E-31  0.16400872E-30
  0.23287420E+14 -0.19580153E-31  0.16498595E-30
  0.23360882E+14 -0.19974871E-31  0.16464217E-30
  0.23434343E+14 -0.23755465E-31  0.16468152E-30
  0.23507805E+14 -0.24442599E-31  0.16483147E-30
  0.23581267E+14 -0.27822104E-31  0.16429789E-30
  0.23654729E+14 -0.28917290E-31  0.16461344E-30
  0.23728191E+14 -0.32232416E-31  0.16381295E-30
  0.23801653E+14 -0.33198799E-31  0.16402694E-30
  0.23875115E+14 -0.36794823E-31  0.16310223E-30
  0.23948577E+14 -0.37759829E-31  0.16310754E-30
  0.24022039E+14 -0.41166194E-31  0.16230913E-30
  0.24095500E+14 -0.42448303E-31  0.16173200E-30
  0.24168962E+14 -0.45645029E-31  0.16138006E-30
  0.24242424E+14 -0.47124727E-31  0.16012876E-30
  0.24315886E+14 -0.50018286E-31  0.15999873E-30
  0.24389348E+14 -0.52040281E-31  0.15853540E-30
  0.24462810E+14 -0.54222792E-31  0.15814446E-30
  0.24536272E+14 -0.56899637E-31  0.15687662E-30
  0.24609734E+14 -0.58698628E-31  0.15591731E-30
  0.24683196E+14 -0.61445336E-31  0.15494664E-30
  0.24756657E+14 -0.63424606E-31  0.15360449E-30
  0.24830119E+14 -0.65744758E-31  0.15254599E-30
  0.24903581E+14 -0.68046368E-31  0.15125191E-30
  0.24977043E+14 -0.70307697E-31  0.14974675E-30
  0.25050505E+14 -0.72314653E-31  0.14861420E-30
  0.25123967E+14 -0.74962560E-31  0.14692668E-30
  0.25197429E+14 -0.76554812E-31  0.14543259E-30
  0.25270891E+14 -0.79215845E-31  0.14405181E-30
  0.25344353E+14 -0.81062447E-31  0.14203437E-30
  0.25417815E+14 -0.83153055E-31  0.14067272E-30
  0.25491276E+14 -0.85480160E-31  0.13875112E-30
  0.25564738E+14 -0.87311429E-31  0.13677994E-30
  0.25638200E+14 -0.89374787E-31  0.13521168E-30
  0.25711662E+14 -0.91603824E-31  0.13289808E-30
  0.25785124E+14 -0.93173559E-31  0.13106574E-30
  0.25858586E+14 -0.95338721E-31  0.12898739E-30
  0.25932048E+14 -0.97207884E-31  0.12677874E-30
  0.26005510E+14 -0.98804868E-31  0.12454209E-30
  0.26078972E+14 -0.10095344E-30  0.12251020E-30
  0.26152433E+14 -0.10244096E-30  0.11978463E-30
  0.26225895E+14 -0.10423868E-30  0.11778177E-30
  0.26299357E+14 -0.10591412E-30  0.11512709E-30
  0.26372819E+14 -0.10753956E-30  0.11260224E-30
  0.26446281E+14 -0.10887341E-30  0.11017074E-30
  0.26519743E+14 -0.11078801E-30  0.10745291E-30
  0.26593205E+14 -0.11173014E-30  0.10469991E-30
  0.26666667E+14 -0.11348699E-30  0.10208074E-30
  0.26740129E+14 -0.11459623E-30  0.99175274E-31
  0.26813590E+14 -0.11583433E-30  0.96162054E-31
  0.26887052E+14 -0.11704253E-30  0.93567280E-31
  0.26960514E+14 -0.11818313E-30  0.90170174E-31
  0.27033976E+14 -0.11911732E-30  0.87396197E-31
  0.27107438E+14 -0.12009930E-30  0.84145162E-31
  0.27180900E+14 -0.12125480E-30  0.80802435E-31
  0.27254362E+14 -0.12149786E-30  0.77653588E-31
  0.27327824E+14 -0.12282773E-30  0.73995308E-31
  0.27401286E+14 -0.12334324E-30  0.70613960E-31
  0.27474747E+14 -0.12353816E-30  0.66681725E-31
  0.27548209E+14 -0.12416840E-30  0.61481970E-31
  0.27621671E+14 -0.12275898E-30  0.57448658E-31
  0.27695133E+14 -0.12156853E-30  0.53806801E-31
  0.27768595E+14 -0.12033270E-30  0.50396559E-31
  0.27842057E+14 -0.11863664E-30  0.47292158E-31
  0.27915519E+14 -0.11715943E-30  0.44545861E-31
  0.27988981E+14 -0.11557425E-30  0.41863632E-31
  0.28062443E+14 -0.11386206E-30  0.39361725E-31
  0.28135904E+14 -0.11254432E-30  0.37137825E-31
  0.28209366E+14 -0.11091556E-30  0.34977840E-31
  0.28282828E+14 -0.10913589E-30  0.32984623E-31
  0.28356290E+14 -0.10803988E-30  0.31119811E-31
  0.28429752E+14 -0.10629308E-30  0.29406626E-31
  0.28503214E+14 -0.10477061E-30  0.27799553E-31
  0.28576676E+14 -0.10365675E-30  0.26298529E-31
  0.28650138E+14 -0.10220746E-30  0.24865568E-31
  0.28723600E+14 -0.10091068E-30  0.23636345E-31
  0.28797062E+14 -0.99895439E-31  0.22308567E-31
  0.28870523E+14 -0.98682443E-31  0.21177924E-31
  0.28943985E+14 -0.97791378E-31  0.20108736E-31
  0.29017447E+14 -0.96850649E-31  0.18892425E-31
  0.29090909E+14 -0.96219016E-31  0.17954390E-31
  0.29164371E+14 -0.95671298E-31  0.16847517E-31
  0.29237833E+14 -0.95062880E-31  0.15729865E-31
  0.29311295E+14 -0.94679549E-31  0.14618953E-31
  0.29384757E+14 -0.94577864E-31  0.13373655E-31
  0.29458219E+14 -0.94373459E-31  0.12032542E-31
  0.29531680E+14 -0.94547364E-31  0.10608392E-31
  0.29605142E+14 -0.94675671E-31  0.87926382E-32
  0.29678604E+14 -0.94913187E-31  0.69453498E-32
  0.29752066E+14 -0.95175295E-31  0.47768403E-32
  0.29825528E+14 -0.95333643E-31  0.24647590E-32
  0.29898990E+14 -0.95941996E-31 -0.65062539E-34
  0.29972452E+14 -0.96441439E-31 -0.31529628E-32
  0.30045914E+14 -0.97356624E-31 -0.66794355E-32
  0.30119376E+14 -0.98275021E-31 -0.11150288E-31
  0.30192837E+14 -0.99493679E-31 -0.16891452E-31
  0.30266299E+14 -0.10082194E-30 -0.25422028E-31
  0.30339761E+14 -0.96962459E-31 -0.42602494E-31
  0.30413223E+14 -0.79321833E-31 -0.46117628E-31
  0.30486685E+14 -0.70990030E-31 -0.45550619E-31
  0.30560147E+14 -0.64114256E-31 -0.45077730E-31
  0.30633609E+14 -0.58310359E-31 -0.44493057E-31
  0.30707071E+14 -0.52871378E-31 -0.43824118E-31
  0.30780533E+14 -0.48073955E-31 -0.42990333E-31
  0.30853994E+14 -0.43349917E-31 -0.42039038E-31
  0.30927456E+14 -0.38922982E-31 -0.40924690E-31
  0.31000918E+14 -0.34753974E-31 -0.39736825E-31
  0.31074380E+14 -0.30781963E-31 -0.38329490E-31
  0.31147842E+14 -0.26944759E-31 -0.36853298E-31
  0.31221304E+14 -0.23307704E-31 -0.35251142E-31
  0.31294766E+14 -0.19832565E-31 -0.33535473E-31
  0.31368228E+14 -0.16370700E-31 -0.31695690E-31
  0.31441690E+14 -0.13126845E-31 -0.29710967E-31
  0.31515152E+14 -0.10002227E-31 -0.27555396E-31
  0.31588613E+14 -0.70369351E-32 -0.25223660E-31
  0.31662075E+14 -0.42025962E-32 -0.22793051E-31
  0.31735537E+14 -0.16371459E-32 -0.20190065E-31
  0.31808999E+14  0.77468290E-33 -0.17457149E-31
  0.31882461E+14  0.29846636E-32 -0.14595678E-31
  0.31955923E+14  0.49379109E-32 -0.11668262E-31
  0.32029385E+14  0.65782394E-32 -0.86135390E-32
  0.32102847E+14  0.80623476E-32 -0.54987926E-32
  0.32176309E+14  0.91719044E-32 -0.23439808E-32
  0.32249770E+14  0.99360852E-32  0.72925408E-33
  0.32323232E+14  0.10393874E-31  0.39177883E-32
  0.32396694E+14  0.10483198E-31  0.69432493E-32
  0.32470156E+14  0.10202255E-31  0.97821201E-32
  0.32543618E+14  0.94139933E-32  0.12420547E-31
  0.32617080E+14  0.82244351E-32  0.14346533E-31
  0.32690542E+14  0.69066127E-32  0.15823481E-31
  0.32764004E+14  0.53895881E-32  0.16066543E-31
  0.32837466E+14  0.47562364E-32  0.15760154E-31
  0.32910927E+14  0.46781957E-32  0.15150836E-31
  0.32984389E+14  0.50759743E-32  0.14231766E-31
  0.33057851E+14  0.61086834E-32  0.13044739E-31
  0.33131313E+14  0.79735142E-32  0.11623146E-31
  0.33204775E+14  0.11059370E-31  0.10391447E-31
  0.33278237E+14  0.14777576E-31  0.99976013E-32
  0.33351699E+14  0.18925356E-31  0.10018094E-31
  0.33425161E+14  0.23536691E-31  0.10409137E-31
  0.33498623E+14  0.29009637E-31  0.11172591E-31
  0.33572084E+14  0.36221111E-31  0.13275014E-31
  0.33645546E+14  0.42594005E-31  0.17988756E-31
  0.33719008E+14  0.48217089E-31  0.23105574E-31
  0.33792470E+14  0.53539997E-31  0.28892598E-31
  0.33865932E+14  0.58661333E-31  0.35461250E-31
  0.33939394E+14  0.63533672E-31  0.42949870E-31
  0.34012856E+14  0.68101128E-31  0.51282460E-31
  0.34086318E+14  0.72175113E-31  0.60628574E-31
  0.34159780E+14  0.75880783E-31  0.70906973E-31
  0.34233242E+14  0.78647482E-31  0.82163871E-31
  0.34306703E+14  0.80754484E-31  0.94716942E-31
  0.34380165E+14  0.82520551E-31  0.10822019E-30
  0.34453627E+14  0.82905634E-31  0.12360158E-30
  0.34527089E+14  0.82730752E-31  0.14038929E-30
  0.34600551E+14  0.81941227E-31  0.16087969E-30
  0.34674013E+14  0.80512645E-31  0.19389950E-30
  0.34747475E+14  0.41779340E-31  0.22093475E-30
  0.34820937E+14  0.15624927E-31  0.22545422E-30
  0.34894399E+14 -0.62074750E-32  0.22862035E-30
  0.34967860E+14 -0.26392497E-31  0.23088595E-30
  0.35041322E+14 -0.45485698E-31  0.23137650E-30
  0.35114784E+14 -0.64750319E-31  0.23086415E-30
  0.35188246E+14 -0.82714283E-31  0.22871683E-30
  0.35261708E+14 -0.10153006E-30  0.22491731E-30
  0.35335170E+14 -0.11871870E-30  0.21994027E-30
  0.35408632E+14 -0.13651570E-30  0.21219202E-30
  0.35482094E+14 -0.15297195E-30  0.20398724E-30
  0.35555556E+14 -0.16741361E-30  0.19194304E-30
  0.35629017E+14 -0.18120415E-30  0.17797915E-30
  0.35702479E+14 -0.18938373E-30  0.16589865E-30
  0.35775941E+14 -0.19821526E-30  0.15295668E-30
  0.35849403E+14 -0.20575646E-30  0.14144686E-30
  0.35922865E+14 -0.21192487E-30  0.12855059E-30
  0.35996327E+14 -0.21824516E-30  0.11670936E-30
  0.36069789E+14 -0.22227988E-30  0.10429582E-30
  0.36143251E+14 -0.22711180E-30  0.91960575E-31
  0.36216713E+14 -0.22959819E-30  0.79993440E-31
  0.36290174E+14 -0.23248617E-30  0.67507462E-31
  0.36363636E+14 -0.23402367E-30  0.55907874E-31
  0.36437098E+14 -0.23481224E-30  0.43528280E-31
  0.36510560E+14 -0.23547282E-30  0.32191208E-31
  0.36584022E+14 -0.23454780E-30  0.20363501E-31
  0.36657484E+14 -0.23421536E-30  0.90355525E-32
  0.36730946E+14 -0.23200535E-30 -0.18999635E-32
  0.36804408E+14 -0.23023306E-30 -0.13034858E-31
  0.36877870E+14 -0.22737871E-30 -0.23273722E-31
  0.36951331E+14 -0.22382328E-30 -0.33958163E-31
  0.37024793E+14 -0.22027403E-30 -0.43653863E-31
  0.37098255E+14 -0.21531834E-30 -0.53311523E-31
  0.37171717E+14 -0.21103743E-30 -0.62675723E-31
  0.37245179E+14 -0.20539762E-30 -0.71332995E-31
  0.37318641E+14 -0.19967379E-30 -0.80136490E-31
  0.37392103E+14 -0.19384837E-30 -0.87961008E-31
  0.37465565E+14 -0.18689715E-30 -0.95660004E-31
  0.37539027E+14 -0.18041604E-30 -0.10301799E-30
  0.37612489E+14 -0.17304304E-30 -0.10954972E-30
  0.37685950E+14 -0.16532136E-30 -0.11606676E-30
  0.37759412E+14 -0.15789900E-30 -0.12183522E-30
  0.37832874E+14 -0.14952985E-30 -0.12704799E-30
  0.37906336E+14 -0.14120487E-30 -0.13202524E-30
  0.37979798E+14 -0.13290309E-30 -0.13620433E-30
  0.38053260E+14 -0.12388127E-30 -0.13992835E-30
  0.38126722E+14 -0.11495758E-30 -0.14326379E-30
  0.38200184E+14 -0.10610213E-30 -0.14587142E-30
  0.38273646E+14 -0.96755029E-31 -0.14790429E-30
  0.38347107E+14 -0.87404484E-31 -0.14947430E-30
  0.38420569E+14 -0.78211312E-31 -0.15036201E-30
  0.38494031E+14 -0.68912865E-31 -0.15058810E-30
  0.38567493E+14 -0.59552110E-31 -0.15024168E-30
  0.38640955E+14 -0.50321098E-31 -0.14929512E-30
  0.38714417E+14 -0.41267456E-31 -0.14765519E-30
  0.38787879E+14 -0.32319810E-31 -0.14541567E-30
  0.38861341E+14 -0.23577213E-31 -0.14255149E-30
  0.38934803E+14 -0.15092159E-31 -0.13908977E-30
  0.39008264E+14 -0.69165161E-32 -0.13455227E-30
  0.39081726E+14  0.10681558E-32 -0.12963988E-30
  0.39155188E+14  0.91291581E-32 -0.12390621E-30
  0.39228650E+14  0.15742674E-31 -0.11763836E-30
  0.39302112E+14  0.22143808E-31 -0.10995970E-30
  0.39375574E+14  0.28623904E-31 -0.10218600E-30
  0.39449036E+14  0.33230472E-31 -0.93243981E-31
  0.39522498E+14  0.36748685E-31 -0.84035323E-31
  0.39595960E+14  0.40083060E-31 -0.72830094E-31
  0.39669421E+14  0.40386197E-31 -0.61284549E-31
  0.39742883E+14  0.38581620E-31 -0.48976160E-31
  0.39816345E+14  0.33853833E-31 -0.35769400E-31
  0.39889807E+14  0.19515201E-31 -0.20262449E-31
  0.39963269E+14  0.00000000E+00 -0.33143934E-31
  0.40036731E+14  0.00000000E+00 -0.38385506E-31
  0.40110193E+14  0.00000000E+00 -0.40282198E-31
  0.40183655E+14  0.00000000E+00 -0.40981253E-31
  0.40257117E+14  0.00000000E+00 -0.41096935E-31
  0.40330579E+14  0.00000000E+00 -0.40888784E-31
  0.40404040E+14  0.00000000E+00 -0.40488392E-31
  0.40477502E+14  0.00000000E+00 -0.39970039E-31
  0.40550964E+14  0.00000000E+00 -0.39378715E-31
  0.40624426E+14  0.00000000E+00 -0.38743034E-31
  0.40697888E+14  0.00000000E+00 -0.38081843E-31
  0.40771350E+14  0.00000000E+00 -0.37407874E-31
  0.40844812E+14  0.00000000E+00 -0.36729876E-31
  0.40918274E+14  0.00000000E+00 -0.36053932E-31
  0.40991736E+14  0.00000000E+00 -0.35384287E-31
  0.41065197E+14  0.00000000E+00 -0.34723904E-31
  0.41138659E+14  0.00000000E+00 -0.34074832E-31
  0.41212121E+14  0.00000000E+00 -0.33438458E-31
  0.41285583E+14  0.00000000E+00 -0.32815692E-31
  0.41359045E+14  0.00000000E+00 -0.32207088E-31
  0.41432507E+14  0.00000000E+00 -0.31612944E-31
  0.41505969E+14  0.00000000E+00 -0.31033366E-31
  0.41579431E+14  0.00000000E+00 -0.30468316E-31
  0.41652893E+14  0.00000000E+00 -0.29917655E-31
  0.41726354E+14  0.00000000E+00 -0.29381166E-31
  0.41799816E+14  0.00000000E+00 -0.28858577E-31
  0.41873278E+14  0.00000000E+00 -0.28349580E-31
  0.41946740E+14  0.00000000E+00 -0.27853837E-31
  0.42020202E+14  0.00000000E+00 -0.27370996E-31
  0.42093664E+14  0.00000000E+00 -0.26900693E-31
  0.42167126E+14  0.00000000E+00 -0.26442562E-31
  0.42240588E+14  0.00000000E+00 -0.25996234E-31
  0.42314050E+14  0.00000000E+00 -0.25561345E-31
  0.42387511E+14  0.00000000E+00 -0.25137534E-31
  0.42460973E+14  0.00000000E+00 -0.24724450E-31
  0.42534435E+14  0.00000000E+00 -0.24321746E-31
  0.42607897E+14  0.00000000E+00 -0.23929089E-31
  0.42681359E+14  0.00000000E+00 -0.23546151E-31
  0.42754821E+14  0.00000000E+00 -0.23172617E-31
  0.42828283E+14  0.00000000E+00 -0.22808181E-31
  0.42901745E+14  0.00000000E+00 -0.22452549E-31
  0.42975207E+14  0.00000000E+00 -0.22105434E-31
  0.43048669E+14  0.00000000E+00 -0.21766561E-31
  0.43122130E+14  0.00000000E+00 -0.21435667E-31
  0.43195592E+14  0.00000000E+00 -0.21112494E-31
  0.43269054E+14  0.00000000E+00 -0.20796799E-31
  0.43342516E+14  0.00000000E+00 -0.20488343E-31
  0.43415978E+14  0.00000000E+00 -0.20186898E-31
  0.43489440E+14  0.00000000E+00 -0.19892247E-31
  0.43562902E+14  0.00000000E+00 -0.19604178E-31
  0.43636364E+14  0.00000000E+00 -0.19322487E-31
  0.43709826E+14  0.00000000E+00 -0.19046980E-31
  0.43783287E+14  0.00000000E+00 -0.18777469E-31
  0.43856749E+14  0.00000000E+00 -0.18513773E-31
  0.43930211E+14  0.00000000E+00 -0.18255718E-31
  0.44003673E+14  0.00000000E+00 -0.18003136E-31
  0.44077135E+14  0.00000000E+00 -0.17755867E-31
  0.44150597E+14  0.00000000E+00 -0.17513754E-31
  0.44224059E+14  0.00000000E+00 -0.17276649E-31
  0.44297521E+14  0.00000000E+00 -0.17044407E-31
  0.44370983E+14  0.00000000E+00 -0.16816889E-31
  0.44444444E+14  0.00000000E+00 -0.16593963E-31
  0.44517906E+14  0.00000000E+00 -0.16375498E-31
  0.44591368E+14  0.00000000E+00 -0.16161371E-31
  0.44664830E+14  0.00000000E+00 -0.15951461E-31
  0.44738292E+14  0.00000000E+00 -0.15745653E-31
  0.44811754E+14  0.00000000E+00 -0.15543836E-31
  0.44885216E+14  0.00000000E+00 -0.15345902E-31
  0.44958678E+14  0.00000000E+00 -0.15151747E-31
  0.45032140E+14  0.00000000E+00 -0.14961270E-31
  0.45105601E+14  0.00000000E+00 -0.14774376E-31
  0.45179063E+14  0.00000000E+00 -0.14590969E-31
  0.45252525E+14  0.00000000E+00 -0.14410960E-31
  0.45325987E+14  0.00000000E+00 -0.14234261E-31
  0.45399449E+14  0.00000000E+00 -0.14060788E-31
  0.45472911E+14  0.00000000E+00 -0.13890458E-31
  0.45546373E+14  0.00000000E+00 -0.13723194E-31
  0.45619835E+14  0.00000000E+00 -0.13558918E-31
  0.45693297E+14  0.00000000E+00 -0.13397557E-31
  0.45766758E+14  0.00000000E+00 -0.13239039E-31
  0.45840220E+14  0.00000000E+00 -0.13083294E-31
  0.45913682E+14  0.00000000E+00 -0.12930255E-31
  0.45987144E+14  0.00000000E+00 -0.12779857E-31
  0.46060606E+14  0.00000000E+00 -0.12632038E-31
  0.46134068E+14  0.00000000E+00 -0.12486736E-31
  0.46207530E+14  0.00000000E+00 -0.12343892E-31
  0.46280992E+14  0.00000000E+00 -0.12203449E-31
  0.46354454E+14  0.00000000E+00 -0.12065350E-31
  0.46427916E+14  0.00000000E+00 -0.11929543E-31
  0.46501377E+14  0.00000000E+00 -0.11795974E-31
  0.46574839E+14  0.00000000E+00 -0.11664592E-31
  0.46648301E+14  0.00000000E+00 -0.11535350E-31
  0.46721763E+14  0.00000000E+00 -0.11408198E-31
  0.46795225E+14  0.00000000E+00 -0.11283089E-31
  0.46868687E+14  0.00000000E+00 -0.11159980E-31
  0.46942149E+14  0.00000000E+00 -0.11038826E-31
  0.47015611E+14  0.00000000E+00 -0.10919584E-31
  0.47089073E+14  0.00000000E+00 -0.10802214E-31
  0.47162534E+14  0.00000000E+00 -0.10686674E-31
  0.47235996E+14  0.00000000E+00 -0.10572926E-31
  0.47309458E+14  0.00000000E+00 -0.10460932E-31
  0.47382920E+14  0.00000000E+00 -0.10350654E-31
  0.47456382E+14  0.00000000E+00 -0.10242057E-31
  0.47529844E+14  0.00000000E+00 -0.10135106E-31
  0.47603306E+14  0.00000000E+00 -0.10029766E-31
  0.47676768E+14  0.00000000E+00 -0.99260051E-32
  0.47750230E+14  0.00000000E+00 -0.98237902E-32
  0.47823691E+14  0.00000000E+00 -0.97230902E-32
  0.47897153E+14  0.00000000E+00 -0.96238744E-32
  0.47970615E+14  0.00000000E+00 -0.95261130E-32
  0.48044077E+14  0.00000000E+00 -0.94297771E-32
  0.48117539E+14  0.00000000E+00 -0.93348383E-32
  0.48191001E+14  0.00000000E+00 -0.92412692E-32
  0.48264463E+14  0.00000000E+00 -0.91490429E-32
  0.48337925E+14  0.00000000E+00 -0.90581333E-32
  0.48411387E+14  0.00000000E+00 -0.89685147E-32
  0.48484848E+14  0.00000000E+00 -0.88801625E-32
  0.48558310E+14  0.00000000E+00 -0.87930523E-32
  0.48631772E+14  0.00000000E+00 -0.87071604E-32
  0.48705234E+14  0.00000000E+00 -0.86224639E-32
  0.48778696E+14  0.00000000E+00 -0.85389403E-32
  0.48852158E+14  0.00000000E+00 -0.84565674E-32
  0.48925620E+14  0.00000000E+00 -0.83753241E-32
  0.48999082E+14  0.00000000E+00 -0.82951892E-32
  0.49072544E+14  0.00000000E+00 -0.82161425E-32
  0.49146006E+14  0.00000000E+00 -0.81381639E-32
  0.49219467E+14  0.00000000E+00 -0.80612341E-32
  0.49292929E+14  0.00000000E+00 -0.79853340E-32
  0.49366391E+14  0.00000000E+00 -0.79104451E-32
  0.49439853E+14  0.00000000E+00 -0.78365493E-32
  0.49513315E+14  0.00000000E+00 -0.77636287E-32
  0.49586777E+14  0.00000000E+00 -0.76916662E-32
  0.49660239E+14  0.00000000E+00 -0.76206448E-32
  0.49733701E+14  0.00000000E+00 -0.75505480E-32
  0.49807163E+14  0.00000000E+00 -0.74813596E-32
  0.49880624E+14  0.00000000E+00 -0.74130638E-32
  0.49954086E+14  0.00000000E+00 -0.73456453E-32
  0.50027548E+14  0.00000000E+00 -0.72790889E-32
  0.50101010E+14  0.00000000E+00 -0.72133798E-32
  0.50174472E+14  0.00000000E+00 -0.71485036E-32
  0.50247934E+14  0.00000000E+00 -0.70844462E-32
  0.50321396E+14  0.00000000E+00 -0.70211938E-32
  0.50394858E+14  0.00000000E+00 -0.69587328E-32
  0.50468320E+14  0.00000000E+00 -0.68970500E-32
  0.50541781E+14  0.00000000E+00 -0.68361326E-32
  0.50615243E+14  0.00000000E+00 -0.67759677E-32
  0.50688705E+14  0.00000000E+00 -0.67165430E-32
  0.50762167E+14  0.00000000E+00 -0.66578465E-32
  0.50835629E+14  0.00000000E+00 -0.65998661E-32
  0.50909091E+14  0.00000000E+00 -0.65425902E-32
  0.50982553E+14  0.00000000E+00 -0.64860075E-32
  0.51056015E+14  0.00000000E+00 -0.64301069E-32
  0.51129477E+14  0.00000000E+00 -0.63748772E-32
  0.51202938E+14  0.00000000E+00 -0.63203080E-32
  0.51276400E+14  0.00000000E+00 -0.62663886E-32
  0.51349862E+14  0.00000000E+00 -0.62131088E-32
  0.51423324E+14  0.00000000E+00 -0.61604586E-32
  0.51496786E+14  0.00000000E+00 -0.61084280E-32
  0.51570248E+14  0.00000000E+00 -0.60570075E-32
  0.51643710E+14  0.00000000E+00 -0.60061874E-32
  0.51717172E+14  0.00000000E+00 -0.59559586E-32
  0.51790634E+14  0.00000000E+00 -0.59063119E-32
  0.51864096E+14  0.00000000E+00 -0.58572384E-32
  0.51937557E+14  0.00000000E+00 -0.58087294E-32
  0.52011019E+14  0.00000000E+00 -0.57607762E-32
  0.52084481E+14  0.00000000E+00 -0.57133704E-32
  0.52157943E+14  0.00000000E+00 -0.56665039E-32
  0.52231405E+14  0.00000000E+00 -0.56201684E-32
  0.52304867E+14  0.00000000E+00 -0.55743561E-32
  0.52378329E+14  0.00000000E+00 -0.55290592E-32
  0.52451791E+14  0.00000000E+00 -0.54842700E-32
  0.52525253E+14  0.00000000E+00 -0.54399809E-32
  0.52598714E+14  0.00000000E+00 -0.53961848E-32
  0.52672176E+14  0.00000000E+00 -0.53528743E-32
  0.52745638E+14  0.00000000E+00 -0.53100423E-32
  0.52819100E+14  0.00000000E+00 -0.52676819E-32
  0.52892562E+14  0.00000000E+00 -0.52257863E-32
  0.52966024E+14  0.00000000E+00 -0.51843487E-32
  0.53039486E+14  0.00000000E+00 -0.51433626E-32
  0.53112948E+14  0.00000000E+00 -0.51028215E-32
  0.53186410E+14  0.00000000E+00 -0.50627191E-32
  0.53259871E+14  0.00000000E+00 -0.50230492E-32
  0.53333333E+14  0.00000000E+00 -0.49838056E-32
  0.53406795E+14  0.00000000E+00 -0.49449822E-32
  0.53480257E+14  0.00000000E+00 -0.49065733E-32
  0.53553719E+14  0.00000000E+00 -0.48685731E-32
  0.53627181E+14  0.00000000E+00 -0.48309757E-32
  0.53700643E+14  0.00000000E+00 -0.47937757E-32
  0.53774105E+14  0.00000000E+00 -0.47569675E-32
  0.53847567E+14  0.00000000E+00 -0.47205457E-32
  0.53921028E+14  0.00000000E+00 -0.46845051E-32
  0.53994490E+14  0.00000000E+00 -0.46488404E-32
  0.54067952E+14  0.00000000E+00 -0.46135465E-32
  0.54141414E+14  0.00000000E+00 -0.45786184E-32
  0.54214876E+14  0.00000000E+00 -0.45440511E-32
  0.54288338E+14  0.00000000E+00 -0.45098397E-32
  0.54361800E+14  0.00000000E+00 -0.44759794E-32
  0.54435262E+14  0.00000000E+00 -0.44424657E-32
  0.54508724E+14  0.00000000E+00 -0.44092937E-32
  0.54582185E+14  0.00000000E+00 -0.43764591E-32
  0.54655647E+14  0.00000000E+00 -0.43439573E-32
  0.54729109E+14  0.00000000E+00 -0.43117839E-32
  0.54802571E+14  0.00000000E+00 -0.42799347E-32
  0.54876033E+14  0.00000000E+00 -0.42484053E-32
  0.54949495E+14  0.00000000E+00 -0.42171916E-32
  0.55022957E+14  0.00000000E+00 -0.41862894E-32
  0.55096419E+14  0.00000000E+00 -0.41556948E-32
  0.55169881E+14  0.00000000E+00 -0.41254037E-32
  0.55243343E+14  0.00000000E+00 -0.40954123E-32
  0.55316804E+14  0.00000000E+00 -0.40657167E-32
  0.55390266E+14  0.00000000E+00 -0.40363130E-32
  0.55463728E+14  0.00000000E+00 -0.40071977E-32
  0.55537190E+14  0.00000000E+00 -0.39783669E-32
  0.55610652E+14  0.00000000E+00 -0.39498172E-32
  0.55684114E+14  0.00000000E+00 -0.39215448E-32
  0.55757576E+14  0.00000000E+00 -0.38935465E-32
  0.55831038E+14  0.00000000E+00 -0.38658186E-32
  0.55904500E+14  0.00000000E+00 -0.38383579E-32
  0.55977961E+14  0.00000000E+00 -0.38111610E-32
  0.56051423E+14  0.00000000E+00 -0.37842246E-32
  0.56124885E+14  0.00000000E+00 -0.37575455E-32
  0.56198347E+14  0.00000000E+00 -0.37311205E-32
  0.56271809E+14  0.00000000E+00 -0.37049464E-32
  0.56345271E+14  0.00000000E+00 -0.36790203E-32
  0.56418733E+14  0.00000000E+00 -0.36533390E-32
  0.56492195E+14  0.00000000E+00 -0.36278996E-32
  0.56565657E+14  0.00000000E+00 -0.36026991E-32
  0.56639118E+14  0.00000000E+00 -0.35777347E-32
  0.56712580E+14  0.00000000E+00 -0.35530034E-32
  0.56786042E+14  0.00000000E+00 -0.35285025E-32
  0.56859504E+14  0.00000000E+00 -0.35042292E-32
  0.56932966E+14  0.00000000E+00 -0.34801807E-32
  0.57006428E+14  0.00000000E+00 -0.34563545E-32
  0.57079890E+14  0.00000000E+00 -0.34327478E-32
  0.57153352E+14  0.00000000E+00 -0.34093580E-32
  0.57226814E+14  0.00000000E+00 -0.33861826E-32
  0.57300275E+14  0.00000000E+00 -0.33632190E-32
  0.57373737E+14  0.00000000E+00 -0.33404647E-32
  0.57447199E+14  0.00000000E+00 -0.33179174E-32
  0.57520661E+14  0.00000000E+00 -0.32955745E-32
  0.57594123E+14  0.00000000E+00 -0.32734337E-32
  0.57667585E+14  0.00000000E+00 -0.32514926E-32
  0.57741047E+14  0.00000000E+00 -0.32297489E-32
  0.57814509E+14  0.00000000E+00 -0.32082004E-32
  0.57887971E+14  0.00000000E+00 -0.31868447E-32
  0.57961433E+14  0.00000000E+00 -0.31656797E-32
  0.58034894E+14  0.00000000E+00 -0.31447032E-32
  0.58108356E+14  0.00000000E+00 -0.31239130E-32
  0.58181818E+14  0.00000000E+00 -0.31033070E-32
  0.58255280E+14  0.00000000E+00 -0.30828830E-32
  0.58328742E+14  0.00000000E+00 -0.30626392E-32
  0.58402204E+14  0.00000000E+00 -0.30425733E-32
  0.58475666E+14  0.00000000E+00 -0.30226834E-32
  0.58549128E+14  0.00000000E+00 -0.30029675E-32
  0.58622590E+14  0.00000000E+00 -0.29834237E-32
  0.58696051E+14  0.00000000E+00 -0.29640501E-32
  0.58769513E+14  0.00000000E+00 -0.29448446E-32
  0.58842975E+14  0.00000000E+00 -0.29258056E-32
  0.58916437E+14  0.00000000E+00 -0.29069310E-32
  0.58989899E+14  0.00000000E+00 -0.28882192E-32
  0.59063361E+14  0.00000000E+00 -0.28696683E-32
  0.59136823E+14  0.00000000E+00 -0.28512765E-32
  0.59210285E+14  0.00000000E+00 -0.28330422E-32
  0.59283747E+14  0.00000000E+00 -0.28149635E-32
  0.59357208E+14  0.00000000E+00 -0.27970387E-32
  0.59430670E+14  0.00000000E+00 -0.27792663E-32
  0.59504132E+14  0.00000000E+00 -0.27616445E-32
  0.59577594E+14  0.00000000E+00 -0.27441717E-32
  0.59651056E+14  0.00000000E+00 -0.27268463E-32
  0.59724518E+14  0.00000000E+00 -0.27096668E-32
  0.59797980E+14  0.00000000E+00 -0.26926314E-32
  0.59871442E+14  0.00000000E+00 -0.26757388E-32
  0.59944904E+14  0.00000000E+00 -0.26589874E-32
  0.60018365E+14  0.00000000E+00 -0.26423756E-32
  0.60091827E+14  0.00000000E+00 -0.26259020E-32
  0.60165289E+14  0.00000000E+00 -0.26095652E-32
  0.60238751E+14  0.00000000E+00 -0.25933636E-32
  0.60312213E+14  0.00000000E+00 -0.25772958E-32
  0.60385675E+14  0.00000000E+00 -0.25613605E-32
  0.60459137E+14  0.00000000E+00 -0.25455562E-32
  0.60532599E+14  0.00000000E+00 -0.25298816E-32
  0.60606061E+14  0.00000000E+00 -0.25143354E-32
  0.60679522E+14  0.00000000E+00 -0.24989161E-32
  0.60752984E+14  0.00000000E+00 -0.24836224E-32
  0.60826446E+14  0.00000000E+00 -0.24684532E-32
  0.60899908E+14  0.00000000E+00 -0.24534069E-32
  0.60973370E+14  0.00000000E+00 -0.24384825E-32
  0.61046832E+14  0.00000000E+00 -0.24236787E-32
  0.61120294E+14  0.00000000E+00 -0.24089941E-32
  0.61193756E+14  0.00000000E+00 -0.23944276E-32
  0.61267218E+14  0.00000000E+00 -0.23799780E-32
  0.61340680E+14  0.00000000E+00 -0.23656441E-32
  0.61414141E+14  0.00000000E+00 -0.23514247E-32
  0.61487603E+14  0.00000000E+00 -0.23373187E-32
  0.61561065E+14  0.00000000E+00 -0.23233248E-32
  0.61634527E+14  0.00000000E+00 -0.23094420E-32
  0.61707989E+14  0.00000000E+00 -0.22956692E-32
  0.61781451E+14  0.00000000E+00 -0.22820052E-32
  0.61854913E+14  0.00000000E+00 -0.22684489E-32
  0.61928375E+14  0.00000000E+00 -0.22549993E-32
  0.62001837E+14  0.00000000E+00 -0.22416554E-32
  0.62075298E+14  0.00000000E+00 -0.22284160E-32
  0.62148760E+14  0.00000000E+00 -0.22152801E-32
  0.62222222E+14  0.00000000E+00 -0.22022467E-32
  0.62295684E+14  0.00000000E+00 -0.21893147E-32
  0.62369146E+14  0.00000000E+00 -0.21764833E-32
  0.62442608E+14  0.00000000E+00 -0.21637513E-32
  0.62516070E+14  0.00000000E+00 -0.21511178E-32
  0.62589532E+14  0.00000000E+00 -0.21385819E-32
  0.62662994E+14  0.00000000E+00 -0.21261426E-32
  0.62736455E+14  0.00000000E+00 -0.21137989E-32
  0.62809917E+14  0.00000000E+00 -0.21015499E-32
  0.62883379E+14  0.00000000E+00 -0.20893948E-32
  0.62956841E+14  0.00000000E+00 -0.20773325E-32
  0.63030303E+14  0.00000000E+00 -0.20653622E-32
  0.63103765E+14  0.00000000E+00 -0.20534830E-32
  0.63177227E+14  0.00000000E+00 -0.20416940E-32
  0.63250689E+14  0.00000000E+00 -0.20299944E-32
  0.63324151E+14  0.00000000E+00 -0.20183833E-32
  0.63397612E+14  0.00000000E+00 -0.20068599E-32
  0.63471074E+14  0.00000000E+00 -0.19954232E-32
  0.63544536E+14  0.00000000E+00 -0.19840726E-32
  0.63617998E+14  0.00000000E+00 -0.19728071E-32
  0.63691460E+14  0.00000000E+00 -0.19616260E-32
  0.63764922E+14  0.00000000E+00 -0.19505285E-32
  0.63838384E+14  0.00000000E+00 -0.19395138E-32
  0.63911846E+14  0.00000000E+00 -0.19285810E-32
  0.63985308E+14  0.00000000E+00 -0.19177295E-32
  0.64058770E+14  0.00000000E+00 -0.19069585E-32
  0.64132231E+14  0.00000000E+00 -0.18962671E-32
  0.64205693E+14  0.00000000E+00 -0.18856548E-32
  0.64279155E+14  0.00000000E+00 -0.18751207E-32
  0.64352617E+14  0.00000000E+00 -0.18646641E-32
  0.64426079E+14  0.00000000E+00 -0.18542842E-32
  0.64499541E+14  0.00000000E+00 -0.18439805E-32
  0.64573003E+14  0.00000000E+00 -0.18337521E-32
  0.64646465E+14  0.00000000E+00 -0.18235984E-32
  0.64719927E+14  0.00000000E+00 -0.18135187E-32
  0.64793388E+14  0.00000000E+00 -0.18035123E-32
  0.64866850E+14  0.00000000E+00 -0.17935786E-32
  0.64940312E+14  0.00000000E+00 -0.17837168E-32
  0.65013774E+14  0.00000000E+00 -0.17739264E-32
  0.65087236E+14  0.00000000E+00 -0.17642066E-32
  0.65160698E+14  0.00000000E+00 -0.17545568E-32
  0.65234160E+14  0.00000000E+00 -0.17449765E-32
  0.65307622E+14  0.00000000E+00 -0.17354649E-32
  0.65381084E+14  0.00000000E+00 -0.17260214E-32
  0.65454545E+14  0.00000000E+00 -0.17166455E-32
  0.65528007E+14  0.00000000E+00 -0.17073365E-32
  0.65601469E+14  0.00000000E+00 -0.16980938E-32
  0.65674931E+14  0.00000000E+00 -0.16889169E-32
  0.65748393E+14  0.00000000E+00 -0.16798051E-32
  0.65821855E+14  0.00000000E+00 -0.16707578E-32
  0.65895317E+14  0.00000000E+00 -0.16617745E-32
  0.65968779E+14  0.00000000E+00 -0.16528546E-32
  0.66042241E+14  0.00000000E+00 -0.16439976E-32
  0.66115702E+14  0.00000000E+00 -0.16352029E-32
  0.66189164E+14  0.00000000E+00 -0.16264699E-32
  0.66262626E+14  0.00000000E+00 -0.16177981E-32
  0.66336088E+14  0.00000000E+00 -0.16091870E-32
  0.66409550E+14  0.00000000E+00 -0.16006360E-32
  0.66483012E+14  0.00000000E+00 -0.15921446E-32
  0.66556474E+14  0.00000000E+00 -0.15837123E-32
  0.66629936E+14  0.00000000E+00 -0.15753385E-32
  0.66703398E+14  0.00000000E+00 -0.15670228E-32
  0.66776860E+14  0.00000000E+00 -0.15587646E-32
  0.66850321E+14  0.00000000E+00 -0.15505635E-32
  0.66923783E+14  0.00000000E+00 -0.15424190E-32
  0.66997245E+14  0.00000000E+00 -0.15343304E-32
  0.67070707E+14  0.00000000E+00 -0.15262975E-32
  0.67144169E+14  0.00000000E+00 -0.15183197E-32
  0.67217631E+14  0.00000000E+00 -0.15103965E-32
  0.67291093E+14  0.00000000E+00 -0.15025274E-32
  0.67364555E+14  0.00000000E+00 -0.14947121E-32
  0.67438017E+14  0.00000000E+00 -0.14869500E-32
  0.67511478E+14  0.00000000E+00 -0.14792406E-32
  0.67584940E+14  0.00000000E+00 -0.14715836E-32
  0.67658402E+14  0.00000000E+00 -0.14639785E-32
  0.67731864E+14  0.00000000E+00 -0.14564248E-32
  0.67805326E+14  0.00000000E+00 -0.14489221E-32
  0.67878788E+14  0.00000000E+00 -0.14414700E-32
  0.67952250E+14  0.00000000E+00 -0.14340680E-32
  0.68025712E+14  0.00000000E+00 -0.14267158E-32
  0.68099174E+14  0.00000000E+00 -0.14194128E-32
  0.68172635E+14  0.00000000E+00 -0.14121588E-32
  0.68246097E+14  0.00000000E+00 -0.14049532E-32
  0.68319559E+14  0.00000000E+00 -0.13977957E-32
  0.68393021E+14  0.00000000E+00 -0.13906859E-32
  0.68466483E+14  0.00000000E+00 -0.13836234E-32
  0.68539945E+14  0.00000000E+00 -0.13766078E-32
  0.68613407E+14  0.00000000E+00 -0.13696386E-32
  0.68686869E+14  0.00000000E+00 -0.13627156E-32
  0.68760331E+14  0.00000000E+00 -0.13558383E-32
  0.68833792E+14  0.00000000E+00 -0.13490063E-32
  0.68907254E+14  0.00000000E+00 -0.13422193E-32
  0.68980716E+14  0.00000000E+00 -0.13354770E-32
  0.69054178E+14  0.00000000E+00 -0.13287788E-32
  0.69127640E+14  0.00000000E+00 -0.13221246E-32
  0.69201102E+14  0.00000000E+00 -0.13155138E-32
  0.69274564E+14  0.00000000E+00 -0.13089462E-32
  0.69348026E+14  0.00000000E+00 -0.13024215E-32
  0.69421488E+14  0.00000000E+00 -0.12959392E-32
  0.69494949E+14  0.00000000E+00 -0.12894990E-32
  0.69568411E+14  0.00000000E+00 -0.12831005E-32
  0.69641873E+14  0.00000000E+00 -0.12767436E-32
  0.69715335E+14  0.00000000E+00 -0.12704277E-32
  0.69788797E+14  0.00000000E+00 -0.12641526E-32
  0.69862259E+14  0.00000000E+00 -0.12579179E-32
  0.69935721E+14  0.00000000E+00 -0.12517233E-32
  0.70009183E+14  0.00000000E+00 -0.12455685E-32
  0.70082645E+14  0.00000000E+00 -0.12394532E-32
  0.70156107E+14  0.00000000E+00 -0.12333771E-32
  0.70229568E+14  0.00000000E+00 -0.12273398E-32
  0.70303030E+14  0.00000000E+00 -0.12213410E-32
  0.70376492E+14  0.00000000E+00 -0.12153805E-32
  0.70449954E+14  0.00000000E+00 -0.12094579E-32
  0.70523416E+14  0.00000000E+00 -0.12035729E-32
  0.70596878E+14  0.00000000E+00 -0.11977252E-32
  0.70670340E+14  0.00000000E+00 -0.11919146E-32
  0.70743802E+14  0.00000000E+00 -0.11861407E-32
  0.70817264E+14  0.00000000E+00 -0.11804032E-32
  0.70890725E+14  0.00000000E+00 -0.11747019E-32
  0.70964187E+14  0.00000000E+00 -0.11690365E-32
  0.71037649E+14  0.00000000E+00 -0.11634066E-32
  0.71111111E+14  0.00000000E+00 -0.11578121E-32
  0.71184573E+14  0.00000000E+00 -0.11522527E-32
  0.71258035E+14  0.00000000E+00 -0.11467279E-32
  0.71331497E+14  0.00000000E+00 -0.11412377E-32
  0.71404959E+14  0.00000000E+00 -0.11357817E-32
  0.71478421E+14  0.00000000E+00 -0.11303597E-32
  0.71551882E+14  0.00000000E+00 -0.11249714E-32
  0.71625344E+14  0.00000000E+00 -0.11196165E-32
  0.71698806E+14  0.00000000E+00 -0.11142948E-32
  0.71772268E+14  0.00000000E+00 -0.11090060E-32
  0.71845730E+14  0.00000000E+00 -0.11037498E-32
  0.71919192E+14  0.00000000E+00 -0.10985261E-32
  0.71992654E+14  0.00000000E+00 -0.10933346E-32
  0.72066116E+14  0.00000000E+00 -0.10881749E-32
  0.72139578E+14  0.00000000E+00 -0.10830470E-32
  0.72213039E+14  0.00000000E+00 -0.10779505E-32
  0.72286501E+14  0.00000000E+00 -0.10728852E-32
  0.72359963E+14  0.00000000E+00 -0.10678508E-32
  0.72433425E+14  0.00000000E+00 -0.10628472E-32
  0.72506887E+14  0.00000000E+00 -0.10578740E-32
  0.72580349E+14  0.00000000E+00 -0.10529311E-32
  0.72653811E+14  0.00000000E+00 -0.10480183E-32
  0.72727273E+14  0.00000000E+00 -0.10431352E-32
  0.72800735E+14  0.00000000E+00 -0.10382817E-32
  0.72874197E+14  0.00000000E+00 -0.10334576E-32
  0.72947658E+14  0.00000000E+00 -0.10286626E-32
  0.73021120E+14  0.00000000E+00 -0.10238965E-32
  0.73094582E+14  0.00000000E+00 -0.10191591E-32
  0.73168044E+14  0.00000000E+00 -0.10144502E-32
  0.73241506E+14  0.00000000E+00 -0.10097696E-32
  0.73314968E+14  0.00000000E+00 -0.10051170E-32
  0.73388430E+14  0.00000000E+00 -0.10004923E-32
  0.73461892E+14  0.00000000E+00 -0.99589521E-33
  0.73535354E+14  0.00000000E+00 -0.99132557E-33
  0.73608815E+14  0.00000000E+00 -0.98678315E-33
  0.73682277E+14  0.00000000E+00 -0.98226777E-33
  0.73755739E+14  0.00000000E+00 -0.97777923E-33
  0.73829201E+14  0.00000000E+00 -0.97331731E-33
  0.73902663E+14  0.00000000E+00 -0.96888184E-33
  0.73976125E+14  0.00000000E+00 -0.96447261E-33
  0.74049587E+14  0.00000000E+00 -0.96008943E-33
  0.74123049E+14  0.00000000E+00 -0.95573210E-33
  0.74196511E+14  0.00000000E+00 -0.95140045E-33
  0.74269972E+14  0.00000000E+00 -0.94709428E-33
  0.74343434E+14  0.00000000E+00 -0.94281341E-33
  0.74416896E+14  0.00000000E+00 -0.93855764E-33
  0.74490358E+14  0.00000000E+00 -0.93432681E-33
  0.74563820E+14  0.00000000E+00 -0.93012072E-33
  0.74637282E+14  0.00000000E+00 -0.92593920E-33
  0.74710744E+14  0.00000000E+00 -0.92178207E-33
  0.74784206E+14  0.00000000E+00 -0.91764916E-33
  0.74857668E+14  0.00000000E+00 -0.91354028E-33
  0.74931129E+14  0.00000000E+00 -0.90945526E-33
  0.75004591E+14  0.00000000E+00 -0.90539394E-33
  0.75078053E+14  0.00000000E+00 -0.90135614E-33
  0.75151515E+14  0.00000000E+00 -0.89734170E-33
  0.75224977E+14  0.00000000E+00 -0.89335043E-33
  0.75298439E+14  0.00000000E+00 -0.88938219E-33
  0.75371901E+14  0.00000000E+00 -0.88543681E-33
  0.75445363E+14  0.00000000E+00 -0.88151411E-33
  0.75518825E+14  0.00000000E+00 -0.87761395E-33
  0.75592287E+14  0.00000000E+00 -0.87373615E-33
  0.75665748E+14  0.00000000E+00 -0.86988057E-33
  0.75739210E+14  0.00000000E+00 -0.86604703E-33
  0.75812672E+14  0.00000000E+00 -0.86223540E-33
  0.75886134E+14  0.00000000E+00 -0.85844550E-33
  0.75959596E+14  0.00000000E+00 -0.85467719E-33
  0.76033058E+14  0.00000000E+00 -0.85093032E-33
  0.76106520E+14  0.00000000E+00 -0.84720473E-33
  0.76179982E+14  0.00000000E+00 -0.84350027E-33
  0.76253444E+14  0.00000000E+00 -0.83981681E-33
  0.76326905E+14  0.00000000E+00 -0.83615417E-33
  0.76400367E+14  0.00000000E+00 -0.83251224E-33
  0.76473829E+14  0.00000000E+00 -0.82889084E-33
  0.76547291E+14  0.00000000E+00 -0.82528986E-33
  0.76620753E+14  0.00000000E+00 -0.82170913E-33
  0.76694215E+14  0.00000000E+00 -0.81814853E-33
  0.76767677E+14  0.00000000E+00 -0.81460790E-33
  0.76841139E+14  0.00000000E+00 -0.81108712E-33
  0.76914601E+14  0.00000000E+00 -0.80758604E-33
  0.76988062E+14  0.00000000E+00 -0.80410452E-33
  0.77061524E+14  0.00000000E+00 -0.80064244E-33
  0.77134986E+14  0.00000000E+00 -0.79719966E-33
  0.77208448E+14  0.00000000E+00 -0.79377604E-33
  0.77281910E+14  0.00000000E+00 -0.79037145E-33
  0.77355372E+14  0.00000000E+00 -0.78698577E-33
  0.77428834E+14  0.00000000E+00 -0.78361885E-33
  0.77502296E+14  0.00000000E+00 -0.78027058E-33
  0.77575758E+14  0.00000000E+00 -0.77694082E-33
  0.77649219E+14  0.00000000E+00 -0.77362946E-33
  0.77722681E+14  0.00000000E+00 -0.77033635E-33
  0.77796143E+14  0.00000000E+00 -0.76706138E-33
  0.77869605E+14  0.00000000E+00 -0.76380443E-33
  0.77943067E+14  0.00000000E+00 -0.76056537E-33
  0.78016529E+14  0.00000000E+00 -0.75734408E-33
  0.78089991E+14  0.00000000E+00 -0.75414043E-33
  0.78163453E+14  0.00000000E+00 -0.75095432E-33
  0.78236915E+14  0.00000000E+00 -0.74778562E-33
  0.78310376E+14  0.00000000E+00 -0.74463422E-33
  0.78383838E+14  0.00000000E+00 -0.74149999E-33
  0.78457300E+14  0.00000000E+00 -0.73838282E-33
  0.78530762E+14  0.00000000E+00 -0.73528260E-33
  0.78604224E+14  0.00000000E+00 -0.73219921E-33
  0.78677686E+14  0.00000000E+00 -0.72913254E-33
  0.78751148E+14  0.00000000E+00 -0.72608248E-33
  0.78824610E+14  0.00000000E+00 -0.72304891E-33
  0.78898072E+14  0.00000000E+00 -0.72003173E-33
  0.78971534E+14  0.00000000E+00 -0.71703083E-33
  0.79044995E+14  0.00000000E+00 -0.71404609E-33
  0.79118457E+14  0.00000000E+00 -0.71107742E-33
  0.79191919E+14  0.00000000E+00 -0.70812470E-33
  0.79265381E+14  0.00000000E+00 -0.70518782E-33
  0.79338843E+14  0.00000000E+00 -0.70226669E-33
  0.79412305E+14  0.00000000E+00 -0.69936120E-33
  0.79485767E+14  0.00000000E+00 -0.69647124E-33
  0.79559229E+14  0.00000000E+00 -0.69359672E-33
  0.79632691E+14  0.00000000E+00 -0.69073752E-33
  0.79706152E+14  0.00000000E+00 -0.68789356E-33
  0.79779614E+14  0.00000000E+00 -0.68506472E-33
  0.79853076E+14  0.00000000E+00 -0.68225092E-33
  0.79926538E+14  0.00000000E+00 -0.67945204E-33
  0.80000000E+14  0.00000000E+00 -0.67666800E-33
