  0.73461892E+11  0.11061693E-31 -0.10296871E-30
  0.14692378E+12  0.17397601E-31 -0.97054294E-31
  0.22038567E+12  0.25400867E-31 -0.85811000E-31
  0.29384757E+12  0.18599253E-31 -0.74674298E-31
  0.36730946E+12  0.14133069E-31 -0.79148781E-31
  0.44077135E+12  0.17984488E-31 -0.79735392E-31
  0.51423324E+12  0.19762763E-31 -0.78225316E-31
  0.58769513E+12  0.21477560E-31 -0.75428812E-31
  0.66115702E+12  0.20857115E-31 -0.73933572E-31
  0.73461892E+12  0.21565729E-31 -0.74120553E-31
  0.80808081E+12  0.23600134E-31 -0.74022545E-31
  0.88154270E+12  0.25877364E-31 -0.72794428E-31
  0.95500459E+12  0.26641892E-31 -0.70070248E-31
  0.10284665E+13  0.26146307E-31 -0.69308018E-31
  0.11019284E+13  0.27305596E-31 -0.69943191E-31
  0.11753903E+13  0.29683125E-31 -0.69168919E-31
  0.12488522E+13  0.31374216E-31 -0.67794069E-31
  0.13223140E+13  0.31934491E-31 -0.65749832E-31
  0.13957759E+13  0.32055658E-31 -0.65032969E-31
  0.14692378E+13  0.33030770E-31 -0.65512279E-31
  0.15426997E+13  0.35769704E-31 -0.64349960E-31
  0.16161616E+13  0.36857581E-31 -0.61695529E-31
  0.16896235E+13  0.36071636E-31 -0.60953480E-31
  0.17630854E+13  0.37203762E-31 -0.61298043E-31
  0.18365473E+13  0.39720154E-31 -0.59800401E-31
  0.19100092E+13  0.39935675E-31 -0.58037815E-31
  0.19834711E+13  0.40375443E-31 -0.57485277E-31
  0.20569330E+13  0.42161025E-31 -0.56459254E-31
  0.21303949E+13  0.42838283E-31 -0.54881846E-31
  0.22038567E+13  0.43164294E-31 -0.53602015E-31
  0.22773186E+13  0.43959155E-31 -0.52787192E-31
  0.23507805E+13  0.44936677E-31 -0.52019980E-31
  0.24242424E+13  0.46095580E-31 -0.50757702E-31
  0.24977043E+13  0.47034324E-31 -0.48969259E-31
  0.25711662E+13  0.47290427E-31 -0.47638753E-31
  0.26446281E+13  0.47731526E-31 -0.46715960E-31
  0.27180900E+13  0.48530178E-31 -0.45516304E-31
  0.27915519E+13  0.49312958E-31 -0.44430467E-31
  0.28650138E+13  0.50127265E-31 -0.42797736E-31
  0.29384757E+13  0.50103399E-31 -0.41292066E-31
  0.30119376E+13  0.50644525E-31 -0.40652754E-31
  0.30853994E+13  0.52009664E-31 -0.39157232E-31
  0.31588613E+13  0.51996424E-31 -0.36901567E-31
  0.32323232E+13  0.51415749E-31 -0.36174045E-31
  0.33057851E+13  0.52634619E-31 -0.35608456E-31
  0.33792470E+13  0.53541941E-31 -0.33427534E-31
  0.34527089E+13  0.53115750E-31 -0.31609846E-31
  0.35261708E+13  0.52963405E-31 -0.30755687E-31
  0.35996327E+13  0.53528098E-31 -0.29818953E-31
  0.36730946E+13  0.54174338E-31 -0.28180517E-31
  0.37465565E+13  0.54114193E-31 -0.26268613E-31
  0.38200184E+13  0.53726325E-31 -0.25027448E-31
  0.38934803E+13  0.53867801E-31 -0.24044728E-31
  0.39669421E+13  0.54119907E-31 -0.22610062E-31
  0.40404040E+13  0.54084430E-31 -0.21045131E-31
  0.41138659E+13  0.53826335E-31 -0.19576334E-31
  0.41873278E+13  0.53560671E-31 -0.18536169E-31
  0.42607897E+13  0.53952083E-31 -0.17205949E-31
  0.43342516E+13  0.53515754E-31 -0.15144594E-31
  0.44077135E+13  0.52493644E-31 -0.14143732E-31
  0.44811754E+13  0.52694466E-31 -0.13487786E-31
  0.45546373E+13  0.52875976E-31 -0.11724769E-31
  0.46280992E+13  0.52063789E-31 -0.10136286E-31
  0.47015611E+13  0.51447125E-31 -0.90300532E-32
  0.47750230E+13  0.51037848E-31 -0.79417282E-32
  0.48484848E+13  0.50733633E-31 -0.66025461E-32
  0.49219467E+13  0.50008488E-31 -0.52599881E-32
  0.49954086E+13  0.49262515E-31 -0.43065296E-32
  0.50688705E+13  0.48872161E-31 -0.31805681E-32
  0.51423324E+13  0.48199517E-31 -0.17654165E-32
  0.52157943E+13  0.47159584E-31 -0.68828679E-33
  0.52892562E+13  0.46430491E-31  0.66815456E-34
  0.53627181E+13  0.45939974E-31  0.11819278E-32
  0.54361800E+13  0.44928404E-31  0.24133404E-32
  0.55096419E+13  0.43911606E-31  0.32320979E-32
  0.55831038E+13  0.43070524E-31  0.41100498E-32
  0.56565657E+13  0.42077346E-31  0.49878717E-32
  0.57300275E+13  0.41074378E-31  0.57569573E-32
  0.58034894E+13  0.40196085E-31  0.64996472E-32
  0.58769513E+13  0.39147299E-31  0.73611379E-32
  0.59504132E+13  0.37960162E-31  0.80541859E-32
  0.60238751E+13  0.36796547E-31  0.86018557E-32
  0.60973370E+13  0.35688629E-31  0.90717086E-32
  0.61707989E+13  0.34606423E-31  0.95783943E-32
  0.62442608E+13  0.33494873E-31  0.99972209E-32
  0.63177227E+13  0.32344164E-31  0.10499366E-31
  0.63911846E+13  0.31022047E-31  0.10794349E-31
  0.64646465E+13  0.29848287E-31  0.10963005E-31
  0.65381084E+13  0.28648191E-31  0.11138383E-31
  0.66115702E+13  0.27472103E-31  0.11204286E-31
  0.66850321E+13  0.26330891E-31  0.11274822E-31
  0.67584940E+13  0.25072817E-31  0.11274120E-31
  0.68319559E+13  0.23899194E-31  0.11129821E-31
  0.69054178E+13  0.22683403E-31  0.10891678E-31
  0.69788797E+13  0.21678630E-31  0.10642224E-31
  0.70523416E+13  0.20478728E-31  0.10308652E-31
  0.71258035E+13  0.19465244E-31  0.99619602E-32
  0.71992654E+13  0.18312589E-31  0.93799421E-32
  0.72727273E+13  0.17359029E-31  0.88662106E-32
  0.73461892E+13  0.16461959E-31  0.81148115E-32
  0.74196511E+13  0.15561512E-31  0.74943778E-32
  0.74931129E+13  0.14853863E-31  0.67356611E-32
  0.75665748E+13  0.13940784E-31  0.59109180E-32
  0.76400367E+13  0.13335283E-31  0.50015057E-32
  0.77134986E+13  0.12777861E-31  0.39486773E-32
  0.77869605E+13  0.12253253E-31  0.29963781E-32
  0.78604224E+13  0.12021609E-31  0.19676084E-32
  0.79338843E+13  0.11663134E-31  0.87848601E-33
  0.80073462E+13  0.11465047E-31 -0.18656389E-33
  0.80808081E+13  0.11526244E-31 -0.13500478E-32
  0.81542700E+13  0.11629024E-31 -0.24862479E-32
  0.82277319E+13  0.11836042E-31 -0.35546236E-32
  0.83011938E+13  0.12223520E-31 -0.46018197E-32
  0.83746556E+13  0.12793217E-31 -0.56280223E-32
  0.84481175E+13  0.13437044E-31 -0.66183276E-32
  0.85215794E+13  0.14185061E-31 -0.74790013E-32
  0.85950413E+13  0.15094244E-31 -0.81868792E-32
  0.86685032E+13  0.16132259E-31 -0.87798441E-32
  0.87419651E+13  0.17279748E-31 -0.92353707E-32
  0.88154270E+13  0.18490540E-31 -0.95008584E-32
  0.88888889E+13  0.19734558E-31 -0.95281408E-32
  0.89623508E+13  0.21032938E-31 -0.93035180E-32
  0.90358127E+13  0.22115705E-31 -0.87634111E-32
  0.91092746E+13  0.22972954E-31 -0.80039610E-32
  0.91827365E+13  0.23490311E-31 -0.73491905E-32
  0.92561983E+13  0.23982804E-31 -0.67298454E-32
  0.93296602E+13  0.24379525E-31 -0.60570347E-32
  0.94031221E+13  0.24613514E-31 -0.54107289E-32
  0.94765840E+13  0.24769130E-31 -0.48415692E-32
  0.95500459E+13  0.24819994E-31 -0.43128104E-32
  0.96235078E+13  0.24766218E-31 -0.39018391E-32
  0.96969697E+13  0.24716266E-31 -0.35977305E-32
  0.97704316E+13  0.24610261E-31 -0.33977804E-32
  0.98438935E+13  0.24583527E-31 -0.33594443E-32
  0.99173554E+13  0.24620542E-31 -0.34195419E-32
  0.99908173E+13  0.24759968E-31 -0.35723810E-32
  0.10064279E+14  0.25110607E-31 -0.38081383E-32
  0.10137741E+14  0.25594093E-31 -0.40419741E-32
  0.10211203E+14  0.26349344E-31 -0.42794955E-32
  0.10284665E+14  0.27312443E-31 -0.43620018E-32
  0.10358127E+14  0.28494334E-31 -0.43315478E-32
  0.10431589E+14  0.29941515E-31 -0.40672795E-32
  0.10505051E+14  0.31664193E-31 -0.34435846E-32
  0.10578512E+14  0.33729294E-31 -0.22354350E-32
  0.10651974E+14  0.36159808E-31  0.10385099E-33
  0.10725436E+14  0.37413881E-31  0.62154648E-32
  0.10798898E+14  0.32654520E-31  0.79973073E-32
  0.10872360E+14  0.31314006E-31  0.82540993E-32
  0.10945822E+14  0.30416465E-31  0.86818778E-32
  0.11019284E+14  0.29699804E-31  0.91346387E-32
  0.11092746E+14  0.29084970E-31  0.96198872E-32
  0.11166208E+14  0.28569515E-31  0.10087580E-31
  0.11239669E+14  0.28010127E-31  0.10577565E-31
  0.11313131E+14  0.27480172E-31  0.11026797E-31
  0.11386593E+14  0.26965868E-31  0.11434933E-31
  0.11460055E+14  0.26482251E-31  0.11828409E-31
  0.11533517E+14  0.26001181E-31  0.12227696E-31
  0.11606979E+14  0.25500663E-31  0.12592508E-31
  0.11680441E+14  0.25015761E-31  0.12903649E-31
  0.11753903E+14  0.24574300E-31  0.13193490E-31
  0.11827365E+14  0.24144794E-31  0.13495327E-31
  0.11900826E+14  0.23709965E-31  0.13779188E-31
  0.11974288E+14  0.23267541E-31  0.14010129E-31
  0.12047750E+14  0.22904089E-31  0.14223596E-31
  0.12121212E+14  0.22556707E-31  0.14468853E-31
  0.12194674E+14  0.22193857E-31  0.14708485E-31
  0.12268136E+14  0.21843131E-31  0.14913588E-31
  0.12341598E+14  0.21551125E-31  0.15104065E-31
  0.12415060E+14  0.21293890E-31  0.15354371E-31
  0.12488522E+14  0.20998477E-31  0.15606071E-31
  0.12561983E+14  0.20718574E-31  0.15825472E-31
  0.12635445E+14  0.20514307E-31  0.16066500E-31
  0.12708907E+14  0.20309144E-31  0.16375532E-31
  0.12782369E+14  0.20067098E-31  0.16699416E-31
  0.12855831E+14  0.19828907E-31  0.16989224E-31
  0.12929293E+14  0.19651075E-31  0.17327273E-31
  0.13002755E+14  0.19447569E-31  0.17743178E-31
  0.13076217E+14  0.19167975E-31  0.18143339E-31
  0.13149679E+14  0.18938634E-31  0.18526738E-31
  0.13223140E+14  0.18734006E-31  0.18975124E-31
  0.13296602E+14  0.18432623E-31  0.19471514E-31
  0.13370064E+14  0.18122213E-31  0.19910865E-31
  0.13443526E+14  0.17871938E-31  0.20367409E-31
  0.13516988E+14  0.17593042E-31  0.20914114E-31
  0.13590450E+14  0.17233598E-31  0.21455154E-31
  0.13663912E+14  0.16919971E-31  0.21964387E-31
  0.13737374E+14  0.16621553E-31  0.22580658E-31
  0.13810836E+14  0.16201233E-31  0.23209784E-31
  0.13884298E+14  0.15783481E-31  0.23778825E-31
  0.13957759E+14  0.15390138E-31  0.24418271E-31
  0.14031221E+14  0.14840312E-31  0.25061396E-31
  0.14104683E+14  0.14286753E-31  0.25522872E-31
  0.14178145E+14  0.13815414E-31  0.25900185E-31
  0.14251607E+14  0.13335835E-31  0.26038882E-31
  0.14325069E+14  0.13242490E-31  0.25704704E-31
  0.14398531E+14  0.13952426E-31  0.24861136E-31
  0.14471993E+14  0.16301084E-31  0.23074436E-31
  0.14545455E+14  0.23900388E-31  0.18979711E-31
  0.14618916E+14  0.73978345E-31  0.47125670E-31
  0.14692378E+14  0.13417173E-31  0.82441388E-31
  0.14765840E+14 -0.83113386E-32  0.65511237E-31
  0.14839302E+14 -0.13706366E-31  0.57765571E-31
  0.14912764E+14 -0.17866132E-31  0.52743066E-31
  0.14986226E+14 -0.21456455E-31  0.48717048E-31
  0.15059688E+14 -0.24678209E-31  0.45132185E-31
  0.15133150E+14 -0.27337841E-31  0.41711670E-31
  0.15206612E+14 -0.29942674E-31  0.38473138E-31
  0.15280073E+14 -0.32118614E-31  0.35190674E-31
  0.15353535E+14 -0.34243271E-31  0.31976040E-31
  0.15426997E+14 -0.35991057E-31  0.28651562E-31
  0.15500459E+14 -0.37672336E-31  0.25308359E-31
  0.15573921E+14 -0.39108528E-31  0.21912722E-31
  0.15647383E+14 -0.40323125E-31  0.18348450E-31
  0.15720845E+14 -0.41438185E-31  0.14735988E-31
  0.15794307E+14 -0.42211953E-31  0.10949025E-31
  0.15867769E+14 -0.42778156E-31  0.69361062E-32
  0.15941230E+14 -0.43085179E-31  0.27050191E-32
  0.16014692E+14 -0.43117635E-31 -0.19548521E-32
  0.16088154E+14 -0.42769238E-31 -0.75551168E-32
  0.16161616E+14 -0.37277174E-31 -0.15083856E-31
  0.16235078E+14 -0.32386179E-31 -0.15757759E-31
  0.16308540E+14 -0.29119739E-31 -0.16467291E-31
  0.16382002E+14 -0.26565511E-31 -0.17082207E-31
  0.16455464E+14 -0.24380173E-31 -0.17653984E-31
  0.16528926E+14 -0.22434381E-31 -0.18178133E-31
  0.16602388E+14 -0.20648531E-31 -0.18640356E-31
  0.16675849E+14 -0.18973518E-31 -0.19074828E-31
  0.16749311E+14 -0.17419568E-31 -0.19466004E-31
  0.16822773E+14 -0.15949416E-31 -0.19802356E-31
  0.16896235E+14 -0.14522784E-31 -0.20101595E-31
  0.16969697E+14 -0.13180613E-31 -0.20364356E-31
  0.17043159E+14 -0.11883339E-31 -0.20562317E-31
  0.17116621E+14 -0.10621818E-31 -0.20750206E-31
  0.17190083E+14 -0.94221203E-32 -0.20884667E-31
  0.17263545E+14 -0.82301806E-32 -0.20975479E-31
  0.17337006E+14 -0.71124673E-32 -0.21039496E-31
  0.17410468E+14 -0.60018086E-32 -0.21054120E-31
  0.17483930E+14 -0.49346520E-32 -0.21046626E-31
  0.17557392E+14 -0.39107735E-32 -0.20968012E-31
  0.17630854E+14 -0.29154733E-32 -0.20910897E-31
  0.17704316E+14 -0.19335868E-32 -0.20783289E-31
  0.17777778E+14 -0.98819377E-33 -0.20619848E-31
  0.17851240E+14 -0.11785521E-33 -0.20426253E-31
  0.17924702E+14  0.76215628E-33 -0.20232896E-31
  0.17998163E+14  0.15957804E-32 -0.19979508E-31
  0.18071625E+14  0.23919676E-32 -0.19688971E-31
  0.18145087E+14  0.31213713E-32 -0.19416154E-31
  0.18218549E+14  0.38968052E-32 -0.19091669E-31
  0.18292011E+14  0.45528077E-32 -0.18715091E-31
  0.18365473E+14  0.51918163E-32 -0.18359222E-31
  0.18438935E+14  0.57866212E-32 -0.18002474E-31
  0.18512397E+14  0.64105046E-32 -0.17580760E-31
  0.18585859E+14  0.68744368E-32 -0.17124647E-31
  0.18659320E+14  0.73592619E-32 -0.16743565E-31
  0.18732782E+14  0.78273812E-32 -0.16300423E-31
  0.18806244E+14  0.82339609E-32 -0.15813308E-31
  0.18879706E+14  0.85270551E-32 -0.15370369E-31
  0.18953168E+14  0.88820791E-32 -0.14955609E-31
  0.19026630E+14  0.91703674E-32 -0.14452334E-31
  0.19100092E+14  0.93345732E-32 -0.13977141E-31
  0.19173554E+14  0.94961049E-32 -0.13595024E-31
  0.19247016E+14  0.96985701E-32 -0.13127837E-31
  0.19320478E+14  0.97256146E-32 -0.12653941E-31
  0.19393939E+14  0.97388633E-32 -0.12288099E-31
  0.19467401E+14  0.97769503E-32 -0.11920082E-31
  0.19540863E+14  0.97353255E-32 -0.11472597E-31
  0.19614325E+14  0.95596108E-32 -0.11172578E-31
  0.19687787E+14  0.95045780E-32 -0.10881954E-31
  0.19761249E+14  0.93010978E-32 -0.10535955E-31
  0.19834711E+14  0.90304852E-32 -0.10319050E-31
  0.19908173E+14  0.88126150E-32 -0.10157231E-31
  0.19981635E+14  0.85294862E-32 -0.99202407E-32
  0.20055096E+14  0.81040834E-32 -0.98537625E-32
  0.20128558E+14  0.78292295E-32 -0.98276238E-32
  0.20202020E+14  0.73844540E-32 -0.97555029E-32
  0.20275482E+14  0.69159056E-32 -0.98889520E-32
  0.20348944E+14  0.65287319E-32 -0.10005744E-31
  0.20422406E+14  0.59791850E-32 -0.10175570E-31
  0.20495868E+14  0.54889274E-32 -0.10529459E-31
  0.20569330E+14  0.49878337E-32 -0.10837481E-31
  0.20642792E+14  0.43968616E-32 -0.11349728E-31
  0.20716253E+14  0.39139944E-32 -0.11868897E-31
  0.20789715E+14  0.33002051E-32 -0.12573610E-31
  0.20863177E+14  0.28158237E-32 -0.13314728E-31
  0.20936639E+14  0.22179262E-32 -0.14237808E-31
  0.21010101E+14  0.17399594E-32 -0.15249346E-31
  0.21083563E+14  0.12367092E-32 -0.16436709E-31
  0.21157025E+14  0.75721263E-33 -0.17754905E-31
  0.21230487E+14  0.37473036E-33 -0.19246999E-31
  0.21303949E+14  0.91210702E-34 -0.20928734E-31
  0.21377410E+14  0.00000000E+00 -0.22763453E-31
  0.21450872E+14  0.00000000E+00 -0.24583160E-31
  0.21524334E+14  0.00000000E+00 -0.26503064E-31
  0.21597796E+14  0.00000000E+00 -0.28583395E-31
  0.21671258E+14  0.00000000E+00 -0.30877476E-31
  0.21744720E+14  0.00000000E+00 -0.33446323E-31
  0.21818182E+14  0.00000000E+00 -0.36367397E-31
  0.21891644E+14  0.00000000E+00 -0.39745613E-31
  0.21965106E+14  0.00000000E+00 -0.43731333E-31
  0.22038567E+14  0.00000000E+00 -0.48553958E-31
  0.22112029E+14  0.00000000E+00 -0.54592788E-31
  0.22185491E+14  0.00000000E+00 -0.62552387E-31
  0.22258953E+14  0.00000000E+00 -0.74020162E-31
  0.22332415E+14  0.00000000E+00 -0.94380755E-31
  0.22405877E+14  0.51343914E-31 -0.12936602E-30
  0.22479339E+14  0.72093232E-31 -0.11090628E-30
  0.22552801E+14  0.95335537E-31 -0.92885455E-31
  0.22626263E+14  0.10589749E-30 -0.77380019E-31
  0.22699725E+14  0.11377692E-30 -0.64714378E-31
  0.22773186E+14  0.11827703E-30 -0.51344555E-31
  0.22846648E+14  0.12174707E-30 -0.39438700E-31
  0.22920110E+14  0.12321350E-30 -0.27886385E-31
  0.22993572E+14  0.12480949E-30 -0.15951483E-31
  0.23067034E+14  0.12747371E-30 -0.54836300E-32
  0.23140496E+14  0.12517424E-30  0.37628622E-32
  0.23213958E+14  0.12303823E-30  0.14832204E-31
  0.23287420E+14  0.12300283E-30  0.23470391E-31
  0.23360882E+14  0.11901675E-30  0.32625770E-31
  0.23434343E+14  0.11774369E-30  0.40866021E-31
  0.23507805E+14  0.11203862E-30  0.48839297E-31
  0.23581267E+14  0.10980081E-30  0.57071574E-31
  0.23654729E+14  0.10396909E-30  0.63276866E-31
  0.23728191E+14  0.99851128E-31  0.71014556E-31
  0.23801653E+14  0.94002389E-31  0.76503215E-31
  0.23875115E+14  0.89020436E-31  0.83007011E-31
  0.23948577E+14  0.82153477E-31  0.88052914E-31
  0.24022039E+14  0.76761660E-31  0.93356996E-31
  0.24095500E+14  0.69491645E-31  0.97747699E-31
  0.24168962E+14  0.63194024E-31  0.10181533E-30
  0.24242424E+14  0.55790784E-31  0.10569950E-30
  0.24315886E+14  0.48826812E-31  0.10849024E-30
  0.24389348E+14  0.41165688E-31  0.11159875E-30
  0.24462810E+14  0.33810272E-31  0.11345188E-30
  0.24536272E+14  0.25851905E-31  0.11544888E-30
  0.24609734E+14  0.18194963E-31  0.11655903E-30
  0.24683196E+14  0.10047183E-31  0.11739686E-30
  0.24756657E+14  0.22462675E-32  0.11753921E-30
  0.24830119E+14 -0.61637254E-32  0.11742773E-30
  0.24903581E+14 -0.13842114E-31  0.11640988E-30
  0.24977043E+14 -0.22629422E-31  0.11531249E-30
  0.25050505E+14 -0.29957413E-31  0.11327796E-30
  0.25123967E+14 -0.38966852E-31  0.11093426E-30
  0.25197429E+14 -0.45933085E-31  0.10808676E-30
  0.25270891E+14 -0.54972877E-31  0.10426149E-30
  0.25344353E+14 -0.61786657E-31  0.10063233E-30
  0.25417815E+14 -0.70439926E-31  0.95231210E-31
  0.25491276E+14 -0.77069126E-31  0.90854010E-31
  0.25564738E+14 -0.85181900E-31  0.83887248E-31
  0.25638200E+14 -0.91491146E-31  0.78471738E-31
  0.25711662E+14 -0.98817749E-31  0.70160242E-31
  0.25785124E+14 -0.10478875E-30  0.63622148E-31
  0.25858586E+14 -0.11120517E-30  0.53870883E-31
  0.25932048E+14 -0.11660253E-30  0.46114712E-31
  0.26005510E+14 -0.12192738E-30  0.35001613E-31
  0.26078972E+14 -0.12656405E-30  0.25851729E-31
  0.26152433E+14 -0.13024451E-30  0.13351243E-31
  0.26225895E+14 -0.13430798E-30  0.27617382E-32
  0.26299357E+14 -0.13553591E-30 -0.11199408E-31
  0.26372819E+14 -0.13911796E-30 -0.23200307E-31
  0.26446281E+14 -0.13757609E-30 -0.38667181E-31
  0.26519743E+14 -0.13970351E-30 -0.52493154E-31
  0.26593205E+14 -0.13518731E-30 -0.68560354E-31
  0.26666667E+14 -0.13537458E-30 -0.85647971E-31
  0.26740129E+14 -0.12689118E-30 -0.10137938E-30
  0.26813590E+14 -0.12388410E-30 -0.12208269E-30
  0.26887052E+14 -0.11361392E-30 -0.13813208E-30
  0.26960514E+14 -0.10079394E-30 -0.16061556E-30
  0.27033976E+14 -0.88816800E-31 -0.17923926E-30
  0.27107438E+14 -0.66994920E-31 -0.20267541E-30
  0.27180900E+14 -0.49813296E-31 -0.22431832E-30
  0.27254362E+14 -0.13591349E-31 -0.24629721E-30
  0.27327824E+14  0.25052362E-31 -0.27344813E-30
  0.27401286E+14  0.83260987E-31 -0.29668673E-30
  0.27474747E+14  0.19013123E-30 -0.32611603E-30
  0.27548209E+14  0.32669019E-30 -0.16793657E-30
  0.27621671E+14  0.27709984E-30 -0.57111908E-31
  0.27695133E+14  0.24462048E-30 -0.12537753E-31
  0.27768595E+14  0.20861466E-30  0.21538017E-31
  0.27842057E+14  0.18270282E-30  0.45489686E-31
  0.27915519E+14  0.15600795E-30  0.57485900E-31
  0.27988981E+14  0.12912228E-30  0.69941712E-31
  0.28062443E+14  0.11030190E-30  0.75886070E-31
  0.28135904E+14  0.88962100E-31  0.76698203E-31
  0.28209366E+14  0.67626562E-31  0.77312070E-31
  0.28282828E+14  0.51705860E-31  0.74534904E-31
  0.28356290E+14  0.39015295E-31  0.68706201E-31
  0.28429752E+14  0.22707863E-31  0.62080693E-31
  0.28503214E+14  0.94453874E-32  0.53237982E-31
  0.28576676E+14  0.14115349E-32  0.43120670E-31
  0.28650138E+14 -0.58707180E-32  0.32083907E-31
  0.28723600E+14 -0.13033537E-31  0.18129754E-31
  0.28797062E+14 -0.17615378E-31  0.53747334E-32
  0.28870523E+14 -0.21616907E-31 -0.90675202E-32
  0.28943985E+14 -0.19038759E-31 -0.24797823E-31
  0.29017447E+14 -0.16999438E-31 -0.39123133E-31
  0.29090909E+14 -0.11397909E-31 -0.55787287E-31
  0.29164371E+14 -0.29814027E-32 -0.70333563E-31
  0.29237833E+14  0.67020634E-32 -0.85600286E-31
  0.29311295E+14  0.20510009E-31 -0.10061833E-30
  0.29384757E+14  0.36797096E-31 -0.11368518E-30
  0.29458219E+14  0.55047684E-31 -0.12580443E-30
  0.29531680E+14  0.78625270E-31 -0.13614249E-30
  0.29605142E+14  0.10403677E-30 -0.14231071E-30
  0.29678604E+14  0.13231862E-30 -0.14766362E-30
  0.29752066E+14  0.16366521E-30 -0.14688104E-30
  0.29825528E+14  0.19408897E-30 -0.14337935E-30
  0.29898990E+14  0.23020589E-30 -0.13659950E-30
  0.29972452E+14  0.26692474E-30 -0.12331343E-30
  0.30045914E+14  0.30800438E-30 -0.10552126E-30
  0.30119376E+14  0.35274430E-30 -0.77037427E-31
  0.30192837E+14  0.40209650E-30 -0.36072036E-31
  0.30266299E+14  0.45782098E-30  0.33133240E-31
  0.30339761E+14  0.47338736E-30  0.18655588E-30
  0.30413223E+14  0.36330211E-30  0.22864020E-30
  0.30486685E+14  0.33163704E-30  0.24186115E-30
  0.30560147E+14  0.30759309E-30  0.25844893E-30
  0.30633609E+14  0.29070258E-30  0.27828242E-30
  0.30707071E+14  0.27251986E-30  0.29958696E-30
  0.30780533E+14  0.25673372E-30  0.32142800E-30
  0.30853994E+14  0.23681214E-30  0.34471924E-30
  0.30927456E+14  0.21626932E-30  0.36697217E-30
  0.31000918E+14  0.19279216E-30  0.39139592E-30
  0.31074380E+14  0.16669419E-30  0.41405854E-30
  0.31147842E+14  0.13678362E-30  0.43740479E-30
  0.31221304E+14  0.98232323E-31  0.45597776E-30
  0.31294766E+14  0.61020693E-31  0.46876651E-30
  0.31368228E+14  0.20460477E-31  0.47642044E-30
  0.31441690E+14 -0.17936827E-31  0.48069996E-30
  0.31515152E+14 -0.58109414E-31  0.48056162E-30
  0.31588613E+14 -0.96965213E-31  0.47667082E-30
  0.31662075E+14 -0.13618221E-30  0.46917432E-30
  0.31735537E+14 -0.17333665E-30  0.45713310E-30
  0.31808999E+14 -0.21100808E-30  0.44190384E-30
  0.31882461E+14 -0.24469539E-30  0.42218671E-30
  0.31955923E+14 -0.27833521E-30  0.39862372E-30
  0.32029385E+14 -0.30769266E-30  0.37134778E-30
  0.32102847E+14 -0.33443038E-30  0.33975036E-30
  0.32176309E+14 -0.35483686E-30  0.30525260E-30
  0.32249770E+14 -0.37207653E-30  0.26675246E-30
  0.32323232E+14 -0.38188083E-30  0.22519141E-30
  0.32396694E+14 -0.38317446E-30  0.18203900E-30
  0.32470156E+14 -0.37364406E-30  0.13929134E-30
  0.32543618E+14 -0.34956060E-30  0.99844612E-31
  0.32617080E+14 -0.32164005E-30  0.75168118E-31
  0.32690542E+14 -0.27576469E-30  0.31687048E-31
  0.32764004E+14 -0.18575352E-30  0.72862110E-31
  0.32837466E+14 -0.16809597E-30  0.13715803E-30
  0.32910927E+14 -0.18075998E-30  0.19340061E-30
  0.32984389E+14 -0.21081433E-30  0.24151336E-30
  0.33057851E+14 -0.25644184E-30  0.27780904E-30
  0.33131313E+14 -0.31502704E-30  0.30106526E-30
  0.33204775E+14 -0.38490049E-30  0.30589074E-30
  0.33278237E+14 -0.45298325E-30  0.28992067E-30
  0.33351699E+14 -0.51717417E-30  0.26008750E-30
  0.33425161E+14 -0.57504594E-30  0.21879626E-30
  0.33498623E+14 -0.62743994E-30  0.16442511E-30
  0.33572084E+14 -0.67038401E-30  0.10121684E-30
  0.33645546E+14 -0.70176042E-30  0.30775998E-31
  0.33719008E+14 -0.72448878E-30 -0.43969168E-31
  0.33792470E+14 -0.73665691E-30 -0.12329429E-30
  0.33865932E+14 -0.73947253E-30 -0.20704189E-30
  0.33939394E+14 -0.72930776E-30 -0.29322238E-30
  0.34012856E+14 -0.70718818E-30 -0.38145768E-30
  0.34086318E+14 -0.67070349E-30 -0.46987544E-30
  0.34159780E+14 -0.61723767E-30 -0.55590747E-30
  0.34233242E+14 -0.54984586E-30 -0.63850861E-30
  0.34306703E+14 -0.46184565E-30 -0.71229901E-30
  0.34380165E+14 -0.35153390E-30 -0.77512000E-30
  0.34453627E+14 -0.22109361E-30 -0.81441151E-30
  0.34527089E+14 -0.63691204E-31 -0.82676182E-30
  0.34600551E+14  0.12588981E-30 -0.77969473E-30
  0.34674013E+14  0.35051099E-30 -0.54938425E-30
  0.34747475E+14  0.14254846E-30 -0.32606256E-30
  0.34820937E+14  0.65321065E-31 -0.34828177E-30
  0.34894399E+14  0.42689840E-31 -0.36885601E-30
  0.34967860E+14  0.43401229E-31 -0.38467744E-30
  0.35041322E+14  0.59250676E-31 -0.39959682E-30
  0.35114784E+14  0.83436649E-31 -0.40733456E-30
  0.35188246E+14  0.11950773E-30 -0.40981868E-30
  0.35261708E+14  0.15677069E-30 -0.40630655E-30
  0.35335170E+14  0.20702847E-30 -0.38940695E-30
  0.35408632E+14  0.25928203E-30 -0.36535951E-30
  0.35482094E+14  0.31629960E-30 -0.31377318E-30
  0.35555556E+14  0.39203329E-30 -0.21193738E-30
  0.35629017E+14  0.27826881E-30 -0.30434627E-31
  0.35702479E+14  0.20420634E-30 -0.47616861E-31
  0.35775941E+14  0.15963777E-30 -0.57557691E-31
  0.35849403E+14  0.13329419E-30 -0.62047786E-31
  0.35922865E+14  0.11583515E-30 -0.71908233E-31
  0.35996327E+14  0.99919581E-31 -0.76279878E-31
  0.36069789E+14  0.92788846E-31 -0.83145560E-31
  0.36143251E+14  0.82222152E-31 -0.88331732E-31
  0.36216713E+14  0.80569237E-31 -0.92556683E-31
  0.36290174E+14  0.74708603E-31 -0.98155464E-31
  0.36363636E+14  0.73826026E-31 -0.10030310E-30
  0.36437098E+14  0.73072370E-31 -0.10577800E-30
  0.36510560E+14  0.71870163E-31 -0.10693428E-30
  0.36584022E+14  0.74569912E-31 -0.11075054E-30
  0.36657484E+14  0.73385782E-31 -0.11259849E-30
  0.36730946E+14  0.77784624E-31 -0.11396561E-30
  0.36804408E+14  0.78283680E-31 -0.11622310E-30
  0.36877870E+14  0.81755354E-31 -0.11604254E-30
  0.36951331E+14  0.85343287E-31 -0.11809551E-30
  0.37024793E+14  0.87692527E-31 -0.11741274E-30
  0.37098255E+14  0.93245220E-31 -0.11758246E-30
  0.37171717E+14  0.95282726E-31 -0.11753297E-30
  0.37245179E+14  0.10053004E-30 -0.11598481E-30
  0.37318641E+14  0.10488424E-30 -0.11600100E-30
  0.37392103E+14  0.10829162E-30 -0.11363143E-30
  0.37465565E+14  0.11436810E-30 -0.11208559E-30
  0.37539027E+14  0.11745527E-30 -0.11031125E-30
  0.37612489E+14  0.12276479E-30 -0.10710365E-30
  0.37685950E+14  0.12804222E-30 -0.10504772E-30
  0.37759412E+14  0.13160221E-30 -0.10161430E-30
  0.37832874E+14  0.13738048E-30 -0.97775081E-31
  0.37906336E+14  0.14211369E-30 -0.94374045E-31
  0.37979798E+14  0.14605288E-30 -0.89775206E-31
  0.38053260E+14  0.15161221E-30 -0.84943837E-31
  0.38126722E+14  0.15618032E-30 -0.80271270E-31
  0.38200184E+14  0.16010534E-30 -0.74634571E-31
  0.38273646E+14  0.16505324E-30 -0.68577342E-31
  0.38347107E+14  0.16961385E-30 -0.62514036E-31
  0.38420569E+14  0.17330683E-30 -0.55724895E-31
  0.38494031E+14  0.17727803E-30 -0.48328047E-31
  0.38567493E+14  0.18120425E-30 -0.40613114E-31
  0.38640955E+14  0.18456455E-30 -0.32439632E-31
  0.38714417E+14  0.18755092E-30 -0.23704995E-31
  0.38787879E+14  0.19014079E-30 -0.14363207E-31
  0.38861341E+14  0.19243670E-30 -0.46312389E-32
  0.38934803E+14  0.19411479E-30  0.55388855E-32
  0.39008264E+14  0.19509896E-30  0.16835687E-31
  0.39081726E+14  0.19555480E-30  0.28375076E-31
  0.39155188E+14  0.19588020E-30  0.40822103E-31
  0.39228650E+14  0.19430524E-30  0.53552703E-31
  0.39302112E+14  0.19212107E-30  0.67978628E-31
  0.39375574E+14  0.18995284E-30  0.82384458E-31
  0.39449036E+14  0.18466332E-30  0.97934412E-31
  0.39522498E+14  0.17640478E-30  0.11365674E-30
  0.39595960E+14  0.16852503E-30  0.13275684E-30
  0.39669421E+14  0.15436339E-30  0.15163987E-30
  0.39742883E+14  0.13552387E-30  0.17132336E-30
  0.39816345E+14  0.11057979E-30  0.19180609E-30
  0.39889807E+14  0.63663294E-31  0.22042162E-30
  0.39963269E+14  0.00000000E+00  0.16380246E-30
  0.40036731E+14  0.00000000E+00  0.13382973E-30
  0.40110193E+14  0.00000000E+00  0.11631160E-30
  0.40183655E+14  0.00000000E+00  0.10388139E-30
  0.40257117E+14  0.00000000E+00  0.94300980E-31
  0.40330579E+14  0.00000000E+00  0.86560230E-31
  0.40404040E+14  0.00000000E+00  0.80109409E-31
  0.40477502E+14  0.00000000E+00  0.74613833E-31
  0.40550964E+14  0.00000000E+00  0.69853776E-31
  0.40624426E+14  0.00000000E+00  0.65676897E-31
  0.40697888E+14  0.00000000E+00  0.61973121E-31
  0.40771350E+14  0.00000000E+00  0.58660276E-31
  0.40844812E+14  0.00000000E+00  0.55675397E-31
  0.40918274E+14  0.00000000E+00  0.52969174E-31
  0.40991736E+14  0.00000000E+00  0.50502281E-31
  0.41065197E+14  0.00000000E+00  0.48242867E-31
  0.41138659E+14  0.00000000E+00  0.46164786E-31
  0.41212121E+14  0.00000000E+00  0.44246322E-31
  0.41285583E+14  0.00000000E+00  0.42469252E-31
  0.41359045E+14  0.00000000E+00  0.40818147E-31
  0.41432507E+14  0.00000000E+00  0.39279832E-31
  0.41505969E+14  0.00000000E+00  0.37842978E-31
  0.41579431E+14  0.00000000E+00  0.36497777E-31
  0.41652893E+14  0.00000000E+00  0.35235687E-31
  0.41726354E+14  0.00000000E+00  0.34049225E-31
  0.41799816E+14  0.00000000E+00  0.32931808E-31
  0.41873278E+14  0.00000000E+00  0.31877612E-31
  0.41946740E+14  0.00000000E+00  0.30881467E-31
  0.42020202E+14  0.00000000E+00  0.29938763E-31
  0.42093664E+14  0.00000000E+00  0.29045374E-31
  0.42167126E+14  0.00000000E+00  0.28197596E-31
  0.42240588E+14  0.00000000E+00  0.27392091E-31
  0.42314050E+14  0.00000000E+00  0.26625845E-31
  0.42387511E+14  0.00000000E+00  0.25896126E-31
  0.42460973E+14  0.00000000E+00  0.25200451E-31
  0.42534435E+14  0.00000000E+00  0.24536561E-31
  0.42607897E+14  0.00000000E+00  0.23902391E-31
  0.42681359E+14  0.00000000E+00  0.23296055E-31
  0.42754821E+14  0.00000000E+00  0.22715821E-31
  0.42828283E+14  0.00000000E+00  0.22160099E-31
  0.42901745E+14  0.00000000E+00  0.21627425E-31
  0.42975207E+14  0.00000000E+00  0.21116451E-31
  0.43048669E+14  0.00000000E+00  0.20625929E-31
  0.43122130E+14  0.00000000E+00  0.20154707E-31
  0.43195592E+14  0.00000000E+00  0.19701715E-31
  0.43269054E+14  0.00000000E+00  0.19265962E-31
  0.43342516E+14  0.00000000E+00  0.18846527E-31
  0.43415978E+14  0.00000000E+00  0.18442551E-31
  0.43489440E+14  0.00000000E+00  0.18053235E-31
  0.43562902E+14  0.00000000E+00  0.17677835E-31
  0.43636364E+14  0.00000000E+00  0.17315652E-31
  0.43709826E+14  0.00000000E+00  0.16966037E-31
  0.43783287E+14  0.00000000E+00  0.16628378E-31
  0.43856749E+14  0.00000000E+00  0.16302104E-31
  0.43930211E+14  0.00000000E+00  0.15986678E-31
  0.44003673E+14  0.00000000E+00  0.15681598E-31
  0.44077135E+14  0.00000000E+00  0.15386388E-31
  0.44150597E+14  0.00000000E+00  0.15100604E-31
  0.44224059E+14  0.00000000E+00  0.14823826E-31
  0.44297521E+14  0.00000000E+00  0.14555658E-31
  0.44370983E+14  0.00000000E+00  0.14295726E-31
  0.44444444E+14  0.00000000E+00  0.14043679E-31
  0.44517906E+14  0.00000000E+00  0.13799182E-31
  0.44591368E+14  0.00000000E+00  0.13561921E-31
  0.44664830E+14  0.00000000E+00  0.13331598E-31
  0.44738292E+14  0.00000000E+00  0.13107930E-31
  0.44811754E+14  0.00000000E+00  0.12890649E-31
  0.44885216E+14  0.00000000E+00  0.12679502E-31
  0.44958678E+14  0.00000000E+00  0.12474248E-31
  0.45032140E+14  0.00000000E+00  0.12274658E-31
  0.45105601E+14  0.00000000E+00  0.12080514E-31
  0.45179063E+14  0.00000000E+00  0.11891611E-31
  0.45252525E+14  0.00000000E+00  0.11707750E-31
  0.45325987E+14  0.00000000E+00  0.11528745E-31
  0.45399449E+14  0.00000000E+00  0.11354417E-31
  0.45472911E+14  0.00000000E+00  0.11184597E-31
  0.45546373E+14  0.00000000E+00  0.11019122E-31
  0.45619835E+14  0.00000000E+00  0.10857838E-31
  0.45693297E+14  0.00000000E+00  0.10700597E-31
  0.45766758E+14  0.00000000E+00  0.10547258E-31
  0.45840220E+14  0.00000000E+00  0.10397686E-31
  0.45913682E+14  0.00000000E+00  0.10251753E-31
  0.45987144E+14  0.00000000E+00  0.10109336E-31
  0.46060606E+14  0.00000000E+00  0.99703157E-32
  0.46134068E+14  0.00000000E+00  0.98345808E-32
  0.46207530E+14  0.00000000E+00  0.97020228E-32
  0.46280992E+14  0.00000000E+00  0.95725381E-32
  0.46354454E+14  0.00000000E+00  0.94460277E-32
  0.46427916E+14  0.00000000E+00  0.93223963E-32
  0.46501377E+14  0.00000000E+00  0.92015529E-32
  0.46574839E+14  0.00000000E+00  0.90834097E-32
  0.46648301E+14  0.00000000E+00  0.89678829E-32
  0.46721763E+14  0.00000000E+00  0.88548916E-32
  0.46795225E+14  0.00000000E+00  0.87443584E-32
  0.46868687E+14  0.00000000E+00  0.86362088E-32
  0.46942149E+14  0.00000000E+00  0.85303710E-32
  0.47015611E+14  0.00000000E+00  0.84267762E-32
  0.47089073E+14  0.00000000E+00  0.83253582E-32
  0.47162534E+14  0.00000000E+00  0.82260531E-32
  0.47235996E+14  0.00000000E+00  0.81287995E-32
  0.47309458E+14  0.00000000E+00  0.80335383E-32
  0.47382920E+14  0.00000000E+00  0.79402126E-32
  0.47456382E+14  0.00000000E+00  0.78487674E-32
  0.47529844E+14  0.00000000E+00  0.77591499E-32
  0.47603306E+14  0.00000000E+00  0.76713090E-32
  0.47676768E+14  0.00000000E+00  0.75851955E-32
  0.47750230E+14  0.00000000E+00  0.75007619E-32
  0.47823691E+14  0.00000000E+00  0.74179626E-32
  0.47897153E+14  0.00000000E+00  0.73367531E-32
  0.47970615E+14  0.00000000E+00  0.72570910E-32
  0.48044077E+14  0.00000000E+00  0.71789348E-32
  0.48117539E+14  0.00000000E+00  0.71022449E-32
  0.48191001E+14  0.00000000E+00  0.70269826E-32
  0.48264463E+14  0.00000000E+00  0.69531108E-32
  0.48337925E+14  0.00000000E+00  0.68805935E-32
  0.48411387E+14  0.00000000E+00  0.68093960E-32
  0.48484848E+14  0.00000000E+00  0.67394845E-32
  0.48558310E+14  0.00000000E+00  0.66708266E-32
  0.48631772E+14  0.00000000E+00  0.66033906E-32
  0.48705234E+14  0.00000000E+00  0.65371462E-32
  0.48778696E+14  0.00000000E+00  0.64720638E-32
  0.48852158E+14  0.00000000E+00  0.64081147E-32
  0.48925620E+14  0.00000000E+00  0.63452714E-32
  0.48999082E+14  0.00000000E+00  0.62835069E-32
  0.49072544E+14  0.00000000E+00  0.62227952E-32
  0.49146006E+14  0.00000000E+00  0.61631111E-32
  0.49219467E+14  0.00000000E+00  0.61044302E-32
  0.49292929E+14  0.00000000E+00  0.60467288E-32
  0.49366391E+14  0.00000000E+00  0.59899839E-32
  0.49439853E+14  0.00000000E+00  0.59341732E-32
  0.49513315E+14  0.00000000E+00  0.58792751E-32
  0.49586777E+14  0.00000000E+00  0.58252685E-32
  0.49660239E+14  0.00000000E+00  0.57721330E-32
  0.49733701E+14  0.00000000E+00  0.57198490E-32
  0.49807163E+14  0.00000000E+00  0.56683971E-32
  0.49880624E+14  0.00000000E+00  0.56177587E-32
  0.49954086E+14  0.00000000E+00  0.55679157E-32
  0.50027548E+14  0.00000000E+00  0.55188504E-32
  0.50101010E+14  0.00000000E+00  0.54705458E-32
  0.50174472E+14  0.00000000E+00  0.54229852E-32
  0.50247934E+14  0.00000000E+00  0.53761524E-32
  0.50321396E+14  0.00000000E+00  0.53300317E-32
  0.50394858E+14  0.00000000E+00  0.52846078E-32
  0.50468320E+14  0.00000000E+00  0.52398659E-32
  0.50541781E+14  0.00000000E+00  0.51957914E-32
  0.50615243E+14  0.00000000E+00  0.51523703E-32
  0.50688705E+14  0.00000000E+00  0.51095890E-32
  0.50762167E+14  0.00000000E+00  0.50674340E-32
  0.50835629E+14  0.00000000E+00  0.50258924E-32
  0.50909091E+14  0.00000000E+00  0.49849515E-32
  0.50982553E+14  0.00000000E+00  0.49445991E-32
  0.51056015E+14  0.00000000E+00  0.49048232E-32
  0.51129477E+14  0.00000000E+00  0.48656122E-32
  0.51202938E+14  0.00000000E+00  0.48269545E-32
  0.51276400E+14  0.00000000E+00  0.47888393E-32
  0.51349862E+14  0.00000000E+00  0.47512556E-32
  0.51423324E+14  0.00000000E+00  0.47141930E-32
  0.51496786E+14  0.00000000E+00  0.46776413E-32
  0.51570248E+14  0.00000000E+00  0.46415903E-32
  0.51643710E+14  0.00000000E+00  0.46060305E-32
  0.51717172E+14  0.00000000E+00  0.45709522E-32
  0.51790634E+14  0.00000000E+00  0.45363463E-32
  0.51864096E+14  0.00000000E+00  0.45022036E-32
  0.51937557E+14  0.00000000E+00  0.44685154E-32
  0.52011019E+14  0.00000000E+00  0.44352731E-32
  0.52084481E+14  0.00000000E+00  0.44024682E-32
  0.52157943E+14  0.00000000E+00  0.43700927E-32
  0.52231405E+14  0.00000000E+00  0.43381384E-32
  0.52304867E+14  0.00000000E+00  0.43065976E-32
  0.52378329E+14  0.00000000E+00  0.42754627E-32
  0.52451791E+14  0.00000000E+00  0.42447262E-32
  0.52525253E+14  0.00000000E+00  0.42143809E-32
  0.52598714E+14  0.00000000E+00  0.41844196E-32
  0.52672176E+14  0.00000000E+00  0.41548355E-32
  0.52745638E+14  0.00000000E+00  0.41256217E-32
  0.52819100E+14  0.00000000E+00  0.40967717E-32
  0.52892562E+14  0.00000000E+00  0.40682790E-32
  0.52966024E+14  0.00000000E+00  0.40401373E-32
  0.53039486E+14  0.00000000E+00  0.40123404E-32
  0.53112948E+14  0.00000000E+00  0.39848823E-32
  0.53186410E+14  0.00000000E+00  0.39577570E-32
  0.53259871E+14  0.00000000E+00  0.39309589E-32
  0.53333333E+14  0.00000000E+00  0.39044822E-32
  0.53406795E+14  0.00000000E+00  0.38783215E-32
  0.53480257E+14  0.00000000E+00  0.38524713E-32
  0.53553719E+14  0.00000000E+00  0.38269265E-32
  0.53627181E+14  0.00000000E+00  0.38016818E-32
  0.53700643E+14  0.00000000E+00  0.37767321E-32
  0.53774105E+14  0.00000000E+00  0.37520726E-32
  0.53847567E+14  0.00000000E+00  0.37276985E-32
  0.53921028E+14  0.00000000E+00  0.37036049E-32
  0.53994490E+14  0.00000000E+00  0.36797873E-32
  0.54067952E+14  0.00000000E+00  0.36562412E-32
  0.54141414E+14  0.00000000E+00  0.36329620E-32
  0.54214876E+14  0.00000000E+00  0.36099455E-32
  0.54288338E+14  0.00000000E+00  0.35871874E-32
  0.54361800E+14  0.00000000E+00  0.35646836E-32
  0.54435262E+14  0.00000000E+00  0.35424299E-32
  0.54508724E+14  0.00000000E+00  0.35204224E-32
  0.54582185E+14  0.00000000E+00  0.34986572E-32
  0.54655647E+14  0.00000000E+00  0.34771304E-32
  0.54729109E+14  0.00000000E+00  0.34558384E-32
  0.54802571E+14  0.00000000E+00  0.34347773E-32
  0.54876033E+14  0.00000000E+00  0.34139437E-32
  0.54949495E+14  0.00000000E+00  0.33933339E-32
  0.55022957E+14  0.00000000E+00  0.33729446E-32
  0.55096419E+14  0.00000000E+00  0.33527723E-32
  0.55169881E+14  0.00000000E+00  0.33328137E-32
  0.55243343E+14  0.00000000E+00  0.33130656E-32
  0.55316804E+14  0.00000000E+00  0.32935248E-32
  0.55390266E+14  0.00000000E+00  0.32741881E-32
  0.55463728E+14  0.00000000E+00  0.32550524E-32
  0.55537190E+14  0.00000000E+00  0.32361148E-32
  0.55610652E+14  0.00000000E+00  0.32173723E-32
  0.55684114E+14  0.00000000E+00  0.31988221E-32
  0.55757576E+14  0.00000000E+00  0.31804611E-32
  0.55831038E+14  0.00000000E+00  0.31622868E-32
  0.55904500E+14  0.00000000E+00  0.31442963E-32
  0.55977961E+14  0.00000000E+00  0.31264870E-32
  0.56051423E+14  0.00000000E+00  0.31088563E-32
  0.56124885E+14  0.00000000E+00  0.30914014E-32
  0.56198347E+14  0.00000000E+00  0.30741201E-32
  0.56271809E+14  0.00000000E+00  0.30570096E-32
  0.56345271E+14  0.00000000E+00  0.30400677E-32
  0.56418733E+14  0.00000000E+00  0.30232918E-32
  0.56492195E+14  0.00000000E+00  0.30066797E-32
  0.56565657E+14  0.00000000E+00  0.29902291E-32
  0.56639118E+14  0.00000000E+00  0.29739376E-32
  0.56712580E+14  0.00000000E+00  0.29578031E-32
  0.56786042E+14  0.00000000E+00  0.29418233E-32
  0.56859504E+14  0.00000000E+00  0.29259962E-32
  0.56932966E+14  0.00000000E+00  0.29103196E-32
  0.57006428E+14  0.00000000E+00  0.28947914E-32
  0.57079890E+14  0.00000000E+00  0.28794097E-32
  0.57153352E+14  0.00000000E+00  0.28641724E-32
  0.57226814E+14  0.00000000E+00  0.28490775E-32
  0.57300275E+14  0.00000000E+00  0.28341232E-32
  0.57373737E+14  0.00000000E+00  0.28193075E-32
  0.57447199E+14  0.00000000E+00  0.28046286E-32
  0.57520661E+14  0.00000000E+00  0.27900846E-32
  0.57594123E+14  0.00000000E+00  0.27756738E-32
  0.57667585E+14  0.00000000E+00  0.27613944E-32
  0.57741047E+14  0.00000000E+00  0.27472446E-32
  0.57814509E+14  0.00000000E+00  0.27332228E-32
  0.57887971E+14  0.00000000E+00  0.27193273E-32
  0.57961433E+14  0.00000000E+00  0.27055564E-32
  0.58034894E+14  0.00000000E+00  0.26919085E-32
  0.58108356E+14  0.00000000E+00  0.26783820E-32
  0.58181818E+14  0.00000000E+00  0.26649754E-32
  0.58255280E+14  0.00000000E+00  0.26516871E-32
  0.58328742E+14  0.00000000E+00  0.26385156E-32
  0.58402204E+14  0.00000000E+00  0.26254594E-32
  0.58475666E+14  0.00000000E+00  0.26125171E-32
  0.58549128E+14  0.00000000E+00  0.25996871E-32
  0.58622590E+14  0.00000000E+00  0.25869682E-32
  0.58696051E+14  0.00000000E+00  0.25743588E-32
  0.58769513E+14  0.00000000E+00  0.25618577E-32
  0.58842975E+14  0.00000000E+00  0.25494635E-32
  0.58916437E+14  0.00000000E+00  0.25371748E-32
  0.58989899E+14  0.00000000E+00  0.25249903E-32
  0.59063361E+14  0.00000000E+00  0.25129089E-32
  0.59136823E+14  0.00000000E+00  0.25009291E-32
  0.59210285E+14  0.00000000E+00  0.24890498E-32
  0.59283747E+14  0.00000000E+00  0.24772697E-32
  0.59357208E+14  0.00000000E+00  0.24655877E-32
  0.59430670E+14  0.00000000E+00  0.24540025E-32
  0.59504132E+14  0.00000000E+00  0.24425129E-32
  0.59577594E+14  0.00000000E+00  0.24311180E-32
  0.59651056E+14  0.00000000E+00  0.24198164E-32
  0.59724518E+14  0.00000000E+00  0.24086071E-32
  0.59797980E+14  0.00000000E+00  0.23974890E-32
  0.59871442E+14  0.00000000E+00  0.23864610E-32
  0.59944904E+14  0.00000000E+00  0.23755221E-32
  0.60018365E+14  0.00000000E+00  0.23646712E-32
  0.60091827E+14  0.00000000E+00  0.23539073E-32
  0.60165289E+14  0.00000000E+00  0.23432293E-32
  0.60238751E+14  0.00000000E+00  0.23326363E-32
  0.60312213E+14  0.00000000E+00  0.23221273E-32
  0.60385675E+14  0.00000000E+00  0.23117013E-32
  0.60459137E+14  0.00000000E+00  0.23013573E-32
  0.60532599E+14  0.00000000E+00  0.22910945E-32
  0.60606061E+14  0.00000000E+00  0.22809119E-32
  0.60679522E+14  0.00000000E+00  0.22708086E-32
  0.60752984E+14  0.00000000E+00  0.22607836E-32
  0.60826446E+14  0.00000000E+00  0.22508362E-32
  0.60899908E+14  0.00000000E+00  0.22409654E-32
  0.60973370E+14  0.00000000E+00  0.22311703E-32
  0.61046832E+14  0.00000000E+00  0.22214502E-32
  0.61120294E+14  0.00000000E+00  0.22118042E-32
  0.61193756E+14  0.00000000E+00  0.22022314E-32
  0.61267218E+14  0.00000000E+00  0.21927311E-32
  0.61340680E+14  0.00000000E+00  0.21833025E-32
  0.61414141E+14  0.00000000E+00  0.21739447E-32
  0.61487603E+14  0.00000000E+00  0.21646570E-32
  0.61561065E+14  0.00000000E+00  0.21554387E-32
  0.61634527E+14  0.00000000E+00  0.21462889E-32
  0.61707989E+14  0.00000000E+00  0.21372070E-32
  0.61781451E+14  0.00000000E+00  0.21281921E-32
  0.61854913E+14  0.00000000E+00  0.21192437E-32
  0.61928375E+14  0.00000000E+00  0.21103609E-32
  0.62001837E+14  0.00000000E+00  0.21015431E-32
  0.62075298E+14  0.00000000E+00  0.20927895E-32
  0.62148760E+14  0.00000000E+00  0.20840996E-32
  0.62222222E+14  0.00000000E+00  0.20754726E-32
  0.62295684E+14  0.00000000E+00  0.20669078E-32
  0.62369146E+14  0.00000000E+00  0.20584046E-32
  0.62442608E+14  0.00000000E+00  0.20499624E-32
  0.62516070E+14  0.00000000E+00  0.20415805E-32
  0.62589532E+14  0.00000000E+00  0.20332582E-32
  0.62662994E+14  0.00000000E+00  0.20249951E-32
  0.62736455E+14  0.00000000E+00  0.20167904E-32
  0.62809917E+14  0.00000000E+00  0.20086436E-32
  0.62883379E+14  0.00000000E+00  0.20005540E-32
  0.62956841E+14  0.00000000E+00  0.19925211E-32
  0.63030303E+14  0.00000000E+00  0.19845443E-32
  0.63103765E+14  0.00000000E+00  0.19766230E-32
  0.63177227E+14  0.00000000E+00  0.19687567E-32
  0.63250689E+14  0.00000000E+00  0.19609448E-32
  0.63324151E+14  0.00000000E+00  0.19531867E-32
  0.63397612E+14  0.00000000E+00  0.19454819E-32
  0.63471074E+14  0.00000000E+00  0.19378300E-32
  0.63544536E+14  0.00000000E+00  0.19302303E-32
  0.63617998E+14  0.00000000E+00  0.19226823E-32
  0.63691460E+14  0.00000000E+00  0.19151855E-32
  0.63764922E+14  0.00000000E+00  0.19077395E-32
  0.63838384E+14  0.00000000E+00  0.19003436E-32
  0.63911846E+14  0.00000000E+00  0.18929975E-32
  0.63985308E+14  0.00000000E+00  0.18857006E-32
  0.64058770E+14  0.00000000E+00  0.18784525E-32
  0.64132231E+14  0.00000000E+00  0.18712526E-32
  0.64205693E+14  0.00000000E+00  0.18641006E-32
  0.64279155E+14  0.00000000E+00  0.18569959E-32
  0.64352617E+14  0.00000000E+00  0.18499380E-32
  0.64426079E+14  0.00000000E+00  0.18429266E-32
  0.64499541E+14  0.00000000E+00  0.18359612E-32
  0.64573003E+14  0.00000000E+00  0.18290414E-32
  0.64646465E+14  0.00000000E+00  0.18221666E-32
  0.64719927E+14  0.00000000E+00  0.18153366E-32
  0.64793388E+14  0.00000000E+00  0.18085508E-32
  0.64866850E+14  0.00000000E+00  0.18018088E-32
  0.64940312E+14  0.00000000E+00  0.17951103E-32
  0.65013774E+14  0.00000000E+00  0.17884548E-32
  0.65087236E+14  0.00000000E+00  0.17818420E-32
  0.65160698E+14  0.00000000E+00  0.17752713E-32
  0.65234160E+14  0.00000000E+00  0.17687425E-32
  0.65307622E+14  0.00000000E+00  0.17622551E-32
  0.65381084E+14  0.00000000E+00  0.17558087E-32
  0.65454545E+14  0.00000000E+00  0.17494031E-32
  0.65528007E+14  0.00000000E+00  0.17430377E-32
  0.65601469E+14  0.00000000E+00  0.17367123E-32
  0.65674931E+14  0.00000000E+00  0.17304265E-32
  0.65748393E+14  0.00000000E+00  0.17241798E-32
  0.65821855E+14  0.00000000E+00  0.17179720E-32
  0.65895317E+14  0.00000000E+00  0.17118027E-32
  0.65968779E+14  0.00000000E+00  0.17056716E-32
  0.66042241E+14  0.00000000E+00  0.16995782E-32
  0.66115702E+14  0.00000000E+00  0.16935223E-32
  0.66189164E+14  0.00000000E+00  0.16875036E-32
  0.66262626E+14  0.00000000E+00  0.16815216E-32
  0.66336088E+14  0.00000000E+00  0.16755761E-32
  0.66409550E+14  0.00000000E+00  0.16696668E-32
  0.66483012E+14  0.00000000E+00  0.16637933E-32
  0.66556474E+14  0.00000000E+00  0.16579553E-32
  0.66629936E+14  0.00000000E+00  0.16521524E-32
  0.66703398E+14  0.00000000E+00  0.16463845E-32
  0.66776860E+14  0.00000000E+00  0.16406512E-32
  0.66850321E+14  0.00000000E+00  0.16349521E-32
  0.66923783E+14  0.00000000E+00  0.16292870E-32
  0.66997245E+14  0.00000000E+00  0.16236556E-32
  0.67070707E+14  0.00000000E+00  0.16180575E-32
  0.67144169E+14  0.00000000E+00  0.16124926E-32
  0.67217631E+14  0.00000000E+00  0.16069605E-32
  0.67291093E+14  0.00000000E+00  0.16014609E-32
  0.67364555E+14  0.00000000E+00  0.15959936E-32
  0.67438017E+14  0.00000000E+00  0.15905583E-32
  0.67511478E+14  0.00000000E+00  0.15851546E-32
  0.67584940E+14  0.00000000E+00  0.15797824E-32
  0.67658402E+14  0.00000000E+00  0.15744414E-32
  0.67731864E+14  0.00000000E+00  0.15691313E-32
  0.67805326E+14  0.00000000E+00  0.15638518E-32
  0.67878788E+14  0.00000000E+00  0.15586027E-32
  0.67952250E+14  0.00000000E+00  0.15533838E-32
  0.68025712E+14  0.00000000E+00  0.15481947E-32
  0.68099174E+14  0.00000000E+00  0.15430353E-32
  0.68172635E+14  0.00000000E+00  0.15379052E-32
  0.68246097E+14  0.00000000E+00  0.15328043E-32
  0.68319559E+14  0.00000000E+00  0.15277323E-32
  0.68393021E+14  0.00000000E+00  0.15226889E-32
  0.68466483E+14  0.00000000E+00  0.15176740E-32
  0.68539945E+14  0.00000000E+00  0.15126873E-32
  0.68613407E+14  0.00000000E+00  0.15077285E-32
  0.68686869E+14  0.00000000E+00  0.15027975E-32
  0.68760331E+14  0.00000000E+00  0.14978939E-32
  0.68833792E+14  0.00000000E+00  0.14930177E-32
  0.68907254E+14  0.00000000E+00  0.14881685E-32
  0.68980716E+14  0.00000000E+00  0.14833461E-32
  0.69054178E+14  0.00000000E+00  0.14785504E-32
  0.69127640E+14  0.00000000E+00  0.14737811E-32
  0.69201102E+14  0.00000000E+00  0.14690380E-32
  0.69274564E+14  0.00000000E+00  0.14643209E-32
  0.69348026E+14  0.00000000E+00  0.14596295E-32
  0.69421488E+14  0.00000000E+00  0.14549638E-32
  0.69494949E+14  0.00000000E+00  0.14503234E-32
  0.69568411E+14  0.00000000E+00  0.14457082E-32
  0.69641873E+14  0.00000000E+00  0.14411180E-32
  0.69715335E+14  0.00000000E+00  0.14365525E-32
  0.69788797E+14  0.00000000E+00  0.14320116E-32
  0.69862259E+14  0.00000000E+00  0.14274952E-32
  0.69935721E+14  0.00000000E+00  0.14230029E-32
  0.70009183E+14  0.00000000E+00  0.14185346E-32
  0.70082645E+14  0.00000000E+00  0.14140902E-32
  0.70156107E+14  0.00000000E+00  0.14096694E-32
  0.70229568E+14  0.00000000E+00  0.14052720E-32
  0.70303030E+14  0.00000000E+00  0.14008979E-32
  0.70376492E+14  0.00000000E+00  0.13965470E-32
  0.70449954E+14  0.00000000E+00  0.13922189E-32
  0.70523416E+14  0.00000000E+00  0.13879136E-32
  0.70596878E+14  0.00000000E+00  0.13836309E-32
  0.70670340E+14  0.00000000E+00  0.13793705E-32
  0.70743802E+14  0.00000000E+00  0.13751324E-32
  0.70817264E+14  0.00000000E+00  0.13709163E-32
  0.70890725E+14  0.00000000E+00  0.13667222E-32
  0.70964187E+14  0.00000000E+00  0.13625497E-32
  0.71037649E+14  0.00000000E+00  0.13583988E-32
  0.71111111E+14  0.00000000E+00  0.13542693E-32
  0.71184573E+14  0.00000000E+00  0.13501611E-32
  0.71258035E+14  0.00000000E+00  0.13460739E-32
  0.71331497E+14  0.00000000E+00  0.13420077E-32
  0.71404959E+14  0.00000000E+00  0.13379622E-32
  0.71478421E+14  0.00000000E+00  0.13339373E-32
  0.71551882E+14  0.00000000E+00  0.13299329E-32
  0.71625344E+14  0.00000000E+00  0.13259488E-32
  0.71698806E+14  0.00000000E+00  0.13219849E-32
  0.71772268E+14  0.00000000E+00  0.13180410E-32
  0.71845730E+14  0.00000000E+00  0.13141169E-32
  0.71919192E+14  0.00000000E+00  0.13102126E-32
  0.71992654E+14  0.00000000E+00  0.13063278E-32
  0.72066116E+14  0.00000000E+00  0.13024625E-32
  0.72139578E+14  0.00000000E+00  0.12986164E-32
  0.72213039E+14  0.00000000E+00  0.12947896E-32
  0.72286501E+14  0.00000000E+00  0.12909817E-32
  0.72359963E+14  0.00000000E+00  0.12871927E-32
  0.72433425E+14  0.00000000E+00  0.12834224E-32
  0.72506887E+14  0.00000000E+00  0.12796708E-32
  0.72580349E+14  0.00000000E+00  0.12759376E-32
  0.72653811E+14  0.00000000E+00  0.12722227E-32
  0.72727273E+14  0.00000000E+00  0.12685261E-32
  0.72800735E+14  0.00000000E+00  0.12648475E-32
  0.72874197E+14  0.00000000E+00  0.12611869E-32
  0.72947658E+14  0.00000000E+00  0.12575441E-32
  0.73021120E+14  0.00000000E+00  0.12539190E-32
  0.73094582E+14  0.00000000E+00  0.12503115E-32
  0.73168044E+14  0.00000000E+00  0.12467214E-32
  0.73241506E+14  0.00000000E+00  0.12431487E-32
  0.73314968E+14  0.00000000E+00  0.12395932E-32
  0.73388430E+14  0.00000000E+00  0.12360547E-32
  0.73461892E+14  0.00000000E+00  0.12325332E-32
  0.73535354E+14  0.00000000E+00  0.12290286E-32
  0.73608815E+14  0.00000000E+00  0.12255407E-32
  0.73682277E+14  0.00000000E+00  0.12220694E-32
  0.73755739E+14  0.00000000E+00  0.12186146E-32
  0.73829201E+14  0.00000000E+00  0.12151762E-32
  0.73902663E+14  0.00000000E+00  0.12117541E-32
  0.73976125E+14  0.00000000E+00  0.12083481E-32
  0.74049587E+14  0.00000000E+00  0.12049582E-32
  0.74123049E+14  0.00000000E+00  0.12015842E-32
  0.74196511E+14  0.00000000E+00  0.11982260E-32
  0.74269972E+14  0.00000000E+00  0.11948836E-32
  0.74343434E+14  0.00000000E+00  0.11915568E-32
  0.74416896E+14  0.00000000E+00  0.11882455E-32
  0.74490358E+14  0.00000000E+00  0.11849496E-32
  0.74563820E+14  0.00000000E+00  0.11816690E-32
  0.74637282E+14  0.00000000E+00  0.11784037E-32
  0.74710744E+14  0.00000000E+00  0.11751534E-32
  0.74784206E+14  0.00000000E+00  0.11719181E-32
  0.74857668E+14  0.00000000E+00  0.11686977E-32
  0.74931129E+14  0.00000000E+00  0.11654921E-32
  0.75004591E+14  0.00000000E+00  0.11623012E-32
  0.75078053E+14  0.00000000E+00  0.11591249E-32
  0.75151515E+14  0.00000000E+00  0.11559631E-32
  0.75224977E+14  0.00000000E+00  0.11528158E-32
  0.75298439E+14  0.00000000E+00  0.11496827E-32
  0.75371901E+14  0.00000000E+00  0.11465639E-32
  0.75445363E+14  0.00000000E+00  0.11434591E-32
  0.75518825E+14  0.00000000E+00  0.11403685E-32
  0.75592287E+14  0.00000000E+00  0.11372917E-32
  0.75665748E+14  0.00000000E+00  0.11342288E-32
  0.75739210E+14  0.00000000E+00  0.11311797E-32
  0.75812672E+14  0.00000000E+00  0.11281442E-32
  0.75886134E+14  0.00000000E+00  0.11251224E-32
  0.75959596E+14  0.00000000E+00  0.11221140E-32
  0.76033058E+14  0.00000000E+00  0.11191190E-32
  0.76106520E+14  0.00000000E+00  0.11161373E-32
  0.76179982E+14  0.00000000E+00  0.11131689E-32
  0.76253444E+14  0.00000000E+00  0.11102136E-32
  0.76326905E+14  0.00000000E+00  0.11072714E-32
  0.76400367E+14  0.00000000E+00  0.11043422E-32
  0.76473829E+14  0.00000000E+00  0.11014259E-32
  0.76547291E+14  0.00000000E+00  0.10985224E-32
  0.76620753E+14  0.00000000E+00  0.10956316E-32
  0.76694215E+14  0.00000000E+00  0.10927535E-32
  0.76767677E+14  0.00000000E+00  0.10898879E-32
  0.76841139E+14  0.00000000E+00  0.10870349E-32
  0.76914601E+14  0.00000000E+00  0.10841942E-32
  0.76988062E+14  0.00000000E+00  0.10813660E-32
  0.77061524E+14  0.00000000E+00  0.10785499E-32
  0.77134986E+14  0.00000000E+00  0.10757461E-32
  0.77208448E+14  0.00000000E+00  0.10729543E-32
  0.77281910E+14  0.00000000E+00  0.10701746E-32
  0.77355372E+14  0.00000000E+00  0.10674069E-32
  0.77428834E+14  0.00000000E+00  0.10646510E-32
  0.77502296E+14  0.00000000E+00  0.10619069E-32
  0.77575758E+14  0.00000000E+00  0.10591746E-32
  0.77649219E+14  0.00000000E+00  0.10564540E-32
  0.77722681E+14  0.00000000E+00  0.10537449E-32
  0.77796143E+14  0.00000000E+00  0.10510474E-32
  0.77869605E+14  0.00000000E+00  0.10483613E-32
  0.77943067E+14  0.00000000E+00  0.10456865E-32
  0.78016529E+14  0.00000000E+00  0.10430231E-32
  0.78089991E+14  0.00000000E+00  0.10403710E-32
  0.78163453E+14  0.00000000E+00  0.10377300E-32
  0.78236915E+14  0.00000000E+00  0.10351001E-32
  0.78310376E+14  0.00000000E+00  0.10324812E-32
  0.78383838E+14  0.00000000E+00  0.10298734E-32
  0.78457300E+14  0.00000000E+00  0.10272764E-32
  0.78530762E+14  0.00000000E+00  0.10246903E-32
  0.78604224E+14  0.00000000E+00  0.10221149E-32
  0.78677686E+14  0.00000000E+00  0.10195502E-32
  0.78751148E+14  0.00000000E+00  0.10169962E-32
  0.78824610E+14  0.00000000E+00  0.10144528E-32
  0.78898072E+14  0.00000000E+00  0.10119199E-32
  0.78971534E+14  0.00000000E+00  0.10093974E-32
  0.79044995E+14  0.00000000E+00  0.10068854E-32
  0.79118457E+14  0.00000000E+00  0.10043837E-32
  0.79191919E+14  0.00000000E+00  0.10018922E-32
  0.79265381E+14  0.00000000E+00  0.99941093E-33
  0.79338843E+14  0.00000000E+00  0.99693983E-33
  0.79412305E+14  0.00000000E+00  0.99447881E-33
  0.79485767E+14  0.00000000E+00  0.99202783E-33
  0.79559229E+14  0.00000000E+00  0.98958681E-33
  0.79632691E+14  0.00000000E+00  0.98715571E-33
  0.79706152E+14  0.00000000E+00  0.98473446E-33
  0.79779614E+14  0.00000000E+00  0.98232300E-33
  0.79853076E+14  0.00000000E+00  0.97992129E-33
  0.79926538E+14  0.00000000E+00  0.97752926E-33
  0.80000000E+14  0.00000000E+00  0.97514686E-33
