  0.73461892E+11  0.25036087E-32 -0.69393564E-31
  0.14692378E+12  0.44403725E-32 -0.68508628E-31
  0.22038567E+12  0.65131273E-32 -0.66690523E-31
  0.29384757E+12  0.69229280E-32 -0.63232579E-31
  0.36730946E+12  0.57322332E-32 -0.67478424E-31
  0.44077135E+12  0.13140445E-31 -0.64528955E-31
  0.51423324E+12  0.92866624E-32 -0.61975230E-31
  0.58769513E+12  0.83966379E-32 -0.63857399E-31
  0.66115702E+12  0.13087094E-31 -0.64664669E-31
  0.73461892E+12  0.13900396E-31 -0.61158721E-31
  0.80808081E+12  0.13307908E-31 -0.60604512E-31
  0.88154270E+12  0.12800657E-31 -0.62709288E-31
  0.95500459E+12  0.15063696E-31 -0.63036407E-31
  0.10284665E+13  0.18673264E-31 -0.60496374E-31
  0.11019284E+13  0.18033998E-31 -0.58264912E-31
  0.11753903E+13  0.16050859E-31 -0.58813589E-31
  0.12488522E+13  0.18619968E-31 -0.62059410E-31
  0.13223140E+13  0.22801915E-31 -0.60205457E-31
  0.13957759E+13  0.22360501E-31 -0.56276919E-31
  0.14692378E+13  0.20972493E-31 -0.57578583E-31
  0.15426997E+13  0.23388546E-31 -0.58121542E-31
  0.16161616E+13  0.24946132E-31 -0.56475329E-31
  0.16896235E+13  0.24672930E-31 -0.56601661E-31
  0.17630854E+13  0.26813846E-31 -0.56594491E-31
  0.18365473E+13  0.28269999E-31 -0.53617234E-31
  0.19100092E+13  0.26691067E-31 -0.53598393E-31
  0.19834711E+13  0.28254987E-31 -0.54951847E-31
  0.20569330E+13  0.31358798E-31 -0.53164827E-31
  0.21303949E+13  0.30523338E-31 -0.51557273E-31
  0.22038567E+13  0.30712740E-31 -0.51809739E-31
  0.22773186E+13  0.32662854E-31 -0.51646333E-31
  0.23507805E+13  0.34269890E-31 -0.50166584E-31
  0.24242424E+13  0.34176716E-31 -0.48102028E-31
  0.24977043E+13  0.33709183E-31 -0.48061706E-31
  0.25711662E+13  0.35239039E-31 -0.49297520E-31
  0.26446281E+13  0.38118297E-31 -0.47527848E-31
  0.27180900E+13  0.38099120E-31 -0.44561233E-31
  0.27915519E+13  0.37108308E-31 -0.44969420E-31
  0.28650138E+13  0.39118492E-31 -0.44611976E-31
  0.29384757E+13  0.39719044E-31 -0.42561852E-31
  0.30119376E+13  0.39820116E-31 -0.42757528E-31
  0.30853994E+13  0.41873054E-31 -0.41675705E-31
  0.31588613E+13  0.42217073E-31 -0.39290905E-31
  0.32323232E+13  0.42073823E-31 -0.39040536E-31
  0.33057851E+13  0.43640517E-31 -0.38385445E-31
  0.33792470E+13  0.43881514E-31 -0.36145434E-31
  0.34527089E+13  0.43915139E-31 -0.35858771E-31
  0.35261708E+13  0.45638987E-31 -0.34997381E-31
  0.35996327E+13  0.46083494E-31 -0.32930607E-31
  0.36730946E+13  0.46151082E-31 -0.31371124E-31
  0.37465565E+13  0.46102039E-31 -0.30655180E-31
  0.38200184E+13  0.47315745E-31 -0.30184175E-31
  0.38934803E+13  0.48361399E-31 -0.28038027E-31
  0.39669421E+13  0.47940779E-31 -0.26081212E-31
  0.40404040E+13  0.48480653E-31 -0.25706706E-31
  0.41138659E+13  0.49600648E-31 -0.23486748E-31
  0.41873278E+13  0.48396327E-31 -0.21909827E-31
  0.42607897E+13  0.49331753E-31 -0.21577908E-31
  0.43342516E+13  0.50300998E-31 -0.19261745E-31
  0.44077135E+13  0.49956266E-31 -0.17684389E-31
  0.44811754E+13  0.50632658E-31 -0.16055885E-31
  0.45546373E+13  0.50013471E-31 -0.13743077E-31
  0.46280992E+13  0.49656781E-31 -0.13251741E-31
  0.47015611E+13  0.50824889E-31 -0.11422525E-31
  0.47750230E+13  0.50309524E-31 -0.90632888E-32
  0.48484848E+13  0.50150656E-31 -0.76272606E-32
  0.49219467E+13  0.50276445E-31 -0.57961603E-32
  0.49954086E+13  0.49819635E-31 -0.37125396E-32
  0.50688705E+13  0.49105286E-31 -0.19265459E-32
  0.51423324E+13  0.48893811E-31 -0.62540979E-33
  0.52157943E+13  0.49094109E-31  0.17337575E-32
  0.52892562E+13  0.47973714E-31  0.40003608E-32
  0.53627181E+13  0.47337187E-31  0.56669014E-32
  0.54361800E+13  0.46469355E-31  0.76214600E-32
  0.55096419E+13  0.45886667E-31  0.94313421E-32
  0.55831038E+13  0.45041447E-31  0.11752627E-31
  0.56565657E+13  0.43706906E-31  0.13595754E-31
  0.57300275E+13  0.43034750E-31  0.15873017E-31
  0.58034894E+13  0.41276677E-31  0.18106819E-31
  0.58769513E+13  0.39901985E-31  0.19675289E-31
  0.59504132E+13  0.38768219E-31  0.21762275E-31
  0.60238751E+13  0.37166110E-31  0.24021715E-31
  0.60973370E+13  0.35251059E-31  0.26102833E-31
  0.61707989E+13  0.33364735E-31  0.28182660E-31
  0.62442608E+13  0.30995463E-31  0.30176234E-31
  0.63177227E+13  0.28828011E-31  0.31849689E-31
  0.63911846E+13  0.26685757E-31  0.33828770E-31
  0.64646465E+13  0.24011243E-31  0.35801350E-31
  0.65381084E+13  0.21302048E-31  0.37775171E-31
  0.66115702E+13  0.18042740E-31  0.39356164E-31
  0.66850321E+13  0.15134740E-31  0.41001691E-31
  0.67584940E+13  0.11501719E-31  0.42310828E-31
  0.68319559E+13  0.85630994E-32  0.43905073E-31
  0.69054178E+13  0.42244957E-32  0.45146185E-31
  0.69788797E+13  0.70497422E-33  0.46469769E-31
  0.70523416E+13 -0.41051620E-32  0.46944586E-31
  0.71258035E+13 -0.79379640E-32  0.48031249E-31
  0.71992654E+13 -0.12894515E-31  0.47895923E-31
  0.72727273E+13 -0.17503806E-31  0.48924697E-31
  0.73461892E+13 -0.22802631E-31  0.48294714E-31
  0.74196511E+13 -0.28568929E-31  0.48237580E-31
  0.74931129E+13 -0.33429933E-31  0.47117860E-31
  0.75665748E+13 -0.39821788E-31  0.45799771E-31
  0.76400367E+13 -0.45130423E-31  0.44665976E-31
  0.77134986E+13 -0.51465770E-31  0.41930969E-31
  0.77869605E+13 -0.58512098E-31  0.39751519E-31
  0.78604224E+13 -0.63827593E-31  0.36138521E-31
  0.79338843E+13 -0.71168136E-31  0.31826462E-31
  0.80073462E+13 -0.77620119E-31  0.27377824E-31
  0.80808081E+13 -0.83655135E-31  0.21836829E-31
  0.81542700E+13 -0.90272790E-31  0.15210847E-31
  0.82277319E+13 -0.97276106E-31  0.76802268E-32
  0.83011938E+13 -0.10301350E-30 -0.59061419E-33
  0.83746556E+13 -0.10765492E-30 -0.10168804E-31
  0.84481175E+13 -0.11303571E-30 -0.21330546E-31
  0.85215794E+13 -0.11842799E-30 -0.33444513E-31
  0.85950413E+13 -0.12215413E-30 -0.47082347E-31
  0.86685032E+13 -0.12381510E-30 -0.62418386E-31
  0.87419651E+13 -0.12380200E-30 -0.79430060E-31
  0.88154270E+13 -0.12192303E-30 -0.98145395E-31
  0.88888889E+13 -0.11705225E-30 -0.11865670E-30
  0.89623508E+13 -0.10810470E-30 -0.14225200E-30
  0.90358127E+13 -0.92916948E-31 -0.16738249E-30
  0.91092746E+13 -0.66205748E-31 -0.19766654E-30
  0.91827365E+13 -0.14000038E-31 -0.20150468E-30
  0.92561983E+13  0.16213633E-31 -0.18869444E-30
  0.93296602E+13  0.38463115E-31 -0.17415442E-30
  0.94031221E+13  0.57458929E-31 -0.15962624E-30
  0.94765840E+13  0.71499768E-31 -0.14414097E-30
  0.95500459E+13  0.82716457E-31 -0.12792982E-30
  0.96235078E+13  0.91105510E-31 -0.11177059E-30
  0.96969697E+13  0.96518457E-31 -0.95597207E-31
  0.97704316E+13  0.99960813E-31 -0.79082733E-31
  0.98438935E+13  0.10012581E-30 -0.63277184E-31
  0.99173554E+13  0.98045261E-31 -0.47648526E-31
  0.99908173E+13  0.93701585E-31 -0.33547660E-31
  0.10064279E+14  0.87220052E-31 -0.20437818E-31
  0.10137741E+14  0.78341629E-31 -0.91260382E-32
  0.10211203E+14  0.67454548E-31 -0.26154641E-33
  0.10284665E+14  0.55466407E-31  0.57708498E-32
  0.10358127E+14  0.42482854E-31  0.90134593E-32
  0.10431589E+14  0.28914752E-31  0.92363388E-32
  0.10505051E+14  0.14739080E-31  0.53270776E-32
  0.10578512E+14  0.48225121E-33 -0.43784990E-32
  0.10651974E+14 -0.12844033E-31 -0.24537930E-31
  0.10725436E+14  0.78929703E-32 -0.66413480E-31
  0.10798898E+14  0.42240948E-31 -0.49320440E-31
  0.10872360E+14  0.46939684E-31 -0.33407030E-31
  0.10945822E+14  0.46038935E-31 -0.22700281E-31
  0.11019284E+14  0.42860599E-31 -0.14676387E-31
  0.11092746E+14  0.38672096E-31 -0.87063365E-32
  0.11166208E+14  0.33939002E-31 -0.45434766E-32
  0.11239669E+14  0.28609711E-31 -0.16053620E-32
  0.11313131E+14  0.23630936E-31  0.42728541E-33
  0.11386593E+14  0.18437102E-31  0.13664786E-32
  0.11460055E+14  0.13237718E-31  0.17932157E-32
  0.11533517E+14  0.84810931E-32  0.12684645E-32
  0.11606979E+14  0.38798495E-32  0.34695013E-33
  0.11680441E+14 -0.47084894E-33 -0.11189901E-32
  0.11753903E+14 -0.45143627E-32 -0.28752620E-32
  0.11827365E+14 -0.84351673E-32 -0.53050202E-32
  0.11900826E+14 -0.11806909E-31 -0.78523331E-32
  0.11974288E+14 -0.14952525E-31 -0.10721747E-31
  0.12047750E+14 -0.17776777E-31 -0.13801471E-31
  0.12121212E+14 -0.20492254E-31 -0.17137270E-31
  0.12194674E+14 -0.22580070E-31 -0.20776680E-31
  0.12268136E+14 -0.24418284E-31 -0.24342880E-31
  0.12341598E+14 -0.26110054E-31 -0.28125175E-31
  0.12415060E+14 -0.27301733E-31 -0.32219241E-31
  0.12488522E+14 -0.27914369E-31 -0.36106202E-31
  0.12561983E+14 -0.28343302E-31 -0.39749220E-31
  0.12635445E+14 -0.28784121E-31 -0.43260895E-31
  0.12708907E+14 -0.29119170E-31 -0.47017444E-31
  0.12782369E+14 -0.29119615E-31 -0.50684049E-31
  0.12855831E+14 -0.28998399E-31 -0.54194836E-31
  0.12929293E+14 -0.28978227E-31 -0.57825361E-31
  0.13002755E+14 -0.28701436E-31 -0.61591074E-31
  0.13076217E+14 -0.28140220E-31 -0.65305519E-31
  0.13149679E+14 -0.27627760E-31 -0.68918252E-31
  0.13223140E+14 -0.27118592E-31 -0.72727652E-31
  0.13296602E+14 -0.26276475E-31 -0.76724315E-31
  0.13370064E+14 -0.25275657E-31 -0.80565382E-31
  0.13443526E+14 -0.24355802E-31 -0.84551175E-31
  0.13516988E+14 -0.23224340E-31 -0.88912148E-31
  0.13590450E+14 -0.21615846E-31 -0.93283023E-31
  0.13663912E+14 -0.19939244E-31 -0.97642767E-31
  0.13737374E+14 -0.18057006E-31 -0.10234664E-30
  0.13810836E+14 -0.15488482E-31 -0.10707082E-30
  0.13884298E+14 -0.12659866E-31 -0.11152876E-30
  0.13957759E+14 -0.96874505E-32 -0.11609777E-30
  0.14031221E+14 -0.60017755E-32 -0.12060834E-30
  0.14104683E+14 -0.20511420E-32 -0.12443780E-30
  0.14178145E+14  0.17007293E-32 -0.12802644E-30
  0.14251607E+14  0.57927024E-32 -0.13116822E-30
  0.14325069E+14  0.92453252E-32 -0.13328957E-30
  0.14398531E+14  0.11337924E-31 -0.13486002E-30
  0.14471993E+14  0.11323125E-31 -0.13524065E-30
  0.14545455E+14  0.36757524E-32 -0.13251859E-30
  0.14618916E+14 -0.65372825E-31 -0.17982750E-30
  0.14692378E+14  0.31131409E-31 -0.22174391E-30
  0.14765840E+14  0.55690085E-31 -0.21207207E-30
  0.14839302E+14  0.74105085E-31 -0.20846928E-30
  0.14912764E+14  0.90144316E-31 -0.20500408E-30
  0.14986226E+14  0.10534415E-30 -0.20129997E-30
  0.15059688E+14  0.12014095E-30 -0.19706566E-30
  0.15133150E+14  0.13345364E-30 -0.19193535E-30
  0.15206612E+14  0.14724376E-30 -0.18643415E-30
  0.15280073E+14  0.15983723E-30 -0.17979778E-30
  0.15353535E+14  0.17278131E-30 -0.17273782E-30
  0.15426997E+14  0.18469746E-30 -0.16436916E-30
  0.15500459E+14  0.19671704E-30 -0.15539006E-30
  0.15573921E+14  0.20840830E-30 -0.14540597E-30
  0.15647383E+14  0.21933546E-30 -0.13405325E-30
  0.15720845E+14  0.23048606E-30 -0.12182845E-30
  0.15794307E+14  0.24058478E-30 -0.10789204E-30
  0.15867769E+14  0.25029188E-30 -0.92109387E-31
  0.15941230E+14  0.25942185E-30 -0.74183325E-31
  0.16014692E+14  0.26785083E-30 -0.52651957E-31
  0.16088154E+14  0.27545069E-30 -0.23877402E-31
  0.16161616E+14  0.25179067E-30  0.20686116E-31
  0.16235078E+14  0.22896818E-30  0.23925973E-31
  0.16308540E+14  0.21544595E-30  0.27246629E-31
  0.16382002E+14  0.20604850E-30  0.30202392E-31
  0.16455464E+14  0.19853592E-30  0.33205117E-31
  0.16528926E+14  0.19227173E-30  0.36035007E-31
  0.16602388E+14  0.18677478E-30  0.38785842E-31
  0.16675849E+14  0.18183565E-30  0.41522064E-31
  0.16749311E+14  0.17744590E-30  0.44274721E-31
  0.16822773E+14  0.17339224E-30  0.46866334E-31
  0.16896235E+14  0.16962869E-30  0.49461416E-31
  0.16969697E+14  0.16609066E-30  0.52036557E-31
  0.17043159E+14  0.16272925E-30  0.54551578E-31
  0.17116621E+14  0.15938971E-30  0.57049690E-31
  0.17190083E+14  0.15641528E-30  0.59398095E-31
  0.17263545E+14  0.15332858E-30  0.61866433E-31
  0.17337006E+14  0.15034750E-30  0.64158163E-31
  0.17410468E+14  0.14750764E-30  0.66465059E-31
  0.17483930E+14  0.14471770E-30  0.68730326E-31
  0.17557392E+14  0.14185770E-30  0.70998676E-31
  0.17630854E+14  0.13893117E-30  0.73053695E-31
  0.17704316E+14  0.13639993E-30  0.75124369E-31
  0.17777778E+14  0.13365444E-30  0.77353248E-31
  0.17851240E+14  0.13081917E-30  0.79276448E-31
  0.17924702E+14  0.12812591E-30  0.81187271E-31
  0.17998163E+14  0.12549810E-30  0.83087377E-31
  0.18071625E+14  0.12271675E-30  0.85119971E-31
  0.18145087E+14  0.11988014E-30  0.86735169E-31
  0.18218549E+14  0.11734804E-30  0.88461338E-31
  0.18292011E+14  0.11459013E-30  0.90298846E-31
  0.18365473E+14  0.11173664E-30  0.91835476E-31
  0.18438935E+14  0.10904106E-30  0.93329007E-31
  0.18512397E+14  0.10634297E-30  0.94837229E-31
  0.18585859E+14  0.10350451E-30  0.96455316E-31
  0.18659320E+14  0.10062897E-30  0.97588176E-31
  0.18732782E+14  0.98135650E-31  0.98900818E-31
  0.18806244E+14  0.95235050E-31  0.10032620E-30
  0.18879706E+14  0.92301204E-31  0.10146442E-30
  0.18953168E+14  0.89574407E-31  0.10237163E-30
  0.19026630E+14  0.87017700E-31  0.10356313E-30
  0.19100092E+14  0.83891590E-31  0.10468962E-30
  0.19173554E+14  0.81065779E-31  0.10530499E-30
  0.19247016E+14  0.78456457E-31  0.10626014E-30
  0.19320478E+14  0.75488387E-31  0.10716616E-30
  0.19393939E+14  0.72529402E-31  0.10770211E-30
  0.19467401E+14  0.69861771E-31  0.10820948E-30
  0.19540863E+14  0.67058094E-31  0.10905167E-30
  0.19614325E+14  0.63951641E-31  0.10935428E-30
  0.19687787E+14  0.61418057E-31  0.10963881E-30
  0.19761249E+14  0.58491029E-31  0.11021542E-30
  0.19834711E+14  0.55505702E-31  0.11033423E-30
  0.19908173E+14  0.52824592E-31  0.11036778E-30
  0.19981635E+14  0.50085099E-31  0.11070787E-30
  0.20055096E+14  0.46954224E-31  0.11061109E-30
  0.20128558E+14  0.44523393E-31  0.11040042E-30
  0.20202020E+14  0.41559675E-31  0.11052809E-30
  0.20275482E+14  0.38710643E-31  0.11004767E-30
  0.20348944E+14  0.36184118E-31  0.10983737E-30
  0.20422406E+14  0.33200083E-31  0.10955777E-30
  0.20495868E+14  0.30531049E-31  0.10882013E-30
  0.20569330E+14  0.27921701E-31  0.10850144E-30
  0.20642792E+14  0.24979221E-31  0.10763759E-30
  0.20716253E+14  0.22578667E-31  0.10703543E-30
  0.20789715E+14  0.19655946E-31  0.10597699E-30
  0.20863177E+14  0.17259536E-31  0.10517184E-30
  0.20936639E+14  0.14378238E-31  0.10394015E-30
  0.21010101E+14  0.11965785E-31  0.10276213E-30
  0.21083563E+14  0.93315872E-32  0.10125852E-30
  0.21157025E+14  0.65667685E-32  0.99625758E-31
  0.21230487E+14  0.40130222E-32  0.97716384E-31
  0.21303949E+14  0.15696831E-32  0.95285732E-31
  0.21377410E+14  0.00000000E+00  0.91308230E-31
  0.21450872E+14  0.00000000E+00  0.88689705E-31
  0.21524334E+14  0.00000000E+00  0.86746988E-31
  0.21597796E+14  0.00000000E+00  0.85187876E-31
  0.21671258E+14  0.00000000E+00  0.83914068E-31
  0.21744720E+14  0.00000000E+00  0.82879834E-31
  0.21818182E+14  0.00000000E+00  0.82064559E-31
  0.21891644E+14  0.00000000E+00  0.81464425E-31
  0.21965106E+14  0.00000000E+00  0.81091120E-31
  0.22038567E+14  0.00000000E+00  0.80975687E-31
  0.22112029E+14  0.00000000E+00  0.81180211E-31
  0.22185491E+14  0.00000000E+00  0.81828724E-31
  0.22258953E+14  0.00000000E+00  0.83205021E-31
  0.22332415E+14  0.00000000E+00  0.86244223E-31
  0.22405877E+14 -0.77150399E-32  0.93084093E-31
  0.22479339E+14 -0.14724453E-31  0.88860254E-31
  0.22552801E+14 -0.17848010E-31  0.85563334E-31
  0.22626263E+14 -0.20536654E-31  0.81484349E-31
  0.22699725E+14 -0.22488607E-31  0.79027358E-31
  0.22773186E+14 -0.23455425E-31  0.75934972E-31
  0.22846648E+14 -0.24876100E-31  0.72913513E-31
  0.22920110E+14 -0.26247975E-31  0.70262021E-31
  0.22993572E+14 -0.26730369E-31  0.67785837E-31
  0.23067034E+14 -0.26997754E-31  0.65084573E-31
  0.23140496E+14 -0.27462150E-31  0.62701601E-31
  0.23213958E+14 -0.27059761E-31  0.60542180E-31
  0.23287420E+14 -0.27123328E-31  0.58085531E-31
  0.23360882E+14 -0.27504137E-31  0.56107252E-31
  0.23434343E+14 -0.26998631E-31  0.54039140E-31
  0.23507805E+14 -0.26808839E-31  0.52084877E-31
  0.23581267E+14 -0.26205193E-31  0.50217191E-31
  0.23654729E+14 -0.25922875E-31  0.48403400E-31
  0.23728191E+14 -0.25219359E-31  0.46752839E-31
  0.23801653E+14 -0.24806682E-31  0.45108807E-31
  0.23875115E+14 -0.23869394E-31  0.43613990E-31
  0.23948577E+14 -0.23346068E-31  0.42094998E-31
  0.24022039E+14 -0.22412003E-31  0.40788501E-31
  0.24095500E+14 -0.21656567E-31  0.39473868E-31
  0.24168962E+14 -0.20681180E-31  0.38254579E-31
  0.24242424E+14 -0.19846395E-31  0.37163433E-31
  0.24315886E+14 -0.18778788E-31  0.36078434E-31
  0.24389348E+14 -0.17865061E-31  0.35157590E-31
  0.24462810E+14 -0.16749853E-31  0.34251759E-31
  0.24536272E+14 -0.15701021E-31  0.33461781E-31
  0.24609734E+14 -0.14653643E-31  0.32753573E-31
  0.24683196E+14 -0.13460565E-31  0.32104347E-31
  0.24756657E+14 -0.12409882E-31  0.31572420E-31
  0.24830119E+14 -0.11131332E-31  0.31061813E-31
  0.24903581E+14 -0.10093051E-31  0.30736425E-31
  0.24977043E+14 -0.87518667E-32  0.30385234E-31
  0.25050505E+14 -0.77211998E-32  0.30201830E-31
  0.25123967E+14 -0.63429209E-32  0.30077188E-31
  0.25197429E+14 -0.52989053E-32  0.29997044E-31
  0.25270891E+14 -0.39244508E-32  0.30138465E-31
  0.25344353E+14 -0.28511389E-32  0.30153714E-31
  0.25417815E+14 -0.15076815E-32  0.30558368E-31
  0.25491276E+14 -0.44477214E-33  0.30697361E-31
  0.25564738E+14  0.88815651E-33  0.31323540E-31
  0.25638200E+14  0.19048911E-32  0.31668936E-31
  0.25711662E+14  0.32037479E-32  0.32461355E-31
  0.25785124E+14  0.41799598E-32  0.33025176E-31
  0.25858586E+14  0.54462291E-32  0.34003620E-31
  0.25932048E+14  0.63497805E-32  0.34794165E-31
  0.26005510E+14  0.75365625E-32  0.35973855E-31
  0.26078972E+14  0.83738932E-32  0.36972773E-31
  0.26152433E+14  0.94210324E-32  0.38415866E-31
  0.26225895E+14  0.10215218E-31  0.39612356E-31
  0.26299357E+14  0.11027080E-31  0.41303952E-31
  0.26372819E+14  0.11848334E-31  0.42712173E-31
  0.26446281E+14  0.12323579E-31  0.44687875E-31
  0.26519743E+14  0.13110280E-31  0.46345888E-31
  0.26593205E+14  0.13189485E-31  0.48491202E-31
  0.26666667E+14  0.13977570E-31  0.50626197E-31
  0.26740129E+14  0.13662777E-31  0.52760427E-31
  0.26813590E+14  0.14039743E-31  0.55473646E-31
  0.26887052E+14  0.13871615E-31  0.57737901E-31
  0.26960514E+14  0.13327880E-31  0.60695139E-31
  0.27033976E+14  0.12856655E-31  0.63420084E-31
  0.27107438E+14  0.11835560E-31  0.66629652E-31
  0.27180900E+14  0.11074607E-31  0.69792588E-31
  0.27254362E+14  0.90808735E-32  0.73168202E-31
  0.27327824E+14  0.72222781E-32  0.77021901E-31
  0.27401286E+14  0.44123009E-32  0.80693680E-31
  0.27474747E+14 -0.83641417E-34  0.84973149E-31
  0.27548209E+14 -0.68917719E-32  0.88111432E-31
  0.27621671E+14 -0.12314664E-31  0.87216100E-31
  0.27695133E+14 -0.16805750E-31  0.86791704E-31
  0.27768595E+14 -0.20671604E-31  0.86029452E-31
  0.27842057E+14 -0.24402964E-31  0.85177725E-31
  0.27915519E+14 -0.27813631E-31  0.84271582E-31
  0.27988981E+14 -0.31116822E-31  0.83115164E-31
  0.28062443E+14 -0.34325476E-31  0.82008075E-31
  0.28135904E+14 -0.37132129E-31  0.80661327E-31
  0.28209366E+14 -0.40120223E-31  0.79217471E-31
  0.28282828E+14 -0.42914301E-31  0.77748450E-31
  0.28356290E+14 -0.45540844E-31  0.76068397E-31
  0.28429752E+14 -0.48046957E-31  0.74272168E-31
  0.28503214E+14 -0.50624980E-31  0.72403159E-31
  0.28576676E+14 -0.52847216E-31  0.70439940E-31
  0.28650138E+14 -0.55059309E-31  0.68271745E-31
  0.28723600E+14 -0.57085711E-31  0.66095067E-31
  0.28797062E+14 -0.59143542E-31  0.63729070E-31
  0.28870523E+14 -0.60871907E-31  0.61350947E-31
  0.28943985E+14 -0.62595053E-31  0.58794492E-31
  0.29017447E+14 -0.63947740E-31  0.56166638E-31
  0.29090909E+14 -0.65275608E-31  0.53508622E-31
  0.29164371E+14 -0.66356095E-31  0.50697375E-31
  0.29237833E+14 -0.67337475E-31  0.47911882E-31
  0.29311295E+14 -0.67973529E-31  0.44982554E-31
  0.29384757E+14 -0.68448442E-31  0.42159579E-31
  0.29458219E+14 -0.68607504E-31  0.39246568E-31
  0.29531680E+14 -0.68501525E-31  0.36499318E-31
  0.29605142E+14 -0.68142871E-31  0.33721574E-31
  0.29678604E+14 -0.67440075E-31  0.31243856E-31
  0.29752066E+14 -0.66660028E-31  0.28919513E-31
  0.29825528E+14 -0.65557113E-31  0.26916773E-31
  0.29898990E+14 -0.64419045E-31  0.25055830E-31
  0.29972452E+14 -0.62824498E-31  0.23640216E-31
  0.30045914E+14 -0.61211628E-31  0.22755692E-31
  0.30119376E+14 -0.59320053E-31  0.22571826E-31
  0.30192837E+14 -0.57346665E-31  0.23739119E-31
  0.30266299E+14 -0.55587777E-31  0.27877615E-31
  0.30339761E+14 -0.65926650E-31  0.36787333E-31
  0.30413223E+14 -0.74778950E-31  0.26816037E-31
  0.30486685E+14 -0.75539714E-31  0.19285390E-31
  0.30560147E+14 -0.74441306E-31  0.13766509E-31
  0.30633609E+14 -0.72921249E-31  0.94817221E-32
  0.30707071E+14 -0.70978478E-31  0.59881600E-32
  0.30780533E+14 -0.69175667E-31  0.31028125E-32
  0.30853994E+14 -0.67072693E-31  0.68837889E-33
  0.30927456E+14 -0.65250116E-31 -0.13565882E-32
  0.31000918E+14 -0.63315652E-31 -0.31655881E-32
  0.31074380E+14 -0.61722825E-31 -0.48101544E-32
  0.31147842E+14 -0.60036735E-31 -0.63207408E-32
  0.31221304E+14 -0.58347472E-31 -0.78833100E-32
  0.31294766E+14 -0.56720839E-31 -0.92313585E-32
  0.31368228E+14 -0.54970048E-31 -0.10563154E-31
  0.31441690E+14 -0.53357013E-31 -0.11815581E-31
  0.31515152E+14 -0.51567749E-31 -0.12983892E-31
  0.31588613E+14 -0.49850570E-31 -0.14155355E-31
  0.31662075E+14 -0.48063860E-31 -0.15191365E-31
  0.31735537E+14 -0.46197926E-31 -0.16245458E-31
  0.31808999E+14 -0.44325183E-31 -0.17244825E-31
  0.31882461E+14 -0.42313056E-31 -0.18146856E-31
  0.31955923E+14 -0.40149094E-31 -0.19003779E-31
  0.32029385E+14 -0.37987077E-31 -0.19814139E-31
  0.32102847E+14 -0.35735297E-31 -0.20505156E-31
  0.32176309E+14 -0.33065777E-31 -0.21090959E-31
  0.32249770E+14 -0.30374678E-31 -0.21420515E-31
  0.32323232E+14 -0.27470984E-31 -0.21782586E-31
  0.32396694E+14 -0.24324551E-31 -0.21720257E-31
  0.32470156E+14 -0.20903166E-31 -0.21276408E-31
  0.32543618E+14 -0.17061711E-31 -0.20410986E-31
  0.32617080E+14 -0.13302964E-31 -0.18402671E-31
  0.32690542E+14 -0.98008706E-32 -0.16102248E-31
  0.32764004E+14 -0.62734118E-32 -0.12293014E-31
  0.32837466E+14 -0.42525003E-32 -0.79284421E-32
  0.32910927E+14 -0.31792725E-32 -0.35481413E-32
  0.32984389E+14 -0.28227662E-32  0.75846636E-33
  0.33057851E+14 -0.31418809E-32  0.49096920E-32
  0.33131313E+14 -0.40885410E-32  0.88783911E-32
  0.33204775E+14 -0.56618682E-32  0.12483364E-31
  0.33278237E+14 -0.75945499E-32  0.15627552E-31
  0.33351699E+14 -0.98276087E-32  0.18420103E-31
  0.33425161E+14 -0.12323807E-31  0.20896232E-31
  0.33498623E+14 -0.15130398E-31  0.22950525E-31
  0.33572084E+14 -0.18172708E-31  0.24577600E-31
  0.33645546E+14 -0.21246074E-31  0.25703633E-31
  0.33719008E+14 -0.24433687E-31  0.26427760E-31
  0.33792470E+14 -0.27531914E-31  0.26744217E-31
  0.33865932E+14 -0.30630107E-31  0.26614943E-31
  0.33939394E+14 -0.33564946E-31  0.26153963E-31
  0.34012856E+14 -0.36299702E-31  0.25294527E-31
  0.34086318E+14 -0.38867717E-31  0.24172512E-31
  0.34159780E+14 -0.41011774E-31  0.22806360E-31
  0.34233242E+14 -0.42991892E-31  0.21243803E-31
  0.34306703E+14 -0.44464421E-31  0.19703615E-31
  0.34380165E+14 -0.45655433E-31  0.18090851E-31
  0.34453627E+14 -0.46529537E-31  0.16813157E-31
  0.34527089E+14 -0.47032780E-31  0.15749014E-31
  0.34600551E+14 -0.47759270E-31  0.15321820E-31
  0.34674013E+14 -0.48474070E-31  0.15660321E-31
  0.34747475E+14 -0.51099848E-31  0.15910162E-31
  0.34820937E+14 -0.53657946E-31  0.15319148E-31
  0.34894399E+14 -0.56407979E-31  0.13860069E-31
  0.34967860E+14 -0.59055721E-31  0.12403565E-31
  0.35041322E+14 -0.61340808E-31  0.10223382E-31
  0.35114784E+14 -0.64204896E-31  0.79980870E-32
  0.35188246E+14 -0.66025819E-31  0.52756256E-32
  0.35261708E+14 -0.68748944E-31  0.21572872E-32
  0.35335170E+14 -0.70317178E-31 -0.91629667E-33
  0.35408632E+14 -0.72621306E-31 -0.52599046E-32
  0.35482094E+14 -0.74318290E-31 -0.88769384E-32
  0.35555556E+14 -0.74976173E-31 -0.14489873E-31
  0.35629017E+14 -0.76305211E-31 -0.21373974E-31
  0.35702479E+14 -0.73094993E-31 -0.26250144E-31
  0.35775941E+14 -0.71172350E-31 -0.31119866E-31
  0.35849403E+14 -0.68655898E-31 -0.34288731E-31
  0.35922865E+14 -0.65729511E-31 -0.38278291E-31
  0.35996327E+14 -0.63564338E-31 -0.40888888E-31
  0.36069789E+14 -0.60052893E-31 -0.43778749E-31
  0.36143251E+14 -0.57993274E-31 -0.46263529E-31
  0.36216713E+14 -0.54398323E-31 -0.48243888E-31
  0.36290174E+14 -0.51942368E-31 -0.50519325E-31
  0.36363636E+14 -0.48819055E-31 -0.51842746E-31
  0.36437098E+14 -0.45717915E-31 -0.53828077E-31
  0.36510560E+14 -0.43073975E-31 -0.54760711E-31
  0.36584022E+14 -0.39582400E-31 -0.56125897E-31
  0.36657484E+14 -0.37235477E-31 -0.57072700E-31
  0.36730946E+14 -0.33658891E-31 -0.57719376E-31
  0.36804408E+14 -0.31139036E-31 -0.58622436E-31
  0.36877870E+14 -0.28069977E-31 -0.58748794E-31
  0.36951331E+14 -0.24989339E-31 -0.59460192E-31
  0.37024793E+14 -0.22498568E-31 -0.59363310E-31
  0.37098255E+14 -0.19123692E-31 -0.59477757E-31
  0.37171717E+14 -0.16888051E-31 -0.59489759E-31
  0.37245179E+14 -0.13775374E-31 -0.59037291E-31
  0.37318641E+14 -0.11050788E-31 -0.58987425E-31
  0.37392103E+14 -0.86302370E-32 -0.58254901E-31
  0.37465565E+14 -0.55632190E-32 -0.57722878E-31
  0.37539027E+14 -0.33957646E-32 -0.57112102E-31
  0.37612489E+14 -0.72357907E-33 -0.56057669E-31
  0.37685950E+14  0.19136766E-32 -0.55332898E-31
  0.37759412E+14  0.39229963E-32 -0.54214983E-31
  0.37832874E+14  0.65657409E-32 -0.52948054E-31
  0.37906336E+14  0.88155441E-32 -0.51850812E-31
  0.37979798E+14  0.10758635E-31 -0.50361846E-31
  0.38053260E+14  0.13151005E-31 -0.48836767E-31
  0.38126722E+14  0.15168262E-31 -0.47373848E-31
  0.38200184E+14  0.16927358E-31 -0.45640089E-31
  0.38273646E+14  0.18963463E-31 -0.43806836E-31
  0.38347107E+14  0.20831377E-31 -0.42009684E-31
  0.38420569E+14  0.22372177E-31 -0.40026315E-31
  0.38494031E+14  0.23963846E-31 -0.37900343E-31
  0.38567493E+14  0.25518409E-31 -0.35734778E-31
  0.38640955E+14  0.26869353E-31 -0.33481196E-31
  0.38714417E+14  0.28070151E-31 -0.31119703E-31
  0.38787879E+14  0.29155777E-31 -0.28639256E-31
  0.38861341E+14  0.30143470E-31 -0.26101920E-31
  0.38934803E+14  0.30947997E-31 -0.23475967E-31
  0.39008264E+14  0.31556684E-31 -0.20699458E-31
  0.39081726E+14  0.32016121E-31 -0.17873125E-31
  0.39155188E+14  0.32318253E-31 -0.14917911E-31
  0.39228650E+14  0.32304147E-31 -0.11914504E-31
  0.39302112E+14  0.32220202E-31 -0.86637146E-32
  0.39375574E+14  0.32034139E-31 -0.54611487E-32
  0.39449036E+14  0.31373779E-31 -0.20530044E-32
  0.39522498E+14  0.29665387E-31  0.12536299E-32
  0.39595960E+14  0.28494840E-31  0.53881481E-32
  0.39669421E+14  0.25712689E-31  0.89491236E-32
  0.39742883E+14  0.22553173E-31  0.12718640E-31
  0.39816345E+14  0.18223139E-31  0.16662443E-31
  0.39889807E+14  0.93537536E-32  0.21163803E-31
  0.39963269E+14  0.00000000E+00  0.12036647E-31
  0.40036731E+14  0.00000000E+00  0.75621612E-32
  0.40110193E+14  0.00000000E+00  0.50464640E-32
  0.40183655E+14  0.00000000E+00  0.33369357E-32
  0.40257117E+14  0.00000000E+00  0.20770429E-32
  0.40330579E+14  0.00000000E+00  0.11046749E-32
  0.40404040E+14  0.00000000E+00  0.33140258E-33
  0.40477502E+14  0.00000000E+00 -0.29656834E-33
  0.40550964E+14  0.00000000E+00 -0.81445192E-33
  0.40624426E+14  0.00000000E+00 -0.12465519E-32
  0.40697888E+14  0.00000000E+00 -0.16103279E-32
  0.40771350E+14  0.00000000E+00 -0.19187235E-32
  0.40844812E+14  0.00000000E+00 -0.21815808E-32
  0.40918274E+14  0.00000000E+00 -0.24065416E-32
  0.40991736E+14  0.00000000E+00 -0.25996441E-32
  0.41065197E+14  0.00000000E+00 -0.27657311E-32
  0.41138659E+14  0.00000000E+00 -0.29087370E-32
  0.41212121E+14  0.00000000E+00 -0.30318938E-32
  0.41285583E+14  0.00000000E+00 -0.31378829E-32
  0.41359045E+14  0.00000000E+00 -0.32289480E-32
  0.41432507E+14  0.00000000E+00 -0.33069816E-32
  0.41505969E+14  0.00000000E+00 -0.33735905E-32
  0.41579431E+14  0.00000000E+00 -0.34301480E-32
  0.41652893E+14  0.00000000E+00 -0.34778340E-32
  0.41726354E+14  0.00000000E+00 -0.35176681E-32
  0.41799816E+14  0.00000000E+00 -0.35505348E-32
  0.41873278E+14  0.00000000E+00 -0.35772052E-32
  0.41946740E+14  0.00000000E+00 -0.35983540E-32
  0.42020202E+14  0.00000000E+00 -0.36145740E-32
  0.42093664E+14  0.00000000E+00 -0.36263871E-32
  0.42167126E+14  0.00000000E+00 -0.36342551E-32
  0.42240588E+14  0.00000000E+00 -0.36385872E-32
  0.42314050E+14  0.00000000E+00 -0.36397471E-32
  0.42387511E+14  0.00000000E+00 -0.36380590E-32
  0.42460973E+14  0.00000000E+00 -0.36338123E-32
  0.42534435E+14  0.00000000E+00 -0.36272662E-32
  0.42607897E+14  0.00000000E+00 -0.36186532E-32
  0.42681359E+14  0.00000000E+00 -0.36081821E-32
  0.42754821E+14  0.00000000E+00 -0.35960410E-32
  0.42828283E+14  0.00000000E+00 -0.35823993E-32
  0.42901745E+14  0.00000000E+00 -0.35674102E-32
  0.42975207E+14  0.00000000E+00 -0.35512121E-32
  0.43048669E+14  0.00000000E+00 -0.35339305E-32
  0.43122130E+14  0.00000000E+00 -0.35156790E-32
  0.43195592E+14  0.00000000E+00 -0.34965607E-32
  0.43269054E+14  0.00000000E+00 -0.34766695E-32
  0.43342516E+14  0.00000000E+00 -0.34560907E-32
  0.43415978E+14  0.00000000E+00 -0.34349018E-32
  0.43489440E+14  0.00000000E+00 -0.34131738E-32
  0.43562902E+14  0.00000000E+00 -0.33909710E-32
  0.43636364E+14  0.00000000E+00 -0.33683523E-32
  0.43709826E+14  0.00000000E+00 -0.33453716E-32
  0.43783287E+14  0.00000000E+00 -0.33220780E-32
  0.43856749E+14  0.00000000E+00 -0.32985162E-32
  0.43930211E+14  0.00000000E+00 -0.32747275E-32
  0.44003673E+14  0.00000000E+00 -0.32507493E-32
  0.44077135E+14  0.00000000E+00 -0.32266161E-32
  0.44150597E+14  0.00000000E+00 -0.32023592E-32
  0.44224059E+14  0.00000000E+00 -0.31780075E-32
  0.44297521E+14  0.00000000E+00 -0.31535872E-32
  0.44370983E+14  0.00000000E+00 -0.31291226E-32
  0.44444444E+14  0.00000000E+00 -0.31046357E-32
  0.44517906E+14  0.00000000E+00 -0.30801468E-32
  0.44591368E+14  0.00000000E+00 -0.30556742E-32
  0.44664830E+14  0.00000000E+00 -0.30312350E-32
  0.44738292E+14  0.00000000E+00 -0.30068446E-32
  0.44811754E+14  0.00000000E+00 -0.29825170E-32
  0.44885216E+14  0.00000000E+00 -0.29582653E-32
  0.44958678E+14  0.00000000E+00 -0.29341012E-32
  0.45032140E+14  0.00000000E+00 -0.29100354E-32
  0.45105601E+14  0.00000000E+00 -0.28860776E-32
  0.45179063E+14  0.00000000E+00 -0.28622369E-32
  0.45252525E+14  0.00000000E+00 -0.28385211E-32
  0.45325987E+14  0.00000000E+00 -0.28149378E-32
  0.45399449E+14  0.00000000E+00 -0.27914934E-32
  0.45472911E+14  0.00000000E+00 -0.27681940E-32
  0.45546373E+14  0.00000000E+00 -0.27450449E-32
  0.45619835E+14  0.00000000E+00 -0.27220510E-32
  0.45693297E+14  0.00000000E+00 -0.26992166E-32
  0.45766758E+14  0.00000000E+00 -0.26765456E-32
  0.45840220E+14  0.00000000E+00 -0.26540414E-32
  0.45913682E+14  0.00000000E+00 -0.26317071E-32
  0.45987144E+14  0.00000000E+00 -0.26095453E-32
  0.46060606E+14  0.00000000E+00 -0.25875584E-32
  0.46134068E+14  0.00000000E+00 -0.25657482E-32
  0.46207530E+14  0.00000000E+00 -0.25441167E-32
  0.46280992E+14  0.00000000E+00 -0.25226651E-32
  0.46354454E+14  0.00000000E+00 -0.25013947E-32
  0.46427916E+14  0.00000000E+00 -0.24803065E-32
  0.46501377E+14  0.00000000E+00 -0.24594011E-32
  0.46574839E+14  0.00000000E+00 -0.24386792E-32
  0.46648301E+14  0.00000000E+00 -0.24181412E-32
  0.46721763E+14  0.00000000E+00 -0.23977871E-32
  0.46795225E+14  0.00000000E+00 -0.23776170E-32
  0.46868687E+14  0.00000000E+00 -0.23576309E-32
  0.46942149E+14  0.00000000E+00 -0.23378286E-32
  0.47015611E+14  0.00000000E+00 -0.23182095E-32
  0.47089073E+14  0.00000000E+00 -0.22987734E-32
  0.47162534E+14  0.00000000E+00 -0.22795196E-32
  0.47235996E+14  0.00000000E+00 -0.22604475E-32
  0.47309458E+14  0.00000000E+00 -0.22415562E-32
  0.47382920E+14  0.00000000E+00 -0.22228451E-32
  0.47456382E+14  0.00000000E+00 -0.22043131E-32
  0.47529844E+14  0.00000000E+00 -0.21859593E-32
  0.47603306E+14  0.00000000E+00 -0.21677826E-32
  0.47676768E+14  0.00000000E+00 -0.21497820E-32
  0.47750230E+14  0.00000000E+00 -0.21319564E-32
  0.47823691E+14  0.00000000E+00 -0.21143045E-32
  0.47897153E+14  0.00000000E+00 -0.20968251E-32
  0.47970615E+14  0.00000000E+00 -0.20795170E-32
  0.48044077E+14  0.00000000E+00 -0.20623788E-32
  0.48117539E+14  0.00000000E+00 -0.20454093E-32
  0.48191001E+14  0.00000000E+00 -0.20286070E-32
  0.48264463E+14  0.00000000E+00 -0.20119707E-32
  0.48337925E+14  0.00000000E+00 -0.19954988E-32
  0.48411387E+14  0.00000000E+00 -0.19791900E-32
  0.48484848E+14  0.00000000E+00 -0.19630428E-32
  0.48558310E+14  0.00000000E+00 -0.19470559E-32
  0.48631772E+14  0.00000000E+00 -0.19312277E-32
  0.48705234E+14  0.00000000E+00 -0.19155567E-32
  0.48778696E+14  0.00000000E+00 -0.19000416E-32
  0.48852158E+14  0.00000000E+00 -0.18846807E-32
  0.48925620E+14  0.00000000E+00 -0.18694727E-32
  0.48999082E+14  0.00000000E+00 -0.18544160E-32
  0.49072544E+14  0.00000000E+00 -0.18395092E-32
  0.49146006E+14  0.00000000E+00 -0.18247507E-32
  0.49219467E+14  0.00000000E+00 -0.18101391E-32
  0.49292929E+14  0.00000000E+00 -0.17956729E-32
  0.49366391E+14  0.00000000E+00 -0.17813505E-32
  0.49439853E+14  0.00000000E+00 -0.17671706E-32
  0.49513315E+14  0.00000000E+00 -0.17531316E-32
  0.49586777E+14  0.00000000E+00 -0.17392320E-32
  0.49660239E+14  0.00000000E+00 -0.17254705E-32
  0.49733701E+14  0.00000000E+00 -0.17118455E-32
  0.49807163E+14  0.00000000E+00 -0.16983556E-32
  0.49880624E+14  0.00000000E+00 -0.16849993E-32
  0.49954086E+14  0.00000000E+00 -0.16717753E-32
  0.50027548E+14  0.00000000E+00 -0.16586821E-32
  0.50101010E+14  0.00000000E+00 -0.16457182E-32
  0.50174472E+14  0.00000000E+00 -0.16328824E-32
  0.50247934E+14  0.00000000E+00 -0.16201731E-32
  0.50321396E+14  0.00000000E+00 -0.16075890E-32
  0.50394858E+14  0.00000000E+00 -0.15951288E-32
  0.50468320E+14  0.00000000E+00 -0.15827910E-32
  0.50541781E+14  0.00000000E+00 -0.15705743E-32
  0.50615243E+14  0.00000000E+00 -0.15584775E-32
  0.50688705E+14  0.00000000E+00 -0.15464991E-32
  0.50762167E+14  0.00000000E+00 -0.15346379E-32
  0.50835629E+14  0.00000000E+00 -0.15228925E-32
  0.50909091E+14  0.00000000E+00 -0.15112616E-32
  0.50982553E+14  0.00000000E+00 -0.14997441E-32
  0.51056015E+14  0.00000000E+00 -0.14883386E-32
  0.51129477E+14  0.00000000E+00 -0.14770438E-32
  0.51202938E+14  0.00000000E+00 -0.14658586E-32
  0.51276400E+14  0.00000000E+00 -0.14547817E-32
  0.51349862E+14  0.00000000E+00 -0.14438119E-32
  0.51423324E+14  0.00000000E+00 -0.14329480E-32
  0.51496786E+14  0.00000000E+00 -0.14221888E-32
  0.51570248E+14  0.00000000E+00 -0.14115331E-32
  0.51643710E+14  0.00000000E+00 -0.14009798E-32
  0.51717172E+14  0.00000000E+00 -0.13905277E-32
  0.51790634E+14  0.00000000E+00 -0.13801757E-32
  0.51864096E+14  0.00000000E+00 -0.13699227E-32
  0.51937557E+14  0.00000000E+00 -0.13597675E-32
  0.52011019E+14  0.00000000E+00 -0.13497091E-32
  0.52084481E+14  0.00000000E+00 -0.13397463E-32
  0.52157943E+14  0.00000000E+00 -0.13298781E-32
  0.52231405E+14  0.00000000E+00 -0.13201035E-32
  0.52304867E+14  0.00000000E+00 -0.13104213E-32
  0.52378329E+14  0.00000000E+00 -0.13008306E-32
  0.52451791E+14  0.00000000E+00 -0.12913303E-32
  0.52525253E+14  0.00000000E+00 -0.12819195E-32
  0.52598714E+14  0.00000000E+00 -0.12725970E-32
  0.52672176E+14  0.00000000E+00 -0.12633619E-32
  0.52745638E+14  0.00000000E+00 -0.12542133E-32
  0.52819100E+14  0.00000000E+00 -0.12451501E-32
  0.52892562E+14  0.00000000E+00 -0.12361715E-32
  0.52966024E+14  0.00000000E+00 -0.12272765E-32
  0.53039486E+14  0.00000000E+00 -0.12184640E-32
  0.53112948E+14  0.00000000E+00 -0.12097334E-32
  0.53186410E+14  0.00000000E+00 -0.12010835E-32
  0.53259871E+14  0.00000000E+00 -0.11925135E-32
  0.53333333E+14  0.00000000E+00 -0.11840226E-32
  0.53406795E+14  0.00000000E+00 -0.11756098E-32
  0.53480257E+14  0.00000000E+00 -0.11672743E-32
  0.53553719E+14  0.00000000E+00 -0.11590153E-32
  0.53627181E+14  0.00000000E+00 -0.11508318E-32
  0.53700643E+14  0.00000000E+00 -0.11427230E-32
  0.53774105E+14  0.00000000E+00 -0.11346882E-32
  0.53847567E+14  0.00000000E+00 -0.11267265E-32
  0.53921028E+14  0.00000000E+00 -0.11188371E-32
  0.53994490E+14  0.00000000E+00 -0.11110193E-32
  0.54067952E+14  0.00000000E+00 -0.11032721E-32
  0.54141414E+14  0.00000000E+00 -0.10955949E-32
  0.54214876E+14  0.00000000E+00 -0.10879869E-32
  0.54288338E+14  0.00000000E+00 -0.10804473E-32
  0.54361800E+14  0.00000000E+00 -0.10729754E-32
  0.54435262E+14  0.00000000E+00 -0.10655704E-32
  0.54508724E+14  0.00000000E+00 -0.10582317E-32
  0.54582185E+14  0.00000000E+00 -0.10509584E-32
  0.54655647E+14  0.00000000E+00 -0.10437499E-32
  0.54729109E+14  0.00000000E+00 -0.10366055E-32
  0.54802571E+14  0.00000000E+00 -0.10295245E-32
  0.54876033E+14  0.00000000E+00 -0.10225062E-32
  0.54949495E+14  0.00000000E+00 -0.10155499E-32
  0.55022957E+14  0.00000000E+00 -0.10086550E-32
  0.55096419E+14  0.00000000E+00 -0.10018208E-32
  0.55169881E+14  0.00000000E+00 -0.99504659E-33
  0.55243343E+14  0.00000000E+00 -0.98833181E-33
  0.55316804E+14  0.00000000E+00 -0.98167580E-33
  0.55390266E+14  0.00000000E+00 -0.97507792E-33
  0.55463728E+14  0.00000000E+00 -0.96853755E-33
  0.55537190E+14  0.00000000E+00 -0.96205409E-33
  0.55610652E+14  0.00000000E+00 -0.95562693E-33
  0.55684114E+14  0.00000000E+00 -0.94925547E-33
  0.55757576E+14  0.00000000E+00 -0.94293912E-33
  0.55831038E+14  0.00000000E+00 -0.93667729E-33
  0.55904500E+14  0.00000000E+00 -0.93046942E-33
  0.55977961E+14  0.00000000E+00 -0.92431492E-33
  0.56051423E+14  0.00000000E+00 -0.91821324E-33
  0.56124885E+14  0.00000000E+00 -0.91216382E-33
  0.56198347E+14  0.00000000E+00 -0.90616612E-33
  0.56271809E+14  0.00000000E+00 -0.90021959E-33
  0.56345271E+14  0.00000000E+00 -0.89432370E-33
  0.56418733E+14  0.00000000E+00 -0.88847791E-33
  0.56492195E+14  0.00000000E+00 -0.88268171E-33
  0.56565657E+14  0.00000000E+00 -0.87693457E-33
  0.56639118E+14  0.00000000E+00 -0.87123600E-33
  0.56712580E+14  0.00000000E+00 -0.86558548E-33
  0.56786042E+14  0.00000000E+00 -0.85998252E-33
  0.56859504E+14  0.00000000E+00 -0.85442662E-33
  0.56932966E+14  0.00000000E+00 -0.84891731E-33
  0.57006428E+14  0.00000000E+00 -0.84345409E-33
  0.57079890E+14  0.00000000E+00 -0.83803650E-33
  0.57153352E+14  0.00000000E+00 -0.83266407E-33
  0.57226814E+14  0.00000000E+00 -0.82733634E-33
  0.57300275E+14  0.00000000E+00 -0.82205284E-33
  0.57373737E+14  0.00000000E+00 -0.81681313E-33
  0.57447199E+14  0.00000000E+00 -0.81161676E-33
  0.57520661E+14  0.00000000E+00 -0.80646329E-33
  0.57594123E+14  0.00000000E+00 -0.80135228E-33
  0.57667585E+14  0.00000000E+00 -0.79628330E-33
  0.57741047E+14  0.00000000E+00 -0.79125594E-33
  0.57814509E+14  0.00000000E+00 -0.78626976E-33
  0.57887971E+14  0.00000000E+00 -0.78132435E-33
  0.57961433E+14  0.00000000E+00 -0.77641930E-33
  0.58034894E+14  0.00000000E+00 -0.77155421E-33
  0.58108356E+14  0.00000000E+00 -0.76672867E-33
  0.58181818E+14  0.00000000E+00 -0.76194229E-33
  0.58255280E+14  0.00000000E+00 -0.75719469E-33
  0.58328742E+14  0.00000000E+00 -0.75248546E-33
  0.58402204E+14  0.00000000E+00 -0.74781423E-33
  0.58475666E+14  0.00000000E+00 -0.74318062E-33
  0.58549128E+14  0.00000000E+00 -0.73858426E-33
  0.58622590E+14  0.00000000E+00 -0.73402477E-33
  0.58696051E+14  0.00000000E+00 -0.72950180E-33
  0.58769513E+14  0.00000000E+00 -0.72501499E-33
  0.58842975E+14  0.00000000E+00 -0.72056397E-33
  0.58916437E+14  0.00000000E+00 -0.71614840E-33
  0.58989899E+14  0.00000000E+00 -0.71176792E-33
  0.59063361E+14  0.00000000E+00 -0.70742220E-33
  0.59136823E+14  0.00000000E+00 -0.70311089E-33
  0.59210285E+14  0.00000000E+00 -0.69883366E-33
  0.59283747E+14  0.00000000E+00 -0.69459018E-33
  0.59357208E+14  0.00000000E+00 -0.69038011E-33
  0.59430670E+14  0.00000000E+00 -0.68620314E-33
  0.59504132E+14  0.00000000E+00 -0.68205893E-33
  0.59577594E+14  0.00000000E+00 -0.67794718E-33
  0.59651056E+14  0.00000000E+00 -0.67386758E-33
  0.59724518E+14  0.00000000E+00 -0.66981980E-33
  0.59797980E+14  0.00000000E+00 -0.66580355E-33
  0.59871442E+14  0.00000000E+00 -0.66181852E-33
  0.59944904E+14  0.00000000E+00 -0.65786442E-33
  0.60018365E+14  0.00000000E+00 -0.65394094E-33
  0.60091827E+14  0.00000000E+00 -0.65004779E-33
  0.60165289E+14  0.00000000E+00 -0.64618469E-33
  0.60238751E+14  0.00000000E+00 -0.64235135E-33
  0.60312213E+14  0.00000000E+00 -0.63854748E-33
  0.60385675E+14  0.00000000E+00 -0.63477281E-33
  0.60459137E+14  0.00000000E+00 -0.63102706E-33
  0.60532599E+14  0.00000000E+00 -0.62730996E-33
  0.60606061E+14  0.00000000E+00 -0.62362123E-33
  0.60679522E+14  0.00000000E+00 -0.61996061E-33
  0.60752984E+14  0.00000000E+00 -0.61632784E-33
  0.60826446E+14  0.00000000E+00 -0.61272265E-33
  0.60899908E+14  0.00000000E+00 -0.60914478E-33
  0.60973370E+14  0.00000000E+00 -0.60559398E-33
  0.61046832E+14  0.00000000E+00 -0.60207000E-33
  0.61120294E+14  0.00000000E+00 -0.59857258E-33
  0.61193756E+14  0.00000000E+00 -0.59510148E-33
  0.61267218E+14  0.00000000E+00 -0.59165646E-33
  0.61340680E+14  0.00000000E+00 -0.58823727E-33
  0.61414141E+14  0.00000000E+00 -0.58484367E-33
  0.61487603E+14  0.00000000E+00 -0.58147543E-33
  0.61561065E+14  0.00000000E+00 -0.57813232E-33
  0.61634527E+14  0.00000000E+00 -0.57481409E-33
  0.61707989E+14  0.00000000E+00 -0.57152054E-33
  0.61781451E+14  0.00000000E+00 -0.56825141E-33
  0.61854913E+14  0.00000000E+00 -0.56500650E-33
  0.61928375E+14  0.00000000E+00 -0.56178559E-33
  0.62001837E+14  0.00000000E+00 -0.55858844E-33
  0.62075298E+14  0.00000000E+00 -0.55541486E-33
  0.62148760E+14  0.00000000E+00 -0.55226461E-33
  0.62222222E+14  0.00000000E+00 -0.54913750E-33
  0.62295684E+14  0.00000000E+00 -0.54603330E-33
  0.62369146E+14  0.00000000E+00 -0.54295182E-33
  0.62442608E+14  0.00000000E+00 -0.53989285E-33
  0.62516070E+14  0.00000000E+00 -0.53685618E-33
  0.62589532E+14  0.00000000E+00 -0.53384162E-33
  0.62662994E+14  0.00000000E+00 -0.53084897E-33
  0.62736455E+14  0.00000000E+00 -0.52787802E-33
  0.62809917E+14  0.00000000E+00 -0.52492859E-33
  0.62883379E+14  0.00000000E+00 -0.52200048E-33
  0.62956841E+14  0.00000000E+00 -0.51909351E-33
  0.63030303E+14  0.00000000E+00 -0.51620748E-33
  0.63103765E+14  0.00000000E+00 -0.51334220E-33
  0.63177227E+14  0.00000000E+00 -0.51049750E-33
  0.63250689E+14  0.00000000E+00 -0.50767320E-33
  0.63324151E+14  0.00000000E+00 -0.50486910E-33
  0.63397612E+14  0.00000000E+00 -0.50208504E-33
  0.63471074E+14  0.00000000E+00 -0.49932083E-33
  0.63544536E+14  0.00000000E+00 -0.49657631E-33
  0.63617998E+14  0.00000000E+00 -0.49385129E-33
  0.63691460E+14  0.00000000E+00 -0.49114562E-33
  0.63764922E+14  0.00000000E+00 -0.48845910E-33
  0.63838384E+14  0.00000000E+00 -0.48579159E-33
  0.63911846E+14  0.00000000E+00 -0.48314292E-33
  0.63985308E+14  0.00000000E+00 -0.48051291E-33
  0.64058770E+14  0.00000000E+00 -0.47790142E-33
  0.64132231E+14  0.00000000E+00 -0.47530827E-33
  0.64205693E+14  0.00000000E+00 -0.47273331E-33
  0.64279155E+14  0.00000000E+00 -0.47017638E-33
  0.64352617E+14  0.00000000E+00 -0.46763733E-33
  0.64426079E+14  0.00000000E+00 -0.46511599E-33
  0.64499541E+14  0.00000000E+00 -0.46261223E-33
  0.64573003E+14  0.00000000E+00 -0.46012588E-33
  0.64646465E+14  0.00000000E+00 -0.45765681E-33
  0.64719927E+14  0.00000000E+00 -0.45520485E-33
  0.64793388E+14  0.00000000E+00 -0.45276986E-33
  0.64866850E+14  0.00000000E+00 -0.45035171E-33
  0.64940312E+14  0.00000000E+00 -0.44795024E-33
  0.65013774E+14  0.00000000E+00 -0.44556531E-33
  0.65087236E+14  0.00000000E+00 -0.44319679E-33
  0.65160698E+14  0.00000000E+00 -0.44084453E-33
  0.65234160E+14  0.00000000E+00 -0.43850839E-33
  0.65307622E+14  0.00000000E+00 -0.43618825E-33
  0.65381084E+14  0.00000000E+00 -0.43388396E-33
  0.65454545E+14  0.00000000E+00 -0.43159539E-33
  0.65528007E+14  0.00000000E+00 -0.42932241E-33
  0.65601469E+14  0.00000000E+00 -0.42706488E-33
  0.65674931E+14  0.00000000E+00 -0.42482269E-33
  0.65748393E+14  0.00000000E+00 -0.42259569E-33
  0.65821855E+14  0.00000000E+00 -0.42038377E-33
  0.65895317E+14  0.00000000E+00 -0.41818680E-33
  0.65968779E+14  0.00000000E+00 -0.41600464E-33
  0.66042241E+14  0.00000000E+00 -0.41383719E-33
  0.66115702E+14  0.00000000E+00 -0.41168431E-33
  0.66189164E+14  0.00000000E+00 -0.40954589E-33
  0.66262626E+14  0.00000000E+00 -0.40742181E-33
  0.66336088E+14  0.00000000E+00 -0.40531194E-33
  0.66409550E+14  0.00000000E+00 -0.40321618E-33
  0.66483012E+14  0.00000000E+00 -0.40113439E-33
  0.66556474E+14  0.00000000E+00 -0.39906648E-33
  0.66629936E+14  0.00000000E+00 -0.39701233E-33
  0.66703398E+14  0.00000000E+00 -0.39497181E-33
  0.66776860E+14  0.00000000E+00 -0.39294483E-33
  0.66850321E+14  0.00000000E+00 -0.39093127E-33
  0.66923783E+14  0.00000000E+00 -0.38893102E-33
  0.66997245E+14  0.00000000E+00 -0.38694397E-33
  0.67070707E+14  0.00000000E+00 -0.38497002E-33
  0.67144169E+14  0.00000000E+00 -0.38300906E-33
  0.67217631E+14  0.00000000E+00 -0.38106098E-33
  0.67291093E+14  0.00000000E+00 -0.37912568E-33
  0.67364555E+14  0.00000000E+00 -0.37720305E-33
  0.67438017E+14  0.00000000E+00 -0.37529300E-33
  0.67511478E+14  0.00000000E+00 -0.37339542E-33
  0.67584940E+14  0.00000000E+00 -0.37151021E-33
  0.67658402E+14  0.00000000E+00 -0.36963728E-33
  0.67731864E+14  0.00000000E+00 -0.36777652E-33
  0.67805326E+14  0.00000000E+00 -0.36592783E-33
  0.67878788E+14  0.00000000E+00 -0.36409113E-33
  0.67952250E+14  0.00000000E+00 -0.36226631E-33
  0.68025712E+14  0.00000000E+00 -0.36045328E-33
  0.68099174E+14  0.00000000E+00 -0.35865195E-33
  0.68172635E+14  0.00000000E+00 -0.35686222E-33
  0.68246097E+14  0.00000000E+00 -0.35508400E-33
  0.68319559E+14  0.00000000E+00 -0.35331720E-33
  0.68393021E+14  0.00000000E+00 -0.35156173E-33
  0.68466483E+14  0.00000000E+00 -0.34981749E-33
  0.68539945E+14  0.00000000E+00 -0.34808441E-33
  0.68613407E+14  0.00000000E+00 -0.34636240E-33
  0.68686869E+14  0.00000000E+00 -0.34465136E-33
  0.68760331E+14  0.00000000E+00 -0.34295121E-33
  0.68833792E+14  0.00000000E+00 -0.34126187E-33
  0.68907254E+14  0.00000000E+00 -0.33958324E-33
  0.68980716E+14  0.00000000E+00 -0.33791526E-33
  0.69054178E+14  0.00000000E+00 -0.33625782E-33
  0.69127640E+14  0.00000000E+00 -0.33461086E-33
  0.69201102E+14  0.00000000E+00 -0.33297429E-33
  0.69274564E+14  0.00000000E+00 -0.33134803E-33
  0.69348026E+14  0.00000000E+00 -0.32973200E-33
  0.69421488E+14  0.00000000E+00 -0.32812611E-33
  0.69494949E+14  0.00000000E+00 -0.32653030E-33
  0.69568411E+14  0.00000000E+00 -0.32494449E-33
  0.69641873E+14  0.00000000E+00 -0.32336859E-33
  0.69715335E+14  0.00000000E+00 -0.32180253E-33
  0.69788797E+14  0.00000000E+00 -0.32024623E-33
  0.69862259E+14  0.00000000E+00 -0.31869963E-33
  0.69935721E+14  0.00000000E+00 -0.31716264E-33
  0.70009183E+14  0.00000000E+00 -0.31563520E-33
  0.70082645E+14  0.00000000E+00 -0.31411722E-33
  0.70156107E+14  0.00000000E+00 -0.31260864E-33
  0.70229568E+14  0.00000000E+00 -0.31110939E-33
  0.70303030E+14  0.00000000E+00 -0.30961939E-33
  0.70376492E+14  0.00000000E+00 -0.30813857E-33
  0.70449954E+14  0.00000000E+00 -0.30666687E-33
  0.70523416E+14  0.00000000E+00 -0.30520422E-33
  0.70596878E+14  0.00000000E+00 -0.30375054E-33
  0.70670340E+14  0.00000000E+00 -0.30230577E-33
  0.70743802E+14  0.00000000E+00 -0.30086985E-33
  0.70817264E+14  0.00000000E+00 -0.29944270E-33
  0.70890725E+14  0.00000000E+00 -0.29802426E-33
  0.70964187E+14  0.00000000E+00 -0.29661446E-33
  0.71037649E+14  0.00000000E+00 -0.29521325E-33
  0.71111111E+14  0.00000000E+00 -0.29382055E-33
  0.71184573E+14  0.00000000E+00 -0.29243630E-33
  0.71258035E+14  0.00000000E+00 -0.29106044E-33
  0.71331497E+14  0.00000000E+00 -0.28969290E-33
  0.71404959E+14  0.00000000E+00 -0.28833363E-33
  0.71478421E+14  0.00000000E+00 -0.28698257E-33
  0.71551882E+14  0.00000000E+00 -0.28563964E-33
  0.71625344E+14  0.00000000E+00 -0.28430480E-33
  0.71698806E+14  0.00000000E+00 -0.28297797E-33
  0.71772268E+14  0.00000000E+00 -0.28165911E-33
  0.71845730E+14  0.00000000E+00 -0.28034816E-33
  0.71919192E+14  0.00000000E+00 -0.27904505E-33
  0.71992654E+14  0.00000000E+00 -0.27774973E-33
  0.72066116E+14  0.00000000E+00 -0.27646213E-33
  0.72139578E+14  0.00000000E+00 -0.27518222E-33
  0.72213039E+14  0.00000000E+00 -0.27390992E-33
  0.72286501E+14  0.00000000E+00 -0.27264518E-33
  0.72359963E+14  0.00000000E+00 -0.27138795E-33
  0.72433425E+14  0.00000000E+00 -0.27013817E-33
  0.72506887E+14  0.00000000E+00 -0.26889578E-33
  0.72580349E+14  0.00000000E+00 -0.26766074E-33
  0.72653811E+14  0.00000000E+00 -0.26643300E-33
  0.72727273E+14  0.00000000E+00 -0.26521249E-33
  0.72800735E+14  0.00000000E+00 -0.26399916E-33
  0.72874197E+14  0.00000000E+00 -0.26279297E-33
  0.72947658E+14  0.00000000E+00 -0.26159386E-33
  0.73021120E+14  0.00000000E+00 -0.26040178E-33
  0.73094582E+14  0.00000000E+00 -0.25921668E-33
  0.73168044E+14  0.00000000E+00 -0.25803851E-33
  0.73241506E+14  0.00000000E+00 -0.25686722E-33
  0.73314968E+14  0.00000000E+00 -0.25570276E-33
  0.73388430E+14  0.00000000E+00 -0.25454508E-33
  0.73461892E+14  0.00000000E+00 -0.25339413E-33
  0.73535354E+14  0.00000000E+00 -0.25224987E-33
  0.73608815E+14  0.00000000E+00 -0.25111225E-33
  0.73682277E+14  0.00000000E+00 -0.24998122E-33
  0.73755739E+14  0.00000000E+00 -0.24885673E-33
  0.73829201E+14  0.00000000E+00 -0.24773874E-33
  0.73902663E+14  0.00000000E+00 -0.24662719E-33
  0.73976125E+14  0.00000000E+00 -0.24552206E-33
  0.74049587E+14  0.00000000E+00 -0.24442328E-33
  0.74123049E+14  0.00000000E+00 -0.24333081E-33
  0.74196511E+14  0.00000000E+00 -0.24224462E-33
  0.74269972E+14  0.00000000E+00 -0.24116465E-33
  0.74343434E+14  0.00000000E+00 -0.24009087E-33
  0.74416896E+14  0.00000000E+00 -0.23902322E-33
  0.74490358E+14  0.00000000E+00 -0.23796167E-33
  0.74563820E+14  0.00000000E+00 -0.23690617E-33
  0.74637282E+14  0.00000000E+00 -0.23585668E-33
  0.74710744E+14  0.00000000E+00 -0.23481316E-33
  0.74784206E+14  0.00000000E+00 -0.23377557E-33
  0.74857668E+14  0.00000000E+00 -0.23274386E-33
  0.74931129E+14  0.00000000E+00 -0.23171800E-33
  0.75004591E+14  0.00000000E+00 -0.23069794E-33
  0.75078053E+14  0.00000000E+00 -0.22968364E-33
  0.75151515E+14  0.00000000E+00 -0.22867507E-33
  0.75224977E+14  0.00000000E+00 -0.22767218E-33
  0.75298439E+14  0.00000000E+00 -0.22667493E-33
  0.75371901E+14  0.00000000E+00 -0.22568329E-33
  0.75445363E+14  0.00000000E+00 -0.22469722E-33
  0.75518825E+14  0.00000000E+00 -0.22371668E-33
  0.75592287E+14  0.00000000E+00 -0.22274162E-33
  0.75665748E+14  0.00000000E+00 -0.22177202E-33
  0.75739210E+14  0.00000000E+00 -0.22080784E-33
  0.75812672E+14  0.00000000E+00 -0.21984903E-33
  0.75886134E+14  0.00000000E+00 -0.21889556E-33
  0.75959596E+14  0.00000000E+00 -0.21794740E-33
  0.76033058E+14  0.00000000E+00 -0.21700451E-33
  0.76106520E+14  0.00000000E+00 -0.21606685E-33
  0.76179982E+14  0.00000000E+00 -0.21513439E-33
  0.76253444E+14  0.00000000E+00 -0.21420709E-33
  0.76326905E+14  0.00000000E+00 -0.21328492E-33
  0.76400367E+14  0.00000000E+00 -0.21236783E-33
  0.76473829E+14  0.00000000E+00 -0.21145581E-33
  0.76547291E+14  0.00000000E+00 -0.21054881E-33
  0.76620753E+14  0.00000000E+00 -0.20964680E-33
  0.76694215E+14  0.00000000E+00 -0.20874974E-33
  0.76767677E+14  0.00000000E+00 -0.20785761E-33
  0.76841139E+14  0.00000000E+00 -0.20697036E-33
  0.76914601E+14  0.00000000E+00 -0.20608798E-33
  0.76988062E+14  0.00000000E+00 -0.20521041E-33
  0.77061524E+14  0.00000000E+00 -0.20433764E-33
  0.77134986E+14  0.00000000E+00 -0.20346962E-33
  0.77208448E+14  0.00000000E+00 -0.20260634E-33
  0.77281910E+14  0.00000000E+00 -0.20174775E-33
  0.77355372E+14  0.00000000E+00 -0.20089382E-33
  0.77428834E+14  0.00000000E+00 -0.20004453E-33
  0.77502296E+14  0.00000000E+00 -0.19919984E-33
  0.77575758E+14  0.00000000E+00 -0.19835972E-33
  0.77649219E+14  0.00000000E+00 -0.19752415E-33
  0.77722681E+14  0.00000000E+00 -0.19669308E-33
  0.77796143E+14  0.00000000E+00 -0.19586650E-33
  0.77869605E+14  0.00000000E+00 -0.19504437E-33
  0.77943067E+14  0.00000000E+00 -0.19422666E-33
  0.78016529E+14  0.00000000E+00 -0.19341335E-33
  0.78089991E+14  0.00000000E+00 -0.19260440E-33
  0.78163453E+14  0.00000000E+00 -0.19179979E-33
  0.78236915E+14  0.00000000E+00 -0.19099948E-33
  0.78310376E+14  0.00000000E+00 -0.19020346E-33
  0.78383838E+14  0.00000000E+00 -0.18941168E-33
  0.78457300E+14  0.00000000E+00 -0.18862413E-33
  0.78530762E+14  0.00000000E+00 -0.18784077E-33
  0.78604224E+14  0.00000000E+00 -0.18706158E-33
  0.78677686E+14  0.00000000E+00 -0.18628654E-33
  0.78751148E+14  0.00000000E+00 -0.18551561E-33
  0.78824610E+14  0.00000000E+00 -0.18474876E-33
  0.78898072E+14  0.00000000E+00 -0.18398598E-33
  0.78971534E+14  0.00000000E+00 -0.18322723E-33
  0.79044995E+14  0.00000000E+00 -0.18247249E-33
  0.79118457E+14  0.00000000E+00 -0.18172173E-33
  0.79191919E+14  0.00000000E+00 -0.18097492E-33
  0.79265381E+14  0.00000000E+00 -0.18023205E-33
  0.79338843E+14  0.00000000E+00 -0.17949309E-33
  0.79412305E+14  0.00000000E+00 -0.17875800E-33
  0.79485767E+14  0.00000000E+00 -0.17802678E-33
  0.79559229E+14  0.00000000E+00 -0.17729938E-33
  0.79632691E+14  0.00000000E+00 -0.17657579E-33
  0.79706152E+14  0.00000000E+00 -0.17585598E-33
  0.79779614E+14  0.00000000E+00 -0.17513993E-33
  0.79853076E+14  0.00000000E+00 -0.17442761E-33
  0.79926538E+14  0.00000000E+00 -0.17371900E-33
  0.80000000E+14  0.00000000E+00 -0.17301408E-33
