  0.73461892E+11  0.24836252E-32 -0.30830310E-31
  0.14692378E+12  0.45522999E-32 -0.29314665E-31
  0.22038567E+12  0.63634687E-32 -0.25367449E-31
  0.29384757E+12  0.27177679E-32 -0.21648479E-31
  0.36730946E+12 -0.21893957E-33 -0.25622551E-31
  0.44077135E+12  0.25670811E-32 -0.26830552E-31
  0.51423324E+12  0.35971300E-32 -0.26706994E-31
  0.58769513E+12  0.48565897E-32 -0.25077407E-31
  0.66115702E+12  0.38853969E-32 -0.23780254E-31
  0.73461892E+12  0.24408842E-32 -0.24162857E-31
  0.80808081E+12  0.28834199E-32 -0.25711042E-31
  0.88154270E+12  0.46341899E-32 -0.25948216E-31
  0.95500459E+12  0.48682599E-32 -0.24456098E-31
  0.10284665E+13  0.40367268E-32 -0.24463210E-31
  0.11019284E+13  0.42675108E-32 -0.25251535E-31
  0.11753903E+13  0.51666781E-32 -0.25443671E-31
  0.12488522E+13  0.57917468E-32 -0.24932208E-31
  0.13223140E+13  0.54480032E-32 -0.24416391E-31
  0.13957759E+13  0.52290407E-32 -0.24840669E-31
  0.14692378E+13  0.56139677E-32 -0.25622342E-31
  0.15426997E+13  0.66254685E-32 -0.25481834E-31
  0.16161616E+13  0.69834278E-32 -0.24760021E-31
  0.16896235E+13  0.64109002E-32 -0.24984616E-31
  0.17630854E+13  0.68583867E-32 -0.25539431E-31
  0.18365473E+13  0.76888801E-32 -0.25434721E-31
  0.19100092E+13  0.77759343E-32 -0.25211611E-31
  0.19834711E+13  0.77087950E-32 -0.25245048E-31
  0.20569330E+13  0.80446980E-32 -0.25615591E-31
  0.21303949E+13  0.85102951E-32 -0.25959292E-31
  0.22038567E+13  0.91835883E-32 -0.25798618E-31
  0.22773186E+13  0.94162448E-32 -0.25486541E-31
  0.23507805E+13  0.93334926E-32 -0.25810528E-31
  0.24242424E+13  0.98746670E-32 -0.26158877E-31
  0.24977043E+13  0.10489259E-31 -0.25929329E-31
  0.25711662E+13  0.10505735E-31 -0.25989458E-31
  0.26446281E+13  0.10790301E-31 -0.26434961E-31
  0.27180900E+13  0.11581611E-31 -0.26590679E-31
  0.27915519E+13  0.12157704E-31 -0.26427945E-31
  0.28650138E+13  0.12312956E-31 -0.26230509E-31
  0.29384757E+13  0.12332953E-31 -0.26476739E-31
  0.30119376E+13  0.12895802E-31 -0.27035447E-31
  0.30853994E+13  0.13884831E-31 -0.27059324E-31
  0.31588613E+13  0.14258615E-31 -0.26630805E-31
  0.32323232E+13  0.14141984E-31 -0.26904215E-31
  0.33057851E+13  0.14883858E-31 -0.27426012E-31
  0.33792470E+13  0.15797692E-31 -0.27327879E-31
  0.34527089E+13  0.16118230E-31 -0.27001539E-31
  0.35261708E+13  0.16196417E-31 -0.27179032E-31
  0.35996327E+13  0.16742591E-31 -0.27761796E-31
  0.36730946E+13  0.17930712E-31 -0.27876117E-31
  0.37465565E+13  0.18453847E-31 -0.27299750E-31
  0.38200184E+13  0.18346275E-31 -0.27463550E-31
  0.38934803E+13  0.19126630E-31 -0.28214904E-31
  0.39669421E+13  0.20450812E-31 -0.28077672E-31
  0.40404040E+13  0.20847059E-31 -0.27473729E-31
  0.41138659E+13  0.20843005E-31 -0.27658366E-31
  0.41873278E+13  0.21582128E-31 -0.28364676E-31
  0.42607897E+13  0.23044129E-31 -0.28339974E-31
  0.43342516E+13  0.23578339E-31 -0.27650223E-31
  0.44077135E+13  0.23511849E-31 -0.27867076E-31
  0.44811754E+13  0.24688442E-31 -0.28543666E-31
  0.45546373E+13  0.26145203E-31 -0.28042890E-31
  0.46280992E+13  0.26294693E-31 -0.27477338E-31
  0.47015611E+13  0.26503164E-31 -0.27980580E-31
  0.47750230E+13  0.27890418E-31 -0.28489634E-31
  0.48484848E+13  0.29348814E-31 -0.27770047E-31
  0.49219467E+13  0.29492349E-31 -0.27187832E-31
  0.49954086E+13  0.29960786E-31 -0.27916277E-31
  0.50688705E+13  0.31743368E-31 -0.27904879E-31
  0.51423324E+13  0.32538931E-31 -0.26908511E-31
  0.52157943E+13  0.32645886E-31 -0.26977864E-31
  0.52892562E+13  0.33984565E-31 -0.27506360E-31
  0.53627181E+13  0.35671707E-31 -0.26842998E-31
  0.54361800E+13  0.36031130E-31 -0.25987258E-31
  0.55096419E+13  0.36563765E-31 -0.26516797E-31
  0.55831038E+13  0.38569266E-31 -0.26351025E-31
  0.56565657E+13  0.39386023E-31 -0.25149477E-31
  0.57300275E+13  0.39698621E-31 -0.25143453E-31
  0.58034894E+13  0.41308905E-31 -0.25253380E-31
  0.58769513E+13  0.42693997E-31 -0.24225204E-31
  0.59504132E+13  0.43098789E-31 -0.23700256E-31
  0.60238751E+13  0.44497772E-31 -0.23853502E-31
  0.60973370E+13  0.46119875E-31 -0.22726277E-31
  0.61707989E+13  0.46521035E-31 -0.22004922E-31
  0.62442608E+13  0.47940109E-31 -0.21886543E-31
  0.63177227E+13  0.49323014E-31 -0.20753349E-31
  0.63911846E+13  0.50012765E-31 -0.20118677E-31
  0.64646465E+13  0.51536240E-31 -0.19657393E-31
  0.65381084E+13  0.52875886E-31 -0.18300676E-31
  0.66115702E+13  0.53439971E-31 -0.17607301E-31
  0.66850321E+13  0.55276896E-31 -0.16883165E-31
  0.67584940E+13  0.56106042E-31 -0.15258109E-31
  0.68319559E+13  0.57047406E-31 -0.14804890E-31
  0.69054178E+13  0.58764767E-31 -0.13428469E-31
  0.69788797E+13  0.59357377E-31 -0.11998999E-31
  0.70523416E+13  0.60606708E-31 -0.11158414E-31
  0.71258035E+13  0.61903420E-31 -0.94218127E-32
  0.71992654E+13  0.62634846E-31 -0.83286794E-32
  0.72727273E+13  0.64054947E-31 -0.66262150E-32
  0.73461892E+13  0.64532648E-31 -0.51738981E-32
  0.74196511E+13  0.65956546E-31 -0.35923778E-32
  0.74931129E+13  0.66372188E-31 -0.17900229E-32
  0.75665748E+13  0.67513911E-31 -0.33636645E-33
  0.76400367E+13  0.68181148E-31  0.17569825E-32
  0.77134986E+13  0.68936484E-31  0.34658452E-32
  0.77869605E+13  0.69349774E-31  0.55316209E-32
  0.78604224E+13  0.70120149E-31  0.73737854E-32
  0.79338843E+13  0.70211594E-31  0.95215043E-32
  0.80073462E+13  0.70806600E-31  0.11416535E-31
  0.80808081E+13  0.70884703E-31  0.13576360E-31
  0.81542700E+13  0.71063370E-31  0.15821302E-31
  0.82277319E+13  0.70936237E-31  0.17836480E-31
  0.83011938E+13  0.70750784E-31  0.20034378E-31
  0.83746556E+13  0.70452925E-31  0.22179418E-31
  0.84481175E+13  0.69968215E-31  0.24228336E-31
  0.85215794E+13  0.69369179E-31  0.26346562E-31
  0.85950413E+13  0.68489079E-31  0.28361978E-31
  0.86685032E+13  0.67524382E-31  0.30220018E-31
  0.87419651E+13  0.66384772E-31  0.32083326E-31
  0.88154270E+13  0.64954514E-31  0.33797794E-31
  0.88888889E+13  0.63291710E-31  0.35298391E-31
  0.89623508E+13  0.60875371E-31  0.36843826E-31
  0.90358127E+13  0.58131326E-31  0.37774840E-31
  0.91092746E+13  0.53843956E-31  0.38524515E-31
  0.91827365E+13  0.47693469E-31  0.32397231E-31
  0.92561983E+13  0.49191656E-31  0.25309374E-31
  0.93296602E+13  0.53135872E-31  0.20689005E-31
  0.94031221E+13  0.58612947E-31  0.17871153E-31
  0.94765840E+13  0.64463410E-31  0.16862920E-31
  0.95500459E+13  0.70340348E-31  0.17533772E-31
  0.96235078E+13  0.76127611E-31  0.19498100E-31
  0.96969697E+13  0.81578599E-31  0.22644307E-31
  0.97704316E+13  0.86495533E-31  0.26709724E-31
  0.98438935E+13  0.90915630E-31  0.31735277E-31
  0.99173554E+13  0.94686169E-31  0.37462134E-31
  0.99908173E+13  0.97653900E-31  0.43766413E-31
  0.10064279E+14  0.99885081E-31  0.50526575E-31
  0.10137741E+14  0.10130596E-30  0.57696538E-31
  0.10211203E+14  0.10210475E-30  0.65151274E-31
  0.10284665E+14  0.10193937E-30  0.72820777E-31
  0.10358127E+14  0.10095368E-30  0.80571292E-31
  0.10431589E+14  0.99152373E-31  0.88437597E-31
  0.10505051E+14  0.96531918E-31  0.96197249E-31
  0.10578512E+14  0.92907861E-31  0.10391806E-30
  0.10651974E+14  0.88120245E-31  0.11141844E-30
  0.10725436E+14  0.81956925E-31  0.11832179E-30
  0.10798898E+14  0.75021549E-31  0.12351582E-30
  0.10872360E+14  0.68236501E-31  0.12760155E-30
  0.10945822E+14  0.61411416E-31  0.13101849E-30
  0.11019284E+14  0.54735732E-31  0.13372464E-30
  0.11092746E+14  0.48184217E-31  0.13584601E-30
  0.11166208E+14  0.41723588E-31  0.13738740E-30
  0.11239669E+14  0.35415229E-31  0.13858849E-30
  0.11313131E+14  0.29354145E-31  0.13929570E-30
  0.11386593E+14  0.23373652E-31  0.13962272E-30
  0.11460055E+14  0.17632149E-31  0.13957065E-30
  0.11533517E+14  0.12148325E-31  0.13929727E-30
  0.11606979E+14  0.69008841E-32  0.13869406E-30
  0.11680441E+14  0.17771296E-32  0.13788629E-30
  0.11753903E+14 -0.30039833E-32  0.13681763E-30
  0.11827365E+14 -0.75895596E-32  0.13562104E-30
  0.11900826E+14 -0.11917570E-31  0.13427799E-30
  0.11974288E+14 -0.16084214E-31  0.13281532E-30
  0.12047750E+14 -0.19935017E-31  0.13122916E-30
  0.12121212E+14 -0.23595742E-31  0.12958574E-30
  0.12194674E+14 -0.27038213E-31  0.12795238E-30
  0.12268136E+14 -0.30294257E-31  0.12624057E-30
  0.12341598E+14 -0.33318843E-31  0.12455387E-30
  0.12415060E+14 -0.36139609E-31  0.12288497E-30
  0.12488522E+14 -0.38777183E-31  0.12137358E-30
  0.12561983E+14 -0.41357030E-31  0.11986124E-30
  0.12635445E+14 -0.43831996E-31  0.11848818E-30
  0.12708907E+14 -0.46116970E-31  0.11716202E-30
  0.12782369E+14 -0.48492248E-31  0.11595510E-30
  0.12855831E+14 -0.50706506E-31  0.11490560E-30
  0.12929293E+14 -0.52850412E-31  0.11391078E-30
  0.13002755E+14 -0.55063696E-31  0.11311512E-30
  0.13076217E+14 -0.57326099E-31  0.11246025E-30
  0.13149679E+14 -0.59661188E-31  0.11198233E-30
  0.13223140E+14 -0.62046709E-31  0.11171816E-30
  0.13296602E+14 -0.64723087E-31  0.11164622E-30
  0.13370064E+14 -0.67751818E-31  0.11183197E-30
  0.13443526E+14 -0.71609530E-31  0.11206024E-30
  0.13516988E+14 -0.76144847E-31  0.11130984E-30
  0.13590450E+14 -0.80120705E-31  0.11002568E-30
  0.13663912E+14 -0.83948752E-31  0.10870047E-30
  0.13737374E+14 -0.87772400E-31  0.10736245E-30
  0.13810836E+14 -0.91644873E-31  0.10599702E-30
  0.13884298E+14 -0.95600031E-31  0.10456987E-30
  0.13957759E+14 -0.99607516E-31  0.10311494E-30
  0.14031221E+14 -0.10378945E-30  0.10175842E-30
  0.14104683E+14 -0.10831783E-30  0.10035609E-30
  0.14178145E+14 -0.11312354E-30  0.98930870E-31
  0.14251607E+14 -0.11850124E-30  0.97510593E-31
  0.14325069E+14 -0.12452503E-30  0.95912803E-31
  0.14398531E+14 -0.13136442E-30  0.94255241E-31
  0.14471993E+14 -0.13973275E-30  0.92623801E-31
  0.14545455E+14 -0.15133077E-30  0.91386464E-31
  0.14618916E+14 -0.18573338E-30  0.73602740E-31
  0.14692378E+14 -0.16702311E-30  0.49528694E-31
  0.14765840E+14 -0.16457600E-30  0.41808293E-31
  0.14839302E+14 -0.16325269E-30  0.34221670E-31
  0.14912764E+14 -0.16264445E-30  0.26817055E-31
  0.14986226E+14 -0.16137761E-30  0.20127745E-31
  0.15059688E+14 -0.16018678E-30  0.13199432E-31
  0.15133150E+14 -0.15923278E-30  0.69559835E-32
  0.15206612E+14 -0.15788571E-30  0.43422567E-33
  0.15280073E+14 -0.15674918E-30 -0.55153388E-32
  0.15353535E+14 -0.15524979E-30 -0.11861745E-31
  0.15426997E+14 -0.15367644E-30 -0.17645046E-31
  0.15500459E+14 -0.15217569E-30 -0.23800380E-31
  0.15573921E+14 -0.15002270E-30 -0.29641245E-31
  0.15647383E+14 -0.14825034E-30 -0.35488808E-31
  0.15720845E+14 -0.14596529E-30 -0.41587073E-31
  0.15794307E+14 -0.14362206E-30 -0.47335061E-31
  0.15867769E+14 -0.14126897E-30 -0.53446866E-31
  0.15941230E+14 -0.13839305E-30 -0.59647477E-31
  0.16014692E+14 -0.13551803E-30 -0.65920924E-31
  0.16088154E+14 -0.13251903E-30 -0.73009181E-31
  0.16161616E+14 -0.12738523E-30 -0.81846116E-31
  0.16235078E+14 -0.11964501E-30 -0.88144575E-31
  0.16308540E+14 -0.11207791E-30 -0.92912843E-31
  0.16382002E+14 -0.10449476E-30 -0.96587073E-31
  0.16455464E+14 -0.97269484E-31 -0.99423763E-31
  0.16528926E+14 -0.90251568E-31 -0.10175240E-30
  0.16602388E+14 -0.83325859E-31 -0.10354581E-30
  0.16675849E+14 -0.76584330E-31 -0.10483448E-30
  0.16749311E+14 -0.70098185E-31 -0.10574469E-30
  0.16822773E+14 -0.63746275E-31 -0.10633287E-30
  0.16896235E+14 -0.57532088E-31 -0.10650013E-30
  0.16969697E+14 -0.51595205E-31 -0.10641629E-30
  0.17043159E+14 -0.45786397E-31 -0.10599116E-30
  0.17116621E+14 -0.40172093E-31 -0.10538020E-30
  0.17190083E+14 -0.34742951E-31 -0.10448482E-30
  0.17263545E+14 -0.29464739E-31 -0.10331392E-30
  0.17337006E+14 -0.24478841E-31 -0.10202412E-30
  0.17410468E+14 -0.19567335E-31 -0.10048179E-30
  0.17483930E+14 -0.14862094E-31 -0.98793902E-31
  0.17557392E+14 -0.10416303E-31 -0.96770655E-31
  0.17630854E+14 -0.61739465E-32 -0.94874407E-31
  0.17704316E+14 -0.19372631E-32 -0.92666295E-31
  0.17777778E+14  0.20108612E-32 -0.90257164E-31
  0.17851240E+14  0.56116231E-32 -0.87789565E-31
  0.17924702E+14  0.92141023E-32 -0.85328206E-31
  0.17998163E+14  0.12615403E-31 -0.82618461E-31
  0.18071625E+14  0.15762825E-31 -0.79727433E-31
  0.18145087E+14  0.18578860E-31 -0.77016342E-31
  0.18218549E+14  0.21622179E-31 -0.74089997E-31
  0.18292011E+14  0.24098066E-31 -0.70947335E-31
  0.18365473E+14  0.26481216E-31 -0.67943250E-31
  0.18438935E+14  0.28650479E-31 -0.64954153E-31
  0.18512397E+14  0.30931481E-31 -0.61737311E-31
  0.18585859E+14  0.32524773E-31 -0.58386547E-31
  0.18659320E+14  0.34206113E-31 -0.55422533E-31
  0.18732782E+14  0.35847916E-31 -0.52177632E-31
  0.18806244E+14  0.37186257E-31 -0.48786773E-31
  0.18879706E+14  0.38082629E-31 -0.45594398E-31
  0.18953168E+14  0.39222938E-31 -0.42564263E-31
  0.19026630E+14  0.40150457E-31 -0.39181892E-31
  0.19100092E+14  0.40570941E-31 -0.35885503E-31
  0.19173554E+14  0.40978169E-31 -0.32985259E-31
  0.19247016E+14  0.41568398E-31 -0.29747983E-31
  0.19320478E+14  0.41503996E-31 -0.26515870E-31
  0.19393939E+14  0.41446222E-31 -0.23631761E-31
  0.19467401E+14  0.41424670E-31 -0.20744847E-31
  0.19540863E+14  0.41190745E-31 -0.17532619E-31
  0.19614325E+14  0.40426389E-31 -0.14856879E-31
  0.19687787E+14  0.40201155E-31 -0.12163696E-31
  0.19761249E+14  0.39368535E-31 -0.92184882E-32
  0.19834711E+14  0.38386124E-31 -0.66961385E-32
  0.19908173E+14  0.37541028E-31 -0.43230086E-32
  0.19981635E+14  0.36554538E-31 -0.16077210E-32
  0.20055096E+14  0.35022322E-31  0.58961750E-33
  0.20128558E+14  0.34068061E-31  0.27303851E-32
  0.20202020E+14  0.32490537E-31  0.51054640E-32
  0.20275482E+14  0.30874274E-31  0.68764934E-32
  0.20348944E+14  0.29543069E-31  0.88610949E-32
  0.20422406E+14  0.27564642E-31  0.10746562E-31
  0.20495868E+14  0.25849565E-31  0.12136291E-31
  0.20569330E+14  0.24083465E-31  0.13873296E-31
  0.20642792E+14  0.21879517E-31  0.15030143E-31
  0.20716253E+14  0.20146869E-31  0.16393771E-31
  0.20789715E+14  0.17792180E-31  0.17235791E-31
  0.20863177E+14  0.15875958E-31  0.18264630E-31
  0.20936639E+14  0.13399712E-31  0.18816266E-31
  0.21010101E+14  0.11322610E-31  0.19340439E-31
  0.21083563E+14  0.89504418E-32  0.19462887E-31
  0.21157025E+14  0.63708027E-32  0.19379426E-31
  0.21230487E+14  0.39413938E-32  0.18933303E-31
  0.21303949E+14  0.15609079E-32  0.17868149E-31
  0.21377410E+14  0.00000000E+00  0.15137919E-31
  0.21450872E+14  0.00000000E+00  0.13644804E-31
  0.21524334E+14  0.00000000E+00  0.12729754E-31
  0.21597796E+14  0.00000000E+00  0.12107923E-31
  0.21671258E+14  0.00000000E+00  0.11682932E-31
  0.21744720E+14  0.00000000E+00  0.11407227E-31
  0.21818182E+14  0.00000000E+00  0.11254572E-31
  0.21891644E+14  0.00000000E+00  0.11210743E-31
  0.21965106E+14  0.00000000E+00  0.11270058E-31
  0.22038567E+14  0.00000000E+00  0.11434848E-31
  0.22112029E+14  0.00000000E+00  0.11717768E-31
  0.22185491E+14  0.00000000E+00  0.12149777E-31
  0.22258953E+14  0.00000000E+00  0.12807194E-31
  0.22332415E+14  0.00000000E+00  0.13954534E-31
  0.22405877E+14 -0.25541506E-32  0.15783095E-31
  0.22479339E+14 -0.34482096E-32  0.15441518E-31
  0.22552801E+14 -0.47720765E-32  0.14776165E-31
  0.22626263E+14 -0.54893167E-32  0.14616403E-31
  0.22699725E+14 -0.61832701E-32  0.14386762E-31
  0.22773186E+14 -0.67417211E-32  0.14155402E-31
  0.22846648E+14 -0.72786105E-32  0.14009544E-31
  0.22920110E+14 -0.76909200E-32  0.13814531E-31
  0.22993572E+14 -0.82433009E-32  0.13552262E-31
  0.23067034E+14 -0.89677262E-32  0.13396771E-31
  0.23140496E+14 -0.92742930E-32  0.13299569E-31
  0.23213958E+14 -0.97518209E-32  0.12946938E-31
  0.23287420E+14 -0.10424742E-31  0.12882067E-31
  0.23360882E+14 -0.10568429E-31  0.12636171E-31
  0.23434343E+14 -0.11338506E-31  0.12430773E-31
  0.23507805E+14 -0.11451038E-31  0.12310194E-31
  0.23581267E+14 -0.12107741E-31  0.11957437E-31
  0.23654729E+14 -0.12313626E-31  0.11942814E-31
  0.23728191E+14 -0.12886931E-31  0.11528208E-31
  0.23801653E+14 -0.13052470E-31  0.11538188E-31
  0.23875115E+14 -0.13647080E-31  0.11094417E-31
  0.23948577E+14 -0.13753748E-31  0.11098445E-31
  0.24022039E+14 -0.14344629E-31  0.10700174E-31
  0.24095500E+14 -0.14398927E-31  0.10606257E-31
  0.24168962E+14 -0.15019955E-31  0.10334786E-31
  0.24242424E+14 -0.14996655E-31  0.10102235E-31
  0.24315886E+14 -0.15612285E-31  0.99588138E-32
  0.24389348E+14 -0.15616586E-31  0.96167623E-32
  0.24462810E+14 -0.16079074E-31  0.95700986E-32
  0.24536272E+14 -0.16257660E-31  0.91713519E-32
  0.24609734E+14 -0.16491008E-31  0.91422652E-32
  0.24683196E+14 -0.16822298E-31  0.87758764E-32
  0.24756657E+14 -0.16925371E-31  0.87029092E-32
  0.24830119E+14 -0.17281887E-31  0.84192959E-32
  0.24903581E+14 -0.17365139E-31  0.82687005E-32
  0.24977043E+14 -0.17687635E-31  0.80711102E-32
  0.25050505E+14 -0.17759661E-31  0.78870464E-32
  0.25123967E+14 -0.18062457E-31  0.77470147E-32
  0.25197429E+14 -0.18129407E-31  0.75320203E-32
  0.25270891E+14 -0.18378703E-31  0.74790010E-32
  0.25344353E+14 -0.18501357E-31  0.72138372E-32
  0.25417815E+14 -0.18645211E-31  0.72332002E-32
  0.25491276E+14 -0.18859183E-31  0.69918145E-32
  0.25564738E+14 -0.18908949E-31  0.69950406E-32
  0.25638200E+14 -0.19161305E-31  0.68732017E-32
  0.25711662E+14 -0.19216005E-31  0.68198475E-32
  0.25785124E+14 -0.19415160E-31  0.67927842E-32
  0.25858586E+14 -0.19513200E-31  0.67740705E-32
  0.25932048E+14 -0.19717751E-31  0.67728672E-32
  0.26005510E+14 -0.19787434E-31  0.68111063E-32
  0.26078972E+14 -0.20048653E-31  0.68733747E-32
  0.26152433E+14 -0.20112362E-31  0.69477666E-32
  0.26225895E+14 -0.20387107E-31  0.70882669E-32
  0.26299357E+14 -0.20533344E-31  0.72317505E-32
  0.26372819E+14 -0.20778656E-31  0.73986731E-32
  0.26446281E+14 -0.21020751E-31  0.76745702E-32
  0.26519743E+14 -0.21304465E-31  0.78846960E-32
  0.26593205E+14 -0.21623747E-31  0.82400279E-32
  0.26666667E+14 -0.21974868E-31  0.86045617E-32
  0.26740129E+14 -0.22431122E-31  0.89661698E-32
  0.26813590E+14 -0.22903319E-31  0.94572339E-32
  0.26887052E+14 -0.23453339E-31  0.99849275E-32
  0.26960514E+14 -0.24128458E-31  0.10532537E-31
  0.27033976E+14 -0.24929170E-31  0.11203273E-31
  0.27107438E+14 -0.25906081E-31  0.11892589E-31
  0.27180900E+14 -0.26998560E-31  0.12648128E-31
  0.27254362E+14 -0.28338078E-31  0.13522319E-31
  0.27327824E+14 -0.30052743E-31  0.14432148E-31
  0.27401286E+14 -0.32189648E-31  0.15421281E-31
  0.27474747E+14 -0.35162907E-31  0.16515449E-31
  0.27548209E+14 -0.40434808E-31  0.15913909E-31
  0.27621671E+14 -0.43325510E-31  0.13006487E-31
  0.27695133E+14 -0.45317612E-31  0.10495072E-31
  0.27768595E+14 -0.46911106E-31  0.80236558E-32
  0.27842057E+14 -0.48171502E-31  0.57224788E-32
  0.27915519E+14 -0.49091174E-31  0.34527534E-32
  0.27988981E+14 -0.49918202E-31  0.12161750E-32
  0.28062443E+14 -0.50610046E-31 -0.92334828E-33
  0.28135904E+14 -0.51063789E-31 -0.30827543E-32
  0.28209366E+14 -0.51469459E-31 -0.51574285E-32
  0.28282828E+14 -0.51687752E-31 -0.71905073E-32
  0.28356290E+14 -0.51937025E-31 -0.92417498E-32
  0.28429752E+14 -0.51900730E-31 -0.11206363E-31
  0.28503214E+14 -0.51940383E-31 -0.13153157E-31
  0.28576676E+14 -0.51801046E-31 -0.15068991E-31
  0.28650138E+14 -0.51608378E-31 -0.16984013E-31
  0.28723600E+14 -0.51298155E-31 -0.18790799E-31
  0.28797062E+14 -0.50993664E-31 -0.20649412E-31
  0.28870523E+14 -0.50503902E-31 -0.22401384E-31
  0.28943985E+14 -0.50081212E-31 -0.24156220E-31
  0.29017447E+14 -0.49441377E-31 -0.25883569E-31
  0.29090909E+14 -0.48882988E-31 -0.27504327E-31
  0.29164371E+14 -0.48141286E-31 -0.29197868E-31
  0.29237833E+14 -0.47406031E-31 -0.30723711E-31
  0.29311295E+14 -0.46572404E-31 -0.32332250E-31
  0.29384757E+14 -0.45729758E-31 -0.33770655E-31
  0.29458219E+14 -0.44793360E-31 -0.35270260E-31
  0.29531680E+14 -0.43848789E-31 -0.36640610E-31
  0.29605142E+14 -0.42808310E-31 -0.38051100E-31
  0.29678604E+14 -0.41722225E-31 -0.39305578E-31
  0.29752066E+14 -0.40633770E-31 -0.40564081E-31
  0.29825528E+14 -0.39419540E-31 -0.41722183E-31
  0.29898990E+14 -0.38308528E-31 -0.42828446E-31
  0.29972452E+14 -0.37011167E-31 -0.43853171E-31
  0.30045914E+14 -0.35886671E-31 -0.44770176E-31
  0.30119376E+14 -0.34656725E-31 -0.45655008E-31
  0.30192837E+14 -0.33596987E-31 -0.46457380E-31
  0.30266299E+14 -0.32516687E-31 -0.47236658E-31
  0.30339761E+14 -0.31730649E-31 -0.48081137E-31
  0.30413223E+14 -0.30843103E-31 -0.49323651E-31
  0.30486685E+14 -0.29661535E-31 -0.50638820E-31
  0.30560147E+14 -0.28204871E-31 -0.51913061E-31
  0.30633609E+14 -0.26672650E-31 -0.53076850E-31
  0.30707071E+14 -0.24889034E-31 -0.54156443E-31
  0.30780533E+14 -0.23117093E-31 -0.55114495E-31
  0.30853994E+14 -0.21096276E-31 -0.55908046E-31
  0.30927456E+14 -0.19104359E-31 -0.56574464E-31
  0.31000918E+14 -0.16982573E-31 -0.57076880E-31
  0.31074380E+14 -0.14841584E-31 -0.57418206E-31
  0.31147842E+14 -0.12622152E-31 -0.57571873E-31
  0.31221304E+14 -0.10410802E-31 -0.57527894E-31
  0.31294766E+14 -0.82582610E-32 -0.57263195E-31
  0.31368228E+14 -0.61150100E-32 -0.56826091E-31
  0.31441690E+14 -0.41379807E-32 -0.56232993E-31
  0.31515152E+14 -0.21925559E-32 -0.55460869E-31
  0.31588613E+14 -0.33708890E-33 -0.54574974E-31
  0.31662075E+14  0.13588315E-32 -0.53539004E-31
  0.31735537E+14  0.29264989E-32 -0.52376977E-31
  0.31808999E+14  0.43995214E-32 -0.51112730E-31
  0.31882461E+14  0.56504390E-32 -0.49745358E-31
  0.31955923E+14  0.67704979E-32 -0.48280117E-31
  0.32029385E+14  0.77465382E-32 -0.46757873E-31
  0.32102847E+14  0.84761136E-32 -0.45177984E-31
  0.32176309E+14  0.89327972E-32 -0.43582334E-31
  0.32249770E+14  0.92987317E-32 -0.41956752E-31
  0.32323232E+14  0.94258770E-32 -0.40313493E-31
  0.32396694E+14  0.93135641E-32 -0.38771843E-31
  0.32470156E+14  0.89458999E-32 -0.37286150E-31
  0.32543618E+14  0.82745621E-32 -0.35880865E-31
  0.32617080E+14  0.74852559E-32 -0.34772642E-31
  0.32690542E+14  0.65847845E-32 -0.33466823E-31
  0.32764004E+14  0.49067191E-32 -0.32704918E-31
  0.32837466E+14  0.33003786E-32 -0.32427030E-31
  0.32910927E+14  0.17788786E-32 -0.32622894E-31
  0.32984389E+14  0.39815541E-33 -0.33123635E-31
  0.33057851E+14 -0.84501171E-33 -0.33887587E-31
  0.33131313E+14 -0.19198168E-32 -0.34871347E-31
  0.33204775E+14 -0.29142993E-32 -0.36157452E-31
  0.33278237E+14 -0.36339111E-32 -0.37642185E-31
  0.33351699E+14 -0.41370821E-32 -0.39311244E-31
  0.33425161E+14 -0.43172528E-32 -0.41202429E-31
  0.33498623E+14 -0.40165338E-32 -0.43089339E-31
  0.33572084E+14 -0.36150998E-32 -0.44777629E-31
  0.33645546E+14 -0.30648031E-32 -0.46526275E-31
  0.33719008E+14 -0.23427158E-32 -0.48333838E-31
  0.33792470E+14 -0.14101207E-32 -0.50157577E-31
  0.33865932E+14 -0.22437924E-33 -0.51990697E-31
  0.33939394E+14  0.11979760E-32 -0.53791523E-31
  0.34012856E+14  0.28841982E-32 -0.55535713E-31
  0.34086318E+14  0.48390243E-32 -0.57188468E-31
  0.34159780E+14  0.70474677E-32 -0.58699349E-31
  0.34233242E+14  0.95208854E-32 -0.60037862E-31
  0.34306703E+14  0.12218451E-31 -0.61157482E-31
  0.34380165E+14  0.15168269E-31 -0.61987129E-31
  0.34453627E+14  0.18272314E-31 -0.62511532E-31
  0.34527089E+14  0.21521246E-31 -0.62627434E-31
  0.34600551E+14  0.24832802E-31 -0.62320945E-31
  0.34674013E+14  0.27986091E-31 -0.61455072E-31
  0.34747475E+14  0.30668669E-31 -0.60350710E-31
  0.34820937E+14  0.33195129E-31 -0.59364396E-31
  0.34894399E+14  0.35816438E-31 -0.58221757E-31
  0.34967860E+14  0.38350885E-31 -0.56945123E-31
  0.35041322E+14  0.40866741E-31 -0.55373247E-31
  0.35114784E+14  0.43291126E-31 -0.53644214E-31
  0.35188246E+14  0.45467292E-31 -0.51574785E-31
  0.35261708E+14  0.47599216E-31 -0.49336040E-31
  0.35335170E+14  0.49114846E-31 -0.46892152E-31
  0.35408632E+14  0.50682301E-31 -0.44127858E-31
  0.35482094E+14  0.51289619E-31 -0.41652256E-31
  0.35555556E+14  0.50815698E-31 -0.38969393E-31
  0.35629017E+14  0.51243893E-31 -0.38711272E-31
  0.35702479E+14  0.52428313E-31 -0.37777091E-31
  0.35775941E+14  0.53849711E-31 -0.35990245E-31
  0.35849403E+14  0.55205515E-31 -0.34341434E-31
  0.35922865E+14  0.56104261E-31 -0.32246859E-31
  0.35996327E+14  0.57257870E-31 -0.30222819E-31
  0.36069789E+14  0.57893719E-31 -0.28131598E-31
  0.36143251E+14  0.58718973E-31 -0.25922758E-31
  0.36216713E+14  0.59162681E-31 -0.23838124E-31
  0.36290174E+14  0.59624429E-31 -0.21567414E-31
  0.36363636E+14  0.59973370E-31 -0.19495682E-31
  0.36437098E+14  0.60094703E-31 -0.17248952E-31
  0.36510560E+14  0.60320028E-31 -0.15153377E-31
  0.36584022E+14  0.60195792E-31 -0.13021795E-31
  0.36657484E+14  0.60230954E-31 -0.10889400E-31
  0.36730946E+14  0.59976589E-31 -0.88725565E-32
  0.36804408E+14  0.59738210E-31 -0.67676596E-32
  0.36877870E+14  0.59441740E-31 -0.48210498E-32
  0.36951331E+14  0.58946814E-31 -0.28075931E-32
  0.37024793E+14  0.58550027E-31 -0.87306378E-33
  0.37098255E+14  0.57893782E-31  0.97920362E-33
  0.37171717E+14  0.57304310E-31  0.28926290E-32
  0.37245179E+14  0.56627081E-31  0.46303772E-32
  0.37318641E+14  0.55774679E-31  0.64521900E-32
  0.37392103E+14  0.55081371E-31  0.81539014E-32
  0.37465565E+14  0.54093499E-31  0.97894456E-32
  0.37539027E+14  0.53223892E-31  0.11472409E-31
  0.37612489E+14  0.52262290E-31  0.12984693E-31
  0.37685950E+14  0.51131242E-31  0.14537815E-31
  0.37759412E+14  0.50129177E-31  0.16024414E-31
  0.37832874E+14  0.48968681E-31  0.17392601E-31
  0.37906336E+14  0.47714660E-31  0.18792163E-31
  0.37979798E+14  0.46593636E-31  0.20114049E-31
  0.38053260E+14  0.45288546E-31  0.21314319E-31
  0.38126722E+14  0.43917974E-31  0.22547131E-31
  0.38200184E+14  0.42685246E-31  0.23691044E-31
  0.38273646E+14  0.41295769E-31  0.24726637E-31
  0.38347107E+14  0.39799813E-31  0.25761938E-31
  0.38420569E+14  0.38396889E-31  0.26741384E-31
  0.38494031E+14  0.37000815E-31  0.27615568E-31
  0.38567493E+14  0.35452557E-31  0.28427721E-31
  0.38640955E+14  0.33844133E-31  0.29213101E-31
  0.38714417E+14  0.32304124E-31  0.29914655E-31
  0.38787879E+14  0.30783075E-31  0.30549998E-31
  0.38861341E+14  0.29213623E-31  0.31106949E-31
  0.38934803E+14  0.27582087E-31  0.31594787E-31
  0.39008264E+14  0.25905745E-31  0.32029540E-31
  0.39081726E+14  0.24225018E-31  0.32383442E-31
  0.39155188E+14  0.22562215E-31  0.32670034E-31
  0.39228650E+14  0.20869783E-31  0.32867967E-31
  0.39302112E+14  0.19214558E-31  0.33032324E-31
  0.39375574E+14  0.17562047E-31  0.33075592E-31
  0.39449036E+14  0.15789847E-31  0.33063331E-31
  0.39522498E+14  0.13907594E-31  0.32956656E-31
  0.39595960E+14  0.12273643E-31  0.32849374E-31
  0.39669421E+14  0.10358678E-31  0.32685297E-31
  0.39742883E+14  0.83259396E-32  0.32293088E-31
  0.39816345E+14  0.63552361E-32  0.31879486E-31
  0.39889807E+14  0.38700936E-32  0.32077867E-31
  0.39963269E+14  0.00000000E+00  0.27871291E-31
  0.40036731E+14  0.00000000E+00  0.25238118E-31
  0.40110193E+14  0.00000000E+00  0.23438900E-31
  0.40183655E+14  0.00000000E+00  0.22015492E-31
  0.40257117E+14  0.00000000E+00  0.20821542E-31
  0.40330579E+14  0.00000000E+00  0.19787366E-31
  0.40404040E+14  0.00000000E+00  0.18872993E-31
  0.40477502E+14  0.00000000E+00  0.18052831E-31
  0.40550964E+14  0.00000000E+00  0.17309255E-31
  0.40624426E+14  0.00000000E+00  0.16629481E-31
  0.40697888E+14  0.00000000E+00  0.16003867E-31
  0.40771350E+14  0.00000000E+00  0.15424920E-31
  0.40844812E+14  0.00000000E+00  0.14886673E-31
  0.40918274E+14  0.00000000E+00  0.14384282E-31
  0.40991736E+14  0.00000000E+00  0.13913746E-31
  0.41065197E+14  0.00000000E+00  0.13471720E-31
  0.41138659E+14  0.00000000E+00  0.13055367E-31
  0.41212121E+14  0.00000000E+00  0.12662264E-31
  0.41285583E+14  0.00000000E+00  0.12290317E-31
  0.41359045E+14  0.00000000E+00  0.11937703E-31
  0.41432507E+14  0.00000000E+00  0.11602826E-31
  0.41505969E+14  0.00000000E+00  0.11284278E-31
  0.41579431E+14  0.00000000E+00  0.10980812E-31
  0.41652893E+14  0.00000000E+00  0.10691314E-31
  0.41726354E+14  0.00000000E+00  0.10414789E-31
  0.41799816E+14  0.00000000E+00  0.10150341E-31
  0.41873278E+14  0.00000000E+00  0.98971602E-32
  0.41946740E+14  0.00000000E+00  0.96545151E-32
  0.42020202E+14  0.00000000E+00  0.94217395E-32
  0.42093664E+14  0.00000000E+00  0.91982263E-32
  0.42167126E+14  0.00000000E+00  0.89834205E-32
  0.42240588E+14  0.00000000E+00  0.87768130E-32
  0.42314050E+14  0.00000000E+00  0.85779362E-32
  0.42387511E+14  0.00000000E+00  0.83863595E-32
  0.42460973E+14  0.00000000E+00  0.82016850E-32
  0.42534435E+14  0.00000000E+00  0.80235450E-32
  0.42607897E+14  0.00000000E+00  0.78515984E-32
  0.42681359E+14  0.00000000E+00  0.76855288E-32
  0.42754821E+14  0.00000000E+00  0.75250416E-32
  0.42828283E+14  0.00000000E+00  0.73698625E-32
  0.42901745E+14  0.00000000E+00  0.72197357E-32
  0.42975207E+14  0.00000000E+00  0.70744218E-32
  0.43048669E+14  0.00000000E+00  0.69336971E-32
  0.43122130E+14  0.00000000E+00  0.67973520E-32
  0.43195592E+14  0.00000000E+00  0.66651895E-32
  0.43269054E+14  0.00000000E+00  0.65370250E-32
  0.43342516E+14  0.00000000E+00  0.64126845E-32
  0.43415978E+14  0.00000000E+00  0.62920045E-32
  0.43489440E+14  0.00000000E+00  0.61748307E-32
  0.43562902E+14  0.00000000E+00  0.60610176E-32
  0.43636364E+14  0.00000000E+00  0.59504278E-32
  0.43709826E+14  0.00000000E+00  0.58429314E-32
  0.43783287E+14  0.00000000E+00  0.57384054E-32
  0.43856749E+14  0.00000000E+00  0.56367335E-32
  0.43930211E+14  0.00000000E+00  0.55378054E-32
  0.44003673E+14  0.00000000E+00  0.54415164E-32
  0.44077135E+14  0.00000000E+00  0.53477672E-32
  0.44150597E+14  0.00000000E+00  0.52564634E-32
  0.44224059E+14  0.00000000E+00  0.51675153E-32
  0.44297521E+14  0.00000000E+00  0.50808376E-32
  0.44370983E+14  0.00000000E+00  0.49963489E-32
  0.44444444E+14  0.00000000E+00  0.49139720E-32
  0.44517906E+14  0.00000000E+00  0.48336329E-32
  0.44591368E+14  0.00000000E+00  0.47552612E-32
  0.44664830E+14  0.00000000E+00  0.46787899E-32
  0.44738292E+14  0.00000000E+00  0.46041546E-32
  0.44811754E+14  0.00000000E+00  0.45312941E-32
  0.44885216E+14  0.00000000E+00  0.44601498E-32
  0.44958678E+14  0.00000000E+00  0.43906654E-32
  0.45032140E+14  0.00000000E+00  0.43227875E-32
  0.45105601E+14  0.00000000E+00  0.42564645E-32
  0.45179063E+14  0.00000000E+00  0.41916472E-32
  0.45252525E+14  0.00000000E+00  0.41282884E-32
  0.45325987E+14  0.00000000E+00  0.40663428E-32
  0.45399449E+14  0.00000000E+00  0.40057670E-32
  0.45472911E+14  0.00000000E+00  0.39465192E-32
  0.45546373E+14  0.00000000E+00  0.38885594E-32
  0.45619835E+14  0.00000000E+00  0.38318492E-32
  0.45693297E+14  0.00000000E+00  0.37763516E-32
  0.45766758E+14  0.00000000E+00  0.37220310E-32
  0.45840220E+14  0.00000000E+00  0.36688532E-32
  0.45913682E+14  0.00000000E+00  0.36167853E-32
  0.45987144E+14  0.00000000E+00  0.35657956E-32
  0.46060606E+14  0.00000000E+00  0.35158537E-32
  0.46134068E+14  0.00000000E+00  0.34669301E-32
  0.46207530E+14  0.00000000E+00  0.34189966E-32
  0.46280992E+14  0.00000000E+00  0.33720258E-32
  0.46354454E+14  0.00000000E+00  0.33259914E-32
  0.46427916E+14  0.00000000E+00  0.32808680E-32
  0.46501377E+14  0.00000000E+00  0.32366312E-32
  0.46574839E+14  0.00000000E+00  0.31932572E-32
  0.46648301E+14  0.00000000E+00  0.31507232E-32
  0.46721763E+14  0.00000000E+00  0.31090072E-32
  0.46795225E+14  0.00000000E+00  0.30680879E-32
  0.46868687E+14  0.00000000E+00  0.30279446E-32
  0.46942149E+14  0.00000000E+00  0.29885575E-32
  0.47015611E+14  0.00000000E+00  0.29499072E-32
  0.47089073E+14  0.00000000E+00  0.29119753E-32
  0.47162534E+14  0.00000000E+00  0.28747435E-32
  0.47235996E+14  0.00000000E+00  0.28381947E-32
  0.47309458E+14  0.00000000E+00  0.28023117E-32
  0.47382920E+14  0.00000000E+00  0.27670784E-32
  0.47456382E+14  0.00000000E+00  0.27324788E-32
  0.47529844E+14  0.00000000E+00  0.26984976E-32
  0.47603306E+14  0.00000000E+00  0.26651200E-32
  0.47676768E+14  0.00000000E+00  0.26323316E-32
  0.47750230E+14  0.00000000E+00  0.26001184E-32
  0.47823691E+14  0.00000000E+00  0.25684669E-32
  0.47897153E+14  0.00000000E+00  0.25373639E-32
  0.47970615E+14  0.00000000E+00  0.25067967E-32
  0.48044077E+14  0.00000000E+00  0.24767529E-32
  0.48117539E+14  0.00000000E+00  0.24472206E-32
  0.48191001E+14  0.00000000E+00  0.24181881E-32
  0.48264463E+14  0.00000000E+00  0.23896441E-32
  0.48337925E+14  0.00000000E+00  0.23615776E-32
  0.48411387E+14  0.00000000E+00  0.23339779E-32
  0.48484848E+14  0.00000000E+00  0.23068347E-32
  0.48558310E+14  0.00000000E+00  0.22801379E-32
  0.48631772E+14  0.00000000E+00  0.22538778E-32
  0.48705234E+14  0.00000000E+00  0.22280447E-32
  0.48778696E+14  0.00000000E+00  0.22026296E-32
  0.48852158E+14  0.00000000E+00  0.21776232E-32
  0.48925620E+14  0.00000000E+00  0.21530170E-32
  0.48999082E+14  0.00000000E+00  0.21288024E-32
  0.49072544E+14  0.00000000E+00  0.21049712E-32
  0.49146006E+14  0.00000000E+00  0.20815152E-32
  0.49219467E+14  0.00000000E+00  0.20584266E-32
  0.49292929E+14  0.00000000E+00  0.20356978E-32
  0.49366391E+14  0.00000000E+00  0.20133213E-32
  0.49439853E+14  0.00000000E+00  0.19912900E-32
  0.49513315E+14  0.00000000E+00  0.19695967E-32
  0.49586777E+14  0.00000000E+00  0.19482346E-32
  0.49660239E+14  0.00000000E+00  0.19271970E-32
  0.49733701E+14  0.00000000E+00  0.19064774E-32
  0.49807163E+14  0.00000000E+00  0.18860694E-32
  0.49880624E+14  0.00000000E+00  0.18659668E-32
  0.49954086E+14  0.00000000E+00  0.18461637E-32
  0.50027548E+14  0.00000000E+00  0.18266540E-32
  0.50101010E+14  0.00000000E+00  0.18074321E-32
  0.50174472E+14  0.00000000E+00  0.17884923E-32
  0.50247934E+14  0.00000000E+00  0.17698293E-32
  0.50321396E+14  0.00000000E+00  0.17514376E-32
  0.50394858E+14  0.00000000E+00  0.17333121E-32
  0.50468320E+14  0.00000000E+00  0.17154477E-32
  0.50541781E+14  0.00000000E+00  0.16978394E-32
  0.50615243E+14  0.00000000E+00  0.16804825E-32
  0.50688705E+14  0.00000000E+00  0.16633721E-32
  0.50762167E+14  0.00000000E+00  0.16465038E-32
  0.50835629E+14  0.00000000E+00  0.16298729E-32
  0.50909091E+14  0.00000000E+00  0.16134751E-32
  0.50982553E+14  0.00000000E+00  0.15973061E-32
  0.51056015E+14  0.00000000E+00  0.15813618E-32
  0.51129477E+14  0.00000000E+00  0.15656380E-32
  0.51202938E+14  0.00000000E+00  0.15501306E-32
  0.51276400E+14  0.00000000E+00  0.15348360E-32
  0.51349862E+14  0.00000000E+00  0.15197500E-32
  0.51423324E+14  0.00000000E+00  0.15048692E-32
  0.51496786E+14  0.00000000E+00  0.14901898E-32
  0.51570248E+14  0.00000000E+00  0.14757081E-32
  0.51643710E+14  0.00000000E+00  0.14614209E-32
  0.51717172E+14  0.00000000E+00  0.14473246E-32
  0.51790634E+14  0.00000000E+00  0.14334158E-32
  0.51864096E+14  0.00000000E+00  0.14196915E-32
  0.51937557E+14  0.00000000E+00  0.14061482E-32
  0.52011019E+14  0.00000000E+00  0.13927830E-32
  0.52084481E+14  0.00000000E+00  0.13795927E-32
  0.52157943E+14  0.00000000E+00  0.13665744E-32
  0.52231405E+14  0.00000000E+00  0.13537252E-32
  0.52304867E+14  0.00000000E+00  0.13410421E-32
  0.52378329E+14  0.00000000E+00  0.13285224E-32
  0.52451791E+14  0.00000000E+00  0.13161634E-32
  0.52525253E+14  0.00000000E+00  0.13039623E-32
  0.52598714E+14  0.00000000E+00  0.12919165E-32
  0.52672176E+14  0.00000000E+00  0.12800235E-32
  0.52745638E+14  0.00000000E+00  0.12682807E-32
  0.52819100E+14  0.00000000E+00  0.12566856E-32
  0.52892562E+14  0.00000000E+00  0.12452359E-32
  0.52966024E+14  0.00000000E+00  0.12339292E-32
  0.53039486E+14  0.00000000E+00  0.12227630E-32
  0.53112948E+14  0.00000000E+00  0.12117353E-32
  0.53186410E+14  0.00000000E+00  0.12008437E-32
  0.53259871E+14  0.00000000E+00  0.11900860E-32
  0.53333333E+14  0.00000000E+00  0.11794602E-32
  0.53406795E+14  0.00000000E+00  0.11689641E-32
  0.53480257E+14  0.00000000E+00  0.11585957E-32
  0.53553719E+14  0.00000000E+00  0.11483529E-32
  0.53627181E+14  0.00000000E+00  0.11382338E-32
  0.53700643E+14  0.00000000E+00  0.11282364E-32
  0.53774105E+14  0.00000000E+00  0.11183589E-32
  0.53847567E+14  0.00000000E+00  0.11085993E-32
  0.53921028E+14  0.00000000E+00  0.10989559E-32
  0.53994490E+14  0.00000000E+00  0.10894269E-32
  0.54067952E+14  0.00000000E+00  0.10800104E-32
  0.54141414E+14  0.00000000E+00  0.10707049E-32
  0.54214876E+14  0.00000000E+00  0.10615085E-32
  0.54288338E+14  0.00000000E+00  0.10524197E-32
  0.54361800E+14  0.00000000E+00  0.10434368E-32
  0.54435262E+14  0.00000000E+00  0.10345582E-32
  0.54508724E+14  0.00000000E+00  0.10257823E-32
  0.54582185E+14  0.00000000E+00  0.10171077E-32
  0.54655647E+14  0.00000000E+00  0.10085327E-32
  0.54729109E+14  0.00000000E+00  0.10000560E-32
  0.54802571E+14  0.00000000E+00  0.99167607E-33
  0.54876033E+14  0.00000000E+00  0.98339146E-33
  0.54949495E+14  0.00000000E+00  0.97520080E-33
  0.55022957E+14  0.00000000E+00  0.96710271E-33
  0.55096419E+14  0.00000000E+00  0.95909583E-33
  0.55169881E+14  0.00000000E+00  0.95117885E-33
  0.55243343E+14  0.00000000E+00  0.94335046E-33
  0.55316804E+14  0.00000000E+00  0.93560939E-33
  0.55390266E+14  0.00000000E+00  0.92795437E-33
  0.55463728E+14  0.00000000E+00  0.92038418E-33
  0.55537190E+14  0.00000000E+00  0.91289761E-33
  0.55610652E+14  0.00000000E+00  0.90549347E-33
  0.55684114E+14  0.00000000E+00  0.89817058E-33
  0.55757576E+14  0.00000000E+00  0.89092780E-33
  0.55831038E+14  0.00000000E+00  0.88376401E-33
  0.55904500E+14  0.00000000E+00  0.87667809E-33
  0.55977961E+14  0.00000000E+00  0.86966896E-33
  0.56051423E+14  0.00000000E+00  0.86273554E-33
  0.56124885E+14  0.00000000E+00  0.85587679E-33
  0.56198347E+14  0.00000000E+00  0.84909166E-33
  0.56271809E+14  0.00000000E+00  0.84237916E-33
  0.56345271E+14  0.00000000E+00  0.83573827E-33
  0.56418733E+14  0.00000000E+00  0.82916801E-33
  0.56492195E+14  0.00000000E+00  0.82266743E-33
  0.56565657E+14  0.00000000E+00  0.81623557E-33
  0.56639118E+14  0.00000000E+00  0.80987150E-33
  0.56712580E+14  0.00000000E+00  0.80357430E-33
  0.56786042E+14  0.00000000E+00  0.79734307E-33
  0.56859504E+14  0.00000000E+00  0.79117693E-33
  0.56932966E+14  0.00000000E+00  0.78507500E-33
  0.57006428E+14  0.00000000E+00  0.77903643E-33
  0.57079890E+14  0.00000000E+00  0.77306037E-33
  0.57153352E+14  0.00000000E+00  0.76714599E-33
  0.57226814E+14  0.00000000E+00  0.76129248E-33
  0.57300275E+14  0.00000000E+00  0.75549904E-33
  0.57373737E+14  0.00000000E+00  0.74976487E-33
  0.57447199E+14  0.00000000E+00  0.74408920E-33
  0.57520661E+14  0.00000000E+00  0.73847127E-33
  0.57594123E+14  0.00000000E+00  0.73291032E-33
  0.57667585E+14  0.00000000E+00  0.72740561E-33
  0.57741047E+14  0.00000000E+00  0.72195642E-33
  0.57814509E+14  0.00000000E+00  0.71656203E-33
  0.57887971E+14  0.00000000E+00  0.71122173E-33
  0.57961433E+14  0.00000000E+00  0.70593484E-33
  0.58034894E+14  0.00000000E+00  0.70070067E-33
  0.58108356E+14  0.00000000E+00  0.69551854E-33
  0.58181818E+14  0.00000000E+00  0.69038780E-33
  0.58255280E+14  0.00000000E+00  0.68530779E-33
  0.58328742E+14  0.00000000E+00  0.68027787E-33
  0.58402204E+14  0.00000000E+00  0.67529742E-33
  0.58475666E+14  0.00000000E+00  0.67036582E-33
  0.58549128E+14  0.00000000E+00  0.66548244E-33
  0.58622590E+14  0.00000000E+00  0.66064669E-33
  0.58696051E+14  0.00000000E+00  0.65585798E-33
  0.58769513E+14  0.00000000E+00  0.65111571E-33
  0.58842975E+14  0.00000000E+00  0.64641933E-33
  0.58916437E+14  0.00000000E+00  0.64176826E-33
  0.58989899E+14  0.00000000E+00  0.63716194E-33
  0.59063361E+14  0.00000000E+00  0.63259982E-33
  0.59136823E+14  0.00000000E+00  0.62808137E-33
  0.59210285E+14  0.00000000E+00  0.62360606E-33
  0.59283747E+14  0.00000000E+00  0.61917335E-33
  0.59357208E+14  0.00000000E+00  0.61478272E-33
  0.59430670E+14  0.00000000E+00  0.61043368E-33
  0.59504132E+14  0.00000000E+00  0.60612572E-33
  0.59577594E+14  0.00000000E+00  0.60185835E-33
  0.59651056E+14  0.00000000E+00  0.59763107E-33
  0.59724518E+14  0.00000000E+00  0.59344342E-33
  0.59797980E+14  0.00000000E+00  0.58929491E-33
  0.59871442E+14  0.00000000E+00  0.58518508E-33
  0.59944904E+14  0.00000000E+00  0.58111347E-33
  0.60018365E+14  0.00000000E+00  0.57707964E-33
  0.60091827E+14  0.00000000E+00  0.57308313E-33
  0.60165289E+14  0.00000000E+00  0.56912350E-33
  0.60238751E+14  0.00000000E+00  0.56520033E-33
  0.60312213E+14  0.00000000E+00  0.56131318E-33
  0.60385675E+14  0.00000000E+00  0.55746164E-33
  0.60459137E+14  0.00000000E+00  0.55364529E-33
  0.60532599E+14  0.00000000E+00  0.54986372E-33
  0.60606061E+14  0.00000000E+00  0.54611654E-33
  0.60679522E+14  0.00000000E+00  0.54240333E-33
  0.60752984E+14  0.00000000E+00  0.53872372E-33
  0.60826446E+14  0.00000000E+00  0.53507732E-33
  0.60899908E+14  0.00000000E+00  0.53146374E-33
  0.60973370E+14  0.00000000E+00  0.52788261E-33
  0.61046832E+14  0.00000000E+00  0.52433356E-33
  0.61120294E+14  0.00000000E+00  0.52081623E-33
  0.61193756E+14  0.00000000E+00  0.51733026E-33
  0.61267218E+14  0.00000000E+00  0.51387529E-33
  0.61340680E+14  0.00000000E+00  0.51045097E-33
  0.61414141E+14  0.00000000E+00  0.50705696E-33
  0.61487603E+14  0.00000000E+00  0.50369292E-33
  0.61561065E+14  0.00000000E+00  0.50035851E-33
  0.61634527E+14  0.00000000E+00  0.49705340E-33
  0.61707989E+14  0.00000000E+00  0.49377726E-33
  0.61781451E+14  0.00000000E+00  0.49052978E-33
  0.61854913E+14  0.00000000E+00  0.48731064E-33
  0.61928375E+14  0.00000000E+00  0.48411952E-33
  0.62001837E+14  0.00000000E+00  0.48095611E-33
  0.62075298E+14  0.00000000E+00  0.47782011E-33
  0.62148760E+14  0.00000000E+00  0.47471123E-33
  0.62222222E+14  0.00000000E+00  0.47162915E-33
  0.62295684E+14  0.00000000E+00  0.46857359E-33
  0.62369146E+14  0.00000000E+00  0.46554426E-33
  0.62442608E+14  0.00000000E+00  0.46254088E-33
  0.62516070E+14  0.00000000E+00  0.45956317E-33
  0.62589532E+14  0.00000000E+00  0.45661084E-33
  0.62662994E+14  0.00000000E+00  0.45368362E-33
  0.62736455E+14  0.00000000E+00  0.45078125E-33
  0.62809917E+14  0.00000000E+00  0.44790346E-33
  0.62883379E+14  0.00000000E+00  0.44504998E-33
  0.62956841E+14  0.00000000E+00  0.44222055E-33
  0.63030303E+14  0.00000000E+00  0.43941492E-33
  0.63103765E+14  0.00000000E+00  0.43663284E-33
  0.63177227E+14  0.00000000E+00  0.43387405E-33
  0.63250689E+14  0.00000000E+00  0.43113831E-33
  0.63324151E+14  0.00000000E+00  0.42842537E-33
  0.63397612E+14  0.00000000E+00  0.42573501E-33
  0.63471074E+14  0.00000000E+00  0.42306697E-33
  0.63544536E+14  0.00000000E+00  0.42042102E-33
  0.63617998E+14  0.00000000E+00  0.41779694E-33
  0.63691460E+14  0.00000000E+00  0.41519450E-33
  0.63764922E+14  0.00000000E+00  0.41261346E-33
  0.63838384E+14  0.00000000E+00  0.41005361E-33
  0.63911846E+14  0.00000000E+00  0.40751474E-33
  0.63985308E+14  0.00000000E+00  0.40499661E-33
  0.64058770E+14  0.00000000E+00  0.40249903E-33
  0.64132231E+14  0.00000000E+00  0.40002177E-33
  0.64205693E+14  0.00000000E+00  0.39756462E-33
  0.64279155E+14  0.00000000E+00  0.39512740E-33
  0.64352617E+14  0.00000000E+00  0.39270988E-33
  0.64426079E+14  0.00000000E+00  0.39031186E-33
  0.64499541E+14  0.00000000E+00  0.38793316E-33
  0.64573003E+14  0.00000000E+00  0.38557357E-33
  0.64646465E+14  0.00000000E+00  0.38323291E-33
  0.64719927E+14  0.00000000E+00  0.38091097E-33
  0.64793388E+14  0.00000000E+00  0.37860757E-33
  0.64866850E+14  0.00000000E+00  0.37632253E-33
  0.64940312E+14  0.00000000E+00  0.37405565E-33
  0.65013774E+14  0.00000000E+00  0.37180676E-33
  0.65087236E+14  0.00000000E+00  0.36957569E-33
  0.65160698E+14  0.00000000E+00  0.36736224E-33
  0.65234160E+14  0.00000000E+00  0.36516625E-33
  0.65307622E+14  0.00000000E+00  0.36298753E-33
  0.65381084E+14  0.00000000E+00  0.36082594E-33
  0.65454545E+14  0.00000000E+00  0.35868128E-33
  0.65528007E+14  0.00000000E+00  0.35655339E-33
  0.65601469E+14  0.00000000E+00  0.35444212E-33
  0.65674931E+14  0.00000000E+00  0.35234729E-33
  0.65748393E+14  0.00000000E+00  0.35026875E-33
  0.65821855E+14  0.00000000E+00  0.34820634E-33
  0.65895317E+14  0.00000000E+00  0.34615989E-33
  0.65968779E+14  0.00000000E+00  0.34412926E-33
  0.66042241E+14  0.00000000E+00  0.34211429E-33
  0.66115702E+14  0.00000000E+00  0.34011482E-33
  0.66189164E+14  0.00000000E+00  0.33813071E-33
  0.66262626E+14  0.00000000E+00  0.33616182E-33
  0.66336088E+14  0.00000000E+00  0.33420798E-33
  0.66409550E+14  0.00000000E+00  0.33226907E-33
  0.66483012E+14  0.00000000E+00  0.33034493E-33
  0.66556474E+14  0.00000000E+00  0.32843543E-33
  0.66629936E+14  0.00000000E+00  0.32654042E-33
  0.66703398E+14  0.00000000E+00  0.32465976E-33
  0.66776860E+14  0.00000000E+00  0.32279333E-33
  0.66850321E+14  0.00000000E+00  0.32094098E-33
  0.66923783E+14  0.00000000E+00  0.31910258E-33
  0.66997245E+14  0.00000000E+00  0.31727800E-33
  0.67070707E+14  0.00000000E+00  0.31546711E-33
  0.67144169E+14  0.00000000E+00  0.31366978E-33
  0.67217631E+14  0.00000000E+00  0.31188588E-33
  0.67291093E+14  0.00000000E+00  0.31011529E-33
  0.67364555E+14  0.00000000E+00  0.30835788E-33
  0.67438017E+14  0.00000000E+00  0.30661354E-33
  0.67511478E+14  0.00000000E+00  0.30488212E-33
  0.67584940E+14  0.00000000E+00  0.30316353E-33
  0.67658402E+14  0.00000000E+00  0.30145763E-33
  0.67731864E+14  0.00000000E+00  0.29976432E-33
  0.67805326E+14  0.00000000E+00  0.29808347E-33
  0.67878788E+14  0.00000000E+00  0.29641497E-33
  0.67952250E+14  0.00000000E+00  0.29475870E-33
  0.68025712E+14  0.00000000E+00  0.29311455E-33
  0.68099174E+14  0.00000000E+00  0.29148242E-33
  0.68172635E+14  0.00000000E+00  0.28986219E-33
  0.68246097E+14  0.00000000E+00  0.28825376E-33
  0.68319559E+14  0.00000000E+00  0.28665701E-33
  0.68393021E+14  0.00000000E+00  0.28507183E-33
  0.68466483E+14  0.00000000E+00  0.28349814E-33
  0.68539945E+14  0.00000000E+00  0.28193581E-33
  0.68613407E+14  0.00000000E+00  0.28038475E-33
  0.68686869E+14  0.00000000E+00  0.27884486E-33
  0.68760331E+14  0.00000000E+00  0.27731603E-33
  0.68833792E+14  0.00000000E+00  0.27579816E-33
  0.68907254E+14  0.00000000E+00  0.27429117E-33
  0.68980716E+14  0.00000000E+00  0.27279494E-33
  0.69054178E+14  0.00000000E+00  0.27130938E-33
  0.69127640E+14  0.00000000E+00  0.26983441E-33
  0.69201102E+14  0.00000000E+00  0.26836992E-33
  0.69274564E+14  0.00000000E+00  0.26691581E-33
  0.69348026E+14  0.00000000E+00  0.26547201E-33
  0.69421488E+14  0.00000000E+00  0.26403841E-33
  0.69494949E+14  0.00000000E+00  0.26261493E-33
  0.69568411E+14  0.00000000E+00  0.26120148E-33
  0.69641873E+14  0.00000000E+00  0.25979797E-33
  0.69715335E+14  0.00000000E+00  0.25840431E-33
  0.69788797E+14  0.00000000E+00  0.25702041E-33
  0.69862259E+14  0.00000000E+00  0.25564620E-33
  0.69935721E+14  0.00000000E+00  0.25428158E-33
  0.70009183E+14  0.00000000E+00  0.25292647E-33
  0.70082645E+14  0.00000000E+00  0.25158079E-33
  0.70156107E+14  0.00000000E+00  0.25024446E-33
  0.70229568E+14  0.00000000E+00  0.24891739E-33
  0.70303030E+14  0.00000000E+00  0.24759951E-33
  0.70376492E+14  0.00000000E+00  0.24629073E-33
  0.70449954E+14  0.00000000E+00  0.24499098E-33
  0.70523416E+14  0.00000000E+00  0.24370018E-33
  0.70596878E+14  0.00000000E+00  0.24241825E-33
  0.70670340E+14  0.00000000E+00  0.24114512E-33
  0.70743802E+14  0.00000000E+00  0.23988071E-33
  0.70817264E+14  0.00000000E+00  0.23862495E-33
  0.70890725E+14  0.00000000E+00  0.23737776E-33
  0.70964187E+14  0.00000000E+00  0.23613907E-33
  0.71037649E+14  0.00000000E+00  0.23490881E-33
  0.71111111E+14  0.00000000E+00  0.23368690E-33
  0.71184573E+14  0.00000000E+00  0.23247328E-33
  0.71258035E+14  0.00000000E+00  0.23126787E-33
  0.71331497E+14  0.00000000E+00  0.23007061E-33
  0.71404959E+14  0.00000000E+00  0.22888142E-33
  0.71478421E+14  0.00000000E+00  0.22770025E-33
  0.71551882E+14  0.00000000E+00  0.22652701E-33
  0.71625344E+14  0.00000000E+00  0.22536165E-33
  0.71698806E+14  0.00000000E+00  0.22420410E-33
  0.71772268E+14  0.00000000E+00  0.22305429E-33
  0.71845730E+14  0.00000000E+00  0.22191216E-33
  0.71919192E+14  0.00000000E+00  0.22077765E-33
  0.71992654E+14  0.00000000E+00  0.21965069E-33
  0.72066116E+14  0.00000000E+00  0.21853122E-33
  0.72139578E+14  0.00000000E+00  0.21741917E-33
  0.72213039E+14  0.00000000E+00  0.21631450E-33
  0.72286501E+14  0.00000000E+00  0.21521712E-33
  0.72359963E+14  0.00000000E+00  0.21412699E-33
  0.72433425E+14  0.00000000E+00  0.21304405E-33
  0.72506887E+14  0.00000000E+00  0.21196823E-33
  0.72580349E+14  0.00000000E+00  0.21089948E-33
  0.72653811E+14  0.00000000E+00  0.20983774E-33
  0.72727273E+14  0.00000000E+00  0.20878295E-33
  0.72800735E+14  0.00000000E+00  0.20773506E-33
  0.72874197E+14  0.00000000E+00  0.20669401E-33
  0.72947658E+14  0.00000000E+00  0.20565975E-33
  0.73021120E+14  0.00000000E+00  0.20463221E-33
  0.73094582E+14  0.00000000E+00  0.20361134E-33
  0.73168044E+14  0.00000000E+00  0.20259710E-33
  0.73241506E+14  0.00000000E+00  0.20158943E-33
  0.73314968E+14  0.00000000E+00  0.20058826E-33
  0.73388430E+14  0.00000000E+00  0.19959356E-33
  0.73461892E+14  0.00000000E+00  0.19860528E-33
  0.73535354E+14  0.00000000E+00  0.19762334E-33
  0.73608815E+14  0.00000000E+00  0.19664772E-33
  0.73682277E+14  0.00000000E+00  0.19567835E-33
  0.73755739E+14  0.00000000E+00  0.19471520E-33
  0.73829201E+14  0.00000000E+00  0.19375819E-33
  0.73902663E+14  0.00000000E+00  0.19280730E-33
  0.73976125E+14  0.00000000E+00  0.19186247E-33
  0.74049587E+14  0.00000000E+00  0.19092365E-33
  0.74123049E+14  0.00000000E+00  0.18999080E-33
  0.74196511E+14  0.00000000E+00  0.18906386E-33
  0.74269972E+14  0.00000000E+00  0.18814279E-33
  0.74343434E+14  0.00000000E+00  0.18722755E-33
  0.74416896E+14  0.00000000E+00  0.18631809E-33
  0.74490358E+14  0.00000000E+00  0.18541436E-33
  0.74563820E+14  0.00000000E+00  0.18451632E-33
  0.74637282E+14  0.00000000E+00  0.18362392E-33
  0.74710744E+14  0.00000000E+00  0.18273712E-33
  0.74784206E+14  0.00000000E+00  0.18185588E-33
  0.74857668E+14  0.00000000E+00  0.18098016E-33
  0.74931129E+14  0.00000000E+00  0.18010990E-33
  0.75004591E+14  0.00000000E+00  0.17924507E-33
  0.75078053E+14  0.00000000E+00  0.17838562E-33
  0.75151515E+14  0.00000000E+00  0.17753152E-33
  0.75224977E+14  0.00000000E+00  0.17668273E-33
  0.75298439E+14  0.00000000E+00  0.17583919E-33
  0.75371901E+14  0.00000000E+00  0.17500088E-33
  0.75445363E+14  0.00000000E+00  0.17416774E-33
  0.75518825E+14  0.00000000E+00  0.17333975E-33
  0.75592287E+14  0.00000000E+00  0.17251686E-33
  0.75665748E+14  0.00000000E+00  0.17169904E-33
  0.75739210E+14  0.00000000E+00  0.17088623E-33
  0.75812672E+14  0.00000000E+00  0.17007842E-33
  0.75886134E+14  0.00000000E+00  0.16927555E-33
  0.75959596E+14  0.00000000E+00  0.16847759E-33
  0.76033058E+14  0.00000000E+00  0.16768450E-33
  0.76106520E+14  0.00000000E+00  0.16689625E-33
  0.76179982E+14  0.00000000E+00  0.16611281E-33
  0.76253444E+14  0.00000000E+00  0.16533412E-33
  0.76326905E+14  0.00000000E+00  0.16456016E-33
  0.76400367E+14  0.00000000E+00  0.16379089E-33
  0.76473829E+14  0.00000000E+00  0.16302628E-33
  0.76547291E+14  0.00000000E+00  0.16226629E-33
  0.76620753E+14  0.00000000E+00  0.16151089E-33
  0.76694215E+14  0.00000000E+00  0.16076004E-33
  0.76767677E+14  0.00000000E+00  0.16001371E-33
  0.76841139E+14  0.00000000E+00  0.15927186E-33
  0.76914601E+14  0.00000000E+00  0.15853446E-33
  0.76988062E+14  0.00000000E+00  0.15780149E-33
  0.77061524E+14  0.00000000E+00  0.15707289E-33
  0.77134986E+14  0.00000000E+00  0.15634865E-33
  0.77208448E+14  0.00000000E+00  0.15562873E-33
  0.77281910E+14  0.00000000E+00  0.15491310E-33
  0.77355372E+14  0.00000000E+00  0.15420173E-33
  0.77428834E+14  0.00000000E+00  0.15349458E-33
  0.77502296E+14  0.00000000E+00  0.15279163E-33
  0.77575758E+14  0.00000000E+00  0.15209284E-33
  0.77649219E+14  0.00000000E+00  0.15139818E-33
  0.77722681E+14  0.00000000E+00  0.15070763E-33
  0.77796143E+14  0.00000000E+00  0.15002114E-33
  0.77869605E+14  0.00000000E+00  0.14933870E-33
  0.77943067E+14  0.00000000E+00  0.14866028E-33
  0.78016529E+14  0.00000000E+00  0.14798584E-33
  0.78089991E+14  0.00000000E+00  0.14731535E-33
  0.78163453E+14  0.00000000E+00  0.14664879E-33
  0.78236915E+14  0.00000000E+00  0.14598613E-33
  0.78310376E+14  0.00000000E+00  0.14532734E-33
  0.78383838E+14  0.00000000E+00  0.14467239E-33
  0.78457300E+14  0.00000000E+00  0.14402125E-33
  0.78530762E+14  0.00000000E+00  0.14337390E-33
  0.78604224E+14  0.00000000E+00  0.14273031E-33
  0.78677686E+14  0.00000000E+00  0.14209045E-33
  0.78751148E+14  0.00000000E+00  0.14145430E-33
  0.78824610E+14  0.00000000E+00  0.14082183E-33
  0.78898072E+14  0.00000000E+00  0.14019300E-33
  0.78971534E+14  0.00000000E+00  0.13956781E-33
  0.79044995E+14  0.00000000E+00  0.13894621E-33
  0.79118457E+14  0.00000000E+00  0.13832819E-33
  0.79191919E+14  0.00000000E+00  0.13771372E-33
  0.79265381E+14  0.00000000E+00  0.13710278E-33
  0.79338843E+14  0.00000000E+00  0.13649533E-33
  0.79412305E+14  0.00000000E+00  0.13589135E-33
  0.79485767E+14  0.00000000E+00  0.13529083E-33
  0.79559229E+14  0.00000000E+00  0.13469373E-33
  0.79632691E+14  0.00000000E+00  0.13410004E-33
  0.79706152E+14  0.00000000E+00  0.13350972E-33
  0.79779614E+14  0.00000000E+00  0.13292275E-33
  0.79853076E+14  0.00000000E+00  0.13233911E-33
  0.79926538E+14  0.00000000E+00  0.13175878E-33
  0.80000000E+14  0.00000000E+00  0.13118174E-33
