  0.73461892E+11  0.24836270E-32 -0.17254119E-31
  0.14692378E+12  0.45523491E-32 -0.15728087E-31
  0.22038567E+12  0.63629855E-32 -0.11756603E-31
  0.29384757E+12  0.27045709E-32 -0.80106062E-32
  0.36730946E+12 -0.23298661E-33 -0.11951447E-31
  0.44077135E+12  0.25512648E-32 -0.13113615E-31
  0.51423324E+12  0.35687694E-32 -0.12924653E-31
  0.58769513E+12  0.48221119E-32 -0.11236574E-31
  0.66115702E+12  0.38456313E-32 -0.98625139E-32
  0.73461892E+12  0.23841145E-32 -0.10146417E-31
  0.80808081E+12  0.27914354E-32 -0.11600885E-31
  0.88154270E+12  0.45185900E-32 -0.11756382E-31
  0.95500459E+12  0.47509828E-32 -0.10153049E-31
  0.10284665E+13  0.38949976E-32 -0.10028707E-31
  0.11019284E+13  0.40827819E-32 -0.10676036E-31
  0.11753903E+13  0.49325131E-32 -0.10735434E-31
  0.12488522E+13  0.55212168E-32 -0.10098409E-31
  0.13223140E+13  0.51553310E-32 -0.94205556E-32
  0.13957759E+13  0.48867444E-32 -0.96447032E-32
  0.14692378E+13  0.51684761E-32 -0.10251787E-31
  0.15426997E+13  0.61131017E-32 -0.99824433E-32
  0.16161616E+13  0.64555493E-32 -0.90753615E-32
  0.16896235E+13  0.58205491E-32 -0.90522352E-32
  0.17630854E+13  0.61506341E-32 -0.93709663E-32
  0.18365473E+13  0.68458683E-32 -0.90823788E-32
  0.19100092E+13  0.68613295E-32 -0.86866980E-32
  0.19834711E+13  0.67559576E-32 -0.84729726E-32
  0.20569330E+13  0.69767671E-32 -0.85281401E-32
  0.21303949E+13  0.72375429E-32 -0.86209846E-32
  0.22038567E+13  0.77779707E-32 -0.82883314E-32
  0.22773186E+13  0.79567706E-32 -0.77156952E-32
  0.23507805E+13  0.77367846E-32 -0.76874663E-32
  0.24242424E+13  0.80499914E-32 -0.77231522E-32
  0.24977043E+13  0.84584378E-32 -0.72857435E-32
  0.25711662E+13  0.83564121E-32 -0.70955729E-32
  0.26446281E+13  0.85243457E-32 -0.71643345E-32
  0.27180900E+13  0.90539862E-32 -0.69258097E-32
  0.27915519E+13  0.92981801E-32 -0.65179674E-32
  0.28650138E+13  0.93149477E-32 -0.61032236E-32
  0.29384757E+13  0.92338435E-32 -0.59326162E-32
  0.30119376E+13  0.94592098E-32 -0.60311213E-32
  0.30853994E+13  0.10026029E-31 -0.57617004E-32
  0.31588613E+13  0.10174849E-31 -0.51214231E-32
  0.32323232E+13  0.99312240E-32 -0.50077952E-32
  0.33057851E+13  0.10332441E-31 -0.50126314E-32
  0.33792470E+13  0.10743634E-31 -0.45445018E-32
  0.34527089E+13  0.10762131E-31 -0.40201523E-32
  0.35261708E+13  0.10660638E-31 -0.37986804E-32
  0.35996327E+13  0.10802343E-31 -0.38030707E-32
  0.36730946E+13  0.11390681E-31 -0.35455617E-32
  0.37465565E+13  0.11550732E-31 -0.27863393E-32
  0.38200184E+13  0.11224560E-31 -0.25235141E-32
  0.38934803E+13  0.11532169E-31 -0.26398381E-32
  0.39669421E+13  0.12144151E-31 -0.21012809E-32
  0.40404040E+13  0.12071579E-31 -0.13596736E-32
  0.41138659E+13  0.11832567E-31 -0.11084714E-32
  0.41873278E+13  0.12002367E-31 -0.11105859E-32
  0.42607897E+13  0.12590279E-31 -0.72674482E-33
  0.43342516E+13  0.12659863E-31  0.84318428E-34
  0.44077135E+13  0.12310541E-31  0.39642248E-33
  0.44811754E+13  0.12695969E-31  0.43066932E-33
  0.45546373E+13  0.13176421E-31  0.11717832E-32
  0.46280992E+13  0.12887634E-31  0.18638540E-32
  0.47015611E+13  0.12711996E-31  0.20119910E-32
  0.47750230E+13  0.13064943E-31  0.22039016E-32
  0.48484848E+13  0.13487286E-31  0.29657876E-32
  0.49219467E+13  0.13248023E-31  0.37332301E-32
  0.49954086E+13  0.13085772E-31  0.38395226E-32
  0.50688705E+13  0.13560751E-31  0.43083950E-32
  0.51423324E+13  0.13503624E-31  0.52296751E-32
  0.52157943E+13  0.13202916E-31  0.56228035E-32
  0.52892562E+13  0.13408548E-31  0.58972642E-32
  0.53627181E+13  0.13692444E-31  0.66230890E-32
  0.54361800E+13  0.13473527E-31  0.74539012E-32
  0.55096419E+13  0.13255289E-31  0.77664076E-32
  0.55831038E+13  0.13611206E-31  0.83267648E-32
  0.56565657E+13  0.13445597E-31  0.92912130E-32
  0.57300275E+13  0.13142124E-31  0.97745605E-32
  0.58034894E+13  0.13259664E-31  0.10287917E-31
  0.58769513E+13  0.13231287E-31  0.11121124E-31
  0.59504132E+13  0.12952687E-31  0.11830304E-31
  0.60238751E+13  0.12899444E-31  0.12346633E-31
  0.60973370E+13  0.12907308E-31  0.13256178E-31
  0.61707989E+13  0.12501238E-31  0.14048016E-31
  0.62442608E+13  0.12385989E-31  0.14667893E-31
  0.63177227E+13  0.12181251E-31  0.15549685E-31
  0.63911846E+13  0.11874275E-31  0.16284825E-31
  0.64646465E+13  0.11670996E-31  0.17055755E-31
  0.65381084E+13  0.11440279E-31  0.17965279E-31
  0.66115702E+13  0.11005895E-31  0.18834792E-31
  0.66850321E+13  0.10736170E-31  0.19657437E-31
  0.67584940E+13  0.10287714E-31  0.20628655E-31
  0.68319559E+13  0.98713853E-32  0.21470582E-31
  0.69054178E+13  0.94200733E-32  0.22414364E-31
  0.69788797E+13  0.89633818E-32  0.23359064E-31
  0.70523416E+13  0.83833369E-32  0.24360366E-31
  0.71258035E+13  0.78581177E-32  0.25320588E-31
  0.71992654E+13  0.72321445E-32  0.26388799E-31
  0.72727273E+13  0.65410278E-32  0.27409772E-31
  0.73461892E+13  0.58550206E-32  0.28492300E-31
  0.74196511E+13  0.49807358E-32  0.29575341E-31
  0.74931129E+13  0.42773053E-32  0.30625065E-31
  0.75665748E+13  0.32727402E-32  0.31825069E-31
  0.76400367E+13  0.24664328E-32  0.32913721E-31
  0.77134986E+13  0.13127421E-32  0.34205219E-31
  0.77869605E+13  0.34025988E-33  0.35355684E-31
  0.78604224E+13 -0.10247321E-32  0.36666132E-31
  0.79338843E+13 -0.21024806E-32  0.37872836E-31
  0.80073462E+13 -0.36639273E-32  0.39183228E-31
  0.80808081E+13 -0.49214258E-32  0.40577106E-31
  0.81542700E+13 -0.66138657E-32  0.41844417E-31
  0.82277319E+13 -0.83659732E-32  0.43404580E-31
  0.83011938E+13 -0.10034549E-31  0.44817526E-31
  0.83746556E+13 -0.12226347E-31  0.46278722E-31
  0.84481175E+13 -0.14527659E-31  0.47903105E-31
  0.85215794E+13 -0.16754860E-31  0.49499739E-31
  0.85950413E+13 -0.19323285E-31  0.51156410E-31
  0.86685032E+13 -0.22286122E-31  0.52915597E-31
  0.87419651E+13 -0.25644031E-31  0.54758941E-31
  0.88154270E+13 -0.29388599E-31  0.56703028E-31
  0.88888889E+13 -0.33846621E-31  0.58662065E-31
  0.89623508E+13 -0.39409449E-31  0.60943865E-31
  0.90358127E+13 -0.45948965E-31  0.62959576E-31
  0.91092746E+13 -0.55199692E-31  0.65209429E-31
  0.91827365E+13 -0.68449127E-31  0.60127856E-31
  0.92561983E+13 -0.75493773E-31  0.52202027E-31
  0.93296602E+13 -0.80092508E-31  0.44597850E-31
  0.94031221E+13 -0.83278080E-31  0.37550085E-31
  0.94765840E+13 -0.85339956E-31  0.30856136E-31
  0.95500459E+13 -0.86727319E-31  0.24504751E-31
  0.96235078E+13 -0.87410030E-31  0.18677629E-31
  0.96969697E+13 -0.87640109E-31  0.13245842E-31
  0.97704316E+13 -0.87552846E-31  0.79554821E-32
  0.98438935E+13 -0.86998879E-31  0.31502336E-32
  0.99173554E+13 -0.86223387E-31 -0.13405242E-32
  0.99908173E+13 -0.85213032E-31 -0.55076824E-32
  0.10064279E+14 -0.84040338E-31 -0.94455968E-32
  0.10137741E+14 -0.82688421E-31 -0.12940673E-31
  0.10211203E+14 -0.81252655E-31 -0.16145348E-31
  0.10284665E+14 -0.79761256E-31 -0.19060511E-31
  0.10358127E+14 -0.78303604E-31 -0.21674019E-31
  0.10431589E+14 -0.76794002E-31 -0.23988014E-31
  0.10505051E+14 -0.75519716E-31 -0.26010677E-31
  0.10578512E+14 -0.74368894E-31 -0.27780155E-31
  0.10651974E+14 -0.73527567E-31 -0.29357689E-31
  0.10725436E+14 -0.73366227E-31 -0.30973610E-31
  0.10798898E+14 -0.73388331E-31 -0.33495281E-31
  0.10872360E+14 -0.72903609E-31 -0.36281744E-31
  0.10945822E+14 -0.71986996E-31 -0.39017350E-31
  0.11019284E+14 -0.70892902E-31 -0.41692091E-31
  0.11092746E+14 -0.69630764E-31 -0.44221785E-31
  0.11166208E+14 -0.68207733E-31 -0.46600597E-31
  0.11239669E+14 -0.66725575E-31 -0.48873485E-31
  0.11313131E+14 -0.65157220E-31 -0.50992785E-31
  0.11386593E+14 -0.63566516E-31 -0.52965566E-31
  0.11460055E+14 -0.61889153E-31 -0.54801576E-31
  0.11533517E+14 -0.60314951E-31 -0.56572681E-31
  0.11606979E+14 -0.58677531E-31 -0.58167181E-31
  0.11680441E+14 -0.57066489E-31 -0.59730137E-31
  0.11753903E+14 -0.55516018E-31 -0.61133332E-31
  0.11827365E+14 -0.53943483E-31 -0.62511662E-31
  0.11900826E+14 -0.52479888E-31 -0.63783777E-31
  0.11974288E+14 -0.51000799E-31 -0.65021970E-31
  0.12047750E+14 -0.49670722E-31 -0.66200388E-31
  0.12121212E+14 -0.48295911E-31 -0.67359248E-31
  0.12194674E+14 -0.47075364E-31 -0.68522428E-31
  0.12268136E+14 -0.45829233E-31 -0.69640434E-31
  0.12341598E+14 -0.44715507E-31 -0.70816665E-31
  0.12415060E+14 -0.43652551E-31 -0.71975429E-31
  0.12488522E+14 -0.42642568E-31 -0.73296972E-31
  0.12561983E+14 -0.41656794E-31 -0.74601452E-31
  0.12635445E+14 -0.40589915E-31 -0.76053145E-31
  0.12708907E+14 -0.39670471E-31 -0.77535559E-31
  0.12782369E+14 -0.38540998E-31 -0.79075928E-31
  0.12855831E+14 -0.37468099E-31 -0.80801876E-31
  0.12929293E+14 -0.36491492E-31 -0.82533010E-31
  0.13002755E+14 -0.35274154E-31 -0.84412864E-31
  0.13076217E+14 -0.33997319E-31 -0.86418894E-31
  0.13149679E+14 -0.32621153E-31 -0.88549830E-31
  0.13223140E+14 -0.31091880E-31 -0.90862207E-31
  0.13296602E+14 -0.29319727E-31 -0.93298822E-31
  0.13370064E+14 -0.27172472E-31 -0.95921520E-31
  0.13443526E+14 -0.24179247E-31 -0.98550274E-31
  0.13516988E+14 -0.20608489E-31 -0.10010689E-30
  0.13590450E+14 -0.17668666E-31 -0.10109050E-30
  0.13663912E+14 -0.14965446E-31 -0.10204505E-30
  0.13737374E+14 -0.12396654E-31 -0.10297345E-30
  0.13810836E+14 -0.98840536E-32 -0.10385995E-30
  0.13884298E+14 -0.74260172E-32 -0.10471934E-30
  0.13957759E+14 -0.50502233E-32 -0.10555448E-30
  0.14031221E+14 -0.26958629E-32 -0.10644110E-30
  0.14104683E+14 -0.26822879E-33 -0.10722243E-30
  0.14178145E+14  0.20258127E-32 -0.10785294E-30
  0.14251607E+14  0.41801209E-32 -0.10842407E-30
  0.14325069E+14  0.60606686E-32 -0.10886278E-30
  0.14398531E+14  0.74534028E-32 -0.10928385E-30
  0.14471993E+14  0.81750173E-32 -0.10977778E-30
  0.14545455E+14  0.73437365E-32 -0.11012282E-30
  0.14618916E+14 -0.49462879E-32 -0.11963095E-30
  0.14692378E+14  0.12481850E-31 -0.13113270E-30
  0.14765840E+14  0.20227853E-31 -0.13293924E-30
  0.14839302E+14  0.27182965E-31 -0.13459558E-30
  0.14912764E+14  0.33751587E-31 -0.13585019E-30
  0.14986226E+14  0.40584465E-31 -0.13647841E-30
  0.15059688E+14  0.47445226E-31 -0.13695454E-30
  0.15133150E+14  0.54070201E-31 -0.13669565E-30
  0.15206612E+14  0.60998632E-31 -0.13633717E-30
  0.15280073E+14  0.67690918E-31 -0.13523462E-30
  0.15353535E+14  0.74609032E-31 -0.13405451E-30
  0.15426997E+14  0.81487703E-31 -0.13206617E-30
  0.15500459E+14  0.88273499E-31 -0.12995851E-30
  0.15573921E+14  0.95358664E-31 -0.12716169E-30
  0.15647383E+14  0.10205122E-30 -0.12387743E-30
  0.15720845E+14  0.10898644E-30 -0.12021653E-30
  0.15794307E+14  0.11577551E-30 -0.11569228E-30
  0.15867769E+14  0.12240326E-30 -0.11070164E-30
  0.15941230E+14  0.12911482E-30 -0.10489148E-30
  0.16014692E+14  0.13552752E-30 -0.97987929E-31
  0.16088154E+14  0.14175868E-30 -0.89686150E-31
  0.16161616E+14  0.14561236E-30 -0.78157497E-31
  0.16235078E+14  0.14535806E-30 -0.68891781E-31
  0.16308540E+14  0.14489408E-30 -0.61503525E-31
  0.16382002E+14  0.14454440E-30 -0.54911777E-31
  0.16455464E+14  0.14398340E-30 -0.48747936E-31
  0.16528926E+14  0.14339087E-30 -0.43113640E-31
  0.16602388E+14  0.14270866E-30 -0.37717149E-31
  0.16675849E+14  0.14197152E-30 -0.32630558E-31
  0.16749311E+14  0.14112245E-30 -0.27701264E-31
  0.16822773E+14  0.14018138E-30 -0.23022238E-31
  0.16896235E+14  0.13927815E-30 -0.18501107E-31
  0.16969697E+14  0.13818927E-30 -0.14138994E-31
  0.17043159E+14  0.13707693E-30 -0.98501928E-32
  0.17116621E+14  0.13581906E-30 -0.57573547E-32
  0.17190083E+14  0.13464163E-30 -0.18398517E-32
  0.17263545E+14  0.13330198E-30  0.21092944E-32
  0.17337006E+14  0.13182147E-30  0.58065568E-32
  0.17410468E+14  0.13042420E-30  0.94872159E-32
  0.17483930E+14  0.12893219E-30  0.13019623E-31
  0.17557392E+14  0.12728166E-30  0.16574814E-31
  0.17630854E+14  0.12548314E-30  0.19799405E-31
  0.17704316E+14  0.12396868E-30  0.23047527E-31
  0.17777778E+14  0.12220033E-30  0.26365544E-31
  0.17851240E+14  0.12023481E-30  0.29380605E-31
  0.17924702E+14  0.11838590E-30  0.32310989E-31
  0.17998163E+14  0.11650202E-30  0.35217670E-31
  0.18071625E+14  0.11445809E-30  0.38205467E-31
  0.18145087E+14  0.11226128E-30  0.40758182E-31
  0.18218549E+14  0.11037171E-30  0.43381341E-31
  0.18292011E+14  0.10815936E-30  0.46091237E-31
  0.18365473E+14  0.10586791E-30  0.48468453E-31
  0.18438935E+14  0.10364117E-30  0.50774910E-31
  0.18512397E+14  0.10143584E-30  0.53071728E-31
  0.18585859E+14  0.98995431E-31  0.55453188E-31
  0.18659320E+14  0.96542585E-31  0.57318821E-31
  0.18732782E+14  0.94394836E-31  0.59346560E-31
  0.18806244E+14  0.91857237E-31  0.61455653E-31
  0.18879706E+14  0.89223268E-31  0.63260143E-31
  0.18953168E+14  0.86806567E-31  0.64809287E-31
  0.19026630E+14  0.84504721E-31  0.66622289E-31
  0.19100092E+14  0.81643578E-31  0.68343451E-31
  0.19173554E+14  0.79037503E-31  0.69538498E-31
  0.19247016E+14  0.76652367E-31  0.71049415E-31
  0.19320478E+14  0.73868517E-31  0.72491040E-31
  0.19393939E+14  0.71100022E-31  0.73544154E-31
  0.19467401E+14  0.68586381E-31  0.74548734E-31
  0.19540863E+14  0.65940103E-31  0.75867072E-31
  0.19614325E+14  0.62962695E-31  0.76627058E-31
  0.19687787E+14  0.60559406E-31  0.77352721E-31
  0.19761249E+14  0.57738792E-31  0.78347735E-31
  0.19834711E+14  0.54858948E-31  0.78870520E-31
  0.19908173E+14  0.52264533E-31  0.79285941E-31
  0.19981635E+14  0.49608857E-31  0.79993353E-31
  0.20055096E+14  0.46549448E-31  0.80241281E-31
  0.20128558E+14  0.44182940E-31  0.80364002E-31
  0.20202020E+14  0.41276408E-31  0.80800425E-31
  0.20275482E+14  0.38475848E-31  0.80615283E-31
  0.20348944E+14  0.35995329E-31  0.80680128E-31
  0.20422406E+14  0.33045632E-31  0.80658063E-31
  0.20495868E+14  0.30409427E-31  0.80161146E-31
  0.20569330E+14  0.27827046E-31  0.80062443E-31
  0.20642792E+14  0.24906384E-31  0.79401828E-31
  0.20716253E+14  0.22525049E-31  0.78983467E-31
  0.20789715E+14  0.19617527E-31  0.78089191E-31
  0.20863177E+14  0.17232237E-31  0.77428624E-31
  0.20936639E+14  0.14360333E-31  0.76321456E-31
  0.21010101E+14  0.11954903E-31  0.75246073E-31
  0.21083563E+14  0.93255595E-32  0.73822979E-31
  0.21157025E+14  0.65638711E-32  0.72247296E-31
  0.21230487E+14  0.40119812E-32  0.70370049E-31
  0.21303949E+14  0.15695560E-32  0.67944652E-31
  0.21377410E+14  0.00000000E+00  0.63943235E-31
  0.21450872E+14  0.00000000E+00  0.61268779E-31
  0.21524334E+14  0.00000000E+00  0.59234876E-31
  0.21597796E+14  0.00000000E+00  0.57544792E-31
  0.21671258E+14  0.00000000E+00  0.56094223E-31
  0.21744720E+14  0.00000000E+00  0.54829440E-31
  0.21818182E+14  0.00000000E+00  0.53718981E-31
  0.21891644E+14  0.00000000E+00  0.52743910E-31
  0.21965106E+14  0.00000000E+00  0.51894045E-31
  0.22038567E+14  0.00000000E+00  0.51167146E-31
  0.22112029E+14  0.00000000E+00  0.50570874E-31
  0.22185491E+14  0.00000000E+00  0.50130204E-31
  0.22258953E+14  0.00000000E+00  0.49913292E-31
  0.22332415E+14  0.00000000E+00  0.50170763E-31
  0.22405877E+14 -0.25449580E-32  0.51047284E-31
  0.22479339E+14 -0.32991002E-32  0.49718281E-31
  0.22552801E+14 -0.43733399E-32  0.48139146E-31
  0.22626263E+14 -0.48375837E-32  0.47109026E-31
  0.22699725E+14 -0.52341120E-32  0.46067325E-31
  0.22773186E+14 -0.54466222E-32  0.45069436E-31
  0.22846648E+14 -0.56296492E-32  0.44176381E-31
  0.22920110E+14 -0.57344877E-32  0.43286514E-31
  0.22993572E+14 -0.59209513E-32  0.42409642E-31
  0.23067034E+14 -0.61428051E-32  0.41639521E-31
  0.23140496E+14 -0.61188991E-32  0.40922496E-31
  0.23213958E+14 -0.61824056E-32  0.40121401E-31
  0.23287420E+14 -0.63232349E-32  0.39498552E-31
  0.23360882E+14 -0.61944252E-32  0.38820483E-31
  0.23434343E+14 -0.63287249E-32  0.38200745E-31
  0.23507805E+14 -0.61626957E-32  0.37640708E-31
  0.23581267E+14 -0.62155846E-32  0.37021040E-31
  0.23654729E+14 -0.60941566E-32  0.36571737E-31
  0.23728191E+14 -0.60768610E-32  0.35998758E-31
  0.23801653E+14 -0.59175628E-32  0.35606664E-31
  0.23875115E+14 -0.58988355E-32  0.35089413E-31
  0.23948577E+14 -0.57116959E-32  0.34756286E-31
  0.24022039E+14 -0.56540342E-32  0.34313756E-31
  0.24095500E+14 -0.54640048E-32  0.34001447E-31
  0.24168962E+14 -0.53915690E-32  0.33664598E-31
  0.24242424E+14 -0.51699843E-32  0.33368823E-31
  0.24315886E+14 -0.50904845E-32  0.33117380E-31
  0.24389348E+14 -0.48697545E-32  0.32864966E-31
  0.24462810E+14 -0.47460077E-32  0.32681270E-31
  0.24536272E+14 -0.45587143E-32  0.32485270E-31
  0.24609734E+14 -0.43869193E-32  0.32357807E-31
  0.24683196E+14 -0.42243018E-32  0.32227114E-31
  0.24756657E+14 -0.40359976E-32  0.32156419E-31
  0.24830119E+14 -0.38708991E-32  0.32094536E-31
  0.24903581E+14 -0.36903904E-32  0.32078723E-31
  0.24977043E+14 -0.35169426E-32  0.32086161E-31
  0.25050505E+14 -0.33532381E-32  0.32132547E-31
  0.25123967E+14 -0.31769708E-32  0.32209008E-31
  0.25197429E+14 -0.30303092E-32  0.32323672E-31
  0.25270891E+14 -0.28649468E-32  0.32466144E-31
  0.25344353E+14 -0.27273809E-32  0.32656380E-31
  0.25417815E+14 -0.25915986E-32  0.32864295E-31
  0.25491276E+14 -0.24637827E-32  0.33134329E-31
  0.25564738E+14 -0.23680959E-32  0.33414859E-31
  0.25638200E+14 -0.22582223E-32  0.33761501E-31
  0.25711662E+14 -0.22049254E-32  0.34126663E-31
  0.25785124E+14 -0.21302193E-32  0.34549016E-31
  0.25858586E+14 -0.21214039E-32  0.35001645E-31
  0.25932048E+14 -0.20982363E-32  0.35506958E-31
  0.26005510E+14 -0.21439124E-32  0.36049997E-31
  0.26078972E+14 -0.21846772E-32  0.36642230E-31
  0.26152433E+14 -0.23006417E-32  0.37283884E-31
  0.26225895E+14 -0.24238885E-32  0.37965603E-31
  0.26299357E+14 -0.26233829E-32  0.38707733E-31
  0.26372819E+14 -0.28475414E-32  0.39493499E-31
  0.26446281E+14 -0.31637339E-32  0.40330288E-31
  0.26519743E+14 -0.35059056E-32  0.41229737E-31
  0.26593205E+14 -0.39622325E-32  0.42170073E-31
  0.26666667E+14 -0.44733777E-32  0.43186360E-31
  0.26740129E+14 -0.50817662E-32  0.44230787E-31
  0.26813590E+14 -0.58291756E-32  0.45355944E-31
  0.26887052E+14 -0.66488513E-32  0.46543333E-31
  0.26960514E+14 -0.76273166E-32  0.47773673E-31
  0.27033976E+14 -0.88036290E-32  0.49075655E-31
  0.27107438E+14 -0.10179690E-31  0.50432570E-31
  0.27180900E+14 -0.11751695E-31  0.51840579E-31
  0.27254362E+14 -0.13628178E-31  0.53315284E-31
  0.27327824E+14 -0.15876680E-31  0.54840443E-31
  0.27401286E+14 -0.18640831E-31  0.56385322E-31
  0.27474747E+14 -0.22321886E-31  0.57975567E-31
  0.27548209E+14 -0.28275992E-31  0.57860282E-31
  0.27621671E+14 -0.31887257E-31  0.55305097E-31
  0.27695133E+14 -0.34617438E-31  0.53078277E-31
  0.27768595E+14 -0.36867369E-31  0.50914601E-31
  0.27842057E+14 -0.38803865E-31  0.48864428E-31
  0.27915519E+14 -0.40383538E-31  0.46814442E-31
  0.27988981E+14 -0.41899390E-31  0.44816433E-31
  0.28062443E+14 -0.43244449E-31  0.42861867E-31
  0.28135904E+14 -0.44319991E-31  0.40861476E-31
  0.28209366E+14 -0.45422987E-31  0.38966410E-31
  0.28282828E+14 -0.46259810E-31  0.37073332E-31
  0.28356290E+14 -0.47165725E-31  0.35139414E-31
  0.28429752E+14 -0.47774924E-31  0.33319168E-31
  0.28503214E+14 -0.48425706E-31  0.31460379E-31
  0.28576676E+14 -0.48932573E-31  0.29671263E-31
  0.28650138E+14 -0.49422446E-31  0.27819795E-31
  0.28723600E+14 -0.49701123E-31  0.26076811E-31
  0.28797062E+14 -0.50071505E-31  0.24337125E-31
  0.28870523E+14 -0.50235518E-31  0.22610345E-31
  0.28943985E+14 -0.50451267E-31  0.20885318E-31
  0.29017447E+14 -0.50438918E-31  0.19227783E-31
  0.29090909E+14 -0.50539704E-31  0.17600359E-31
  0.29164371E+14 -0.50500909E-31  0.15997460E-31
  0.29237833E+14 -0.50467735E-31  0.14406498E-31
  0.29311295E+14 -0.50269248E-31  0.12815456E-31
  0.29384757E+14 -0.50108837E-31  0.11333622E-31
  0.29458219E+14 -0.49888053E-31  0.98253673E-32
  0.29531680E+14 -0.49589852E-31  0.84239777E-32
  0.29605142E+14 -0.49316644E-31  0.69418915E-32
  0.29678604E+14 -0.48924399E-31  0.56263940E-32
  0.29752066E+14 -0.48617268E-31  0.42498774E-32
  0.29825528E+14 -0.48134928E-31  0.29780184E-32
  0.29898990E+14 -0.47786691E-31  0.16730140E-32
  0.29972452E+14 -0.47251267E-31  0.45540807E-33
  0.30045914E+14 -0.46872830E-31 -0.71827145E-33
  0.30119376E+14 -0.46359317E-31 -0.18893405E-32
  0.30192837E+14 -0.45996165E-31 -0.29945119E-32
  0.30266299E+14 -0.45543792E-31 -0.41153865E-32
  0.30339761E+14 -0.45386087E-31 -0.52602515E-32
  0.30413223E+14 -0.45007119E-31 -0.67878375E-32
  0.30486685E+14 -0.44455007E-31 -0.82933691E-32
  0.30560147E+14 -0.43602622E-31 -0.97440405E-32
  0.30633609E+14 -0.42788411E-31 -0.11051825E-31
  0.30707071E+14 -0.41743924E-31 -0.12294872E-31
  0.30780533E+14 -0.40844014E-31 -0.13426783E-31
  0.30853994E+14 -0.39709846E-31 -0.14474813E-31
  0.30927456E+14 -0.38762868E-31 -0.15432614E-31
  0.31000918E+14 -0.37648317E-31 -0.16318662E-31
  0.31074380E+14 -0.36683666E-31 -0.17175778E-31
  0.31147842E+14 -0.35636102E-31 -0.17931449E-31
  0.31221304E+14 -0.34675039E-31 -0.18754560E-31
  0.31294766E+14 -0.33704167E-31 -0.19509669E-31
  0.31368228E+14 -0.32620066E-31 -0.20320765E-31
  0.31441690E+14 -0.31637046E-31 -0.21079749E-31
  0.31515152E+14 -0.30461974E-31 -0.21802323E-31
  0.31588613E+14 -0.29357251E-31 -0.22551226E-31
  0.31662075E+14 -0.28187740E-31 -0.23187221E-31
  0.31735537E+14 -0.26947715E-31 -0.23851833E-31
  0.31808999E+14 -0.25728564E-31 -0.24471297E-31
  0.31882461E+14 -0.24426292E-31 -0.25015271E-31
  0.31955923E+14 -0.23033347E-31 -0.25528768E-31
  0.32029385E+14 -0.21675183E-31 -0.26018885E-31
  0.32102847E+14 -0.20327795E-31 -0.26422510E-31
  0.32176309E+14 -0.18739811E-31 -0.26781470E-31
  0.32249770E+14 -0.17212329E-31 -0.26995113E-31
  0.32323232E+14 -0.15639299E-31 -0.27282593E-31
  0.32396694E+14 -0.14010296E-31 -0.27367644E-31
  0.32470156E+14 -0.12318963E-31 -0.27349621E-31
  0.32543618E+14 -0.10536567E-31 -0.27263711E-31
  0.32617080E+14 -0.88080640E-32 -0.26895587E-31
  0.32690542E+14 -0.71226398E-32 -0.26769099E-31
  0.32764004E+14 -0.48121844E-32 -0.26075090E-31
  0.32837466E+14 -0.29424143E-32 -0.24917227E-31
  0.32910927E+14 -0.13731284E-32 -0.23578738E-31
  0.32984389E+14 -0.35172211E-34 -0.22155020E-31
  0.33057851E+14  0.10989385E-32 -0.20659912E-31
  0.33131313E+14  0.20216969E-32 -0.19135089E-31
  0.33204775E+14  0.27897955E-32 -0.17533076E-31
  0.33278237E+14  0.33233885E-32 -0.15939308E-31
  0.33351699E+14  0.36649988E-32 -0.14367298E-31
  0.33425161E+14  0.37794345E-32 -0.12834190E-31
  0.33498623E+14  0.36805646E-32 -0.11431026E-31
  0.33572084E+14  0.34689058E-32 -0.10229990E-31
  0.33645546E+14  0.32360206E-32 -0.91689127E-32
  0.33719008E+14  0.29685872E-32 -0.82003813E-32
  0.33792470E+14  0.26930573E-32 -0.73353766E-32
  0.33865932E+14  0.24045531E-32 -0.65483672E-32
  0.33939394E+14  0.21328531E-32 -0.58471869E-32
  0.34012856E+14  0.18906043E-32 -0.52050011E-32
  0.34086318E+14  0.16843801E-32 -0.46069291E-32
  0.34159780E+14  0.15261459E-32 -0.40267410E-32
  0.34233242E+14  0.14209102E-32 -0.34424298E-32
  0.34306703E+14  0.13613314E-32 -0.28112099E-32
  0.34380165E+14  0.13608441E-32 -0.21002876E-32
  0.34453627E+14  0.13633259E-32 -0.12764309E-32
  0.34527089E+14  0.13532862E-32 -0.28868938E-33
  0.34600551E+14  0.12397392E-32  0.92960500E-33
  0.34674013E+14  0.89078010E-33  0.24496318E-32
  0.34747475E+14 -0.14583978E-33  0.39869512E-32
  0.34820937E+14 -0.14034896E-32  0.51239320E-32
  0.34894399E+14 -0.28051193E-32  0.60600571E-32
  0.34967860E+14 -0.42831724E-32  0.68577648E-32
  0.35041322E+14 -0.58852647E-32  0.74487833E-32
  0.35114784E+14 -0.76451323E-32  0.79159855E-32
  0.35188246E+14 -0.94672059E-32  0.81546133E-32
  0.35261708E+14 -0.11519015E-31  0.82169426E-32
  0.35335170E+14 -0.13614829E-31  0.80152657E-32
  0.35408632E+14 -0.16024701E-31  0.74410063E-32
  0.35482094E+14 -0.18520400E-31  0.65741864E-32
  0.35555556E+14 -0.21328204E-31  0.48345909E-32
  0.35629017E+14 -0.23706588E-31  0.62639993E-33
  0.35702479E+14 -0.23449459E-31 -0.25343455E-32
  0.35775941E+14 -0.22922985E-31 -0.51295491E-32
  0.35849403E+14 -0.22294422E-31 -0.71664055E-32
  0.35922865E+14 -0.21432269E-31 -0.90004700E-32
  0.35996327E+14 -0.20626698E-31 -0.10549238E-31
  0.36069789E+14 -0.19593938E-31 -0.11893394E-31
  0.36143251E+14 -0.18664604E-31 -0.13125050E-31
  0.36216713E+14 -0.17632644E-31 -0.14123004E-31
  0.36290174E+14 -0.16574237E-31 -0.15075707E-31
  0.36363636E+14 -0.15568229E-31 -0.15837116E-31
  0.36437098E+14 -0.14452186E-31 -0.16537715E-31
  0.36510560E+14 -0.13448379E-31 -0.17124905E-31
  0.36584022E+14 -0.12341712E-31 -0.17597552E-31
  0.36657484E+14 -0.11327481E-31 -0.18038424E-31
  0.36730946E+14 -0.10270657E-31 -0.18329498E-31
  0.36804408E+14 -0.92290800E-32 -0.18625501E-31
  0.36877870E+14 -0.82461322E-32 -0.18778949E-31
  0.36951331E+14 -0.71942332E-32 -0.18926577E-31
  0.37024793E+14 -0.62669309E-32 -0.18981708E-31
  0.37098255E+14 -0.52532143E-32 -0.18979862E-31
  0.37171717E+14 -0.43448173E-32 -0.18949593E-31
  0.37245179E+14 -0.34118721E-32 -0.18831189E-31
  0.37318641E+14 -0.25012300E-32 -0.18699469E-31
  0.37392103E+14 -0.16449446E-32 -0.18503216E-31
  0.37465565E+14 -0.77571646E-33 -0.18258279E-31
  0.37539027E+14  0.53357441E-34 -0.17996087E-31
  0.37612489E+14  0.82952116E-33 -0.17665160E-31
  0.37685950E+14  0.16368025E-32 -0.17314278E-31
  0.37759412E+14  0.23462438E-32 -0.16935983E-31
  0.37832874E+14  0.30731679E-32 -0.16494086E-31
  0.37906336E+14  0.37735512E-32 -0.16051807E-31
  0.37979798E+14  0.44070683E-32 -0.15558286E-31
  0.38053260E+14  0.50445133E-32 -0.15034253E-31
  0.38126722E+14  0.56501142E-32 -0.14492481E-31
  0.38200184E+14  0.61989472E-32 -0.13920520E-31
  0.38273646E+14  0.67307434E-32 -0.13311209E-31
  0.38347107E+14  0.72417479E-32 -0.12686945E-31
  0.38420569E+14  0.76957381E-32 -0.12035052E-31
  0.38494031E+14  0.81166834E-32 -0.11354408E-31
  0.38567493E+14  0.85038063E-32 -0.10652138E-31
  0.38640955E+14  0.88565563E-32 -0.99265454E-32
  0.38714417E+14  0.91620627E-32 -0.91840458E-32
  0.38787879E+14  0.94131387E-32 -0.84168336E-32
  0.38861341E+14  0.96358455E-32 -0.76261355E-32
  0.38934803E+14  0.98193929E-32 -0.68224080E-32
  0.39008264E+14  0.99316519E-32 -0.59878120E-32
  0.39081726E+14  0.10000493E-31 -0.51404682E-32
  0.39155188E+14  0.10033072E-31 -0.42655798E-32
  0.39228650E+14  0.99750390E-32 -0.33854212E-32
  0.39302112E+14  0.98818365E-32 -0.24503497E-32
  0.39375574E+14  0.97287475E-32 -0.15328121E-32
  0.39449036E+14  0.94220003E-32 -0.55991795E-33
  0.39522498E+14  0.89779037E-32  0.39515321E-33
  0.39595960E+14  0.85488105E-32  0.14382080E-32
  0.39669421E+14  0.78641748E-32  0.25584615E-32
  0.39742883E+14  0.68431701E-32  0.35759054E-32
  0.39816345E+14  0.56936639E-32  0.46672288E-32
  0.39889807E+14  0.38085824E-32  0.65059011E-32
  0.39963269E+14  0.00000000E+00  0.37869756E-32
  0.40036731E+14  0.00000000E+00  0.22968992E-32
  0.40110193E+14  0.00000000E+00  0.14801668E-32
  0.40183655E+14  0.00000000E+00  0.92964223E-33
  0.40257117E+14  0.00000000E+00  0.52499745E-33
  0.40330579E+14  0.00000000E+00  0.21280120E-33
  0.40404040E+14  0.00000000E+00 -0.35683950E-34
  0.40477502E+14  0.00000000E+00 -0.23778334E-33
  0.40550964E+14  0.00000000E+00 -0.40477133E-33
  0.40624426E+14  0.00000000E+00 -0.54439871E-33
  0.40697888E+14  0.00000000E+00 -0.66221935E-33
  0.40771350E+14  0.00000000E+00 -0.76234406E-33
  0.40844812E+14  0.00000000E+00 -0.84789590E-33
  0.40918274E+14  0.00000000E+00 -0.92129899E-33
  0.40991736E+14  0.00000000E+00 -0.98446895E-33
  0.41065197E+14  0.00000000E+00 -0.10389428E-32
  0.41138659E+14  0.00000000E+00 -0.10859702E-32
  0.41212121E+14  0.00000000E+00 -0.11265785E-32
  0.41285583E+14  0.00000000E+00 -0.11616212E-32
  0.41359045E+14  0.00000000E+00 -0.11918132E-32
  0.41432507E+14  0.00000000E+00 -0.12177585E-32
  0.41505969E+14  0.00000000E+00 -0.12399707E-32
  0.41579431E+14  0.00000000E+00 -0.12588892E-32
  0.41652893E+14  0.00000000E+00 -0.12748927E-32
  0.41726354E+14  0.00000000E+00 -0.12883084E-32
  0.41799816E+14  0.00000000E+00 -0.12994212E-32
  0.41873278E+14  0.00000000E+00 -0.13084797E-32
  0.41946740E+14  0.00000000E+00 -0.13157019E-32
  0.42020202E+14  0.00000000E+00 -0.13212798E-32
  0.42093664E+14  0.00000000E+00 -0.13253827E-32
  0.42167126E+14  0.00000000E+00 -0.13281609E-32
  0.42240588E+14  0.00000000E+00 -0.13297476E-32
  0.42314050E+14  0.00000000E+00 -0.13302617E-32
  0.42387511E+14  0.00000000E+00 -0.13298093E-32
  0.42460973E+14  0.00000000E+00 -0.13284854E-32
  0.42534435E+14  0.00000000E+00 -0.13263753E-32
  0.42607897E+14  0.00000000E+00 -0.13235557E-32
  0.42681359E+14  0.00000000E+00 -0.13200955E-32
  0.42754821E+14  0.00000000E+00 -0.13160572E-32
  0.42828283E+14  0.00000000E+00 -0.13114971E-32
  0.42901745E+14  0.00000000E+00 -0.13064662E-32
  0.42975207E+14  0.00000000E+00 -0.13010107E-32
  0.43048669E+14  0.00000000E+00 -0.12951726E-32
  0.43122130E+14  0.00000000E+00 -0.12889902E-32
  0.43195592E+14  0.00000000E+00 -0.12824982E-32
  0.43269054E+14  0.00000000E+00 -0.12757284E-32
  0.43342516E+14  0.00000000E+00 -0.12687095E-32
  0.43415978E+14  0.00000000E+00 -0.12614680E-32
  0.43489440E+14  0.00000000E+00 -0.12540280E-32
  0.43562902E+14  0.00000000E+00 -0.12464117E-32
  0.43636364E+14  0.00000000E+00 -0.12386391E-32
  0.43709826E+14  0.00000000E+00 -0.12307288E-32
  0.43783287E+14  0.00000000E+00 -0.12226979E-32
  0.43856749E+14  0.00000000E+00 -0.12145617E-32
  0.43930211E+14  0.00000000E+00 -0.12063347E-32
  0.44003673E+14  0.00000000E+00 -0.11980299E-32
  0.44077135E+14  0.00000000E+00 -0.11896594E-32
  0.44150597E+14  0.00000000E+00 -0.11812342E-32
  0.44224059E+14  0.00000000E+00 -0.11727645E-32
  0.44297521E+14  0.00000000E+00 -0.11642597E-32
  0.44370983E+14  0.00000000E+00 -0.11557283E-32
  0.44444444E+14  0.00000000E+00 -0.11471782E-32
  0.44517906E+14  0.00000000E+00 -0.11386168E-32
  0.44591368E+14  0.00000000E+00 -0.11300506E-32
  0.44664830E+14  0.00000000E+00 -0.11214859E-32
  0.44738292E+14  0.00000000E+00 -0.11129282E-32
  0.44811754E+14  0.00000000E+00 -0.11043828E-32
  0.44885216E+14  0.00000000E+00 -0.10958544E-32
  0.44958678E+14  0.00000000E+00 -0.10873473E-32
  0.45032140E+14  0.00000000E+00 -0.10788657E-32
  0.45105601E+14  0.00000000E+00 -0.10704130E-32
  0.45179063E+14  0.00000000E+00 -0.10619929E-32
  0.45252525E+14  0.00000000E+00 -0.10536082E-32
  0.45325987E+14  0.00000000E+00 -0.10452618E-32
  0.45399449E+14  0.00000000E+00 -0.10369563E-32
  0.45472911E+14  0.00000000E+00 -0.10286941E-32
  0.45546373E+14  0.00000000E+00 -0.10204773E-32
  0.45619835E+14  0.00000000E+00 -0.10123077E-32
  0.45693297E+14  0.00000000E+00 -0.10041873E-32
  0.45766758E+14  0.00000000E+00 -0.99611751E-33
  0.45840220E+14  0.00000000E+00 -0.98809984E-33
  0.45913682E+14  0.00000000E+00 -0.98013558E-33
  0.45987144E+14  0.00000000E+00 -0.97222589E-33
  0.46060606E+14  0.00000000E+00 -0.96437181E-33
  0.46134068E+14  0.00000000E+00 -0.95657424E-33
  0.46207530E+14  0.00000000E+00 -0.94883401E-33
  0.46280992E+14  0.00000000E+00 -0.94115183E-33
  0.46354454E+14  0.00000000E+00 -0.93352832E-33
  0.46427916E+14  0.00000000E+00 -0.92596401E-33
  0.46501377E+14  0.00000000E+00 -0.91845936E-33
  0.46574839E+14  0.00000000E+00 -0.91101476E-33
  0.46648301E+14  0.00000000E+00 -0.90363051E-33
  0.46721763E+14  0.00000000E+00 -0.89630687E-33
  0.46795225E+14  0.00000000E+00 -0.88904401E-33
  0.46868687E+14  0.00000000E+00 -0.88184208E-33
  0.46942149E+14  0.00000000E+00 -0.87470116E-33
  0.47015611E+14  0.00000000E+00 -0.86762129E-33
  0.47089073E+14  0.00000000E+00 -0.86060246E-33
  0.47162534E+14  0.00000000E+00 -0.85364461E-33
  0.47235996E+14  0.00000000E+00 -0.84674766E-33
  0.47309458E+14  0.00000000E+00 -0.83991150E-33
  0.47382920E+14  0.00000000E+00 -0.83313596E-33
  0.47456382E+14  0.00000000E+00 -0.82642087E-33
  0.47529844E+14  0.00000000E+00 -0.81976601E-33
  0.47603306E+14  0.00000000E+00 -0.81317115E-33
  0.47676768E+14  0.00000000E+00 -0.80663603E-33
  0.47750230E+14  0.00000000E+00 -0.80016036E-33
  0.47823691E+14  0.00000000E+00 -0.79374385E-33
  0.47897153E+14  0.00000000E+00 -0.78738617E-33
  0.47970615E+14  0.00000000E+00 -0.78108700E-33
  0.48044077E+14  0.00000000E+00 -0.77484597E-33
  0.48117539E+14  0.00000000E+00 -0.76866273E-33
  0.48191001E+14  0.00000000E+00 -0.76253689E-33
  0.48264463E+14  0.00000000E+00 -0.75646807E-33
  0.48337925E+14  0.00000000E+00 -0.75045587E-33
  0.48411387E+14  0.00000000E+00 -0.74449988E-33
  0.48484848E+14  0.00000000E+00 -0.73859968E-33
  0.48558310E+14  0.00000000E+00 -0.73275484E-33
  0.48631772E+14  0.00000000E+00 -0.72696493E-33
  0.48705234E+14  0.00000000E+00 -0.72122952E-33
  0.48778696E+14  0.00000000E+00 -0.71554816E-33
  0.48852158E+14  0.00000000E+00 -0.70992040E-33
  0.48925620E+14  0.00000000E+00 -0.70434579E-33
  0.48999082E+14  0.00000000E+00 -0.69882387E-33
  0.49072544E+14  0.00000000E+00 -0.69335420E-33
  0.49146006E+14  0.00000000E+00 -0.68793629E-33
  0.49219467E+14  0.00000000E+00 -0.68256970E-33
  0.49292929E+14  0.00000000E+00 -0.67725396E-33
  0.49366391E+14  0.00000000E+00 -0.67198860E-33
  0.49439853E+14  0.00000000E+00 -0.66677316E-33
  0.49513315E+14  0.00000000E+00 -0.66160717E-33
  0.49586777E+14  0.00000000E+00 -0.65649017E-33
  0.49660239E+14  0.00000000E+00 -0.65142168E-33
  0.49733701E+14  0.00000000E+00 -0.64640125E-33
  0.49807163E+14  0.00000000E+00 -0.64142841E-33
  0.49880624E+14  0.00000000E+00 -0.63650270E-33
  0.49954086E+14  0.00000000E+00 -0.63162366E-33
  0.50027548E+14  0.00000000E+00 -0.62679082E-33
  0.50101010E+14  0.00000000E+00 -0.62200374E-33
  0.50174472E+14  0.00000000E+00 -0.61726195E-33
  0.50247934E+14  0.00000000E+00 -0.61256499E-33
  0.50321396E+14  0.00000000E+00 -0.60791243E-33
  0.50394858E+14  0.00000000E+00 -0.60330381E-33
  0.50468320E+14  0.00000000E+00 -0.59873868E-33
  0.50541781E+14  0.00000000E+00 -0.59421660E-33
  0.50615243E+14  0.00000000E+00 -0.58973713E-33
  0.50688705E+14  0.00000000E+00 -0.58529984E-33
  0.50762167E+14  0.00000000E+00 -0.58090428E-33
  0.50835629E+14  0.00000000E+00 -0.57655003E-33
  0.50909091E+14  0.00000000E+00 -0.57223666E-33
  0.50982553E+14  0.00000000E+00 -0.56796375E-33
  0.51056015E+14  0.00000000E+00 -0.56373087E-33
  0.51129477E+14  0.00000000E+00 -0.55953761E-33
  0.51202938E+14  0.00000000E+00 -0.55538355E-33
  0.51276400E+14  0.00000000E+00 -0.55126829E-33
  0.51349862E+14  0.00000000E+00 -0.54719140E-33
  0.51423324E+14  0.00000000E+00 -0.54315250E-33
  0.51496786E+14  0.00000000E+00 -0.53915118E-33
  0.51570248E+14  0.00000000E+00 -0.53518704E-33
  0.51643710E+14  0.00000000E+00 -0.53125970E-33
  0.51717172E+14  0.00000000E+00 -0.52736876E-33
  0.51790634E+14  0.00000000E+00 -0.52351384E-33
  0.51864096E+14  0.00000000E+00 -0.51969456E-33
  0.51937557E+14  0.00000000E+00 -0.51591053E-33
  0.52011019E+14  0.00000000E+00 -0.51216139E-33
  0.52084481E+14  0.00000000E+00 -0.50844677E-33
  0.52157943E+14  0.00000000E+00 -0.50476630E-33
  0.52231405E+14  0.00000000E+00 -0.50111961E-33
  0.52304867E+14  0.00000000E+00 -0.49750635E-33
  0.52378329E+14  0.00000000E+00 -0.49392616E-33
  0.52451791E+14  0.00000000E+00 -0.49037869E-33
  0.52525253E+14  0.00000000E+00 -0.48686360E-33
  0.52598714E+14  0.00000000E+00 -0.48338053E-33
  0.52672176E+14  0.00000000E+00 -0.47992915E-33
  0.52745638E+14  0.00000000E+00 -0.47650913E-33
  0.52819100E+14  0.00000000E+00 -0.47312012E-33
  0.52892562E+14  0.00000000E+00 -0.46976180E-33
  0.52966024E+14  0.00000000E+00 -0.46643384E-33
  0.53039486E+14  0.00000000E+00 -0.46313592E-33
  0.53112948E+14  0.00000000E+00 -0.45986773E-33
  0.53186410E+14  0.00000000E+00 -0.45662894E-33
  0.53259871E+14  0.00000000E+00 -0.45341924E-33
  0.53333333E+14  0.00000000E+00 -0.45023833E-33
  0.53406795E+14  0.00000000E+00 -0.44708589E-33
  0.53480257E+14  0.00000000E+00 -0.44396164E-33
  0.53553719E+14  0.00000000E+00 -0.44086526E-33
  0.53627181E+14  0.00000000E+00 -0.43779648E-33
  0.53700643E+14  0.00000000E+00 -0.43475498E-33
  0.53774105E+14  0.00000000E+00 -0.43174049E-33
  0.53847567E+14  0.00000000E+00 -0.42875272E-33
  0.53921028E+14  0.00000000E+00 -0.42579139E-33
  0.53994490E+14  0.00000000E+00 -0.42285622E-33
  0.54067952E+14  0.00000000E+00 -0.41994693E-33
  0.54141414E+14  0.00000000E+00 -0.41706326E-33
  0.54214876E+14  0.00000000E+00 -0.41420492E-33
  0.54288338E+14  0.00000000E+00 -0.41137167E-33
  0.54361800E+14  0.00000000E+00 -0.40856323E-33
  0.54435262E+14  0.00000000E+00 -0.40577934E-33
  0.54508724E+14  0.00000000E+00 -0.40301975E-33
  0.54582185E+14  0.00000000E+00 -0.40028421E-33
  0.54655647E+14  0.00000000E+00 -0.39757246E-33
  0.54729109E+14  0.00000000E+00 -0.39488425E-33
  0.54802571E+14  0.00000000E+00 -0.39221934E-33
  0.54876033E+14  0.00000000E+00 -0.38957748E-33
  0.54949495E+14  0.00000000E+00 -0.38695844E-33
  0.55022957E+14  0.00000000E+00 -0.38436198E-33
  0.55096419E+14  0.00000000E+00 -0.38178787E-33
  0.55169881E+14  0.00000000E+00 -0.37923587E-33
  0.55243343E+14  0.00000000E+00 -0.37670575E-33
  0.55316804E+14  0.00000000E+00 -0.37419730E-33
  0.55390266E+14  0.00000000E+00 -0.37171027E-33
  0.55463728E+14  0.00000000E+00 -0.36924447E-33
  0.55537190E+14  0.00000000E+00 -0.36679966E-33
  0.55610652E+14  0.00000000E+00 -0.36437563E-33
  0.55684114E+14  0.00000000E+00 -0.36197217E-33
  0.55757576E+14  0.00000000E+00 -0.35958906E-33
  0.55831038E+14  0.00000000E+00 -0.35722610E-33
  0.55904500E+14  0.00000000E+00 -0.35488308E-33
  0.55977961E+14  0.00000000E+00 -0.35255980E-33
  0.56051423E+14  0.00000000E+00 -0.35025606E-33
  0.56124885E+14  0.00000000E+00 -0.34797166E-33
  0.56198347E+14  0.00000000E+00 -0.34570640E-33
  0.56271809E+14  0.00000000E+00 -0.34346008E-33
  0.56345271E+14  0.00000000E+00 -0.34123252E-33
  0.56418733E+14  0.00000000E+00 -0.33902353E-33
  0.56492195E+14  0.00000000E+00 -0.33683291E-33
  0.56565657E+14  0.00000000E+00 -0.33466048E-33
  0.56639118E+14  0.00000000E+00 -0.33250607E-33
  0.56712580E+14  0.00000000E+00 -0.33036948E-33
  0.56786042E+14  0.00000000E+00 -0.32825054E-33
  0.56859504E+14  0.00000000E+00 -0.32614907E-33
  0.56932966E+14  0.00000000E+00 -0.32406490E-33
  0.57006428E+14  0.00000000E+00 -0.32199785E-33
  0.57079890E+14  0.00000000E+00 -0.31994776E-33
  0.57153352E+14  0.00000000E+00 -0.31791444E-33
  0.57226814E+14  0.00000000E+00 -0.31589775E-33
  0.57300275E+14  0.00000000E+00 -0.31389750E-33
  0.57373737E+14  0.00000000E+00 -0.31191354E-33
  0.57447199E+14  0.00000000E+00 -0.30994571E-33
  0.57520661E+14  0.00000000E+00 -0.30799385E-33
  0.57594123E+14  0.00000000E+00 -0.30605779E-33
  0.57667585E+14  0.00000000E+00 -0.30413739E-33
  0.57741047E+14  0.00000000E+00 -0.30223249E-33
  0.57814509E+14  0.00000000E+00 -0.30034293E-33
  0.57887971E+14  0.00000000E+00 -0.29846857E-33
  0.57961433E+14  0.00000000E+00 -0.29660926E-33
  0.58034894E+14  0.00000000E+00 -0.29476484E-33
  0.58108356E+14  0.00000000E+00 -0.29293518E-33
  0.58181818E+14  0.00000000E+00 -0.29112014E-33
  0.58255280E+14  0.00000000E+00 -0.28931955E-33
  0.58328742E+14  0.00000000E+00 -0.28753330E-33
  0.58402204E+14  0.00000000E+00 -0.28576123E-33
  0.58475666E+14  0.00000000E+00 -0.28400322E-33
  0.58549128E+14  0.00000000E+00 -0.28225911E-33
  0.58622590E+14  0.00000000E+00 -0.28052879E-33
  0.58696051E+14  0.00000000E+00 -0.27881212E-33
  0.58769513E+14  0.00000000E+00 -0.27710896E-33
  0.58842975E+14  0.00000000E+00 -0.27541919E-33
  0.58916437E+14  0.00000000E+00 -0.27374267E-33
  0.58989899E+14  0.00000000E+00 -0.27207929E-33
  0.59063361E+14  0.00000000E+00 -0.27042891E-33
  0.59136823E+14  0.00000000E+00 -0.26879140E-33
  0.59210285E+14  0.00000000E+00 -0.26716666E-33
  0.59283747E+14  0.00000000E+00 -0.26555455E-33
  0.59357208E+14  0.00000000E+00 -0.26395496E-33
  0.59430670E+14  0.00000000E+00 -0.26236777E-33
  0.59504132E+14  0.00000000E+00 -0.26079286E-33
  0.59577594E+14  0.00000000E+00 -0.25923010E-33
  0.59651056E+14  0.00000000E+00 -0.25767940E-33
  0.59724518E+14  0.00000000E+00 -0.25614064E-33
  0.59797980E+14  0.00000000E+00 -0.25461369E-33
  0.59871442E+14  0.00000000E+00 -0.25309846E-33
  0.59944904E+14  0.00000000E+00 -0.25159483E-33
  0.60018365E+14  0.00000000E+00 -0.25010269E-33
  0.60091827E+14  0.00000000E+00 -0.24862193E-33
  0.60165289E+14  0.00000000E+00 -0.24715246E-33
  0.60238751E+14  0.00000000E+00 -0.24569416E-33
  0.60312213E+14  0.00000000E+00 -0.24424693E-33
  0.60385675E+14  0.00000000E+00 -0.24281067E-33
  0.60459137E+14  0.00000000E+00 -0.24138527E-33
  0.60532599E+14  0.00000000E+00 -0.23997064E-33
  0.60606061E+14  0.00000000E+00 -0.23856667E-33
  0.60679522E+14  0.00000000E+00 -0.23717327E-33
  0.60752984E+14  0.00000000E+00 -0.23579034E-33
  0.60826446E+14  0.00000000E+00 -0.23441778E-33
  0.60899908E+14  0.00000000E+00 -0.23305550E-33
  0.60973370E+14  0.00000000E+00 -0.23170340E-33
  0.61046832E+14  0.00000000E+00 -0.23036139E-33
  0.61120294E+14  0.00000000E+00 -0.22902938E-33
  0.61193756E+14  0.00000000E+00 -0.22770728E-33
  0.61267218E+14  0.00000000E+00 -0.22639500E-33
  0.61340680E+14  0.00000000E+00 -0.22509244E-33
  0.61414141E+14  0.00000000E+00 -0.22379952E-33
  0.61487603E+14  0.00000000E+00 -0.22251615E-33
  0.61561065E+14  0.00000000E+00 -0.22124225E-33
  0.61634527E+14  0.00000000E+00 -0.21997773E-33
  0.61707989E+14  0.00000000E+00 -0.21872250E-33
  0.61781451E+14  0.00000000E+00 -0.21747648E-33
  0.61854913E+14  0.00000000E+00 -0.21623959E-33
  0.61928375E+14  0.00000000E+00 -0.21501175E-33
  0.62001837E+14  0.00000000E+00 -0.21379288E-33
  0.62075298E+14  0.00000000E+00 -0.21258288E-33
  0.62148760E+14  0.00000000E+00 -0.21138170E-33
  0.62222222E+14  0.00000000E+00 -0.21018924E-33
  0.62295684E+14  0.00000000E+00 -0.20900543E-33
  0.62369146E+14  0.00000000E+00 -0.20783019E-33
  0.62442608E+14  0.00000000E+00 -0.20666345E-33
  0.62516070E+14  0.00000000E+00 -0.20550514E-33
  0.62589532E+14  0.00000000E+00 -0.20435516E-33
  0.62662994E+14  0.00000000E+00 -0.20321346E-33
  0.62736455E+14  0.00000000E+00 -0.20207997E-33
  0.62809917E+14  0.00000000E+00 -0.20095459E-33
  0.62883379E+14  0.00000000E+00 -0.19983728E-33
  0.62956841E+14  0.00000000E+00 -0.19872795E-33
  0.63030303E+14  0.00000000E+00 -0.19762654E-33
  0.63103765E+14  0.00000000E+00 -0.19653297E-33
  0.63177227E+14  0.00000000E+00 -0.19544718E-33
  0.63250689E+14  0.00000000E+00 -0.19436910E-33
  0.63324151E+14  0.00000000E+00 -0.19329866E-33
  0.63397612E+14  0.00000000E+00 -0.19223580E-33
  0.63471074E+14  0.00000000E+00 -0.19118045E-33
  0.63544536E+14  0.00000000E+00 -0.19013255E-33
  0.63617998E+14  0.00000000E+00 -0.18909202E-33
  0.63691460E+14  0.00000000E+00 -0.18805882E-33
  0.63764922E+14  0.00000000E+00 -0.18703287E-33
  0.63838384E+14  0.00000000E+00 -0.18601411E-33
  0.63911846E+14  0.00000000E+00 -0.18500248E-33
  0.63985308E+14  0.00000000E+00 -0.18399792E-33
  0.64058770E+14  0.00000000E+00 -0.18300037E-33
  0.64132231E+14  0.00000000E+00 -0.18200976E-33
  0.64205693E+14  0.00000000E+00 -0.18102605E-33
  0.64279155E+14  0.00000000E+00 -0.18004917E-33
  0.64352617E+14  0.00000000E+00 -0.17907905E-33
  0.64426079E+14  0.00000000E+00 -0.17811566E-33
  0.64499541E+14  0.00000000E+00 -0.17715892E-33
  0.64573003E+14  0.00000000E+00 -0.17620878E-33
  0.64646465E+14  0.00000000E+00 -0.17526518E-33
  0.64719927E+14  0.00000000E+00 -0.17432808E-33
  0.64793388E+14  0.00000000E+00 -0.17339741E-33
  0.64866850E+14  0.00000000E+00 -0.17247312E-33
  0.64940312E+14  0.00000000E+00 -0.17155516E-33
  0.65013774E+14  0.00000000E+00 -0.17064348E-33
  0.65087236E+14  0.00000000E+00 -0.16973801E-33
  0.65160698E+14  0.00000000E+00 -0.16883872E-33
  0.65234160E+14  0.00000000E+00 -0.16794554E-33
  0.65307622E+14  0.00000000E+00 -0.16705843E-33
  0.65381084E+14  0.00000000E+00 -0.16617734E-33
  0.65454545E+14  0.00000000E+00 -0.16530221E-33
  0.65528007E+14  0.00000000E+00 -0.16443300E-33
  0.65601469E+14  0.00000000E+00 -0.16356966E-33
  0.65674931E+14  0.00000000E+00 -0.16271213E-33
  0.65748393E+14  0.00000000E+00 -0.16186038E-33
  0.65821855E+14  0.00000000E+00 -0.16101435E-33
  0.65895317E+14  0.00000000E+00 -0.16017400E-33
  0.65968779E+14  0.00000000E+00 -0.15933928E-33
  0.66042241E+14  0.00000000E+00 -0.15851014E-33
  0.66115702E+14  0.00000000E+00 -0.15768654E-33
  0.66189164E+14  0.00000000E+00 -0.15686843E-33
  0.66262626E+14  0.00000000E+00 -0.15605576E-33
  0.66336088E+14  0.00000000E+00 -0.15524850E-33
  0.66409550E+14  0.00000000E+00 -0.15444660E-33
  0.66483012E+14  0.00000000E+00 -0.15365002E-33
  0.66556474E+14  0.00000000E+00 -0.15285871E-33
  0.66629936E+14  0.00000000E+00 -0.15207262E-33
  0.66703398E+14  0.00000000E+00 -0.15129172E-33
  0.66776860E+14  0.00000000E+00 -0.15051597E-33
  0.66850321E+14  0.00000000E+00 -0.14974532E-33
  0.66923783E+14  0.00000000E+00 -0.14897973E-33
  0.66997245E+14  0.00000000E+00 -0.14821917E-33
  0.67070707E+14  0.00000000E+00 -0.14746358E-33
  0.67144169E+14  0.00000000E+00 -0.14671294E-33
  0.67217631E+14  0.00000000E+00 -0.14596720E-33
  0.67291093E+14  0.00000000E+00 -0.14522632E-33
  0.67364555E+14  0.00000000E+00 -0.14449026E-33
  0.67438017E+14  0.00000000E+00 -0.14375899E-33
  0.67511478E+14  0.00000000E+00 -0.14303246E-33
  0.67584940E+14  0.00000000E+00 -0.14231064E-33
  0.67658402E+14  0.00000000E+00 -0.14159350E-33
  0.67731864E+14  0.00000000E+00 -0.14088099E-33
  0.67805326E+14  0.00000000E+00 -0.14017307E-33
  0.67878788E+14  0.00000000E+00 -0.13946972E-33
  0.67952250E+14  0.00000000E+00 -0.13877089E-33
  0.68025712E+14  0.00000000E+00 -0.13807655E-33
  0.68099174E+14  0.00000000E+00 -0.13738667E-33
  0.68172635E+14  0.00000000E+00 -0.13670121E-33
  0.68246097E+14  0.00000000E+00 -0.13602013E-33
  0.68319559E+14  0.00000000E+00 -0.13534340E-33
  0.68393021E+14  0.00000000E+00 -0.13467098E-33
  0.68466483E+14  0.00000000E+00 -0.13400285E-33
  0.68539945E+14  0.00000000E+00 -0.13333897E-33
  0.68613407E+14  0.00000000E+00 -0.13267930E-33
  0.68686869E+14  0.00000000E+00 -0.13202382E-33
  0.68760331E+14  0.00000000E+00 -0.13137248E-33
  0.68833792E+14  0.00000000E+00 -0.13072527E-33
  0.68907254E+14  0.00000000E+00 -0.13008214E-33
  0.68980716E+14  0.00000000E+00 -0.12944307E-33
  0.69054178E+14  0.00000000E+00 -0.12880802E-33
  0.69127640E+14  0.00000000E+00 -0.12817696E-33
  0.69201102E+14  0.00000000E+00 -0.12754986E-33
  0.69274564E+14  0.00000000E+00 -0.12692669E-33
  0.69348026E+14  0.00000000E+00 -0.12630743E-33
  0.69421488E+14  0.00000000E+00 -0.12569203E-33
  0.69494949E+14  0.00000000E+00 -0.12508048E-33
  0.69568411E+14  0.00000000E+00 -0.12447274E-33
  0.69641873E+14  0.00000000E+00 -0.12386878E-33
  0.69715335E+14  0.00000000E+00 -0.12326858E-33
  0.69788797E+14  0.00000000E+00 -0.12267210E-33
  0.69862259E+14  0.00000000E+00 -0.12207932E-33
  0.69935721E+14  0.00000000E+00 -0.12149020E-33
  0.70009183E+14  0.00000000E+00 -0.12090473E-33
  0.70082645E+14  0.00000000E+00 -0.12032287E-33
  0.70156107E+14  0.00000000E+00 -0.11974460E-33
  0.70229568E+14  0.00000000E+00 -0.11916989E-33
  0.70303030E+14  0.00000000E+00 -0.11859871E-33
  0.70376492E+14  0.00000000E+00 -0.11803103E-33
  0.70449954E+14  0.00000000E+00 -0.11746684E-33
  0.70523416E+14  0.00000000E+00 -0.11690610E-33
  0.70596878E+14  0.00000000E+00 -0.11634878E-33
  0.70670340E+14  0.00000000E+00 -0.11579487E-33
  0.70743802E+14  0.00000000E+00 -0.11524433E-33
  0.70817264E+14  0.00000000E+00 -0.11469714E-33
  0.70890725E+14  0.00000000E+00 -0.11415329E-33
  0.70964187E+14  0.00000000E+00 -0.11361273E-33
  0.71037649E+14  0.00000000E+00 -0.11307544E-33
  0.71111111E+14  0.00000000E+00 -0.11254141E-33
  0.71184573E+14  0.00000000E+00 -0.11201061E-33
  0.71258035E+14  0.00000000E+00 -0.11148302E-33
  0.71331497E+14  0.00000000E+00 -0.11095860E-33
  0.71404959E+14  0.00000000E+00 -0.11043734E-33
  0.71478421E+14  0.00000000E+00 -0.10991922E-33
  0.71551882E+14  0.00000000E+00 -0.10940420E-33
  0.71625344E+14  0.00000000E+00 -0.10889228E-33
  0.71698806E+14  0.00000000E+00 -0.10838342E-33
  0.71772268E+14  0.00000000E+00 -0.10787760E-33
  0.71845730E+14  0.00000000E+00 -0.10737480E-33
  0.71919192E+14  0.00000000E+00 -0.10687500E-33
  0.71992654E+14  0.00000000E+00 -0.10637818E-33
  0.72066116E+14  0.00000000E+00 -0.10588431E-33
  0.72139578E+14  0.00000000E+00 -0.10539338E-33
  0.72213039E+14  0.00000000E+00 -0.10490535E-33
  0.72286501E+14  0.00000000E+00 -0.10442022E-33
  0.72359963E+14  0.00000000E+00 -0.10393796E-33
  0.72433425E+14  0.00000000E+00 -0.10345855E-33
  0.72506887E+14  0.00000000E+00 -0.10298197E-33
  0.72580349E+14  0.00000000E+00 -0.10250819E-33
  0.72653811E+14  0.00000000E+00 -0.10203720E-33
  0.72727273E+14  0.00000000E+00 -0.10156898E-33
  0.72800735E+14  0.00000000E+00 -0.10110351E-33
  0.72874197E+14  0.00000000E+00 -0.10064077E-33
  0.72947658E+14  0.00000000E+00 -0.10018073E-33
  0.73021120E+14  0.00000000E+00 -0.99723383E-34
  0.73094582E+14  0.00000000E+00 -0.99268706E-34
  0.73168044E+14  0.00000000E+00 -0.98816680E-34
  0.73241506E+14  0.00000000E+00 -0.98367286E-34
  0.73314968E+14  0.00000000E+00 -0.97920505E-34
  0.73388430E+14  0.00000000E+00 -0.97476319E-34
  0.73461892E+14  0.00000000E+00 -0.97034709E-34
  0.73535354E+14  0.00000000E+00 -0.96595656E-34
  0.73608815E+14  0.00000000E+00 -0.96159143E-34
  0.73682277E+14  0.00000000E+00 -0.95725152E-34
  0.73755739E+14  0.00000000E+00 -0.95293665E-34
  0.73829201E+14  0.00000000E+00 -0.94864664E-34
  0.73902663E+14  0.00000000E+00 -0.94438131E-34
  0.73976125E+14  0.00000000E+00 -0.94014050E-34
  0.74049587E+14  0.00000000E+00 -0.93592403E-34
  0.74123049E+14  0.00000000E+00 -0.93173173E-34
  0.74196511E+14  0.00000000E+00 -0.92756343E-34
  0.74269972E+14  0.00000000E+00 -0.92341896E-34
  0.74343434E+14  0.00000000E+00 -0.91929815E-34
  0.74416896E+14  0.00000000E+00 -0.91520085E-34
  0.74490358E+14  0.00000000E+00 -0.91112688E-34
  0.74563820E+14  0.00000000E+00 -0.90707608E-34
  0.74637282E+14  0.00000000E+00 -0.90304830E-34
  0.74710744E+14  0.00000000E+00 -0.89904337E-34
  0.74784206E+14  0.00000000E+00 -0.89506113E-34
  0.74857668E+14  0.00000000E+00 -0.89110143E-34
  0.74931129E+14  0.00000000E+00 -0.88716411E-34
  0.75004591E+14  0.00000000E+00 -0.88324901E-34
  0.75078053E+14  0.00000000E+00 -0.87935599E-34
  0.75151515E+14  0.00000000E+00 -0.87548488E-34
  0.75224977E+14  0.00000000E+00 -0.87163555E-34
  0.75298439E+14  0.00000000E+00 -0.86780783E-34
  0.75371901E+14  0.00000000E+00 -0.86400158E-34
  0.75445363E+14  0.00000000E+00 -0.86021666E-34
  0.75518825E+14  0.00000000E+00 -0.85645292E-34
  0.75592287E+14  0.00000000E+00 -0.85271020E-34
  0.75665748E+14  0.00000000E+00 -0.84898838E-34
  0.75739210E+14  0.00000000E+00 -0.84528730E-34
  0.75812672E+14  0.00000000E+00 -0.84160683E-34
  0.75886134E+14  0.00000000E+00 -0.83794682E-34
  0.75959596E+14  0.00000000E+00 -0.83430713E-34
  0.76033058E+14  0.00000000E+00 -0.83068764E-34
  0.76106520E+14  0.00000000E+00 -0.82708819E-34
  0.76179982E+14  0.00000000E+00 -0.82350866E-34
  0.76253444E+14  0.00000000E+00 -0.81994890E-34
  0.76326905E+14  0.00000000E+00 -0.81640880E-34
  0.76400367E+14  0.00000000E+00 -0.81288820E-34
  0.76473829E+14  0.00000000E+00 -0.80938699E-34
  0.76547291E+14  0.00000000E+00 -0.80590503E-34
  0.76620753E+14  0.00000000E+00 -0.80244220E-34
  0.76694215E+14  0.00000000E+00 -0.79899835E-34
  0.76767677E+14  0.00000000E+00 -0.79557338E-34
  0.76841139E+14  0.00000000E+00 -0.79216714E-34
  0.76914601E+14  0.00000000E+00 -0.78877952E-34
  0.76988062E+14  0.00000000E+00 -0.78541038E-34
  0.77061524E+14  0.00000000E+00 -0.78205962E-34
  0.77134986E+14  0.00000000E+00 -0.77872710E-34
  0.77208448E+14  0.00000000E+00 -0.77541270E-34
  0.77281910E+14  0.00000000E+00 -0.77211631E-34
  0.77355372E+14  0.00000000E+00 -0.76883780E-34
  0.77428834E+14  0.00000000E+00 -0.76557705E-34
  0.77502296E+14  0.00000000E+00 -0.76233396E-34
  0.77575758E+14  0.00000000E+00 -0.75910839E-34
  0.77649219E+14  0.00000000E+00 -0.75590023E-34
  0.77722681E+14  0.00000000E+00 -0.75270938E-34
  0.77796143E+14  0.00000000E+00 -0.74953571E-34
  0.77869605E+14  0.00000000E+00 -0.74637911E-34
  0.77943067E+14  0.00000000E+00 -0.74323948E-34
  0.78016529E+14  0.00000000E+00 -0.74011669E-34
  0.78089991E+14  0.00000000E+00 -0.73701064E-34
  0.78163453E+14  0.00000000E+00 -0.73392122E-34
  0.78236915E+14  0.00000000E+00 -0.73084833E-34
  0.78310376E+14  0.00000000E+00 -0.72779184E-34
  0.78383838E+14  0.00000000E+00 -0.72475166E-34
  0.78457300E+14  0.00000000E+00 -0.72172767E-34
  0.78530762E+14  0.00000000E+00 -0.71871978E-34
  0.78604224E+14  0.00000000E+00 -0.71572788E-34
  0.78677686E+14  0.00000000E+00 -0.71275187E-34
  0.78751148E+14  0.00000000E+00 -0.70979163E-34
  0.78824610E+14  0.00000000E+00 -0.70684708E-34
  0.78898072E+14  0.00000000E+00 -0.70391810E-34
  0.78971534E+14  0.00000000E+00 -0.70100460E-34
  0.79044995E+14  0.00000000E+00 -0.69810648E-34
  0.79118457E+14  0.00000000E+00 -0.69522364E-34
  0.79191919E+14  0.00000000E+00 -0.69235598E-34
  0.79265381E+14  0.00000000E+00 -0.68950340E-34
  0.79338843E+14  0.00000000E+00 -0.68666580E-34
  0.79412305E+14  0.00000000E+00 -0.68384310E-34
  0.79485767E+14  0.00000000E+00 -0.68103518E-34
  0.79559229E+14  0.00000000E+00 -0.67824197E-34
  0.79632691E+14  0.00000000E+00 -0.67546337E-34
  0.79706152E+14  0.00000000E+00 -0.67269927E-34
  0.79779614E+14  0.00000000E+00 -0.66994960E-34
  0.79853076E+14  0.00000000E+00 -0.66721425E-34
  0.79926538E+14  0.00000000E+00 -0.66449314E-34
  0.80000000E+14  0.00000000E+00 -0.66178618E-34
