  0.73461892E+11  0.25036077E-32 -0.61321759E-31
  0.14692378E+12  0.44403466E-32 -0.60453559E-31
  0.22038567E+12  0.65132296E-32 -0.58669186E-31
  0.29384757E+12  0.69244874E-32 -0.55271900E-31
  0.36730946E+12  0.57559992E-32 -0.59586060E-31
  0.44077135E+12  0.13187487E-31 -0.56704061E-31
  0.51423324E+12  0.93194531E-32 -0.54222421E-31
  0.58769513E+12  0.84199465E-32 -0.56246660E-31
  0.66115702E+12  0.13165389E-31 -0.57212869E-31
  0.73461892E+12  0.14028358E-31 -0.53819065E-31
  0.80808081E+12  0.13440119E-31 -0.53404324E-31
  0.88154270E+12  0.12944689E-31 -0.55718188E-31
  0.95500459E+12  0.15272723E-31 -0.56259783E-31
  0.10284665E+13  0.18974077E-31 -0.53890774E-31
  0.11019284E+13  0.18346057E-31 -0.51846039E-31
  0.11753903E+13  0.16388610E-31 -0.52692584E-31
  0.12488522E+13  0.19095252E-31 -0.56246073E-31
  0.13223140E+13  0.23403460E-31 -0.54598680E-31
  0.13957759E+13  0.22992434E-31 -0.50902208E-31
  0.14692378E+13  0.21662534E-31 -0.52598487E-31
  0.15426997E+13  0.24306100E-31 -0.53461346E-31
  0.16161616E+13  0.25951381E-31 -0.52045554E-31
  0.16896235E+13  0.25695473E-31 -0.52611927E-31
  0.17630854E+13  0.28107141E-31 -0.53071031E-31
  0.18365473E+13  0.29827120E-31 -0.50314828E-31
  0.19100092E+13  0.28260504E-31 -0.50654826E-31
  0.19834711E+13  0.29970396E-31 -0.52588178E-31
  0.20569330E+13  0.33491542E-31 -0.51225291E-31
  0.21303949E+13  0.32811691E-31 -0.49938965E-31
  0.22038567E+13  0.33105703E-31 -0.50718654E-31
  0.22773186E+13  0.35436275E-31 -0.51149166E-31
  0.23507805E+13  0.37437162E-31 -0.50071726E-31
  0.24242424E+13  0.37509517E-31 -0.48381218E-31
  0.24977043E+13  0.37235446E-31 -0.49045726E-31
  0.25711662E+13  0.39318486E-31 -0.51002217E-31
  0.26446281E+13  0.42709188E-31 -0.49542980E-31
  0.27180900E+13  0.42815675E-31 -0.47043060E-31
  0.27915519E+13  0.42195208E-31 -0.48360834E-31
  0.28650138E+13  0.44945143E-31 -0.48551512E-31
  0.29384757E+13  0.45890185E-31 -0.46866160E-31
  0.30119376E+13  0.46264665E-31 -0.48025386E-31
  0.30853994E+13  0.49261282E-31 -0.47672624E-31
  0.31588613E+13  0.50085917E-31 -0.45572979E-31
  0.32323232E+13  0.50246308E-31 -0.46183122E-31
  0.33057851E+13  0.52675955E-31 -0.46502397E-31
  0.33792470E+13  0.53699330E-31 -0.44656943E-31
  0.34527089E+13  0.54160567E-31 -0.45163813E-31
  0.35261708E+13  0.56819687E-31 -0.45384012E-31
  0.35996327E+13  0.58326237E-31 -0.43788311E-31
  0.36730946E+13  0.58890955E-31 -0.42781688E-31
  0.37465565E+13  0.59527818E-31 -0.43276668E-31
  0.38200184E+13  0.62192776E-31 -0.43751542E-31
  0.38934803E+13  0.64168640E-31 -0.41941168E-31
  0.39669421E+13  0.64347448E-31 -0.40979659E-31
  0.40404040E+13  0.66402780E-31 -0.41822069E-31
  0.41138659E+13  0.68772086E-31 -0.39913347E-31
  0.41873278E+13  0.68146435E-31 -0.39316822E-31
  0.42607897E+13  0.70793553E-31 -0.40388198E-31
  0.43342516E+13  0.73372835E-31 -0.38381241E-31
  0.44077135E+13  0.73834232E-31 -0.37797021E-31
  0.44811754E+13  0.76515332E-31 -0.37376658E-31
  0.45546373E+13  0.77367863E-31 -0.35318197E-31
  0.46280992E+13  0.77996323E-31 -0.36229346E-31
  0.47015611E+13  0.81756306E-31 -0.35626663E-31
  0.47750230E+13  0.82914918E-31 -0.33306196E-31
  0.48484848E+13  0.84002937E-31 -0.33233605E-31
  0.49219467E+13  0.87010002E-31 -0.32517016E-31
  0.49954086E+13  0.88317132E-31 -0.30545650E-31
  0.50688705E+13  0.89178627E-31 -0.30267837E-31
  0.51423324E+13  0.92164737E-31 -0.29929292E-31
  0.52157943E+13  0.94415071E-31 -0.27721637E-31
  0.52892562E+13  0.95547477E-31 -0.26872868E-31
  0.53627181E+13  0.98055357E-31 -0.25508382E-31
  0.54361800E+13  0.99058780E-31 -0.24367577E-31
  0.55096419E+13  0.10218265E-30 -0.23874625E-31
  0.55831038E+13  0.10432006E-30 -0.21238235E-31
  0.56565657E+13  0.10544125E-30 -0.20825809E-31
  0.57300275E+13  0.10934958E-30 -0.18766307E-31
  0.58034894E+13  0.10971520E-30 -0.16406077E-31
  0.58769513E+13  0.11248201E-30 -0.16480866E-31
  0.59504132E+13  0.11551971E-30 -0.13678246E-31
  0.60238751E+13  0.11704068E-30 -0.12311101E-31
  0.60973370E+13  0.12027669E-30 -0.99985757E-32
  0.61707989E+13  0.12152975E-30 -0.78304011E-32
  0.62442608E+13  0.12479516E-30 -0.62548251E-32
  0.63177227E+13  0.12633629E-30 -0.35943756E-32
  0.63911846E+13  0.12984471E-30 -0.23929732E-32
  0.64646465E+13  0.13215861E-30  0.17458410E-32
  0.65381084E+13  0.13408126E-30  0.30388452E-32
  0.66115702E+13  0.13726372E-30  0.68534833E-32
  0.66850321E+13  0.13870201E-30  0.85679971E-32
  0.67584940E+13  0.14249448E-30  0.12017475E-31
  0.68319559E+13  0.14458239E-30  0.14753856E-31
  0.69054178E+13  0.14780954E-30  0.18883301E-31
  0.69788797E+13  0.14968635E-30  0.21603798E-31
  0.70523416E+13  0.15282947E-30  0.25910201E-31
  0.71258035E+13  0.15496902E-30  0.28663077E-31
  0.71992654E+13  0.15847592E-30  0.33604674E-31
  0.72727273E+13  0.16077931E-30  0.37220371E-31
  0.73461892E+13  0.16332396E-30  0.42639221E-31
  0.74196511E+13  0.16602758E-30  0.46553979E-31
  0.74931129E+13  0.16766813E-30  0.51590537E-31
  0.75665748E+13  0.17159472E-30  0.56508849E-31
  0.76400367E+13  0.17315254E-30  0.61972309E-31
  0.77134986E+13  0.17585469E-30  0.68560461E-31
  0.77869605E+13  0.17835782E-30  0.73943287E-31
  0.78604224E+13  0.17924605E-30  0.80045945E-31
  0.79338843E+13  0.18215385E-30  0.87003476E-31
  0.80073462E+13  0.18478186E-30  0.93480881E-31
  0.80808081E+13  0.18495319E-30  0.10097408E-30
  0.81542700E+13  0.18680064E-30  0.10920232E-30
  0.82277319E+13  0.18867832E-30  0.11638399E-30
  0.83011938E+13  0.18883698E-30  0.12441045E-30
  0.83746556E+13  0.18938853E-30  0.13321100E-30
  0.84481175E+13  0.19005381E-30  0.14239566E-30
  0.85215794E+13  0.19006836E-30  0.15156321E-30
  0.85950413E+13  0.18950874E-30  0.16061675E-30
  0.86685032E+13  0.18840141E-30  0.17002918E-30
  0.87419651E+13  0.18706995E-30  0.17978180E-30
  0.88154270E+13  0.18508187E-30  0.18982544E-30
  0.88888889E+13  0.18366983E-30  0.19950038E-30
  0.89623508E+13  0.18286569E-30  0.20783033E-30
  0.90358127E+13  0.18341360E-30  0.21631877E-30
  0.91092746E+13  0.18912200E-30  0.22156075E-30
  0.91827365E+13  0.20904750E-30  0.25119436E-30
  0.92561983E+13  0.20148467E-30  0.28957831E-30
  0.93296602E+13  0.18373052E-30  0.32114640E-30
  0.94031221E+13  0.15879337E-30  0.34699807E-30
  0.94765840E+13  0.13103278E-30  0.36749749E-30
  0.95500459E+13  0.10099543E-30  0.38261168E-30
  0.96235078E+13  0.69490120E-31  0.39255861E-30
  0.96969697E+13  0.38169029E-31  0.39774036E-30
  0.97704316E+13  0.66728694E-32  0.39831164E-30
  0.98438935E+13 -0.23981924E-31  0.39565883E-30
  0.99173554E+13 -0.54168896E-31  0.38858645E-30
  0.99908173E+13 -0.82163077E-31  0.37848336E-30
  0.10064279E+14 -0.10920515E-30  0.36458877E-30
  0.10137741E+14 -0.13256899E-30  0.34681303E-30
  0.10211203E+14 -0.15210175E-30  0.32812495E-30
  0.10284665E+14 -0.16961336E-30  0.30963805E-30
  0.10358127E+14 -0.18710285E-30  0.28946697E-30
  0.10431589E+14 -0.20287335E-30  0.26667095E-30
  0.10505051E+14 -0.21795367E-30  0.23984309E-30
  0.10578512E+14 -0.23010759E-30  0.20773350E-30
  0.10651974E+14 -0.23872671E-30  0.16535849E-30
  0.10725436E+14 -0.20857561E-30  0.10168882E-30
  0.10798898E+14 -0.16062447E-30  0.10226976E-30
  0.10872360E+14 -0.14267813E-30  0.10669598E-30
  0.10945822E+14 -0.13099973E-30  0.10874862E-30
  0.11019284E+14 -0.12240279E-30  0.10992188E-30
  0.11092746E+14 -0.11547231E-30  0.11082849E-30
  0.11166208E+14 -0.10919591E-30  0.11187438E-30
  0.11239669E+14 -0.10462438E-30  0.11308016E-30
  0.11313131E+14 -0.10091857E-30  0.11441481E-30
  0.11386593E+14 -0.97794963E-31  0.11533267E-30
  0.11460055E+14 -0.94946237E-31  0.11677024E-30
  0.11533517E+14 -0.92813659E-31  0.11824321E-30
  0.11606979E+14 -0.91504066E-31  0.12011161E-30
  0.11680441E+14 -0.90498251E-31  0.12133712E-30
  0.11753903E+14 -0.89749421E-31  0.12293227E-30
  0.11827365E+14 -0.89319555E-31  0.12465323E-30
  0.11900826E+14 -0.89463734E-31  0.12654655E-30
  0.11974288E+14 -0.90345385E-31  0.12798943E-30
  0.12047750E+14 -0.90916470E-31  0.12942377E-30
  0.12121212E+14 -0.91899326E-31  0.13110316E-30
  0.12194674E+14 -0.93419121E-31  0.13271587E-30
  0.12268136E+14 -0.95325429E-31  0.13407884E-30
  0.12341598E+14 -0.97173280E-31  0.13517678E-30
  0.12415060E+14 -0.99207467E-31  0.13672487E-30
  0.12488522E+14 -0.10217080E-30  0.13792690E-30
  0.12561983E+14 -0.10510039E-30  0.13842190E-30
  0.12635445E+14 -0.10778542E-30  0.13882598E-30
  0.12708907E+14 -0.11054209E-30  0.13936641E-30
  0.12782369E+14 -0.11360668E-30  0.13979311E-30
  0.12855831E+14 -0.11673605E-30  0.13981532E-30
  0.12929293E+14 -0.11954366E-30  0.13979651E-30
  0.13002755E+14 -0.12252878E-30  0.14016276E-30
  0.13076217E+14 -0.12592611E-30  0.14022227E-30
  0.13149679E+14 -0.12901753E-30  0.14001341E-30
  0.13223140E+14 -0.13197253E-30  0.14017779E-30
  0.13296602E+14 -0.13533359E-30  0.14048692E-30
  0.13370064E+14 -0.13882093E-30  0.14053737E-30
  0.13443526E+14 -0.14210996E-30  0.14075057E-30
  0.13516988E+14 -0.14548316E-30  0.14152816E-30
  0.13590450E+14 -0.14950303E-30  0.14233495E-30
  0.13663912E+14 -0.15352949E-30  0.14314057E-30
  0.13737374E+14 -0.15780241E-30  0.14461366E-30
  0.13810836E+14 -0.16307489E-30  0.14634682E-30
  0.13884298E+14 -0.16881397E-30  0.14795120E-30
  0.13957759E+14 -0.17498209E-30  0.15010847E-30
  0.14031221E+14 -0.18253841E-30  0.15267858E-30
  0.14104683E+14 -0.19121766E-30  0.15498268E-30
  0.14178145E+14 -0.20087306E-30  0.15779034E-30
  0.14251607E+14 -0.21286864E-30  0.16111078E-30
  0.14325069E+14 -0.22731054E-30  0.16425419E-30
  0.14398531E+14 -0.24514460E-30  0.16825033E-30
  0.14471993E+14 -0.26979386E-30  0.17319900E-30
  0.14545455E+14 -0.30882497E-30  0.18083466E-30
  0.14618916E+14 -0.45024513E-30  0.10817417E-30
  0.14692378E+14 -0.33637559E-30  0.29444386E-31
  0.14765840E+14 -0.32165848E-30  0.26752400E-31
  0.14839302E+14 -0.31495334E-30  0.17507125E-31
  0.14912764E+14 -0.31068105E-30  0.68752614E-32
  0.14986226E+14 -0.30675764E-30 -0.27215305E-32
  0.15059688E+14 -0.30388871E-30 -0.13293575E-31
  0.15133150E+14 -0.30108805E-30 -0.23108963E-31
  0.15206612E+14 -0.29889721E-30 -0.33311482E-31
  0.15280073E+14 -0.29655095E-30 -0.43148135E-31
  0.15353535E+14 -0.29455649E-30 -0.53615897E-31
  0.15426997E+14 -0.29198800E-30 -0.63751961E-31
  0.15500459E+14 -0.29003635E-30 -0.74570768E-31
  0.15573921E+14 -0.28724699E-30 -0.85231053E-31
  0.15647383E+14 -0.28485532E-30 -0.96562709E-31
  0.15720845E+14 -0.28227671E-30 -0.10843094E-30
  0.15794307E+14 -0.27913079E-30 -0.12067501E-30
  0.15867769E+14 -0.27615081E-30 -0.13442555E-30
  0.15941230E+14 -0.27245639E-30 -0.14945699E-30
  0.16014692E+14 -0.26882306E-30 -0.16698417E-30
  0.16088154E+14 -0.26526986E-30 -0.19123833E-30
  0.16161616E+14 -0.23009651E-30 -0.23124515E-30
  0.16235078E+14 -0.19746275E-30 -0.22783326E-30
  0.16308540E+14 -0.17528645E-30 -0.22514227E-30
  0.16382002E+14 -0.15756064E-30 -0.22203996E-30
  0.16455464E+14 -0.14254954E-30 -0.21881902E-30
  0.16528926E+14 -0.12921606E-30 -0.21562494E-30
  0.16602388E+14 -0.11701490E-30 -0.21222453E-30
  0.16675849E+14 -0.10571889E-30 -0.20881279E-30
  0.16749311E+14 -0.95457422E-31 -0.20532311E-30
  0.16822773E+14 -0.85869461E-31 -0.20172477E-30
  0.16896235E+14 -0.76736030E-31 -0.19802425E-30
  0.16969697E+14 -0.68353563E-31 -0.19431820E-30
  0.17043159E+14 -0.60364811E-31 -0.19037077E-30
  0.17116621E+14 -0.52797835E-31 -0.18654604E-30
  0.17190083E+14 -0.45723543E-31 -0.18255628E-30
  0.17263545E+14 -0.38886541E-31 -0.17845022E-30
  0.17337006E+14 -0.32643861E-31 -0.17439221E-30
  0.17410468E+14 -0.26540893E-31 -0.17020301E-30
  0.17483930E+14 -0.20806234E-31 -0.16603691E-30
  0.17557392E+14 -0.15450413E-31 -0.16157948E-30
  0.17630854E+14 -0.10401256E-31 -0.15744720E-30
  0.17704316E+14 -0.54580033E-32 -0.15305446E-30
  0.17777778E+14 -0.86482253E-33 -0.14859140E-30
  0.17851240E+14  0.32591523E-32 -0.14413695E-30
  0.17924702E+14  0.73623701E-32 -0.13981324E-30
  0.17998163E+14  0.11169522E-31 -0.13529606E-30
  0.18071625E+14  0.14696465E-31 -0.13068881E-30
  0.18145087E+14  0.17803875E-31 -0.12633692E-30
  0.18218549E+14  0.21142006E-31 -0.12184727E-30
  0.18292011E+14  0.23831212E-31 -0.11719492E-30
  0.18365473E+14  0.26420928E-31 -0.11275643E-30
  0.18438935E+14  0.28738118E-31 -0.10839450E-30
  0.18512397E+14  0.31172475E-31 -0.10385957E-30
  0.18585859E+14  0.32857463E-31 -0.99241227E-31
  0.18659320E+14  0.34635352E-31 -0.95072321E-31
  0.18732782E+14  0.36337319E-31 -0.90666126E-31
  0.18806244E+14  0.37734370E-31 -0.86158810E-31
  0.18879706E+14  0.38653881E-31 -0.81896590E-31
  0.18953168E+14  0.39823547E-31 -0.77841926E-31
  0.19026630E+14  0.40757192E-31 -0.73468705E-31
  0.19100092E+14  0.41180286E-31 -0.69220380E-31
  0.19173554E+14  0.41574434E-31 -0.65405987E-31
  0.19247016E+14  0.42155240E-31 -0.61285924E-31
  0.19320478E+14  0.42066266E-31 -0.57199378E-31
  0.19393939E+14  0.41984056E-31 -0.53494180E-31
  0.19467401E+14  0.41933643E-31 -0.49811609E-31
  0.19540863E+14  0.41669459E-31 -0.45827125E-31
  0.19614325E+14  0.40869936E-31 -0.42404244E-31
  0.19687787E+14  0.40611420E-31 -0.38986561E-31
  0.19761249E+14  0.39744332E-31 -0.35333851E-31
  0.19834711E+14  0.38725904E-31 -0.32124318E-31
  0.19908173E+14  0.37847726E-31 -0.29080261E-31
  0.19981635E+14  0.36827888E-31 -0.25708101E-31
  0.20055096E+14  0.35263114E-31 -0.22867238E-31
  0.20128558E+14  0.34279085E-31 -0.20096398E-31
  0.20202020E+14  0.32672859E-31 -0.17098723E-31
  0.20275482E+14  0.31030156E-31 -0.14715810E-31
  0.20348944E+14  0.29673920E-31 -0.12125305E-31
  0.20422406E+14  0.27674181E-31 -0.96392313E-32
  0.20495868E+14  0.25938863E-31 -0.76540337E-32
  0.20569330E+14  0.24155116E-31 -0.53221285E-32
  0.20642792E+14  0.21936008E-31 -0.35722748E-32
  0.20716253E+14  0.20189911E-31 -0.16142899E-32
  0.20789715E+14  0.17823769E-31 -0.17493733E-33
  0.20863177E+14  0.15898991E-31  0.14556389E-32
  0.20936639E+14  0.13415196E-31  0.26152123E-32
  0.21010101E+14  0.11332296E-31  0.37563414E-32
  0.21083563E+14  0.89559506E-32  0.45064736E-32
  0.21157025E+14  0.63735133E-32  0.50639925E-32
  0.21230487E+14  0.39423910E-32  0.52749194E-32
  0.21303949E+14  0.15610331E-32  0.48860982E-32
  0.21377410E+14  0.00000000E+00  0.28551171E-32
  0.21450872E+14  0.00000000E+00  0.20883860E-32
  0.21524334E+14  0.00000000E+00  0.19315109E-32
  0.21597796E+14  0.00000000E+00  0.21056493E-32
  0.21671258E+14  0.00000000E+00  0.25220142E-32
  0.21744720E+14  0.00000000E+00  0.31427837E-32
  0.21818182E+14  0.00000000E+00  0.39545172E-32
  0.21891644E+14  0.00000000E+00  0.49603436E-32
  0.21965106E+14  0.00000000E+00  0.61790955E-32
  0.22038567E+14  0.00000000E+00  0.76496298E-32
  0.22112029E+14  0.00000000E+00  0.94431807E-32
  0.22185491E+14  0.00000000E+00  0.11695448E-31
  0.22258953E+14  0.00000000E+00  0.14706980E-31
  0.22332415E+14  0.00000000E+00  0.19442515E-31
  0.22405877E+14 -0.77389884E-32  0.28141540E-31
  0.22479339E+14 -0.15041586E-31  0.25858200E-31
  0.22552801E+14 -0.18640766E-31  0.24470884E-31
  0.22626263E+14 -0.21975577E-31  0.22076924E-31
  0.22699725E+14 -0.24599290E-31  0.21369950E-31
  0.22773186E+14 -0.26224123E-31  0.19896111E-31
  0.22846648E+14 -0.28439502E-31  0.18403570E-31
  0.22920110E+14 -0.30719481E-31  0.17227789E-31
  0.22993572E+14 -0.32190427E-31  0.16165945E-31
  0.23067034E+14 -0.33451293E-31  0.14799365E-31
  0.23140496E+14 -0.34880621E-31  0.13713338E-31
  0.23213958E+14 -0.35327208E-31  0.12794835E-31
  0.23287420E+14 -0.36496024E-31  0.11397080E-31
  0.23360882E+14 -0.38294407E-31  0.10511671E-31
  0.23434343E+14 -0.38775559E-31  0.95593933E-32
  0.23507805E+14 -0.39639531E-31  0.84468854E-32
  0.23581267E+14 -0.40483289E-31  0.74610921E-32
  0.23654729E+14 -0.41362475E-31  0.65844679E-32
  0.23728191E+14 -0.41739504E-31  0.55761088E-32
  0.23801653E+14 -0.43041568E-31  0.46424100E-32
  0.23875115E+14 -0.43035156E-31  0.39168003E-32
  0.23948577E+14 -0.44057335E-31  0.26691645E-32
  0.24022039E+14 -0.44551180E-31  0.21443582E-32
  0.24095500E+14 -0.44912064E-31  0.10711919E-32
  0.24168962E+14 -0.45716579E-31  0.30509504E-33
  0.24242424E+14 -0.45960089E-31 -0.47872930E-33
  0.24315886E+14 -0.46569719E-31 -0.14736072E-32
  0.24389348E+14 -0.46948125E-31 -0.19611729E-32
  0.24462810E+14 -0.47430319E-31 -0.31442777E-32
  0.24536272E+14 -0.47806304E-31 -0.35172996E-32
  0.24609734E+14 -0.48208343E-31 -0.46468741E-32
  0.24683196E+14 -0.48730570E-31 -0.50646445E-32
  0.24756657E+14 -0.48812556E-31 -0.61439479E-32
  0.24830119E+14 -0.49531130E-31 -0.66150381E-32
  0.24903581E+14 -0.49475540E-31 -0.75010128E-32
  0.24977043E+14 -0.50219126E-31 -0.81385479E-32
  0.25050505E+14 -0.50172854E-31 -0.88451332E-32
  0.25123967E+14 -0.50800734E-31 -0.96323008E-32
  0.25197429E+14 -0.50836845E-31 -0.10204723E-31
  0.25270891E+14 -0.51391932E-31 -0.11018758E-31
  0.25344353E+14 -0.51454514E-31 -0.11532945E-31
  0.25417815E+14 -0.51981870E-31 -0.12364356E-31
  0.25491276E+14 -0.52052265E-31 -0.12860116E-31
  0.25564738E+14 -0.52583169E-31 -0.13707474E-31
  0.25638200E+14 -0.52637996E-31 -0.14156329E-31
  0.25711662E+14 -0.53185040E-31 -0.15031141E-31
  0.25785124E+14 -0.53267800E-31 -0.15411806E-31
  0.25858586E+14 -0.53677366E-31 -0.16312437E-31
  0.25932048E+14 -0.53943385E-31 -0.16627526E-31
  0.26005510E+14 -0.54215340E-31 -0.17548532E-31
  0.26078972E+14 -0.54672370E-31 -0.17869612E-31
  0.26152433E+14 -0.54774743E-31 -0.18752918E-31
  0.26225895E+14 -0.55440135E-31 -0.19110248E-31
  0.26299357E+14 -0.55377690E-31 -0.19884343E-31
  0.26372819E+14 -0.56153886E-31 -0.20357103E-31
  0.26446281E+14 -0.56105828E-31 -0.20935279E-31
  0.26519743E+14 -0.56920040E-31 -0.21551423E-31
  0.26593205E+14 -0.57054501E-31 -0.22004129E-31
  0.26666667E+14 -0.57661341E-31 -0.22703185E-31
  0.26740129E+14 -0.58043269E-31 -0.23089951E-31
  0.26813590E+14 -0.58691815E-31 -0.23674606E-31
  0.26887052E+14 -0.59084146E-31 -0.24047993E-31
  0.26960514E+14 -0.59929936E-31 -0.24717240E-31
  0.27033976E+14 -0.60817106E-31 -0.24940623E-31
  0.27107438E+14 -0.61345106E-31 -0.25486826E-31
  0.27180900E+14 -0.62629368E-31 -0.25802174E-31
  0.27254362E+14 -0.63395101E-31 -0.26073994E-31
  0.27327824E+14 -0.65222287E-31 -0.26544142E-31
  0.27401286E+14 -0.67017917E-31 -0.26345960E-31
  0.27474747E+14 -0.69384327E-31 -0.26534191E-31
  0.27548209E+14 -0.75236193E-31 -0.27770597E-31
  0.27621671E+14 -0.78159600E-31 -0.32392088E-31
  0.27695133E+14 -0.79872321E-31 -0.36988059E-31
  0.27768595E+14 -0.80953052E-31 -0.41303872E-31
  0.27842057E+14 -0.81246339E-31 -0.45487710E-31
  0.27915519E+14 -0.81366084E-31 -0.49697313E-31
  0.27988981E+14 -0.81050208E-31 -0.53612392E-31
  0.28062443E+14 -0.80236725E-31 -0.57507223E-31
  0.28135904E+14 -0.79214670E-31 -0.61343734E-31
  0.28209366E+14 -0.78060879E-31 -0.64891815E-31
  0.28282828E+14 -0.76440158E-31 -0.68358594E-31
  0.28356290E+14 -0.74809463E-31 -0.71736620E-31
  0.28429752E+14 -0.72743561E-31 -0.74857526E-31
  0.28503214E+14 -0.70631929E-31 -0.77915691E-31
  0.28576676E+14 -0.68326167E-31 -0.80696849E-31
  0.28650138E+14 -0.65810045E-31 -0.83366830E-31
  0.28723600E+14 -0.63030714E-31 -0.85841357E-31
  0.28797062E+14 -0.60377066E-31 -0.88099188E-31
  0.28870523E+14 -0.57364895E-31 -0.90121093E-31
  0.28943985E+14 -0.54324407E-31 -0.91963154E-31
  0.29017447E+14 -0.50966095E-31 -0.93618429E-31
  0.29090909E+14 -0.47859652E-31 -0.94913915E-31
  0.29164371E+14 -0.44563880E-31 -0.96019247E-31
  0.29237833E+14 -0.41197044E-31 -0.96820782E-31
  0.29311295E+14 -0.37783061E-31 -0.97408841E-31
  0.29384757E+14 -0.34358902E-31 -0.97608934E-31
  0.29458219E+14 -0.31012748E-31 -0.97541725E-31
  0.29531680E+14 -0.27737698E-31 -0.97121271E-31
  0.29605142E+14 -0.24865821E-31 -0.96534608E-31
  0.29678604E+14 -0.22206264E-31 -0.95599612E-31
  0.29752066E+14 -0.19588509E-31 -0.95215505E-31
  0.29825528E+14 -0.16565686E-31 -0.94371212E-31
  0.29898990E+14 -0.13362856E-31 -0.93327555E-31
  0.29972452E+14 -0.10024805E-31 -0.91420231E-31
  0.30045914E+14 -0.68702461E-32 -0.88787507E-31
  0.30119376E+14 -0.39101761E-32 -0.85230661E-31
  0.30192837E+14 -0.11955330E-32 -0.80176504E-31
  0.30266299E+14  0.41904404E-33 -0.71841203E-31
  0.30339761E+14 -0.11263665E-31 -0.58780111E-31
  0.30413223E+14 -0.22634848E-31 -0.66170986E-31
  0.30486685E+14 -0.25298873E-31 -0.72289391E-31
  0.30560147E+14 -0.25755189E-31 -0.76970325E-31
  0.30633609E+14 -0.25370874E-31 -0.80817606E-31
  0.30707071E+14 -0.24282642E-31 -0.84126585E-31
  0.30780533E+14 -0.22875057E-31 -0.86985215E-31
  0.30853994E+14 -0.20911177E-31 -0.89413626E-31
  0.30927456E+14 -0.18747869E-31 -0.91483628E-31
  0.31000918E+14 -0.16308660E-31 -0.93236992E-31
  0.31074380E+14 -0.13814846E-31 -0.94617580E-31
  0.31147842E+14 -0.11110623E-31 -0.95552658E-31
  0.31221304E+14 -0.84648761E-32 -0.96204296E-31
  0.31294766E+14 -0.59414363E-32 -0.96604686E-31
  0.31368228E+14 -0.33278449E-32 -0.96738220E-31
  0.31441690E+14 -0.82427477E-33 -0.96695038E-31
  0.31515152E+14  0.15955114E-32 -0.96373269E-31
  0.31588613E+14  0.40288456E-32 -0.95852023E-31
  0.31662075E+14  0.62571507E-32 -0.95141033E-31
  0.31735537E+14  0.83598574E-32 -0.94175943E-31
  0.31808999E+14  0.10377517E-31 -0.93072201E-31
  0.31882461E+14  0.12074187E-31 -0.91762380E-31
  0.31955923E+14  0.13643865E-31 -0.90281250E-31
  0.32029385E+14  0.14954713E-31 -0.88688013E-31
  0.32102847E+14  0.15920984E-31 -0.86954659E-31
  0.32176309E+14  0.16444486E-31 -0.85197013E-31
  0.32249770E+14  0.16740684E-31 -0.83372049E-31
  0.32323232E+14  0.16601622E-31 -0.81540177E-31
  0.32396694E+14  0.15940750E-31 -0.79907796E-31
  0.32470156E+14  0.14743321E-31 -0.78506160E-31
  0.32543618E+14  0.12817974E-31 -0.77482367E-31
  0.32617080E+14  0.10650139E-31 -0.77517442E-31
  0.32690542E+14  0.83806515E-32 -0.77877874E-31
  0.32764004E+14  0.57170342E-32 -0.79840281E-31
  0.32837466E+14  0.41601530E-32 -0.82562556E-31
  0.32910927E+14  0.33045887E-32 -0.85662228E-31
  0.32984389E+14  0.30292093E-32 -0.89027520E-31
  0.33057851E+14  0.33771046E-32 -0.92575695E-31
  0.33131313E+14  0.43769664E-32 -0.96322299E-31
  0.33204775E+14  0.62713186E-32 -0.99901422E-31
  0.33278237E+14  0.85568587E-32 -0.10305239E-30
  0.33351699E+14  0.11124281E-31 -0.10598628E-30
  0.33425161E+14  0.13959649E-31 -0.10882433E-30
  0.33498623E+14  0.17176258E-31 -0.11144003E-30
  0.33572084E+14  0.20727337E-31 -0.11388376E-30
  0.33645546E+14  0.24460477E-31 -0.11608269E-30
  0.33719008E+14  0.28621454E-31 -0.11810091E-30
  0.33792470E+14  0.32959180E-31 -0.11989793E-30
  0.33865932E+14  0.37721157E-31 -0.12133462E-30
  0.33939394E+14  0.42720216E-31 -0.12253590E-30
  0.34012856E+14  0.47986044E-31 -0.12327085E-30
  0.34086318E+14  0.53631738E-31 -0.12364279E-30
  0.34159780E+14  0.59290763E-31 -0.12350103E-30
  0.34233242E+14  0.65384419E-31 -0.12276615E-30
  0.34306703E+14  0.71353974E-31 -0.12154052E-30
  0.34380165E+14  0.77545113E-31 -0.11945172E-30
  0.34453627E+14  0.83641727E-31 -0.11683909E-30
  0.34527089E+14  0.89394274E-31 -0.11319977E-30
  0.34600551E+14  0.95084497E-31 -0.10881617E-30
  0.34674013E+14  0.99457349E-31 -0.10332594E-30
  0.34747475E+14  0.10248135E-30 -0.97683815E-31
  0.34820937E+14  0.10459126E-30 -0.93149083E-31
  0.34894399E+14  0.10683626E-30 -0.88398485E-31
  0.34967860E+14  0.10881184E-30 -0.84225297E-31
  0.35041322E+14  0.11030317E-30 -0.79638677E-31
  0.35114784E+14  0.11220157E-30 -0.75409145E-31
  0.35188246E+14  0.11283247E-30 -0.70982563E-31
  0.35261708E+14  0.11426714E-30 -0.66547222E-31
  0.35335170E+14  0.11419585E-30 -0.62685781E-31
  0.35408632E+14  0.11474503E-30 -0.57995456E-31
  0.35482094E+14  0.11448716E-30 -0.54928374E-31
  0.35555556E+14  0.11264451E-30 -0.51337176E-31
  0.35629017E+14  0.11430622E-30 -0.50102660E-31
  0.35702479E+14  0.11434057E-30 -0.47748565E-31
  0.35775941E+14  0.11583772E-30 -0.44098823E-31
  0.35849403E+14  0.11652764E-30 -0.41519555E-31
  0.35922865E+14  0.11670184E-30 -0.37488466E-31
  0.35996327E+14  0.11765599E-30 -0.34553570E-31
  0.36069789E+14  0.11708827E-30 -0.30980773E-31
  0.36143251E+14  0.11798676E-30 -0.27574055E-31
  0.36216713E+14  0.11710021E-30 -0.24446748E-31
  0.36290174E+14  0.11743144E-30 -0.20789041E-31
  0.36363636E+14  0.11687093E-30 -0.17991742E-31
  0.36437098E+14  0.11628722E-30 -0.14245683E-31
  0.36510560E+14  0.11611179E-30 -0.11563749E-31
  0.36584022E+14  0.11486079E-30 -0.81918451E-32
  0.36657484E+14  0.11486561E-30 -0.51873804E-32
  0.36730946E+14  0.11331966E-30 -0.23625542E-32
  0.36804408E+14  0.11292941E-30  0.87310592E-33
  0.36877870E+14  0.11178259E-30  0.33414061E-32
  0.36951331E+14  0.11052877E-30  0.66029623E-32
  0.37024793E+14  0.10986098E-30  0.90387247E-32
  0.37098255E+14  0.10800741E-30  0.11790984E-31
  0.37171717E+14  0.10746057E-30  0.14589645E-31
  0.37245179E+14  0.10572499E-30  0.16835642E-31
  0.37318641E+14  0.10429811E-30  0.19799363E-31
  0.37392103E+14  0.10332097E-30  0.21915956E-31
  0.37465565E+14  0.10116480E-30  0.24388048E-31
  0.37539027E+14  0.10031067E-30  0.26956763E-31
  0.37612489E+14  0.98496902E-31  0.28884538E-31
  0.37685950E+14  0.96537619E-31  0.31512311E-31
  0.37759412E+14  0.95521257E-31  0.33616215E-31
  0.37832874E+14  0.93240302E-31  0.35541424E-31
  0.37906336E+14  0.91440801E-31  0.37982079E-31
  0.37979798E+14  0.90190760E-31  0.39859768E-31
  0.38053260E+14  0.87725390E-31  0.41697207E-31
  0.38126722E+14  0.85809599E-31  0.43931231E-31
  0.38200184E+14  0.84501629E-31  0.45705485E-31
  0.38273646E+14  0.82065655E-31  0.47339050E-31
  0.38347107E+14  0.79689457E-31  0.49393475E-31
  0.38420569E+14  0.78171720E-31  0.51220430E-31
  0.38494031E+14  0.76210209E-31  0.52705817E-31
  0.38567493E+14  0.73507265E-31  0.54299482E-31
  0.38640955E+14  0.70974313E-31  0.56128225E-31
  0.38714417E+14  0.69068047E-31  0.57661302E-31
  0.38787879E+14  0.67165015E-31  0.59200524E-31
  0.38861341E+14  0.64658917E-31  0.60614010E-31
  0.38934803E+14  0.61894392E-31  0.62036576E-31
  0.39008264E+14  0.59064877E-31  0.63483889E-31
  0.39081726E+14  0.56260721E-31  0.64820486E-31
  0.39155188E+14  0.53487888E-31  0.66145898E-31
  0.39228650E+14  0.50619280E-31  0.67375889E-31
  0.39302112E+14  0.47922144E-31  0.68737108E-31
  0.39375574E+14  0.45298269E-31  0.69895127E-31
  0.39449036E+14  0.42280852E-31  0.71067535E-31
  0.39522498E+14  0.37795585E-31  0.72020519E-31
  0.39595960E+14  0.34666762E-31  0.73942592E-31
  0.39669421E+14  0.29713402E-31  0.74691197E-31
  0.39742883E+14  0.24946782E-31  0.75673773E-31
  0.39816345E+14  0.19254657E-31  0.76659548E-31
  0.39889807E+14  0.94328614E-32  0.78066388E-31
  0.39963269E+14  0.00000000E+00  0.66122799E-31
  0.40036731E+14  0.00000000E+00  0.59414658E-31
  0.40110193E+14  0.00000000E+00  0.54943525E-31
  0.40183655E+14  0.00000000E+00  0.51473582E-31
  0.40257117E+14  0.00000000E+00  0.48604744E-31
  0.40330579E+14  0.00000000E+00  0.46147241E-31
  0.40404040E+14  0.00000000E+00  0.43993266E-31
  0.40477502E+14  0.00000000E+00  0.42074599E-31
  0.40550964E+14  0.00000000E+00  0.40344830E-31
  0.40624426E+14  0.00000000E+00  0.38770699E-31
  0.40697888E+14  0.00000000E+00  0.37327409E-31
  0.40771350E+14  0.00000000E+00  0.35995896E-31
  0.40844812E+14  0.00000000E+00  0.34761135E-31
  0.40918274E+14  0.00000000E+00  0.33611039E-31
  0.40991736E+14  0.00000000E+00  0.32535719E-31
  0.41065197E+14  0.00000000E+00  0.31526967E-31
  0.41138659E+14  0.00000000E+00  0.30577883E-31
  0.41212121E+14  0.00000000E+00  0.29682602E-31
  0.41285583E+14  0.00000000E+00  0.28836098E-31
  0.41359045E+14  0.00000000E+00  0.28034019E-31
  0.41432507E+14  0.00000000E+00  0.27272576E-31
  0.41505969E+14  0.00000000E+00  0.26548444E-31
  0.41579431E+14  0.00000000E+00  0.25858686E-31
  0.41652893E+14  0.00000000E+00  0.25200700E-31
  0.41726354E+14  0.00000000E+00  0.24572163E-31
  0.41799816E+14  0.00000000E+00  0.23970995E-31
  0.41873278E+14  0.00000000E+00  0.23395323E-31
  0.41946740E+14  0.00000000E+00  0.22843458E-31
  0.42020202E+14  0.00000000E+00  0.22313868E-31
  0.42093664E+14  0.00000000E+00  0.21805161E-31
  0.42167126E+14  0.00000000E+00  0.21316068E-31
  0.42240588E+14  0.00000000E+00  0.20845426E-31
  0.42314050E+14  0.00000000E+00  0.20392171E-31
  0.42387511E+14  0.00000000E+00  0.19955325E-31
  0.42460973E+14  0.00000000E+00  0.19533984E-31
  0.42534435E+14  0.00000000E+00  0.19127317E-31
  0.42607897E+14  0.00000000E+00  0.18734553E-31
  0.42681359E+14  0.00000000E+00  0.18354978E-31
  0.42754821E+14  0.00000000E+00  0.17987927E-31
  0.42828283E+14  0.00000000E+00  0.17632784E-31
  0.42901745E+14  0.00000000E+00  0.17288973E-31
  0.42975207E+14  0.00000000E+00  0.16955957E-31
  0.43048669E+14  0.00000000E+00  0.16633234E-31
  0.43122130E+14  0.00000000E+00  0.16320335E-31
  0.43195592E+14  0.00000000E+00  0.16016818E-31
  0.43269054E+14  0.00000000E+00  0.15722270E-31
  0.43342516E+14  0.00000000E+00  0.15436302E-31
  0.43415978E+14  0.00000000E+00  0.15158549E-31
  0.43489440E+14  0.00000000E+00  0.14888667E-31
  0.43562902E+14  0.00000000E+00  0.14626330E-31
  0.43636364E+14  0.00000000E+00  0.14371232E-31
  0.43709826E+14  0.00000000E+00  0.14123084E-31
  0.43783287E+14  0.00000000E+00  0.13881611E-31
  0.43856749E+14  0.00000000E+00  0.13646554E-31
  0.43930211E+14  0.00000000E+00  0.13417668E-31
  0.44003673E+14  0.00000000E+00  0.13194718E-31
  0.44077135E+14  0.00000000E+00  0.12977485E-31
  0.44150597E+14  0.00000000E+00  0.12765758E-31
  0.44224059E+14  0.00000000E+00  0.12559338E-31
  0.44297521E+14  0.00000000E+00  0.12358033E-31
  0.44370983E+14  0.00000000E+00  0.12161664E-31
  0.44444444E+14  0.00000000E+00  0.11970058E-31
  0.44517906E+14  0.00000000E+00  0.11783051E-31
  0.44591368E+14  0.00000000E+00  0.11600487E-31
  0.44664830E+14  0.00000000E+00  0.11422215E-31
  0.44738292E+14  0.00000000E+00  0.11248093E-31
  0.44811754E+14  0.00000000E+00  0.11077984E-31
  0.44885216E+14  0.00000000E+00  0.10911758E-31
  0.44958678E+14  0.00000000E+00  0.10749290E-31
  0.45032140E+14  0.00000000E+00  0.10590460E-31
  0.45105601E+14  0.00000000E+00  0.10435154E-31
  0.45179063E+14  0.00000000E+00  0.10283262E-31
  0.45252525E+14  0.00000000E+00  0.10134679E-31
  0.45325987E+14  0.00000000E+00  0.99893046E-32
  0.45399449E+14  0.00000000E+00  0.98470409E-32
  0.45472911E+14  0.00000000E+00  0.97077954E-32
  0.45546373E+14  0.00000000E+00  0.95714788E-32
  0.45619835E+14  0.00000000E+00  0.94380053E-32
  0.45693297E+14  0.00000000E+00  0.93072923E-32
  0.45766758E+14  0.00000000E+00  0.91792605E-32
  0.45840220E+14  0.00000000E+00  0.90538335E-32
  0.45913682E+14  0.00000000E+00  0.89309379E-32
  0.45987144E+14  0.00000000E+00  0.88105028E-32
  0.46060606E+14  0.00000000E+00  0.86924600E-32
  0.46134068E+14  0.00000000E+00  0.85767439E-32
  0.46207530E+14  0.00000000E+00  0.84632912E-32
  0.46280992E+14  0.00000000E+00  0.83520406E-32
  0.46354454E+14  0.00000000E+00  0.82429334E-32
  0.46427916E+14  0.00000000E+00  0.81359127E-32
  0.46501377E+14  0.00000000E+00  0.80309235E-32
  0.46574839E+14  0.00000000E+00  0.79279129E-32
  0.46648301E+14  0.00000000E+00  0.78268297E-32
  0.46721763E+14  0.00000000E+00  0.77276243E-32
  0.46795225E+14  0.00000000E+00  0.76302491E-32
  0.46868687E+14  0.00000000E+00  0.75346576E-32
  0.46942149E+14  0.00000000E+00  0.74408053E-32
  0.47015611E+14  0.00000000E+00  0.73486489E-32
  0.47089073E+14  0.00000000E+00  0.72581465E-32
  0.47162534E+14  0.00000000E+00  0.71692575E-32
  0.47235996E+14  0.00000000E+00  0.70819429E-32
  0.47309458E+14  0.00000000E+00  0.69961645E-32
  0.47382920E+14  0.00000000E+00  0.69118857E-32
  0.47456382E+14  0.00000000E+00  0.68290706E-32
  0.47529844E+14  0.00000000E+00  0.67476848E-32
  0.47603306E+14  0.00000000E+00  0.66676948E-32
  0.47676768E+14  0.00000000E+00  0.65890681E-32
  0.47750230E+14  0.00000000E+00  0.65117731E-32
  0.47823691E+14  0.00000000E+00  0.64357793E-32
  0.47897153E+14  0.00000000E+00  0.63610571E-32
  0.47970615E+14  0.00000000E+00  0.62875776E-32
  0.48044077E+14  0.00000000E+00  0.62153129E-32
  0.48117539E+14  0.00000000E+00  0.61442358E-32
  0.48191001E+14  0.00000000E+00  0.60743200E-32
  0.48264463E+14  0.00000000E+00  0.60055400E-32
  0.48337925E+14  0.00000000E+00  0.59378707E-32
  0.48411387E+14  0.00000000E+00  0.58712881E-32
  0.48484848E+14  0.00000000E+00  0.58057686E-32
  0.48558310E+14  0.00000000E+00  0.57412894E-32
  0.48631772E+14  0.00000000E+00  0.56778283E-32
  0.48705234E+14  0.00000000E+00  0.56153636E-32
  0.48778696E+14  0.00000000E+00  0.55538744E-32
  0.48852158E+14  0.00000000E+00  0.54933403E-32
  0.48925620E+14  0.00000000E+00  0.54337412E-32
  0.48999082E+14  0.00000000E+00  0.53750578E-32
  0.49072544E+14  0.00000000E+00  0.53172714E-32
  0.49146006E+14  0.00000000E+00  0.52603635E-32
  0.49219467E+14  0.00000000E+00  0.52043162E-32
  0.49292929E+14  0.00000000E+00  0.51491121E-32
  0.49366391E+14  0.00000000E+00  0.50947344E-32
  0.49439853E+14  0.00000000E+00  0.50411664E-32
  0.49513315E+14  0.00000000E+00  0.49883921E-32
  0.49586777E+14  0.00000000E+00  0.49363957E-32
  0.49660239E+14  0.00000000E+00  0.48851620E-32
  0.49733701E+14  0.00000000E+00  0.48346761E-32
  0.49807163E+14  0.00000000E+00  0.47849233E-32
  0.49880624E+14  0.00000000E+00  0.47358896E-32
  0.49954086E+14  0.00000000E+00  0.46875611E-32
  0.50027548E+14  0.00000000E+00  0.46399244E-32
  0.50101010E+14  0.00000000E+00  0.45929661E-32
  0.50174472E+14  0.00000000E+00  0.45466736E-32
  0.50247934E+14  0.00000000E+00  0.45010343E-32
  0.50321396E+14  0.00000000E+00  0.44560359E-32
  0.50394858E+14  0.00000000E+00  0.44116665E-32
  0.50468320E+14  0.00000000E+00  0.43679144E-32
  0.50541781E+14  0.00000000E+00  0.43247683E-32
  0.50615243E+14  0.00000000E+00  0.42822170E-32
  0.50688705E+14  0.00000000E+00  0.42402496E-32
  0.50762167E+14  0.00000000E+00  0.41988557E-32
  0.50835629E+14  0.00000000E+00  0.41580247E-32
  0.50909091E+14  0.00000000E+00  0.41177467E-32
  0.50982553E+14  0.00000000E+00  0.40780116E-32
  0.51056015E+14  0.00000000E+00  0.40388098E-32
  0.51129477E+14  0.00000000E+00  0.40001319E-32
  0.51202938E+14  0.00000000E+00  0.39619685E-32
  0.51276400E+14  0.00000000E+00  0.39243108E-32
  0.51349862E+14  0.00000000E+00  0.38871498E-32
  0.51423324E+14  0.00000000E+00  0.38504770E-32
  0.51496786E+14  0.00000000E+00  0.38142838E-32
  0.51570248E+14  0.00000000E+00  0.37785620E-32
  0.51643710E+14  0.00000000E+00  0.37433035E-32
  0.51717172E+14  0.00000000E+00  0.37085005E-32
  0.51790634E+14  0.00000000E+00  0.36741451E-32
  0.51864096E+14  0.00000000E+00  0.36402298E-32
  0.51937557E+14  0.00000000E+00  0.36067473E-32
  0.52011019E+14  0.00000000E+00  0.35736901E-32
  0.52084481E+14  0.00000000E+00  0.35410514E-32
  0.52157943E+14  0.00000000E+00  0.35088240E-32
  0.52231405E+14  0.00000000E+00  0.34770012E-32
  0.52304867E+14  0.00000000E+00  0.34455763E-32
  0.52378329E+14  0.00000000E+00  0.34145428E-32
  0.52451791E+14  0.00000000E+00  0.33838944E-32
  0.52525253E+14  0.00000000E+00  0.33536247E-32
  0.52598714E+14  0.00000000E+00  0.33237276E-32
  0.52672176E+14  0.00000000E+00  0.32941972E-32
  0.52745638E+14  0.00000000E+00  0.32650275E-32
  0.52819100E+14  0.00000000E+00  0.32362127E-32
  0.52892562E+14  0.00000000E+00  0.32077473E-32
  0.52966024E+14  0.00000000E+00  0.31796257E-32
  0.53039486E+14  0.00000000E+00  0.31518425E-32
  0.53112948E+14  0.00000000E+00  0.31243923E-32
  0.53186410E+14  0.00000000E+00  0.30972700E-32
  0.53259871E+14  0.00000000E+00  0.30704703E-32
  0.53333333E+14  0.00000000E+00  0.30439884E-32
  0.53406795E+14  0.00000000E+00  0.30178193E-32
  0.53480257E+14  0.00000000E+00  0.29919582E-32
  0.53553719E+14  0.00000000E+00  0.29664004E-32
  0.53627181E+14  0.00000000E+00  0.29411411E-32
  0.53700643E+14  0.00000000E+00  0.29161760E-32
  0.53774105E+14  0.00000000E+00  0.28915005E-32
  0.53847567E+14  0.00000000E+00  0.28671102E-32
  0.53921028E+14  0.00000000E+00  0.28430009E-32
  0.53994490E+14  0.00000000E+00  0.28191683E-32
  0.54067952E+14  0.00000000E+00  0.27956084E-32
  0.54141414E+14  0.00000000E+00  0.27723170E-32
  0.54214876E+14  0.00000000E+00  0.27492902E-32
  0.54288338E+14  0.00000000E+00  0.27265241E-32
  0.54361800E+14  0.00000000E+00  0.27040149E-32
  0.54435262E+14  0.00000000E+00  0.26817587E-32
  0.54508724E+14  0.00000000E+00  0.26597520E-32
  0.54582185E+14  0.00000000E+00  0.26379910E-32
  0.54655647E+14  0.00000000E+00  0.26164722E-32
  0.54729109E+14  0.00000000E+00  0.25951921E-32
  0.54802571E+14  0.00000000E+00  0.25741473E-32
  0.54876033E+14  0.00000000E+00  0.25533345E-32
  0.54949495E+14  0.00000000E+00  0.25327502E-32
  0.55022957E+14  0.00000000E+00  0.25123913E-32
  0.55096419E+14  0.00000000E+00  0.24922545E-32
  0.55169881E+14  0.00000000E+00  0.24723368E-32
  0.55243343E+14  0.00000000E+00  0.24526349E-32
  0.55316804E+14  0.00000000E+00  0.24331460E-32
  0.55390266E+14  0.00000000E+00  0.24138671E-32
  0.55463728E+14  0.00000000E+00  0.23947951E-32
  0.55537190E+14  0.00000000E+00  0.23759273E-32
  0.55610652E+14  0.00000000E+00  0.23572608E-32
  0.55684114E+14  0.00000000E+00  0.23387928E-32
  0.55757576E+14  0.00000000E+00  0.23205206E-32
  0.55831038E+14  0.00000000E+00  0.23024416E-32
  0.55904500E+14  0.00000000E+00  0.22845530E-32
  0.55977961E+14  0.00000000E+00  0.22668524E-32
  0.56051423E+14  0.00000000E+00  0.22493372E-32
  0.56124885E+14  0.00000000E+00  0.22320047E-32
  0.56198347E+14  0.00000000E+00  0.22148527E-32
  0.56271809E+14  0.00000000E+00  0.21978787E-32
  0.56345271E+14  0.00000000E+00  0.21810803E-32
  0.56418733E+14  0.00000000E+00  0.21644551E-32
  0.56492195E+14  0.00000000E+00  0.21480009E-32
  0.56565657E+14  0.00000000E+00  0.21317153E-32
  0.56639118E+14  0.00000000E+00  0.21155963E-32
  0.56712580E+14  0.00000000E+00  0.20996415E-32
  0.56786042E+14  0.00000000E+00  0.20838488E-32
  0.56859504E+14  0.00000000E+00  0.20682162E-32
  0.56932966E+14  0.00000000E+00  0.20527414E-32
  0.57006428E+14  0.00000000E+00  0.20374226E-32
  0.57079890E+14  0.00000000E+00  0.20222576E-32
  0.57153352E+14  0.00000000E+00  0.20072444E-32
  0.57226814E+14  0.00000000E+00  0.19923812E-32
  0.57300275E+14  0.00000000E+00  0.19776660E-32
  0.57373737E+14  0.00000000E+00  0.19630968E-32
  0.57447199E+14  0.00000000E+00  0.19486719E-32
  0.57520661E+14  0.00000000E+00  0.19343894E-32
  0.57594123E+14  0.00000000E+00  0.19202475E-32
  0.57667585E+14  0.00000000E+00  0.19062444E-32
  0.57741047E+14  0.00000000E+00  0.18923784E-32
  0.57814509E+14  0.00000000E+00  0.18786478E-32
  0.57887971E+14  0.00000000E+00  0.18650508E-32
  0.57961433E+14  0.00000000E+00  0.18515858E-32
  0.58034894E+14  0.00000000E+00  0.18382512E-32
  0.58108356E+14  0.00000000E+00  0.18250453E-32
  0.58181818E+14  0.00000000E+00  0.18119666E-32
  0.58255280E+14  0.00000000E+00  0.17990134E-32
  0.58328742E+14  0.00000000E+00  0.17861843E-32
  0.58402204E+14  0.00000000E+00  0.17734777E-32
  0.58475666E+14  0.00000000E+00  0.17608921E-32
  0.58549128E+14  0.00000000E+00  0.17484260E-32
  0.58622590E+14  0.00000000E+00  0.17360781E-32
  0.58696051E+14  0.00000000E+00  0.17238468E-32
  0.58769513E+14  0.00000000E+00  0.17117307E-32
  0.58842975E+14  0.00000000E+00  0.16997285E-32
  0.58916437E+14  0.00000000E+00  0.16878389E-32
  0.58989899E+14  0.00000000E+00  0.16760603E-32
  0.59063361E+14  0.00000000E+00  0.16643916E-32
  0.59136823E+14  0.00000000E+00  0.16528314E-32
  0.59210285E+14  0.00000000E+00  0.16413785E-32
  0.59283747E+14  0.00000000E+00  0.16300315E-32
  0.59357208E+14  0.00000000E+00  0.16187892E-32
  0.59430670E+14  0.00000000E+00  0.16076503E-32
  0.59504132E+14  0.00000000E+00  0.15966138E-32
  0.59577594E+14  0.00000000E+00  0.15856782E-32
  0.59651056E+14  0.00000000E+00  0.15748426E-32
  0.59724518E+14  0.00000000E+00  0.15641057E-32
  0.59797980E+14  0.00000000E+00  0.15534664E-32
  0.59871442E+14  0.00000000E+00  0.15429235E-32
  0.59944904E+14  0.00000000E+00  0.15324759E-32
  0.60018365E+14  0.00000000E+00  0.15221226E-32
  0.60091827E+14  0.00000000E+00  0.15118624E-32
  0.60165289E+14  0.00000000E+00  0.15016943E-32
  0.60238751E+14  0.00000000E+00  0.14916172E-32
  0.60312213E+14  0.00000000E+00  0.14816301E-32
  0.60385675E+14  0.00000000E+00  0.14717320E-32
  0.60459137E+14  0.00000000E+00  0.14619219E-32
  0.60532599E+14  0.00000000E+00  0.14521987E-32
  0.60606061E+14  0.00000000E+00  0.14425615E-32
  0.60679522E+14  0.00000000E+00  0.14330093E-32
  0.60752984E+14  0.00000000E+00  0.14235412E-32
  0.60826446E+14  0.00000000E+00  0.14141562E-32
  0.60899908E+14  0.00000000E+00  0.14048534E-32
  0.60973370E+14  0.00000000E+00  0.13956318E-32
  0.61046832E+14  0.00000000E+00  0.13864907E-32
  0.61120294E+14  0.00000000E+00  0.13774290E-32
  0.61193756E+14  0.00000000E+00  0.13684460E-32
  0.61267218E+14  0.00000000E+00  0.13595407E-32
  0.61340680E+14  0.00000000E+00  0.13507123E-32
  0.61414141E+14  0.00000000E+00  0.13419600E-32
  0.61487603E+14  0.00000000E+00  0.13332828E-32
  0.61561065E+14  0.00000000E+00  0.13246801E-32
  0.61634527E+14  0.00000000E+00  0.13161509E-32
  0.61707989E+14  0.00000000E+00  0.13076946E-32
  0.61781451E+14  0.00000000E+00  0.12993102E-32
  0.61854913E+14  0.00000000E+00  0.12909971E-32
  0.61928375E+14  0.00000000E+00  0.12827544E-32
  0.62001837E+14  0.00000000E+00  0.12745814E-32
  0.62075298E+14  0.00000000E+00  0.12664774E-32
  0.62148760E+14  0.00000000E+00  0.12584416E-32
  0.62222222E+14  0.00000000E+00  0.12504733E-32
  0.62295684E+14  0.00000000E+00  0.12425717E-32
  0.62369146E+14  0.00000000E+00  0.12347362E-32
  0.62442608E+14  0.00000000E+00  0.12269661E-32
  0.62516070E+14  0.00000000E+00  0.12192607E-32
  0.62589532E+14  0.00000000E+00  0.12116192E-32
  0.62662994E+14  0.00000000E+00  0.12040411E-32
  0.62736455E+14  0.00000000E+00  0.11965256E-32
  0.62809917E+14  0.00000000E+00  0.11890721E-32
  0.62883379E+14  0.00000000E+00  0.11816799E-32
  0.62956841E+14  0.00000000E+00  0.11743485E-32
  0.63030303E+14  0.00000000E+00  0.11670772E-32
  0.63103765E+14  0.00000000E+00  0.11598653E-32
  0.63177227E+14  0.00000000E+00  0.11527123E-32
  0.63250689E+14  0.00000000E+00  0.11456175E-32
  0.63324151E+14  0.00000000E+00  0.11385803E-32
  0.63397612E+14  0.00000000E+00  0.11316002E-32
  0.63471074E+14  0.00000000E+00  0.11246766E-32
  0.63544536E+14  0.00000000E+00  0.11178088E-32
  0.63617998E+14  0.00000000E+00  0.11109963E-32
  0.63691460E+14  0.00000000E+00  0.11042387E-32
  0.63764922E+14  0.00000000E+00  0.10975352E-32
  0.63838384E+14  0.00000000E+00  0.10908853E-32
  0.63911846E+14  0.00000000E+00  0.10842886E-32
  0.63985308E+14  0.00000000E+00  0.10777444E-32
  0.64058770E+14  0.00000000E+00  0.10712523E-32
  0.64132231E+14  0.00000000E+00  0.10648117E-32
  0.64205693E+14  0.00000000E+00  0.10584221E-32
  0.64279155E+14  0.00000000E+00  0.10520830E-32
  0.64352617E+14  0.00000000E+00  0.10457939E-32
  0.64426079E+14  0.00000000E+00  0.10395543E-32
  0.64499541E+14  0.00000000E+00  0.10333637E-32
  0.64573003E+14  0.00000000E+00  0.10272216E-32
  0.64646465E+14  0.00000000E+00  0.10211275E-32
  0.64719927E+14  0.00000000E+00  0.10150810E-32
  0.64793388E+14  0.00000000E+00  0.10090817E-32
  0.64866850E+14  0.00000000E+00  0.10031289E-32
  0.64940312E+14  0.00000000E+00  0.99722234E-33
  0.65013774E+14  0.00000000E+00  0.99136150E-33
  0.65087236E+14  0.00000000E+00  0.98554594E-33
  0.65160698E+14  0.00000000E+00  0.97977522E-33
  0.65234160E+14  0.00000000E+00  0.97404890E-33
  0.65307622E+14  0.00000000E+00  0.96836657E-33
  0.65381084E+14  0.00000000E+00  0.96272778E-33
  0.65454545E+14  0.00000000E+00  0.95713213E-33
  0.65528007E+14  0.00000000E+00  0.95157919E-33
  0.65601469E+14  0.00000000E+00  0.94606856E-33
  0.65674931E+14  0.00000000E+00  0.94059983E-33
  0.65748393E+14  0.00000000E+00  0.93517260E-33
  0.65821855E+14  0.00000000E+00  0.92978647E-33
  0.65895317E+14  0.00000000E+00  0.92444105E-33
  0.65968779E+14  0.00000000E+00  0.91913596E-33
  0.66042241E+14  0.00000000E+00  0.91387081E-33
  0.66115702E+14  0.00000000E+00  0.90864522E-33
  0.66189164E+14  0.00000000E+00  0.90345883E-33
  0.66262626E+14  0.00000000E+00  0.89831126E-33
  0.66336088E+14  0.00000000E+00  0.89320214E-33
  0.66409550E+14  0.00000000E+00  0.88813112E-33
  0.66483012E+14  0.00000000E+00  0.88309784E-33
  0.66556474E+14  0.00000000E+00  0.87810194E-33
  0.66629936E+14  0.00000000E+00  0.87314308E-33
  0.66703398E+14  0.00000000E+00  0.86822091E-33
  0.66776860E+14  0.00000000E+00  0.86333510E-33
  0.66850321E+14  0.00000000E+00  0.85848530E-33
  0.66923783E+14  0.00000000E+00  0.85367118E-33
  0.66997245E+14  0.00000000E+00  0.84889241E-33
  0.67070707E+14  0.00000000E+00  0.84414866E-33
  0.67144169E+14  0.00000000E+00  0.83943963E-33
  0.67217631E+14  0.00000000E+00  0.83476497E-33
  0.67291093E+14  0.00000000E+00  0.83012439E-33
  0.67364555E+14  0.00000000E+00  0.82551756E-33
  0.67438017E+14  0.00000000E+00  0.82094419E-33
  0.67511478E+14  0.00000000E+00  0.81640396E-33
  0.67584940E+14  0.00000000E+00  0.81189658E-33
  0.67658402E+14  0.00000000E+00  0.80742174E-33
  0.67731864E+14  0.00000000E+00  0.80297916E-33
  0.67805326E+14  0.00000000E+00  0.79856854E-33
  0.67878788E+14  0.00000000E+00  0.79418959E-33
  0.67952250E+14  0.00000000E+00  0.78984203E-33
  0.68025712E+14  0.00000000E+00  0.78552557E-33
  0.68099174E+14  0.00000000E+00  0.78123994E-33
  0.68172635E+14  0.00000000E+00  0.77698487E-33
  0.68246097E+14  0.00000000E+00  0.77276007E-33
  0.68319559E+14  0.00000000E+00  0.76856528E-33
  0.68393021E+14  0.00000000E+00  0.76440023E-33
  0.68466483E+14  0.00000000E+00  0.76026466E-33
  0.68539945E+14  0.00000000E+00  0.75615831E-33
  0.68613407E+14  0.00000000E+00  0.75208091E-33
  0.68686869E+14  0.00000000E+00  0.74803222E-33
  0.68760331E+14  0.00000000E+00  0.74401198E-33
  0.68833792E+14  0.00000000E+00  0.74001993E-33
  0.68907254E+14  0.00000000E+00  0.73605584E-33
  0.68980716E+14  0.00000000E+00  0.73211946E-33
  0.69054178E+14  0.00000000E+00  0.72821054E-33
  0.69127640E+14  0.00000000E+00  0.72432884E-33
  0.69201102E+14  0.00000000E+00  0.72047414E-33
  0.69274564E+14  0.00000000E+00  0.71664619E-33
  0.69348026E+14  0.00000000E+00  0.71284476E-33
  0.69421488E+14  0.00000000E+00  0.70906962E-33
  0.69494949E+14  0.00000000E+00  0.70532054E-33
  0.69568411E+14  0.00000000E+00  0.70159730E-33
  0.69641873E+14  0.00000000E+00  0.69789968E-33
  0.69715335E+14  0.00000000E+00  0.69422746E-33
  0.69788797E+14  0.00000000E+00  0.69058041E-33
  0.69862259E+14  0.00000000E+00  0.68695833E-33
  0.69935721E+14  0.00000000E+00  0.68336100E-33
  0.70009183E+14  0.00000000E+00  0.67978820E-33
  0.70082645E+14  0.00000000E+00  0.67623974E-33
  0.70156107E+14  0.00000000E+00  0.67271539E-33
  0.70229568E+14  0.00000000E+00  0.66921497E-33
  0.70303030E+14  0.00000000E+00  0.66573825E-33
  0.70376492E+14  0.00000000E+00  0.66228505E-33
  0.70449954E+14  0.00000000E+00  0.65885517E-33
  0.70523416E+14  0.00000000E+00  0.65544840E-33
  0.70596878E+14  0.00000000E+00  0.65206456E-33
  0.70670340E+14  0.00000000E+00  0.64870346E-33
  0.70743802E+14  0.00000000E+00  0.64536489E-33
  0.70817264E+14  0.00000000E+00  0.64204867E-33
  0.70890725E+14  0.00000000E+00  0.63875462E-33
  0.70964187E+14  0.00000000E+00  0.63548256E-33
  0.71037649E+14  0.00000000E+00  0.63223229E-33
  0.71111111E+14  0.00000000E+00  0.62900363E-33
  0.71184573E+14  0.00000000E+00  0.62579642E-33
  0.71258035E+14  0.00000000E+00  0.62261046E-33
  0.71331497E+14  0.00000000E+00  0.61944559E-33
  0.71404959E+14  0.00000000E+00  0.61630163E-33
  0.71478421E+14  0.00000000E+00  0.61317841E-33
  0.71551882E+14  0.00000000E+00  0.61007575E-33
  0.71625344E+14  0.00000000E+00  0.60699350E-33
  0.71698806E+14  0.00000000E+00  0.60393147E-33
  0.71772268E+14  0.00000000E+00  0.60088951E-33
  0.71845730E+14  0.00000000E+00  0.59786746E-33
  0.71919192E+14  0.00000000E+00  0.59486514E-33
  0.71992654E+14  0.00000000E+00  0.59188240E-33
  0.72066116E+14  0.00000000E+00  0.58891909E-33
  0.72139578E+14  0.00000000E+00  0.58597503E-33
  0.72213039E+14  0.00000000E+00  0.58305008E-33
  0.72286501E+14  0.00000000E+00  0.58014409E-33
  0.72359963E+14  0.00000000E+00  0.57725689E-33
  0.72433425E+14  0.00000000E+00  0.57438835E-33
  0.72506887E+14  0.00000000E+00  0.57153830E-33
  0.72580349E+14  0.00000000E+00  0.56870660E-33
  0.72653811E+14  0.00000000E+00  0.56589310E-33
  0.72727273E+14  0.00000000E+00  0.56309766E-33
  0.72800735E+14  0.00000000E+00  0.56032013E-33
  0.72874197E+14  0.00000000E+00  0.55756037E-33
  0.72947658E+14  0.00000000E+00  0.55481824E-33
  0.73021120E+14  0.00000000E+00  0.55209360E-33
  0.73094582E+14  0.00000000E+00  0.54938631E-33
  0.73168044E+14  0.00000000E+00  0.54669623E-33
  0.73241506E+14  0.00000000E+00  0.54402322E-33
  0.73314968E+14  0.00000000E+00  0.54136716E-33
  0.73388430E+14  0.00000000E+00  0.53872790E-33
  0.73461892E+14  0.00000000E+00  0.53610532E-33
  0.73535354E+14  0.00000000E+00  0.53349929E-33
  0.73608815E+14  0.00000000E+00  0.53090966E-33
  0.73682277E+14  0.00000000E+00  0.52833633E-33
  0.73755739E+14  0.00000000E+00  0.52577915E-33
  0.73829201E+14  0.00000000E+00  0.52323800E-33
  0.73902663E+14  0.00000000E+00  0.52071277E-33
  0.73976125E+14  0.00000000E+00  0.51820331E-33
  0.74049587E+14  0.00000000E+00  0.51570952E-33
  0.74123049E+14  0.00000000E+00  0.51323126E-33
  0.74196511E+14  0.00000000E+00  0.51076843E-33
  0.74269972E+14  0.00000000E+00  0.50832090E-33
  0.74343434E+14  0.00000000E+00  0.50588854E-33
  0.74416896E+14  0.00000000E+00  0.50347126E-33
  0.74490358E+14  0.00000000E+00  0.50106892E-33
  0.74563820E+14  0.00000000E+00  0.49868141E-33
  0.74637282E+14  0.00000000E+00  0.49630863E-33
  0.74710744E+14  0.00000000E+00  0.49395045E-33
  0.74784206E+14  0.00000000E+00  0.49160678E-33
  0.74857668E+14  0.00000000E+00  0.48927748E-33
  0.74931129E+14  0.00000000E+00  0.48696246E-33
  0.75004591E+14  0.00000000E+00  0.48466161E-33
  0.75078053E+14  0.00000000E+00  0.48237482E-33
  0.75151515E+14  0.00000000E+00  0.48010198E-33
  0.75224977E+14  0.00000000E+00  0.47784299E-33
  0.75298439E+14  0.00000000E+00  0.47559775E-33
  0.75371901E+14  0.00000000E+00  0.47336614E-33
  0.75445363E+14  0.00000000E+00  0.47114806E-33
  0.75518825E+14  0.00000000E+00  0.46894342E-33
  0.75592287E+14  0.00000000E+00  0.46675212E-33
  0.75665748E+14  0.00000000E+00  0.46457405E-33
  0.75739210E+14  0.00000000E+00  0.46240911E-33
  0.75812672E+14  0.00000000E+00  0.46025720E-33
  0.75886134E+14  0.00000000E+00  0.45811824E-33
  0.75959596E+14  0.00000000E+00  0.45599212E-33
  0.76033058E+14  0.00000000E+00  0.45387874E-33
  0.76106520E+14  0.00000000E+00  0.45177802E-33
  0.76179982E+14  0.00000000E+00  0.44968985E-33
  0.76253444E+14  0.00000000E+00  0.44761415E-33
  0.76326905E+14  0.00000000E+00  0.44555082E-33
  0.76400367E+14  0.00000000E+00  0.44349978E-33
  0.76473829E+14  0.00000000E+00  0.44146092E-33
  0.76547291E+14  0.00000000E+00  0.43943416E-33
  0.76620753E+14  0.00000000E+00  0.43741942E-33
  0.76694215E+14  0.00000000E+00  0.43541659E-33
  0.76767677E+14  0.00000000E+00  0.43342561E-33
  0.76841139E+14  0.00000000E+00  0.43144637E-33
  0.76914601E+14  0.00000000E+00  0.42947880E-33
  0.76988062E+14  0.00000000E+00  0.42752280E-33
  0.77061524E+14  0.00000000E+00  0.42557830E-33
  0.77134986E+14  0.00000000E+00  0.42364521E-33
  0.77208448E+14  0.00000000E+00  0.42172345E-33
  0.77281910E+14  0.00000000E+00  0.41981293E-33
  0.77355372E+14  0.00000000E+00  0.41791357E-33
  0.77428834E+14  0.00000000E+00  0.41602530E-33
  0.77502296E+14  0.00000000E+00  0.41414803E-33
  0.77575758E+14  0.00000000E+00  0.41228169E-33
  0.77649219E+14  0.00000000E+00  0.41042618E-33
  0.77722681E+14  0.00000000E+00  0.40858145E-33
  0.77796143E+14  0.00000000E+00  0.40674740E-33
  0.77869605E+14  0.00000000E+00  0.40492397E-33
  0.77943067E+14  0.00000000E+00  0.40311107E-33
  0.78016529E+14  0.00000000E+00  0.40130864E-33
  0.78089991E+14  0.00000000E+00  0.39951659E-33
  0.78163453E+14  0.00000000E+00  0.39773485E-33
  0.78236915E+14  0.00000000E+00  0.39596336E-33
  0.78310376E+14  0.00000000E+00  0.39420203E-33
  0.78383838E+14  0.00000000E+00  0.39245079E-33
  0.78457300E+14  0.00000000E+00  0.39070958E-33
  0.78530762E+14  0.00000000E+00  0.38897831E-33
  0.78604224E+14  0.00000000E+00  0.38725693E-33
  0.78677686E+14  0.00000000E+00  0.38554536E-33
  0.78751148E+14  0.00000000E+00  0.38384354E-33
  0.78824610E+14  0.00000000E+00  0.38215138E-33
  0.78898072E+14  0.00000000E+00  0.38046883E-33
  0.78971534E+14  0.00000000E+00  0.37879582E-33
  0.79044995E+14  0.00000000E+00  0.37713229E-33
  0.79118457E+14  0.00000000E+00  0.37547815E-33
  0.79191919E+14  0.00000000E+00  0.37383336E-33
  0.79265381E+14  0.00000000E+00  0.37219784E-33
  0.79338843E+14  0.00000000E+00  0.37057153E-33
  0.79412305E+14  0.00000000E+00  0.36895437E-33
  0.79485767E+14  0.00000000E+00  0.36734628E-33
  0.79559229E+14  0.00000000E+00  0.36574722E-33
  0.79632691E+14  0.00000000E+00  0.36415711E-33
  0.79706152E+14  0.00000000E+00  0.36257590E-33
  0.79779614E+14  0.00000000E+00  0.36100352E-33
  0.79853076E+14  0.00000000E+00  0.35943991E-33
  0.79926538E+14  0.00000000E+00  0.35788502E-33
  0.80000000E+14  0.00000000E+00  0.35633877E-33
