  0.73461892E+11 -0.28190844E-32  0.27517683E-31
  0.14692378E+12 -0.51445836E-32  0.25832540E-31
  0.22038567E+12 -0.71782332E-32  0.21051931E-31
  0.29384757E+12 -0.19357392E-32  0.18258896E-31
  0.36730946E+12 -0.63840527E-33  0.23721890E-31
  0.44077135E+12 -0.58250519E-32  0.24205875E-31
  0.51423324E+12 -0.62267366E-32  0.20955776E-31
  0.58769513E+12 -0.53661447E-32  0.20356171E-31
  0.66115702E+12 -0.57756338E-32  0.20463295E-31
  0.73461892E+12 -0.60210608E-32  0.19805221E-31
  0.80808081E+12 -0.59526752E-32  0.19895096E-31
  0.88154270E+12 -0.63316282E-32  0.20496479E-31
  0.95500459E+12 -0.76093048E-32  0.19838556E-31
  0.10284665E+13 -0.80384164E-32  0.18685131E-31
  0.11019284E+13 -0.78111991E-32  0.18213828E-31
  0.11753903E+13 -0.76757077E-32  0.18297608E-31
  0.12488522E+13 -0.86333839E-32  0.18623924E-31
  0.13223140E+13 -0.95165117E-32  0.17589800E-31
  0.13957759E+13 -0.90610327E-32  0.16511477E-31
  0.14692378E+13 -0.89048837E-32  0.17056249E-31
  0.15426997E+13 -0.10055385E-31  0.16768315E-31
  0.16161616E+13 -0.10394735E-31  0.15650510E-31
  0.16896235E+13 -0.98306282E-32  0.15429437E-31
  0.17630854E+13 -0.10510627E-31  0.15591985E-31
  0.18365473E+13 -0.11307983E-31  0.14355733E-31
  0.19100092E+13 -0.10628305E-31  0.13657043E-31
  0.19834711E+13 -0.10622552E-31  0.13832590E-31
  0.20569330E+13 -0.11405655E-31  0.13358591E-31
  0.21303949E+13 -0.11298451E-31  0.12723855E-31
  0.22038567E+13 -0.11392741E-31  0.12313818E-31
  0.22773186E+13 -0.11715615E-31  0.11805676E-31
  0.23507805E+13 -0.11831194E-31  0.11067594E-31
  0.24242424E+13 -0.11529448E-31  0.10364041E-31
  0.24977043E+13 -0.11325914E-31  0.10076611E-31
  0.25711662E+13 -0.11446134E-31  0.10078246E-31
  0.26446281E+13 -0.12004650E-31  0.94522916E-32
  0.27180900E+13 -0.11841281E-31  0.83627138E-32
  0.27915519E+13 -0.11421116E-31  0.80746328E-32
  0.28650138E+13 -0.11545056E-31  0.75876240E-32
  0.29384757E+13 -0.11186551E-31  0.68474988E-32
  0.30119376E+13 -0.10930213E-31  0.68205455E-32
  0.30853994E+13 -0.11328940E-31  0.63323666E-32
  0.31588613E+13 -0.10980765E-31  0.53088666E-32
  0.32323232E+13 -0.10440571E-31  0.50417591E-32
  0.33057851E+13 -0.10517117E-31  0.47801679E-32
  0.33792470E+13 -0.10225104E-31  0.40058802E-32
  0.34527089E+13 -0.98123817E-32  0.36525735E-32
  0.35261708E+13 -0.96727534E-32  0.32352964E-32
  0.35996327E+13 -0.92951590E-32  0.27508955E-32
  0.36730946E+13 -0.89608514E-32  0.22576717E-32
  0.37465565E+13 -0.84452968E-32  0.17870512E-32
  0.38200184E+13 -0.80274324E-32  0.16374609E-32
  0.38934803E+13 -0.78624164E-32  0.12829568E-32
  0.39669421E+13 -0.74019746E-32  0.65102903E-33
  0.40404040E+13 -0.68628733E-32  0.34786933E-33
  0.41138659E+13 -0.63776607E-32 -0.98817011E-34
  0.41873278E+13 -0.55583426E-32 -0.21012541E-33
  0.42607897E+13 -0.53604152E-32 -0.23811278E-33
  0.43342516E+13 -0.49508487E-32 -0.81665600E-33
  0.44077135E+13 -0.41608949E-32 -0.10084364E-32
  0.44811754E+13 -0.37922341E-32 -0.11414624E-32
  0.45546373E+13 -0.30978379E-32 -0.15219482E-32
  0.46280992E+13 -0.23145476E-32 -0.15106827E-32
  0.47015611E+13 -0.17828455E-32 -0.15350464E-32
  0.47750230E+13 -0.12436558E-32 -0.15492484E-32
  0.48484848E+13 -0.77808339E-33 -0.17201794E-32
  0.49219467E+13  0.38743338E-34 -0.18439679E-32
  0.49954086E+13  0.76625371E-33 -0.16864949E-32
  0.50688705E+13  0.13564991E-32 -0.16132934E-32
  0.51423324E+13  0.19931176E-32 -0.14967957E-32
  0.52157943E+13  0.26204122E-32 -0.14178011E-32
  0.52892562E+13  0.33418774E-32 -0.11699972E-32
  0.53627181E+13  0.38656504E-32 -0.98996025E-33
  0.54361800E+13  0.46535977E-32 -0.76114446E-33
  0.55096419E+13  0.52580692E-32 -0.32855863E-33
  0.55831038E+13  0.57683687E-32 -0.23049736E-34
  0.56565657E+13  0.63750144E-32  0.29188830E-33
  0.57300275E+13  0.70473935E-32  0.66401621E-33
  0.58034894E+13  0.76552516E-32  0.12362374E-32
  0.58769513E+13  0.81418187E-32  0.17486168E-32
  0.59504132E+13  0.86568165E-32  0.23523656E-32
  0.60238751E+13  0.90426149E-32  0.29064338E-32
  0.60973370E+13  0.95078180E-32  0.34803312E-32
  0.61707989E+13  0.99400138E-32  0.40907603E-32
  0.62442608E+13  0.10394456E-31  0.48461380E-32
  0.63177227E+13  0.10663688E-31  0.56061446E-32
  0.63911846E+13  0.10937333E-31  0.64004580E-32
  0.64646465E+13  0.11078073E-31  0.71474227E-32
  0.65381084E+13  0.11287750E-31  0.79282777E-32
  0.66115702E+13  0.11400130E-31  0.87343515E-32
  0.66850321E+13  0.11486349E-31  0.96217752E-32
  0.67584940E+13  0.11419559E-31  0.10466280E-31
  0.68319559E+13  0.11361612E-31  0.11336834E-31
  0.69054178E+13  0.11166484E-31  0.12167359E-31
  0.69788797E+13  0.10995492E-31  0.13038929E-31
  0.70523416E+13  0.10666357E-31  0.13865223E-31
  0.71258035E+13  0.10325973E-31  0.14742871E-31
  0.71992654E+13  0.98207153E-32  0.15469617E-31
  0.72727273E+13  0.93335779E-32  0.16262589E-31
  0.73461892E+13  0.87648386E-32  0.16914120E-31
  0.74196511E+13  0.80909183E-32  0.17644394E-31
  0.74931129E+13  0.74391073E-32  0.18254163E-31
  0.75665748E+13  0.65411455E-32  0.18798975E-31
  0.76400367E+13  0.57495990E-32  0.19275234E-31
  0.77134986E+13  0.48478109E-32  0.19567245E-31
  0.77869605E+13  0.38773411E-32  0.19893251E-31
  0.78604224E+13  0.30314128E-32  0.20077947E-31
  0.79338843E+13  0.19726583E-32  0.20128655E-31
  0.80073462E+13  0.95041063E-33  0.20120380E-31
  0.80808081E+13  0.37748125E-34  0.19944562E-31
  0.81542700E+13 -0.94155511E-33  0.19617578E-31
  0.82277319E+13 -0.19092396E-32  0.19225807E-31
  0.83011938E+13 -0.27212727E-32  0.18710016E-31
  0.83746556E+13 -0.34497605E-32  0.18044377E-31
  0.84481175E+13 -0.41494018E-32  0.17257941E-31
  0.85215794E+13 -0.47451505E-32  0.16403455E-31
  0.85950413E+13 -0.51531900E-32  0.15468700E-31
  0.86685032E+13 -0.53676603E-32  0.14457445E-31
  0.87419651E+13 -0.54068756E-32  0.13387469E-31
  0.88154270E+13 -0.52350101E-32  0.12312333E-31
  0.88888889E+13 -0.48449492E-32  0.11276701E-31
  0.89623508E+13 -0.42302092E-32  0.10308601E-31
  0.90358127E+13 -0.33115020E-32  0.94852626E-32
  0.91092746E+13 -0.20829761E-32  0.88831514E-32
  0.91827365E+13 -0.55278609E-33  0.90037847E-32
  0.92561983E+13  0.49659365E-33  0.96333405E-32
  0.93296602E+13  0.11374461E-32  0.10428676E-31
  0.94031221E+13  0.15391072E-32  0.11202991E-31
  0.94765840E+13  0.16501016E-32  0.11952617E-31
  0.95500459E+13  0.16007360E-32  0.12631083E-31
  0.96235078E+13  0.14282437E-32  0.13218550E-31
  0.96969697E+13  0.11667887E-32  0.13696906E-31
  0.97704316E+13  0.84273536E-33  0.14029151E-31
  0.98438935E+13  0.49378893E-33  0.14314025E-31
  0.99173554E+13  0.13528298E-33  0.14502170E-31
  0.99908173E+13 -0.14688838E-33  0.14659386E-31
  0.10064279E+14 -0.44664548E-33  0.14789320E-31
  0.10137741E+14 -0.72530799E-33  0.14928039E-31
  0.10211203E+14 -0.10600139E-32  0.15093954E-31
  0.10284665E+14 -0.14737511E-32  0.15250262E-31
  0.10358127E+14 -0.20032999E-32  0.15370368E-31
  0.10431589E+14 -0.26917678E-32  0.15407253E-31
  0.10505051E+14 -0.35973782E-32  0.15220832E-31
  0.10578512E+14 -0.47395013E-32  0.14589812E-31
  0.10651974E+14 -0.61137229E-32  0.12862100E-31
  0.10725436E+14 -0.41909991E-32  0.85096787E-32
  0.10798898E+14 -0.58540926E-33  0.10188396E-31
  0.10872360E+14 -0.80516356E-34  0.11778397E-31
  0.10945822E+14 -0.13731601E-33  0.12821370E-31
  0.11019284E+14 -0.42861474E-33  0.13571910E-31
  0.11092746E+14 -0.83040980E-33  0.14109648E-31
  0.11166208E+14 -0.12721088E-32  0.14467029E-31
  0.11239669E+14 -0.17704215E-32  0.14690938E-31
  0.11313131E+14 -0.22458647E-32  0.14819750E-31
  0.11386593E+14 -0.27280758E-32  0.14841691E-31
  0.11460055E+14 -0.31955571E-32  0.14805502E-31
  0.11533517E+14 -0.36330368E-32  0.14679040E-31
  0.11606979E+14 -0.40415641E-32  0.14518310E-31
  0.11680441E+14 -0.44238299E-32  0.14301457E-31
  0.11753903E+14 -0.47794410E-32  0.14055367E-31
  0.11827365E+14 -0.51115345E-32  0.13751674E-31
  0.11900826E+14 -0.53899809E-32  0.13426863E-31
  0.11974288E+14 -0.56477529E-32  0.13080457E-31
  0.12047750E+14 -0.58716309E-32  0.12712684E-31
  0.12121212E+14 -0.60755412E-32  0.12314580E-31
  0.12194674E+14 -0.62229816E-32  0.11894474E-31
  0.12268136E+14 -0.63399821E-32  0.11479460E-31
  0.12341598E+14 -0.64394813E-32  0.11050774E-31
  0.12415060E+14 -0.65084661E-32  0.10597774E-31
  0.12488522E+14 -0.65284849E-32  0.10138025E-31
  0.12561983E+14 -0.65178252E-32  0.96885626E-32
  0.12635445E+14 -0.64994504E-32  0.92354483E-32
  0.12708907E+14 -0.64524133E-32  0.87495132E-32
  0.12782369E+14 -0.63483932E-32  0.82662912E-32
  0.12855831E+14 -0.62166471E-32  0.78053599E-32
  0.12929293E+14 -0.60855250E-32  0.73280695E-32
  0.13002755E+14 -0.59062991E-32  0.68246057E-32
  0.13076217E+14 -0.56616601E-32  0.63413664E-32
  0.13149679E+14 -0.54165823E-32  0.58791712E-32
  0.13223140E+14 -0.51584845E-32  0.53922167E-32
  0.13296602E+14 -0.48175774E-32  0.48928043E-32
  0.13370064E+14 -0.44387714E-32  0.44425068E-32
  0.13443526E+14 -0.40642492E-32  0.39996216E-32
  0.13516988E+14 -0.36388924E-32  0.35345484E-32
  0.13590450E+14 -0.31480834E-32  0.31128005E-32
  0.13663912E+14 -0.26738801E-32  0.27302264E-32
  0.13737374E+14 -0.21908763E-32  0.23078819E-32
  0.13810836E+14 -0.16178757E-32  0.19015059E-32
  0.13884298E+14 -0.10489751E-32  0.15543204E-32
  0.13957759E+14 -0.49802856E-33  0.11623715E-32
  0.14031221E+14  0.15475965E-33  0.74936121E-33
  0.14104683E+14  0.81899543E-33  0.38579763E-33
  0.14178145E+14  0.14666531E-32 -0.56670020E-34
  0.14251607E+14  0.22584217E-32 -0.58064428E-33
  0.14325069E+14  0.31359182E-32 -0.11242158E-32
  0.14398531E+14  0.41588128E-32 -0.18659716E-32
  0.14471993E+14  0.56833073E-32 -0.28253933E-32
  0.14545455E+14  0.81642330E-32 -0.41618212E-32
  0.14618916E+14  0.18153406E-31 -0.45870903E-34
  0.14692378E+14  0.96769070E-32  0.40461583E-32
  0.14765840E+14  0.95365698E-32  0.24598271E-32
  0.14839302E+14  0.10231940E-31  0.19085345E-32
  0.14912764E+14  0.11113036E-31  0.17640190E-32
  0.14986226E+14  0.12061701E-31  0.16968280E-32
  0.15059688E+14  0.13186444E-31  0.18490394E-32
  0.15133150E+14  0.14230958E-31  0.20877953E-32
  0.15206612E+14  0.15460072E-31  0.24445455E-32
  0.15280073E+14  0.16567712E-31  0.29254289E-32
  0.15353535E+14  0.17846247E-31  0.34895628E-32
  0.15426997E+14  0.18990922E-31  0.41905802E-32
  0.15500459E+14  0.20286450E-31  0.50072455E-32
  0.15573921E+14  0.21500198E-31  0.59129848E-32
  0.15647383E+14  0.22749656E-31  0.70257335E-32
  0.15720845E+14  0.24068937E-31  0.82377665E-32
  0.15794307E+14  0.25293839E-31  0.96449340E-32
  0.15867769E+14  0.26546590E-31  0.11314283E-31
  0.15941230E+14  0.27821960E-31  0.13265212E-31
  0.16014692E+14  0.29147515E-31  0.15704097E-31
  0.16088154E+14  0.30526334E-31  0.19136938E-31
  0.16161616E+14  0.27921198E-31  0.25055153E-31
  0.16235078E+14  0.25155350E-31  0.25605177E-31
  0.16308540E+14  0.23566149E-31  0.26168434E-31
  0.16382002E+14  0.22470071E-31  0.26689636E-31
  0.16455464E+14  0.21605370E-31  0.27213312E-31
  0.16528926E+14  0.20879403E-31  0.27734489E-31
  0.16602388E+14  0.20240487E-31  0.28242696E-31
  0.16675849E+14  0.19659847E-31  0.28758454E-31
  0.16749311E+14  0.19144512E-31  0.29272422E-31
  0.16822773E+14  0.18666885E-31  0.29776166E-31
  0.16896235E+14  0.18209595E-31  0.30284186E-31
  0.16969697E+14  0.17786316E-31  0.30797327E-31
  0.17043159E+14  0.17371971E-31  0.31298777E-31
  0.17116621E+14  0.16961209E-31  0.31803879E-31
  0.17190083E+14  0.16582272E-31  0.32297700E-31
  0.17263545E+14  0.16194563E-31  0.32798245E-31
  0.17337006E+14  0.15823916E-31  0.33293132E-31
  0.17410468E+14  0.15452585E-31  0.33782770E-31
  0.17483930E+14  0.15086168E-31  0.34279010E-31
  0.17557392E+14  0.14714911E-31  0.34761063E-31
  0.17630854E+14  0.14342092E-31  0.35238372E-31
  0.17704316E+14  0.13994295E-31  0.35708191E-31
  0.17777778E+14  0.13630125E-31  0.36197017E-31
  0.17851240E+14  0.13261156E-31  0.36661265E-31
  0.17924702E+14  0.12896177E-31  0.37123959E-31
  0.17998163E+14  0.12543686E-31  0.37584157E-31
  0.18071625E+14  0.12169890E-31  0.38048450E-31
  0.18145087E+14  0.11809412E-31  0.38491130E-31
  0.18218549E+14  0.11447322E-31  0.38940465E-31
  0.18292011E+14  0.11092667E-31  0.39395638E-31
  0.18365473E+14  0.10703678E-31  0.39828245E-31
  0.18438935E+14  0.10358932E-31  0.40255472E-31
  0.18512397E+14  0.99870098E-32  0.40686052E-31
  0.18585859E+14  0.96389910E-32  0.41123809E-31
  0.18659320E+14  0.92542287E-32  0.41540496E-31
  0.18732782E+14  0.89199122E-32  0.41951912E-31
  0.18806244E+14  0.85493275E-32  0.42381782E-31
  0.18879706E+14  0.81964433E-32  0.42787140E-31
  0.18953168E+14  0.78435765E-32  0.43193436E-31
  0.19026630E+14  0.75060602E-32  0.43611215E-31
  0.19100092E+14  0.71366492E-32  0.44024747E-31
  0.19173554E+14  0.67968520E-32  0.44409476E-31
  0.19247016E+14  0.64713476E-32  0.44819180E-31
  0.19320478E+14  0.61305934E-32  0.45244413E-31
  0.19393939E+14  0.57779091E-32  0.45631189E-31
  0.19467401E+14  0.54714043E-32  0.46030225E-31
  0.19540863E+14  0.51490014E-32  0.46448406E-31
  0.19614325E+14  0.48315580E-32  0.46861705E-31
  0.19687787E+14  0.45183049E-32  0.47262144E-31
  0.19761249E+14  0.42224660E-32  0.47694679E-31
  0.19834711E+14  0.39106306E-32  0.48101766E-31
  0.19908173E+14  0.36463888E-32  0.48534121E-31
  0.19981635E+14  0.33514116E-32  0.48981946E-31
  0.20055096E+14  0.30673072E-32  0.49420420E-31
  0.20128558E+14  0.28189861E-32  0.49857055E-31
  0.20202020E+14  0.25621596E-32  0.50349434E-31
  0.20275482E+14  0.22985285E-32  0.50811867E-31
  0.20348944E+14  0.20719938E-32  0.51303326E-31
  0.20422406E+14  0.18405367E-32  0.51820500E-31
  0.20495868E+14  0.16224397E-32  0.52336893E-31
  0.20569330E+14  0.14109900E-32  0.52891585E-31
  0.20642792E+14  0.12141701E-32  0.53455463E-31
  0.20716253E+14  0.10320329E-32  0.54052677E-31
  0.20789715E+14  0.84443952E-33  0.54670860E-31
  0.20863177E+14  0.69838403E-33  0.55331917E-31
  0.20936639E+14  0.53390265E-33  0.56009312E-31
  0.21010101E+14  0.40517161E-33  0.56744715E-31
  0.21083563E+14  0.27692671E-33  0.57510390E-31
  0.21157025E+14  0.17300840E-33  0.58333099E-31
  0.21230487E+14  0.85084777E-34  0.59206153E-31
  0.21303949E+14  0.20588467E-34  0.60144744E-31
  0.21377410E+14  0.00000000E+00  0.61160734E-31
  0.21450872E+14  0.00000000E+00  0.62306586E-31
  0.21524334E+14  0.00000000E+00  0.63575671E-31
  0.21597796E+14  0.00000000E+00  0.64978367E-31
  0.21671258E+14  0.00000000E+00  0.66533830E-31
  0.21744720E+14  0.00000000E+00  0.68269638E-31
  0.21818182E+14  0.00000000E+00  0.70224529E-31
  0.21891644E+14  0.00000000E+00  0.72453786E-31
  0.21965106E+14  0.00000000E+00  0.75039128E-31
  0.22038567E+14  0.00000000E+00  0.78107865E-31
  0.22112029E+14  0.00000000E+00  0.81873944E-31
  0.22185491E+14  0.00000000E+00  0.86740429E-31
  0.22258953E+14  0.00000000E+00  0.93627145E-31
  0.22332415E+14  0.00000000E+00  0.10568646E-30
  0.22405877E+14 -0.29879620E-31  0.12701858E-30
  0.22479339E+14 -0.44097336E-31  0.11359317E-30
  0.22552801E+14 -0.54361944E-31  0.10336600E-30
  0.22626263E+14 -0.59762006E-31  0.92591966E-31
  0.22699725E+14 -0.62569166E-31  0.85659979E-31
  0.22773186E+14 -0.63137558E-31  0.77817068E-31
  0.22846648E+14 -0.63512482E-31  0.70725179E-31
  0.22920110E+14 -0.63220160E-31  0.64803142E-31
  0.22993572E+14 -0.61783951E-31  0.59311884E-31
  0.23067034E+14 -0.59939450E-31  0.54337851E-31
  0.23140496E+14 -0.57010853E-31  0.50330913E-31
  0.23213958E+14 -0.53211979E-31  0.46580922E-31
  0.23287420E+14 -0.50291860E-31  0.43366453E-31
  0.23360882E+14 -0.46640049E-31  0.40985122E-31
  0.23434343E+14 -0.43062603E-31  0.39081948E-31
  0.23507805E+14 -0.38726706E-31  0.37839422E-31
  0.23581267E+14 -0.34536319E-31  0.36909264E-31
  0.23654729E+14 -0.30015372E-31  0.36859713E-31
  0.23728191E+14 -0.25880589E-31  0.36896199E-31
  0.23801653E+14 -0.21503503E-31  0.38095128E-31
  0.23875115E+14 -0.17000325E-31  0.39283829E-31
  0.23948577E+14 -0.12680791E-31  0.41272650E-31
  0.24022039E+14 -0.88134509E-32  0.43641369E-31
  0.24095500E+14 -0.43126230E-32  0.46727861E-31
  0.24168962E+14 -0.63402374E-33  0.49998658E-31
  0.24242424E+14  0.31096355E-32  0.54051124E-31
  0.24315886E+14  0.66503892E-32  0.58517311E-31
  0.24389348E+14  0.99546384E-32  0.63295911E-31
  0.24462810E+14  0.12738248E-31  0.68827769E-31
  0.24536272E+14  0.15593052E-31  0.74561047E-31
  0.24609734E+14  0.17709642E-31  0.80870961E-31
  0.24683196E+14  0.19749192E-31  0.87669674E-31
  0.24756657E+14  0.21336068E-31  0.94644502E-31
  0.24830119E+14  0.22140484E-31  0.10232863E-30
  0.24903581E+14  0.23101496E-31  0.11020061E-30
  0.24977043E+14  0.22782592E-31  0.11856227E-30
  0.25050505E+14  0.22770200E-31  0.12733716E-30
  0.25123967E+14  0.21365759E-31  0.13619013E-30
  0.25197429E+14  0.20052472E-31  0.14577980E-30
  0.25270891E+14  0.17482107E-31  0.15519993E-30
  0.25344353E+14  0.14742055E-31  0.16549667E-30
  0.25417815E+14  0.10823807E-31  0.17530958E-30
  0.25491276E+14  0.67179327E-32  0.18624366E-30
  0.25564738E+14  0.10848007E-32  0.19638966E-30
  0.25638200E+14 -0.45291172E-32  0.20779652E-30
  0.25711662E+14 -0.11969271E-31  0.21820149E-30
  0.25785124E+14 -0.19392847E-31  0.23002044E-30
  0.25858586E+14 -0.28668086E-31  0.24049792E-30
  0.25932048E+14 -0.38234739E-31  0.25258862E-30
  0.26005510E+14 -0.49425319E-31  0.26300211E-30
  0.26078972E+14 -0.61524059E-31  0.27520434E-30
  0.26152433E+14 -0.74612385E-31  0.28527238E-30
  0.26225895E+14 -0.89724848E-31  0.29742159E-30
  0.26299357E+14 -0.10461985E-30  0.30713981E-30
  0.26372819E+14 -0.12351391E-30  0.31882544E-30
  0.26446281E+14 -0.14032070E-30  0.32815020E-30
  0.26519743E+14 -0.16319980E-30  0.33874109E-30
  0.26593205E+14 -0.18247499E-30  0.34804379E-30
  0.26666667E+14 -0.20947801E-30  0.35633350E-30
  0.26740129E+14 -0.23260780E-30  0.36604529E-30
  0.26813590E+14 -0.26329806E-30  0.37150334E-30
  0.26887052E+14 -0.29313072E-30  0.38081219E-30
  0.26960514E+14 -0.32678800E-30  0.38399360E-30
  0.27033976E+14 -0.36553708E-30  0.39114824E-30
  0.27107438E+14 -0.40340324E-30  0.39244334E-30
  0.27180900E+14 -0.45473841E-30  0.39516828E-30
  0.27254362E+14 -0.50130115E-30  0.39608424E-30
  0.27327824E+14 -0.56978343E-30  0.38976253E-30
  0.27401286E+14 -0.64827035E-30  0.39029156E-30
  0.27474747E+14 -0.75235669E-30  0.38440425E-30
  0.27548209E+14 -0.93926630E-30  0.19249119E-30
  0.27621671E+14 -0.89699040E-30  0.36216872E-31
  0.27695133E+14 -0.86113273E-30 -0.62379095E-31
  0.27768595E+14 -0.83238067E-30 -0.13993836E-30
  0.27842057E+14 -0.79493834E-30 -0.20337463E-30
  0.27915519E+14 -0.75794155E-30 -0.26235004E-30
  0.27988981E+14 -0.72522762E-30 -0.31191353E-30
  0.28062443E+14 -0.68544810E-30 -0.35701894E-30
  0.28135904E+14 -0.64782315E-30 -0.39943351E-30
  0.28209366E+14 -0.61094117E-30 -0.43498326E-30
  0.28282828E+14 -0.56789778E-30 -0.46742958E-30
  0.28356290E+14 -0.52696307E-30 -0.49717191E-30
  0.28429752E+14 -0.48526658E-30 -0.52162308E-30
  0.28503214E+14 -0.44289279E-30 -0.54288798E-30
  0.28576676E+14 -0.39979643E-30 -0.56137576E-30
  0.28650138E+14 -0.35546831E-30 -0.57542435E-30
  0.28723600E+14 -0.31068536E-30 -0.58677343E-30
  0.28797062E+14 -0.26824806E-30 -0.59392243E-30
  0.28870523E+14 -0.22524135E-30 -0.59785706E-30
  0.28943985E+14 -0.18079999E-30 -0.59795149E-30
  0.29017447E+14 -0.13776243E-30 -0.59444668E-30
  0.29090909E+14 -0.97064862E-31 -0.58725143E-30
  0.29164371E+14 -0.56198334E-31 -0.57650019E-30
  0.29237833E+14 -0.16663084E-31 -0.56140545E-30
  0.29311295E+14  0.20315127E-31 -0.54411357E-30
  0.29384757E+14  0.53550029E-31 -0.52232698E-30
  0.29458219E+14  0.83424431E-31 -0.49791905E-30
  0.29531680E+14  0.10973636E-30 -0.47059968E-30
  0.29605142E+14  0.13280386E-30 -0.44114557E-30
  0.29678604E+14  0.15018220E-30 -0.41028573E-30
  0.29752066E+14  0.16209156E-30 -0.37878077E-30
  0.29825528E+14  0.16853364E-30 -0.34837367E-30
  0.29898990E+14  0.16974477E-30 -0.31886571E-30
  0.29972452E+14  0.16563570E-30 -0.29315745E-30
  0.30045914E+14  0.15594614E-30 -0.27220319E-30
  0.30119376E+14  0.14043455E-30 -0.25964811E-30
  0.30192837E+14  0.11964203E-30 -0.26167514E-30
  0.30266299E+14  0.99552102E-31 -0.29599042E-30
  0.30339761E+14  0.19006624E-30 -0.38238661E-30
  0.30413223E+14  0.28049917E-30 -0.29308440E-30
  0.30486685E+14  0.29399875E-30 -0.21893475E-30
  0.30560147E+14  0.28775496E-30 -0.16066136E-30
  0.30633609E+14  0.27245521E-30 -0.11254637E-30
  0.30707071E+14  0.25008354E-30 -0.72583366E-31
  0.30780533E+14  0.22379343E-30 -0.39724994E-31
  0.30853994E+14  0.19279730E-30 -0.13158659E-31
  0.30927456E+14  0.15889404E-30  0.61668562E-32
  0.31000918E+14  0.12199532E-30  0.18033487E-31
  0.31074380E+14  0.83389040E-31  0.20161727E-31
  0.31147842E+14  0.41423116E-31  0.46083856E-32
  0.31221304E+14  0.28231526E-31 -0.25613916E-31
  0.31294766E+14  0.25596701E-31 -0.40597622E-31
  0.31368228E+14  0.23140292E-31 -0.50893140E-31
  0.31441690E+14  0.21603818E-31 -0.58534730E-31
  0.31515152E+14  0.20681780E-31 -0.64825458E-31
  0.31588613E+14  0.20583654E-31 -0.69567579E-31
  0.31662075E+14  0.21259684E-31 -0.73626769E-31
  0.31735537E+14  0.21820012E-31 -0.76625733E-31
  0.31808999E+14  0.23387178E-31 -0.78444845E-31
  0.31882461E+14  0.25553202E-31 -0.79513192E-31
  0.31955923E+14  0.27428669E-31 -0.79660404E-31
  0.32029385E+14  0.29609867E-31 -0.78376167E-31
  0.32102847E+14  0.32272645E-31 -0.76170872E-31
  0.32176309E+14  0.34195439E-31 -0.72501308E-31
  0.32249770E+14  0.35765973E-31 -0.67975420E-31
  0.32323232E+14  0.36745078E-31 -0.60921996E-31
  0.32396694E+14  0.36767014E-31 -0.52466322E-31
  0.32470156E+14  0.35244064E-31 -0.41787805E-31
  0.32543618E+14  0.27471822E-31 -0.27109449E-31
  0.32617080E+14  0.10006749E-31 -0.19307120E-31
  0.32690542E+14 -0.22923124E-32 -0.25368946E-31
  0.32764004E+14 -0.27397126E-33 -0.20600934E-31
  0.32837466E+14 -0.84829321E-32 -0.70648864E-32
  0.32910927E+14 -0.25597183E-31  0.54367893E-32
  0.32984389E+14 -0.48822150E-31  0.14031297E-31
  0.33057851E+14 -0.76803221E-31  0.15954610E-31
  0.33131313E+14 -0.10669154E-30  0.10772376E-31
  0.33204775E+14 -0.13611278E-30 -0.26038209E-32
  0.33278237E+14 -0.16209454E-30 -0.21297951E-31
  0.33351699E+14 -0.18560518E-30 -0.44189274E-31
  0.33425161E+14 -0.20567411E-30 -0.70782676E-31
  0.33498623E+14 -0.22353498E-30 -0.10158246E-30
  0.33572084E+14 -0.23732395E-30 -0.13662451E-30
  0.33645546E+14 -0.24524019E-30 -0.17560534E-30
  0.33719008E+14 -0.24683051E-30 -0.21588773E-30
  0.33792470E+14 -0.24277990E-30 -0.25691617E-30
  0.33865932E+14 -0.23286459E-30 -0.29770600E-30
  0.33939394E+14 -0.21720372E-30 -0.33815670E-30
  0.34012856E+14 -0.19652284E-30 -0.37653508E-30
  0.34086318E+14 -0.16957571E-30 -0.41322732E-30
  0.34159780E+14 -0.13867256E-30 -0.44671592E-30
  0.34233242E+14 -0.10212416E-30 -0.47655513E-30
  0.34306703E+14 -0.62330861E-31 -0.50288104E-30
  0.34380165E+14 -0.18312643E-31 -0.52341863E-30
  0.34453627E+14  0.28608246E-31 -0.53958296E-30
  0.34527089E+14  0.76897125E-31 -0.54890048E-30
  0.34600551E+14  0.12822078E-30 -0.55239442E-30
  0.34674013E+14  0.17616591E-30 -0.54847458E-30
  0.34747475E+14  0.22112970E-30 -0.54110401E-30
  0.34820937E+14  0.26474574E-30 -0.53512900E-30
  0.34894399E+14  0.31206566E-30 -0.52427185E-30
  0.34967860E+14  0.36114522E-30 -0.51174687E-30
  0.35041322E+14  0.40974879E-30 -0.49244877E-30
  0.35114784E+14  0.46482261E-30 -0.46885372E-30
  0.35188246E+14  0.51507585E-30 -0.43744028E-30
  0.35261708E+14  0.57268785E-30 -0.39798642E-30
  0.35335170E+14  0.62622963E-30 -0.34944164E-30
  0.35408632E+14  0.68653356E-30 -0.28354504E-30
  0.35482094E+14  0.74263297E-30 -0.20347141E-30
  0.35555556E+14  0.80301570E-30 -0.60743603E-31
  0.35629017E+14  0.69160954E-30  0.15363468E-30
  0.35702479E+14  0.58991294E-30  0.16261599E-30
  0.35775941E+14  0.53144290E-30  0.18300940E-30
  0.35849403E+14  0.48473362E-30  0.19481903E-30
  0.35922865E+14  0.44362681E-30  0.21037927E-30
  0.35996327E+14  0.41085426E-30  0.21923299E-30
  0.36069789E+14  0.37518315E-30  0.22900932E-30
  0.36143251E+14  0.34875910E-30  0.23667967E-30
  0.36216713E+14  0.31787997E-30  0.24160237E-30
  0.36290174E+14  0.29317136E-30  0.24738999E-30
  0.36363636E+14  0.26747559E-30  0.24887501E-30
  0.36437098E+14  0.24292691E-30  0.25243190E-30
  0.36510560E+14  0.22138157E-30  0.25161756E-30
  0.36584022E+14  0.19773772E-30  0.25186985E-30
  0.36657484E+14  0.17916339E-30  0.25025533E-30
  0.36730946E+14  0.15729276E-30  0.24714805E-30
  0.36804408E+14  0.13986272E-30  0.24455490E-30
  0.36877870E+14  0.12152402E-30  0.23901687E-30
  0.36951331E+14  0.10403023E-30  0.23504227E-30
  0.37024793E+14  0.89202082E-31  0.22818614E-30
  0.37098255E+14  0.72605601E-31  0.22179930E-30
  0.37171717E+14  0.60128877E-31  0.21472514E-30
  0.37245179E+14  0.45975641E-31  0.20628042E-30
  0.37318641E+14  0.33856419E-31  0.19862298E-30
  0.37392103E+14  0.23156677E-31  0.18910559E-30
  0.37465565E+14  0.11938155E-31  0.18001206E-30
  0.37539027E+14  0.35346920E-32  0.17055158E-30
  0.37612489E+14 -0.51496436E-32  0.16019232E-30
  0.37685950E+14 -0.12823098E-31  0.15045724E-30
  0.37759412E+14 -0.18555722E-31  0.13994739E-30
  0.37832874E+14 -0.24537756E-31  0.12933803E-30
  0.37906336E+14 -0.28920748E-31  0.11908079E-30
  0.37979798E+14 -0.32092305E-31  0.10839816E-30
  0.38053260E+14 -0.34969925E-31  0.97935051E-31
  0.38126722E+14 -0.36462159E-31  0.87761270E-31
  0.38200184E+14 -0.36911269E-31  0.77590124E-31
  0.38273646E+14 -0.36763686E-31  0.67751037E-31
  0.38347107E+14 -0.35569551E-31  0.58358975E-31
  0.38420569E+14 -0.33380447E-31  0.49302081E-31
  0.38494031E+14 -0.30474181E-31  0.40753823E-31
  0.38567493E+14 -0.26730865E-31  0.32812833E-31
  0.38640955E+14 -0.22167019E-31  0.25518779E-31
  0.38714417E+14 -0.16906756E-31  0.18965612E-31
  0.38787879E+14 -0.10980778E-31  0.13225609E-31
  0.38861341E+14 -0.44162025E-32  0.84174702E-32
  0.38934803E+14  0.27318360E-32  0.46210074E-32
  0.39008264E+14  0.10278547E-31  0.20403838E-32
  0.39081726E+14  0.18267979E-31  0.56915161E-33
  0.39155188E+14  0.26571646E-31  0.49443121E-33
  0.39228650E+14  0.34565653E-31  0.17858358E-32
  0.39302112E+14  0.42903651E-31  0.50281628E-32
  0.39375574E+14  0.51225298E-31  0.95282389E-32
  0.39449036E+14  0.58446819E-31  0.16298393E-31
  0.39522498E+14  0.63366202E-31  0.24419679E-31
  0.39595960E+14  0.69112141E-31  0.36338693E-31
  0.39669421E+14  0.70095333E-31  0.49592141E-31
  0.39742883E+14  0.67922100E-31  0.64848278E-31
  0.39816345E+14  0.61277502E-31  0.83160039E-31
  0.39889807E+14  0.38109267E-31  0.10872263E-30
  0.39963269E+14  0.00000000E+00  0.81306222E-31
  0.40036731E+14  0.00000000E+00  0.67344331E-31
  0.40110193E+14  0.00000000E+00  0.59847181E-31
  0.40183655E+14  0.00000000E+00  0.54768199E-31
  0.40257117E+14  0.00000000E+00  0.50953363E-31
  0.40330579E+14  0.00000000E+00  0.47910058E-31
  0.40404040E+14  0.00000000E+00  0.45383369E-31
  0.40477502E+14  0.00000000E+00  0.43225073E-31
  0.40550964E+14  0.00000000E+00  0.41341861E-31
  0.40624426E+14  0.00000000E+00  0.39671470E-31
  0.40697888E+14  0.00000000E+00  0.38170453E-31
  0.40771350E+14  0.00000000E+00  0.36807388E-31
  0.40844812E+14  0.00000000E+00  0.35558870E-31
  0.40918274E+14  0.00000000E+00  0.34407033E-31
  0.40991736E+14  0.00000000E+00  0.33337946E-31
  0.41065197E+14  0.00000000E+00  0.32340552E-31
  0.41138659E+14  0.00000000E+00  0.31405926E-31
  0.41212121E+14  0.00000000E+00  0.30526769E-31
  0.41285583E+14  0.00000000E+00  0.29697031E-31
  0.41359045E+14  0.00000000E+00  0.28911642E-31
  0.41432507E+14  0.00000000E+00  0.28166311E-31
  0.41505969E+14  0.00000000E+00  0.27457371E-31
  0.41579431E+14  0.00000000E+00  0.26781660E-31
  0.41652893E+14  0.00000000E+00  0.26136436E-31
  0.41726354E+14  0.00000000E+00  0.25519297E-31
  0.41799816E+14  0.00000000E+00  0.24928133E-31
  0.41873278E+14  0.00000000E+00  0.24361072E-31
  0.41946740E+14  0.00000000E+00  0.23816451E-31
  0.42020202E+14  0.00000000E+00  0.23292779E-31
  0.42093664E+14  0.00000000E+00  0.22788717E-31
  0.42167126E+14  0.00000000E+00  0.22303055E-31
  0.42240588E+14  0.00000000E+00  0.21834698E-31
  0.42314050E+14  0.00000000E+00  0.21382647E-31
  0.42387511E+14  0.00000000E+00  0.20945992E-31
  0.42460973E+14  0.00000000E+00  0.20523899E-31
  0.42534435E+14  0.00000000E+00  0.20115599E-31
  0.42607897E+14  0.00000000E+00  0.19720388E-31
  0.42681359E+14  0.00000000E+00  0.19337610E-31
  0.42754821E+14  0.00000000E+00  0.18966663E-31
  0.42828283E+14  0.00000000E+00  0.18606984E-31
  0.42901745E+14  0.00000000E+00  0.18258051E-31
  0.42975207E+14  0.00000000E+00  0.17919377E-31
  0.43048669E+14  0.00000000E+00  0.17590507E-31
  0.43122130E+14  0.00000000E+00  0.17271015E-31
  0.43195592E+14  0.00000000E+00  0.16960503E-31
  0.43269054E+14  0.00000000E+00  0.16658594E-31
  0.43342516E+14  0.00000000E+00  0.16364938E-31
  0.43415978E+14  0.00000000E+00  0.16079203E-31
  0.43489440E+14  0.00000000E+00  0.15801075E-31
  0.43562902E+14  0.00000000E+00  0.15530258E-31
  0.43636364E+14  0.00000000E+00  0.15266475E-31
  0.43709826E+14  0.00000000E+00  0.15009460E-31
  0.43783287E+14  0.00000000E+00  0.14758964E-31
  0.43856749E+14  0.00000000E+00  0.14514748E-31
  0.43930211E+14  0.00000000E+00  0.14276586E-31
  0.44003673E+14  0.00000000E+00  0.14044266E-31
  0.44077135E+14  0.00000000E+00  0.13817583E-31
  0.44150597E+14  0.00000000E+00  0.13596342E-31
  0.44224059E+14  0.00000000E+00  0.13380359E-31
  0.44297521E+14  0.00000000E+00  0.13169458E-31
  0.44370983E+14  0.00000000E+00  0.12963471E-31
  0.44444444E+14  0.00000000E+00  0.12762235E-31
  0.44517906E+14  0.00000000E+00  0.12565599E-31
  0.44591368E+14  0.00000000E+00  0.12373416E-31
  0.44664830E+14  0.00000000E+00  0.12185543E-31
  0.44738292E+14  0.00000000E+00  0.12001848E-31
  0.44811754E+14  0.00000000E+00  0.11822201E-31
  0.44885216E+14  0.00000000E+00  0.11646479E-31
  0.44958678E+14  0.00000000E+00  0.11474562E-31
  0.45032140E+14  0.00000000E+00  0.11306338E-31
  0.45105601E+14  0.00000000E+00  0.11141696E-31
  0.45179063E+14  0.00000000E+00  0.10980532E-31
  0.45252525E+14  0.00000000E+00  0.10822746E-31
  0.45325987E+14  0.00000000E+00  0.10668239E-31
  0.45399449E+14  0.00000000E+00  0.10516919E-31
  0.45472911E+14  0.00000000E+00  0.10368696E-31
  0.45546373E+14  0.00000000E+00  0.10223484E-31
  0.45619835E+14  0.00000000E+00  0.10081198E-31
  0.45693297E+14  0.00000000E+00  0.99417591E-32
  0.45766758E+14  0.00000000E+00  0.98050894E-32
  0.45840220E+14  0.00000000E+00  0.96711143E-32
  0.45913682E+14  0.00000000E+00  0.95397619E-32
  0.45987144E+14  0.00000000E+00  0.94109625E-32
  0.46060606E+14  0.00000000E+00  0.92846490E-32
  0.46134068E+14  0.00000000E+00  0.91607567E-32
  0.46207530E+14  0.00000000E+00  0.90392229E-32
  0.46280992E+14  0.00000000E+00  0.89199871E-32
  0.46354454E+14  0.00000000E+00  0.88029907E-32
  0.46427916E+14  0.00000000E+00  0.86881772E-32
  0.46501377E+14  0.00000000E+00  0.85754919E-32
  0.46574839E+14  0.00000000E+00  0.84648817E-32
  0.46648301E+14  0.00000000E+00  0.83562954E-32
  0.46721763E+14  0.00000000E+00  0.82496835E-32
  0.46795225E+14  0.00000000E+00  0.81449978E-32
  0.46868687E+14  0.00000000E+00  0.80421917E-32
  0.46942149E+14  0.00000000E+00  0.79412203E-32
  0.47015611E+14  0.00000000E+00  0.78420396E-32
  0.47089073E+14  0.00000000E+00  0.77446075E-32
  0.47162534E+14  0.00000000E+00  0.76488827E-32
  0.47235996E+14  0.00000000E+00  0.75548254E-32
  0.47309458E+14  0.00000000E+00  0.74623970E-32
  0.47382920E+14  0.00000000E+00  0.73715599E-32
  0.47456382E+14  0.00000000E+00  0.72822777E-32
  0.47529844E+14  0.00000000E+00  0.71945150E-32
  0.47603306E+14  0.00000000E+00  0.71082376E-32
  0.47676768E+14  0.00000000E+00  0.70234120E-32
  0.47750230E+14  0.00000000E+00  0.69400060E-32
  0.47823691E+14  0.00000000E+00  0.68579880E-32
  0.47897153E+14  0.00000000E+00  0.67773274E-32
  0.47970615E+14  0.00000000E+00  0.66979945E-32
  0.48044077E+14  0.00000000E+00  0.66199605E-32
  0.48117539E+14  0.00000000E+00  0.65431973E-32
  0.48191001E+14  0.00000000E+00  0.64676774E-32
  0.48264463E+14  0.00000000E+00  0.63933744E-32
  0.48337925E+14  0.00000000E+00  0.63202624E-32
  0.48411387E+14  0.00000000E+00  0.62483161E-32
  0.48484848E+14  0.00000000E+00  0.61775112E-32
  0.48558310E+14  0.00000000E+00  0.61078237E-32
  0.48631772E+14  0.00000000E+00  0.60392305E-32
  0.48705234E+14  0.00000000E+00  0.59717090E-32
  0.48778696E+14  0.00000000E+00  0.59052371E-32
  0.48852158E+14  0.00000000E+00  0.58397935E-32
  0.48925620E+14  0.00000000E+00  0.57753571E-32
  0.48999082E+14  0.00000000E+00  0.57119078E-32
  0.49072544E+14  0.00000000E+00  0.56494255E-32
  0.49146006E+14  0.00000000E+00  0.55878911E-32
  0.49219467E+14  0.00000000E+00  0.55272856E-32
  0.49292929E+14  0.00000000E+00  0.54675907E-32
  0.49366391E+14  0.00000000E+00  0.54087885E-32
  0.49439853E+14  0.00000000E+00  0.53508614E-32
  0.49513315E+14  0.00000000E+00  0.52937925E-32
  0.49586777E+14  0.00000000E+00  0.52375651E-32
  0.49660239E+14  0.00000000E+00  0.51821631E-32
  0.49733701E+14  0.00000000E+00  0.51275705E-32
  0.49807163E+14  0.00000000E+00  0.50737719E-32
  0.49880624E+14  0.00000000E+00  0.50207523E-32
  0.49954086E+14  0.00000000E+00  0.49684969E-32
  0.50027548E+14  0.00000000E+00  0.49169913E-32
  0.50101010E+14  0.00000000E+00  0.48662216E-32
  0.50174472E+14  0.00000000E+00  0.48161740E-32
  0.50247934E+14  0.00000000E+00  0.47668351E-32
  0.50321396E+14  0.00000000E+00  0.47181919E-32
  0.50394858E+14  0.00000000E+00  0.46702316E-32
  0.50468320E+14  0.00000000E+00  0.46229417E-32
  0.50541781E+14  0.00000000E+00  0.45763100E-32
  0.50615243E+14  0.00000000E+00  0.45303246E-32
  0.50688705E+14  0.00000000E+00  0.44849739E-32
  0.50762167E+14  0.00000000E+00  0.44402465E-32
  0.50835629E+14  0.00000000E+00  0.43961312E-32
  0.50909091E+14  0.00000000E+00  0.43526172E-32
  0.50982553E+14  0.00000000E+00  0.43096938E-32
  0.51056015E+14  0.00000000E+00  0.42673506E-32
  0.51129477E+14  0.00000000E+00  0.42255775E-32
  0.51202938E+14  0.00000000E+00  0.41843645E-32
  0.51276400E+14  0.00000000E+00  0.41437018E-32
  0.51349862E+14  0.00000000E+00  0.41035800E-32
  0.51423324E+14  0.00000000E+00  0.40639896E-32
  0.51496786E+14  0.00000000E+00  0.40249217E-32
  0.51570248E+14  0.00000000E+00  0.39863672E-32
  0.51643710E+14  0.00000000E+00  0.39483174E-32
  0.51717172E+14  0.00000000E+00  0.39107639E-32
  0.51790634E+14  0.00000000E+00  0.38736981E-32
  0.51864096E+14  0.00000000E+00  0.38371119E-32
  0.51937557E+14  0.00000000E+00  0.38009973E-32
  0.52011019E+14  0.00000000E+00  0.37653465E-32
  0.52084481E+14  0.00000000E+00  0.37301517E-32
  0.52157943E+14  0.00000000E+00  0.36954053E-32
  0.52231405E+14  0.00000000E+00  0.36611001E-32
  0.52304867E+14  0.00000000E+00  0.36272288E-32
  0.52378329E+14  0.00000000E+00  0.35937843E-32
  0.52451791E+14  0.00000000E+00  0.35607596E-32
  0.52525253E+14  0.00000000E+00  0.35281480E-32
  0.52598714E+14  0.00000000E+00  0.34959429E-32
  0.52672176E+14  0.00000000E+00  0.34641375E-32
  0.52745638E+14  0.00000000E+00  0.34327257E-32
  0.52819100E+14  0.00000000E+00  0.34017010E-32
  0.52892562E+14  0.00000000E+00  0.33710574E-32
  0.52966024E+14  0.00000000E+00  0.33407889E-32
  0.53039486E+14  0.00000000E+00  0.33108894E-32
  0.53112948E+14  0.00000000E+00  0.32813532E-32
  0.53186410E+14  0.00000000E+00  0.32521747E-32
  0.53259871E+14  0.00000000E+00  0.32233483E-32
  0.53333333E+14  0.00000000E+00  0.31948684E-32
  0.53406795E+14  0.00000000E+00  0.31667298E-32
  0.53480257E+14  0.00000000E+00  0.31389272E-32
  0.53553719E+14  0.00000000E+00  0.31114554E-32
  0.53627181E+14  0.00000000E+00  0.30843093E-32
  0.53700643E+14  0.00000000E+00  0.30574841E-32
  0.53774105E+14  0.00000000E+00  0.30309748E-32
  0.53847567E+14  0.00000000E+00  0.30047766E-32
  0.53921028E+14  0.00000000E+00  0.29788850E-32
  0.53994490E+14  0.00000000E+00  0.29532951E-32
  0.54067952E+14  0.00000000E+00  0.29280027E-32
  0.54141414E+14  0.00000000E+00  0.29030031E-32
  0.54214876E+14  0.00000000E+00  0.28782921E-32
  0.54288338E+14  0.00000000E+00  0.28538654E-32
  0.54361800E+14  0.00000000E+00  0.28297188E-32
  0.54435262E+14  0.00000000E+00  0.28058482E-32
  0.54508724E+14  0.00000000E+00  0.27822495E-32
  0.54582185E+14  0.00000000E+00  0.27589188E-32
  0.54655647E+14  0.00000000E+00  0.27358522E-32
  0.54729109E+14  0.00000000E+00  0.27130458E-32
  0.54802571E+14  0.00000000E+00  0.26904959E-32
  0.54876033E+14  0.00000000E+00  0.26681988E-32
  0.54949495E+14  0.00000000E+00  0.26461508E-32
  0.55022957E+14  0.00000000E+00  0.26243485E-32
  0.55096419E+14  0.00000000E+00  0.26027882E-32
  0.55169881E+14  0.00000000E+00  0.25814666E-32
  0.55243343E+14  0.00000000E+00  0.25603803E-32
  0.55316804E+14  0.00000000E+00  0.25395259E-32
  0.55390266E+14  0.00000000E+00  0.25189003E-32
  0.55463728E+14  0.00000000E+00  0.24985001E-32
  0.55537190E+14  0.00000000E+00  0.24783223E-32
  0.55610652E+14  0.00000000E+00  0.24583638E-32
  0.55684114E+14  0.00000000E+00  0.24386214E-32
  0.55757576E+14  0.00000000E+00  0.24190923E-32
  0.55831038E+14  0.00000000E+00  0.23997734E-32
  0.55904500E+14  0.00000000E+00  0.23806619E-32
  0.55977961E+14  0.00000000E+00  0.23617549E-32
  0.56051423E+14  0.00000000E+00  0.23430497E-32
  0.56124885E+14  0.00000000E+00  0.23245435E-32
  0.56198347E+14  0.00000000E+00  0.23062336E-32
  0.56271809E+14  0.00000000E+00  0.22881174E-32
  0.56345271E+14  0.00000000E+00  0.22701921E-32
  0.56418733E+14  0.00000000E+00  0.22524554E-32
  0.56492195E+14  0.00000000E+00  0.22349046E-32
  0.56565657E+14  0.00000000E+00  0.22175372E-32
  0.56639118E+14  0.00000000E+00  0.22003508E-32
  0.56712580E+14  0.00000000E+00  0.21833431E-32
  0.56786042E+14  0.00000000E+00  0.21665115E-32
  0.56859504E+14  0.00000000E+00  0.21498539E-32
  0.56932966E+14  0.00000000E+00  0.21333680E-32
  0.57006428E+14  0.00000000E+00  0.21170514E-32
  0.57079890E+14  0.00000000E+00  0.21009019E-32
  0.57153352E+14  0.00000000E+00  0.20849175E-32
  0.57226814E+14  0.00000000E+00  0.20690958E-32
  0.57300275E+14  0.00000000E+00  0.20534349E-32
  0.57373737E+14  0.00000000E+00  0.20379327E-32
  0.57447199E+14  0.00000000E+00  0.20225870E-32
  0.57520661E+14  0.00000000E+00  0.20073960E-32
  0.57594123E+14  0.00000000E+00  0.19923575E-32
  0.57667585E+14  0.00000000E+00  0.19774698E-32
  0.57741047E+14  0.00000000E+00  0.19627307E-32
  0.57814509E+14  0.00000000E+00  0.19481385E-32
  0.57887971E+14  0.00000000E+00  0.19336914E-32
  0.57961433E+14  0.00000000E+00  0.19193873E-32
  0.58034894E+14  0.00000000E+00  0.19052247E-32
  0.58108356E+14  0.00000000E+00  0.18912016E-32
  0.58181818E+14  0.00000000E+00  0.18773164E-32
  0.58255280E+14  0.00000000E+00  0.18635673E-32
  0.58328742E+14  0.00000000E+00  0.18499526E-32
  0.58402204E+14  0.00000000E+00  0.18364707E-32
  0.58475666E+14  0.00000000E+00  0.18231199E-32
  0.58549128E+14  0.00000000E+00  0.18098986E-32
  0.58622590E+14  0.00000000E+00  0.17968052E-32
  0.58696051E+14  0.00000000E+00  0.17838381E-32
  0.58769513E+14  0.00000000E+00  0.17709958E-32
  0.58842975E+14  0.00000000E+00  0.17582768E-32
  0.58916437E+14  0.00000000E+00  0.17456795E-32
  0.58989899E+14  0.00000000E+00  0.17332026E-32
  0.59063361E+14  0.00000000E+00  0.17208444E-32
  0.59136823E+14  0.00000000E+00  0.17086037E-32
  0.59210285E+14  0.00000000E+00  0.16964790E-32
  0.59283747E+14  0.00000000E+00  0.16844688E-32
  0.59357208E+14  0.00000000E+00  0.16725719E-32
  0.59430670E+14  0.00000000E+00  0.16607868E-32
  0.59504132E+14  0.00000000E+00  0.16491122E-32
  0.59577594E+14  0.00000000E+00  0.16375469E-32
  0.59651056E+14  0.00000000E+00  0.16260895E-32
  0.59724518E+14  0.00000000E+00  0.16147388E-32
  0.59797980E+14  0.00000000E+00  0.16034935E-32
  0.59871442E+14  0.00000000E+00  0.15923523E-32
  0.59944904E+14  0.00000000E+00  0.15813140E-32
  0.60018365E+14  0.00000000E+00  0.15703775E-32
  0.60091827E+14  0.00000000E+00  0.15595416E-32
  0.60165289E+14  0.00000000E+00  0.15488050E-32
  0.60238751E+14  0.00000000E+00  0.15381666E-32
  0.60312213E+14  0.00000000E+00  0.15276254E-32
  0.60385675E+14  0.00000000E+00  0.15171801E-32
  0.60459137E+14  0.00000000E+00  0.15068296E-32
  0.60532599E+14  0.00000000E+00  0.14965730E-32
  0.60606061E+14  0.00000000E+00  0.14864090E-32
  0.60679522E+14  0.00000000E+00  0.14763367E-32
  0.60752984E+14  0.00000000E+00  0.14663550E-32
  0.60826446E+14  0.00000000E+00  0.14564628E-32
  0.60899908E+14  0.00000000E+00  0.14466592E-32
  0.60973370E+14  0.00000000E+00  0.14369432E-32
  0.61046832E+14  0.00000000E+00  0.14273137E-32
  0.61120294E+14  0.00000000E+00  0.14177698E-32
  0.61193756E+14  0.00000000E+00  0.14083106E-32
  0.61267218E+14  0.00000000E+00  0.13989350E-32
  0.61340680E+14  0.00000000E+00  0.13896422E-32
  0.61414141E+14  0.00000000E+00  0.13804312E-32
  0.61487603E+14  0.00000000E+00  0.13713011E-32
  0.61561065E+14  0.00000000E+00  0.13622510E-32
  0.61634527E+14  0.00000000E+00  0.13532801E-32
  0.61707989E+14  0.00000000E+00  0.13443874E-32
  0.61781451E+14  0.00000000E+00  0.13355722E-32
  0.61854913E+14  0.00000000E+00  0.13268335E-32
  0.61928375E+14  0.00000000E+00  0.13181705E-32
  0.62001837E+14  0.00000000E+00  0.13095824E-32
  0.62075298E+14  0.00000000E+00  0.13010683E-32
  0.62148760E+14  0.00000000E+00  0.12926275E-32
  0.62222222E+14  0.00000000E+00  0.12842592E-32
  0.62295684E+14  0.00000000E+00  0.12759626E-32
  0.62369146E+14  0.00000000E+00  0.12677369E-32
  0.62442608E+14  0.00000000E+00  0.12595813E-32
  0.62516070E+14  0.00000000E+00  0.12514952E-32
  0.62589532E+14  0.00000000E+00  0.12434777E-32
  0.62662994E+14  0.00000000E+00  0.12355281E-32
  0.62736455E+14  0.00000000E+00  0.12276457E-32
  0.62809917E+14  0.00000000E+00  0.12198297E-32
  0.62883379E+14  0.00000000E+00  0.12120796E-32
  0.62956841E+14  0.00000000E+00  0.12043945E-32
  0.63030303E+14  0.00000000E+00  0.11967738E-32
  0.63103765E+14  0.00000000E+00  0.11892168E-32
  0.63177227E+14  0.00000000E+00  0.11817228E-32
  0.63250689E+14  0.00000000E+00  0.11742913E-32
  0.63324151E+14  0.00000000E+00  0.11669214E-32
  0.63397612E+14  0.00000000E+00  0.11596126E-32
  0.63471074E+14  0.00000000E+00  0.11523643E-32
  0.63544536E+14  0.00000000E+00  0.11451758E-32
  0.63617998E+14  0.00000000E+00  0.11380464E-32
  0.63691460E+14  0.00000000E+00  0.11309757E-32
  0.63764922E+14  0.00000000E+00  0.11239629E-32
  0.63838384E+14  0.00000000E+00  0.11170075E-32
  0.63911846E+14  0.00000000E+00  0.11101088E-32
  0.63985308E+14  0.00000000E+00  0.11032664E-32
  0.64058770E+14  0.00000000E+00  0.10964796E-32
  0.64132231E+14  0.00000000E+00  0.10897479E-32
  0.64205693E+14  0.00000000E+00  0.10830706E-32
  0.64279155E+14  0.00000000E+00  0.10764473E-32
  0.64352617E+14  0.00000000E+00  0.10698774E-32
  0.64426079E+14  0.00000000E+00  0.10633604E-32
  0.64499541E+14  0.00000000E+00  0.10568956E-32
  0.64573003E+14  0.00000000E+00  0.10504827E-32
  0.64646465E+14  0.00000000E+00  0.10441210E-32
  0.64719927E+14  0.00000000E+00  0.10378101E-32
  0.64793388E+14  0.00000000E+00  0.10315494E-32
  0.64866850E+14  0.00000000E+00  0.10253385E-32
  0.64940312E+14  0.00000000E+00  0.10191768E-32
  0.65013774E+14  0.00000000E+00  0.10130639E-32
  0.65087236E+14  0.00000000E+00  0.10069993E-32
  0.65160698E+14  0.00000000E+00  0.10009825E-32
  0.65234160E+14  0.00000000E+00  0.99501295E-33
  0.65307622E+14  0.00000000E+00  0.98909030E-33
  0.65381084E+14  0.00000000E+00  0.98321404E-33
  0.65454545E+14  0.00000000E+00  0.97738371E-33
  0.65528007E+14  0.00000000E+00  0.97159888E-33
  0.65601469E+14  0.00000000E+00  0.96585909E-33
  0.65674931E+14  0.00000000E+00  0.96016391E-33
  0.65748393E+14  0.00000000E+00  0.95451289E-33
  0.65821855E+14  0.00000000E+00  0.94890562E-33
  0.65895317E+14  0.00000000E+00  0.94334166E-33
  0.65968779E+14  0.00000000E+00  0.93782059E-33
  0.66042241E+14  0.00000000E+00  0.93234201E-33
  0.66115702E+14  0.00000000E+00  0.92690550E-33
  0.66189164E+14  0.00000000E+00  0.92151065E-33
  0.66262626E+14  0.00000000E+00  0.91615707E-33
  0.66336088E+14  0.00000000E+00  0.91084437E-33
  0.66409550E+14  0.00000000E+00  0.90557214E-33
  0.66483012E+14  0.00000000E+00  0.90034000E-33
  0.66556474E+14  0.00000000E+00  0.89514758E-33
  0.66629936E+14  0.00000000E+00  0.88999449E-33
  0.66703398E+14  0.00000000E+00  0.88488036E-33
  0.66776860E+14  0.00000000E+00  0.87980483E-33
  0.66850321E+14  0.00000000E+00  0.87476752E-33
  0.66923783E+14  0.00000000E+00  0.86976808E-33
  0.66997245E+14  0.00000000E+00  0.86480615E-33
  0.67070707E+14  0.00000000E+00  0.85988137E-33
  0.67144169E+14  0.00000000E+00  0.85499341E-33
  0.67217631E+14  0.00000000E+00  0.85014191E-33
  0.67291093E+14  0.00000000E+00  0.84532654E-33
  0.67364555E+14  0.00000000E+00  0.84054695E-33
  0.67438017E+14  0.00000000E+00  0.83580282E-33
  0.67511478E+14  0.00000000E+00  0.83109381E-33
  0.67584940E+14  0.00000000E+00  0.82641961E-33
  0.67658402E+14  0.00000000E+00  0.82177989E-33
  0.67731864E+14  0.00000000E+00  0.81717432E-33
  0.67805326E+14  0.00000000E+00  0.81260261E-33
  0.67878788E+14  0.00000000E+00  0.80806443E-33
  0.67952250E+14  0.00000000E+00  0.80355947E-33
  0.68025712E+14  0.00000000E+00  0.79908744E-33
  0.68099174E+14  0.00000000E+00  0.79464803E-33
  0.68172635E+14  0.00000000E+00  0.79024095E-33
  0.68246097E+14  0.00000000E+00  0.78586590E-33
  0.68319559E+14  0.00000000E+00  0.78152258E-33
  0.68393021E+14  0.00000000E+00  0.77721072E-33
  0.68466483E+14  0.00000000E+00  0.77293003E-33
  0.68539945E+14  0.00000000E+00  0.76868022E-33
  0.68613407E+14  0.00000000E+00  0.76446102E-33
  0.68686869E+14  0.00000000E+00  0.76027215E-33
  0.68760331E+14  0.00000000E+00  0.75611334E-33
  0.68833792E+14  0.00000000E+00  0.75198432E-33
  0.68907254E+14  0.00000000E+00  0.74788482E-33
  0.68980716E+14  0.00000000E+00  0.74381458E-33
  0.69054178E+14  0.00000000E+00  0.73977335E-33
  0.69127640E+14  0.00000000E+00  0.73576085E-33
  0.69201102E+14  0.00000000E+00  0.73177684E-33
  0.69274564E+14  0.00000000E+00  0.72782106E-33
  0.69348026E+14  0.00000000E+00  0.72389326E-33
  0.69421488E+14  0.00000000E+00  0.71999320E-33
  0.69494949E+14  0.00000000E+00  0.71612063E-33
  0.69568411E+14  0.00000000E+00  0.71227531E-33
  0.69641873E+14  0.00000000E+00  0.70845700E-33
  0.69715335E+14  0.00000000E+00  0.70466546E-33
  0.69788797E+14  0.00000000E+00  0.70090047E-33
  0.69862259E+14  0.00000000E+00  0.69716178E-33
  0.69935721E+14  0.00000000E+00  0.69344916E-33
  0.70009183E+14  0.00000000E+00  0.68976240E-33
  0.70082645E+14  0.00000000E+00  0.68610127E-33
  0.70156107E+14  0.00000000E+00  0.68246554E-33
  0.70229568E+14  0.00000000E+00  0.67885499E-33
  0.70303030E+14  0.00000000E+00  0.67526941E-33
  0.70376492E+14  0.00000000E+00  0.67170858E-33
  0.70449954E+14  0.00000000E+00  0.66817229E-33
  0.70523416E+14  0.00000000E+00  0.66466033E-33
  0.70596878E+14  0.00000000E+00  0.66117249E-33
  0.70670340E+14  0.00000000E+00  0.65770855E-33
  0.70743802E+14  0.00000000E+00  0.65426833E-33
  0.70817264E+14  0.00000000E+00  0.65085161E-33
  0.70890725E+14  0.00000000E+00  0.64745820E-33
  0.70964187E+14  0.00000000E+00  0.64408789E-33
  0.71037649E+14  0.00000000E+00  0.64074049E-33
  0.71111111E+14  0.00000000E+00  0.63741581E-33
  0.71184573E+14  0.00000000E+00  0.63411366E-33
  0.71258035E+14  0.00000000E+00  0.63083384E-33
  0.71331497E+14  0.00000000E+00  0.62757617E-33
  0.71404959E+14  0.00000000E+00  0.62434045E-33
  0.71478421E+14  0.00000000E+00  0.62112651E-33
  0.71551882E+14  0.00000000E+00  0.61793417E-33
  0.71625344E+14  0.00000000E+00  0.61476324E-33
  0.71698806E+14  0.00000000E+00  0.61161354E-33
  0.71772268E+14  0.00000000E+00  0.60848489E-33
  0.71845730E+14  0.00000000E+00  0.60537713E-33
  0.71919192E+14  0.00000000E+00  0.60229008E-33
  0.71992654E+14  0.00000000E+00  0.59922356E-33
  0.72066116E+14  0.00000000E+00  0.59617741E-33
  0.72139578E+14  0.00000000E+00  0.59315145E-33
  0.72213039E+14  0.00000000E+00  0.59014552E-33
  0.72286501E+14  0.00000000E+00  0.58715946E-33
  0.72359963E+14  0.00000000E+00  0.58419310E-33
  0.72433425E+14  0.00000000E+00  0.58124628E-33
  0.72506887E+14  0.00000000E+00  0.57831885E-33
  0.72580349E+14  0.00000000E+00  0.57541063E-33
  0.72653811E+14  0.00000000E+00  0.57252148E-33
  0.72727273E+14  0.00000000E+00  0.56965123E-33
  0.72800735E+14  0.00000000E+00  0.56679974E-33
  0.72874197E+14  0.00000000E+00  0.56396685E-33
  0.72947658E+14  0.00000000E+00  0.56115242E-33
  0.73021120E+14  0.00000000E+00  0.55835628E-33
  0.73094582E+14  0.00000000E+00  0.55557830E-33
  0.73168044E+14  0.00000000E+00  0.55281833E-33
  0.73241506E+14  0.00000000E+00  0.55007622E-33
  0.73314968E+14  0.00000000E+00  0.54735182E-33
  0.73388430E+14  0.00000000E+00  0.54464501E-33
  0.73461892E+14  0.00000000E+00  0.54195562E-33
  0.73535354E+14  0.00000000E+00  0.53928353E-33
  0.73608815E+14  0.00000000E+00  0.53662860E-33
  0.73682277E+14  0.00000000E+00  0.53399069E-33
  0.73755739E+14  0.00000000E+00  0.53136967E-33
  0.73829201E+14  0.00000000E+00  0.52876539E-33
  0.73902663E+14  0.00000000E+00  0.52617773E-33
  0.73976125E+14  0.00000000E+00  0.52360655E-33
  0.74049587E+14  0.00000000E+00  0.52105173E-33
  0.74123049E+14  0.00000000E+00  0.51851314E-33
  0.74196511E+14  0.00000000E+00  0.51599064E-33
  0.74269972E+14  0.00000000E+00  0.51348411E-33
  0.74343434E+14  0.00000000E+00  0.51099343E-33
  0.74416896E+14  0.00000000E+00  0.50851847E-33
  0.74490358E+14  0.00000000E+00  0.50605910E-33
  0.74563820E+14  0.00000000E+00  0.50361521E-33
  0.74637282E+14  0.00000000E+00  0.50118667E-33
  0.74710744E+14  0.00000000E+00  0.49877337E-33
  0.74784206E+14  0.00000000E+00  0.49637518E-33
  0.74857668E+14  0.00000000E+00  0.49399199E-33
  0.74931129E+14  0.00000000E+00  0.49162368E-33
  0.75004591E+14  0.00000000E+00  0.48927014E-33
  0.75078053E+14  0.00000000E+00  0.48693125E-33
  0.75151515E+14  0.00000000E+00  0.48460690E-33
  0.75224977E+14  0.00000000E+00  0.48229697E-33
  0.75298439E+14  0.00000000E+00  0.48000136E-33
  0.75371901E+14  0.00000000E+00  0.47771995E-33
  0.75445363E+14  0.00000000E+00  0.47545264E-33
  0.75518825E+14  0.00000000E+00  0.47319932E-33
  0.75592287E+14  0.00000000E+00  0.47095988E-33
  0.75665748E+14  0.00000000E+00  0.46873421E-33
  0.75739210E+14  0.00000000E+00  0.46652221E-33
  0.75812672E+14  0.00000000E+00  0.46432377E-33
  0.75886134E+14  0.00000000E+00  0.46213880E-33
  0.75959596E+14  0.00000000E+00  0.45996719E-33
  0.76033058E+14  0.00000000E+00  0.45780884E-33
  0.76106520E+14  0.00000000E+00  0.45566364E-33
  0.76179982E+14  0.00000000E+00  0.45353150E-33
  0.76253444E+14  0.00000000E+00  0.45141232E-33
  0.76326905E+14  0.00000000E+00  0.44930600E-33
  0.76400367E+14  0.00000000E+00  0.44721245E-33
  0.76473829E+14  0.00000000E+00  0.44513157E-33
  0.76547291E+14  0.00000000E+00  0.44306326E-33
  0.76620753E+14  0.00000000E+00  0.44100743E-33
  0.76694215E+14  0.00000000E+00  0.43896399E-33
  0.76767677E+14  0.00000000E+00  0.43693284E-33
  0.76841139E+14  0.00000000E+00  0.43491389E-33
  0.76914601E+14  0.00000000E+00  0.43290705E-33
  0.76988062E+14  0.00000000E+00  0.43091224E-33
  0.77061524E+14  0.00000000E+00  0.42892936E-33
  0.77134986E+14  0.00000000E+00  0.42695832E-33
  0.77208448E+14  0.00000000E+00  0.42499903E-33
  0.77281910E+14  0.00000000E+00  0.42305142E-33
  0.77355372E+14  0.00000000E+00  0.42111539E-33
  0.77428834E+14  0.00000000E+00  0.41919085E-33
  0.77502296E+14  0.00000000E+00  0.41727773E-33
  0.77575758E+14  0.00000000E+00  0.41537594E-33
  0.77649219E+14  0.00000000E+00  0.41348539E-33
  0.77722681E+14  0.00000000E+00  0.41160600E-33
  0.77796143E+14  0.00000000E+00  0.40973770E-33
  0.77869605E+14  0.00000000E+00  0.40788040E-33
  0.77943067E+14  0.00000000E+00  0.40603402E-33
  0.78016529E+14  0.00000000E+00  0.40419848E-33
  0.78089991E+14  0.00000000E+00  0.40237370E-33
  0.78163453E+14  0.00000000E+00  0.40055960E-33
  0.78236915E+14  0.00000000E+00  0.39875611E-33
  0.78310376E+14  0.00000000E+00  0.39696315E-33
  0.78383838E+14  0.00000000E+00  0.39518065E-33
  0.78457300E+14  0.00000000E+00  0.39340852E-33
  0.78530762E+14  0.00000000E+00  0.39164669E-33
  0.78604224E+14  0.00000000E+00  0.38989510E-33
  0.78677686E+14  0.00000000E+00  0.38815365E-33
  0.78751148E+14  0.00000000E+00  0.38642230E-33
  0.78824610E+14  0.00000000E+00  0.38470095E-33
  0.78898072E+14  0.00000000E+00  0.38298954E-33
  0.78971534E+14  0.00000000E+00  0.38128799E-33
  0.79044995E+14  0.00000000E+00  0.37959625E-33
  0.79118457E+14  0.00000000E+00  0.37791423E-33
  0.79191919E+14  0.00000000E+00  0.37624187E-33
  0.79265381E+14  0.00000000E+00  0.37457910E-33
  0.79338843E+14  0.00000000E+00  0.37292585E-33
  0.79412305E+14  0.00000000E+00  0.37128205E-33
  0.79485767E+14  0.00000000E+00  0.36964764E-33
  0.79559229E+14  0.00000000E+00  0.36802255E-33
  0.79632691E+14  0.00000000E+00  0.36640672E-33
  0.79706152E+14  0.00000000E+00  0.36480007E-33
  0.79779614E+14  0.00000000E+00  0.36320255E-33
  0.79853076E+14  0.00000000E+00  0.36161409E-33
  0.79926538E+14  0.00000000E+00  0.36003463E-33
  0.80000000E+14  0.00000000E+00  0.35846410E-33
