  0.73461892E+11 -0.97245106E-32  0.35381806E-30
  0.14692378E+12 -0.15483385E-31  0.34869249E-30
  0.22038567E+12 -0.22422434E-31  0.33977730E-30
  0.29384757E+12 -0.18251361E-31  0.33078674E-30
  0.36730946E+12 -0.15251913E-31  0.33325614E-30
  0.44077135E+12 -0.18094553E-31  0.33324541E-30
  0.51423324E+12 -0.18492362E-31  0.33255081E-30
  0.58769513E+12 -0.19954237E-31  0.33217784E-30
  0.66115702E+12 -0.21615939E-31  0.33214068E-30
  0.73461892E+12 -0.23464127E-31  0.33136085E-30
  0.80808081E+12 -0.24586739E-31  0.33111716E-30
  0.88154270E+12 -0.25492988E-31  0.33140630E-30
  0.95500459E+12 -0.27070437E-31  0.33114996E-30
  0.10284665E+13 -0.28307376E-31  0.33088056E-30
  0.11019284E+13 -0.29542034E-31  0.33174675E-30
  0.11753903E+13 -0.31196439E-31  0.33215977E-30
  0.12488522E+13 -0.33636113E-31  0.33298963E-30
  0.13223140E+13 -0.35390242E-31  0.33216247E-30
  0.13957759E+13 -0.35627338E-31  0.33217502E-30
  0.14692378E+13 -0.36908086E-31  0.33436441E-30
  0.15426997E+13 -0.40356173E-31  0.33513084E-30
  0.16161616E+13 -0.42362579E-31  0.33414660E-30
  0.16896235E+13 -0.42541046E-31  0.33470388E-30
  0.17630854E+13 -0.44162263E-31  0.33665368E-30
  0.18365473E+13 -0.47003672E-31  0.33702134E-30
  0.19100092E+13 -0.48332661E-31  0.33769865E-30
  0.19834711E+13 -0.50445822E-31  0.33914253E-30
  0.20569330E+13 -0.53302657E-31  0.33952089E-30
  0.21303949E+13 -0.54551369E-31  0.33980856E-30
  0.22038567E+13 -0.55760716E-31  0.34116426E-30
  0.22773186E+13 -0.58234676E-31  0.34308589E-30
  0.23507805E+13 -0.61205770E-31  0.34391388E-30
  0.24242424E+13 -0.63196965E-31  0.34450380E-30
  0.24977043E+13 -0.65208900E-31  0.34581025E-30
  0.25711662E+13 -0.67930871E-31  0.34729622E-30
  0.26446281E+13 -0.70411525E-31  0.34795328E-30
  0.27180900E+13 -0.72113153E-31  0.34913719E-30
  0.27915519E+13 -0.74622003E-31  0.35146677E-30
  0.28650138E+13 -0.78377725E-31  0.35251211E-30
  0.29384757E+13 -0.80524913E-31  0.35306647E-30
  0.30119376E+13 -0.82790185E-31  0.35501025E-30
  0.30853994E+13 -0.86287446E-31  0.35667930E-30
  0.31588613E+13 -0.89125601E-31  0.35747024E-30
  0.32323232E+13 -0.91452234E-31  0.35940138E-30
  0.33057851E+13 -0.95308342E-31  0.36156749E-30
  0.33792470E+13 -0.98990443E-31  0.36210164E-30
  0.34527089E+13 -0.10124905E-30  0.36331236E-30
  0.35261708E+13 -0.10428166E-30  0.36593823E-30
  0.35996327E+13 -0.10881674E-30  0.36762696E-30
  0.36730946E+13 -0.11217277E-30  0.36851787E-30
  0.37465565E+13 -0.11540535E-30  0.37055472E-30
  0.38200184E+13 -0.11993769E-30  0.37228036E-30
  0.38934803E+13 -0.12337188E-30  0.37325905E-30
  0.39669421E+13 -0.12676780E-30  0.37561152E-30
  0.40404040E+13 -0.13183317E-30  0.37765886E-30
  0.41138659E+13 -0.13604817E-30  0.37861800E-30
  0.41873278E+13 -0.13994721E-30  0.38064587E-30
  0.42607897E+13 -0.14525893E-30  0.38250712E-30
  0.43342516E+13 -0.14966136E-30  0.38327515E-30
  0.44077135E+13 -0.15357241E-30  0.38549549E-30
  0.44811754E+13 -0.15929957E-30  0.38802734E-30
  0.45546373E+13 -0.16508453E-30  0.38875584E-30
  0.46280992E+13 -0.16940669E-30  0.39019751E-30
  0.47015611E+13 -0.17522204E-30  0.39242892E-30
  0.47750230E+13 -0.18109332E-30  0.39334577E-30
  0.48484848E+13 -0.18598638E-30  0.39511592E-30
  0.49219467E+13 -0.19295474E-30  0.39721134E-30
  0.49954086E+13 -0.19896291E-30  0.39769539E-30
  0.50688705E+13 -0.20481743E-30  0.39973101E-30
  0.51423324E+13 -0.21235927E-30  0.40061933E-30
  0.52157943E+13 -0.21759964E-30  0.40140916E-30
  0.52892562E+13 -0.22479131E-30  0.40405644E-30
  0.53627181E+13 -0.23304510E-30  0.40415994E-30
  0.54361800E+13 -0.23921145E-30  0.40479889E-30
  0.55096419E+13 -0.24749263E-30  0.40651302E-30
  0.55831038E+13 -0.25536855E-30  0.40636791E-30
  0.56565657E+13 -0.26253732E-30  0.40760796E-30
  0.57300275E+13 -0.27170548E-30  0.40824335E-30
  0.58034894E+13 -0.27970373E-30  0.40812559E-30
  0.58769513E+13 -0.28898794E-30  0.40864596E-30
  0.59504132E+13 -0.29760537E-30  0.40760007E-30
  0.60238751E+13 -0.30603899E-30  0.40852515E-30
  0.60973370E+13 -0.31688502E-30  0.40761460E-30
  0.61707989E+13 -0.32535140E-30  0.40700286E-30
  0.62442608E+13 -0.33694651E-30  0.40668884E-30
  0.63177227E+13 -0.34649713E-30  0.40417429E-30
  0.63911846E+13 -0.35699381E-30  0.40365090E-30
  0.64646465E+13 -0.36789247E-30  0.40113669E-30
  0.65381084E+13 -0.37865961E-30  0.39985134E-30
  0.66115702E+13 -0.39084609E-30  0.39655626E-30
  0.66850321E+13 -0.40161605E-30  0.39417556E-30
  0.67584940E+13 -0.41450356E-30  0.38996353E-30
  0.68319559E+13 -0.42509397E-30  0.38703488E-30
  0.69054178E+13 -0.43918982E-30  0.38226795E-30
  0.69788797E+13 -0.45039414E-30  0.37809689E-30
  0.70523416E+13 -0.46487839E-30  0.37195182E-30
  0.71258035E+13 -0.47667194E-30  0.36649195E-30
  0.71992654E+13 -0.49059974E-30  0.35901970E-30
  0.72727273E+13 -0.50389718E-30  0.35318322E-30
  0.73461892E+13 -0.51739155E-30  0.34398163E-30
  0.74196511E+13 -0.53239406E-30  0.33605744E-30
  0.74931129E+13 -0.54446288E-30  0.32568630E-30
  0.75665748E+13 -0.56006947E-30  0.31552361E-30
  0.76400367E+13 -0.57250462E-30  0.30453437E-30
  0.77134986E+13 -0.58703534E-30  0.29154756E-30
  0.77869605E+13 -0.60180257E-30  0.27880462E-30
  0.78604224E+13 -0.61401973E-30  0.26425072E-30
  0.79338843E+13 -0.62789610E-30  0.24801796E-30
  0.80073462E+13 -0.64164909E-30  0.23217383E-30
  0.80808081E+13 -0.65277349E-30  0.21437332E-30
  0.81542700E+13 -0.66560693E-30  0.19454301E-30
  0.82277319E+13 -0.67800855E-30  0.17439946E-30
  0.83011938E+13 -0.68768757E-30  0.15259689E-30
  0.83746556E+13 -0.69630622E-30  0.12949293E-30
  0.84481175E+13 -0.70527005E-30  0.10492929E-30
  0.85215794E+13 -0.71336437E-30  0.79140031E-31
  0.85950413E+13 -0.71942225E-30  0.51967042E-31
  0.86685032E+13 -0.72222913E-30  0.23199314E-31
  0.87419651E+13 -0.72279908E-30 -0.62779281E-32
  0.88154270E+13 -0.72109165E-30 -0.36919460E-31
  0.88888889E+13 -0.71724971E-30 -0.68165992E-31
  0.89623508E+13 -0.70998467E-30 -0.10001360E-30
  0.90358127E+13 -0.69808214E-30 -0.13118406E-30
  0.91092746E+13 -0.68034049E-30 -0.15816989E-30
  0.91827365E+13 -0.66803734E-30 -0.17983064E-30
  0.92561983E+13 -0.65361017E-30 -0.20741891E-30
  0.93296602E+13 -0.63491257E-30 -0.23334857E-30
  0.94031221E+13 -0.60991400E-30 -0.25689322E-30
  0.94765840E+13 -0.58401721E-30 -0.27620706E-30
  0.95500459E+13 -0.55723644E-30 -0.29136612E-30
  0.96235078E+13 -0.53023177E-30 -0.30320790E-30
  0.96969697E+13 -0.50449373E-30 -0.31143498E-30
  0.97704316E+13 -0.47798537E-30 -0.31575238E-30
  0.98438935E+13 -0.45321240E-30 -0.31712773E-30
  0.99173554E+13 -0.42954495E-30 -0.31514195E-30
  0.99908173E+13 -0.40992361E-30 -0.31134159E-30
  0.10064279E+14 -0.39142368E-30 -0.30548262E-30
  0.10137741E+14 -0.37734708E-30 -0.29660402E-30
  0.10211203E+14 -0.36868060E-30 -0.28798290E-30
  0.10284665E+14 -0.36474891E-30 -0.28215995E-30
  0.10358127E+14 -0.36330473E-30 -0.27994334E-30
  0.10431589E+14 -0.36362131E-30 -0.28128893E-30
  0.10505051E+14 -0.36497495E-30 -0.28652793E-30
  0.10578512E+14 -0.36852083E-30 -0.29736664E-30
  0.10651974E+14 -0.37358066E-30 -0.31916900E-30
  0.10725436E+14 -0.36451047E-30 -0.37751111E-30
  0.10798898E+14 -0.28960021E-30 -0.38435994E-30
  0.10872360E+14 -0.25609155E-30 -0.37002614E-30
  0.10945822E+14 -0.23174788E-30 -0.35629325E-30
  0.11019284E+14 -0.21254656E-30 -0.34331690E-30
  0.11092746E+14 -0.19640363E-30 -0.33099219E-30
  0.11166208E+14 -0.18283334E-30 -0.31873260E-30
  0.11239669E+14 -0.17129749E-30 -0.30672152E-30
  0.11313131E+14 -0.16173825E-30 -0.29554470E-30
  0.11386593E+14 -0.15322174E-30 -0.28494897E-30
  0.11460055E+14 -0.14547998E-30 -0.27483935E-30
  0.11533517E+14 -0.13886528E-30 -0.26466459E-30
  0.11606979E+14 -0.13332003E-30 -0.25515658E-30
  0.11680441E+14 -0.12854113E-30 -0.24628790E-30
  0.11753903E+14 -0.12395023E-30 -0.23784430E-30
  0.11827365E+14 -0.11984719E-30 -0.22932179E-30
  0.11900826E+14 -0.11672757E-30 -0.22115839E-30
  0.11974288E+14 -0.11396091E-30 -0.21362617E-30
  0.12047750E+14 -0.11129633E-30 -0.20646111E-30
  0.12121212E+14 -0.10883590E-30 -0.19919547E-30
  0.12194674E+14 -0.10714925E-30 -0.19201475E-30
  0.12268136E+14 -0.10581119E-30 -0.18545536E-30
  0.12341598E+14 -0.10434127E-30 -0.17902256E-30
  0.12415060E+14 -0.10342532E-30 -0.17195628E-30
  0.12488522E+14 -0.10378833E-30 -0.16563507E-30
  0.12561983E+14 -0.10429993E-30 -0.16028930E-30
  0.12635445E+14 -0.10447916E-30 -0.15535569E-30
  0.12708907E+14 -0.10474475E-30 -0.15025021E-30
  0.12782369E+14 -0.10551625E-30 -0.14546402E-30
  0.12855831E+14 -0.10634507E-30 -0.14133768E-30
  0.12929293E+14 -0.10684860E-30 -0.13725751E-30
  0.13002755E+14 -0.10762653E-30 -0.13291457E-30
  0.13076217E+14 -0.10893218E-30 -0.12902784E-30
  0.13149679E+14 -0.10996027E-30 -0.12560133E-30
  0.13223140E+14 -0.11083239E-30 -0.12190410E-30
  0.13296602E+14 -0.11230113E-30 -0.11814342E-30
  0.13370064E+14 -0.11399438E-30 -0.11499491E-30
  0.13443526E+14 -0.11536114E-30 -0.11193008E-30
  0.13516988E+14 -0.11686171E-30 -0.10847954E-30
  0.13590450E+14 -0.11899186E-30 -0.10536060E-30
  0.13663912E+14 -0.12086622E-30 -0.10259184E-30
  0.13737374E+14 -0.12276338E-30 -0.99344693E-31
  0.13810836E+14 -0.12553585E-30 -0.96182792E-31
  0.13884298E+14 -0.12831887E-30 -0.93605168E-31
  0.13957759E+14 -0.13097463E-30 -0.90700061E-31
  0.14031221E+14 -0.13457844E-30 -0.87735785E-31
  0.14104683E+14 -0.13836406E-30 -0.85488364E-31
  0.14178145E+14 -0.14196039E-30 -0.82920136E-31
  0.14251607E+14 -0.14666985E-30 -0.80077827E-31
  0.14325069E+14 -0.15188050E-30 -0.77799714E-31
  0.14398531E+14 -0.15759140E-30 -0.74954443E-31
  0.14471993E+14 -0.16558219E-30 -0.71868692E-31
  0.14545455E+14 -0.17634090E-30 -0.68796532E-31
  0.14618916E+14 -0.20484505E-30 -0.77721162E-31
  0.14692378E+14 -0.19655570E-30 -0.93395811E-31
  0.14765840E+14 -0.19779012E-30 -0.98437982E-31
  0.14839302E+14 -0.20004584E-30 -0.10295926E-30
  0.14912764E+14 -0.20224186E-30 -0.10806736E-30
  0.14986226E+14 -0.20402336E-30 -0.11208847E-30
  0.15059688E+14 -0.20641716E-30 -0.11686919E-30
  0.15133150E+14 -0.20809978E-30 -0.12119140E-30
  0.15206612E+14 -0.21069981E-30 -0.12577514E-30
  0.15280073E+14 -0.21261662E-30 -0.13035744E-30
  0.15353535E+14 -0.21540185E-30 -0.13530933E-30
  0.15426997E+14 -0.21747513E-30 -0.14037420E-30
  0.15500459E+14 -0.22054384E-30 -0.14604812E-30
  0.15573921E+14 -0.22314291E-30 -0.15180477E-30
  0.15647383E+14 -0.22638822E-30 -0.15857877E-30
  0.15720845E+14 -0.23013892E-30 -0.16594995E-30
  0.15794307E+14 -0.23369072E-30 -0.17430947E-30
  0.15867769E+14 -0.23809225E-30 -0.18465867E-30
  0.15941230E+14 -0.24288499E-30 -0.19710150E-30
  0.16014692E+14 -0.24899911E-30 -0.21356699E-30
  0.16088154E+14 -0.25745923E-30 -0.23991401E-30
  0.16161616E+14 -0.22527459E-30 -0.29355551E-30
  0.16235078E+14 -0.19153511E-30 -0.29044451E-30
  0.16308540E+14 -0.17062269E-30 -0.28784820E-30
  0.16382002E+14 -0.15510117E-30 -0.28479651E-30
  0.16455464E+14 -0.14250072E-30 -0.28175141E-30
  0.16528926E+14 -0.13167467E-30 -0.27878399E-30
  0.16602388E+14 -0.12198925E-30 -0.27567759E-30
  0.16675849E+14 -0.11321158E-30 -0.27264896E-30
  0.16749311E+14 -0.10550892E-30 -0.26970802E-30
  0.16822773E+14 -0.98361079E-31 -0.26668633E-30
  0.16896235E+14 -0.91642291E-31 -0.26367530E-30
  0.16969697E+14 -0.85646506E-31 -0.26075639E-30
  0.17043159E+14 -0.79991495E-31 -0.25771234E-30
  0.17116621E+14 -0.74572416E-31 -0.25486553E-30
  0.17190083E+14 -0.69740172E-31 -0.25189167E-30
  0.17263545E+14 -0.64964589E-31 -0.24903962E-30
  0.17337006E+14 -0.60662186E-31 -0.24617775E-30
  0.17410468E+14 -0.56504590E-31 -0.24328178E-30
  0.17483930E+14 -0.52643262E-31 -0.24054087E-30
  0.17557392E+14 -0.48979232E-31 -0.23767082E-30
  0.17630854E+14 -0.45452295E-31 -0.23497924E-30
  0.17704316E+14 -0.42248072E-31 -0.23217302E-30
  0.17777778E+14 -0.39079041E-31 -0.22955472E-30
  0.17851240E+14 -0.36201028E-31 -0.22680441E-30
  0.17924702E+14 -0.33376135E-31 -0.22421968E-30
  0.17998163E+14 -0.30833658E-31 -0.22157876E-30
  0.18071625E+14 -0.28286174E-31 -0.21906285E-30
  0.18145087E+14 -0.25996072E-31 -0.21650295E-30
  0.18218549E+14 -0.23702776E-31 -0.21401813E-30
  0.18292011E+14 -0.21711383E-31 -0.21154206E-30
  0.18365473E+14 -0.19662603E-31 -0.20913319E-30
  0.18438935E+14 -0.17896595E-31 -0.20678058E-30
  0.18512397E+14 -0.16018321E-31 -0.20443282E-30
  0.18585859E+14 -0.14494089E-31 -0.20212884E-30
  0.18659320E+14 -0.12861805E-31 -0.19987898E-30
  0.18732782E+14 -0.11527297E-31 -0.19768525E-30
  0.18806244E+14 -0.10070986E-31 -0.19553669E-30
  0.18879706E+14 -0.88964208E-32 -0.19344033E-30
  0.18953168E+14 -0.76083238E-32 -0.19136554E-30
  0.19026630E+14 -0.66219465E-32 -0.18933762E-30
  0.19100092E+14 -0.55264461E-32 -0.18740248E-30
  0.19173554E+14 -0.46622374E-32 -0.18550252E-30
  0.19247016E+14 -0.36728699E-32 -0.18365238E-30
  0.19320478E+14 -0.29661464E-32 -0.18180828E-30
  0.19393939E+14 -0.21789047E-32 -0.18009046E-30
  0.19467401E+14 -0.15696439E-32 -0.17839331E-30
  0.19540863E+14 -0.89172748E-33 -0.17677377E-30
  0.19614325E+14 -0.39654487E-33 -0.17516904E-30
  0.19687787E+14  0.12255388E-33 -0.17366265E-30
  0.19761249E+14  0.52139538E-33 -0.17219613E-30
  0.19834711E+14  0.92033301E-33 -0.17082177E-30
  0.19908173E+14  0.12646491E-32 -0.16948016E-30
  0.19981635E+14  0.15284918E-32 -0.16817822E-30
  0.20055096E+14  0.17473930E-32 -0.16700962E-30
  0.20128558E+14  0.19558859E-32 -0.16586669E-30
  0.20202020E+14  0.21297374E-32 -0.16477670E-30
  0.20275482E+14  0.21765159E-32 -0.16378098E-30
  0.20348944E+14  0.23160684E-32 -0.16285713E-30
  0.20422406E+14  0.22877747E-32 -0.16200006E-30
  0.20495868E+14  0.23109036E-32 -0.16120709E-30
  0.20569330E+14  0.22548901E-32 -0.16051958E-30
  0.20642792E+14  0.21682363E-32 -0.15988511E-30
  0.20716253E+14  0.20986199E-32 -0.15935468E-30
  0.20789715E+14  0.19332267E-32 -0.15891297E-30
  0.20863177E+14  0.17977800E-32 -0.15852780E-30
  0.20936639E+14  0.15768226E-32 -0.15829614E-30
  0.21010101E+14  0.13862134E-32 -0.15810988E-30
  0.21083563E+14  0.11162610E-32 -0.15807510E-30
  0.21157025E+14  0.86925633E-33 -0.15814143E-30
  0.21230487E+14  0.55901143E-33 -0.15835965E-30
  0.21303949E+14  0.24744590E-33 -0.15872660E-30
  0.21377410E+14  0.00000000E+00 -0.15946791E-30
  0.21450872E+14  0.00000000E+00 -0.16016738E-30
  0.21524334E+14  0.00000000E+00 -0.16090162E-30
  0.21597796E+14  0.00000000E+00 -0.16172381E-30
  0.21671258E+14  0.00000000E+00 -0.16266024E-30
  0.21744720E+14  0.00000000E+00 -0.16373431E-30
  0.21818182E+14  0.00000000E+00 -0.16497199E-30
  0.21891644E+14  0.00000000E+00 -0.16640556E-30
  0.21965106E+14  0.00000000E+00 -0.16807834E-30
  0.22038567E+14  0.00000000E+00 -0.17005258E-30
  0.22112029E+14  0.00000000E+00 -0.17242525E-30
  0.22185491E+14  0.00000000E+00 -0.17536539E-30
  0.22258953E+14  0.00000000E+00 -0.17922747E-30
  0.22332415E+14  0.00000000E+00 -0.18511009E-30
  0.22405877E+14  0.88048234E-32 -0.19519590E-30
  0.22479339E+14  0.16066311E-31 -0.19453561E-30
  0.22552801E+14  0.21426274E-31 -0.19406983E-30
  0.22626263E+14  0.26049955E-31 -0.19345932E-30
  0.22699725E+14  0.30034844E-31 -0.19343161E-30
  0.22773186E+14  0.33615283E-31 -0.19304729E-30
  0.22846648E+14  0.37318332E-31 -0.19256857E-30
  0.22920110E+14  0.41052442E-31 -0.19207293E-30
  0.22993572E+14  0.44699809E-31 -0.19153697E-30
  0.23067034E+14  0.48254412E-31 -0.19086575E-30
  0.23140496E+14  0.51558685E-31 -0.19018491E-30
  0.23213958E+14  0.54591299E-31 -0.18938974E-30
  0.23287420E+14  0.58041911E-31 -0.18840675E-30
  0.23360882E+14  0.61679778E-31 -0.18746747E-30
  0.23434343E+14  0.64846691E-31 -0.18649173E-30
  0.23507805E+14  0.67865548E-31 -0.18528009E-30
  0.23581267E+14  0.71438700E-31 -0.18398403E-30
  0.23654729E+14  0.74442653E-31 -0.18288368E-30
  0.23728191E+14  0.77486977E-31 -0.18126349E-30
  0.23801653E+14  0.81023382E-31 -0.17992985E-30
  0.23875115E+14  0.83742379E-31 -0.17837923E-30
  0.23948577E+14  0.86965736E-31 -0.17656554E-30
  0.24022039E+14  0.90136650E-31 -0.17503442E-30
  0.24095500E+14  0.92771650E-31 -0.17311187E-30
  0.24168962E+14  0.96270091E-31 -0.17126100E-30
  0.24242424E+14  0.98668411E-31 -0.16932100E-30
  0.24315886E+14  0.10197553E-30 -0.16714378E-30
  0.24389348E+14  0.10454006E-30 -0.16523451E-30
  0.24462810E+14  0.10754303E-30 -0.16273598E-30
  0.24536272E+14  0.11021506E-30 -0.16069538E-30
  0.24609734E+14  0.11290566E-30 -0.15813617E-30
  0.24683196E+14  0.11583327E-30 -0.15583649E-30
  0.24756657E+14  0.11805046E-30 -0.15313432E-30
  0.24830119E+14  0.12108942E-30 -0.15069073E-30
  0.24903581E+14  0.12308419E-30 -0.14785662E-30
  0.24977043E+14  0.12608793E-30 -0.14520189E-30
  0.25050505E+14  0.12796728E-30 -0.14226686E-30
  0.25123967E+14  0.13077682E-30 -0.13936212E-30
  0.25197429E+14  0.13258069E-30 -0.13638361E-30
  0.25270891E+14  0.13519305E-30 -0.13324417E-30
  0.25344353E+14  0.13691322E-30 -0.13020944E-30
  0.25417815E+14  0.13934546E-30 -0.12684656E-30
  0.25491276E+14  0.14104234E-30 -0.12370906E-30
  0.25564738E+14  0.14322251E-30 -0.12008672E-30
  0.25638200E+14  0.14476414E-30 -0.11690388E-30
  0.25711662E+14  0.14676841E-30 -0.11304927E-30
  0.25785124E+14  0.14817757E-30 -0.10980801E-30
  0.25858586E+14  0.14979912E-30 -0.10577058E-30
  0.25932048E+14  0.15125990E-30 -0.10245020E-30
  0.26005510E+14  0.15253394E-30 -0.98261207E-31
  0.26078972E+14  0.15397383E-30 -0.94729336E-31
  0.26152433E+14  0.15482863E-30 -0.90470051E-31
  0.26225895E+14  0.15624383E-30 -0.86743003E-31
  0.26299357E+14  0.15666250E-30 -0.82465275E-31
  0.26372819E+14  0.15779471E-30 -0.78493242E-31
  0.26446281E+14  0.15806104E-30 -0.74278227E-31
  0.26519743E+14  0.15893573E-30 -0.70077257E-31
  0.26593205E+14  0.15898568E-30 -0.65784963E-31
  0.26666667E+14  0.15947085E-30 -0.61369181E-31
  0.26740129E+14  0.15906698E-30 -0.57143243E-31
  0.26813590E+14  0.15929018E-30 -0.52623223E-31
  0.26887052E+14  0.15869637E-30 -0.48390085E-31
  0.26960514E+14  0.15833738E-30 -0.43677338E-31
  0.27033976E+14  0.15767518E-30 -0.39569735E-31
  0.27107438E+14  0.15653354E-30 -0.34842948E-31
  0.27180900E+14  0.15590602E-30 -0.30573516E-31
  0.27254362E+14  0.15379185E-30 -0.26182533E-31
  0.27327824E+14  0.15275406E-30 -0.21577936E-31
  0.27401286E+14  0.15058101E-30 -0.17874804E-31
  0.27474747E+14  0.14770846E-30 -0.13670979E-31
  0.27548209E+14  0.14638746E-30 -0.10918654E-31
  0.27621671E+14  0.14452246E-30 -0.74216335E-32
  0.27695133E+14  0.14273369E-30 -0.32228341E-32
  0.27768595E+14  0.14045261E-30  0.47080320E-33
  0.27842057E+14  0.13747421E-30  0.42096330E-32
  0.27915519E+14  0.13495404E-30  0.78437949E-32
  0.27988981E+14  0.13193991E-30  0.10982234E-31
  0.28062443E+14  0.12841357E-30  0.14164476E-31
  0.28135904E+14  0.12507773E-30  0.17111194E-31
  0.28209366E+14  0.12172676E-30  0.19659531E-31
  0.28282828E+14  0.11793931E-30  0.22004766E-31
  0.28356290E+14  0.11425787E-30  0.24164769E-31
  0.28429752E+14  0.11048166E-30  0.25969684E-31
  0.28503214E+14  0.10659467E-30  0.27679529E-31
  0.28576676E+14  0.10288965E-30  0.28842838E-31
  0.28650138E+14  0.98836235E-31  0.29854867E-31
  0.28723600E+14  0.95000747E-31  0.30693842E-31
  0.28797062E+14  0.91499241E-31  0.31123082E-31
  0.28870523E+14  0.87748766E-31  0.31219775E-31
  0.28943985E+14  0.84037999E-31  0.31164856E-31
  0.29017447E+14  0.80335459E-31  0.30889168E-31
  0.29090909E+14  0.77327429E-31  0.30112543E-31
  0.29164371E+14  0.74420141E-31  0.29161617E-31
  0.29237833E+14  0.71509892E-31  0.28020989E-31
  0.29311295E+14  0.68992436E-31  0.26552426E-31
  0.29384757E+14  0.66771130E-31  0.24893983E-31
  0.29458219E+14  0.65043928E-31  0.22955930E-31
  0.29531680E+14  0.63772424E-31  0.20888197E-31
  0.29605142E+14  0.63404810E-31  0.18785146E-31
  0.29678604E+14  0.63839358E-31  0.16706318E-31
  0.29752066E+14  0.64920774E-31  0.15595776E-31
  0.29825528E+14  0.66352003E-31  0.14877997E-31
  0.29898990E+14  0.68069084E-31  0.14967017E-31
  0.29972452E+14  0.70274612E-31  0.15487394E-31
  0.30045914E+14  0.72950952E-31  0.17048842E-31
  0.30119376E+14  0.76004040E-31  0.19938035E-31
  0.30192837E+14  0.79402824E-31  0.24694860E-31
  0.30266299E+14  0.83292241E-31  0.33119027E-31
  0.30339761E+14  0.82348118E-31  0.53130928E-31
  0.30413223E+14  0.60934699E-31  0.57780746E-31
  0.30486685E+14  0.51279561E-31  0.55698057E-31
  0.30560147E+14  0.43766025E-31  0.53485318E-31
  0.30633609E+14  0.37630393E-31  0.51072237E-31
  0.30707071E+14  0.32356806E-31  0.48520670E-31
  0.30780533E+14  0.27750397E-31  0.45835277E-31
  0.30853994E+14  0.23533196E-31  0.43015540E-31
  0.30927456E+14  0.19728365E-31  0.40056791E-31
  0.31000918E+14  0.16162275E-31  0.36944438E-31
  0.31074380E+14  0.12961583E-31  0.33578430E-31
  0.31147842E+14  0.98644674E-32  0.29459611E-31
  0.31221304E+14  0.86193730E-32  0.24948025E-31
  0.31294766E+14  0.80008130E-32  0.21568406E-31
  0.31368228E+14  0.73691162E-32  0.18658038E-31
  0.31441690E+14  0.68364525E-32  0.16015195E-31
  0.31515152E+14  0.62955639E-32  0.13541899E-31
  0.31588613E+14  0.58502458E-32  0.11258703E-31
  0.31662075E+14  0.54546757E-32  0.90276357E-32
  0.31735537E+14  0.50277846E-32  0.69225561E-32
  0.31808999E+14  0.47230743E-32  0.48990923E-32
  0.31882461E+14  0.44258411E-32  0.29158967E-32
  0.31955923E+14  0.41409372E-32  0.99504134E-33
  0.32029385E+14  0.39169171E-32 -0.85919061E-33
  0.32102847E+14  0.37367136E-32 -0.27071955E-32
  0.32176309E+14  0.34825308E-32 -0.45214969E-32
  0.32249770E+14  0.33545585E-32 -0.63011831E-32
  0.32323232E+14  0.32614052E-32 -0.80583872E-32
  0.32396694E+14  0.31735088E-32 -0.98693294E-32
  0.32470156E+14  0.31292503E-32 -0.11652617E-31
  0.32543618E+14  0.32237584E-32 -0.13472661E-31
  0.32617080E+14  0.35049502E-32 -0.15012819E-31
  0.32690542E+14  0.35364791E-32 -0.16236183E-31
  0.32764004E+14  0.31051874E-32 -0.17599334E-31
  0.32837466E+14  0.24806396E-32 -0.19291634E-31
  0.32910927E+14  0.19057089E-32 -0.21398911E-31
  0.32984389E+14  0.14704630E-32 -0.23827267E-31
  0.33057851E+14  0.12814923E-32 -0.26536805E-31
  0.33131313E+14  0.14376287E-32 -0.29572385E-31
  0.33204775E+14  0.22480161E-32 -0.32608349E-31
  0.33278237E+14  0.33235864E-32 -0.35341190E-31
  0.33351699E+14  0.45181915E-32 -0.37937101E-31
  0.33425161E+14  0.58395673E-32 -0.40523329E-31
  0.33498623E+14  0.73429923E-32 -0.43021955E-31
  0.33572084E+14  0.90570862E-32 -0.45478732E-31
  0.33645546E+14  0.10836219E-31 -0.47855199E-31
  0.33719008E+14  0.12915450E-31 -0.50173485E-31
  0.33792470E+14  0.15066247E-31 -0.52468446E-31
  0.33865932E+14  0.17512952E-31 -0.54571524E-31
  0.33939394E+14  0.20134847E-31 -0.56693792E-31
  0.34012856E+14  0.22899103E-31 -0.58562241E-31
  0.34086318E+14  0.26071074E-31 -0.60368089E-31
  0.34159780E+14  0.29152531E-31 -0.61939753E-31
  0.34233242E+14  0.32744211E-31 -0.63251427E-31
  0.34306703E+14  0.36235258E-31 -0.64483590E-31
  0.34380165E+14  0.40071308E-31 -0.65170773E-31
  0.34453627E+14  0.44029014E-31 -0.65865137E-31
  0.34527089E+14  0.47856834E-31 -0.65954431E-31
  0.34600551E+14  0.52242375E-31 -0.65899712E-31
  0.34674013E+14  0.55967845E-31 -0.65407942E-31
  0.34747475E+14  0.60346698E-31 -0.64457331E-31
  0.34820937E+14  0.64050798E-31 -0.63558213E-31
  0.34894399E+14  0.68065044E-31 -0.61733854E-31
  0.34967860E+14  0.71892593E-31 -0.60276325E-31
  0.35041322E+14  0.75151833E-31 -0.57878575E-31
  0.35114784E+14  0.79200069E-31 -0.55675039E-31
  0.35188246E+14  0.81568358E-31 -0.52913946E-31
  0.35261708E+14  0.85255239E-31 -0.49812388E-31
  0.35335170E+14  0.86971035E-31 -0.47217399E-31
  0.35408632E+14  0.89628012E-31 -0.43079391E-31
  0.35482094E+14  0.91330235E-31 -0.40846497E-31
  0.35555556E+14  0.90872585E-31 -0.37298437E-31
  0.35629017E+14  0.94721727E-31 -0.36058824E-31
  0.35702479E+14  0.95537731E-31 -0.33713653E-31
  0.35775941E+14  0.98371578E-31 -0.29695358E-31
  0.35849403E+14  0.99987545E-31 -0.27237299E-31
  0.35922865E+14  0.10088282E-30 -0.22716770E-31
  0.35996327E+14  0.10281471E-30 -0.19769810E-31
  0.36069789E+14  0.10255376E-30 -0.15861279E-31
  0.36143251E+14  0.10437065E-30 -0.12205117E-31
  0.36216713E+14  0.10358193E-30 -0.89116243E-32
  0.36290174E+14  0.10453879E-30 -0.48559045E-32
  0.36363636E+14  0.10416579E-30 -0.20115409E-32
  0.36437098E+14  0.10376997E-30  0.22000218E-32
  0.36510560E+14  0.10389699E-30  0.49050326E-32
  0.36584022E+14  0.10249977E-30  0.86132127E-32
  0.36657484E+14  0.10284010E-30  0.11787064E-31
  0.36730946E+14  0.10096201E-30  0.14724609E-31
  0.36804408E+14  0.10072435E-30  0.18226331E-31
  0.36877870E+14  0.99369050E-31  0.20647920E-31
  0.36951331E+14  0.97882144E-31  0.24186611E-31
  0.37024793E+14  0.97183607E-31  0.26545366E-31
  0.37098255E+14  0.94836767E-31  0.29366165E-31
  0.37171717E+14  0.94284328E-31  0.32207939E-31
  0.37245179E+14  0.92071444E-31  0.34302987E-31
  0.37318641E+14  0.90306012E-31  0.37332843E-31
  0.37392103E+14  0.89088444E-31  0.39200731E-31
  0.37465565E+14  0.86326263E-31  0.41550691E-31
  0.37539027E+14  0.85277485E-31  0.43961953E-31
  0.37612489E+14  0.82960830E-31  0.45534928E-31
  0.37685950E+14  0.80501619E-31  0.47983135E-31
  0.37759412E+14  0.79233868E-31  0.49715967E-31
  0.37832874E+14  0.76359037E-31  0.51216570E-31
  0.37906336E+14  0.74126186E-31  0.53308292E-31
  0.37979798E+14  0.72549694E-31  0.54652021E-31
  0.38053260E+14  0.69507661E-31  0.55942436E-31
  0.38126722E+14  0.67172185E-31  0.57661958E-31
  0.38200184E+14  0.65534620E-31  0.58784652E-31
  0.38273646E+14  0.62604685E-31  0.59718318E-31
  0.38347107E+14  0.59795904E-31  0.61084431E-31
  0.38420569E+14  0.57981510E-31  0.62126170E-31
  0.38494031E+14  0.55672644E-31  0.62750394E-31
  0.38567493E+14  0.52620257E-31  0.63456599E-31
  0.38640955E+14  0.49826240E-31  0.64346468E-31
  0.38714417E+14  0.47712933E-31  0.64882432E-31
  0.38787879E+14  0.45646729E-31  0.65353684E-31
  0.38861341E+14  0.43014709E-31  0.65671245E-31
  0.38934803E+14  0.40209039E-31  0.65942334E-31
  0.39008264E+14  0.37406823E-31  0.66132389E-31
  0.39081726E+14  0.34684855E-31  0.66194406E-31
  0.39155188E+14  0.32054081E-31  0.66164306E-31
  0.39228650E+14  0.29545719E-31  0.66017854E-31
  0.39302112E+14  0.27236299E-31  0.65824878E-31
  0.39375574E+14  0.25011469E-31  0.65491372E-31
  0.39449036E+14  0.22695850E-31  0.65007651E-31
  0.39522498E+14  0.19356587E-31  0.64396330E-31
  0.39595960E+14  0.17200093E-31  0.64314367E-31
  0.39669421E+14  0.14037717E-31  0.63286957E-31
  0.39742883E+14  0.11357649E-31  0.62384506E-31
  0.39816345E+14  0.85159741E-32  0.61357765E-31
  0.39889807E+14  0.42310446E-32  0.60829993E-31
  0.39963269E+14  0.00000000E+00  0.54640749E-31
  0.40036731E+14  0.00000000E+00  0.50845805E-31
  0.40110193E+14  0.00000000E+00  0.48124693E-31
  0.40183655E+14  0.00000000E+00  0.45910553E-31
  0.40257117E+14  0.00000000E+00  0.44014377E-31
  0.40330579E+14  0.00000000E+00  0.42343862E-31
  0.40404040E+14  0.00000000E+00  0.40845111E-31
  0.40477502E+14  0.00000000E+00  0.39483141E-31
  0.40550964E+14  0.00000000E+00  0.38233586E-31
  0.40624426E+14  0.00000000E+00  0.37078603E-31
  0.40697888E+14  0.00000000E+00  0.36004623E-31
  0.40771350E+14  0.00000000E+00  0.35001020E-31
  0.40844812E+14  0.00000000E+00  0.34059275E-31
  0.40918274E+14  0.00000000E+00  0.33172428E-31
  0.40991736E+14  0.00000000E+00  0.32334698E-31
  0.41065197E+14  0.00000000E+00  0.31541220E-31
  0.41138659E+14  0.00000000E+00  0.30787855E-31
  0.41212121E+14  0.00000000E+00  0.30071040E-31
  0.41285583E+14  0.00000000E+00  0.29387686E-31
  0.41359045E+14  0.00000000E+00  0.28735093E-31
  0.41432507E+14  0.00000000E+00  0.28110885E-31
  0.41505969E+14  0.00000000E+00  0.27512956E-31
  0.41579431E+14  0.00000000E+00  0.26939431E-31
  0.41652893E+14  0.00000000E+00  0.26388633E-31
  0.41726354E+14  0.00000000E+00  0.25859054E-31
  0.41799816E+14  0.00000000E+00  0.25349333E-31
  0.41873278E+14  0.00000000E+00  0.24858234E-31
  0.41946740E+14  0.00000000E+00  0.24384637E-31
  0.42020202E+14  0.00000000E+00  0.23927517E-31
  0.42093664E+14  0.00000000E+00  0.23485938E-31
  0.42167126E+14  0.00000000E+00  0.23059040E-31
  0.42240588E+14  0.00000000E+00  0.22646031E-31
  0.42314050E+14  0.00000000E+00  0.22246184E-31
  0.42387511E+14  0.00000000E+00  0.21858823E-31
  0.42460973E+14  0.00000000E+00  0.21483323E-31
  0.42534435E+14  0.00000000E+00  0.21119105E-31
  0.42607897E+14  0.00000000E+00  0.20765631E-31
  0.42681359E+14  0.00000000E+00  0.20422396E-31
  0.42754821E+14  0.00000000E+00  0.20088933E-31
  0.42828283E+14  0.00000000E+00  0.19764803E-31
  0.42901745E+14  0.00000000E+00  0.19449596E-31
  0.42975207E+14  0.00000000E+00  0.19142928E-31
  0.43048669E+14  0.00000000E+00  0.18844436E-31
  0.43122130E+14  0.00000000E+00  0.18553783E-31
  0.43195592E+14  0.00000000E+00  0.18270647E-31
  0.43269054E+14  0.00000000E+00  0.17994729E-31
  0.43342516E+14  0.00000000E+00  0.17725744E-31
  0.43415978E+14  0.00000000E+00  0.17463423E-31
  0.43489440E+14  0.00000000E+00  0.17207513E-31
  0.43562902E+14  0.00000000E+00  0.16957773E-31
  0.43636364E+14  0.00000000E+00  0.16713977E-31
  0.43709826E+14  0.00000000E+00  0.16475908E-31
  0.43783287E+14  0.00000000E+00  0.16243361E-31
  0.43856749E+14  0.00000000E+00  0.16016143E-31
  0.43930211E+14  0.00000000E+00  0.15794068E-31
  0.44003673E+14  0.00000000E+00  0.15576959E-31
  0.44077135E+14  0.00000000E+00  0.15364650E-31
  0.44150597E+14  0.00000000E+00  0.15156981E-31
  0.44224059E+14  0.00000000E+00  0.14953799E-31
  0.44297521E+14  0.00000000E+00  0.14754958E-31
  0.44370983E+14  0.00000000E+00  0.14560321E-31
  0.44444444E+14  0.00000000E+00  0.14369755E-31
  0.44517906E+14  0.00000000E+00  0.14183132E-31
  0.44591368E+14  0.00000000E+00  0.14000330E-31
  0.44664830E+14  0.00000000E+00  0.13821235E-31
  0.44738292E+14  0.00000000E+00  0.13645734E-31
  0.44811754E+14  0.00000000E+00  0.13473721E-31
  0.44885216E+14  0.00000000E+00  0.13305094E-31
  0.44958678E+14  0.00000000E+00  0.13139753E-31
  0.45032140E+14  0.00000000E+00  0.12977606E-31
  0.45105601E+14  0.00000000E+00  0.12818560E-31
  0.45179063E+14  0.00000000E+00  0.12662530E-31
  0.45252525E+14  0.00000000E+00  0.12509431E-31
  0.45325987E+14  0.00000000E+00  0.12359183E-31
  0.45399449E+14  0.00000000E+00  0.12211709E-31
  0.45472911E+14  0.00000000E+00  0.12066934E-31
  0.45546373E+14  0.00000000E+00  0.11924785E-31
  0.45619835E+14  0.00000000E+00  0.11785194E-31
  0.45693297E+14  0.00000000E+00  0.11648095E-31
  0.45766758E+14  0.00000000E+00  0.11513422E-31
  0.45840220E+14  0.00000000E+00  0.11381113E-31
  0.45913682E+14  0.00000000E+00  0.11251109E-31
  0.45987144E+14  0.00000000E+00  0.11123352E-31
  0.46060606E+14  0.00000000E+00  0.10997786E-31
  0.46134068E+14  0.00000000E+00  0.10874356E-31
  0.46207530E+14  0.00000000E+00  0.10753011E-31
  0.46280992E+14  0.00000000E+00  0.10633700E-31
  0.46354454E+14  0.00000000E+00  0.10516374E-31
  0.46427916E+14  0.00000000E+00  0.10400987E-31
  0.46501377E+14  0.00000000E+00  0.10287491E-31
  0.46574839E+14  0.00000000E+00  0.10175844E-31
  0.46648301E+14  0.00000000E+00  0.10066002E-31
  0.46721763E+14  0.00000000E+00  0.99579240E-32
  0.46795225E+14  0.00000000E+00  0.98515693E-32
  0.46868687E+14  0.00000000E+00  0.97468990E-32
  0.46942149E+14  0.00000000E+00  0.96438755E-32
  0.47015611E+14  0.00000000E+00  0.95424620E-32
  0.47089073E+14  0.00000000E+00  0.94426230E-32
  0.47162534E+14  0.00000000E+00  0.93443239E-32
  0.47235996E+14  0.00000000E+00  0.92475313E-32
  0.47309458E+14  0.00000000E+00  0.91522126E-32
  0.47382920E+14  0.00000000E+00  0.90583364E-32
  0.47456382E+14  0.00000000E+00  0.89658718E-32
  0.47529844E+14  0.00000000E+00  0.88747892E-32
  0.47603306E+14  0.00000000E+00  0.87850595E-32
  0.47676768E+14  0.00000000E+00  0.86966547E-32
  0.47750230E+14  0.00000000E+00  0.86095473E-32
  0.47823691E+14  0.00000000E+00  0.85237108E-32
  0.47897153E+14  0.00000000E+00  0.84391192E-32
  0.47970615E+14  0.00000000E+00  0.83557474E-32
  0.48044077E+14  0.00000000E+00  0.82735710E-32
  0.48117539E+14  0.00000000E+00  0.81925659E-32
  0.48191001E+14  0.00000000E+00  0.81127092E-32
  0.48264463E+14  0.00000000E+00  0.80339780E-32
  0.48337925E+14  0.00000000E+00  0.79563506E-32
  0.48411387E+14  0.00000000E+00  0.78798053E-32
  0.48484848E+14  0.00000000E+00  0.78043213E-32
  0.48558310E+14  0.00000000E+00  0.77298782E-32
  0.48631772E+14  0.00000000E+00  0.76564564E-32
  0.48705234E+14  0.00000000E+00  0.75840363E-32
  0.48778696E+14  0.00000000E+00  0.75125991E-32
  0.48852158E+14  0.00000000E+00  0.74421265E-32
  0.48925620E+14  0.00000000E+00  0.73726006E-32
  0.48999082E+14  0.00000000E+00  0.73040038E-32
  0.49072544E+14  0.00000000E+00  0.72363191E-32
  0.49146006E+14  0.00000000E+00  0.71695298E-32
  0.49219467E+14  0.00000000E+00  0.71036197E-32
  0.49292929E+14  0.00000000E+00  0.70385730E-32
  0.49366391E+14  0.00000000E+00  0.69743742E-32
  0.49439853E+14  0.00000000E+00  0.69110081E-32
  0.49513315E+14  0.00000000E+00  0.68484599E-32
  0.49586777E+14  0.00000000E+00  0.67867154E-32
  0.49660239E+14  0.00000000E+00  0.67257603E-32
  0.49733701E+14  0.00000000E+00  0.66655809E-32
  0.49807163E+14  0.00000000E+00  0.66061638E-32
  0.49880624E+14  0.00000000E+00  0.65474959E-32
  0.49954086E+14  0.00000000E+00  0.64895642E-32
  0.50027548E+14  0.00000000E+00  0.64323563E-32
  0.50101010E+14  0.00000000E+00  0.63758598E-32
  0.50174472E+14  0.00000000E+00  0.63200628E-32
  0.50247934E+14  0.00000000E+00  0.62649535E-32
  0.50321396E+14  0.00000000E+00  0.62105204E-32
  0.50394858E+14  0.00000000E+00  0.61567523E-32
  0.50468320E+14  0.00000000E+00  0.61036383E-32
  0.50541781E+14  0.00000000E+00  0.60511675E-32
  0.50615243E+14  0.00000000E+00  0.59993294E-32
  0.50688705E+14  0.00000000E+00  0.59481138E-32
  0.50762167E+14  0.00000000E+00  0.58975106E-32
  0.50835629E+14  0.00000000E+00  0.58475099E-32
  0.50909091E+14  0.00000000E+00  0.57981020E-32
  0.50982553E+14  0.00000000E+00  0.57492775E-32
  0.51056015E+14  0.00000000E+00  0.57010271E-32
  0.51129477E+14  0.00000000E+00  0.56533418E-32
  0.51202938E+14  0.00000000E+00  0.56062127E-32
  0.51276400E+14  0.00000000E+00  0.55596310E-32
  0.51349862E+14  0.00000000E+00  0.55135882E-32
  0.51423324E+14  0.00000000E+00  0.54680761E-32
  0.51496786E+14  0.00000000E+00  0.54230863E-32
  0.51570248E+14  0.00000000E+00  0.53786109E-32
  0.51643710E+14  0.00000000E+00  0.53346420E-32
  0.51717172E+14  0.00000000E+00  0.52911719E-32
  0.51790634E+14  0.00000000E+00  0.52481930E-32
  0.51864096E+14  0.00000000E+00  0.52056979E-32
  0.51937557E+14  0.00000000E+00  0.51636794E-32
  0.52011019E+14  0.00000000E+00  0.51221303E-32
  0.52084481E+14  0.00000000E+00  0.50810437E-32
  0.52157943E+14  0.00000000E+00  0.50404127E-32
  0.52231405E+14  0.00000000E+00  0.50002305E-32
  0.52304867E+14  0.00000000E+00  0.49604907E-32
  0.52378329E+14  0.00000000E+00  0.49211866E-32
  0.52451791E+14  0.00000000E+00  0.48823120E-32
  0.52525253E+14  0.00000000E+00  0.48438606E-32
  0.52598714E+14  0.00000000E+00  0.48058263E-32
  0.52672176E+14  0.00000000E+00  0.47682031E-32
  0.52745638E+14  0.00000000E+00  0.47309852E-32
  0.52819100E+14  0.00000000E+00  0.46941667E-32
  0.52892562E+14  0.00000000E+00  0.46577419E-32
  0.52966024E+14  0.00000000E+00  0.46217054E-32
  0.53039486E+14  0.00000000E+00  0.45860516E-32
  0.53112948E+14  0.00000000E+00  0.45507751E-32
  0.53186410E+14  0.00000000E+00  0.45158707E-32
  0.53259871E+14  0.00000000E+00  0.44813332E-32
  0.53333333E+14  0.00000000E+00  0.44471575E-32
  0.53406795E+14  0.00000000E+00  0.44133387E-32
  0.53480257E+14  0.00000000E+00  0.43798717E-32
  0.53553719E+14  0.00000000E+00  0.43467518E-32
  0.53627181E+14  0.00000000E+00  0.43139742E-32
  0.53700643E+14  0.00000000E+00  0.42815343E-32
  0.53774105E+14  0.00000000E+00  0.42494275E-32
  0.53847567E+14  0.00000000E+00  0.42176493E-32
  0.53921028E+14  0.00000000E+00  0.41861953E-32
  0.53994490E+14  0.00000000E+00  0.41550611E-32
  0.54067952E+14  0.00000000E+00  0.41242425E-32
  0.54141414E+14  0.00000000E+00  0.40937353E-32
  0.54214876E+14  0.00000000E+00  0.40635353E-32
  0.54288338E+14  0.00000000E+00  0.40336385E-32
  0.54361800E+14  0.00000000E+00  0.40040409E-32
  0.54435262E+14  0.00000000E+00  0.39747386E-32
  0.54508724E+14  0.00000000E+00  0.39457277E-32
  0.54582185E+14  0.00000000E+00  0.39170044E-32
  0.54655647E+14  0.00000000E+00  0.38885651E-32
  0.54729109E+14  0.00000000E+00  0.38604059E-32
  0.54802571E+14  0.00000000E+00  0.38325234E-32
  0.54876033E+14  0.00000000E+00  0.38049140E-32
  0.54949495E+14  0.00000000E+00  0.37775742E-32
  0.55022957E+14  0.00000000E+00  0.37505004E-32
  0.55096419E+14  0.00000000E+00  0.37236895E-32
  0.55169881E+14  0.00000000E+00  0.36971380E-32
  0.55243343E+14  0.00000000E+00  0.36708427E-32
  0.55316804E+14  0.00000000E+00  0.36448003E-32
  0.55390266E+14  0.00000000E+00  0.36190077E-32
  0.55463728E+14  0.00000000E+00  0.35934618E-32
  0.55537190E+14  0.00000000E+00  0.35681594E-32
  0.55610652E+14  0.00000000E+00  0.35430977E-32
  0.55684114E+14  0.00000000E+00  0.35182735E-32
  0.55757576E+14  0.00000000E+00  0.34936840E-32
  0.55831038E+14  0.00000000E+00  0.34693263E-32
  0.55904500E+14  0.00000000E+00  0.34451975E-32
  0.55977961E+14  0.00000000E+00  0.34212949E-32
  0.56051423E+14  0.00000000E+00  0.33976157E-32
  0.56124885E+14  0.00000000E+00  0.33741572E-32
  0.56198347E+14  0.00000000E+00  0.33509167E-32
  0.56271809E+14  0.00000000E+00  0.33278917E-32
  0.56345271E+14  0.00000000E+00  0.33050794E-32
  0.56418733E+14  0.00000000E+00  0.32824774E-32
  0.56492195E+14  0.00000000E+00  0.32600832E-32
  0.56565657E+14  0.00000000E+00  0.32378943E-32
  0.56639118E+14  0.00000000E+00  0.32159082E-32
  0.56712580E+14  0.00000000E+00  0.31941226E-32
  0.56786042E+14  0.00000000E+00  0.31725351E-32
  0.56859504E+14  0.00000000E+00  0.31511434E-32
  0.56932966E+14  0.00000000E+00  0.31299451E-32
  0.57006428E+14  0.00000000E+00  0.31089380E-32
  0.57079890E+14  0.00000000E+00  0.30881200E-32
  0.57153352E+14  0.00000000E+00  0.30674887E-32
  0.57226814E+14  0.00000000E+00  0.30470420E-32
  0.57300275E+14  0.00000000E+00  0.30267779E-32
  0.57373737E+14  0.00000000E+00  0.30066942E-32
  0.57447199E+14  0.00000000E+00  0.29867888E-32
  0.57520661E+14  0.00000000E+00  0.29670596E-32
  0.57594123E+14  0.00000000E+00  0.29475048E-32
  0.57667585E+14  0.00000000E+00  0.29281223E-32
  0.57741047E+14  0.00000000E+00  0.29089101E-32
  0.57814509E+14  0.00000000E+00  0.28898663E-32
  0.57887971E+14  0.00000000E+00  0.28709891E-32
  0.57961433E+14  0.00000000E+00  0.28522765E-32
  0.58034894E+14  0.00000000E+00  0.28337267E-32
  0.58108356E+14  0.00000000E+00  0.28153378E-32
  0.58181818E+14  0.00000000E+00  0.27971082E-32
  0.58255280E+14  0.00000000E+00  0.27790360E-32
  0.58328742E+14  0.00000000E+00  0.27611195E-32
  0.58402204E+14  0.00000000E+00  0.27433569E-32
  0.58475666E+14  0.00000000E+00  0.27257466E-32
  0.58549128E+14  0.00000000E+00  0.27082868E-32
  0.58622590E+14  0.00000000E+00  0.26909760E-32
  0.58696051E+14  0.00000000E+00  0.26738125E-32
  0.58769513E+14  0.00000000E+00  0.26567947E-32
  0.58842975E+14  0.00000000E+00  0.26399210E-32
  0.58916437E+14  0.00000000E+00  0.26231898E-32
  0.58989899E+14  0.00000000E+00  0.26065997E-32
  0.59063361E+14  0.00000000E+00  0.25901490E-32
  0.59136823E+14  0.00000000E+00  0.25738364E-32
  0.59210285E+14  0.00000000E+00  0.25576602E-32
  0.59283747E+14  0.00000000E+00  0.25416191E-32
  0.59357208E+14  0.00000000E+00  0.25257116E-32
  0.59430670E+14  0.00000000E+00  0.25099362E-32
  0.59504132E+14  0.00000000E+00  0.24942917E-32
  0.59577594E+14  0.00000000E+00  0.24787765E-32
  0.59651056E+14  0.00000000E+00  0.24633894E-32
  0.59724518E+14  0.00000000E+00  0.24481289E-32
  0.59797980E+14  0.00000000E+00  0.24329938E-32
  0.59871442E+14  0.00000000E+00  0.24179827E-32
  0.59944904E+14  0.00000000E+00  0.24030944E-32
  0.60018365E+14  0.00000000E+00  0.23883275E-32
  0.60091827E+14  0.00000000E+00  0.23736808E-32
  0.60165289E+14  0.00000000E+00  0.23591531E-32
  0.60238751E+14  0.00000000E+00  0.23447431E-32
  0.60312213E+14  0.00000000E+00  0.23304495E-32
  0.60385675E+14  0.00000000E+00  0.23162713E-32
  0.60459137E+14  0.00000000E+00  0.23022072E-32
  0.60532599E+14  0.00000000E+00  0.22882560E-32
  0.60606061E+14  0.00000000E+00  0.22744167E-32
  0.60679522E+14  0.00000000E+00  0.22606880E-32
  0.60752984E+14  0.00000000E+00  0.22470688E-32
  0.60826446E+14  0.00000000E+00  0.22335580E-32
  0.60899908E+14  0.00000000E+00  0.22201545E-32
  0.60973370E+14  0.00000000E+00  0.22068573E-32
  0.61046832E+14  0.00000000E+00  0.21936653E-32
  0.61120294E+14  0.00000000E+00  0.21805773E-32
  0.61193756E+14  0.00000000E+00  0.21675925E-32
  0.61267218E+14  0.00000000E+00  0.21547096E-32
  0.61340680E+14  0.00000000E+00  0.21419278E-32
  0.61414141E+14  0.00000000E+00  0.21292460E-32
  0.61487603E+14  0.00000000E+00  0.21166632E-32
  0.61561065E+14  0.00000000E+00  0.21041784E-32
  0.61634527E+14  0.00000000E+00  0.20917907E-32
  0.61707989E+14  0.00000000E+00  0.20794991E-32
  0.61781451E+14  0.00000000E+00  0.20673027E-32
  0.61854913E+14  0.00000000E+00  0.20552005E-32
  0.61928375E+14  0.00000000E+00  0.20431916E-32
  0.62001837E+14  0.00000000E+00  0.20312751E-32
  0.62075298E+14  0.00000000E+00  0.20194502E-32
  0.62148760E+14  0.00000000E+00  0.20077158E-32
  0.62222222E+14  0.00000000E+00  0.19960711E-32
  0.62295684E+14  0.00000000E+00  0.19845153E-32
  0.62369146E+14  0.00000000E+00  0.19730475E-32
  0.62442608E+14  0.00000000E+00  0.19616669E-32
  0.62516070E+14  0.00000000E+00  0.19503726E-32
  0.62589532E+14  0.00000000E+00  0.19391637E-32
  0.62662994E+14  0.00000000E+00  0.19280396E-32
  0.62736455E+14  0.00000000E+00  0.19169993E-32
  0.62809917E+14  0.00000000E+00  0.19060420E-32
  0.62883379E+14  0.00000000E+00  0.18951670E-32
  0.62956841E+14  0.00000000E+00  0.18843735E-32
  0.63030303E+14  0.00000000E+00  0.18736608E-32
  0.63103765E+14  0.00000000E+00  0.18630280E-32
  0.63177227E+14  0.00000000E+00  0.18524743E-32
  0.63250689E+14  0.00000000E+00  0.18419992E-32
  0.63324151E+14  0.00000000E+00  0.18316018E-32
  0.63397612E+14  0.00000000E+00  0.18212813E-32
  0.63471074E+14  0.00000000E+00  0.18110372E-32
  0.63544536E+14  0.00000000E+00  0.18008686E-32
  0.63617998E+14  0.00000000E+00  0.17907748E-32
  0.63691460E+14  0.00000000E+00  0.17807552E-32
  0.63764922E+14  0.00000000E+00  0.17708091E-32
  0.63838384E+14  0.00000000E+00  0.17609358E-32
  0.63911846E+14  0.00000000E+00  0.17511347E-32
  0.63985308E+14  0.00000000E+00  0.17414050E-32
  0.64058770E+14  0.00000000E+00  0.17317461E-32
  0.64132231E+14  0.00000000E+00  0.17221573E-32
  0.64205693E+14  0.00000000E+00  0.17126381E-32
  0.64279155E+14  0.00000000E+00  0.17031877E-32
  0.64352617E+14  0.00000000E+00  0.16938056E-32
  0.64426079E+14  0.00000000E+00  0.16844912E-32
  0.64499541E+14  0.00000000E+00  0.16752437E-32
  0.64573003E+14  0.00000000E+00  0.16660627E-32
  0.64646465E+14  0.00000000E+00  0.16569475E-32
  0.64719927E+14  0.00000000E+00  0.16478975E-32
  0.64793388E+14  0.00000000E+00  0.16389121E-32
  0.64866850E+14  0.00000000E+00  0.16299908E-32
  0.64940312E+14  0.00000000E+00  0.16211329E-32
  0.65013774E+14  0.00000000E+00  0.16123380E-32
  0.65087236E+14  0.00000000E+00  0.16036054E-32
  0.65160698E+14  0.00000000E+00  0.15949346E-32
  0.65234160E+14  0.00000000E+00  0.15863251E-32
  0.65307622E+14  0.00000000E+00  0.15777763E-32
  0.65381084E+14  0.00000000E+00  0.15692876E-32
  0.65454545E+14  0.00000000E+00  0.15608585E-32
  0.65528007E+14  0.00000000E+00  0.15524886E-32
  0.65601469E+14  0.00000000E+00  0.15441772E-32
  0.65674931E+14  0.00000000E+00  0.15359239E-32
  0.65748393E+14  0.00000000E+00  0.15277282E-32
  0.65821855E+14  0.00000000E+00  0.15195895E-32
  0.65895317E+14  0.00000000E+00  0.15115074E-32
  0.65968779E+14  0.00000000E+00  0.15034813E-32
  0.66042241E+14  0.00000000E+00  0.14955109E-32
  0.66115702E+14  0.00000000E+00  0.14875955E-32
  0.66189164E+14  0.00000000E+00  0.14797347E-32
  0.66262626E+14  0.00000000E+00  0.14719281E-32
  0.66336088E+14  0.00000000E+00  0.14641752E-32
  0.66409550E+14  0.00000000E+00  0.14564754E-32
  0.66483012E+14  0.00000000E+00  0.14488285E-32
  0.66556474E+14  0.00000000E+00  0.14412338E-32
  0.66629936E+14  0.00000000E+00  0.14336910E-32
  0.66703398E+14  0.00000000E+00  0.14261996E-32
  0.66776860E+14  0.00000000E+00  0.14187592E-32
  0.66850321E+14  0.00000000E+00  0.14113693E-32
  0.66923783E+14  0.00000000E+00  0.14040296E-32
  0.66997245E+14  0.00000000E+00  0.13967395E-32
  0.67070707E+14  0.00000000E+00  0.13894987E-32
  0.67144169E+14  0.00000000E+00  0.13823067E-32
  0.67217631E+14  0.00000000E+00  0.13751632E-32
  0.67291093E+14  0.00000000E+00  0.13680677E-32
  0.67364555E+14  0.00000000E+00  0.13610198E-32
  0.67438017E+14  0.00000000E+00  0.13540191E-32
  0.67511478E+14  0.00000000E+00  0.13470653E-32
  0.67584940E+14  0.00000000E+00  0.13401579E-32
  0.67658402E+14  0.00000000E+00  0.13332965E-32
  0.67731864E+14  0.00000000E+00  0.13264808E-32
  0.67805326E+14  0.00000000E+00  0.13197104E-32
  0.67878788E+14  0.00000000E+00  0.13129849E-32
  0.67952250E+14  0.00000000E+00  0.13063040E-32
  0.68025712E+14  0.00000000E+00  0.12996672E-32
  0.68099174E+14  0.00000000E+00  0.12930742E-32
  0.68172635E+14  0.00000000E+00  0.12865247E-32
  0.68246097E+14  0.00000000E+00  0.12800182E-32
  0.68319559E+14  0.00000000E+00  0.12735545E-32
  0.68393021E+14  0.00000000E+00  0.12671332E-32
  0.68466483E+14  0.00000000E+00  0.12607538E-32
  0.68539945E+14  0.00000000E+00  0.12544162E-32
  0.68613407E+14  0.00000000E+00  0.12481200E-32
  0.68686869E+14  0.00000000E+00  0.12418647E-32
  0.68760331E+14  0.00000000E+00  0.12356501E-32
  0.68833792E+14  0.00000000E+00  0.12294759E-32
  0.68907254E+14  0.00000000E+00  0.12233417E-32
  0.68980716E+14  0.00000000E+00  0.12172472E-32
  0.69054178E+14  0.00000000E+00  0.12111921E-32
  0.69127640E+14  0.00000000E+00  0.12051760E-32
  0.69201102E+14  0.00000000E+00  0.11991987E-32
  0.69274564E+14  0.00000000E+00  0.11932599E-32
  0.69348026E+14  0.00000000E+00  0.11873591E-32
  0.69421488E+14  0.00000000E+00  0.11814962E-32
  0.69494949E+14  0.00000000E+00  0.11756708E-32
  0.69568411E+14  0.00000000E+00  0.11698826E-32
  0.69641873E+14  0.00000000E+00  0.11641314E-32
  0.69715335E+14  0.00000000E+00  0.11584168E-32
  0.69788797E+14  0.00000000E+00  0.11527385E-32
  0.69862259E+14  0.00000000E+00  0.11470963E-32
  0.69935721E+14  0.00000000E+00  0.11414898E-32
  0.70009183E+14  0.00000000E+00  0.11359189E-32
  0.70082645E+14  0.00000000E+00  0.11303831E-32
  0.70156107E+14  0.00000000E+00  0.11248823E-32
  0.70229568E+14  0.00000000E+00  0.11194161E-32
  0.70303030E+14  0.00000000E+00  0.11139844E-32
  0.70376492E+14  0.00000000E+00  0.11085867E-32
  0.70449954E+14  0.00000000E+00  0.11032229E-32
  0.70523416E+14  0.00000000E+00  0.10978926E-32
  0.70596878E+14  0.00000000E+00  0.10925957E-32
  0.70670340E+14  0.00000000E+00  0.10873319E-32
  0.70743802E+14  0.00000000E+00  0.10821009E-32
  0.70817264E+14  0.00000000E+00  0.10769024E-32
  0.70890725E+14  0.00000000E+00  0.10717362E-32
  0.70964187E+14  0.00000000E+00  0.10666021E-32
  0.71037649E+14  0.00000000E+00  0.10614998E-32
  0.71111111E+14  0.00000000E+00  0.10564290E-32
  0.71184573E+14  0.00000000E+00  0.10513896E-32
  0.71258035E+14  0.00000000E+00  0.10463812E-32
  0.71331497E+14  0.00000000E+00  0.10414037E-32
  0.71404959E+14  0.00000000E+00  0.10364567E-32
  0.71478421E+14  0.00000000E+00  0.10315402E-32
  0.71551882E+14  0.00000000E+00  0.10266538E-32
  0.71625344E+14  0.00000000E+00  0.10217972E-32
  0.71698806E+14  0.00000000E+00  0.10169704E-32
  0.71772268E+14  0.00000000E+00  0.10121730E-32
  0.71845730E+14  0.00000000E+00  0.10074049E-32
  0.71919192E+14  0.00000000E+00  0.10026658E-32
  0.71992654E+14  0.00000000E+00  0.99795543E-33
  0.72066116E+14  0.00000000E+00  0.99327366E-33
  0.72139578E+14  0.00000000E+00  0.98862026E-33
  0.72213039E+14  0.00000000E+00  0.98399500E-33
  0.72286501E+14  0.00000000E+00  0.97939768E-33
  0.72359963E+14  0.00000000E+00  0.97482809E-33
  0.72433425E+14  0.00000000E+00  0.97028601E-33
  0.72506887E+14  0.00000000E+00  0.96577125E-33
  0.72580349E+14  0.00000000E+00  0.96128360E-33
  0.72653811E+14  0.00000000E+00  0.95682285E-33
  0.72727273E+14  0.00000000E+00  0.95238882E-33
  0.72800735E+14  0.00000000E+00  0.94798129E-33
  0.72874197E+14  0.00000000E+00  0.94360007E-33
  0.72947658E+14  0.00000000E+00  0.93924498E-33
  0.73021120E+14  0.00000000E+00  0.93491581E-33
  0.73094582E+14  0.00000000E+00  0.93061237E-33
  0.73168044E+14  0.00000000E+00  0.92633447E-33
  0.73241506E+14  0.00000000E+00  0.92208194E-33
  0.73314968E+14  0.00000000E+00  0.91785457E-33
  0.73388430E+14  0.00000000E+00  0.91365219E-33
  0.73461892E+14  0.00000000E+00  0.90947461E-33
  0.73535354E+14  0.00000000E+00  0.90532165E-33
  0.73608815E+14  0.00000000E+00  0.90119313E-33
  0.73682277E+14  0.00000000E+00  0.89708888E-33
  0.73755739E+14  0.00000000E+00  0.89300871E-33
  0.73829201E+14  0.00000000E+00  0.88895246E-33
  0.73902663E+14  0.00000000E+00  0.88491994E-33
  0.73976125E+14  0.00000000E+00  0.88091099E-33
  0.74049587E+14  0.00000000E+00  0.87692543E-33
  0.74123049E+14  0.00000000E+00  0.87296311E-33
  0.74196511E+14  0.00000000E+00  0.86902384E-33
  0.74269972E+14  0.00000000E+00  0.86510746E-33
  0.74343434E+14  0.00000000E+00  0.86121381E-33
  0.74416896E+14  0.00000000E+00  0.85734273E-33
  0.74490358E+14  0.00000000E+00  0.85349405E-33
  0.74563820E+14  0.00000000E+00  0.84966762E-33
  0.74637282E+14  0.00000000E+00  0.84586327E-33
  0.74710744E+14  0.00000000E+00  0.84208084E-33
  0.74784206E+14  0.00000000E+00  0.83832019E-33
  0.74857668E+14  0.00000000E+00  0.83458114E-33
  0.74931129E+14  0.00000000E+00  0.83086357E-33
  0.75004591E+14  0.00000000E+00  0.82716730E-33
  0.75078053E+14  0.00000000E+00  0.82349218E-33
  0.75151515E+14  0.00000000E+00  0.81983808E-33
  0.75224977E+14  0.00000000E+00  0.81620484E-33
  0.75298439E+14  0.00000000E+00  0.81259231E-33
  0.75371901E+14  0.00000000E+00  0.80900034E-33
  0.75445363E+14  0.00000000E+00  0.80542880E-33
  0.75518825E+14  0.00000000E+00  0.80187754E-33
  0.75592287E+14  0.00000000E+00  0.79834641E-33
  0.75665748E+14  0.00000000E+00  0.79483528E-33
  0.75739210E+14  0.00000000E+00  0.79134400E-33
  0.75812672E+14  0.00000000E+00  0.78787244E-33
  0.75886134E+14  0.00000000E+00  0.78442046E-33
  0.75959596E+14  0.00000000E+00  0.78098792E-33
  0.76033058E+14  0.00000000E+00  0.77757468E-33
  0.76106520E+14  0.00000000E+00  0.77418063E-33
  0.76179982E+14  0.00000000E+00  0.77080561E-33
  0.76253444E+14  0.00000000E+00  0.76744950E-33
  0.76326905E+14  0.00000000E+00  0.76411217E-33
  0.76400367E+14  0.00000000E+00  0.76079348E-33
  0.76473829E+14  0.00000000E+00  0.75749332E-33
  0.76547291E+14  0.00000000E+00  0.75421154E-33
  0.76620753E+14  0.00000000E+00  0.75094803E-33
  0.76694215E+14  0.00000000E+00  0.74770266E-33
  0.76767677E+14  0.00000000E+00  0.74447531E-33
  0.76841139E+14  0.00000000E+00  0.74126585E-33
  0.76914601E+14  0.00000000E+00  0.73807415E-33
  0.76988062E+14  0.00000000E+00  0.73490011E-33
  0.77061524E+14  0.00000000E+00  0.73174359E-33
  0.77134986E+14  0.00000000E+00  0.72860448E-33
  0.77208448E+14  0.00000000E+00  0.72548266E-33
  0.77281910E+14  0.00000000E+00  0.72237802E-33
  0.77355372E+14  0.00000000E+00  0.71929043E-33
  0.77428834E+14  0.00000000E+00  0.71621977E-33
  0.77502296E+14  0.00000000E+00  0.71316595E-33
  0.77575758E+14  0.00000000E+00  0.71012884E-33
  0.77649219E+14  0.00000000E+00  0.70710832E-33
  0.77722681E+14  0.00000000E+00  0.70410429E-33
  0.77796143E+14  0.00000000E+00  0.70111664E-33
  0.77869605E+14  0.00000000E+00  0.69814526E-33
  0.77943067E+14  0.00000000E+00  0.69519003E-33
  0.78016529E+14  0.00000000E+00  0.69225085E-33
  0.78089991E+14  0.00000000E+00  0.68932761E-33
  0.78163453E+14  0.00000000E+00  0.68642021E-33
  0.78236915E+14  0.00000000E+00  0.68352854E-33
  0.78310376E+14  0.00000000E+00  0.68065249E-33
  0.78383838E+14  0.00000000E+00  0.67779196E-33
  0.78457300E+14  0.00000000E+00  0.67494685E-33
  0.78530762E+14  0.00000000E+00  0.67211705E-33
  0.78604224E+14  0.00000000E+00  0.66930247E-33
  0.78677686E+14  0.00000000E+00  0.66650299E-33
  0.78751148E+14  0.00000000E+00  0.66371854E-33
  0.78824610E+14  0.00000000E+00  0.66094899E-33
  0.78898072E+14  0.00000000E+00  0.65819426E-33
  0.78971534E+14  0.00000000E+00  0.65545424E-33
  0.79044995E+14  0.00000000E+00  0.65272885E-33
  0.79118457E+14  0.00000000E+00  0.65001798E-33
  0.79191919E+14  0.00000000E+00  0.64732154E-33
  0.79265381E+14  0.00000000E+00  0.64463944E-33
  0.79338843E+14  0.00000000E+00  0.64197157E-33
  0.79412305E+14  0.00000000E+00  0.63931785E-33
  0.79485767E+14  0.00000000E+00  0.63667819E-33
  0.79559229E+14  0.00000000E+00  0.63405250E-33
  0.79632691E+14  0.00000000E+00  0.63144067E-33
  0.79706152E+14  0.00000000E+00  0.62884263E-33
  0.79779614E+14  0.00000000E+00  0.62625828E-33
  0.79853076E+14  0.00000000E+00  0.62368753E-33
  0.79926538E+14  0.00000000E+00  0.62113030E-33
  0.80000000E+14  0.00000000E+00  0.61858650E-33
