  0.73461892E+11 -0.97245078E-32 -0.13573353E-30
  0.14692378E+12 -0.15483307E-31 -0.14100830E-30
  0.22038567E+12 -0.22416400E-31 -0.15024203E-30
  0.29384757E+12 -0.18164263E-31 -0.15967955E-30
  0.36730946E+12 -0.15113441E-31 -0.15775339E-30
  0.44077135E+12 -0.17907442E-31 -0.15846649E-30
  0.51423324E+12 -0.18185301E-31 -0.16007525E-30
  0.58769513E+12 -0.19544971E-31 -0.16140330E-30
  0.66115702E+12 -0.21052305E-31 -0.16260716E-30
  0.73461892E+12 -0.22602018E-31 -0.16469294E-30
  0.80808081E+12 -0.23536216E-31 -0.16625012E-30
  0.88154270E+12 -0.24269235E-31 -0.16751274E-30
  0.95500459E+12 -0.25491806E-31 -0.16963668E-30
  0.10284665E+13 -0.26223937E-31 -0.17160275E-30
  0.11019284E+13 -0.27120071E-31 -0.17260798E-30
  0.11753903E+13 -0.28373033E-31 -0.17447383E-30
  0.12488522E+13 -0.30053734E-31 -0.17582120E-30
  0.13223140E+13 -0.31303840E-31 -0.17888296E-30
  0.13957759E+13 -0.31010376E-31 -0.18158016E-30
  0.14692378E+13 -0.31314128E-31 -0.18204321E-30
  0.15426997E+13 -0.33825996E-31 -0.18391350E-30
  0.16161616E+13 -0.35128990E-31 -0.18786143E-30
  0.16896235E+13 -0.34167692E-31 -0.19033483E-30
  0.17630854E+13 -0.34720738E-31 -0.19158891E-30
  0.18365473E+13 -0.36445943E-31 -0.19461605E-30
  0.19100092E+13 -0.36228968E-31 -0.19722937E-30
  0.19834711E+13 -0.37155173E-31 -0.19939615E-30
  0.20569330E+13 -0.38432985E-31 -0.20307105E-30
  0.21303949E+13 -0.37633993E-31 -0.20624012E-30
  0.22038567E+13 -0.37525356E-31 -0.20868313E-30
  0.22773186E+13 -0.38340743E-31 -0.21146896E-30
  0.23507805E+13 -0.38542231E-31 -0.21466093E-30
  0.24242424E+13 -0.38670300E-31 -0.21805063E-30
  0.24977043E+13 -0.38730091E-31 -0.22175095E-30
  0.25711662E+13 -0.38236068E-31 -0.22478788E-30
  0.26446281E+13 -0.38394297E-31 -0.22836950E-30
  0.27180900E+13 -0.37756364E-31 -0.23263714E-30
  0.27915519E+13 -0.36741410E-31 -0.23529929E-30
  0.28650138E+13 -0.37329524E-31 -0.23892337E-30
  0.29384757E+13 -0.36526250E-31 -0.24387898E-30
  0.30119376E+13 -0.35166544E-31 -0.24724926E-30
  0.30853994E+13 -0.34882041E-31 -0.25108642E-30
  0.31588613E+13 -0.33576376E-31 -0.25599665E-30
  0.32323232E+13 -0.31963848E-31 -0.25935093E-30
  0.33057851E+13 -0.31799469E-31 -0.26349803E-30
  0.33792470E+13 -0.29874808E-31 -0.26883062E-30
  0.34527089E+13 -0.27998191E-31 -0.27271423E-30
  0.35261708E+13 -0.26867619E-31 -0.27721380E-30
  0.35996327E+13 -0.24462925E-31 -0.28187785E-30
  0.36730946E+13 -0.22907542E-31 -0.28629564E-30
  0.37465565E+13 -0.20874565E-31 -0.29168886E-30
  0.38200184E+13 -0.17844190E-31 -0.29617752E-30
  0.38934803E+13 -0.15906377E-31 -0.30079618E-30
  0.39669421E+13 -0.12947106E-31 -0.30645532E-30
  0.40404040E+13 -0.97184836E-32 -0.31068574E-30
  0.41138659E+13 -0.75750982E-32 -0.31603925E-30
  0.41873278E+13 -0.34333231E-32 -0.32154045E-30
  0.42607897E+13 -0.27412447E-33 -0.32625631E-30
  0.43342516E+13  0.34761108E-32 -0.33227085E-30
  0.44077135E+13  0.82989676E-32 -0.33704535E-30
  0.44811754E+13  0.11503559E-31 -0.34200875E-30
  0.45546373E+13  0.16184050E-31 -0.34808150E-30
  0.46280992E+13  0.21045524E-31 -0.35295340E-30
  0.47015611E+13  0.25780298E-31 -0.35898899E-30
  0.47750230E+13  0.31807327E-31 -0.36410754E-30
  0.48484848E+13  0.36347418E-31 -0.36948094E-30
  0.49219467E+13  0.42911570E-31 -0.37549578E-30
  0.49954086E+13  0.48951844E-31 -0.37998247E-30
  0.50688705E+13  0.54851166E-31 -0.38631000E-30
  0.51423324E+13  0.62634672E-31 -0.39156818E-30
  0.52157943E+13  0.68779398E-31 -0.39670598E-30
  0.52892562E+13  0.76622303E-31 -0.40253285E-30
  0.53627181E+13  0.84216614E-31 -0.40734485E-30
  0.54361800E+13  0.92322378E-31 -0.41301806E-30
  0.55096419E+13  0.10139436E-30 -0.41806469E-30
  0.55831038E+13  0.11007295E-30 -0.42311801E-30
  0.56565657E+13  0.11958748E-30 -0.42810081E-30
  0.57300275E+13  0.12930894E-30 -0.43293421E-30
  0.58034894E+13  0.13910193E-30 -0.43742324E-30
  0.58769513E+13  0.14987989E-30 -0.44240025E-30
  0.59504132E+13  0.16107915E-30 -0.44637627E-30
  0.60238751E+13  0.17218033E-30 -0.45070859E-30
  0.60973370E+13  0.18482707E-30 -0.45440582E-30
  0.61707989E+13  0.19657726E-30 -0.45803442E-30
  0.62442608E+13  0.21019423E-30 -0.46162797E-30
  0.63177227E+13  0.22324257E-30 -0.46431622E-30
  0.63911846E+13  0.23746045E-30 -0.46741072E-30
  0.64646465E+13  0.25197362E-30 -0.46920336E-30
  0.65381084E+13  0.26667540E-30 -0.47137905E-30
  0.66115702E+13  0.28276230E-30 -0.47244003E-30
  0.66850321E+13  0.29794652E-30 -0.47348847E-30
  0.67584940E+13  0.31555898E-30 -0.47366802E-30
  0.68319559E+13  0.33150958E-30 -0.47356205E-30
  0.69054178E+13  0.35054416E-30 -0.47240781E-30
  0.69788797E+13  0.36727498E-30 -0.47111229E-30
  0.70523416E+13  0.38744613E-30 -0.46818760E-30
  0.71258035E+13  0.40543022E-30 -0.46554722E-30
  0.71992654E+13  0.42616814E-30 -0.46045525E-30
  0.72727273E+13  0.44614053E-30 -0.45655670E-30
  0.73461892E+13  0.46651465E-30 -0.44915881E-30
  0.74196511E+13  0.48874938E-30 -0.44274164E-30
  0.74931129E+13  0.50855174E-30 -0.43380021E-30
  0.75665748E+13  0.53226266E-30 -0.42423289E-30
  0.76400367E+13  0.55318375E-30 -0.41336546E-30
  0.77134986E+13  0.57608055E-30 -0.39994713E-30
  0.77869605E+13  0.59945117E-30 -0.38632837E-30
  0.78604224E+13  0.62089817E-30 -0.37055622E-30
  0.79338843E+13  0.64404232E-30 -0.35239856E-30
  0.80073462E+13  0.66756429E-30 -0.33361574E-30
  0.80808081E+13  0.68849581E-30 -0.31221894E-30
  0.81542700E+13  0.71105061E-30 -0.28797107E-30
  0.82277319E+13  0.73348412E-30 -0.26274651E-30
  0.83011938E+13  0.75341265E-30 -0.23485530E-30
  0.83746556E+13  0.77252063E-30 -0.20440556E-30
  0.84481175E+13  0.79176017E-30 -0.17134190E-30
  0.85215794E+13  0.80989400E-30 -0.13589335E-30
  0.85950413E+13  0.82603991E-30 -0.97844574E-31
  0.86685032E+13  0.83898517E-30 -0.56662705E-31
  0.87419651E+13  0.84961735E-30 -0.12817583E-31
  0.88154270E+13  0.85738398E-30  0.34376914E-31
  0.88888889E+13  0.86255243E-30  0.84546825E-31
  0.89623508E+13  0.86465568E-30  0.13831460E-30
  0.90358127E+13  0.86103605E-30  0.19675270E-30
  0.91092746E+13  0.85090411E-30  0.26327313E-30
  0.91827365E+13  0.81555615E-30  0.33272975E-30
  0.92561983E+13  0.77086592E-30  0.38528196E-30
  0.93296602E+13  0.72454956E-30  0.42712734E-30
  0.94031221E+13  0.67309271E-30  0.46237371E-30
  0.94765840E+13  0.62280951E-30  0.49015316E-30
  0.95500459E+13  0.57283106E-30  0.51134333E-30
  0.96235078E+13  0.52405671E-30  0.52759480E-30
  0.96969697E+13  0.47708077E-30  0.53912369E-30
  0.97704316E+13  0.43000716E-30  0.54544745E-30
  0.98438935E+13  0.38412230E-30  0.54898446E-30
  0.99173554E+13  0.33847900E-30  0.54900482E-30
  0.99908173E+13  0.29637307E-30  0.54634379E-30
  0.10064279E+14  0.25324991E-30  0.54120058E-30
  0.10137741E+14  0.21212528E-30  0.53283436E-30
  0.10211203E+14  0.17014695E-30  0.52307285E-30
  0.10284665E+14  0.12631420E-30  0.50836755E-30
  0.10358127E+14  0.83883822E-31  0.48612660E-30
  0.10431589E+14  0.46875654E-31  0.45984965E-30
  0.10505051E+14  0.10272198E-31  0.42900173E-30
  0.10578512E+14 -0.23006461E-31  0.39187890E-30
  0.10651974E+14 -0.54860348E-31  0.34527337E-30
  0.10725436E+14 -0.71529743E-31  0.26336810E-30
  0.10798898E+14 -0.21845688E-31  0.22949187E-30
  0.10872360E+14 -0.85179472E-32  0.21553466E-30
  0.10945822E+14 -0.35657096E-34  0.20172125E-30
  0.11019284E+14  0.64556434E-32  0.18883805E-30
  0.11092746E+14  0.11653401E-31  0.17700502E-30
  0.11166208E+14  0.15840384E-31  0.16599820E-30
  0.11239669E+14  0.20370314E-31  0.15572030E-30
  0.11313131E+14  0.24446954E-31  0.14616952E-30
  0.11386593E+14  0.28462788E-31  0.13784523E-30
  0.11460055E+14  0.32089638E-31  0.12970768E-30
  0.11533517E+14  0.35567349E-31  0.12239783E-30
  0.11606979E+14  0.39345521E-31  0.11528110E-30
  0.11680441E+14  0.42873657E-31  0.10928937E-30
  0.11753903E+14  0.46189900E-31  0.10341884E-30
  0.11827365E+14  0.49499753E-31  0.98072629E-31
  0.11900826E+14  0.52809233E-31  0.92817097E-31
  0.11974288E+14  0.56389800E-31  0.88455865E-31
  0.12047750E+14  0.59405564E-31  0.84368988E-31
  0.12121212E+14  0.62486260E-31  0.80345968E-31
  0.12194674E+14  0.65691548E-31  0.76775858E-31
  0.12268136E+14  0.68970833E-31  0.73613240E-31
  0.12341598E+14  0.72017639E-31  0.71159063E-31
  0.12415060E+14  0.74351612E-31  0.68991900E-31
  0.12488522E+14  0.76598062E-31  0.66440930E-31
  0.12561983E+14  0.78816899E-31  0.64148732E-31
  0.12635445E+14  0.80829987E-31  0.61724892E-31
  0.12708907E+14  0.82994929E-31  0.59189423E-31
  0.12782369E+14  0.85437784E-31  0.56722439E-31
  0.12855831E+14  0.87976183E-31  0.54708977E-31
  0.12929293E+14  0.90253906E-31  0.52830987E-31
  0.13002755E+14  0.92680408E-31  0.50596910E-31
  0.13076217E+14  0.95579616E-31  0.48832900E-31
  0.13149679E+14  0.98133046E-31  0.47485653E-31
  0.13223140E+14  0.10055213E-30  0.45889426E-31
  0.13296602E+14  0.10345092E-30  0.44364002E-31
  0.13370064E+14  0.10639222E-30  0.43352804E-31
  0.13443526E+14  0.10904629E-30  0.42425090E-31
  0.13516988E+14  0.11185816E-30  0.41249052E-31
  0.13590450E+14  0.11517578E-30  0.40521628E-31
  0.13663912E+14  0.11817662E-30  0.40325520E-31
  0.13737374E+14  0.12101214E-30  0.39888182E-31
  0.13810836E+14  0.12442333E-30  0.39699861E-31
  0.13884298E+14  0.12758121E-30  0.40220480E-31
  0.13957759E+14  0.13031510E-30  0.40602897E-31
  0.14031221E+14  0.13354374E-30  0.41115006E-31
  0.14104683E+14  0.13645594E-30  0.42434055E-31
  0.14178145E+14  0.13860878E-30  0.43548931E-31
  0.14251607E+14  0.14112485E-30  0.44427979E-31
  0.14325069E+14  0.14336177E-30  0.45849444E-31
  0.14398531E+14  0.14503542E-30  0.46878623E-31
  0.14471993E+14  0.14712840E-30  0.47882055E-31
  0.14545455E+14  0.14822251E-30  0.49505517E-31
  0.14618916E+14  0.14371754E-30  0.45833018E-31
  0.14692378E+14  0.15535756E-30  0.43188396E-31
  0.14765840E+14  0.16006362E-30  0.45547952E-31
  0.14839302E+14  0.16476667E-30  0.47458640E-31
  0.14912764E+14  0.16905732E-30  0.50333290E-31
  0.14986226E+14  0.17282156E-30  0.52589257E-31
  0.15059688E+14  0.17709662E-30  0.55751473E-31
  0.15133150E+14  0.18059331E-30  0.58760045E-31
  0.15206612E+14  0.18492638E-30  0.62161035E-31
  0.15280073E+14  0.18852196E-30  0.65731523E-31
  0.15353535E+14  0.19297818E-30  0.69700795E-31
  0.15426997E+14  0.19672679E-30  0.73900939E-31
  0.15500459E+14  0.20147638E-30  0.78756556E-31
  0.15573921E+14  0.20573994E-30  0.83751988E-31
  0.15647383E+14  0.21070374E-30  0.89804053E-31
  0.15720845E+14  0.21619647E-30  0.96480358E-31
  0.15794307E+14  0.22154593E-30  0.10410712E-30
  0.15867769E+14  0.22785531E-30  0.11373132E-30
  0.15941230E+14  0.23465330E-30  0.12544236E-30
  0.16014692E+14  0.24303575E-30  0.14107939E-30
  0.16088154E+14  0.25404227E-30  0.16644760E-30
  0.16161616E+14  0.22644760E-30  0.21909972E-30
  0.16235078E+14  0.19638004E-30  0.21786218E-30
  0.16308540E+14  0.17821717E-30  0.21709231E-30
  0.16382002E+14  0.16490423E-30  0.21585333E-30
  0.16455464E+14  0.15423848E-30  0.21455521E-30
  0.16528926E+14  0.14512131E-30  0.21338774E-30
  0.16602388E+14  0.13686340E-30  0.21205307E-30
  0.16675849E+14  0.12941747E-30  0.21069570E-30
  0.16749311E+14  0.12291475E-30  0.20945130E-30
  0.16822773E+14  0.11677733E-30  0.20812799E-30
  0.16896235E+14  0.11099633E-30  0.20671615E-30
  0.16969697E+14  0.10586615E-30  0.20541077E-30
  0.17043159E+14  0.10091975E-30  0.20402578E-30
  0.17116621E+14  0.96108353E-31  0.20269570E-30
  0.17190083E+14  0.91848914E-31  0.20121787E-30
  0.17263545E+14  0.87616623E-31  0.19990163E-30
  0.17337006E+14  0.83661219E-31  0.19851845E-30
  0.17410468E+14  0.79873676E-31  0.19703710E-30
  0.17483930E+14  0.76316698E-31  0.19571697E-30
  0.17557392E+14  0.72837850E-31  0.19427463E-30
  0.17630854E+14  0.69454376E-31  0.19286473E-30
  0.17704316E+14  0.66412784E-31  0.19135900E-30
  0.17777778E+14  0.63357525E-31  0.19007404E-30
  0.17851240E+14  0.60403014E-31  0.18858570E-30
  0.17924702E+14  0.57595985E-31  0.18715554E-30
  0.17998163E+14  0.54990881E-31  0.18572793E-30
  0.18071625E+14  0.52332011E-31  0.18437502E-30
  0.18145087E+14  0.49846425E-31  0.18290430E-30
  0.18218549E+14  0.47445244E-31  0.18147168E-30
  0.18292011E+14  0.45225055E-31  0.18012050E-30
  0.18365473E+14  0.42863724E-31  0.17868620E-30
  0.18438935E+14  0.40842475E-31  0.17727225E-30
  0.18512397E+14  0.38682045E-31  0.17586281E-30
  0.18585859E+14  0.36816599E-31  0.17451082E-30
  0.18659320E+14  0.34778122E-31  0.17310836E-30
  0.18732782E+14  0.33092517E-31  0.17170636E-30
  0.18806244E+14  0.31232025E-31  0.17041579E-30
  0.18879706E+14  0.29572776E-31  0.16902659E-30
  0.18953168E+14  0.27911126E-31  0.16767625E-30
  0.19026630E+14  0.26416752E-31  0.16636522E-30
  0.19100092E+14  0.24830748E-31  0.16510893E-30
  0.19173554E+14  0.23383500E-31  0.16373644E-30
  0.19247016E+14  0.22026252E-31  0.16247392E-30
  0.19320478E+14  0.20680881E-31  0.16126313E-30
  0.19393939E+14  0.19340238E-31  0.15996944E-30
  0.19467401E+14  0.18147427E-31  0.15872778E-30
  0.19540863E+14  0.16967931E-31  0.15753548E-30
  0.19614325E+14  0.15830725E-31  0.15636401E-30
  0.19687787E+14  0.14733269E-31  0.15514346E-30
  0.19761249E+14  0.13706369E-31  0.15405314E-30
  0.19834711E+14  0.12671157E-31  0.15286199E-30
  0.19908173E+14  0.11788123E-31  0.15177901E-30
  0.19981635E+14  0.10839538E-31  0.15070805E-30
  0.20055096E+14  0.99499633E-32  0.14965597E-30
  0.20128558E+14  0.91504602E-32  0.14855205E-30
  0.20202020E+14  0.83701606E-32  0.14761198E-30
  0.20275482E+14  0.75774772E-32  0.14658050E-30
  0.20348944E+14  0.68889302E-32  0.14563298E-30
  0.20422406E+14  0.61928791E-32  0.14469763E-30
  0.20495868E+14  0.55536367E-32  0.14377367E-30
  0.20569330E+14  0.49284544E-32  0.14290197E-30
  0.20642792E+14  0.43321904E-32  0.14204572E-30
  0.20716253E+14  0.38052572E-32  0.14120673E-30
  0.20789715E+14  0.32391973E-32  0.14039480E-30
  0.20863177E+14  0.27877426E-32  0.13964910E-30
  0.20936639E+14  0.22769171E-32  0.13885113E-30
  0.21010101E+14  0.18504957E-32  0.13815093E-30
  0.21083563E+14  0.13954298E-32  0.13742880E-30
  0.21157025E+14  0.10150711E-32  0.13673909E-30
  0.21230487E+14  0.61498309E-33  0.13604233E-30
  0.21303949E+14  0.25509934E-33  0.13535251E-30
  0.21377410E+14  0.00000000E+00  0.13446184E-30
  0.21450872E+14  0.00000000E+00  0.13379828E-30
  0.21524334E+14  0.00000000E+00  0.13327226E-30
  0.21597796E+14  0.00000000E+00  0.13283103E-30
  0.21671258E+14  0.00000000E+00  0.13245350E-30
  0.21744720E+14  0.00000000E+00  0.13212496E-30
  0.21818182E+14  0.00000000E+00  0.13183165E-30
  0.21891644E+14  0.00000000E+00  0.13155766E-30
  0.21965106E+14  0.00000000E+00  0.13128141E-30
  0.22038567E+14  0.00000000E+00  0.13096982E-30
  0.22112029E+14  0.00000000E+00  0.13056632E-30
  0.22185491E+14  0.00000000E+00  0.12996071E-30
  0.22258953E+14  0.00000000E+00  0.12889226E-30
  0.22332415E+14  0.00000000E+00  0.12644033E-30
  0.22405877E+14  0.87136332E-32  0.12111581E-30
  0.22479339E+14  0.13888543E-31  0.12726612E-30
  0.22552801E+14  0.16148603E-31  0.13300842E-30
  0.22626263E+14  0.16610314E-31  0.13833383E-30
  0.22699725E+14  0.16208792E-31  0.14253611E-30
  0.22773186E+14  0.14753450E-31  0.14693126E-30
  0.22846648E+14  0.13263903E-31  0.15101678E-30
  0.22920110E+14  0.11447392E-31  0.15474374E-30
  0.22993572E+14  0.91352374E-32  0.15820269E-30
  0.23067034E+14  0.63983726E-32  0.16145551E-30
  0.23140496E+14  0.33698172E-32  0.16446129E-30
  0.23213958E+14  0.49077494E-34  0.16719159E-30
  0.23287420E+14 -0.33307052E-32  0.16975520E-30
  0.23360882E+14 -0.66450187E-32  0.17205596E-30
  0.23434343E+14 -0.10282496E-31  0.17412153E-30
  0.23507805E+14 -0.14141705E-31  0.17594012E-30
  0.23581267E+14 -0.18468690E-31  0.17759688E-30
  0.23654729E+14 -0.22322161E-31  0.17913302E-30
  0.23728191E+14 -0.26429109E-31  0.18024219E-30
  0.23801653E+14 -0.30936433E-31  0.18126124E-30
  0.23875115E+14 -0.35215197E-31  0.18213949E-30
  0.23948577E+14 -0.39599940E-31  0.18264634E-30
  0.24022039E+14 -0.44177801E-31  0.18311418E-30
  0.24095500E+14 -0.48620280E-31  0.18326509E-30
  0.24168962E+14 -0.53387036E-31  0.18329881E-30
  0.24242424E+14 -0.57799757E-31  0.18307621E-30
  0.24315886E+14 -0.62597400E-31  0.18265491E-30
  0.24389348E+14 -0.67142208E-31  0.18213505E-30
  0.24462810E+14 -0.71940932E-31  0.18118285E-30
  0.24536272E+14 -0.76525116E-31  0.18034532E-30
  0.24609734E+14 -0.81135316E-31  0.17904397E-30
  0.24683196E+14 -0.85978550E-31  0.17778172E-30
  0.24756657E+14 -0.90377412E-31  0.17612391E-30
  0.24830119E+14 -0.95311585E-31  0.17450062E-30
  0.24903581E+14 -0.99545225E-31  0.17242453E-30
  0.24977043E+14 -0.10447653E-30  0.17041349E-30
  0.25050505E+14 -0.10860417E-30  0.16801486E-30
  0.25123967E+14 -0.11344937E-30  0.16554632E-30
  0.25197429E+14 -0.11746032E-30  0.16289774E-30
  0.25270891E+14 -0.12216851E-30  0.15994785E-30
  0.25344353E+14 -0.12611310E-30  0.15703941E-30
  0.25417815E+14 -0.13062360E-30  0.15365228E-30
  0.25491276E+14 -0.13456277E-30  0.15041505E-30
  0.25564738E+14 -0.13878919E-30  0.14659936E-30
  0.25638200E+14 -0.14256510E-30  0.14303325E-30
  0.25711662E+14 -0.14659736E-30  0.13882527E-30
  0.25785124E+14 -0.15019733E-30  0.13495377E-30
  0.25858586E+14 -0.15390500E-30  0.13035746E-30
  0.25932048E+14 -0.15741764E-30  0.12617933E-30
  0.26005510E+14 -0.16078146E-30  0.12121146E-30
  0.26078972E+14 -0.16417141E-30  0.11664489E-30
  0.26152433E+14 -0.16708150E-30  0.11131715E-30
  0.26225895E+14 -0.17037654E-30  0.10637853E-30
  0.26299357E+14 -0.17276639E-30  0.10078873E-30
  0.26372819E+14 -0.17576453E-30  0.95389306E-31
  0.26446281E+14 -0.17784969E-30  0.89618886E-31
  0.26519743E+14 -0.18052098E-30  0.83753701E-31
  0.26593205E+14 -0.18229452E-30  0.77680789E-31
  0.26666667E+14 -0.18444713E-30  0.71316941E-31
  0.26740129E+14 -0.18566998E-30  0.65040293E-31
  0.26813590E+14 -0.18738782E-30  0.58371840E-31
  0.26887052E+14 -0.18827527E-30  0.51770081E-31
  0.26960514E+14 -0.18939443E-30  0.44611344E-31
  0.27033976E+14 -0.19003535E-30  0.37855808E-31
  0.27107438E+14 -0.19013528E-30  0.30264291E-31
  0.27180900E+14 -0.19056416E-30  0.22994295E-31
  0.27254362E+14 -0.18951449E-30  0.15259352E-31
  0.27327824E+14 -0.18958333E-30  0.70622401E-32
  0.27401286E+14 -0.18816267E-30 -0.58439346E-33
  0.27474747E+14 -0.18593777E-30 -0.96183341E-32
  0.27548209E+14 -0.18359100E-30 -0.19367518E-31
  0.27621671E+14 -0.17846281E-30 -0.27357719E-31
  0.27695133E+14 -0.17350137E-30 -0.35088967E-31
  0.27768595E+14 -0.16797904E-30 -0.41675459E-31
  0.27842057E+14 -0.16190603E-30 -0.47905787E-31
  0.27915519E+14 -0.15645929E-30 -0.53728637E-31
  0.27988981E+14 -0.15027427E-30 -0.58728725E-31
  0.28062443E+14 -0.14375640E-30 -0.63607887E-31
  0.28135904E+14 -0.13750729E-30 -0.67989485E-31
  0.28209366E+14 -0.13120165E-30 -0.71849123E-31
  0.28282828E+14 -0.12446860E-30 -0.75258535E-31
  0.28356290E+14 -0.11791756E-30 -0.78442048E-31
  0.28429752E+14 -0.11126354E-30 -0.81092212E-31
  0.28503214E+14 -0.10455978E-30 -0.83655202E-31
  0.28576676E+14 -0.98089676E-31 -0.85383218E-31
  0.28650138E+14 -0.90959001E-31 -0.87010786E-31
  0.28723600E+14 -0.84378250E-31 -0.88449446E-31
  0.28797062E+14 -0.78248481E-31 -0.89456067E-31
  0.28870523E+14 -0.71533558E-31 -0.89786127E-31
  0.28943985E+14 -0.64685661E-31 -0.90323007E-31
  0.29017447E+14 -0.57875302E-31 -0.90466818E-31
  0.29090909E+14 -0.51947817E-31 -0.90144492E-31
  0.29164371E+14 -0.45809229E-31 -0.89554148E-31
  0.29237833E+14 -0.39439458E-31 -0.88905953E-31
  0.29311295E+14 -0.33133103E-31 -0.87977007E-31
  0.29384757E+14 -0.26965804E-31 -0.86854970E-31
  0.29458219E+14 -0.20661592E-31 -0.85459204E-31
  0.29531680E+14 -0.14218020E-31 -0.83879815E-31
  0.29605142E+14 -0.76080967E-32 -0.82126919E-31
  0.29678604E+14 -0.74180390E-33 -0.79938175E-31
  0.29752066E+14  0.68927319E-32 -0.77120950E-31
  0.29825528E+14  0.14006691E-31 -0.72674814E-31
  0.29898990E+14  0.21193464E-31 -0.67917019E-31
  0.29972452E+14  0.28113031E-31 -0.62042238E-31
  0.30045914E+14  0.34708211E-31 -0.55346705E-31
  0.30119376E+14  0.40886222E-31 -0.47610228E-31
  0.30192837E+14  0.47232171E-31 -0.38413565E-31
  0.30266299E+14  0.53482222E-31 -0.25985437E-31
  0.30339761E+14  0.55188129E-31 -0.29530420E-32
  0.30413223E+14  0.37767972E-31  0.53495420E-32
  0.30486685E+14  0.31415956E-31  0.76964591E-32
  0.30560147E+14  0.26769133E-31  0.10124887E-31
  0.30633609E+14  0.22938359E-31  0.12368066E-31
  0.30707071E+14  0.19622038E-31  0.14450640E-31
  0.30780533E+14  0.16608302E-31  0.16287502E-31
  0.30853994E+14  0.13716271E-31  0.17842838E-31
  0.30927456E+14  0.10816757E-31  0.19122208E-31
  0.31000918E+14  0.80860941E-32  0.20127982E-31
  0.31074380E+14  0.54418360E-32  0.20602966E-31
  0.31147842E+14  0.27386000E-32  0.20223082E-31
  0.31221304E+14  0.17650707E-32  0.19201819E-31
  0.31294766E+14  0.13386185E-32  0.19206762E-31
  0.31368228E+14  0.84463665E-33  0.19460630E-31
  0.31441690E+14  0.28506144E-33  0.19932443E-31
  0.31515152E+14 -0.13456138E-33  0.20436932E-31
  0.31588613E+14 -0.73296535E-33  0.20906696E-31
  0.31662075E+14 -0.12583157E-32  0.21482343E-31
  0.31735537E+14 -0.16877788E-32  0.21946506E-31
  0.31808999E+14 -0.22201132E-32  0.22425964E-31
  0.31882461E+14 -0.26435718E-32  0.22862109E-31
  0.31955923E+14 -0.30483995E-32  0.23273577E-31
  0.32029385E+14 -0.33391681E-32  0.23631369E-31
  0.32102847E+14 -0.36691697E-32  0.23953636E-31
  0.32176309E+14 -0.38165119E-32  0.24274795E-31
  0.32249770E+14 -0.38677567E-32  0.24600327E-31
  0.32323232E+14 -0.38417481E-32  0.24856709E-31
  0.32396694E+14 -0.36573848E-32  0.25152741E-31
  0.32470156E+14 -0.33534833E-32  0.25491369E-31
  0.32543618E+14 -0.26822946E-32  0.25880627E-31
  0.32617080E+14 -0.17752776E-32  0.26771004E-31
  0.32690542E+14 -0.11030017E-32  0.28218869E-31
  0.32764004E+14 -0.94571474E-33  0.29617042E-31
  0.32837466E+14 -0.77911812E-33  0.30846494E-31
  0.32910927E+14 -0.53106753E-33  0.32090757E-31
  0.32984389E+14 -0.21805742E-33  0.33442456E-31
  0.33057851E+14  0.11863760E-33  0.34968492E-31
  0.33131313E+14  0.40325209E-33  0.36758518E-31
  0.33204775E+14  0.40278885E-33  0.38688065E-31
  0.33278237E+14  0.28010302E-33  0.40558384E-31
  0.33351699E+14  0.13171130E-33  0.42442259E-31
  0.33425161E+14 -0.42120930E-34  0.44422236E-31
  0.33498623E+14 -0.23038739E-33  0.46487738E-31
  0.33572084E+14 -0.48071521E-33  0.48726390E-31
  0.33645546E+14 -0.77234869E-33  0.51176521E-31
  0.33719008E+14 -0.13088606E-32  0.53802065E-31
  0.33792470E+14 -0.19630976E-32  0.56651981E-31
  0.33865932E+14 -0.29202914E-32  0.59585446E-31
  0.33939394E+14 -0.41408046E-32  0.62781062E-31
  0.34012856E+14 -0.56111088E-32  0.66001396E-31
  0.34086318E+14 -0.76177551E-32  0.69401321E-31
  0.34159780E+14 -0.97539619E-32  0.72812000E-31
  0.34233242E+14 -0.12582695E-31  0.76194711E-31
  0.34306703E+14 -0.15612680E-31  0.79687644E-31
  0.34380165E+14 -0.19261685E-31  0.82830896E-31
  0.34453627E+14 -0.23372185E-31  0.86097012E-31
  0.34527089E+14 -0.27734642E-31  0.88879445E-31
  0.34600551E+14 -0.33039247E-31  0.91555521E-31
  0.34674013E+14 -0.38151338E-31  0.93792665E-31
  0.34747475E+14 -0.44326514E-31  0.95486151E-31
  0.34820937E+14 -0.50262943E-31  0.97020727E-31
  0.34894399E+14 -0.56907526E-31  0.97443908E-31
  0.34967860E+14 -0.63713367E-31  0.97966267E-31
  0.35041322E+14 -0.70307873E-31  0.97246659E-31
  0.35114784E+14 -0.78076760E-31  0.96384991E-31
  0.35188246E+14 -0.84472575E-31  0.94531980E-31
  0.35261708E+14 -0.92582306E-31  0.91903135E-31
  0.35335170E+14 -0.99016675E-31  0.89114192E-31
  0.35408632E+14 -0.10686845E-30  0.84061153E-31
  0.35482094E+14 -0.11385750E-30  0.80034611E-31
  0.35555556E+14 -0.11920464E-30  0.72709371E-31
  0.35629017E+14 -0.12659674E-30  0.63840615E-31
  0.35702479E+14 -0.12741047E-30  0.56705041E-31
  0.35775941E+14 -0.13009589E-30  0.48773370E-31
  0.35849403E+14 -0.13160946E-30  0.43037311E-31
  0.35922865E+14 -0.13219521E-30  0.35534758E-31
  0.35996327E+14 -0.13380868E-30  0.29848351E-31
  0.36069789E+14 -0.13301738E-30  0.23423173E-31
  0.36143251E+14 -0.13429601E-30  0.17340741E-31
  0.36216713E+14 -0.13290067E-30  0.11838210E-31
  0.36290174E+14 -0.13306787E-30  0.56408935E-32
  0.36363636E+14 -0.13195226E-30  0.78391714E-33
  0.36437098E+14 -0.13061670E-30 -0.53022949E-32
  0.36510560E+14 -0.12980822E-30 -0.98460279E-32
  0.36584022E+14 -0.12738520E-30 -0.15206327E-31
  0.36657484E+14 -0.12660133E-30 -0.20016290E-31
  0.36730946E+14 -0.12361963E-30 -0.24429631E-31
  0.36804408E+14 -0.12210935E-30 -0.29349774E-31
  0.36877870E+14 -0.11953365E-30 -0.33085423E-31
  0.36951331E+14 -0.11670191E-30 -0.37823328E-31
  0.37024793E+14 -0.11463823E-30 -0.41317713E-31
  0.37098255E+14 -0.11090917E-30 -0.45162906E-31
  0.37171717E+14 -0.10886558E-30 -0.48912211E-31
  0.37245179E+14 -0.10519281E-30 -0.51878400E-31
  0.37318641E+14 -0.10194229E-30 -0.55588113E-31
  0.37392103E+14 -0.99104566E-31 -0.58142894E-31
  0.37465565E+14 -0.94906585E-31 -0.61024553E-31
  0.37539027E+14 -0.92142381E-31 -0.63840846E-31
  0.37612489E+14 -0.88292672E-31 -0.65829651E-31
  0.37685950E+14 -0.84271255E-31 -0.68442492E-31
  0.37759412E+14 -0.81262449E-31 -0.70342264E-31
  0.37832874E+14 -0.76889273E-31 -0.71926265E-31
  0.37906336E+14 -0.73054341E-31 -0.73882799E-31
  0.37979798E+14 -0.69722026E-31 -0.75096661E-31
  0.38053260E+14 -0.65252083E-31 -0.76174342E-31
  0.38126722E+14 -0.61350248E-31 -0.77429775E-31
  0.38200184E+14 -0.57947646E-31 -0.78107047E-31
  0.38273646E+14 -0.53636125E-31 -0.78533333E-31
  0.38347107E+14 -0.49463439E-31 -0.79122229E-31
  0.38420569E+14 -0.45970759E-31 -0.79326654E-31
  0.38494031E+14 -0.42164508E-31 -0.79133092E-31
  0.38567493E+14 -0.37976641E-31 -0.78858032E-31
  0.38640955E+14 -0.34011575E-31 -0.78529023E-31
  0.38714417E+14 -0.30478595E-31 -0.77827393E-31
  0.38787879E+14 -0.27009096E-31 -0.76936837E-31
  0.38861341E+14 -0.23318254E-31 -0.75801619E-31
  0.38934803E+14 -0.19647857E-31 -0.74484991E-31
  0.39008264E+14 -0.16154510E-31 -0.72956344E-31
  0.39081726E+14 -0.12822340E-31 -0.71193546E-31
  0.39155188E+14 -0.96550860E-32 -0.69200329E-31
  0.39228650E+14 -0.66781316E-32 -0.66977867E-31
  0.39302112E+14 -0.38738654E-32 -0.64518452E-31
  0.39375574E+14 -0.12669747E-32 -0.61821510E-31
  0.39449036E+14  0.11086909E-32 -0.58880158E-31
  0.39522498E+14  0.30281092E-32 -0.55748279E-31
  0.39595960E+14  0.48618773E-32 -0.52153980E-31
  0.39669421E+14  0.59182389E-32 -0.48502081E-31
  0.39742883E+14  0.65239511E-32 -0.44601013E-31
  0.39816345E+14  0.64391438E-32 -0.40433000E-31
  0.39889807E+14  0.40613001E-32 -0.35400696E-31
  0.39963269E+14  0.00000000E+00 -0.36571345E-31
  0.40036731E+14  0.00000000E+00 -0.36480530E-31
  0.40110193E+14  0.00000000E+00 -0.35844555E-31
  0.40183655E+14  0.00000000E+00 -0.35065029E-31
  0.40257117E+14  0.00000000E+00 -0.34245591E-31
  0.40330579E+14  0.00000000E+00 -0.33424922E-31
  0.40404040E+14  0.00000000E+00 -0.32619734E-31
  0.40477502E+14  0.00000000E+00 -0.31837591E-31
  0.40550964E+14  0.00000000E+00 -0.31081765E-31
  0.40624426E+14  0.00000000E+00 -0.30353364E-31
  0.40697888E+14  0.00000000E+00 -0.29652359E-31
  0.40771350E+14  0.00000000E+00 -0.28978117E-31
  0.40844812E+14  0.00000000E+00 -0.28329693E-31
  0.40918274E+14  0.00000000E+00 -0.27705986E-31
  0.40991736E+14  0.00000000E+00 -0.27105838E-31
  0.41065197E+14  0.00000000E+00 -0.26528086E-31
  0.41138659E+14  0.00000000E+00 -0.25971591E-31
  0.41212121E+14  0.00000000E+00 -0.25435260E-31
  0.41285583E+14  0.00000000E+00 -0.24918049E-31
  0.41359045E+14  0.00000000E+00 -0.24418973E-31
  0.41432507E+14  0.00000000E+00 -0.23937101E-31
  0.41505969E+14  0.00000000E+00 -0.23471561E-31
  0.41579431E+14  0.00000000E+00 -0.23021531E-31
  0.41652893E+14  0.00000000E+00 -0.22586244E-31
  0.41726354E+14  0.00000000E+00 -0.22164979E-31
  0.41799816E+14  0.00000000E+00 -0.21757061E-31
  0.41873278E+14  0.00000000E+00 -0.21361856E-31
  0.41946740E+14  0.00000000E+00 -0.20978772E-31
  0.42020202E+14  0.00000000E+00 -0.20607249E-31
  0.42093664E+14  0.00000000E+00 -0.20246767E-31
  0.42167126E+14  0.00000000E+00 -0.19896831E-31
  0.42240588E+14  0.00000000E+00 -0.19556981E-31
  0.42314050E+14  0.00000000E+00 -0.19226781E-31
  0.42387511E+14  0.00000000E+00 -0.18905820E-31
  0.42460973E+14  0.00000000E+00 -0.18593712E-31
  0.42534435E+14  0.00000000E+00 -0.18290092E-31
  0.42607897E+14  0.00000000E+00 -0.17994615E-31
  0.42681359E+14  0.00000000E+00 -0.17706956E-31
  0.42754821E+14  0.00000000E+00 -0.17426806E-31
  0.42828283E+14  0.00000000E+00 -0.17153874E-31
  0.42901745E+14  0.00000000E+00 -0.16887884E-31
  0.42975207E+14  0.00000000E+00 -0.16628573E-31
  0.43048669E+14  0.00000000E+00 -0.16375692E-31
  0.43122130E+14  0.00000000E+00 -0.16129006E-31
  0.43195592E+14  0.00000000E+00 -0.15888290E-31
  0.43269054E+14  0.00000000E+00 -0.15653330E-31
  0.43342516E+14  0.00000000E+00 -0.15423925E-31
  0.43415978E+14  0.00000000E+00 -0.15199879E-31
  0.43489440E+14  0.00000000E+00 -0.14981009E-31
  0.43562902E+14  0.00000000E+00 -0.14767140E-31
  0.43636364E+14  0.00000000E+00 -0.14558103E-31
  0.43709826E+14  0.00000000E+00 -0.14353738E-31
  0.43783287E+14  0.00000000E+00 -0.14153893E-31
  0.43856749E+14  0.00000000E+00 -0.13958422E-31
  0.43930211E+14  0.00000000E+00 -0.13767184E-31
  0.44003673E+14  0.00000000E+00 -0.13580047E-31
  0.44077135E+14  0.00000000E+00 -0.13396881E-31
  0.44150597E+14  0.00000000E+00 -0.13217565E-31
  0.44224059E+14  0.00000000E+00 -0.13041981E-31
  0.44297521E+14  0.00000000E+00 -0.12870016E-31
  0.44370983E+14  0.00000000E+00 -0.12701562E-31
  0.44444444E+14  0.00000000E+00 -0.12536516E-31
  0.44517906E+14  0.00000000E+00 -0.12374777E-31
  0.44591368E+14  0.00000000E+00 -0.12216250E-31
  0.44664830E+14  0.00000000E+00 -0.12060844E-31
  0.44738292E+14  0.00000000E+00 -0.11908469E-31
  0.44811754E+14  0.00000000E+00 -0.11759041E-31
  0.44885216E+14  0.00000000E+00 -0.11612477E-31
  0.44958678E+14  0.00000000E+00 -0.11468699E-31
  0.45032140E+14  0.00000000E+00 -0.11327632E-31
  0.45105601E+14  0.00000000E+00 -0.11189201E-31
  0.45179063E+14  0.00000000E+00 -0.11053337E-31
  0.45252525E+14  0.00000000E+00 -0.10919971E-31
  0.45325987E+14  0.00000000E+00 -0.10789038E-31
  0.45399449E+14  0.00000000E+00 -0.10660475E-31
  0.45472911E+14  0.00000000E+00 -0.10534220E-31
  0.45546373E+14  0.00000000E+00 -0.10410215E-31
  0.45619835E+14  0.00000000E+00 -0.10288403E-31
  0.45693297E+14  0.00000000E+00 -0.10168728E-31
  0.45766758E+14  0.00000000E+00 -0.10051138E-31
  0.45840220E+14  0.00000000E+00 -0.99355815E-32
  0.45913682E+14  0.00000000E+00 -0.98220081E-32
  0.45987144E+14  0.00000000E+00 -0.97103701E-32
  0.46060606E+14  0.00000000E+00 -0.96006209E-32
  0.46134068E+14  0.00000000E+00 -0.94927154E-32
  0.46207530E+14  0.00000000E+00 -0.93866101E-32
  0.46280992E+14  0.00000000E+00 -0.92822627E-32
  0.46354454E+14  0.00000000E+00 -0.91796322E-32
  0.46427916E+14  0.00000000E+00 -0.90786791E-32
  0.46501377E+14  0.00000000E+00 -0.89793648E-32
  0.46574839E+14  0.00000000E+00 -0.88816521E-32
  0.46648301E+14  0.00000000E+00 -0.87855048E-32
  0.46721763E+14  0.00000000E+00 -0.86908879E-32
  0.46795225E+14  0.00000000E+00 -0.85977673E-32
  0.46868687E+14  0.00000000E+00 -0.85061100E-32
  0.46942149E+14  0.00000000E+00 -0.84158839E-32
  0.47015611E+14  0.00000000E+00 -0.83270580E-32
  0.47089073E+14  0.00000000E+00 -0.82396019E-32
  0.47162534E+14  0.00000000E+00 -0.81534864E-32
  0.47235996E+14  0.00000000E+00 -0.80686828E-32
  0.47309458E+14  0.00000000E+00 -0.79851634E-32
  0.47382920E+14  0.00000000E+00 -0.79029012E-32
  0.47456382E+14  0.00000000E+00 -0.78218701E-32
  0.47529844E+14  0.00000000E+00 -0.77420446E-32
  0.47603306E+14  0.00000000E+00 -0.76633997E-32
  0.47676768E+14  0.00000000E+00 -0.75859115E-32
  0.47750230E+14  0.00000000E+00 -0.75095564E-32
  0.47823691E+14  0.00000000E+00 -0.74343115E-32
  0.47897153E+14  0.00000000E+00 -0.73601547E-32
  0.47970615E+14  0.00000000E+00 -0.72870642E-32
  0.48044077E+14  0.00000000E+00 -0.72150190E-32
  0.48117539E+14  0.00000000E+00 -0.71439984E-32
  0.48191001E+14  0.00000000E+00 -0.70739826E-32
  0.48264463E+14  0.00000000E+00 -0.70049520E-32
  0.48337925E+14  0.00000000E+00 -0.69368875E-32
  0.48411387E+14  0.00000000E+00 -0.68697707E-32
  0.48484848E+14  0.00000000E+00 -0.68035835E-32
  0.48558310E+14  0.00000000E+00 -0.67383083E-32
  0.48631772E+14  0.00000000E+00 -0.66739278E-32
  0.48705234E+14  0.00000000E+00 -0.66104254E-32
  0.48778696E+14  0.00000000E+00 -0.65477848E-32
  0.48852158E+14  0.00000000E+00 -0.64859898E-32
  0.48925620E+14  0.00000000E+00 -0.64250251E-32
  0.48999082E+14  0.00000000E+00 -0.63648754E-32
  0.49072544E+14  0.00000000E+00 -0.63055258E-32
  0.49146006E+14  0.00000000E+00 -0.62469620E-32
  0.49219467E+14  0.00000000E+00 -0.61891698E-32
  0.49292929E+14  0.00000000E+00 -0.61321353E-32
  0.49366391E+14  0.00000000E+00 -0.60758451E-32
  0.49439853E+14  0.00000000E+00 -0.60202861E-32
  0.49513315E+14  0.00000000E+00 -0.59654453E-32
  0.49586777E+14  0.00000000E+00 -0.59113103E-32
  0.49660239E+14  0.00000000E+00 -0.58578686E-32
  0.49733701E+14  0.00000000E+00 -0.58051083E-32
  0.49807163E+14  0.00000000E+00 -0.57530178E-32
  0.49880624E+14  0.00000000E+00 -0.57015854E-32
  0.49954086E+14  0.00000000E+00 -0.56508000E-32
  0.50027548E+14  0.00000000E+00 -0.56006506E-32
  0.50101010E+14  0.00000000E+00 -0.55511264E-32
  0.50174472E+14  0.00000000E+00 -0.55022171E-32
  0.50247934E+14  0.00000000E+00 -0.54539122E-32
  0.50321396E+14  0.00000000E+00 -0.54062018E-32
  0.50394858E+14  0.00000000E+00 -0.53590760E-32
  0.50468320E+14  0.00000000E+00 -0.53125253E-32
  0.50541781E+14  0.00000000E+00 -0.52665401E-32
  0.50615243E+14  0.00000000E+00 -0.52211113E-32
  0.50688705E+14  0.00000000E+00 -0.51762299E-32
  0.50762167E+14  0.00000000E+00 -0.51318870E-32
  0.50835629E+14  0.00000000E+00 -0.50880740E-32
  0.50909091E+14  0.00000000E+00 -0.50447823E-32
  0.50982553E+14  0.00000000E+00 -0.50020038E-32
  0.51056015E+14  0.00000000E+00 -0.49597302E-32
  0.51129477E+14  0.00000000E+00 -0.49179537E-32
  0.51202938E+14  0.00000000E+00 -0.48766663E-32
  0.51276400E+14  0.00000000E+00 -0.48358606E-32
  0.51349862E+14  0.00000000E+00 -0.47955289E-32
  0.51423324E+14  0.00000000E+00 -0.47556640E-32
  0.51496786E+14  0.00000000E+00 -0.47162586E-32
  0.51570248E+14  0.00000000E+00 -0.46773058E-32
  0.51643710E+14  0.00000000E+00 -0.46387985E-32
  0.51717172E+14  0.00000000E+00 -0.46007300E-32
  0.51790634E+14  0.00000000E+00 -0.45630938E-32
  0.51864096E+14  0.00000000E+00 -0.45258831E-32
  0.51937557E+14  0.00000000E+00 -0.44890918E-32
  0.52011019E+14  0.00000000E+00 -0.44527134E-32
  0.52084481E+14  0.00000000E+00 -0.44167419E-32
  0.52157943E+14  0.00000000E+00 -0.43811712E-32
  0.52231405E+14  0.00000000E+00 -0.43459955E-32
  0.52304867E+14  0.00000000E+00 -0.43112088E-32
  0.52378329E+14  0.00000000E+00 -0.42768056E-32
  0.52451791E+14  0.00000000E+00 -0.42427802E-32
  0.52525253E+14  0.00000000E+00 -0.42091271E-32
  0.52598714E+14  0.00000000E+00 -0.41758410E-32
  0.52672176E+14  0.00000000E+00 -0.41429165E-32
  0.52745638E+14  0.00000000E+00 -0.41103486E-32
  0.52819100E+14  0.00000000E+00 -0.40781320E-32
  0.52892562E+14  0.00000000E+00 -0.40462619E-32
  0.52966024E+14  0.00000000E+00 -0.40147332E-32
  0.53039486E+14  0.00000000E+00 -0.39835412E-32
  0.53112948E+14  0.00000000E+00 -0.39526812E-32
  0.53186410E+14  0.00000000E+00 -0.39221485E-32
  0.53259871E+14  0.00000000E+00 -0.38919384E-32
  0.53333333E+14  0.00000000E+00 -0.38620467E-32
  0.53406795E+14  0.00000000E+00 -0.38324687E-32
  0.53480257E+14  0.00000000E+00 -0.38032003E-32
  0.53553719E+14  0.00000000E+00 -0.37742371E-32
  0.53627181E+14  0.00000000E+00 -0.37455750E-32
  0.53700643E+14  0.00000000E+00 -0.37172099E-32
  0.53774105E+14  0.00000000E+00 -0.36891378E-32
  0.53847567E+14  0.00000000E+00 -0.36613546E-32
  0.53921028E+14  0.00000000E+00 -0.36338565E-32
  0.53994490E+14  0.00000000E+00 -0.36066396E-32
  0.54067952E+14  0.00000000E+00 -0.35797003E-32
  0.54141414E+14  0.00000000E+00 -0.35530347E-32
  0.54214876E+14  0.00000000E+00 -0.35266393E-32
  0.54288338E+14  0.00000000E+00 -0.35005104E-32
  0.54361800E+14  0.00000000E+00 -0.34746446E-32
  0.54435262E+14  0.00000000E+00 -0.34490384E-32
  0.54508724E+14  0.00000000E+00 -0.34236884E-32
  0.54582185E+14  0.00000000E+00 -0.33985913E-32
  0.54655647E+14  0.00000000E+00 -0.33737437E-32
  0.54729109E+14  0.00000000E+00 -0.33491424E-32
  0.54802571E+14  0.00000000E+00 -0.33247843E-32
  0.54876033E+14  0.00000000E+00 -0.33006662E-32
  0.54949495E+14  0.00000000E+00 -0.32767850E-32
  0.55022957E+14  0.00000000E+00 -0.32531378E-32
  0.55096419E+14  0.00000000E+00 -0.32297214E-32
  0.55169881E+14  0.00000000E+00 -0.32065331E-32
  0.55243343E+14  0.00000000E+00 -0.31835698E-32
  0.55316804E+14  0.00000000E+00 -0.31608289E-32
  0.55390266E+14  0.00000000E+00 -0.31383073E-32
  0.55463728E+14  0.00000000E+00 -0.31160026E-32
  0.55537190E+14  0.00000000E+00 -0.30939118E-32
  0.55610652E+14  0.00000000E+00 -0.30720324E-32
  0.55684114E+14  0.00000000E+00 -0.30503616E-32
  0.55757576E+14  0.00000000E+00 -0.30288971E-32
  0.55831038E+14  0.00000000E+00 -0.30076361E-32
  0.55904500E+14  0.00000000E+00 -0.29865763E-32
  0.55977961E+14  0.00000000E+00 -0.29657150E-32
  0.56051423E+14  0.00000000E+00 -0.29450500E-32
  0.56124885E+14  0.00000000E+00 -0.29245788E-32
  0.56198347E+14  0.00000000E+00 -0.29042991E-32
  0.56271809E+14  0.00000000E+00 -0.28842085E-32
  0.56345271E+14  0.00000000E+00 -0.28643048E-32
  0.56418733E+14  0.00000000E+00 -0.28445857E-32
  0.56492195E+14  0.00000000E+00 -0.28250490E-32
  0.56565657E+14  0.00000000E+00 -0.28056926E-32
  0.56639118E+14  0.00000000E+00 -0.27865142E-32
  0.56712580E+14  0.00000000E+00 -0.27675118E-32
  0.56786042E+14  0.00000000E+00 -0.27486833E-32
  0.56859504E+14  0.00000000E+00 -0.27300266E-32
  0.56932966E+14  0.00000000E+00 -0.27115398E-32
  0.57006428E+14  0.00000000E+00 -0.26932207E-32
  0.57079890E+14  0.00000000E+00 -0.26750675E-32
  0.57153352E+14  0.00000000E+00 -0.26570783E-32
  0.57226814E+14  0.00000000E+00 -0.26392510E-32
  0.57300275E+14  0.00000000E+00 -0.26215839E-32
  0.57373737E+14  0.00000000E+00 -0.26040750E-32
  0.57447199E+14  0.00000000E+00 -0.25867227E-32
  0.57520661E+14  0.00000000E+00 -0.25695249E-32
  0.57594123E+14  0.00000000E+00 -0.25524801E-32
  0.57667585E+14  0.00000000E+00 -0.25355864E-32
  0.57741047E+14  0.00000000E+00 -0.25188422E-32
  0.57814509E+14  0.00000000E+00 -0.25022456E-32
  0.57887971E+14  0.00000000E+00 -0.24857951E-32
  0.57961433E+14  0.00000000E+00 -0.24694890E-32
  0.58034894E+14  0.00000000E+00 -0.24533257E-32
  0.58108356E+14  0.00000000E+00 -0.24373035E-32
  0.58181818E+14  0.00000000E+00 -0.24214209E-32
  0.58255280E+14  0.00000000E+00 -0.24056763E-32
  0.58328742E+14  0.00000000E+00 -0.23900683E-32
  0.58402204E+14  0.00000000E+00 -0.23745952E-32
  0.58475666E+14  0.00000000E+00 -0.23592555E-32
  0.58549128E+14  0.00000000E+00 -0.23440479E-32
  0.58622590E+14  0.00000000E+00 -0.23289708E-32
  0.58696051E+14  0.00000000E+00 -0.23140228E-32
  0.58769513E+14  0.00000000E+00 -0.22992026E-32
  0.58842975E+14  0.00000000E+00 -0.22845086E-32
  0.58916437E+14  0.00000000E+00 -0.22699395E-32
  0.58989899E+14  0.00000000E+00 -0.22554940E-32
  0.59063361E+14  0.00000000E+00 -0.22411708E-32
  0.59136823E+14  0.00000000E+00 -0.22269684E-32
  0.59210285E+14  0.00000000E+00 -0.22128856E-32
  0.59283747E+14  0.00000000E+00 -0.21989212E-32
  0.59357208E+14  0.00000000E+00 -0.21850738E-32
  0.59430670E+14  0.00000000E+00 -0.21713421E-32
  0.59504132E+14  0.00000000E+00 -0.21577251E-32
  0.59577594E+14  0.00000000E+00 -0.21442213E-32
  0.59651056E+14  0.00000000E+00 -0.21308297E-32
  0.59724518E+14  0.00000000E+00 -0.21175491E-32
  0.59797980E+14  0.00000000E+00 -0.21043782E-32
  0.59871442E+14  0.00000000E+00 -0.20913159E-32
  0.59944904E+14  0.00000000E+00 -0.20783611E-32
  0.60018365E+14  0.00000000E+00 -0.20655126E-32
  0.60091827E+14  0.00000000E+00 -0.20527694E-32
  0.60165289E+14  0.00000000E+00 -0.20401303E-32
  0.60238751E+14  0.00000000E+00 -0.20275943E-32
  0.60312213E+14  0.00000000E+00 -0.20151602E-32
  0.60385675E+14  0.00000000E+00 -0.20028271E-32
  0.60459137E+14  0.00000000E+00 -0.19905938E-32
  0.60532599E+14  0.00000000E+00 -0.19784594E-32
  0.60606061E+14  0.00000000E+00 -0.19664229E-32
  0.60679522E+14  0.00000000E+00 -0.19544832E-32
  0.60752984E+14  0.00000000E+00 -0.19426393E-32
  0.60826446E+14  0.00000000E+00 -0.19308903E-32
  0.60899908E+14  0.00000000E+00 -0.19192352E-32
  0.60973370E+14  0.00000000E+00 -0.19076730E-32
  0.61046832E+14  0.00000000E+00 -0.18962029E-32
  0.61120294E+14  0.00000000E+00 -0.18848238E-32
  0.61193756E+14  0.00000000E+00 -0.18735349E-32
  0.61267218E+14  0.00000000E+00 -0.18623352E-32
  0.61340680E+14  0.00000000E+00 -0.18512239E-32
  0.61414141E+14  0.00000000E+00 -0.18402001E-32
  0.61487603E+14  0.00000000E+00 -0.18292629E-32
  0.61561065E+14  0.00000000E+00 -0.18184114E-32
  0.61634527E+14  0.00000000E+00 -0.18076448E-32
  0.61707989E+14  0.00000000E+00 -0.17969622E-32
  0.61781451E+14  0.00000000E+00 -0.17863628E-32
  0.61854913E+14  0.00000000E+00 -0.17758459E-32
  0.61928375E+14  0.00000000E+00 -0.17654105E-32
  0.62001837E+14  0.00000000E+00 -0.17550559E-32
  0.62075298E+14  0.00000000E+00 -0.17447813E-32
  0.62148760E+14  0.00000000E+00 -0.17345858E-32
  0.62222222E+14  0.00000000E+00 -0.17244689E-32
  0.62295684E+14  0.00000000E+00 -0.17144295E-32
  0.62369146E+14  0.00000000E+00 -0.17044671E-32
  0.62442608E+14  0.00000000E+00 -0.16945809E-32
  0.62516070E+14  0.00000000E+00 -0.16847701E-32
  0.62589532E+14  0.00000000E+00 -0.16750340E-32
  0.62662994E+14  0.00000000E+00 -0.16653718E-32
  0.62736455E+14  0.00000000E+00 -0.16557830E-32
  0.62809917E+14  0.00000000E+00 -0.16462667E-32
  0.62883379E+14  0.00000000E+00 -0.16368223E-32
  0.62956841E+14  0.00000000E+00 -0.16274491E-32
  0.63030303E+14  0.00000000E+00 -0.16181464E-32
  0.63103765E+14  0.00000000E+00 -0.16089135E-32
  0.63177227E+14  0.00000000E+00 -0.15997499E-32
  0.63250689E+14  0.00000000E+00 -0.15906547E-32
  0.63324151E+14  0.00000000E+00 -0.15816275E-32
  0.63397612E+14  0.00000000E+00 -0.15726674E-32
  0.63471074E+14  0.00000000E+00 -0.15637740E-32
  0.63544536E+14  0.00000000E+00 -0.15549466E-32
  0.63617998E+14  0.00000000E+00 -0.15461845E-32
  0.63691460E+14  0.00000000E+00 -0.15374872E-32
  0.63764922E+14  0.00000000E+00 -0.15288541E-32
  0.63838384E+14  0.00000000E+00 -0.15202845E-32
  0.63911846E+14  0.00000000E+00 -0.15117778E-32
  0.63985308E+14  0.00000000E+00 -0.15033336E-32
  0.64058770E+14  0.00000000E+00 -0.14949512E-32
  0.64132231E+14  0.00000000E+00 -0.14866300E-32
  0.64205693E+14  0.00000000E+00 -0.14783695E-32
  0.64279155E+14  0.00000000E+00 -0.14701691E-32
  0.64352617E+14  0.00000000E+00 -0.14620282E-32
  0.64426079E+14  0.00000000E+00 -0.14539464E-32
  0.64499541E+14  0.00000000E+00 -0.14459231E-32
  0.64573003E+14  0.00000000E+00 -0.14379577E-32
  0.64646465E+14  0.00000000E+00 -0.14300498E-32
  0.64719927E+14  0.00000000E+00 -0.14221987E-32
  0.64793388E+14  0.00000000E+00 -0.14144040E-32
  0.64866850E+14  0.00000000E+00 -0.14066653E-32
  0.64940312E+14  0.00000000E+00 -0.13989819E-32
  0.65013774E+14  0.00000000E+00 -0.13913533E-32
  0.65087236E+14  0.00000000E+00 -0.13837792E-32
  0.65160698E+14  0.00000000E+00 -0.13762590E-32
  0.65234160E+14  0.00000000E+00 -0.13687922E-32
  0.65307622E+14  0.00000000E+00 -0.13613783E-32
  0.65381084E+14  0.00000000E+00 -0.13540169E-32
  0.65454545E+14  0.00000000E+00 -0.13467074E-32
  0.65528007E+14  0.00000000E+00 -0.13394496E-32
  0.65601469E+14  0.00000000E+00 -0.13322428E-32
  0.65674931E+14  0.00000000E+00 -0.13250866E-32
  0.65748393E+14  0.00000000E+00 -0.13179807E-32
  0.65821855E+14  0.00000000E+00 -0.13109245E-32
  0.65895317E+14  0.00000000E+00 -0.13039176E-32
  0.65968779E+14  0.00000000E+00 -0.12969595E-32
  0.66042241E+14  0.00000000E+00 -0.12900499E-32
  0.66115702E+14  0.00000000E+00 -0.12831884E-32
  0.66189164E+14  0.00000000E+00 -0.12763744E-32
  0.66262626E+14  0.00000000E+00 -0.12696077E-32
  0.66336088E+14  0.00000000E+00 -0.12628877E-32
  0.66409550E+14  0.00000000E+00 -0.12562141E-32
  0.66483012E+14  0.00000000E+00 -0.12495865E-32
  0.66556474E+14  0.00000000E+00 -0.12430044E-32
  0.66629936E+14  0.00000000E+00 -0.12364676E-32
  0.66703398E+14  0.00000000E+00 -0.12299755E-32
  0.66776860E+14  0.00000000E+00 -0.12235279E-32
  0.66850321E+14  0.00000000E+00 -0.12171243E-32
  0.66923783E+14  0.00000000E+00 -0.12107643E-32
  0.66997245E+14  0.00000000E+00 -0.12044477E-32
  0.67070707E+14  0.00000000E+00 -0.11981739E-32
  0.67144169E+14  0.00000000E+00 -0.11919427E-32
  0.67217631E+14  0.00000000E+00 -0.11857537E-32
  0.67291093E+14  0.00000000E+00 -0.11796065E-32
  0.67364555E+14  0.00000000E+00 -0.11735008E-32
  0.67438017E+14  0.00000000E+00 -0.11674363E-32
  0.67511478E+14  0.00000000E+00 -0.11614125E-32
  0.67584940E+14  0.00000000E+00 -0.11554292E-32
  0.67658402E+14  0.00000000E+00 -0.11494859E-32
  0.67731864E+14  0.00000000E+00 -0.11435824E-32
  0.67805326E+14  0.00000000E+00 -0.11377184E-32
  0.67878788E+14  0.00000000E+00 -0.11318934E-32
  0.67952250E+14  0.00000000E+00 -0.11261073E-32
  0.68025712E+14  0.00000000E+00 -0.11203595E-32
  0.68099174E+14  0.00000000E+00 -0.11146500E-32
  0.68172635E+14  0.00000000E+00 -0.11089782E-32
  0.68246097E+14  0.00000000E+00 -0.11033439E-32
  0.68319559E+14  0.00000000E+00 -0.10977469E-32
  0.68393021E+14  0.00000000E+00 -0.10921867E-32
  0.68466483E+14  0.00000000E+00 -0.10866631E-32
  0.68539945E+14  0.00000000E+00 -0.10811758E-32
  0.68613407E+14  0.00000000E+00 -0.10757245E-32
  0.68686869E+14  0.00000000E+00 -0.10703089E-32
  0.68760331E+14  0.00000000E+00 -0.10649287E-32
  0.68833792E+14  0.00000000E+00 -0.10595836E-32
  0.68907254E+14  0.00000000E+00 -0.10542733E-32
  0.68980716E+14  0.00000000E+00 -0.10489976E-32
  0.69054178E+14  0.00000000E+00 -0.10437561E-32
  0.69127640E+14  0.00000000E+00 -0.10385486E-32
  0.69201102E+14  0.00000000E+00 -0.10333749E-32
  0.69274564E+14  0.00000000E+00 -0.10282345E-32
  0.69348026E+14  0.00000000E+00 -0.10231274E-32
  0.69421488E+14  0.00000000E+00 -0.10180531E-32
  0.69494949E+14  0.00000000E+00 -0.10130115E-32
  0.69568411E+14  0.00000000E+00 -0.10080023E-32
  0.69641873E+14  0.00000000E+00 -0.10030251E-32
  0.69715335E+14  0.00000000E+00 -0.99807987E-33
  0.69788797E+14  0.00000000E+00 -0.99316621E-33
  0.69862259E+14  0.00000000E+00 -0.98828392E-33
  0.69935721E+14  0.00000000E+00 -0.98343273E-33
  0.70009183E+14  0.00000000E+00 -0.97861240E-33
  0.70082645E+14  0.00000000E+00 -0.97382268E-33
  0.70156107E+14  0.00000000E+00 -0.96906334E-33
  0.70229568E+14  0.00000000E+00 -0.96433414E-33
  0.70303030E+14  0.00000000E+00 -0.95963482E-33
  0.70376492E+14  0.00000000E+00 -0.95496518E-33
  0.70449954E+14  0.00000000E+00 -0.95032495E-33
  0.70523416E+14  0.00000000E+00 -0.94571393E-33
  0.70596878E+14  0.00000000E+00 -0.94113187E-33
  0.70670340E+14  0.00000000E+00 -0.93657856E-33
  0.70743802E+14  0.00000000E+00 -0.93205376E-33
  0.70817264E+14  0.00000000E+00 -0.92755727E-33
  0.70890725E+14  0.00000000E+00 -0.92308884E-33
  0.70964187E+14  0.00000000E+00 -0.91864828E-33
  0.71037649E+14  0.00000000E+00 -0.91423535E-33
  0.71111111E+14  0.00000000E+00 -0.90984986E-33
  0.71184573E+14  0.00000000E+00 -0.90549158E-33
  0.71258035E+14  0.00000000E+00 -0.90116030E-33
  0.71331497E+14  0.00000000E+00 -0.89685583E-33
  0.71404959E+14  0.00000000E+00 -0.89257794E-33
  0.71478421E+14  0.00000000E+00 -0.88832645E-33
  0.71551882E+14  0.00000000E+00 -0.88410114E-33
  0.71625344E+14  0.00000000E+00 -0.87990182E-33
  0.71698806E+14  0.00000000E+00 -0.87572828E-33
  0.71772268E+14  0.00000000E+00 -0.87158033E-33
  0.71845730E+14  0.00000000E+00 -0.86745778E-33
  0.71919192E+14  0.00000000E+00 -0.86336043E-33
  0.71992654E+14  0.00000000E+00 -0.85928809E-33
  0.72066116E+14  0.00000000E+00 -0.85524057E-33
  0.72139578E+14  0.00000000E+00 -0.85121769E-33
  0.72213039E+14  0.00000000E+00 -0.84721926E-33
  0.72286501E+14  0.00000000E+00 -0.84324508E-33
  0.72359963E+14  0.00000000E+00 -0.83929499E-33
  0.72433425E+14  0.00000000E+00 -0.83536880E-33
  0.72506887E+14  0.00000000E+00 -0.83146632E-33
  0.72580349E+14  0.00000000E+00 -0.82758739E-33
  0.72653811E+14  0.00000000E+00 -0.82373183E-33
  0.72727273E+14  0.00000000E+00 -0.81989945E-33
  0.72800735E+14  0.00000000E+00 -0.81609010E-33
  0.72874197E+14  0.00000000E+00 -0.81230359E-33
  0.72947658E+14  0.00000000E+00 -0.80853976E-33
  0.73021120E+14  0.00000000E+00 -0.80479843E-33
  0.73094582E+14  0.00000000E+00 -0.80107945E-33
  0.73168044E+14  0.00000000E+00 -0.79738265E-33
  0.73241506E+14  0.00000000E+00 -0.79370785E-33
  0.73314968E+14  0.00000000E+00 -0.79005491E-33
  0.73388430E+14  0.00000000E+00 -0.78642365E-33
  0.73461892E+14  0.00000000E+00 -0.78281393E-33
  0.73535354E+14  0.00000000E+00 -0.77922557E-33
  0.73608815E+14  0.00000000E+00 -0.77565843E-33
  0.73682277E+14  0.00000000E+00 -0.77211235E-33
  0.73755739E+14  0.00000000E+00 -0.76858718E-33
  0.73829201E+14  0.00000000E+00 -0.76508275E-33
  0.73902663E+14  0.00000000E+00 -0.76159893E-33
  0.73976125E+14  0.00000000E+00 -0.75813556E-33
  0.74049587E+14  0.00000000E+00 -0.75469249E-33
  0.74123049E+14  0.00000000E+00 -0.75126957E-33
  0.74196511E+14  0.00000000E+00 -0.74786666E-33
  0.74269972E+14  0.00000000E+00 -0.74448362E-33
  0.74343434E+14  0.00000000E+00 -0.74112030E-33
  0.74416896E+14  0.00000000E+00 -0.73777656E-33
  0.74490358E+14  0.00000000E+00 -0.73445225E-33
  0.74563820E+14  0.00000000E+00 -0.73114724E-33
  0.74637282E+14  0.00000000E+00 -0.72786139E-33
  0.74710744E+14  0.00000000E+00 -0.72459456E-33
  0.74784206E+14  0.00000000E+00 -0.72134661E-33
  0.74857668E+14  0.00000000E+00 -0.71811742E-33
  0.74931129E+14  0.00000000E+00 -0.71490684E-33
  0.75004591E+14  0.00000000E+00 -0.71171474E-33
  0.75078053E+14  0.00000000E+00 -0.70854100E-33
  0.75151515E+14  0.00000000E+00 -0.70538548E-33
  0.75224977E+14  0.00000000E+00 -0.70224804E-33
  0.75298439E+14  0.00000000E+00 -0.69912858E-33
  0.75371901E+14  0.00000000E+00 -0.69602694E-33
  0.75445363E+14  0.00000000E+00 -0.69294302E-33
  0.75518825E+14  0.00000000E+00 -0.68987669E-33
  0.75592287E+14  0.00000000E+00 -0.68682781E-33
  0.75665748E+14  0.00000000E+00 -0.68379628E-33
  0.75739210E+14  0.00000000E+00 -0.68078196E-33
  0.75812672E+14  0.00000000E+00 -0.67778473E-33
  0.75886134E+14  0.00000000E+00 -0.67480448E-33
  0.75959596E+14  0.00000000E+00 -0.67184109E-33
  0.76033058E+14  0.00000000E+00 -0.66889444E-33
  0.76106520E+14  0.00000000E+00 -0.66596441E-33
  0.76179982E+14  0.00000000E+00 -0.66305088E-33
  0.76253444E+14  0.00000000E+00 -0.66015375E-33
  0.76326905E+14  0.00000000E+00 -0.65727290E-33
  0.76400367E+14  0.00000000E+00 -0.65440821E-33
  0.76473829E+14  0.00000000E+00 -0.65155957E-33
  0.76547291E+14  0.00000000E+00 -0.64872688E-33
  0.76620753E+14  0.00000000E+00 -0.64591001E-33
  0.76694215E+14  0.00000000E+00 -0.64310887E-33
  0.76767677E+14  0.00000000E+00 -0.64032334E-33
  0.76841139E+14  0.00000000E+00 -0.63755332E-33
  0.76914601E+14  0.00000000E+00 -0.63479870E-33
  0.76988062E+14  0.00000000E+00 -0.63205938E-33
  0.77061524E+14  0.00000000E+00 -0.62933524E-33
  0.77134986E+14  0.00000000E+00 -0.62662619E-33
  0.77208448E+14  0.00000000E+00 -0.62393212E-33
  0.77281910E+14  0.00000000E+00 -0.62125293E-33
  0.77355372E+14  0.00000000E+00 -0.61858852E-33
  0.77428834E+14  0.00000000E+00 -0.61593878E-33
  0.77502296E+14  0.00000000E+00 -0.61330363E-33
  0.77575758E+14  0.00000000E+00 -0.61068296E-33
  0.77649219E+14  0.00000000E+00 -0.60807666E-33
  0.77722681E+14  0.00000000E+00 -0.60548465E-33
  0.77796143E+14  0.00000000E+00 -0.60290683E-33
  0.77869605E+14  0.00000000E+00 -0.60034310E-33
  0.77943067E+14  0.00000000E+00 -0.59779337E-33
  0.78016529E+14  0.00000000E+00 -0.59525753E-33
  0.78089991E+14  0.00000000E+00 -0.59273551E-33
  0.78163453E+14  0.00000000E+00 -0.59022721E-33
  0.78236915E+14  0.00000000E+00 -0.58773252E-33
  0.78310376E+14  0.00000000E+00 -0.58525137E-33
  0.78383838E+14  0.00000000E+00 -0.58278367E-33
  0.78457300E+14  0.00000000E+00 -0.58032931E-33
  0.78530762E+14  0.00000000E+00 -0.57788822E-33
  0.78604224E+14  0.00000000E+00 -0.57546031E-33
  0.78677686E+14  0.00000000E+00 -0.57304548E-33
  0.78751148E+14  0.00000000E+00 -0.57064366E-33
  0.78824610E+14  0.00000000E+00 -0.56825474E-33
  0.78898072E+14  0.00000000E+00 -0.56587866E-33
  0.78971534E+14  0.00000000E+00 -0.56351532E-33
  0.79044995E+14  0.00000000E+00 -0.56116464E-33
  0.79118457E+14  0.00000000E+00 -0.55882654E-33
  0.79191919E+14  0.00000000E+00 -0.55650093E-33
  0.79265381E+14  0.00000000E+00 -0.55418773E-33
  0.79338843E+14  0.00000000E+00 -0.55188687E-33
  0.79412305E+14  0.00000000E+00 -0.54959825E-33
  0.79485767E+14  0.00000000E+00 -0.54732180E-33
  0.79559229E+14  0.00000000E+00 -0.54505743E-33
  0.79632691E+14  0.00000000E+00 -0.54280508E-33
  0.79706152E+14  0.00000000E+00 -0.54056466E-33
  0.79779614E+14  0.00000000E+00 -0.53833609E-33
  0.79853076E+14  0.00000000E+00 -0.53611930E-33
  0.79926538E+14  0.00000000E+00 -0.53391421E-33
  0.80000000E+14  0.00000000E+00 -0.53172074E-33
