  0.73461892E+11  0.11050759E-31 -0.74251762E-31
  0.14692378E+12  0.17380149E-31 -0.68304938E-31
  0.22038567E+12  0.25372014E-31 -0.56985676E-31
  0.29384757E+12  0.18535472E-31 -0.45749937E-31
  0.36730946E+12  0.14047652E-31 -0.50082145E-31
  0.44077135E+12  0.17843623E-31 -0.50503833E-31
  0.51423324E+12  0.19577189E-31 -0.48773179E-31
  0.58769513E+12  0.21203118E-31 -0.45738855E-31
  0.66115702E+12  0.20457999E-31 -0.43991713E-31
  0.73461892E+12  0.21057797E-31 -0.43920138E-31
  0.80808081E+12  0.22984566E-31 -0.43501120E-31
  0.88154270E+12  0.25114365E-31 -0.41879808E-31
  0.95500459E+12  0.25637460E-31 -0.38776666E-31
  0.10284665E+13  0.24893693E-31 -0.37728796E-31
  0.11019284E+13  0.25893908E-31 -0.37965524E-31
  0.11753903E+13  0.28050140E-31 -0.36668741E-31
  0.12488522E+13  0.29279606E-31 -0.34786646E-31
  0.13223140E+13  0.29450072E-31 -0.32425111E-31
  0.13957759E+13  0.29348860E-31 -0.31292484E-31
  0.14692378E+13  0.29958250E-31 -0.31127159E-31
  0.15426997E+13  0.32072718E-31 -0.29431591E-31
  0.16161616E+13  0.32639311E-31 -0.26402489E-31
  0.16896235E+13  0.31441915E-31 -0.25200676E-31
  0.17630854E+13  0.32030150E-31 -0.24914939E-31
  0.18365473E+13  0.33890614E-31 -0.22941177E-31
  0.19100092E+13  0.33457332E-31 -0.20623490E-31
  0.19834711E+13  0.33117414E-31 -0.19521726E-31
  0.20569330E+13  0.34064556E-31 -0.18104765E-31
  0.21303949E+13  0.34145936E-31 -0.16119909E-31
  0.22038567E+13  0.33742791E-31 -0.14194671E-31
  0.22773186E+13  0.33481761E-31 -0.12748127E-31
  0.23507805E+13  0.33369034E-31 -0.11749088E-31
  0.24242424E+13  0.33765164E-31 -0.10181625E-31
  0.24977043E+13  0.33829985E-31 -0.77596045E-32
  0.25711662E+13  0.32738972E-31 -0.58511570E-32
  0.26446281E+13  0.31927385E-31 -0.49008213E-32
  0.27180900E+13  0.31912448E-31 -0.35054270E-32
  0.27915519E+13  0.31678458E-31 -0.17215032E-32
  0.28650138E+13  0.30788095E-31  0.23244160E-33
  0.29384757E+13  0.29480061E-31  0.15739941E-32
  0.30119376E+13  0.29029166E-31  0.24739913E-32
  0.30853994E+13  0.28943797E-31  0.43062687E-32
  0.31588613E+13  0.27432646E-31  0.65275231E-32
  0.32323232E+13  0.25441293E-31  0.73688820E-32
  0.33057851E+13  0.25047999E-31  0.79316442E-32
  0.33792470E+13  0.24571040E-31  0.97534244E-32
  0.34527089E+13  0.22845805E-31  0.11641530E-31
  0.35261708E+13  0.20860455E-31  0.12524182E-31
  0.35996327E+13  0.19717352E-31  0.12918147E-31
  0.36730946E+13  0.19032169E-31  0.14113551E-31
  0.37465565E+13  0.17406359E-31  0.15947227E-31
  0.38200184E+13  0.14959078E-31  0.16755359E-31
  0.38934803E+13  0.13565029E-31  0.16730525E-31
  0.39669421E+13  0.12640442E-31  0.17660384E-31
  0.40404040E+13  0.10614195E-31  0.19057609E-31
  0.41138659E+13  0.82715030E-32  0.19330097E-31
  0.41873278E+13  0.68831675E-32  0.19309935E-31
  0.42607897E+13  0.54659063E-32  0.20015798E-31
  0.43342516E+13  0.32945450E-32  0.20772672E-31
  0.44077135E+13  0.90381328E-33  0.20811888E-31
  0.44811754E+13 -0.90082539E-33  0.20374082E-31
  0.45546373E+13 -0.21480474E-32  0.20383206E-31
  0.46280992E+13 -0.42165770E-32  0.21002401E-31
  0.47015611E+13 -0.68923785E-32  0.20576759E-31
  0.47750230E+13 -0.84927833E-32  0.19635519E-31
  0.48484848E+13 -0.99038711E-32  0.19618424E-31
  0.49219467E+13 -0.12417387E-31  0.19467489E-31
  0.49954086E+13 -0.14552893E-31  0.18239047E-31
  0.50688705E+13 -0.15850930E-31  0.17320642E-31
  0.51423324E+13 -0.17692276E-31  0.16889396E-31
  0.52157943E+13 -0.19783347E-31  0.15805165E-31
  0.52892562E+13 -0.21514129E-31  0.14619423E-31
  0.53627181E+13 -0.23167240E-31  0.13165714E-31
  0.54361800E+13 -0.24360578E-31  0.12074369E-31
  0.55096419E+13 -0.26474618E-31  0.10931831E-31
  0.55831038E+13 -0.27939526E-31  0.87175642E-32
  0.56565657E+13 -0.28730661E-31  0.74141387E-32
  0.57300275E+13 -0.30456125E-31  0.58926191E-32
  0.58034894E+13 -0.31628051E-31  0.38590978E-32
  0.58769513E+13 -0.32658601E-31  0.18490266E-32
  0.59504132E+13 -0.33292153E-31 -0.79588308E-34
  0.60238751E+13 -0.34335198E-31 -0.17381962E-32
  0.60973370E+13 -0.35314408E-31 -0.43090621E-32
  0.61707989E+13 -0.35205538E-31 -0.64414009E-32
  0.62442608E+13 -0.36008048E-31 -0.81369730E-32
  0.63177227E+13 -0.36353310E-31 -0.10916891E-31
  0.63911846E+13 -0.36019664E-31 -0.12971879E-31
  0.64646465E+13 -0.36111088E-31 -0.15131886E-31
  0.65381084E+13 -0.35891161E-31 -0.17308322E-31
  0.66115702E+13 -0.35492291E-31 -0.19745794E-31
  0.66850321E+13 -0.34852678E-31 -0.21690185E-31
  0.67584940E+13 -0.34129610E-31 -0.24126418E-31
  0.68319559E+13 -0.33052674E-31 -0.25789420E-31
  0.69054178E+13 -0.32286838E-31 -0.28138867E-31
  0.69788797E+13 -0.30567812E-31 -0.29771756E-31
  0.70523416E+13 -0.29715572E-31 -0.31465750E-31
  0.71258035E+13 -0.27950668E-31 -0.33496149E-31
  0.71992654E+13 -0.26066256E-31 -0.34612011E-31
  0.72727273E+13 -0.24604278E-31 -0.36027137E-31
  0.73461892E+13 -0.22495901E-31 -0.37190400E-31
  0.74196511E+13 -0.20800643E-31 -0.38091574E-31
  0.74931129E+13 -0.18456609E-31 -0.38915779E-31
  0.75665748E+13 -0.16725407E-31 -0.39406650E-31
  0.76400367E+13 -0.14117469E-31 -0.39797442E-31
  0.77134986E+13 -0.12423685E-31 -0.39588457E-31
  0.77869605E+13 -0.10193512E-31 -0.39626295E-31
  0.78604224E+13 -0.83237941E-32 -0.39221362E-31
  0.79338843E+13 -0.61705841E-32 -0.38562219E-31
  0.80073462E+13 -0.45566554E-32 -0.37736978E-31
  0.80808081E+13 -0.27011670E-32 -0.36578885E-31
  0.81542700E+13 -0.14434135E-32 -0.35257763E-31
  0.82277319E+13 -0.24887924E-33 -0.33883462E-31
  0.83011938E+13  0.95423063E-33 -0.32373739E-31
  0.83746556E+13  0.15179834E-32 -0.30546431E-31
  0.84481175E+13  0.18717316E-32 -0.28756992E-31
  0.85215794E+13  0.21455385E-32 -0.26929161E-31
  0.85950413E+13  0.18232814E-32 -0.25128431E-31
  0.86685032E+13  0.12199201E-32 -0.23578484E-31
  0.87419651E+13  0.47100694E-33 -0.21905611E-31
  0.88154270E+13 -0.87200210E-33 -0.20367723E-31
  0.88888889E+13 -0.24013155E-32 -0.19315939E-31
  0.89623508E+13 -0.40855631E-32 -0.18492747E-31
  0.90358127E+13 -0.61400775E-32 -0.18090114E-31
  0.91092746E+13 -0.81777668E-32 -0.18189121E-31
  0.91827365E+13 -0.10324346E-31 -0.18872974E-31
  0.92561983E+13 -0.12030689E-31 -0.20154074E-31
  0.93296602E+13 -0.13079551E-31 -0.21627550E-31
  0.94031221E+13 -0.13942332E-31 -0.22976066E-31
  0.94765840E+13 -0.14500196E-31 -0.24401969E-31
  0.95500459E+13 -0.14883019E-31 -0.25628231E-31
  0.96235078E+13 -0.15325933E-31 -0.26893004E-31
  0.96969697E+13 -0.15586497E-31 -0.28280616E-31
  0.97704316E+13 -0.15772196E-31 -0.29569267E-31
  0.98438935E+13 -0.15930581E-31 -0.30875200E-31
  0.99173554E+13 -0.16083648E-31 -0.32274722E-31
  0.99908173E+13 -0.16294084E-31 -0.33885407E-31
  0.10064279E+14 -0.16231611E-31 -0.35808336E-31
  0.10137741E+14 -0.15837194E-31 -0.37895347E-31
  0.10211203E+14 -0.14934927E-31 -0.39999856E-31
  0.10284665E+14 -0.13722934E-31 -0.41968283E-31
  0.10358127E+14 -0.12173196E-31 -0.43948644E-31
  0.10431589E+14 -0.99951474E-32 -0.45746174E-31
  0.10505051E+14 -0.72446614E-32 -0.47179956E-31
  0.10578512E+14 -0.37830873E-32 -0.47805662E-31
  0.10651974E+14  0.32380192E-33 -0.46977697E-31
  0.10725436E+14  0.35686880E-32 -0.41556417E-31
  0.10798898E+14 -0.31076804E-33 -0.40134517E-31
  0.10872360E+14 -0.85923297E-33 -0.40652440E-31
  0.10945822E+14 -0.99947273E-33 -0.41117787E-31
  0.11019284E+14 -0.93056155E-33 -0.41750517E-31
  0.11092746E+14 -0.55108061E-33 -0.42427694E-31
  0.11166208E+14  0.43621842E-34 -0.43074904E-31
  0.11239669E+14  0.69843125E-33 -0.43625803E-31
  0.11313131E+14  0.13905721E-32 -0.44192056E-31
  0.11386593E+14  0.22193115E-32 -0.44813757E-31
  0.11460055E+14  0.32182773E-32 -0.45349280E-31
  0.11533517E+14  0.42529818E-32 -0.45746420E-31
  0.11606979E+14  0.52791851E-32 -0.46124354E-31
  0.11680441E+14  0.63733327E-32 -0.46527288E-31
  0.11753903E+14  0.76461688E-32 -0.46869040E-31
  0.11827365E+14  0.89628480E-32 -0.47015888E-31
  0.11900826E+14  0.10241379E-31 -0.47084279E-31
  0.11974288E+14  0.11533827E-31 -0.47139351E-31
  0.12047750E+14  0.12924399E-31 -0.47132797E-31
  0.12121212E+14  0.14371668E-31 -0.46957747E-31
  0.12194674E+14  0.15749164E-31 -0.46689360E-31
  0.12268136E+14  0.17152879E-31 -0.46380317E-31
  0.12341598E+14  0.18608229E-31 -0.45986569E-31
  0.12415060E+14  0.20084746E-31 -0.45381589E-31
  0.12488522E+14  0.21469146E-31 -0.44703206E-31
  0.12561983E+14  0.22787156E-31 -0.43944717E-31
  0.12635445E+14  0.24191023E-31 -0.43116544E-31
  0.12708907E+14  0.25507120E-31 -0.42122957E-31
  0.12782369E+14  0.26780412E-31 -0.41008901E-31
  0.12855831E+14  0.27957277E-31 -0.39857642E-31
  0.12929293E+14  0.29124694E-31 -0.38520096E-31
  0.13002755E+14  0.30237359E-31 -0.37068268E-31
  0.13076217E+14  0.31106938E-31 -0.35532980E-31
  0.13149679E+14  0.31948910E-31 -0.33901380E-31
  0.13223140E+14  0.32736972E-31 -0.32184111E-31
  0.13296602E+14  0.33303795E-31 -0.30324893E-31
  0.13370064E+14  0.33703003E-31 -0.28397523E-31
  0.13443526E+14  0.33958941E-31 -0.26358067E-31
  0.13516988E+14  0.33966582E-31 -0.24276955E-31
  0.13590450E+14  0.33744778E-31 -0.22178760E-31
  0.13663912E+14  0.33268791E-31 -0.20090073E-31
  0.13737374E+14  0.32539648E-31 -0.18049023E-31
  0.13810836E+14  0.31539705E-31 -0.16072571E-31
  0.13884298E+14  0.30260310E-31 -0.14227664E-31
  0.13957759E+14  0.28692918E-31 -0.12594435E-31
  0.14031221E+14  0.26847767E-31 -0.11278763E-31
  0.14104683E+14  0.24806794E-31 -0.10376779E-31
  0.14178145E+14  0.22905106E-31 -0.99562793E-32
  0.14251607E+14  0.21108349E-31 -0.97624656E-32
  0.14325069E+14  0.19304711E-31 -0.98876177E-32
  0.14398531E+14  0.17698400E-31 -0.10523767E-31
  0.14471993E+14  0.16630481E-31 -0.11767721E-31
  0.14545455E+14  0.16969191E-31 -0.13865899E-31
  0.14618916E+14  0.26518775E-31 -0.11556627E-31
  0.14692378E+14  0.16344434E-31  0.26989461E-32
  0.14765840E+14  0.49734831E-32 -0.80274140E-32
  0.14839302E+14  0.61566873E-32 -0.12707276E-31
  0.14912764E+14  0.68016445E-32 -0.15103961E-31
  0.14986226E+14  0.76690743E-32 -0.16409291E-31
  0.15059688E+14  0.84231485E-32 -0.17585086E-31
  0.15133150E+14  0.87516051E-32 -0.18185613E-31
  0.15206612E+14  0.93347976E-32 -0.18920899E-31
  0.15280073E+14  0.95117118E-32 -0.19229071E-31
  0.15353535E+14  0.99327661E-32 -0.19831601E-31
  0.15426997E+14  0.10180071E-31 -0.20048918E-31
  0.15500459E+14  0.10419641E-31 -0.20520667E-31
  0.15573921E+14  0.10857331E-31 -0.20864610E-31
  0.15647383E+14  0.11103443E-31 -0.21127031E-31
  0.15720845E+14  0.11645255E-31 -0.21567487E-31
  0.15794307E+14  0.12175547E-31 -0.21735658E-31
  0.15867769E+14  0.12718702E-31 -0.21946765E-31
  0.15941230E+14  0.13654825E-31 -0.22020841E-31
  0.16014692E+14  0.14764568E-31 -0.21687599E-31
  0.16088154E+14  0.16250379E-31 -0.20773037E-31
  0.16161616E+14  0.15480750E-31 -0.17402271E-31
  0.16235078E+14  0.14023763E-31 -0.17412206E-31
  0.16308540E+14  0.13219979E-31 -0.17492169E-31
  0.16382002E+14  0.12727612E-31 -0.17598039E-31
  0.16455464E+14  0.12321331E-31 -0.17689389E-31
  0.16528926E+14  0.11962519E-31 -0.17807793E-31
  0.16602388E+14  0.11662102E-31 -0.17959624E-31
  0.16675849E+14  0.11400947E-31 -0.18099174E-31
  0.16749311E+14  0.11181500E-31 -0.18229593E-31
  0.16822773E+14  0.10936954E-31 -0.18363393E-31
  0.16896235E+14  0.10703554E-31 -0.18565512E-31
  0.16969697E+14  0.10576303E-31 -0.18736667E-31
  0.17043159E+14  0.10395366E-31 -0.18873917E-31
  0.17116621E+14  0.10191868E-31 -0.19090330E-31
  0.17190083E+14  0.10108363E-31 -0.19317080E-31
  0.17263545E+14  0.10020343E-31 -0.19442695E-31
  0.17337006E+14  0.98152418E-32 -0.19618894E-31
  0.17410468E+14  0.97212277E-32 -0.19931771E-31
  0.17483930E+14  0.97350447E-32 -0.20095141E-31
  0.17557392E+14  0.96006162E-32 -0.20217387E-31
  0.17630854E+14  0.94745242E-32 -0.20498924E-31
  0.17704316E+14  0.95218505E-32 -0.20758086E-31
  0.17777778E+14  0.95254259E-32 -0.20848379E-31
  0.17851240E+14  0.93552742E-32 -0.21054782E-31
  0.17924702E+14  0.93863235E-32 -0.21385047E-31
  0.17998163E+14  0.95074213E-32 -0.21507317E-31
  0.18071625E+14  0.93948554E-32 -0.21591849E-31
  0.18145087E+14  0.93338565E-32 -0.21891703E-31
  0.18218549E+14  0.94719262E-32 -0.22128579E-31
  0.18292011E+14  0.95703888E-32 -0.22149291E-31
  0.18365473E+14  0.93947268E-32 -0.22313253E-31
  0.18438935E+14  0.95110795E-32 -0.22617194E-31
  0.18512397E+14  0.96482212E-32 -0.22673927E-31
  0.18585859E+14  0.95851909E-32 -0.22706746E-31
  0.18659320E+14  0.95171553E-32 -0.22952445E-31
  0.18732782E+14  0.97155206E-32 -0.23117749E-31
  0.18806244E+14  0.97468833E-32 -0.23049941E-31
  0.18879706E+14  0.96013652E-32 -0.23200180E-31
  0.18953168E+14  0.97074236E-32 -0.23412659E-31
  0.19026630E+14  0.98028234E-32 -0.23370765E-31
  0.19100092E+14  0.96395173E-32 -0.23379224E-31
  0.19173554E+14  0.95887181E-32 -0.23598278E-31
  0.19247016E+14  0.97079409E-32 -0.23631773E-31
  0.19320478E+14  0.95549782E-32 -0.23537675E-31
  0.19393939E+14  0.93678185E-32 -0.23731976E-31
  0.19467401E+14  0.94265453E-32 -0.23824073E-31
  0.19540863E+14  0.92838895E-32 -0.23744199E-31
  0.19614325E+14  0.90111579E-32 -0.23873749E-31
  0.19687787E+14  0.89481366E-32 -0.24031691E-31
  0.19761249E+14  0.87779230E-32 -0.23980305E-31
  0.19834711E+14  0.84071874E-32 -0.24132447E-31
  0.19908173E+14  0.82713763E-32 -0.24330506E-31
  0.19981635E+14  0.79993984E-32 -0.24341042E-31
  0.20055096E+14  0.75636454E-32 -0.24566901E-31
  0.20128558E+14  0.73480001E-32 -0.24822943E-31
  0.20202020E+14  0.69543543E-32 -0.24930967E-31
  0.20275482E+14  0.64866794E-32 -0.25295344E-31
  0.20348944E+14  0.61891551E-32 -0.25592587E-31
  0.20422406E+14  0.56573762E-32 -0.25895641E-31
  0.20495868E+14  0.52293593E-32 -0.26405027E-31
  0.20569330E+14  0.47703158E-32 -0.26790440E-31
  0.20642792E+14  0.42091475E-32 -0.27393990E-31
  0.20716253E+14  0.37848470E-32 -0.27961002E-31
  0.20789715E+14  0.31845230E-32 -0.28683973E-31
  0.20863177E+14  0.27468329E-32 -0.29424697E-31
  0.20936639E+14  0.21618525E-32 -0.30314886E-31
  0.21010101E+14  0.17090369E-32 -0.31258727E-31
  0.21083563E+14  0.12201504E-32 -0.32352562E-31
  0.21157025E+14  0.74891481E-33 -0.33538249E-31
  0.21230487E+14  0.37230611E-33 -0.34861242E-31
  0.21303949E+14  0.90981492E-34 -0.36331777E-31
  0.21377410E+14  0.00000000E+00 -0.37908663E-31
  0.21450872E+14  0.00000000E+00 -0.39415634E-31
  0.21524334E+14  0.00000000E+00 -0.40958628E-31
  0.21597796E+14  0.00000000E+00 -0.42587219E-31
  0.21671258E+14  0.00000000E+00 -0.44341910E-31
  0.21744720E+14  0.00000000E+00 -0.46267919E-31
  0.21818182E+14  0.00000000E+00 -0.48422849E-31
  0.21891644E+14  0.00000000E+00 -0.50886113E-31
  0.21965106E+14  0.00000000E+00 -0.53774472E-31
  0.22038567E+14  0.00000000E+00 -0.57271582E-31
  0.22112029E+14  0.00000000E+00 -0.61691679E-31
  0.22185491E+14  0.00000000E+00 -0.67640740E-31
  0.22258953E+14  0.00000000E+00 -0.76540979E-31
  0.22332415E+14  0.00000000E+00 -0.93440791E-31
  0.22405877E+14  0.51041038E-31 -0.12270427E-30
  0.22479339E+14  0.67390088E-31 -0.97648184E-31
  0.22552801E+14  0.84673632E-31 -0.74533759E-31
  0.22626263E+14  0.87084233E-31 -0.56038928E-31
  0.22699725E+14  0.86892835E-31 -0.40847910E-31
  0.22773186E+14  0.83862917E-31 -0.26501355E-31
  0.22846648E+14  0.78936498E-31 -0.15221388E-31
  0.22920110E+14  0.70371385E-31 -0.54239766E-32
  0.22993572E+14  0.62245211E-31  0.44014795E-32
  0.23067034E+14  0.57320191E-31  0.11072877E-31
  0.23140496E+14  0.45906644E-31  0.15104146E-31
  0.23213958E+14  0.36873036E-31  0.21773367E-31
  0.23287420E+14  0.29798792E-31  0.22508290E-31
  0.23360882E+14  0.15166785E-31  0.24659904E-31
  0.23434343E+14  0.99769862E-32  0.25207673E-31
  0.23507805E+14 -0.32457705E-32  0.23333952E-31
  0.23581267E+14 -0.10495921E-31  0.22174206E-31
  0.23654729E+14 -0.22423726E-31  0.18099391E-31
  0.23728191E+14 -0.28024470E-31  0.14560872E-31
  0.23801653E+14 -0.41550511E-31  0.83339927E-32
  0.23875115E+14 -0.44765108E-31  0.33330075E-32
  0.23948577E+14 -0.56553445E-31 -0.53408056E-32
  0.24022039E+14 -0.61212036E-31 -0.12482720E-31
  0.24095500E+14 -0.68577730E-31 -0.21005003E-31
  0.24168962E+14 -0.74455563E-31 -0.32157943E-31
  0.24242424E+14 -0.78736215E-31 -0.39940652E-31
  0.24315886E+14 -0.84262153E-31 -0.53921080E-31
  0.24389348E+14 -0.85115220E-31 -0.62412590E-31
  0.24462810E+14 -0.91161465E-31 -0.76928656E-31
  0.24536272E+14 -0.88875402E-31 -0.88169955E-31
  0.24609734E+14 -0.92439597E-31 -0.10101243E-30
  0.24683196E+14 -0.90630697E-31 -0.11554591E-30
  0.24756657E+14 -0.88065092E-31 -0.12752423E-30
  0.24830119E+14 -0.88650541E-31 -0.14296374E-30
  0.24903581E+14 -0.80297027E-31 -0.15602861E-30
  0.24977043E+14 -0.80297172E-31 -0.17001117E-30
  0.25050505E+14 -0.69888379E-31 -0.18491156E-30
  0.25123967E+14 -0.65823091E-31 -0.19813819E-30
  0.25197429E+14 -0.55538084E-31 -0.21269579E-30
  0.25270891E+14 -0.47217775E-31 -0.22628637E-30
  0.25344353E+14 -0.35140487E-31 -0.23961604E-30
  0.25417815E+14 -0.24784572E-31 -0.25253956E-30
  0.25491276E+14 -0.93297904E-32 -0.26652575E-30
  0.25564738E+14  0.38420968E-32 -0.27644068E-30
  0.25638200E+14  0.19801817E-31 -0.29067943E-30
  0.25711662E+14  0.38229056E-31 -0.29949383E-30
  0.25785124E+14  0.54257498E-31 -0.31047020E-30
  0.25858586E+14  0.76155763E-31 -0.32022254E-30
  0.25932048E+14  0.95505091E-31 -0.32739248E-30
  0.26005510E+14  0.11823768E-30 -0.33549887E-30
  0.26078972E+14  0.14106956E-30 -0.34185787E-30
  0.26152433E+14  0.16667252E-30 -0.34536478E-30
  0.26225895E+14  0.19024513E-30 -0.35035572E-30
  0.26299357E+14  0.21960014E-30 -0.35139906E-30
  0.26372819E+14  0.24592327E-30 -0.35206941E-30
  0.26446281E+14  0.27521266E-30 -0.35068509E-30
  0.26519743E+14  0.30708956E-30 -0.34807376E-30
  0.26593205E+14  0.33538386E-30 -0.34188422E-30
  0.26666667E+14  0.37079339E-30 -0.33585075E-30
  0.26740129E+14  0.40173993E-30 -0.32628020E-30
  0.26813590E+14  0.43759287E-30 -0.31292488E-30
  0.26887052E+14  0.47302614E-30 -0.30183652E-30
  0.26960514E+14  0.50995306E-30 -0.28139512E-30
  0.27033976E+14  0.54868144E-30 -0.26449712E-30
  0.27107438E+14  0.58726042E-30 -0.24038921E-30
  0.27180900E+14  0.63431350E-30 -0.21390738E-30
  0.27254362E+14  0.67321988E-30 -0.18563803E-30
  0.27327824E+14  0.73382391E-30 -0.14694954E-30
  0.27401286E+14  0.79743878E-30 -0.11533052E-30
  0.27474747E+14  0.88437433E-30 -0.71898725E-31
  0.27548209E+14  0.10235417E-29  0.17000329E-30
  0.27621671E+14  0.93653673E-30  0.34010216E-30
  0.27695133E+14  0.86034186E-30  0.45046847E-30
  0.27768595E+14  0.78853798E-30  0.53666069E-30
  0.27842057E+14  0.70591291E-30  0.60517713E-30
  0.27915519E+14  0.62680810E-30  0.66154378E-30
  0.27988981E+14  0.54884992E-30  0.70648954E-30
  0.28062443E+14  0.46528708E-30  0.74207236E-30
  0.28135904E+14  0.38882567E-30  0.76879203E-30
  0.28209366E+14  0.30963485E-30  0.78625705E-30
  0.28282828E+14  0.22759000E-30  0.79643163E-30
  0.28356290E+14  0.15266813E-30  0.79867211E-30
  0.28429752E+14  0.74785639E-31  0.79324913E-30
  0.28503214E+14  0.25876713E-33  0.78061094E-30
  0.28576676E+14 -0.68941853E-31  0.76098158E-30
  0.28650138E+14 -0.14056678E-30  0.73399112E-30
  0.28723600E+14 -0.20571243E-30  0.70082307E-30
  0.28797062E+14 -0.26436228E-30  0.66239917E-30
  0.28870523E+14 -0.32166770E-30  0.61569866E-30
  0.28943985E+14 -0.37294843E-30  0.56371008E-30
  0.29017447E+14 -0.41777176E-30  0.50904170E-30
  0.29090909E+14 -0.45441764E-30  0.44598058E-30
  0.29164371E+14 -0.48479096E-30  0.38138357E-30
  0.29237833E+14 -0.50923717E-30  0.31114783E-30
  0.29311295E+14 -0.52160476E-30  0.23865323E-30
  0.29384757E+14 -0.52459067E-30  0.16474330E-30
  0.29458219E+14 -0.51931114E-30  0.89773806E-31
  0.29531680E+14 -0.49860259E-30  0.16320555E-31
  0.29605142E+14 -0.46637798E-30 -0.52834083E-31
  0.29678604E+14 -0.42004709E-30 -0.11717766E-30
  0.29752066E+14 -0.36844077E-30 -0.16431138E-30
  0.29825528E+14 -0.31360614E-30 -0.20578651E-30
  0.29898990E+14 -0.25226242E-30 -0.23911665E-30
  0.29972452E+14 -0.18487772E-30 -0.26385753E-30
  0.30045914E+14 -0.10775190E-30 -0.27846561E-30
  0.30119376E+14 -0.21551587E-31 -0.27397201E-30
  0.30192837E+14  0.68225458E-31 -0.24598899E-30
  0.30266299E+14  0.16843519E-30 -0.17758209E-30
  0.30339761E+14  0.21584012E-30 -0.21244990E-33
  0.30413223E+14  0.10333157E-30  0.62033132E-31
  0.30486685E+14  0.62496041E-31  0.78154760E-31
  0.30560147E+14  0.30358818E-31  0.88555994E-31
  0.30633609E+14  0.35428741E-32  0.95112922E-31
  0.30707071E+14 -0.22464444E-31  0.96495621E-31
  0.30780533E+14 -0.45386417E-31  0.92665143E-31
  0.30853994E+14 -0.66941485E-31  0.85653454E-31
  0.30927456E+14 -0.87067505E-31  0.72509855E-31
  0.31000918E+14 -0.10250887E-30  0.56963208E-31
  0.31074380E+14 -0.11599327E-30  0.34668645E-31
  0.31147842E+14 -0.12191071E-30  0.10812243E-31
  0.31221304E+14 -0.12117672E-30 -0.15591231E-31
  0.31294766E+14 -0.11479122E-30 -0.37192874E-31
  0.31368228E+14 -0.10624483E-30 -0.59093764E-31
  0.31441690E+14 -0.93913576E-31 -0.79317753E-31
  0.31515152E+14 -0.79138930E-31 -0.97936357E-31
  0.31588613E+14 -0.58928801E-31 -0.11498943E-30
  0.31662075E+14 -0.37849526E-31 -0.12922669E-30
  0.31735537E+14 -0.12336050E-31 -0.14108011E-30
  0.31808999E+14  0.14079679E-31 -0.14953734E-30
  0.31882461E+14  0.45785375E-31 -0.15281527E-30
  0.31955923E+14  0.78623195E-31 -0.15261211E-30
  0.32029385E+14  0.11199987E-30 -0.14666650E-30
  0.32102847E+14  0.14287151E-30 -0.13421652E-30
  0.32176309E+14  0.17916973E-30 -0.11540887E-30
  0.32249770E+14  0.20913527E-30 -0.88380248E-31
  0.32323232E+14  0.23698132E-30 -0.54725149E-31
  0.32396694E+14  0.25673630E-30 -0.12616962E-31
  0.32470156E+14  0.26753042E-30  0.37934279E-31
  0.32543618E+14  0.26215898E-30  0.93103532E-31
  0.32617080E+14  0.23596915E-30  0.14487437E-30
  0.32690542E+14  0.17790564E-30  0.19767305E-30
  0.32764004E+14  0.89966103E-31  0.15625750E-30
  0.32837466E+14  0.91991240E-31  0.10032241E-30
  0.32910927E+14  0.11876004E-30  0.75113020E-31
  0.32984389E+14  0.14949407E-30  0.68347964E-31
  0.33057851E+14  0.17931408E-30  0.75568360E-31
  0.33131313E+14  0.20679317E-30  0.93065888E-31
  0.33204775E+14  0.23239777E-30  0.11509655E-30
  0.33278237E+14  0.25465765E-30  0.14707240E-30
  0.33351699E+14  0.27270614E-30  0.18200141E-30
  0.33425161E+14  0.28758085E-30  0.21975183E-30
  0.33498623E+14  0.30659580E-30  0.25953088E-30
  0.33572084E+14  0.34393723E-30  0.32224823E-30
  0.33645546E+14  0.34427128E-30  0.42400987E-30
  0.33719008E+14  0.31179124E-30  0.51558687E-30
  0.33792470E+14  0.26069592E-30  0.59939731E-30
  0.33865932E+14  0.19428958E-30  0.67486894E-30
  0.33939394E+14  0.11465695E-30  0.74128474E-30
  0.34012856E+14  0.22935630E-31  0.79494938E-30
  0.34086318E+14 -0.78203124E-31  0.83574650E-30
  0.34159780E+14 -0.18699338E-30  0.86170648E-30
  0.34233242E+14 -0.30504756E-30  0.87136232E-30
  0.34306703E+14 -0.42470780E-30  0.86613980E-30
  0.34380165E+14 -0.53640378E-30  0.84518275E-30
  0.34453627E+14 -0.65154615E-30  0.81352569E-30
  0.34527089E+14 -0.75842999E-30  0.76971802E-30
  0.34600551E+14 -0.84739372E-30  0.73493502E-30
  0.34674013E+14 -0.92761628E-30  0.80646800E-30
  0.34747475E+14 -0.13806435E-29  0.73106994E-30
  0.34820937E+14 -0.15732381E-29  0.38885225E-30
  0.34894399E+14 -0.16378172E-29  0.68962002E-31
  0.34967860E+14 -0.16283381E-29 -0.23261784E-30
  0.35041322E+14 -0.15606704E-29 -0.50575216E-30
  0.35114784E+14 -0.14430768E-29 -0.75308689E-30
  0.35188246E+14 -0.12922748E-29 -0.96668497E-30
  0.35261708E+14 -0.11008210E-29 -0.11466775E-29
  0.35335170E+14 -0.88663138E-30 -0.12871670E-29
  0.35408632E+14 -0.64273383E-30 -0.13766607E-29
  0.35482094E+14 -0.38104679E-30 -0.14171925E-29
  0.35555556E+14 -0.10348813E-30 -0.13518211E-29
  0.35629017E+14 -0.38195657E-32 -0.11535214E-29
  0.35702479E+14  0.69843316E-31 -0.11353800E-29
  0.35775941E+14  0.17037983E-30 -0.10921737E-29
  0.35849403E+14  0.26881475E-30 -0.10468210E-29
  0.35922865E+14  0.35986592E-30 -0.98648797E-30
  0.35996327E+14  0.44784659E-30 -0.92389283E-30
  0.36069789E+14  0.52071811E-30 -0.85229339E-30
  0.36143251E+14  0.59154879E-30 -0.77611744E-30
  0.36216713E+14  0.64631262E-30 -0.69724346E-30
  0.36290174E+14  0.69630092E-30 -0.61318675E-30
  0.36363636E+14  0.73440853E-30 -0.53024174E-30
  0.36437098E+14  0.76325901E-30 -0.44304109E-30
  0.36510560E+14  0.78491687E-30 -0.35889814E-30
  0.36584022E+14  0.79514206E-30 -0.27262114E-30
  0.36657484E+14  0.80085330E-30 -0.18968012E-30
  0.36730946E+14  0.79504251E-30 -0.10908167E-30
  0.36804408E+14  0.78471218E-30 -0.30371722E-31
  0.36877870E+14  0.76577733E-30  0.43841374E-31
  0.36951331E+14  0.73999411E-30  0.11564989E-30
  0.37024793E+14  0.70838645E-30  0.18167297E-30
  0.37098255E+14  0.67075851E-30  0.24343388E-30
  0.37171717E+14  0.62976813E-30  0.29999327E-30
  0.37245179E+14  0.58377445E-30  0.35098935E-30
  0.37318641E+14  0.53436348E-30  0.39648649E-30
  0.37392103E+14  0.48192124E-30  0.43592017E-30
  0.37465565E+14  0.42644801E-30  0.46953847E-30
  0.37539027E+14  0.36888248E-30  0.49668195E-30
  0.37612489E+14  0.31094532E-30  0.51783287E-30
  0.37685950E+14  0.25336191E-30  0.53277429E-30
  0.37759412E+14  0.19395789E-30  0.54169010E-30
  0.37832874E+14  0.13649530E-30  0.54520520E-30
  0.37906336E+14  0.79102800E-31  0.54079662E-30
  0.37979798E+14  0.21890421E-31  0.53200673E-30
  0.38053260E+14 -0.31117151E-31  0.51798103E-30
  0.38126722E+14 -0.82865445E-31  0.49796796E-30
  0.38200184E+14 -0.13251938E-30  0.47340281E-30
  0.38273646E+14 -0.17674847E-30  0.44445724E-30
  0.38347107E+14 -0.21620200E-30  0.41012796E-30
  0.38420569E+14 -0.25361872E-30  0.37190429E-30
  0.38494031E+14 -0.28512258E-30  0.33147972E-30
  0.38567493E+14 -0.30863712E-30  0.28776376E-30
  0.38640955E+14 -0.32733500E-30  0.24101895E-30
  0.38714417E+14 -0.34179000E-30  0.19378829E-30
  0.38787879E+14 -0.34983093E-30  0.14555534E-30
  0.38861341E+14 -0.35043503E-30  0.97629179E-31
  0.38934803E+14 -0.34421387E-30  0.50589183E-31
  0.39008264E+14 -0.33150210E-30  0.35754990E-32
  0.39081726E+14 -0.31316660E-30 -0.39746812E-31
  0.39155188E+14 -0.28949948E-30 -0.79901432E-31
  0.39228650E+14 -0.25915439E-30 -0.11548459E-30
  0.39302112E+14 -0.22399129E-30 -0.14552524E-30
  0.39375574E+14 -0.18367988E-30 -0.16888623E-30
  0.39449036E+14 -0.14034847E-30 -0.18350082E-30
  0.39522498E+14 -0.92337000E-31 -0.19011809E-30
  0.39595960E+14 -0.43676599E-31 -0.18450751E-30
  0.39669421E+14  0.17763838E-32 -0.16482303E-30
  0.39742883E+14  0.39225328E-31 -0.13264603E-30
  0.39816345E+14  0.66408635E-31 -0.84231977E-31
  0.39889807E+14  0.59085030E-31 -0.10286399E-31
  0.39963269E+14  0.00000000E+00 -0.23246284E-31
  0.40036731E+14  0.00000000E+00 -0.27926196E-31
  0.40110193E+14  0.00000000E+00 -0.26907041E-31
  0.40183655E+14  0.00000000E+00 -0.24737771E-31
  0.40257117E+14  0.00000000E+00 -0.22373147E-31
  0.40330579E+14  0.00000000E+00 -0.20094602E-31
  0.40404040E+14  0.00000000E+00 -0.17989269E-31
  0.40477502E+14  0.00000000E+00 -0.16076899E-31
  0.40550964E+14  0.00000000E+00 -0.14352140E-31
  0.40624426E+14  0.00000000E+00 -0.12800560E-31
  0.40697888E+14  0.00000000E+00 -0.11405159E-31
  0.40771350E+14  0.00000000E+00 -0.10149075E-31
  0.40844812E+14  0.00000000E+00 -0.90166593E-32
  0.40918274E+14  0.00000000E+00 -0.79938350E-32
  0.40991736E+14  0.00000000E+00 -0.70681380E-32
  0.41065197E+14  0.00000000E+00 -0.62286176E-32
  0.41138659E+14  0.00000000E+00 -0.54656881E-32
  0.41212121E+14  0.00000000E+00 -0.47709685E-32
  0.41285583E+14  0.00000000E+00 -0.41371287E-32
  0.41359045E+14  0.00000000E+00 -0.35577510E-32
  0.41432507E+14  0.00000000E+00 -0.30272061E-32
  0.41505969E+14  0.00000000E+00 -0.25405466E-32
  0.41579431E+14  0.00000000E+00 -0.20934149E-32
  0.41652893E+14  0.00000000E+00 -0.16819636E-32
  0.41726354E+14  0.00000000E+00 -0.13027881E-32
  0.41799816E+14  0.00000000E+00 -0.95286814E-33
  0.41873278E+14  0.00000000E+00 -0.62951879E-33
  0.41946740E+14  0.00000000E+00 -0.33034723E-33
  0.42020202E+14  0.00000000E+00 -0.53216513E-34
  0.42093664E+14  0.00000000E+00  0.20378604E-33
  0.42167126E+14  0.00000000E+00  0.44237592E-33
  0.42240588E+14  0.00000000E+00  0.66409493E-33
  0.42314050E+14  0.00000000E+00  0.87033146E-33
  0.42387511E+14  0.00000000E+00  0.10623381E-32
  0.42460973E+14  0.00000000E+00  0.12412472E-32
  0.42534435E+14  0.00000000E+00  0.14080840E-32
  0.42607897E+14  0.00000000E+00  0.15637783E-32
  0.42681359E+14  0.00000000E+00  0.17091751E-32
  0.42754821E+14  0.00000000E+00  0.18450433E-32
  0.42828283E+14  0.00000000E+00  0.19720836E-32
  0.42901745E+14  0.00000000E+00  0.20909356E-32
  0.42975207E+14  0.00000000E+00  0.22021841E-32
  0.43048669E+14  0.00000000E+00  0.23063643E-32
  0.43122130E+14  0.00000000E+00  0.24039669E-32
  0.43195592E+14  0.00000000E+00  0.24954422E-32
  0.43269054E+14  0.00000000E+00  0.25812041E-32
  0.43342516E+14  0.00000000E+00  0.26616333E-32
  0.43415978E+14  0.00000000E+00  0.27370808E-32
  0.43489440E+14  0.00000000E+00  0.28078701E-32
  0.43562902E+14  0.00000000E+00  0.28743001E-32
  0.43636364E+14  0.00000000E+00  0.29366470E-32
  0.43709826E+14  0.00000000E+00  0.29951664E-32
  0.43783287E+14  0.00000000E+00  0.30500952E-32
  0.43856749E+14  0.00000000E+00  0.31016528E-32
  0.43930211E+14  0.00000000E+00  0.31500432E-32
  0.44003673E+14  0.00000000E+00  0.31954557E-32
  0.44077135E+14  0.00000000E+00  0.32380664E-32
  0.44150597E+14  0.00000000E+00  0.32780392E-32
  0.44224059E+14  0.00000000E+00  0.33155269E-32
  0.44297521E+14  0.00000000E+00  0.33506719E-32
  0.44370983E+14  0.00000000E+00  0.33836069E-32
  0.44444444E+14  0.00000000E+00  0.34144563E-32
  0.44517906E+14  0.00000000E+00  0.34433358E-32
  0.44591368E+14  0.00000000E+00  0.34703542E-32
  0.44664830E+14  0.00000000E+00  0.34956129E-32
  0.44738292E+14  0.00000000E+00  0.35192071E-32
  0.44811754E+14  0.00000000E+00  0.35412262E-32
  0.44885216E+14  0.00000000E+00  0.35617537E-32
  0.44958678E+14  0.00000000E+00  0.35808683E-32
  0.45032140E+14  0.00000000E+00  0.35986439E-32
  0.45105601E+14  0.00000000E+00  0.36151498E-32
  0.45179063E+14  0.00000000E+00  0.36304514E-32
  0.45252525E+14  0.00000000E+00  0.36446101E-32
  0.45325987E+14  0.00000000E+00  0.36576838E-32
  0.45399449E+14  0.00000000E+00  0.36697270E-32
  0.45472911E+14  0.00000000E+00  0.36807913E-32
  0.45546373E+14  0.00000000E+00  0.36909252E-32
  0.45619835E+14  0.00000000E+00  0.37001744E-32
  0.45693297E+14  0.00000000E+00  0.37085823E-32
  0.45766758E+14  0.00000000E+00  0.37161898E-32
  0.45840220E+14  0.00000000E+00  0.37230356E-32
  0.45913682E+14  0.00000000E+00  0.37291562E-32
  0.45987144E+14  0.00000000E+00  0.37345864E-32
  0.46060606E+14  0.00000000E+00  0.37393589E-32
  0.46134068E+14  0.00000000E+00  0.37435047E-32
  0.46207530E+14  0.00000000E+00  0.37470535E-32
  0.46280992E+14  0.00000000E+00  0.37500330E-32
  0.46354454E+14  0.00000000E+00  0.37524699E-32
  0.46427916E+14  0.00000000E+00  0.37543893E-32
  0.46501377E+14  0.00000000E+00  0.37558151E-32
  0.46574839E+14  0.00000000E+00  0.37567699E-32
  0.46648301E+14  0.00000000E+00  0.37572754E-32
  0.46721763E+14  0.00000000E+00  0.37573521E-32
  0.46795225E+14  0.00000000E+00  0.37570196E-32
  0.46868687E+14  0.00000000E+00  0.37562962E-32
  0.46942149E+14  0.00000000E+00  0.37551999E-32
  0.47015611E+14  0.00000000E+00  0.37537473E-32
  0.47089073E+14  0.00000000E+00  0.37519545E-32
  0.47162534E+14  0.00000000E+00  0.37498369E-32
  0.47235996E+14  0.00000000E+00  0.37474089E-32
  0.47309458E+14  0.00000000E+00  0.37446844E-32
  0.47382920E+14  0.00000000E+00  0.37416768E-32
  0.47456382E+14  0.00000000E+00  0.37383987E-32
  0.47529844E+14  0.00000000E+00  0.37348621E-32
  0.47603306E+14  0.00000000E+00  0.37310786E-32
  0.47676768E+14  0.00000000E+00  0.37270592E-32
  0.47750230E+14  0.00000000E+00  0.37228143E-32
  0.47823691E+14  0.00000000E+00  0.37183542E-32
  0.47897153E+14  0.00000000E+00  0.37136883E-32
  0.47970615E+14  0.00000000E+00  0.37088259E-32
  0.48044077E+14  0.00000000E+00  0.37037757E-32
  0.48117539E+14  0.00000000E+00  0.36985463E-32
  0.48191001E+14  0.00000000E+00  0.36931456E-32
  0.48264463E+14  0.00000000E+00  0.36875813E-32
  0.48337925E+14  0.00000000E+00  0.36818609E-32
  0.48411387E+14  0.00000000E+00  0.36759913E-32
  0.48484848E+14  0.00000000E+00  0.36699795E-32
  0.48558310E+14  0.00000000E+00  0.36638318E-32
  0.48631772E+14  0.00000000E+00  0.36575546E-32
  0.48705234E+14  0.00000000E+00  0.36511537E-32
  0.48778696E+14  0.00000000E+00  0.36446349E-32
  0.48852158E+14  0.00000000E+00  0.36380037E-32
  0.48925620E+14  0.00000000E+00  0.36312653E-32
  0.48999082E+14  0.00000000E+00  0.36244248E-32
  0.49072544E+14  0.00000000E+00  0.36174871E-32
  0.49146006E+14  0.00000000E+00  0.36104567E-32
  0.49219467E+14  0.00000000E+00  0.36033383E-32
  0.49292929E+14  0.00000000E+00  0.35961360E-32
  0.49366391E+14  0.00000000E+00  0.35888539E-32
  0.49439853E+14  0.00000000E+00  0.35814962E-32
  0.49513315E+14  0.00000000E+00  0.35740664E-32
  0.49586777E+14  0.00000000E+00  0.35665684E-32
  0.49660239E+14  0.00000000E+00  0.35590055E-32
  0.49733701E+14  0.00000000E+00  0.35513813E-32
  0.49807163E+14  0.00000000E+00  0.35436989E-32
  0.49880624E+14  0.00000000E+00  0.35359614E-32
  0.49954086E+14  0.00000000E+00  0.35281720E-32
  0.50027548E+14  0.00000000E+00  0.35203333E-32
  0.50101010E+14  0.00000000E+00  0.35124483E-32
  0.50174472E+14  0.00000000E+00  0.35045196E-32
  0.50247934E+14  0.00000000E+00  0.34965497E-32
  0.50321396E+14  0.00000000E+00  0.34885412E-32
  0.50394858E+14  0.00000000E+00  0.34804964E-32
  0.50468320E+14  0.00000000E+00  0.34724176E-32
  0.50541781E+14  0.00000000E+00  0.34643070E-32
  0.50615243E+14  0.00000000E+00  0.34561668E-32
  0.50688705E+14  0.00000000E+00  0.34479989E-32
  0.50762167E+14  0.00000000E+00  0.34398054E-32
  0.50835629E+14  0.00000000E+00  0.34315882E-32
  0.50909091E+14  0.00000000E+00  0.34233490E-32
  0.50982553E+14  0.00000000E+00  0.34150897E-32
  0.51056015E+14  0.00000000E+00  0.34068119E-32
  0.51129477E+14  0.00000000E+00  0.33985172E-32
  0.51202938E+14  0.00000000E+00  0.33902073E-32
  0.51276400E+14  0.00000000E+00  0.33818836E-32
  0.51349862E+14  0.00000000E+00  0.33735476E-32
  0.51423324E+14  0.00000000E+00  0.33652006E-32
  0.51496786E+14  0.00000000E+00  0.33568442E-32
  0.51570248E+14  0.00000000E+00  0.33484795E-32
  0.51643710E+14  0.00000000E+00  0.33401078E-32
  0.51717172E+14  0.00000000E+00  0.33317303E-32
  0.51790634E+14  0.00000000E+00  0.33233483E-32
  0.51864096E+14  0.00000000E+00  0.33149627E-32
  0.51937557E+14  0.00000000E+00  0.33065747E-32
  0.52011019E+14  0.00000000E+00  0.32981854E-32
  0.52084481E+14  0.00000000E+00  0.32897957E-32
  0.52157943E+14  0.00000000E+00  0.32814066E-32
  0.52231405E+14  0.00000000E+00  0.32730191E-32
  0.52304867E+14  0.00000000E+00  0.32646340E-32
  0.52378329E+14  0.00000000E+00  0.32562522E-32
  0.52451791E+14  0.00000000E+00  0.32478746E-32
  0.52525253E+14  0.00000000E+00  0.32395019E-32
  0.52598714E+14  0.00000000E+00  0.32311349E-32
  0.52672176E+14  0.00000000E+00  0.32227744E-32
  0.52745638E+14  0.00000000E+00  0.32144211E-32
  0.52819100E+14  0.00000000E+00  0.32060756E-32
  0.52892562E+14  0.00000000E+00  0.31977387E-32
  0.52966024E+14  0.00000000E+00  0.31894110E-32
  0.53039486E+14  0.00000000E+00  0.31810931E-32
  0.53112948E+14  0.00000000E+00  0.31727856E-32
  0.53186410E+14  0.00000000E+00  0.31644890E-32
  0.53259871E+14  0.00000000E+00  0.31562040E-32
  0.53333333E+14  0.00000000E+00  0.31479310E-32
  0.53406795E+14  0.00000000E+00  0.31396706E-32
  0.53480257E+14  0.00000000E+00  0.31314232E-32
  0.53553719E+14  0.00000000E+00  0.31231894E-32
  0.53627181E+14  0.00000000E+00  0.31149695E-32
  0.53700643E+14  0.00000000E+00  0.31067641E-32
  0.53774105E+14  0.00000000E+00  0.30985735E-32
  0.53847567E+14  0.00000000E+00  0.30903981E-32
  0.53921028E+14  0.00000000E+00  0.30822384E-32
  0.53994490E+14  0.00000000E+00  0.30740946E-32
  0.54067952E+14  0.00000000E+00  0.30659673E-32
  0.54141414E+14  0.00000000E+00  0.30578566E-32
  0.54214876E+14  0.00000000E+00  0.30497629E-32
  0.54288338E+14  0.00000000E+00  0.30416866E-32
  0.54361800E+14  0.00000000E+00  0.30336280E-32
  0.54435262E+14  0.00000000E+00  0.30255873E-32
  0.54508724E+14  0.00000000E+00  0.30175648E-32
  0.54582185E+14  0.00000000E+00  0.30095608E-32
  0.54655647E+14  0.00000000E+00  0.30015756E-32
  0.54729109E+14  0.00000000E+00  0.29936094E-32
  0.54802571E+14  0.00000000E+00  0.29856623E-32
  0.54876033E+14  0.00000000E+00  0.29777348E-32
  0.54949495E+14  0.00000000E+00  0.29698269E-32
  0.55022957E+14  0.00000000E+00  0.29619389E-32
  0.55096419E+14  0.00000000E+00  0.29540709E-32
  0.55169881E+14  0.00000000E+00  0.29462232E-32
  0.55243343E+14  0.00000000E+00  0.29383959E-32
  0.55316804E+14  0.00000000E+00  0.29305893E-32
  0.55390266E+14  0.00000000E+00  0.29228034E-32
  0.55463728E+14  0.00000000E+00  0.29150384E-32
  0.55537190E+14  0.00000000E+00  0.29072945E-32
  0.55610652E+14  0.00000000E+00  0.28995718E-32
  0.55684114E+14  0.00000000E+00  0.28918704E-32
  0.55757576E+14  0.00000000E+00  0.28841905E-32
  0.55831038E+14  0.00000000E+00  0.28765322E-32
  0.55904500E+14  0.00000000E+00  0.28688955E-32
  0.55977961E+14  0.00000000E+00  0.28612807E-32
  0.56051423E+14  0.00000000E+00  0.28536877E-32
  0.56124885E+14  0.00000000E+00  0.28461168E-32
  0.56198347E+14  0.00000000E+00  0.28385679E-32
  0.56271809E+14  0.00000000E+00  0.28310412E-32
  0.56345271E+14  0.00000000E+00  0.28235367E-32
  0.56418733E+14  0.00000000E+00  0.28160546E-32
  0.56492195E+14  0.00000000E+00  0.28085948E-32
  0.56565657E+14  0.00000000E+00  0.28011574E-32
  0.56639118E+14  0.00000000E+00  0.27937426E-32
  0.56712580E+14  0.00000000E+00  0.27863503E-32
  0.56786042E+14  0.00000000E+00  0.27789806E-32
  0.56859504E+14  0.00000000E+00  0.27716335E-32
  0.56932966E+14  0.00000000E+00  0.27643091E-32
  0.57006428E+14  0.00000000E+00  0.27570074E-32
  0.57079890E+14  0.00000000E+00  0.27497285E-32
  0.57153352E+14  0.00000000E+00  0.27424724E-32
  0.57226814E+14  0.00000000E+00  0.27352390E-32
  0.57300275E+14  0.00000000E+00  0.27280285E-32
  0.57373737E+14  0.00000000E+00  0.27208409E-32
  0.57447199E+14  0.00000000E+00  0.27136761E-32
  0.57520661E+14  0.00000000E+00  0.27065341E-32
  0.57594123E+14  0.00000000E+00  0.26994151E-32
  0.57667585E+14  0.00000000E+00  0.26923189E-32
  0.57741047E+14  0.00000000E+00  0.26852456E-32
  0.57814509E+14  0.00000000E+00  0.26781952E-32
  0.57887971E+14  0.00000000E+00  0.26711677E-32
  0.57961433E+14  0.00000000E+00  0.26641630E-32
  0.58034894E+14  0.00000000E+00  0.26571812E-32
  0.58108356E+14  0.00000000E+00  0.26502223E-32
  0.58181818E+14  0.00000000E+00  0.26432863E-32
  0.58255280E+14  0.00000000E+00  0.26363730E-32
  0.58328742E+14  0.00000000E+00  0.26294826E-32
  0.58402204E+14  0.00000000E+00  0.26226150E-32
  0.58475666E+14  0.00000000E+00  0.26157701E-32
  0.58549128E+14  0.00000000E+00  0.26089480E-32
  0.58622590E+14  0.00000000E+00  0.26021486E-32
  0.58696051E+14  0.00000000E+00  0.25953719E-32
  0.58769513E+14  0.00000000E+00  0.25886179E-32
  0.58842975E+14  0.00000000E+00  0.25818866E-32
  0.58916437E+14  0.00000000E+00  0.25751778E-32
  0.58989899E+14  0.00000000E+00  0.25684916E-32
  0.59063361E+14  0.00000000E+00  0.25618279E-32
  0.59136823E+14  0.00000000E+00  0.25551868E-32
  0.59210285E+14  0.00000000E+00  0.25485681E-32
  0.59283747E+14  0.00000000E+00  0.25419718E-32
  0.59357208E+14  0.00000000E+00  0.25353979E-32
  0.59430670E+14  0.00000000E+00  0.25288463E-32
  0.59504132E+14  0.00000000E+00  0.25223170E-32
  0.59577594E+14  0.00000000E+00  0.25158100E-32
  0.59651056E+14  0.00000000E+00  0.25093251E-32
  0.59724518E+14  0.00000000E+00  0.25028625E-32
  0.59797980E+14  0.00000000E+00  0.24964219E-32
  0.59871442E+14  0.00000000E+00  0.24900034E-32
  0.59944904E+14  0.00000000E+00  0.24836068E-32
  0.60018365E+14  0.00000000E+00  0.24772323E-32
  0.60091827E+14  0.00000000E+00  0.24708796E-32
  0.60165289E+14  0.00000000E+00  0.24645488E-32
  0.60238751E+14  0.00000000E+00  0.24582398E-32
  0.60312213E+14  0.00000000E+00  0.24519525E-32
  0.60385675E+14  0.00000000E+00  0.24456869E-32
  0.60459137E+14  0.00000000E+00  0.24394429E-32
  0.60532599E+14  0.00000000E+00  0.24332204E-32
  0.60606061E+14  0.00000000E+00  0.24270195E-32
  0.60679522E+14  0.00000000E+00  0.24208401E-32
  0.60752984E+14  0.00000000E+00  0.24146820E-32
  0.60826446E+14  0.00000000E+00  0.24085452E-32
  0.60899908E+14  0.00000000E+00  0.24024298E-32
  0.60973370E+14  0.00000000E+00  0.23963355E-32
  0.61046832E+14  0.00000000E+00  0.23902624E-32
  0.61120294E+14  0.00000000E+00  0.23842103E-32
  0.61193756E+14  0.00000000E+00  0.23781793E-32
  0.61267218E+14  0.00000000E+00  0.23721692E-32
  0.61340680E+14  0.00000000E+00  0.23661800E-32
  0.61414141E+14  0.00000000E+00  0.23602117E-32
  0.61487603E+14  0.00000000E+00  0.23542641E-32
  0.61561065E+14  0.00000000E+00  0.23483372E-32
  0.61634527E+14  0.00000000E+00  0.23424310E-32
  0.61707989E+14  0.00000000E+00  0.23365453E-32
  0.61781451E+14  0.00000000E+00  0.23306801E-32
  0.61854913E+14  0.00000000E+00  0.23248353E-32
  0.61928375E+14  0.00000000E+00  0.23190109E-32
  0.62001837E+14  0.00000000E+00  0.23132069E-32
  0.62075298E+14  0.00000000E+00  0.23074230E-32
  0.62148760E+14  0.00000000E+00  0.23016593E-32
  0.62222222E+14  0.00000000E+00  0.22959157E-32
  0.62295684E+14  0.00000000E+00  0.22901922E-32
  0.62369146E+14  0.00000000E+00  0.22844886E-32
  0.62442608E+14  0.00000000E+00  0.22788049E-32
  0.62516070E+14  0.00000000E+00  0.22731410E-32
  0.62589532E+14  0.00000000E+00  0.22674969E-32
  0.62662994E+14  0.00000000E+00  0.22618724E-32
  0.62736455E+14  0.00000000E+00  0.22562676E-32
  0.62809917E+14  0.00000000E+00  0.22506823E-32
  0.62883379E+14  0.00000000E+00  0.22451165E-32
  0.62956841E+14  0.00000000E+00  0.22395702E-32
  0.63030303E+14  0.00000000E+00  0.22340431E-32
  0.63103765E+14  0.00000000E+00  0.22285354E-32
  0.63177227E+14  0.00000000E+00  0.22230468E-32
  0.63250689E+14  0.00000000E+00  0.22175773E-32
  0.63324151E+14  0.00000000E+00  0.22121270E-32
  0.63397612E+14  0.00000000E+00  0.22066956E-32
  0.63471074E+14  0.00000000E+00  0.22012831E-32
  0.63544536E+14  0.00000000E+00  0.21958895E-32
  0.63617998E+14  0.00000000E+00  0.21905147E-32
  0.63691460E+14  0.00000000E+00  0.21851586E-32
  0.63764922E+14  0.00000000E+00  0.21798211E-32
  0.63838384E+14  0.00000000E+00  0.21745022E-32
  0.63911846E+14  0.00000000E+00  0.21692018E-32
  0.63985308E+14  0.00000000E+00  0.21639199E-32
  0.64058770E+14  0.00000000E+00  0.21586563E-32
  0.64132231E+14  0.00000000E+00  0.21534110E-32
  0.64205693E+14  0.00000000E+00  0.21481839E-32
  0.64279155E+14  0.00000000E+00  0.21429750E-32
  0.64352617E+14  0.00000000E+00  0.21377841E-32
  0.64426079E+14  0.00000000E+00  0.21326113E-32
  0.64499541E+14  0.00000000E+00  0.21274565E-32
  0.64573003E+14  0.00000000E+00  0.21223195E-32
  0.64646465E+14  0.00000000E+00  0.21172003E-32
  0.64719927E+14  0.00000000E+00  0.21120989E-32
  0.64793388E+14  0.00000000E+00  0.21070151E-32
  0.64866850E+14  0.00000000E+00  0.21019489E-32
  0.64940312E+14  0.00000000E+00  0.20969003E-32
  0.65013774E+14  0.00000000E+00  0.20918691E-32
  0.65087236E+14  0.00000000E+00  0.20868554E-32
  0.65160698E+14  0.00000000E+00  0.20818589E-32
  0.65234160E+14  0.00000000E+00  0.20768798E-32
  0.65307622E+14  0.00000000E+00  0.20719178E-32
  0.65381084E+14  0.00000000E+00  0.20669729E-32
  0.65454545E+14  0.00000000E+00  0.20620451E-32
  0.65528007E+14  0.00000000E+00  0.20571343E-32
  0.65601469E+14  0.00000000E+00  0.20522404E-32
  0.65674931E+14  0.00000000E+00  0.20473634E-32
  0.65748393E+14  0.00000000E+00  0.20425031E-32
  0.65821855E+14  0.00000000E+00  0.20376596E-32
  0.65895317E+14  0.00000000E+00  0.20328328E-32
  0.65968779E+14  0.00000000E+00  0.20280225E-32
  0.66042241E+14  0.00000000E+00  0.20232287E-32
  0.66115702E+14  0.00000000E+00  0.20184514E-32
  0.66189164E+14  0.00000000E+00  0.20136905E-32
  0.66262626E+14  0.00000000E+00  0.20089459E-32
  0.66336088E+14  0.00000000E+00  0.20042176E-32
  0.66409550E+14  0.00000000E+00  0.19995054E-32
  0.66483012E+14  0.00000000E+00  0.19948094E-32
  0.66556474E+14  0.00000000E+00  0.19901294E-32
  0.66629936E+14  0.00000000E+00  0.19854655E-32
  0.66703398E+14  0.00000000E+00  0.19808175E-32
  0.66776860E+14  0.00000000E+00  0.19761853E-32
  0.66850321E+14  0.00000000E+00  0.19715689E-32
  0.66923783E+14  0.00000000E+00  0.19669683E-32
  0.66997245E+14  0.00000000E+00  0.19623834E-32
  0.67070707E+14  0.00000000E+00  0.19578140E-32
  0.67144169E+14  0.00000000E+00  0.19532602E-32
  0.67217631E+14  0.00000000E+00  0.19487219E-32
  0.67291093E+14  0.00000000E+00  0.19441990E-32
  0.67364555E+14  0.00000000E+00  0.19396915E-32
  0.67438017E+14  0.00000000E+00  0.19351993E-32
  0.67511478E+14  0.00000000E+00  0.19307223E-32
  0.67584940E+14  0.00000000E+00  0.19262605E-32
  0.67658402E+14  0.00000000E+00  0.19218137E-32
  0.67731864E+14  0.00000000E+00  0.19173821E-32
  0.67805326E+14  0.00000000E+00  0.19129654E-32
  0.67878788E+14  0.00000000E+00  0.19085636E-32
  0.67952250E+14  0.00000000E+00  0.19041767E-32
  0.68025712E+14  0.00000000E+00  0.18998046E-32
  0.68099174E+14  0.00000000E+00  0.18954472E-32
  0.68172635E+14  0.00000000E+00  0.18911045E-32
  0.68246097E+14  0.00000000E+00  0.18867765E-32
  0.68319559E+14  0.00000000E+00  0.18824630E-32
  0.68393021E+14  0.00000000E+00  0.18781639E-32
  0.68466483E+14  0.00000000E+00  0.18738794E-32
  0.68539945E+14  0.00000000E+00  0.18696092E-32
  0.68613407E+14  0.00000000E+00  0.18653533E-32
  0.68686869E+14  0.00000000E+00  0.18611117E-32
  0.68760331E+14  0.00000000E+00  0.18568843E-32
  0.68833792E+14  0.00000000E+00  0.18526710E-32
  0.68907254E+14  0.00000000E+00  0.18484719E-32
  0.68980716E+14  0.00000000E+00  0.18442867E-32
  0.69054178E+14  0.00000000E+00  0.18401156E-32
  0.69127640E+14  0.00000000E+00  0.18359583E-32
  0.69201102E+14  0.00000000E+00  0.18318149E-32
  0.69274564E+14  0.00000000E+00  0.18276853E-32
  0.69348026E+14  0.00000000E+00  0.18235694E-32
  0.69421488E+14  0.00000000E+00  0.18194672E-32
  0.69494949E+14  0.00000000E+00  0.18153787E-32
  0.69568411E+14  0.00000000E+00  0.18113037E-32
  0.69641873E+14  0.00000000E+00  0.18072422E-32
  0.69715335E+14  0.00000000E+00  0.18031942E-32
  0.69788797E+14  0.00000000E+00  0.17991596E-32
  0.69862259E+14  0.00000000E+00  0.17951384E-32
  0.69935721E+14  0.00000000E+00  0.17911304E-32
  0.70009183E+14  0.00000000E+00  0.17871357E-32
  0.70082645E+14  0.00000000E+00  0.17831542E-32
  0.70156107E+14  0.00000000E+00  0.17791857E-32
  0.70229568E+14  0.00000000E+00  0.17752304E-32
  0.70303030E+14  0.00000000E+00  0.17712881E-32
  0.70376492E+14  0.00000000E+00  0.17673588E-32
  0.70449954E+14  0.00000000E+00  0.17634423E-32
  0.70523416E+14  0.00000000E+00  0.17595388E-32
  0.70596878E+14  0.00000000E+00  0.17556480E-32
  0.70670340E+14  0.00000000E+00  0.17517700E-32
  0.70743802E+14  0.00000000E+00  0.17479047E-32
  0.70817264E+14  0.00000000E+00  0.17440521E-32
  0.70890725E+14  0.00000000E+00  0.17402120E-32
  0.70964187E+14  0.00000000E+00  0.17363845E-32
  0.71037649E+14  0.00000000E+00  0.17325695E-32
  0.71111111E+14  0.00000000E+00  0.17287670E-32
  0.71184573E+14  0.00000000E+00  0.17249768E-32
  0.71258035E+14  0.00000000E+00  0.17211990E-32
  0.71331497E+14  0.00000000E+00  0.17174334E-32
  0.71404959E+14  0.00000000E+00  0.17136801E-32
  0.71478421E+14  0.00000000E+00  0.17099390E-32
  0.71551882E+14  0.00000000E+00  0.17062100E-32
  0.71625344E+14  0.00000000E+00  0.17024931E-32
  0.71698806E+14  0.00000000E+00  0.16987883E-32
  0.71772268E+14  0.00000000E+00  0.16950954E-32
  0.71845730E+14  0.00000000E+00  0.16914145E-32
  0.71919192E+14  0.00000000E+00  0.16877455E-32
  0.71992654E+14  0.00000000E+00  0.16840883E-32
  0.72066116E+14  0.00000000E+00  0.16804429E-32
  0.72139578E+14  0.00000000E+00  0.16768093E-32
  0.72213039E+14  0.00000000E+00  0.16731873E-32
  0.72286501E+14  0.00000000E+00  0.16695770E-32
  0.72359963E+14  0.00000000E+00  0.16659783E-32
  0.72433425E+14  0.00000000E+00  0.16623912E-32
  0.72506887E+14  0.00000000E+00  0.16588156E-32
  0.72580349E+14  0.00000000E+00  0.16552514E-32
  0.72653811E+14  0.00000000E+00  0.16516986E-32
  0.72727273E+14  0.00000000E+00  0.16481572E-32
  0.72800735E+14  0.00000000E+00  0.16446271E-32
  0.72874197E+14  0.00000000E+00  0.16411083E-32
  0.72947658E+14  0.00000000E+00  0.16376008E-32
  0.73021120E+14  0.00000000E+00  0.16341044E-32
  0.73094582E+14  0.00000000E+00  0.16306191E-32
  0.73168044E+14  0.00000000E+00  0.16271449E-32
  0.73241506E+14  0.00000000E+00  0.16236818E-32
  0.73314968E+14  0.00000000E+00  0.16202297E-32
  0.73388430E+14  0.00000000E+00  0.16167885E-32
  0.73461892E+14  0.00000000E+00  0.16133582E-32
  0.73535354E+14  0.00000000E+00  0.16099388E-32
  0.73608815E+14  0.00000000E+00  0.16065302E-32
  0.73682277E+14  0.00000000E+00  0.16031324E-32
  0.73755739E+14  0.00000000E+00  0.15997454E-32
  0.73829201E+14  0.00000000E+00  0.15963690E-32
  0.73902663E+14  0.00000000E+00  0.15930033E-32
  0.73976125E+14  0.00000000E+00  0.15896481E-32
  0.74049587E+14  0.00000000E+00  0.15863036E-32
  0.74123049E+14  0.00000000E+00  0.15829695E-32
  0.74196511E+14  0.00000000E+00  0.15796459E-32
  0.74269972E+14  0.00000000E+00  0.15763328E-32
  0.74343434E+14  0.00000000E+00  0.15730300E-32
  0.74416896E+14  0.00000000E+00  0.15697376E-32
  0.74490358E+14  0.00000000E+00  0.15664555E-32
  0.74563820E+14  0.00000000E+00  0.15631837E-32
  0.74637282E+14  0.00000000E+00  0.15599220E-32
  0.74710744E+14  0.00000000E+00  0.15566706E-32
  0.74784206E+14  0.00000000E+00  0.15534293E-32
  0.74857668E+14  0.00000000E+00  0.15501981E-32
  0.74931129E+14  0.00000000E+00  0.15469770E-32
  0.75004591E+14  0.00000000E+00  0.15437659E-32
  0.75078053E+14  0.00000000E+00  0.15405647E-32
  0.75151515E+14  0.00000000E+00  0.15373735E-32
  0.75224977E+14  0.00000000E+00  0.15341922E-32
  0.75298439E+14  0.00000000E+00  0.15310208E-32
  0.75371901E+14  0.00000000E+00  0.15278591E-32
  0.75445363E+14  0.00000000E+00  0.15247073E-32
  0.75518825E+14  0.00000000E+00  0.15215652E-32
  0.75592287E+14  0.00000000E+00  0.15184327E-32
  0.75665748E+14  0.00000000E+00  0.15153100E-32
  0.75739210E+14  0.00000000E+00  0.15121969E-32
  0.75812672E+14  0.00000000E+00  0.15090933E-32
  0.75886134E+14  0.00000000E+00  0.15059993E-32
  0.75959596E+14  0.00000000E+00  0.15029148E-32
  0.76033058E+14  0.00000000E+00  0.14998398E-32
  0.76106520E+14  0.00000000E+00  0.14967742E-32
  0.76179982E+14  0.00000000E+00  0.14937180E-32
  0.76253444E+14  0.00000000E+00  0.14906712E-32
  0.76326905E+14  0.00000000E+00  0.14876337E-32
  0.76400367E+14  0.00000000E+00  0.14846054E-32
  0.76473829E+14  0.00000000E+00  0.14815864E-32
  0.76547291E+14  0.00000000E+00  0.14785767E-32
  0.76620753E+14  0.00000000E+00  0.14755760E-32
  0.76694215E+14  0.00000000E+00  0.14725846E-32
  0.76767677E+14  0.00000000E+00  0.14696022E-32
  0.76841139E+14  0.00000000E+00  0.14666289E-32
  0.76914601E+14  0.00000000E+00  0.14636646E-32
  0.76988062E+14  0.00000000E+00  0.14607093E-32
  0.77061524E+14  0.00000000E+00  0.14577630E-32
  0.77134986E+14  0.00000000E+00  0.14548255E-32
  0.77208448E+14  0.00000000E+00  0.14518970E-32
  0.77281910E+14  0.00000000E+00  0.14489773E-32
  0.77355372E+14  0.00000000E+00  0.14460664E-32
  0.77428834E+14  0.00000000E+00  0.14431644E-32
  0.77502296E+14  0.00000000E+00  0.14402710E-32
  0.77575758E+14  0.00000000E+00  0.14373864E-32
  0.77649219E+14  0.00000000E+00  0.14345104E-32
  0.77722681E+14  0.00000000E+00  0.14316431E-32
  0.77796143E+14  0.00000000E+00  0.14287844E-32
  0.77869605E+14  0.00000000E+00  0.14259343E-32
  0.77943067E+14  0.00000000E+00  0.14230927E-32
  0.78016529E+14  0.00000000E+00  0.14202596E-32
  0.78089991E+14  0.00000000E+00  0.14174350E-32
  0.78163453E+14  0.00000000E+00  0.14146188E-32
  0.78236915E+14  0.00000000E+00  0.14118111E-32
  0.78310376E+14  0.00000000E+00  0.14090117E-32
  0.78383838E+14  0.00000000E+00  0.14062207E-32
  0.78457300E+14  0.00000000E+00  0.14034379E-32
  0.78530762E+14  0.00000000E+00  0.14006635E-32
  0.78604224E+14  0.00000000E+00  0.13978973E-32
  0.78677686E+14  0.00000000E+00  0.13951393E-32
  0.78751148E+14  0.00000000E+00  0.13923895E-32
  0.78824610E+14  0.00000000E+00  0.13896478E-32
  0.78898072E+14  0.00000000E+00  0.13869142E-32
  0.78971534E+14  0.00000000E+00  0.13841888E-32
  0.79044995E+14  0.00000000E+00  0.13814714E-32
  0.79118457E+14  0.00000000E+00  0.13787620E-32
  0.79191919E+14  0.00000000E+00  0.13760606E-32
  0.79265381E+14  0.00000000E+00  0.13733672E-32
  0.79338843E+14  0.00000000E+00  0.13706817E-32
  0.79412305E+14  0.00000000E+00  0.13680041E-32
  0.79485767E+14  0.00000000E+00  0.13653343E-32
  0.79559229E+14  0.00000000E+00  0.13626724E-32
  0.79632691E+14  0.00000000E+00  0.13600183E-32
  0.79706152E+14  0.00000000E+00  0.13573720E-32
  0.79779614E+14  0.00000000E+00  0.13547335E-32
  0.79853076E+14  0.00000000E+00  0.13521026E-32
  0.79926538E+14  0.00000000E+00  0.13494795E-32
  0.80000000E+14  0.00000000E+00  0.13468640E-32
