  0.73461892E+11 -0.97036922E-32  0.13555634E-30
  0.14692378E+12 -0.15572393E-31  0.13041714E-30
  0.22038567E+12 -0.22495564E-31  0.12220003E-30
  0.29384757E+12 -0.20157110E-31  0.11285005E-30
  0.36730946E+12 -0.16676308E-31  0.11357256E-30
  0.44077135E+12 -0.17380186E-31  0.11532390E-30
  0.51423324E+12 -0.24277425E-31  0.11546449E-30
  0.58769513E+12 -0.26016623E-31  0.10767973E-30
  0.66115702E+12 -0.19353241E-31  0.10638684E-30
  0.73461892E+12 -0.20030701E-31  0.11239515E-30
  0.80808081E+12 -0.27465418E-31  0.11454882E-30
  0.88154270E+12 -0.34097737E-31  0.10775379E-30
  0.95500459E+12 -0.30327425E-31  0.10135816E-30
  0.10284665E+13 -0.25331798E-31  0.10531922E-30
  0.11019284E+13 -0.30075138E-31  0.10990738E-30
  0.11753903E+13 -0.37765270E-31  0.10742226E-30
  0.12488522E+13 -0.37134340E-31  0.10109774E-30
  0.13223140E+13 -0.33409608E-31  0.10124805E-30
  0.13957759E+13 -0.35846860E-31  0.10541928E-30
  0.14692378E+13 -0.41316942E-31  0.10486026E-30
  0.15426997E+13 -0.43348757E-31  0.99657593E-31
  0.16161616E+13 -0.41515543E-31  0.97728395E-31
  0.16896235E+13 -0.40561103E-31  0.10044524E-30
  0.17630854E+13 -0.44720169E-31  0.10216440E-30
  0.18365473E+13 -0.49961052E-31  0.99658570E-31
  0.19100092E+13 -0.49698418E-31  0.95144514E-31
  0.19834711E+13 -0.46687192E-31  0.94968614E-31
  0.20569330E+13 -0.48768474E-31  0.98255328E-31
  0.21303949E+13 -0.54377239E-31  0.97866636E-31
  0.22038567E+13 -0.56335001E-31  0.93012393E-31
  0.22773186E+13 -0.54288780E-31  0.91178699E-31
  0.23507805E+13 -0.54378275E-31  0.93885285E-31
  0.24242424E+13 -0.58878405E-31  0.94939335E-31
  0.24977043E+13 -0.62665700E-31  0.90367885E-31
  0.25711662E+13 -0.60879811E-31  0.87336852E-31
  0.26446281E+13 -0.59929374E-31  0.89786152E-31
  0.27180900E+13 -0.64360801E-31  0.90995926E-31
  0.27915519E+13 -0.68673055E-31  0.86939048E-31
  0.28650138E+13 -0.66782965E-31  0.83746391E-31
  0.29384757E+13 -0.65680674E-31  0.85623211E-31
  0.30119376E+13 -0.69785926E-31  0.86579875E-31
  0.30853994E+13 -0.74183455E-31  0.83854513E-31
  0.31588613E+13 -0.73988060E-31  0.79998965E-31
  0.32323232E+13 -0.71846430E-31  0.79788083E-31
  0.33057851E+13 -0.74363124E-31  0.81650745E-31
  0.33792470E+13 -0.79077967E-31  0.80273455E-31
  0.34527089E+13 -0.79859290E-31  0.75830567E-31
  0.35261708E+13 -0.77996733E-31  0.74970182E-31
  0.35996327E+13 -0.80170600E-31  0.76829205E-31
  0.36730946E+13 -0.84608051E-31  0.75254128E-31
  0.37465565E+13 -0.85471736E-31  0.70633735E-31
  0.38200184E+13 -0.83408832E-31  0.69602250E-31
  0.38934803E+13 -0.85479484E-31  0.72035027E-31
  0.39669421E+13 -0.90566334E-31  0.70104429E-31
  0.40404040E+13 -0.90903571E-31  0.64837009E-31
  0.41138659E+13 -0.88784487E-31  0.64367049E-31
  0.41873278E+13 -0.91502109E-31  0.66113791E-31
  0.42607897E+13 -0.95630998E-31  0.63641329E-31
  0.43342516E+13 -0.95973607E-31  0.59491326E-31
  0.44077135E+13 -0.94507099E-31  0.58489544E-31
  0.44811754E+13 -0.96783802E-31  0.59685368E-31
  0.45546373E+13 -0.10108820E-30  0.57090073E-31
  0.46280992E+13 -0.10082912E-30  0.52655525E-31
  0.47015611E+13 -0.99443017E-31  0.52647151E-31
  0.47750230E+13 -0.10287202E-30  0.53107192E-31
  0.48484848E+13 -0.10608434E-30  0.49123086E-31
  0.49219467E+13 -0.10499218E-30  0.45580214E-31
  0.49954086E+13 -0.10467478E-30  0.46162185E-31
  0.50688705E+13 -0.10854231E-30  0.45328590E-31
  0.51423324E+13 -0.11031391E-30  0.40915802E-31
  0.52157943E+13 -0.10913512E-30  0.38878056E-31
  0.52892562E+13 -0.11074211E-30  0.38692874E-31
  0.53627181E+13 -0.11350964E-30  0.36000766E-31
  0.54361800E+13 -0.11394373E-30  0.32463482E-31
  0.55096419E+13 -0.11360329E-30  0.31353839E-31
  0.55831038E+13 -0.11623768E-30  0.30152385E-31
  0.56565657E+13 -0.11776782E-30  0.26378724E-31
  0.57300275E+13 -0.11745050E-30  0.23969847E-31
  0.58034894E+13 -0.11880683E-30  0.22507777E-31
  0.58769513E+13 -0.12037870E-30  0.19748152E-31
  0.59504132E+13 -0.12100497E-30  0.16907947E-31
  0.60238751E+13 -0.12183075E-30  0.14801419E-31
  0.60973370E+13 -0.12311699E-30  0.11947925E-31
  0.61707989E+13 -0.12362894E-30  0.92333571E-32
  0.62442608E+13 -0.12485154E-30  0.67060779E-32
  0.63177227E+13 -0.12553331E-30  0.35543093E-32
  0.63911846E+13 -0.12629959E-30  0.10525132E-32
  0.64646465E+13 -0.12744576E-30 -0.20732507E-32
  0.65381084E+13 -0.12803046E-30 -0.53895078E-32
  0.66115702E+13 -0.12833106E-30 -0.83515357E-32
  0.66850321E+13 -0.12940724E-30 -0.11222936E-31
  0.67584940E+13 -0.13008184E-30 -0.14944450E-31
  0.68319559E+13 -0.13046013E-30 -0.18123800E-31
  0.69054178E+13 -0.13125551E-30 -0.21751368E-31
  0.69788797E+13 -0.13159681E-30 -0.25350014E-31
  0.70523416E+13 -0.13193741E-30 -0.29263754E-31
  0.71258035E+13 -0.13224433E-30 -0.32698065E-31
  0.71992654E+13 -0.13279202E-30 -0.37080995E-31
  0.72727273E+13 -0.13280702E-30 -0.40878839E-31
  0.73461892E+13 -0.13308535E-30 -0.45509357E-31
  0.74196511E+13 -0.13290409E-30 -0.49775581E-31
  0.74931129E+13 -0.13287009E-30 -0.54256258E-31
  0.75665748E+13 -0.13273363E-30 -0.59360162E-31
  0.76400367E+13 -0.13233741E-30 -0.63938853E-31
  0.77134986E+13 -0.13159907E-30 -0.69614837E-31
  0.77869605E+13 -0.13156266E-30 -0.74638883E-31
  0.78604224E+13 -0.12957881E-30 -0.80571470E-31
  0.79338843E+13 -0.12941918E-30 -0.86256181E-31
  0.80073462E+13 -0.12759967E-30 -0.92558613E-31
  0.80808081E+13 -0.12588303E-30 -0.99245555E-31
  0.81542700E+13 -0.12350563E-30 -0.10560797E-30
  0.82277319E+13 -0.12138013E-30 -0.11316962E-30
  0.83011938E+13 -0.11845899E-30 -0.12036373E-30
  0.83746556E+13 -0.11407162E-30 -0.12782462E-30
  0.84481175E+13 -0.10987770E-30 -0.13658568E-30
  0.85215794E+13 -0.10541857E-30 -0.14505920E-30
  0.85950413E+13 -0.99829678E-31 -0.15368238E-30
  0.86685032E+13 -0.92438788E-31 -0.16331768E-30
  0.87419651E+13 -0.83175752E-31 -0.17297230E-30
  0.88154270E+13 -0.73005255E-31 -0.18282218E-30
  0.88888889E+13 -0.59780368E-31 -0.19306095E-30
  0.89623508E+13 -0.42637698E-31 -0.20370909E-30
  0.90358127E+13 -0.22167297E-31 -0.21251372E-30
  0.91092746E+13  0.73012480E-32 -0.21979240E-30
  0.91827365E+13  0.42157663E-31 -0.20360244E-30
  0.92561983E+13  0.58273206E-31 -0.18497095E-30
  0.93296602E+13  0.69972227E-31 -0.16786925E-30
  0.94031221E+13  0.79030650E-31 -0.15215882E-30
  0.94765840E+13  0.85556482E-31 -0.13743469E-30
  0.95500459E+13  0.90619554E-31 -0.12241996E-30
  0.96235078E+13  0.93675470E-31 -0.10830971E-30
  0.96969697E+13  0.95565686E-31 -0.94460862E-31
  0.97704316E+13  0.95623318E-31 -0.80310630E-31
  0.98438935E+13  0.93844169E-31 -0.67364112E-31
  0.99173554E+13  0.90688991E-31 -0.53899761E-31
  0.99908173E+13  0.85548871E-31 -0.41864608E-31
  0.10064279E+14  0.79104209E-31 -0.30136838E-31
  0.10137741E+14  0.70012434E-31 -0.19251925E-31
  0.10211203E+14  0.59016428E-31 -0.99407145E-32
  0.10284665E+14  0.45156258E-31 -0.15608957E-32
  0.10358127E+14  0.27629913E-31  0.30612645E-32
  0.10431589E+14  0.74166146E-32  0.42095458E-32
  0.10505051E+14 -0.17332322E-31 -0.17388490E-32
  0.10578512E+14 -0.44339929E-31 -0.17430347E-31
  0.10651974E+14 -0.76349392E-31 -0.51385231E-31
  0.10725436E+14 -0.81539258E-31 -0.14887620E-30
  0.10798898E+14  0.15581338E-31 -0.15812541E-30
  0.10872360E+14  0.45654661E-31 -0.14103989E-30
  0.10945822E+14  0.64166903E-31 -0.12684853E-30
  0.11019284E+14  0.77748652E-31 -0.11509799E-30
  0.11092746E+14  0.88044498E-31 -0.10373606E-30
  0.11166208E+14  0.95586523E-31 -0.93259774E-31
  0.11239669E+14  0.10235984E-30 -0.82590382E-31
  0.11313131E+14  0.10723320E-30 -0.73060252E-31
  0.11386593E+14  0.11128673E-30 -0.62857209E-31
  0.11460055E+14  0.11437754E-30 -0.53826556E-31
  0.11533517E+14  0.11656603E-30 -0.43975348E-31
  0.11606979E+14  0.11808488E-30 -0.35284756E-31
  0.11680441E+14  0.11864905E-30 -0.25943123E-31
  0.11753903E+14  0.11887655E-30 -0.17616572E-31
  0.11827365E+14  0.11819724E-30 -0.88026478E-32
  0.11900826E+14  0.11705060E-30 -0.69542293E-33
  0.11974288E+14  0.11526453E-30  0.73150978E-32
  0.12047750E+14  0.11300713E-30  0.15027029E-31
  0.12121212E+14  0.11025429E-30  0.22286636E-31
  0.12194674E+14  0.10683569E-30  0.29541284E-31
  0.12268136E+14  0.10314236E-30  0.35970672E-31
  0.12341598E+14  0.98861776E-31  0.42272620E-31
  0.12415060E+14  0.94338546E-31  0.48141943E-31
  0.12488522E+14  0.89288367E-31  0.53507447E-31
  0.12561983E+14  0.83639915E-31  0.58488402E-31
  0.12635445E+14  0.77927318E-31  0.62627426E-31
  0.12708907E+14  0.71662011E-31  0.66300077E-31
  0.12782369E+14  0.65267495E-31  0.69231965E-31
  0.12855831E+14  0.58698695E-31  0.71143119E-31
  0.12929293E+14  0.52003799E-31  0.72367007E-31
  0.13002755E+14  0.45456494E-31  0.72693293E-31
  0.13076217E+14  0.39080213E-31  0.72040647E-31
  0.13149679E+14  0.33172610E-31  0.70342457E-31
  0.13223140E+14  0.27902804E-31  0.67631929E-31
  0.13296602E+14  0.23436615E-31  0.64074522E-31
  0.13370064E+14  0.20233527E-31  0.59348282E-31
  0.13443526E+14  0.19561219E-31  0.54024749E-31
  0.13516988E+14  0.21134631E-31  0.50567508E-31
  0.13590450E+14  0.22559108E-31  0.48311572E-31
  0.13663912E+14  0.24594378E-31  0.46589711E-31
  0.13737374E+14  0.27244642E-31  0.45996881E-31
  0.13810836E+14  0.29802946E-31  0.46415983E-31
  0.13884298E+14  0.32088295E-31  0.47593648E-31
  0.13957759E+14  0.34001980E-31  0.49700188E-31
  0.14031221E+14  0.34695695E-31  0.52363776E-31
  0.14104683E+14  0.33847452E-31  0.54082304E-31
  0.14178145E+14  0.32355493E-31  0.53274982E-31
  0.14251607E+14  0.32178847E-31  0.49166802E-31
  0.14325069E+14  0.35670689E-31  0.41466473E-31
  0.14398531E+14  0.45671300E-31  0.29933492E-31
  0.14471993E+14  0.68228887E-31  0.12841689E-31
  0.14545455E+14  0.12401094E-30 -0.16442753E-31
  0.14618916E+14  0.42837014E-30  0.14067475E-30
  0.14692378E+14  0.97874799E-31  0.35489014E-30
  0.14765840E+14 -0.19112730E-31  0.26146215E-30
  0.14839302E+14 -0.39596537E-31  0.22280823E-30
  0.14912764E+14 -0.54364252E-31  0.20121330E-30
  0.14986226E+14 -0.66862156E-31  0.18566316E-30
  0.15059688E+14 -0.77703654E-31  0.17337450E-30
  0.15133150E+14 -0.86761993E-31  0.16245058E-30
  0.15206612E+14 -0.95550979E-31  0.15290224E-30
  0.15280073E+14 -0.10318318E-30  0.14361842E-30
  0.15353535E+14 -0.11067420E-30  0.13498547E-30
  0.15426997E+14 -0.11734396E-30  0.12618008E-30
  0.15500459E+14 -0.12379553E-30  0.11763811E-30
  0.15573921E+14 -0.12997709E-30  0.10896803E-30
  0.15647383E+14 -0.13551733E-30  0.99936671E-31
  0.15720845E+14 -0.14110436E-30  0.90812103E-31
  0.15794307E+14 -0.14603431E-30  0.81015306E-31
  0.15867769E+14 -0.15061226E-30  0.70561858E-31
  0.15941230E+14 -0.15482875E-30  0.59242527E-31
  0.16014692E+14 -0.15851406E-30  0.46300914E-31
  0.16088154E+14 -0.16161918E-30  0.29957748E-31
  0.16161616E+14 -0.14875689E-30  0.63117376E-32
  0.16235078E+14 -0.13697015E-30  0.38181753E-32
  0.16308540E+14 -0.13000302E-30  0.11867053E-32
  0.16382002E+14 -0.12520305E-30 -0.12461227E-32
  0.16455464E+14 -0.12139432E-30 -0.37305859E-32
  0.16528926E+14 -0.11824148E-30 -0.60659834E-32
  0.16602388E+14 -0.11553122E-30 -0.83926161E-32
  0.16675849E+14 -0.11310045E-30 -0.10689220E-31
  0.16749311E+14 -0.11095886E-30 -0.13001288E-31
  0.16822773E+14 -0.10895293E-30 -0.15233844E-31
  0.16896235E+14 -0.10715398E-30 -0.17430149E-31
  0.16969697E+14 -0.10540368E-30 -0.19618209E-31
  0.17043159E+14 -0.10377592E-30 -0.21779188E-31
  0.17116621E+14 -0.10216969E-30 -0.23944257E-31
  0.17190083E+14 -0.10068597E-30 -0.26000317E-31
  0.17263545E+14 -0.99182468E-31 -0.28141029E-31
  0.17337006E+14 -0.97646849E-31 -0.30153838E-31
  0.17410468E+14 -0.96257778E-31 -0.32213725E-31
  0.17483930E+14 -0.94814585E-31 -0.34199287E-31
  0.17557392E+14 -0.93364583E-31 -0.36214579E-31
  0.17630854E+14 -0.91823781E-31 -0.38116755E-31
  0.17704316E+14 -0.90484372E-31 -0.40027473E-31
  0.17777778E+14 -0.89029428E-31 -0.42001161E-31
  0.17851240E+14 -0.87478182E-31 -0.43782886E-31
  0.17924702E+14 -0.86053926E-31 -0.45607765E-31
  0.17998163E+14 -0.84530038E-31 -0.47394154E-31
  0.18071625E+14 -0.83038646E-31 -0.49253877E-31
  0.18145087E+14 -0.81353127E-31 -0.50906085E-31
  0.18218549E+14 -0.79920037E-31 -0.52548342E-31
  0.18292011E+14 -0.78277614E-31 -0.54284118E-31
  0.18365473E+14 -0.76680235E-31 -0.55824406E-31
  0.18438935E+14 -0.75021708E-31 -0.57438247E-31
  0.18512397E+14 -0.73331484E-31 -0.58909112E-31
  0.18585859E+14 -0.71642464E-31 -0.60480291E-31
  0.18659320E+14 -0.69910419E-31 -0.61796148E-31
  0.18732782E+14 -0.68321504E-31 -0.63210890E-31
  0.18806244E+14 -0.66479702E-31 -0.64650289E-31
  0.18879706E+14 -0.64645056E-31 -0.65934433E-31
  0.18953168E+14 -0.62878669E-31 -0.67096519E-31
  0.19026630E+14 -0.61197028E-31 -0.68329315E-31
  0.19100092E+14 -0.59254106E-31 -0.69617398E-31
  0.19173554E+14 -0.57334150E-31 -0.70581825E-31
  0.19247016E+14 -0.55584236E-31 -0.71707917E-31
  0.19320478E+14 -0.53610922E-31 -0.72727556E-31
  0.19393939E+14 -0.51730949E-31 -0.73652154E-31
  0.19467401E+14 -0.49773706E-31 -0.74505885E-31
  0.19540863E+14 -0.47926716E-31 -0.75474156E-31
  0.19614325E+14 -0.45824676E-31 -0.76195267E-31
  0.19687787E+14 -0.44059209E-31 -0.76877697E-31
  0.19761249E+14 -0.41983828E-31 -0.77694335E-31
  0.19834711E+14 -0.40005249E-31 -0.78249807E-31
  0.19908173E+14 -0.38030897E-31 -0.78775715E-31
  0.19981635E+14 -0.36123433E-31 -0.79363303E-31
  0.20055096E+14 -0.34002022E-31 -0.79829262E-31
  0.20128558E+14 -0.32164839E-31 -0.80147751E-31
  0.20202020E+14 -0.30096071E-31 -0.80578370E-31
  0.20275482E+14 -0.28134626E-31 -0.80771578E-31
  0.20348944E+14 -0.26219458E-31 -0.81094499E-31
  0.20422406E+14 -0.24120890E-31 -0.81253435E-31
  0.20495868E+14 -0.22185747E-31 -0.81280934E-31
  0.20569330E+14 -0.20292466E-31 -0.81428296E-31
  0.20642792E+14 -0.18169258E-31 -0.81351632E-31
  0.20716253E+14 -0.16382471E-31 -0.81302751E-31
  0.20789715E+14 -0.14345787E-31 -0.81077077E-31
  0.20863177E+14 -0.12472270E-31 -0.80937944E-31
  0.20936639E+14 -0.10495956E-31 -0.80576331E-31
  0.21010101E+14 -0.86338634E-32 -0.80167592E-31
  0.21083563E+14 -0.67040834E-32 -0.79653943E-31
  0.21157025E+14 -0.47617099E-32 -0.78963612E-31
  0.21230487E+14 -0.28559884E-32 -0.78123032E-31
  0.21303949E+14 -0.10436647E-32 -0.76884982E-31
  0.21377410E+14  0.00000000E+00 -0.74616048E-31
  0.21450872E+14  0.00000000E+00 -0.73387425E-31
  0.21524334E+14  0.00000000E+00 -0.72672514E-31
  0.21597796E+14  0.00000000E+00 -0.72278655E-31
  0.21671258E+14  0.00000000E+00 -0.72144614E-31
  0.21744720E+14  0.00000000E+00 -0.72248372E-31
  0.21818182E+14  0.00000000E+00 -0.72588980E-31
  0.21891644E+14  0.00000000E+00 -0.73182298E-31
  0.21965106E+14  0.00000000E+00 -0.74062827E-31
  0.22038567E+14  0.00000000E+00 -0.75291550E-31
  0.22112029E+14  0.00000000E+00 -0.76974806E-31
  0.22185491E+14  0.00000000E+00 -0.79311766E-31
  0.22258953E+14  0.00000000E+00 -0.82742811E-31
  0.22332415E+14  0.00000000E+00 -0.88699575E-31
  0.22405877E+14  0.12507099E-31 -0.99143907E-31
  0.22479339E+14  0.19964097E-31 -0.97338999E-31
  0.22552801E+14  0.30086803E-31 -0.92069570E-31
  0.22626263E+14  0.32837176E-31 -0.89060459E-31
  0.22699725E+14  0.36287644E-31 -0.85302491E-31
  0.22773186E+14  0.39640418E-31 -0.82072294E-31
  0.22846648E+14  0.41805040E-31 -0.79710644E-31
  0.22920110E+14  0.42084119E-31 -0.76884075E-31
  0.22993572E+14  0.43893370E-31 -0.73281117E-31
  0.23067034E+14  0.47535090E-31 -0.70998398E-31
  0.23140496E+14  0.47400583E-31 -0.69079745E-31
  0.23213958E+14  0.49021385E-31 -0.65231534E-31
  0.23287420E+14  0.51342067E-31 -0.63799718E-31
  0.23360882E+14  0.50351805E-31 -0.60853173E-31
  0.23434343E+14  0.53326030E-31 -0.58575227E-31
  0.23507805E+14  0.52279089E-31 -0.56418650E-31
  0.23581267E+14  0.54489218E-31 -0.53635218E-31
  0.23654729E+14  0.53863750E-31 -0.52017068E-31
  0.23728191E+14  0.55485958E-31 -0.49168234E-31
  0.23801653E+14  0.54695231E-31 -0.47575162E-31
  0.23875115E+14  0.56332598E-31 -0.44906296E-31
  0.23948577E+14  0.55406425E-31 -0.43258414E-31
  0.24022039E+14  0.56569147E-31 -0.40926445E-31
  0.24095500E+14  0.55923026E-31 -0.38938583E-31
  0.24168962E+14  0.56648954E-31 -0.37191056E-31
  0.24242424E+14  0.56044691E-31 -0.34863033E-31
  0.24315886E+14  0.56459759E-31 -0.33384397E-31
  0.24389348E+14  0.56088097E-31 -0.31169916E-31
  0.24462810E+14  0.55933160E-31 -0.29597151E-31
  0.24536272E+14  0.55858849E-31 -0.27712011E-31
  0.24609734E+14  0.55354448E-31 -0.25946218E-31
  0.24683196E+14  0.55261654E-31 -0.24302234E-31
  0.24756657E+14  0.54741466E-31 -0.22588632E-31
  0.24830119E+14  0.54392046E-31 -0.20984537E-31
  0.24903581E+14  0.53894603E-31 -0.19407167E-31
  0.24977043E+14  0.53406556E-31 -0.17807494E-31
  0.25050505E+14  0.52834271E-31 -0.16341568E-31
  0.25123967E+14  0.52255513E-31 -0.14862660E-31
  0.25197429E+14  0.51654313E-31 -0.13450413E-31
  0.25270891E+14  0.50943034E-31 -0.12012414E-31
  0.25344353E+14  0.50217817E-31 -0.10779612E-31
  0.25417815E+14  0.49550015E-31 -0.93246189E-32
  0.25491276E+14  0.48589742E-31 -0.82346355E-32
  0.25564738E+14  0.48010873E-31 -0.68857508E-32
  0.25638200E+14  0.46909557E-31 -0.58098346E-32
  0.25711662E+14  0.46217581E-31 -0.46352141E-32
  0.25785124E+14  0.45152608E-31 -0.36670003E-32
  0.25858586E+14  0.44329734E-31 -0.24852477E-32
  0.25932048E+14  0.43146795E-31 -0.17287360E-32
  0.26005510E+14  0.42424494E-31 -0.64157690E-33
  0.26078972E+14  0.41049692E-31  0.14030279E-33
  0.26152433E+14  0.40235499E-31  0.89789032E-33
  0.26225895E+14  0.39046495E-31  0.16922656E-32
  0.26299357E+14  0.37876034E-31  0.24158721E-32
  0.26372819E+14  0.36806549E-31  0.28163107E-32
  0.26446281E+14  0.35652537E-31  0.36920870E-32
  0.26519743E+14  0.34353960E-31  0.38724309E-32
  0.26593205E+14  0.33183232E-31  0.43878235E-32
  0.26666667E+14  0.32171290E-31  0.48122005E-32
  0.26740129E+14  0.30476056E-31  0.48549584E-32
  0.26813590E+14  0.29715039E-31  0.52295567E-32
  0.26887052E+14  0.28295076E-31  0.52179124E-32
  0.26960514E+14  0.26808065E-31  0.51363850E-32
  0.27033976E+14  0.25819301E-31  0.50220671E-32
  0.27107438E+14  0.24374102E-31  0.49092040E-32
  0.27180900E+14  0.23427984E-31  0.43430741E-32
  0.27254362E+14  0.22145958E-31  0.39120902E-32
  0.27327824E+14  0.20786157E-31  0.33355985E-32
  0.27401286E+14  0.19800711E-31  0.21687536E-32
  0.27474747E+14  0.18649282E-31  0.10787202E-32
  0.27548209E+14  0.18497875E-31 -0.58691530E-33
  0.27621671E+14  0.18886244E-31 -0.17146108E-32
  0.27695133E+14  0.19063213E-31 -0.21129338E-32
  0.27768595E+14  0.19055750E-31 -0.27530118E-32
  0.27842057E+14  0.19307003E-31 -0.33151004E-32
  0.27915519E+14  0.19104147E-31 -0.36007793E-32
  0.27988981E+14  0.19005020E-31 -0.42979031E-32
  0.28062443E+14  0.19273364E-31 -0.47055595E-32
  0.28135904E+14  0.19191223E-31 -0.50274521E-32
  0.28209366E+14  0.19263842E-31 -0.57864640E-32
  0.28282828E+14  0.19475753E-31 -0.60765963E-32
  0.28356290E+14  0.19532650E-31 -0.65404707E-32
  0.28429752E+14  0.19713797E-31 -0.72739223E-32
  0.28503214E+14  0.19984864E-31 -0.75720501E-32
  0.28576676E+14  0.20066875E-31 -0.81986732E-32
  0.28650138E+14  0.20684544E-31 -0.88400628E-32
  0.28723600E+14  0.20867070E-31 -0.92404207E-32
  0.28797062E+14  0.21205368E-31 -0.99949921E-32
  0.28870523E+14  0.21906611E-31 -0.10533365E-31
  0.28943985E+14  0.22454555E-31 -0.11066666E-31
  0.29017447E+14  0.23157763E-31 -0.11824087E-31
  0.29090909E+14  0.24178177E-31 -0.12326014E-31
  0.29164371E+14  0.24780328E-31 -0.12916873E-31
  0.29237833E+14  0.26025976E-31 -0.13695729E-31
  0.29311295E+14  0.27150171E-31 -0.14051384E-31
  0.29384757E+14  0.28444210E-31 -0.14850868E-31
  0.29458219E+14  0.30203954E-31 -0.15267882E-31
  0.29531680E+14  0.31861055E-31 -0.15752120E-31
  0.29605142E+14  0.34045677E-31 -0.16219891E-31
  0.29678604E+14  0.36417362E-31 -0.16419600E-31
  0.29752066E+14  0.39094458E-31 -0.16667912E-31
  0.29825528E+14  0.42473786E-31 -0.16537139E-31
  0.29898990E+14  0.46348976E-31 -0.15921645E-31
  0.29972452E+14  0.50880251E-31 -0.14768207E-31
  0.30045914E+14  0.56284756E-31 -0.12346673E-31
  0.30119376E+14  0.62124985E-31 -0.86697014E-32
  0.30192837E+14  0.69596727E-31 -0.24812867E-32
  0.30266299E+14  0.77740320E-31  0.91479313E-32
  0.30339761E+14  0.77722699E-31  0.37725497E-31
  0.30413223E+14  0.51351178E-31  0.41644127E-31
  0.30486685E+14  0.43072249E-31  0.38628144E-31
  0.30560147E+14  0.37414917E-31  0.36830171E-31
  0.30633609E+14  0.33199858E-31  0.35303607E-31
  0.30707071E+14  0.29898605E-31  0.34046862E-31
  0.30780533E+14  0.27122162E-31  0.32969035E-31
  0.30853994E+14  0.24555160E-31  0.31821443E-31
  0.30927456E+14  0.22283134E-31  0.30830207E-31
  0.31000918E+14  0.20137756E-31  0.29710873E-31
  0.31074380E+14  0.18420821E-31  0.28678129E-31
  0.31147842E+14  0.16616839E-31  0.27389286E-31
  0.31221304E+14  0.15094131E-31  0.26162934E-31
  0.31294766E+14  0.13842169E-31  0.24691440E-31
  0.31368228E+14  0.12815828E-31  0.23267005E-31
  0.31441690E+14  0.12055691E-31  0.21865803E-31
  0.31515152E+14  0.11533358E-31  0.20472003E-31
  0.31588613E+14  0.11200987E-31  0.19209438E-31
  0.31662075E+14  0.11112002E-31  0.17986636E-31
  0.31735537E+14  0.11105297E-31  0.16928622E-31
  0.31808999E+14  0.11348582E-31  0.16030750E-31
  0.31882461E+14  0.11634066E-31  0.15245346E-31
  0.31955923E+14  0.11955774E-31  0.14665428E-31
  0.32029385E+14  0.12448877E-31  0.14298470E-31
  0.32102847E+14  0.12967249E-31  0.14082146E-31
  0.32176309E+14  0.13253222E-31  0.14100630E-31
  0.32249770E+14  0.13617080E-31  0.14240561E-31
  0.32323232E+14  0.13853262E-31  0.14731996E-31
  0.32396694E+14  0.13892057E-31  0.15259089E-31
  0.32470156E+14  0.13676660E-31  0.15975486E-31
  0.32543618E+14  0.13016800E-31  0.16899453E-31
  0.32617080E+14  0.11766583E-31  0.17594565E-31
  0.32690542E+14  0.99358134E-32  0.18012759E-31
  0.32764004E+14  0.76124307E-32  0.17036405E-31
  0.32837466E+14  0.61151643E-32  0.15380912E-31
  0.32910927E+14  0.52003957E-32  0.13363136E-31
  0.32984389E+14  0.48471891E-32  0.11104725E-31
  0.33057851E+14  0.51544644E-32  0.87049380E-32
  0.33131313E+14  0.63164083E-32  0.63231496E-32
  0.33204775E+14  0.84679067E-32  0.45898199E-32
  0.33278237E+14  0.10743201E-31  0.39300816E-32
  0.33351699E+14  0.12811537E-31  0.38657262E-32
  0.33425161E+14  0.14523738E-31  0.41868712E-32
  0.33498623E+14  0.15949927E-31  0.45039611E-32
  0.33572084E+14  0.17688884E-31  0.48584645E-32
  0.33645546E+14  0.19408600E-31  0.56896343E-32
  0.33719008E+14  0.21047258E-31  0.68889171E-32
  0.33792470E+14  0.22475773E-31  0.84276161E-32
  0.33865932E+14  0.23696408E-31  0.10313985E-31
  0.33939394E+14  0.24575277E-31  0.12477997E-31
  0.34012856E+14  0.25082678E-31  0.14922350E-31
  0.34086318E+14  0.25129886E-31  0.17576446E-31
  0.34159780E+14  0.24551904E-31  0.20365366E-31
  0.34233242E+14  0.23473808E-31  0.23243630E-31
  0.34306703E+14  0.21565851E-31  0.25972677E-31
  0.34380165E+14  0.18669342E-31  0.28506456E-31
  0.34453627E+14  0.14928372E-31  0.30257979E-31
  0.34527089E+14  0.99071393E-32  0.31124561E-31
  0.34600551E+14  0.34134257E-32  0.29634410E-31
  0.34674013E+14 -0.48018674E-32  0.20559863E-31
  0.34747475E+14  0.49604657E-32  0.11470747E-31
  0.34820937E+14  0.95805476E-32  0.12605619E-31
  0.34894399E+14  0.12119558E-31  0.13992571E-31
  0.34967860E+14  0.13771428E-31  0.15337403E-31
  0.35041322E+14  0.14712464E-31  0.16959628E-31
  0.35114784E+14  0.15531291E-31  0.18531035E-31
  0.35188246E+14  0.15537719E-31  0.20232443E-31
  0.35261708E+14  0.15677994E-31  0.22049470E-31
  0.35335170E+14  0.14923472E-31  0.23622913E-31
  0.35408632E+14  0.14161705E-31  0.25603168E-31
  0.35482094E+14  0.12763083E-31  0.26836647E-31
  0.35555556E+14  0.10127519E-31  0.28160918E-31
  0.35629017E+14  0.88101097E-32  0.26940594E-31
  0.35702479E+14  0.79740837E-32  0.26456965E-31
  0.35775941E+14  0.79083502E-32  0.26831527E-31
  0.35849403E+14  0.74446361E-32  0.26844866E-31
  0.35922865E+14  0.67494877E-32  0.27593284E-31
  0.35996327E+14  0.63878005E-32  0.27842652E-31
  0.36069789E+14  0.53235298E-32  0.28415471E-31
  0.36143251E+14  0.49194423E-32  0.28870678E-31
  0.36216713E+14  0.36588290E-32  0.29205447E-31
  0.36290174E+14  0.30029914E-32  0.29746910E-31
  0.36363636E+14  0.18908410E-32  0.29865454E-31
  0.36437098E+14  0.81482011E-33  0.30397254E-31
  0.36510560E+14 -0.10395010E-33  0.30392424E-31
  0.36584022E+14 -0.14765005E-32  0.30685530E-31
  0.36657484E+14 -0.22866321E-32  0.30753248E-31
  0.36730946E+14 -0.37814782E-32  0.30731085E-31
  0.36804408E+14 -0.47248618E-32  0.30824022E-31
  0.36877870E+14 -0.60192199E-32  0.30560524E-31
  0.36951331E+14 -0.72825010E-32  0.30582428E-31
  0.37024793E+14 -0.82991095E-32  0.30221658E-31
  0.37098255E+14 -0.97447358E-32  0.29964082E-31
  0.37171717E+14 -0.10672318E-31  0.29670549E-31
  0.37245179E+14 -0.12022624E-31  0.29120582E-31
  0.37318641E+14 -0.13235079E-31  0.28796536E-31
  0.37392103E+14 -0.14260057E-31  0.28120478E-31
  0.37465565E+14 -0.15671637E-31  0.27544361E-31
  0.37539027E+14 -0.16589013E-31  0.26919180E-31
  0.37612489E+14 -0.17770191E-31  0.26059179E-31
  0.37685950E+14 -0.18916287E-31  0.25384599E-31
  0.37759412E+14 -0.19781377E-31  0.24488605E-31
  0.37832874E+14 -0.20962626E-31  0.23524770E-31
  0.37906336E+14 -0.21958101E-31  0.22607598E-31
  0.37979798E+14 -0.22792220E-31  0.21514068E-31
  0.38053260E+14 -0.23857235E-31  0.20384547E-31
  0.38126722E+14 -0.24733059E-31  0.19288698E-31
  0.38200184E+14 -0.25465082E-31  0.18034406E-31
  0.38273646E+14 -0.26338224E-31  0.16719139E-31
  0.38347107E+14 -0.27110734E-31  0.15411027E-31
  0.38420569E+14 -0.27709184E-31  0.13995951E-31
  0.38494031E+14 -0.28319977E-31  0.12493653E-31
  0.38567493E+14 -0.28901602E-31  0.10957093E-31
  0.38640955E+14 -0.29349169E-31  0.93702844E-32
  0.38714417E+14 -0.29705925E-31  0.77097915E-32
  0.38787879E+14 -0.29987768E-31  0.59790854E-32
  0.38861341E+14 -0.30182105E-31  0.42275261E-32
  0.38934803E+14 -0.30234853E-31  0.24346584E-32
  0.39008264E+14 -0.30193382E-31  0.46449591E-33
  0.39081726E+14 -0.30052757E-31 -0.14781378E-32
  0.39155188E+14 -0.29895379E-31 -0.35199256E-32
  0.39228650E+14 -0.29355438E-31 -0.55572631E-32
  0.39302112E+14 -0.28711323E-31 -0.78464937E-32
  0.39375574E+14 -0.28138332E-31 -0.10043775E-31
  0.39449036E+14 -0.27042317E-31 -0.12357479E-31
  0.39522498E+14 -0.25533843E-31 -0.14624382E-31
  0.39595960E+14 -0.24145559E-31 -0.17408738E-31
  0.39669421E+14 -0.21592759E-31 -0.19911831E-31
  0.39742883E+14 -0.18751311E-31 -0.22611413E-31
  0.39816345E+14 -0.14833227E-31 -0.25419174E-31
  0.39889807E+14 -0.67064748E-32 -0.27918751E-31
  0.39963269E+14  0.00000000E+00 -0.19982028E-31
  0.40036731E+14  0.00000000E+00 -0.16048675E-31
  0.40110193E+14  0.00000000E+00 -0.13680386E-31
  0.40183655E+14  0.00000000E+00 -0.11981526E-31
  0.40257117E+14  0.00000000E+00 -0.10666628E-31
  0.40330579E+14  0.00000000E+00 -0.96032639E-32
  0.40404040E+14  0.00000000E+00 -0.87180231E-32
  0.40477502E+14  0.00000000E+00 -0.79656074E-32
  0.40550964E+14  0.00000000E+00 -0.73159698E-32
  0.40624426E+14  0.00000000E+00 -0.67481088E-32
  0.40697888E+14  0.00000000E+00 -0.62467496E-32
  0.40771350E+14  0.00000000E+00 -0.58004292E-32
  0.40844812E+14  0.00000000E+00 -0.54003251E-32
  0.40918274E+14  0.00000000E+00 -0.50395032E-32
  0.40991736E+14  0.00000000E+00 -0.47124175E-32
  0.41065197E+14  0.00000000E+00 -0.44145647E-32
  0.41138659E+14  0.00000000E+00 -0.41422409E-32
  0.41212121E+14  0.00000000E+00 -0.38923650E-32
  0.41285583E+14  0.00000000E+00 -0.36623486E-32
  0.41359045E+14  0.00000000E+00 -0.34499975E-32
  0.41432507E+14  0.00000000E+00 -0.32534373E-32
  0.41505969E+14  0.00000000E+00 -0.30710552E-32
  0.41579431E+14  0.00000000E+00 -0.29014546E-32
  0.41652893E+14  0.00000000E+00 -0.27434194E-32
  0.41726354E+14  0.00000000E+00 -0.25958842E-32
  0.41799816E+14  0.00000000E+00 -0.24579119E-32
  0.41873278E+14  0.00000000E+00 -0.23286741E-32
  0.41946740E+14  0.00000000E+00 -0.22074356E-32
  0.42020202E+14  0.00000000E+00 -0.20935410E-32
  0.42093664E+14  0.00000000E+00 -0.19864048E-32
  0.42167126E+14  0.00000000E+00 -0.18855013E-32
  0.42240588E+14  0.00000000E+00 -0.17903574E-32
  0.42314050E+14  0.00000000E+00 -0.17005464E-32
  0.42387511E+14  0.00000000E+00 -0.16156817E-32
  0.42460973E+14  0.00000000E+00 -0.15354128E-32
  0.42534435E+14  0.00000000E+00 -0.14594208E-32
  0.42607897E+14  0.00000000E+00 -0.13874149E-32
  0.42681359E+14  0.00000000E+00 -0.13191294E-32
  0.42754821E+14  0.00000000E+00 -0.12543211E-32
  0.42828283E+14  0.00000000E+00 -0.11927670E-32
  0.42901745E+14  0.00000000E+00 -0.11342619E-32
  0.42975207E+14  0.00000000E+00 -0.10786173E-32
  0.43048669E+14  0.00000000E+00 -0.10256588E-32
  0.43122130E+14  0.00000000E+00 -0.97522591E-33
  0.43195592E+14  0.00000000E+00 -0.92716975E-33
  0.43269054E+14  0.00000000E+00 -0.88135260E-33
  0.43342516E+14  0.00000000E+00 -0.83764663E-33
  0.43415978E+14  0.00000000E+00 -0.79593311E-33
  0.43489440E+14  0.00000000E+00 -0.75610162E-33
  0.43562902E+14  0.00000000E+00 -0.71804932E-33
  0.43636364E+14  0.00000000E+00 -0.68168033E-33
  0.43709826E+14  0.00000000E+00 -0.64690516E-33
  0.43783287E+14  0.00000000E+00 -0.61364019E-33
  0.43856749E+14  0.00000000E+00 -0.58180719E-33
  0.43930211E+14  0.00000000E+00 -0.55133292E-33
  0.44003673E+14  0.00000000E+00 -0.52214874E-33
  0.44077135E+14  0.00000000E+00 -0.49419025E-33
  0.44150597E+14  0.00000000E+00 -0.46739699E-33
  0.44224059E+14  0.00000000E+00 -0.44171212E-33
  0.44297521E+14  0.00000000E+00 -0.41708220E-33
  0.44370983E+14  0.00000000E+00 -0.39345692E-33
  0.44444444E+14  0.00000000E+00 -0.37078886E-33
  0.44517906E+14  0.00000000E+00 -0.34903334E-33
  0.44591368E+14  0.00000000E+00 -0.32814819E-33
  0.44664830E+14  0.00000000E+00 -0.30809359E-33
  0.44738292E+14  0.00000000E+00 -0.28883192E-33
  0.44811754E+14  0.00000000E+00 -0.27032762E-33
  0.44885216E+14  0.00000000E+00 -0.25254703E-33
  0.44958678E+14  0.00000000E+00 -0.23545830E-33
  0.45032140E+14  0.00000000E+00 -0.21903124E-33
  0.45105601E+14  0.00000000E+00 -0.20323725E-33
  0.45179063E+14  0.00000000E+00 -0.18804919E-33
  0.45252525E+14  0.00000000E+00 -0.17344133E-33
  0.45325987E+14  0.00000000E+00 -0.15938922E-33
  0.45399449E+14  0.00000000E+00 -0.14586962E-33
  0.45472911E+14  0.00000000E+00 -0.13286048E-33
  0.45546373E+14  0.00000000E+00 -0.12034080E-33
  0.45619835E+14  0.00000000E+00 -0.10829061E-33
  0.45693297E+14  0.00000000E+00 -0.96690900E-34
  0.45766758E+14  0.00000000E+00 -0.85523562E-34
  0.45840220E+14  0.00000000E+00 -0.74771349E-34
  0.45913682E+14  0.00000000E+00 -0.64417818E-34
  0.45987144E+14  0.00000000E+00 -0.54447289E-34
  0.46060606E+14  0.00000000E+00 -0.44844804E-34
  0.46134068E+14  0.00000000E+00 -0.35596083E-34
  0.46207530E+14  0.00000000E+00 -0.26687497E-34
  0.46280992E+14  0.00000000E+00 -0.18106022E-34
  0.46354454E+14  0.00000000E+00 -0.98392160E-35
  0.46427916E+14  0.00000000E+00 -0.18751852E-35
  0.46501377E+14  0.00000000E+00  0.57974449E-35
  0.46574839E+14  0.00000000E+00  0.13189555E-34
  0.46648301E+14  0.00000000E+00  0.20311558E-34
  0.46721763E+14  0.00000000E+00  0.27173421E-34
  0.46795225E+14  0.00000000E+00  0.33784689E-34
  0.46868687E+14  0.00000000E+00  0.40154506E-34
  0.46942149E+14  0.00000000E+00  0.46291633E-34
  0.47015611E+14  0.00000000E+00  0.52204470E-34
  0.47089073E+14  0.00000000E+00  0.57901068E-34
  0.47162534E+14  0.00000000E+00  0.63389151E-34
  0.47235996E+14  0.00000000E+00  0.68676129E-34
  0.47309458E+14  0.00000000E+00  0.73769114E-34
  0.47382920E+14  0.00000000E+00  0.78674932E-34
  0.47456382E+14  0.00000000E+00  0.83400137E-34
  0.47529844E+14  0.00000000E+00  0.87951027E-34
  0.47603306E+14  0.00000000E+00  0.92333649E-34
  0.47676768E+14  0.00000000E+00  0.96553817E-34
  0.47750230E+14  0.00000000E+00  0.10061712E-33
  0.47823691E+14  0.00000000E+00  0.10452893E-33
  0.47897153E+14  0.00000000E+00  0.10829441E-33
  0.47970615E+14  0.00000000E+00  0.11191853E-33
  0.48044077E+14  0.00000000E+00  0.11540608E-33
  0.48117539E+14  0.00000000E+00  0.11876166E-33
  0.48191001E+14  0.00000000E+00  0.12198970E-33
  0.48264463E+14  0.00000000E+00  0.12509446E-33
  0.48337925E+14  0.00000000E+00  0.12808005E-33
  0.48411387E+14  0.00000000E+00  0.13095044E-33
  0.48484848E+14  0.00000000E+00  0.13370943E-33
  0.48558310E+14  0.00000000E+00  0.13636069E-33
  0.48631772E+14  0.00000000E+00  0.13890778E-33
  0.48705234E+14  0.00000000E+00  0.14135410E-33
  0.48778696E+14  0.00000000E+00  0.14370294E-33
  0.48852158E+14  0.00000000E+00  0.14595748E-33
  0.48925620E+14  0.00000000E+00  0.14812079E-33
  0.48999082E+14  0.00000000E+00  0.15019582E-33
  0.49072544E+14  0.00000000E+00  0.15218541E-33
  0.49146006E+14  0.00000000E+00  0.15409233E-33
  0.49219467E+14  0.00000000E+00  0.15591922E-33
  0.49292929E+14  0.00000000E+00  0.15766866E-33
  0.49366391E+14  0.00000000E+00  0.15934311E-33
  0.49439853E+14  0.00000000E+00  0.16094498E-33
  0.49513315E+14  0.00000000E+00  0.16247657E-33
  0.49586777E+14  0.00000000E+00  0.16394011E-33
  0.49660239E+14  0.00000000E+00  0.16533776E-33
  0.49733701E+14  0.00000000E+00  0.16667161E-33
  0.49807163E+14  0.00000000E+00  0.16794367E-33
  0.49880624E+14  0.00000000E+00  0.16915589E-33
  0.49954086E+14  0.00000000E+00  0.17031015E-33
  0.50027548E+14  0.00000000E+00  0.17140827E-33
  0.50101010E+14  0.00000000E+00  0.17245201E-33
  0.50174472E+14  0.00000000E+00  0.17344308E-33
  0.50247934E+14  0.00000000E+00  0.17438312E-33
  0.50321396E+14  0.00000000E+00  0.17527373E-33
  0.50394858E+14  0.00000000E+00  0.17611645E-33
  0.50468320E+14  0.00000000E+00  0.17691278E-33
  0.50541781E+14  0.00000000E+00  0.17766416E-33
  0.50615243E+14  0.00000000E+00  0.17837198E-33
  0.50688705E+14  0.00000000E+00  0.17903761E-33
  0.50762167E+14  0.00000000E+00  0.17966235E-33
  0.50835629E+14  0.00000000E+00  0.18024748E-33
  0.50909091E+14  0.00000000E+00  0.18079422E-33
  0.50982553E+14  0.00000000E+00  0.18130376E-33
  0.51056015E+14  0.00000000E+00  0.18177727E-33
  0.51129477E+14  0.00000000E+00  0.18221585E-33
  0.51202938E+14  0.00000000E+00  0.18262059E-33
  0.51276400E+14  0.00000000E+00  0.18299254E-33
  0.51349862E+14  0.00000000E+00  0.18333272E-33
  0.51423324E+14  0.00000000E+00  0.18364210E-33
  0.51496786E+14  0.00000000E+00  0.18392166E-33
  0.51570248E+14  0.00000000E+00  0.18417231E-33
  0.51643710E+14  0.00000000E+00  0.18439496E-33
  0.51717172E+14  0.00000000E+00  0.18459046E-33
  0.51790634E+14  0.00000000E+00  0.18475968E-33
  0.51864096E+14  0.00000000E+00  0.18490342E-33
  0.51937557E+14  0.00000000E+00  0.18502248E-33
  0.52011019E+14  0.00000000E+00  0.18511763E-33
  0.52084481E+14  0.00000000E+00  0.18518962E-33
  0.52157943E+14  0.00000000E+00  0.18523918E-33
  0.52231405E+14  0.00000000E+00  0.18526700E-33
  0.52304867E+14  0.00000000E+00  0.18527376E-33
  0.52378329E+14  0.00000000E+00  0.18526014E-33
  0.52451791E+14  0.00000000E+00  0.18522677E-33
  0.52525253E+14  0.00000000E+00  0.18517428E-33
  0.52598714E+14  0.00000000E+00  0.18510326E-33
  0.52672176E+14  0.00000000E+00  0.18501432E-33
  0.52745638E+14  0.00000000E+00  0.18490801E-33
  0.52819100E+14  0.00000000E+00  0.18478490E-33
  0.52892562E+14  0.00000000E+00  0.18464551E-33
  0.52966024E+14  0.00000000E+00  0.18449038E-33
  0.53039486E+14  0.00000000E+00  0.18432000E-33
  0.53112948E+14  0.00000000E+00  0.18413488E-33
  0.53186410E+14  0.00000000E+00  0.18393548E-33
  0.53259871E+14  0.00000000E+00  0.18372227E-33
  0.53333333E+14  0.00000000E+00  0.18349570E-33
  0.53406795E+14  0.00000000E+00  0.18325621E-33
  0.53480257E+14  0.00000000E+00  0.18300422E-33
  0.53553719E+14  0.00000000E+00  0.18274015E-33
  0.53627181E+14  0.00000000E+00  0.18246440E-33
  0.53700643E+14  0.00000000E+00  0.18217735E-33
  0.53774105E+14  0.00000000E+00  0.18187939E-33
  0.53847567E+14  0.00000000E+00  0.18157088E-33
  0.53921028E+14  0.00000000E+00  0.18125217E-33
  0.53994490E+14  0.00000000E+00  0.18092363E-33
  0.54067952E+14  0.00000000E+00  0.18058557E-33
  0.54141414E+14  0.00000000E+00  0.18023834E-33
  0.54214876E+14  0.00000000E+00  0.17988225E-33
  0.54288338E+14  0.00000000E+00  0.17951760E-33
  0.54361800E+14  0.00000000E+00  0.17914471E-33
  0.54435262E+14  0.00000000E+00  0.17876385E-33
  0.54508724E+14  0.00000000E+00  0.17837532E-33
  0.54582185E+14  0.00000000E+00  0.17797939E-33
  0.54655647E+14  0.00000000E+00  0.17757633E-33
  0.54729109E+14  0.00000000E+00  0.17716640E-33
  0.54802571E+14  0.00000000E+00  0.17674986E-33
  0.54876033E+14  0.00000000E+00  0.17632694E-33
  0.54949495E+14  0.00000000E+00  0.17589789E-33
  0.55022957E+14  0.00000000E+00  0.17546294E-33
  0.55096419E+14  0.00000000E+00  0.17502232E-33
  0.55169881E+14  0.00000000E+00  0.17457625E-33
  0.55243343E+14  0.00000000E+00  0.17412493E-33
  0.55316804E+14  0.00000000E+00  0.17366859E-33
  0.55390266E+14  0.00000000E+00  0.17320742E-33
  0.55463728E+14  0.00000000E+00  0.17274161E-33
  0.55537190E+14  0.00000000E+00  0.17227136E-33
  0.55610652E+14  0.00000000E+00  0.17179686E-33
  0.55684114E+14  0.00000000E+00  0.17131828E-33
  0.55757576E+14  0.00000000E+00  0.17083580E-33
  0.55831038E+14  0.00000000E+00  0.17034958E-33
  0.55904500E+14  0.00000000E+00  0.16985981E-33
  0.55977961E+14  0.00000000E+00  0.16936663E-33
  0.56051423E+14  0.00000000E+00  0.16887020E-33
  0.56124885E+14  0.00000000E+00  0.16837068E-33
  0.56198347E+14  0.00000000E+00  0.16786821E-33
  0.56271809E+14  0.00000000E+00  0.16736294E-33
  0.56345271E+14  0.00000000E+00  0.16685500E-33
  0.56418733E+14  0.00000000E+00  0.16634454E-33
  0.56492195E+14  0.00000000E+00  0.16583168E-33
  0.56565657E+14  0.00000000E+00  0.16531656E-33
  0.56639118E+14  0.00000000E+00  0.16479930E-33
  0.56712580E+14  0.00000000E+00  0.16428001E-33
  0.56786042E+14  0.00000000E+00  0.16375883E-33
  0.56859504E+14  0.00000000E+00  0.16323586E-33
  0.56932966E+14  0.00000000E+00  0.16271121E-33
  0.57006428E+14  0.00000000E+00  0.16218499E-33
  0.57079890E+14  0.00000000E+00  0.16165732E-33
  0.57153352E+14  0.00000000E+00  0.16112828E-33
  0.57226814E+14  0.00000000E+00  0.16059799E-33
  0.57300275E+14  0.00000000E+00  0.16006653E-33
  0.57373737E+14  0.00000000E+00  0.15953400E-33
  0.57447199E+14  0.00000000E+00  0.15900049E-33
  0.57520661E+14  0.00000000E+00  0.15846610E-33
  0.57594123E+14  0.00000000E+00  0.15793090E-33
  0.57667585E+14  0.00000000E+00  0.15739498E-33
  0.57741047E+14  0.00000000E+00  0.15685842E-33
  0.57814509E+14  0.00000000E+00  0.15632131E-33
  0.57887971E+14  0.00000000E+00  0.15578371E-33
  0.57961433E+14  0.00000000E+00  0.15524571E-33
  0.58034894E+14  0.00000000E+00  0.15470737E-33
  0.58108356E+14  0.00000000E+00  0.15416877E-33
  0.58181818E+14  0.00000000E+00  0.15362997E-33
  0.58255280E+14  0.00000000E+00  0.15309104E-33
  0.58328742E+14  0.00000000E+00  0.15255204E-33
  0.58402204E+14  0.00000000E+00  0.15201304E-33
  0.58475666E+14  0.00000000E+00  0.15147410E-33
  0.58549128E+14  0.00000000E+00  0.15093528E-33
  0.58622590E+14  0.00000000E+00  0.15039663E-33
  0.58696051E+14  0.00000000E+00  0.14985821E-33
  0.58769513E+14  0.00000000E+00  0.14932008E-33
  0.58842975E+14  0.00000000E+00  0.14878228E-33
  0.58916437E+14  0.00000000E+00  0.14824487E-33
  0.58989899E+14  0.00000000E+00  0.14770789E-33
  0.59063361E+14  0.00000000E+00  0.14717140E-33
  0.59136823E+14  0.00000000E+00  0.14663544E-33
  0.59210285E+14  0.00000000E+00  0.14610005E-33
  0.59283747E+14  0.00000000E+00  0.14556528E-33
  0.59357208E+14  0.00000000E+00  0.14503117E-33
  0.59430670E+14  0.00000000E+00  0.14449777E-33
  0.59504132E+14  0.00000000E+00  0.14396510E-33
  0.59577594E+14  0.00000000E+00  0.14343322E-33
  0.59651056E+14  0.00000000E+00  0.14290215E-33
  0.59724518E+14  0.00000000E+00  0.14237194E-33
  0.59797980E+14  0.00000000E+00  0.14184262E-33
  0.59871442E+14  0.00000000E+00  0.14131421E-33
  0.59944904E+14  0.00000000E+00  0.14078677E-33
  0.60018365E+14  0.00000000E+00  0.14026031E-33
  0.60091827E+14  0.00000000E+00  0.13973486E-33
  0.60165289E+14  0.00000000E+00  0.13921047E-33
  0.60238751E+14  0.00000000E+00  0.13868715E-33
  0.60312213E+14  0.00000000E+00  0.13816493E-33
  0.60385675E+14  0.00000000E+00  0.13764385E-33
  0.60459137E+14  0.00000000E+00  0.13712392E-33
  0.60532599E+14  0.00000000E+00  0.13660517E-33
  0.60606061E+14  0.00000000E+00  0.13608763E-33
  0.60679522E+14  0.00000000E+00  0.13557132E-33
  0.60752984E+14  0.00000000E+00  0.13505626E-33
  0.60826446E+14  0.00000000E+00  0.13454248E-33
  0.60899908E+14  0.00000000E+00  0.13402999E-33
  0.60973370E+14  0.00000000E+00  0.13351881E-33
  0.61046832E+14  0.00000000E+00  0.13300897E-33
  0.61120294E+14  0.00000000E+00  0.13250049E-33
  0.61193756E+14  0.00000000E+00  0.13199337E-33
  0.61267218E+14  0.00000000E+00  0.13148765E-33
  0.61340680E+14  0.00000000E+00  0.13098333E-33
  0.61414141E+14  0.00000000E+00  0.13048043E-33
  0.61487603E+14  0.00000000E+00  0.12997898E-33
  0.61561065E+14  0.00000000E+00  0.12947897E-33
  0.61634527E+14  0.00000000E+00  0.12898044E-33
  0.61707989E+14  0.00000000E+00  0.12848338E-33
  0.61781451E+14  0.00000000E+00  0.12798782E-33
  0.61854913E+14  0.00000000E+00  0.12749377E-33
  0.61928375E+14  0.00000000E+00  0.12700123E-33
  0.62001837E+14  0.00000000E+00  0.12651023E-33
  0.62075298E+14  0.00000000E+00  0.12602077E-33
  0.62148760E+14  0.00000000E+00  0.12553287E-33
  0.62222222E+14  0.00000000E+00  0.12504652E-33
  0.62295684E+14  0.00000000E+00  0.12456175E-33
  0.62369146E+14  0.00000000E+00  0.12407856E-33
  0.62442608E+14  0.00000000E+00  0.12359697E-33
  0.62516070E+14  0.00000000E+00  0.12311697E-33
  0.62589532E+14  0.00000000E+00  0.12263858E-33
  0.62662994E+14  0.00000000E+00  0.12216181E-33
  0.62736455E+14  0.00000000E+00  0.12168665E-33
  0.62809917E+14  0.00000000E+00  0.12121313E-33
  0.62883379E+14  0.00000000E+00  0.12074124E-33
  0.62956841E+14  0.00000000E+00  0.12027099E-33
  0.63030303E+14  0.00000000E+00  0.11980240E-33
  0.63103765E+14  0.00000000E+00  0.11933545E-33
  0.63177227E+14  0.00000000E+00  0.11887016E-33
  0.63250689E+14  0.00000000E+00  0.11840653E-33
  0.63324151E+14  0.00000000E+00  0.11794457E-33
  0.63397612E+14  0.00000000E+00  0.11748428E-33
  0.63471074E+14  0.00000000E+00  0.11702566E-33
  0.63544536E+14  0.00000000E+00  0.11656872E-33
  0.63617998E+14  0.00000000E+00  0.11611347E-33
  0.63691460E+14  0.00000000E+00  0.11565989E-33
  0.63764922E+14  0.00000000E+00  0.11520800E-33
  0.63838384E+14  0.00000000E+00  0.11475780E-33
  0.63911846E+14  0.00000000E+00  0.11430930E-33
  0.63985308E+14  0.00000000E+00  0.11386248E-33
  0.64058770E+14  0.00000000E+00  0.11341736E-33
  0.64132231E+14  0.00000000E+00  0.11297393E-33
  0.64205693E+14  0.00000000E+00  0.11253220E-33
  0.64279155E+14  0.00000000E+00  0.11209216E-33
  0.64352617E+14  0.00000000E+00  0.11165383E-33
  0.64426079E+14  0.00000000E+00  0.11121719E-33
  0.64499541E+14  0.00000000E+00  0.11078225E-33
  0.64573003E+14  0.00000000E+00  0.11034901E-33
  0.64646465E+14  0.00000000E+00  0.10991747E-33
  0.64719927E+14  0.00000000E+00  0.10948762E-33
  0.64793388E+14  0.00000000E+00  0.10905948E-33
  0.64866850E+14  0.00000000E+00  0.10863303E-33
  0.64940312E+14  0.00000000E+00  0.10820827E-33
  0.65013774E+14  0.00000000E+00  0.10778521E-33
  0.65087236E+14  0.00000000E+00  0.10736384E-33
  0.65160698E+14  0.00000000E+00  0.10694417E-33
  0.65234160E+14  0.00000000E+00  0.10652619E-33
  0.65307622E+14  0.00000000E+00  0.10610989E-33
  0.65381084E+14  0.00000000E+00  0.10569528E-33
  0.65454545E+14  0.00000000E+00  0.10528236E-33
  0.65528007E+14  0.00000000E+00  0.10487112E-33
  0.65601469E+14  0.00000000E+00  0.10446156E-33
  0.65674931E+14  0.00000000E+00  0.10405368E-33
  0.65748393E+14  0.00000000E+00  0.10364747E-33
  0.65821855E+14  0.00000000E+00  0.10324294E-33
  0.65895317E+14  0.00000000E+00  0.10284007E-33
  0.65968779E+14  0.00000000E+00  0.10243888E-33
  0.66042241E+14  0.00000000E+00  0.10203935E-33
  0.66115702E+14  0.00000000E+00  0.10164148E-33
  0.66189164E+14  0.00000000E+00  0.10124526E-33
  0.66262626E+14  0.00000000E+00  0.10085071E-33
  0.66336088E+14  0.00000000E+00  0.10045780E-33
  0.66409550E+14  0.00000000E+00  0.10006654E-33
  0.66483012E+14  0.00000000E+00  0.99676927E-34
  0.66556474E+14  0.00000000E+00  0.99288952E-34
  0.66629936E+14  0.00000000E+00  0.98902615E-34
  0.66703398E+14  0.00000000E+00  0.98517910E-34
  0.66776860E+14  0.00000000E+00  0.98134834E-34
  0.66850321E+14  0.00000000E+00  0.97753383E-34
  0.66923783E+14  0.00000000E+00  0.97373553E-34
  0.66997245E+14  0.00000000E+00  0.96995339E-34
  0.67070707E+14  0.00000000E+00  0.96618738E-34
  0.67144169E+14  0.00000000E+00  0.96243744E-34
  0.67217631E+14  0.00000000E+00  0.95870355E-34
  0.67291093E+14  0.00000000E+00  0.95498564E-34
  0.67364555E+14  0.00000000E+00  0.95128368E-34
  0.67438017E+14  0.00000000E+00  0.94759763E-34
  0.67511478E+14  0.00000000E+00  0.94392743E-34
  0.67584940E+14  0.00000000E+00  0.94027303E-34
  0.67658402E+14  0.00000000E+00  0.93663440E-34
  0.67731864E+14  0.00000000E+00  0.93301148E-34
  0.67805326E+14  0.00000000E+00  0.92940423E-34
  0.67878788E+14  0.00000000E+00  0.92581259E-34
  0.67952250E+14  0.00000000E+00  0.92223652E-34
  0.68025712E+14  0.00000000E+00  0.91867597E-34
  0.68099174E+14  0.00000000E+00  0.91513089E-34
  0.68172635E+14  0.00000000E+00  0.91160122E-34
  0.68246097E+14  0.00000000E+00  0.90808692E-34
  0.68319559E+14  0.00000000E+00  0.90458794E-34
  0.68393021E+14  0.00000000E+00  0.90110422E-34
  0.68466483E+14  0.00000000E+00  0.89763571E-34
  0.68539945E+14  0.00000000E+00  0.89418236E-34
  0.68613407E+14  0.00000000E+00  0.89074412E-34
  0.68686869E+14  0.00000000E+00  0.88732093E-34
  0.68760331E+14  0.00000000E+00  0.88391275E-34
  0.68833792E+14  0.00000000E+00  0.88051951E-34
  0.68907254E+14  0.00000000E+00  0.87714117E-34
  0.68980716E+14  0.00000000E+00  0.87377766E-34
  0.69054178E+14  0.00000000E+00  0.87042895E-34
  0.69127640E+14  0.00000000E+00  0.86709497E-34
  0.69201102E+14  0.00000000E+00  0.86377566E-34
  0.69274564E+14  0.00000000E+00  0.86047098E-34
  0.69348026E+14  0.00000000E+00  0.85718087E-34
  0.69421488E+14  0.00000000E+00  0.85390527E-34
  0.69494949E+14  0.00000000E+00  0.85064413E-34
  0.69568411E+14  0.00000000E+00  0.84739739E-34
  0.69641873E+14  0.00000000E+00  0.84416501E-34
  0.69715335E+14  0.00000000E+00  0.84094691E-34
  0.69788797E+14  0.00000000E+00  0.83774305E-34
  0.69862259E+14  0.00000000E+00  0.83455337E-34
  0.69935721E+14  0.00000000E+00  0.83137782E-34
  0.70009183E+14  0.00000000E+00  0.82821633E-34
  0.70082645E+14  0.00000000E+00  0.82506886E-34
  0.70156107E+14  0.00000000E+00  0.82193535E-34
  0.70229568E+14  0.00000000E+00  0.81881574E-34
  0.70303030E+14  0.00000000E+00  0.81570997E-34
  0.70376492E+14  0.00000000E+00  0.81261800E-34
  0.70449954E+14  0.00000000E+00  0.80953975E-34
  0.70523416E+14  0.00000000E+00  0.80647518E-34
  0.70596878E+14  0.00000000E+00  0.80342423E-34
  0.70670340E+14  0.00000000E+00  0.80038685E-34
  0.70743802E+14  0.00000000E+00  0.79736297E-34
  0.70817264E+14  0.00000000E+00  0.79435254E-34
  0.70890725E+14  0.00000000E+00  0.79135551E-34
  0.70964187E+14  0.00000000E+00  0.78837182E-34
  0.71037649E+14  0.00000000E+00  0.78540141E-34
  0.71111111E+14  0.00000000E+00  0.78244422E-34
  0.71184573E+14  0.00000000E+00  0.77950021E-34
  0.71258035E+14  0.00000000E+00  0.77656931E-34
  0.71331497E+14  0.00000000E+00  0.77365146E-34
  0.71404959E+14  0.00000000E+00  0.77074662E-34
  0.71478421E+14  0.00000000E+00  0.76785472E-34
  0.71551882E+14  0.00000000E+00  0.76497572E-34
  0.71625344E+14  0.00000000E+00  0.76210954E-34
  0.71698806E+14  0.00000000E+00  0.75925615E-34
  0.71772268E+14  0.00000000E+00  0.75641547E-34
  0.71845730E+14  0.00000000E+00  0.75358746E-34
  0.71919192E+14  0.00000000E+00  0.75077207E-34
  0.71992654E+14  0.00000000E+00  0.74796922E-34
  0.72066116E+14  0.00000000E+00  0.74517888E-34
  0.72139578E+14  0.00000000E+00  0.74240098E-34
  0.72213039E+14  0.00000000E+00  0.73963547E-34
  0.72286501E+14  0.00000000E+00  0.73688230E-34
  0.72359963E+14  0.00000000E+00  0.73414140E-34
  0.72433425E+14  0.00000000E+00  0.73141273E-34
  0.72506887E+14  0.00000000E+00  0.72869622E-34
  0.72580349E+14  0.00000000E+00  0.72599183E-34
  0.72653811E+14  0.00000000E+00  0.72329950E-34
  0.72727273E+14  0.00000000E+00  0.72061918E-34
  0.72800735E+14  0.00000000E+00  0.71795081E-34
  0.72874197E+14  0.00000000E+00  0.71529433E-34
  0.72947658E+14  0.00000000E+00  0.71264970E-34
  0.73021120E+14  0.00000000E+00  0.71001686E-34
  0.73094582E+14  0.00000000E+00  0.70739575E-34
  0.73168044E+14  0.00000000E+00  0.70478632E-34
  0.73241506E+14  0.00000000E+00  0.70218852E-34
  0.73314968E+14  0.00000000E+00  0.69960230E-34
  0.73388430E+14  0.00000000E+00  0.69702760E-34
  0.73461892E+14  0.00000000E+00  0.69446436E-34
  0.73535354E+14  0.00000000E+00  0.69191254E-34
  0.73608815E+14  0.00000000E+00  0.68937209E-34
  0.73682277E+14  0.00000000E+00  0.68684294E-34
  0.73755739E+14  0.00000000E+00  0.68432505E-34
  0.73829201E+14  0.00000000E+00  0.68181837E-34
  0.73902663E+14  0.00000000E+00  0.67932284E-34
  0.73976125E+14  0.00000000E+00  0.67683841E-34
  0.74049587E+14  0.00000000E+00  0.67436503E-34
  0.74123049E+14  0.00000000E+00  0.67190265E-34
  0.74196511E+14  0.00000000E+00  0.66945122E-34
  0.74269972E+14  0.00000000E+00  0.66701068E-34
  0.74343434E+14  0.00000000E+00  0.66458099E-34
  0.74416896E+14  0.00000000E+00  0.66216209E-34
  0.74490358E+14  0.00000000E+00  0.65975393E-34
  0.74563820E+14  0.00000000E+00  0.65735646E-34
  0.74637282E+14  0.00000000E+00  0.65496963E-34
  0.74710744E+14  0.00000000E+00  0.65259340E-34
  0.74784206E+14  0.00000000E+00  0.65022770E-34
  0.74857668E+14  0.00000000E+00  0.64787250E-34
  0.74931129E+14  0.00000000E+00  0.64552774E-34
  0.75004591E+14  0.00000000E+00  0.64319337E-34
  0.75078053E+14  0.00000000E+00  0.64086935E-34
  0.75151515E+14  0.00000000E+00  0.63855561E-34
  0.75224977E+14  0.00000000E+00  0.63625212E-34
  0.75298439E+14  0.00000000E+00  0.63395883E-34
  0.75371901E+14  0.00000000E+00  0.63167568E-34
  0.75445363E+14  0.00000000E+00  0.62940264E-34
  0.75518825E+14  0.00000000E+00  0.62713964E-34
  0.75592287E+14  0.00000000E+00  0.62488665E-34
  0.75665748E+14  0.00000000E+00  0.62264361E-34
  0.75739210E+14  0.00000000E+00  0.62041048E-34
  0.75812672E+14  0.00000000E+00  0.61818720E-34
  0.75886134E+14  0.00000000E+00  0.61597374E-34
  0.75959596E+14  0.00000000E+00  0.61377005E-34
  0.76033058E+14  0.00000000E+00  0.61157607E-34
  0.76106520E+14  0.00000000E+00  0.60939176E-34
  0.76179982E+14  0.00000000E+00  0.60721708E-34
  0.76253444E+14  0.00000000E+00  0.60505198E-34
  0.76326905E+14  0.00000000E+00  0.60289641E-34
  0.76400367E+14  0.00000000E+00  0.60075033E-34
  0.76473829E+14  0.00000000E+00  0.59861369E-34
  0.76547291E+14  0.00000000E+00  0.59648644E-34
  0.76620753E+14  0.00000000E+00  0.59436854E-34
  0.76694215E+14  0.00000000E+00  0.59225995E-34
  0.76767677E+14  0.00000000E+00  0.59016062E-34
  0.76841139E+14  0.00000000E+00  0.58807050E-34
  0.76914601E+14  0.00000000E+00  0.58598956E-34
  0.76988062E+14  0.00000000E+00  0.58391774E-34
  0.77061524E+14  0.00000000E+00  0.58185500E-34
  0.77134986E+14  0.00000000E+00  0.57980130E-34
  0.77208448E+14  0.00000000E+00  0.57775659E-34
  0.77281910E+14  0.00000000E+00  0.57572084E-34
  0.77355372E+14  0.00000000E+00  0.57369399E-34
  0.77428834E+14  0.00000000E+00  0.57167601E-34
  0.77502296E+14  0.00000000E+00  0.56966684E-34
  0.77575758E+14  0.00000000E+00  0.56766646E-34
  0.77649219E+14  0.00000000E+00  0.56567481E-34
  0.77722681E+14  0.00000000E+00  0.56369185E-34
  0.77796143E+14  0.00000000E+00  0.56171754E-34
  0.77869605E+14  0.00000000E+00  0.55975185E-34
  0.77943067E+14  0.00000000E+00  0.55779471E-34
  0.78016529E+14  0.00000000E+00  0.55584611E-34
  0.78089991E+14  0.00000000E+00  0.55390598E-34
  0.78163453E+14  0.00000000E+00  0.55197430E-34
  0.78236915E+14  0.00000000E+00  0.55005102E-34
  0.78310376E+14  0.00000000E+00  0.54813610E-34
  0.78383838E+14  0.00000000E+00  0.54622950E-34
  0.78457300E+14  0.00000000E+00  0.54433118E-34
  0.78530762E+14  0.00000000E+00  0.54244110E-34
  0.78604224E+14  0.00000000E+00  0.54055921E-34
  0.78677686E+14  0.00000000E+00  0.53868549E-34
  0.78751148E+14  0.00000000E+00  0.53681988E-34
  0.78824610E+14  0.00000000E+00  0.53496235E-34
  0.78898072E+14  0.00000000E+00  0.53311286E-34
  0.78971534E+14  0.00000000E+00  0.53127137E-34
  0.79044995E+14  0.00000000E+00  0.52943785E-34
  0.79118457E+14  0.00000000E+00  0.52761224E-34
  0.79191919E+14  0.00000000E+00  0.52579452E-34
  0.79265381E+14  0.00000000E+00  0.52398464E-34
  0.79338843E+14  0.00000000E+00  0.52218257E-34
  0.79412305E+14  0.00000000E+00  0.52038827E-34
  0.79485767E+14  0.00000000E+00  0.51860170E-34
  0.79559229E+14  0.00000000E+00  0.51682283E-34
  0.79632691E+14  0.00000000E+00  0.51505161E-34
  0.79706152E+14  0.00000000E+00  0.51328800E-34
  0.79779614E+14  0.00000000E+00  0.51153198E-34
  0.79853076E+14  0.00000000E+00  0.50978351E-34
  0.79926538E+14  0.00000000E+00  0.50804254E-34
  0.80000000E+14  0.00000000E+00  0.50630904E-34
