  0.73461892E+11  0.77545875E-31 -0.39801171E-29
  0.14692378E+12  0.12196439E-30 -0.39392260E-29
  0.22038567E+12  0.17807855E-30 -0.38615851E-29
  0.29384757E+12  0.13052152E-30 -0.37852655E-29
  0.36730946E+12  0.99373011E-31 -0.38189673E-29
  0.44077135E+12  0.12672449E-30 -0.38259559E-29
  0.51423324E+12  0.13973171E-30 -0.38187023E-29
  0.58769513E+12  0.15211951E-30 -0.38027296E-29
  0.66115702E+12  0.14807687E-30 -0.37966846E-29
  0.73461892E+12  0.15375025E-30 -0.38031997E-29
  0.80808081E+12  0.16894445E-30 -0.38080521E-29
  0.88154270E+12  0.18599261E-30 -0.38053531E-29
  0.95500459E+12  0.19238282E-30 -0.37925692E-29
  0.10284665E+13  0.18980206E-30 -0.37941675E-29
  0.11019284E+13  0.19913612E-30 -0.38065897E-29
  0.11753903E+13  0.21775877E-30 -0.38097201E-29
  0.12488522E+13  0.23199179E-30 -0.38082978E-29
  0.13223140E+13  0.23739625E-30 -0.38023932E-29
  0.13957759E+13  0.23954921E-30 -0.38075643E-29
  0.14692378E+13  0.24931552E-30 -0.38221068E-29
  0.15426997E+13  0.27224436E-30 -0.38240782E-29
  0.16161616E+13  0.28227796E-30 -0.38157473E-29
  0.16896235E+13  0.27884559E-30 -0.38227516E-29
  0.17630854E+13  0.29053560E-30 -0.38385203E-29
  0.18365473E+13  0.31314154E-30 -0.38402661E-29
  0.19100092E+13  0.31802537E-30 -0.38402761E-29
  0.19834711E+13  0.32440922E-30 -0.38508431E-29
  0.20569330E+13  0.34241626E-30 -0.38587039E-29
  0.21303949E+13  0.35283371E-30 -0.38618141E-29
  0.22038567E+13  0.35944187E-30 -0.38673167E-29
  0.22773186E+13  0.37000053E-30 -0.38784337E-29
  0.23507805E+13  0.38395261E-30 -0.38900000E-29
  0.24242424E+13  0.39879373E-30 -0.38973956E-29
  0.24977043E+13  0.41185438E-30 -0.39015804E-29
  0.25711662E+13  0.42066522E-30 -0.39102697E-29
  0.26446281E+13  0.43100911E-30 -0.39225213E-29
  0.27180900E+13  0.44466336E-30 -0.39334630E-29
  0.27915519E+13  0.46012122E-30 -0.39450704E-29
  0.28650138E+13  0.47438624E-30 -0.39517774E-29
  0.29384757E+13  0.48111363E-30 -0.39623468E-29
  0.30119376E+13  0.49622229E-30 -0.39811511E-29
  0.30853994E+13  0.51975619E-30 -0.39905529E-29
  0.31588613E+13  0.52824925E-30 -0.39931663E-29
  0.32323232E+13  0.53167173E-30 -0.40126903E-29
  0.33057851E+13  0.55557484E-30 -0.40353373E-29
  0.33792470E+13  0.57845632E-30 -0.40401837E-29
  0.34527089E+13  0.58504379E-30 -0.40474876E-29
  0.35261708E+13  0.59415575E-30 -0.40690526E-29
  0.35996327E+13  0.61619632E-30 -0.40906344E-29
  0.36730946E+13  0.63882294E-30 -0.41014076E-29
  0.37465565E+13  0.65119623E-30 -0.41107504E-29
  0.38200184E+13  0.66266278E-30 -0.41299661E-29
  0.38934803E+13  0.68152150E-30 -0.41525809E-29
  0.39669421E+13  0.70408039E-30 -0.41696661E-29
  0.40404040E+13  0.72289737E-30 -0.41820501E-29
  0.41138659E+13  0.73505191E-30 -0.41991018E-29
  0.41873278E+13  0.75289120E-30 -0.42271652E-29
  0.42607897E+13  0.78496883E-30 -0.42461495E-29
  0.43342516E+13  0.80054371E-30 -0.42521687E-29
  0.44077135E+13  0.80652759E-30 -0.42792736E-29
  0.44811754E+13  0.83753069E-30 -0.43135741E-29
  0.45546373E+13  0.87051466E-30 -0.43254028E-29
  0.46280992E+13  0.88211810E-30 -0.43403280E-29
  0.47015611E+13  0.90003738E-30 -0.43708756E-29
  0.47750230E+13  0.93013359E-30 -0.43987352E-29
  0.48484848E+13  0.95892592E-30 -0.44167720E-29
  0.49219467E+13  0.97845082E-30 -0.44377971E-29
  0.49954086E+13  0.99895024E-30 -0.44700019E-29
  0.50688705E+13  0.10342864E-29 -0.45006029E-29
  0.51423324E+13  0.10659139E-29 -0.45162321E-29
  0.52157943E+13  0.10795862E-29 -0.45423339E-29
  0.52892562E+13  0.11109315E-29 -0.45854563E-29
  0.53627181E+13  0.11556756E-29 -0.46068374E-29
  0.54361800E+13  0.11752328E-29 -0.46272110E-29
  0.55096419E+13  0.12039882E-29 -0.46694131E-29
  0.55831038E+13  0.12469700E-29 -0.46991402E-29
  0.56565657E+13  0.12769139E-29 -0.47262237E-29
  0.57300275E+13  0.13095854E-29 -0.47610065E-29
  0.58034894E+13  0.13480055E-29 -0.47987257E-29
  0.58769513E+13  0.13924018E-29 -0.48294781E-29
  0.59504132E+13  0.14240307E-29 -0.48595559E-29
  0.60238751E+13  0.14638823E-29 -0.49062181E-29
  0.60973370E+13  0.15147694E-29 -0.49368042E-29
  0.61707989E+13  0.15478680E-29 -0.49757187E-29
  0.62442608E+13  0.16048004E-29 -0.50214877E-29
  0.63177227E+13  0.16501503E-29 -0.50493277E-29
  0.63911846E+13  0.16930714E-29 -0.50984873E-29
  0.64646465E+13  0.17525980E-29 -0.51401718E-29
  0.65381084E+13  0.18036638E-29 -0.51792514E-29
  0.66115702E+13  0.18549367E-29 -0.52256027E-29
  0.66850321E+13  0.19220836E-29 -0.52768273E-29
  0.67584940E+13  0.19818310E-29 -0.53082780E-29
  0.68319559E+13  0.20354607E-29 -0.53698874E-29
  0.69054178E+13  0.21186031E-29 -0.54121705E-29
  0.69788797E+13  0.21746435E-29 -0.54618100E-29
  0.70523416E+13  0.22576442E-29 -0.55144847E-29
  0.71258035E+13  0.23292031E-29 -0.55635264E-29
  0.71992654E+13  0.24109385E-29 -0.56192176E-29
  0.72727273E+13  0.24988904E-29 -0.56722001E-29
  0.73461892E+13  0.25786960E-29 -0.57282892E-29
  0.74196511E+13  0.26901830E-29 -0.57874695E-29
  0.74931129E+13  0.27691525E-29 -0.58384110E-29
  0.75665748E+13  0.28897897E-29 -0.59034531E-29
  0.76400367E+13  0.29862881E-29 -0.59624314E-29
  0.77134986E+13  0.31133905E-29 -0.60212228E-29
  0.77869605E+13  0.32318049E-29 -0.60861055E-29
  0.78604224E+13  0.33660570E-29 -0.61510192E-29
  0.79338843E+13  0.34995938E-29 -0.62082786E-29
  0.80073462E+13  0.36583347E-29 -0.62789030E-29
  0.80808081E+13  0.38030174E-29 -0.63486405E-29
  0.81542700E+13  0.39788763E-29 -0.64047362E-29
  0.82277319E+13  0.41678073E-29 -0.64789691E-29
  0.83011938E+13  0.43532326E-29 -0.65471360E-29
  0.83746556E+13  0.45612265E-29 -0.66112380E-29
  0.84481175E+13  0.47960688E-29 -0.66803367E-29
  0.85215794E+13  0.50502296E-29 -0.67474299E-29
  0.85950413E+13  0.53245711E-29 -0.68112041E-29
  0.86685032E+13  0.56222314E-29 -0.68759679E-29
  0.87419651E+13  0.59601257E-29 -0.69373473E-29
  0.88154270E+13  0.63377498E-29 -0.69952652E-29
  0.88888889E+13  0.67868517E-29 -0.70478184E-29
  0.89623508E+13  0.73560946E-29 -0.70938270E-29
  0.90358127E+13  0.80656521E-29 -0.71053952E-29
  0.91092746E+13  0.92763485E-29 -0.69415211E-29
  0.91827365E+13  0.99806418E-29 -0.52533509E-29
  0.92561983E+13  0.98649616E-29 -0.44447285E-29
  0.93296602E+13  0.97779424E-29 -0.38650443E-29
  0.94031221E+13  0.96204158E-29 -0.33709778E-29
  0.94765840E+13  0.95136174E-29 -0.29420647E-29
  0.95500459E+13  0.94245984E-29 -0.25444389E-29
  0.96235078E+13  0.93343817E-29 -0.22013776E-29
  0.96969697E+13  0.92125363E-29 -0.18783862E-29
  0.97704316E+13  0.91212702E-29 -0.15471073E-29
  0.98438935E+13  0.90135604E-29 -0.12697627E-29
  0.99173554E+13  0.89039638E-29 -0.97004452E-30
  0.99908173E+13  0.87621239E-29 -0.71079905E-30
  0.10064279E+14  0.86543697E-29 -0.44223803E-30
  0.10137741E+14  0.85042107E-29 -0.17919588E-30
  0.10211203E+14  0.83345750E-29  0.46639991E-31
  0.10284665E+14  0.81677770E-29  0.23515001E-30
  0.10358127E+14  0.80363659E-29  0.40364363E-30
  0.10431589E+14  0.79158828E-29  0.57966404E-30
  0.10505051E+14  0.78214774E-29  0.77267316E-30
  0.10578512E+14  0.77303255E-29  0.99253994E-30
  0.10651974E+14  0.76462307E-29  0.12793595E-29
  0.10725436E+14  0.74291520E-29  0.18136711E-29
  0.10798898E+14  0.67751607E-29  0.18934929E-29
  0.10872360E+14  0.64725640E-29  0.18415153E-29
  0.10945822E+14  0.62355962E-29  0.18057830E-29
  0.11019284E+14  0.60400451E-29  0.17818764E-29
  0.11092746E+14  0.58736370E-29  0.17633117E-29
  0.11166208E+14  0.57213879E-29  0.17443092E-29
  0.11239669E+14  0.55871837E-29  0.17318392E-29
  0.11313131E+14  0.54618262E-29  0.17206284E-29
  0.11386593E+14  0.53502115E-29  0.17118866E-29
  0.11460055E+14  0.52373279E-29  0.17037014E-29
  0.11533517E+14  0.51398360E-29  0.17003421E-29
  0.11606979E+14  0.50449799E-29  0.16924212E-29
  0.11680441E+14  0.49538222E-29  0.16928044E-29
  0.11753903E+14  0.48710423E-29  0.16893575E-29
  0.11827365E+14  0.47837748E-29  0.16896426E-29
  0.11900826E+14  0.47104497E-29  0.16864730E-29
  0.11974288E+14  0.46291417E-29  0.16873685E-29
  0.12047750E+14  0.45634064E-29  0.16896642E-29
  0.12121212E+14  0.44835343E-29  0.16890341E-29
  0.12194674E+14  0.44196166E-29  0.16920016E-29
  0.12268136E+14  0.43505117E-29  0.16909713E-29
  0.12341598E+14  0.42828700E-29  0.16965203E-29
  0.12415060E+14  0.42250572E-29  0.16945297E-29
  0.12488522E+14  0.41615661E-29  0.17075303E-29
  0.12561983E+14  0.41058809E-29  0.17173969E-29
  0.12635445E+14  0.40334831E-29  0.17333087E-29
  0.12708907E+14  0.39680282E-29  0.17485736E-29
  0.12782369E+14  0.38886903E-29  0.17593239E-29
  0.12855831E+14  0.38037094E-29  0.17816263E-29
  0.12929293E+14  0.37294041E-29  0.17895694E-29
  0.13002755E+14  0.36244778E-29  0.18004409E-29
  0.13076217E+14  0.35191862E-29  0.18088240E-29
  0.13149679E+14  0.34052419E-29  0.18101951E-29
  0.13223140E+14  0.32717028E-29  0.18097511E-29
  0.13296602E+14  0.31232208E-29  0.17932939E-29
  0.13370064E+14  0.29417877E-29  0.17648444E-29
  0.13443526E+14  0.26929736E-29  0.16995500E-29
  0.13516988E+14  0.24250395E-29  0.14638543E-29
  0.13590450E+14  0.22919511E-29  0.11726129E-29
  0.13663912E+14  0.22087485E-29  0.88168195E-30
  0.13737374E+14  0.21701716E-29  0.56992777E-30
  0.13810836E+14  0.21727164E-29  0.23498333E-30
  0.13884298E+14  0.22273386E-29 -0.12053721E-30
  0.13957759E+14  0.23320527E-29 -0.50834339E-30
  0.14031221E+14  0.25097346E-29 -0.94895641E-30
  0.14104683E+14  0.28032780E-29 -0.14305279E-29
  0.14178145E+14  0.33045842E-29 -0.19352774E-29
  0.14251607E+14  0.39611188E-29 -0.23342014E-29
  0.14325069E+14  0.47516443E-29 -0.26791646E-29
  0.14398531E+14  0.57539940E-29 -0.30160725E-29
  0.14471993E+14  0.71426464E-29 -0.33781089E-29
  0.14545455E+14  0.95423445E-29 -0.39504349E-29
  0.14618916E+14  0.20005754E-28  0.20133496E-29
  0.14692378E+14  0.86468118E-29  0.87528209E-29
  0.14765840E+14  0.54834662E-29  0.61294489E-29
  0.14839302E+14  0.49011475E-29  0.51588885E-29
  0.14912764E+14  0.45266502E-29  0.46771147E-29
  0.14986226E+14  0.42401983E-29  0.43600759E-29
  0.15059688E+14  0.40193646E-29  0.41538029E-29
  0.15133150E+14  0.38489711E-29  0.39880255E-29
  0.15206612E+14  0.37004804E-29  0.38715142E-29
  0.15280073E+14  0.35825373E-29  0.37688611E-29
  0.15353535E+14  0.34749756E-29  0.37006062E-29
  0.15426997E+14  0.33830975E-29  0.36353021E-29
  0.15500459E+14  0.33043804E-29  0.35954598E-29
  0.15573921E+14  0.32247944E-29  0.35593316E-29
  0.15647383E+14  0.31623129E-29  0.35363366E-29
  0.15720845E+14  0.30984461E-29  0.35281424E-29
  0.15794307E+14  0.30404340E-29  0.35228301E-29
  0.15867769E+14  0.29919272E-29  0.35370951E-29
  0.15941230E+14  0.29367332E-29  0.35650080E-29
  0.16014692E+14  0.28903837E-29  0.36090885E-29
  0.16088154E+14  0.28518120E-29  0.37098628E-29
  0.16161616E+14  0.26010507E-29  0.39167698E-29
  0.16235078E+14  0.23741397E-29  0.38403098E-29
  0.16308540E+14  0.22168503E-29  0.37771595E-29
  0.16382002E+14  0.20863061E-29  0.37117799E-29
  0.16455464E+14  0.19791789E-29  0.36468861E-29
  0.16528926E+14  0.18854334E-29  0.35890768E-29
  0.16602388E+14  0.17943922E-29  0.35329469E-29
  0.16675849E+14  0.17137923E-29  0.34736811E-29
  0.16749311E+14  0.16434982E-29  0.34218880E-29
  0.16822773E+14  0.15719576E-29  0.33723531E-29
  0.16896235E+14  0.15068396E-29  0.33191491E-29
  0.16969697E+14  0.14493679E-29  0.32706264E-29
  0.17043159E+14  0.13922793E-29  0.32260690E-29
  0.17116621E+14  0.13349977E-29  0.31795402E-29
  0.17190083E+14  0.12866749E-29  0.31323638E-29
  0.17263545E+14  0.12390278E-29  0.30918529E-29
  0.17337006E+14  0.11897235E-29  0.30495387E-29
  0.17410468E+14  0.11463842E-29  0.30064260E-29
  0.17483930E+14  0.11057433E-29  0.29670895E-29
  0.17557392E+14  0.10637386E-29  0.29297528E-29
  0.17630854E+14  0.10221803E-29  0.28891555E-29
  0.17704316E+14  0.98823064E-30  0.28502502E-29
  0.17777778E+14  0.95271261E-30  0.28166199E-29
  0.17851240E+14  0.91523366E-30  0.27798320E-29
  0.17924702E+14  0.88243792E-30  0.27427434E-29
  0.17998163E+14  0.85187514E-30  0.27085189E-29
  0.18071625E+14  0.81956149E-30  0.26767889E-29
  0.18145087E+14  0.78779651E-30  0.26411519E-29
  0.18218549E+14  0.76138008E-30  0.26077945E-29
  0.18292011E+14  0.73319672E-30  0.25778721E-29
  0.18365473E+14  0.70398365E-30  0.25453225E-29
  0.18438935E+14  0.67850182E-30  0.25128084E-29
  0.18512397E+14  0.65416722E-30  0.24826163E-29
  0.18585859E+14  0.62839471E-30  0.24544191E-29
  0.18659320E+14  0.60308178E-30  0.24223993E-29
  0.18732782E+14  0.58268284E-30  0.23929609E-29
  0.18806244E+14  0.55933503E-30  0.23660567E-29
  0.18879706E+14  0.53615095E-30  0.23370691E-29
  0.18953168E+14  0.51587638E-30  0.23075071E-29
  0.19026630E+14  0.49717507E-30  0.22813489E-29
  0.19100092E+14  0.47475106E-30  0.22553822E-29
  0.19173554E+14  0.45526276E-30  0.22261006E-29
  0.19247016E+14  0.43858453E-30  0.22006379E-29
  0.19320478E+14  0.41898952E-30  0.21760647E-29
  0.19393939E+14  0.40020204E-30  0.21490239E-29
  0.19467401E+14  0.38427950E-30  0.21229172E-29
  0.19540863E+14  0.36784371E-30  0.20999781E-29
  0.19614325E+14  0.34949894E-30  0.20743486E-29
  0.19687787E+14  0.33566385E-30  0.20491444E-29
  0.19761249E+14  0.31957243E-30  0.20270343E-29
  0.19834711E+14  0.30331339E-30  0.20023030E-29
  0.19908173E+14  0.28988607E-30  0.19781623E-29
  0.19981635E+14  0.27584877E-30  0.19569491E-29
  0.20055096E+14  0.25961407E-30  0.19332628E-29
  0.20128558E+14  0.24854441E-30  0.19098262E-29
  0.20202020E+14  0.23418278E-30  0.18898075E-29
  0.20275482E+14  0.22016014E-30  0.18661234E-29
  0.20348944E+14  0.20948615E-30  0.18451224E-29
  0.20422406E+14  0.19512958E-30  0.18247652E-29
  0.20495868E+14  0.18330997E-30  0.18021450E-29
  0.20569330E+14  0.17181807E-30  0.17829922E-29
  0.20642792E+14  0.15821107E-30  0.17612856E-29
  0.20716253E+14  0.14839804E-30  0.17424994E-29
  0.20789715E+14  0.13451816E-30  0.17209503E-29
  0.20863177E+14  0.12479749E-30  0.17031197E-29
  0.20936639E+14  0.11027616E-30  0.16826123E-29
  0.21010101E+14  0.10022524E-30  0.16648303E-29
  0.21083563E+14  0.86973755E-31  0.16451258E-29
  0.21157025E+14  0.71161289E-31  0.16271463E-29
  0.21230487E+14  0.55734017E-31  0.16099184E-29
  0.21303949E+14  0.39047123E-31  0.15978540E-29
  0.21377410E+14  0.00000000E+00  0.15525164E-29
  0.21450872E+14  0.00000000E+00  0.15113239E-29
  0.21524334E+14  0.00000000E+00  0.14804976E-29
  0.21597796E+14  0.00000000E+00  0.14533433E-29
  0.21671258E+14  0.00000000E+00  0.14284425E-29
  0.21744720E+14  0.00000000E+00  0.14051413E-29
  0.21818182E+14  0.00000000E+00  0.13830643E-29
  0.21891644E+14  0.00000000E+00  0.13619636E-29
  0.21965106E+14  0.00000000E+00  0.13416557E-29
  0.22038567E+14  0.00000000E+00  0.13219882E-29
  0.22112029E+14  0.00000000E+00  0.13028133E-29
  0.22185491E+14  0.00000000E+00  0.12839537E-29
  0.22258953E+14  0.00000000E+00  0.12651155E-29
  0.22332415E+14  0.00000000E+00  0.12454630E-29
  0.22405877E+14  0.73544138E-32  0.12240706E-29
  0.22479339E+14  0.10517894E-31  0.12106681E-29
  0.22552801E+14  0.14206933E-31  0.11976876E-29
  0.22626263E+14  0.16117001E-31  0.11847707E-29
  0.22699725E+14  0.17695746E-31  0.11718471E-29
  0.22773186E+14  0.18866926E-31  0.11594127E-29
  0.22846648E+14  0.19921223E-31  0.11471081E-29
  0.22920110E+14  0.20672903E-31  0.11350988E-29
  0.22993572E+14  0.21525047E-31  0.11235277E-29
  0.23067034E+14  0.22722079E-31  0.11120226E-29
  0.23140496E+14  0.23015554E-31  0.11005769E-29
  0.23213958E+14  0.23401998E-31  0.10898693E-29
  0.23287420E+14  0.24318596E-31  0.10789326E-29
  0.23360882E+14  0.24379657E-31  0.10684210E-29
  0.23434343E+14  0.25280973E-31  0.10580480E-29
  0.23507805E+14  0.25073227E-31  0.10478176E-29
  0.23581267E+14  0.25903680E-31  0.10380697E-29
  0.23654729E+14  0.25781571E-31  0.10279771E-29
  0.23728191E+14  0.26290429E-31  0.10187233E-29
  0.23801653E+14  0.26303273E-31  0.10089878E-29
  0.23875115E+14  0.26709378E-31  0.99997613E-30
  0.23948577E+14  0.26540327E-31  0.99073171E-30
  0.24022039E+14  0.27065982E-31  0.98189610E-30
  0.24095500E+14  0.26709793E-31  0.97306843E-30
  0.24168962E+14  0.27246289E-31  0.96441504E-30
  0.24242424E+14  0.26881981E-31  0.95601373E-30
  0.24315886E+14  0.27268270E-31  0.94754647E-30
  0.24389348E+14  0.27030878E-31  0.93945135E-30
  0.24462810E+14  0.27179580E-31  0.93126388E-30
  0.24536272E+14  0.27129984E-31  0.92337982E-30
  0.24609734E+14  0.27063736E-31  0.91551766E-30
  0.24683196E+14  0.27116944E-31  0.90780597E-30
  0.24756657E+14  0.26941914E-31  0.90022638E-30
  0.24830119E+14  0.26979251E-31  0.89275403E-30
  0.24903581E+14  0.26790605E-31  0.88534649E-30
  0.24977043E+14  0.26841397E-31  0.87816240E-30
  0.25050505E+14  0.26550641E-31  0.87092005E-30
  0.25123967E+14  0.26673853E-31  0.86393507E-30
  0.25197429E+14  0.26312026E-31  0.85698935E-30
  0.25270891E+14  0.26371384E-31  0.85005478E-30
  0.25344353E+14  0.26122446E-31  0.84343091E-30
  0.25417815E+14  0.25991546E-31  0.83662741E-30
  0.25491276E+14  0.25885452E-31  0.83015332E-30
  0.25564738E+14  0.25666734E-31  0.82363781E-30
  0.25638200E+14  0.25523949E-31  0.81721254E-30
  0.25711662E+14  0.25383294E-31  0.81094373E-30
  0.25785124E+14  0.25143254E-31  0.80468961E-30
  0.25858586E+14  0.24974831E-31  0.79852741E-30
  0.25932048E+14  0.24817663E-31  0.79246588E-30
  0.26005510E+14  0.24528075E-31  0.78647970E-30
  0.26078972E+14  0.24442886E-31  0.78050264E-30
  0.26152433E+14  0.24137249E-31  0.77473134E-30
  0.26225895E+14  0.23990846E-31  0.76887702E-30
  0.26299357E+14  0.23739504E-31  0.76319552E-30
  0.26372819E+14  0.23554802E-31  0.75757056E-30
  0.26446281E+14  0.23273603E-31  0.75193658E-30
  0.26519743E+14  0.23134829E-31  0.74646803E-30
  0.26593205E+14  0.22838196E-31  0.74099728E-30
  0.26666667E+14  0.22637448E-31  0.73559457E-30
  0.26740129E+14  0.22432881E-31  0.73027935E-30
  0.26813590E+14  0.22152755E-31  0.72499757E-30
  0.26887052E+14  0.21938228E-31  0.71974955E-30
  0.26960514E+14  0.21745383E-31  0.71461843E-30
  0.27033976E+14  0.21489207E-31  0.70946935E-30
  0.27107438E+14  0.21282374E-31  0.70440806E-30
  0.27180900E+14  0.21063167E-31  0.69941296E-30
  0.27254362E+14  0.20808557E-31  0.69442433E-30
  0.27327824E+14  0.20676610E-31  0.68950715E-30
  0.27401286E+14  0.20464477E-31  0.68462320E-30
  0.27474747E+14  0.20281195E-31  0.67978509E-30
  0.27548209E+14  0.20207123E-31  0.67501441E-30
  0.27621671E+14  0.20074391E-31  0.67033889E-30
  0.27695133E+14  0.19986820E-31  0.66570664E-30
  0.27768595E+14  0.19878147E-31  0.66116892E-30
  0.27842057E+14  0.19745758E-31  0.65668533E-30
  0.27915519E+14  0.19645316E-31  0.65222710E-30
  0.27988981E+14  0.19512034E-31  0.64785838E-30
  0.28062443E+14  0.19383611E-31  0.64353417E-30
  0.28135904E+14  0.19279813E-31  0.63924620E-30
  0.28209366E+14  0.19146318E-31  0.63502789E-30
  0.28282828E+14  0.18992909E-31  0.63084452E-30
  0.28356290E+14  0.18909053E-31  0.62671833E-30
  0.28429752E+14  0.18744303E-31  0.62263453E-30
  0.28503214E+14  0.18603280E-31  0.61859709E-30
  0.28576676E+14  0.18493748E-31  0.61460185E-30
  0.28650138E+14  0.18345120E-31  0.61066268E-30
  0.28723600E+14  0.18195642E-31  0.60674690E-30
  0.28797062E+14  0.18074992E-31  0.60289896E-30
  0.28870523E+14  0.17919992E-31  0.59907547E-30
  0.28943985E+14  0.17793571E-31  0.59530023E-30
  0.29017447E+14  0.17635130E-31  0.59158118E-30
  0.29090909E+14  0.17502889E-31  0.58787970E-30
  0.29164371E+14  0.17360647E-31  0.58423970E-30
  0.29237833E+14  0.17212401E-31  0.58063854E-30
  0.29311295E+14  0.17055177E-31  0.57708321E-30
  0.29384757E+14  0.16921413E-31  0.57356707E-30
  0.29458219E+14  0.16757400E-31  0.57010585E-30
  0.29531680E+14  0.16607222E-31  0.56666926E-30
  0.29605142E+14  0.16423287E-31  0.56330690E-30
  0.29678604E+14  0.16226817E-31  0.55995773E-30
  0.29752066E+14  0.16047706E-31  0.55662588E-30
  0.29825528E+14  0.15857208E-31  0.55333835E-30
  0.29898990E+14  0.15728904E-31  0.55009990E-30
  0.29972452E+14  0.15569614E-31  0.54694396E-30
  0.30045914E+14  0.15453424E-31  0.54385836E-30
  0.30119376E+14  0.15309365E-31  0.54087313E-30
  0.30192837E+14  0.15222367E-31  0.53802809E-30
  0.30266299E+14  0.15112798E-31  0.53547765E-30
  0.30339761E+14  0.14485736E-31  0.53380566E-30
  0.30413223E+14  0.12468955E-31  0.53067176E-30
  0.30486685E+14  0.11513873E-31  0.52716928E-30
  0.30560147E+14  0.10713862E-31  0.52374118E-30
  0.30633609E+14  0.10047922E-31  0.52034139E-30
  0.30707071E+14  0.94145654E-32  0.51697823E-30
  0.30780533E+14  0.88654962E-32  0.51363775E-30
  0.30853994E+14  0.83047000E-32  0.51031537E-30
  0.30927456E+14  0.77933455E-32  0.50701389E-30
  0.31000918E+14  0.72873234E-32  0.50372654E-30
  0.31074380E+14  0.68181564E-32  0.50045678E-30
  0.31147842E+14  0.63425374E-32  0.49719105E-30
  0.31221304E+14  0.58918143E-32  0.49394790E-30
  0.31294766E+14  0.54586823E-32  0.49069748E-30
  0.31368228E+14  0.50188634E-32  0.48746666E-30
  0.31441690E+14  0.46162902E-32  0.48423677E-30
  0.31515152E+14  0.42090524E-32  0.48100689E-30
  0.31588613E+14  0.38257525E-32  0.47778808E-30
  0.31662075E+14  0.34577805E-32  0.47456520E-30
  0.31735537E+14  0.31024468E-32  0.47135026E-30
  0.31808999E+14  0.27732920E-32  0.46814019E-30
  0.31882461E+14  0.24550858E-32  0.46492443E-30
  0.31955923E+14  0.21477083E-32  0.46171775E-30
  0.32029385E+14  0.18746112E-32  0.45851536E-30
  0.32102847E+14  0.16292457E-32  0.45531067E-30
  0.32176309E+14  0.13800199E-32  0.45211312E-30
  0.32249770E+14  0.11645950E-32  0.44890939E-30
  0.32323232E+14  0.96936503E-33  0.44572379E-30
  0.32396694E+14  0.79550520E-33  0.44253138E-30
  0.32470156E+14  0.64122352E-33  0.43934210E-30
  0.32543618E+14  0.50217586E-33  0.43615656E-30
  0.32617080E+14  0.38602019E-33  0.43296184E-30
  0.32690542E+14  0.29433922E-33  0.42976453E-30
  0.32764004E+14  0.22507421E-33  0.42656276E-30
  0.32837466E+14  0.17776027E-33  0.42335794E-30
  0.32910927E+14  0.15087083E-33  0.42014143E-30
  0.32984389E+14  0.14530888E-33  0.41690565E-30
  0.33057851E+14  0.16823370E-33  0.41364201E-30
  0.33131313E+14  0.23256613E-33  0.41033897E-30
  0.33204775E+14  0.36894659E-33  0.40700734E-30
  0.33278237E+14  0.56068669E-33  0.40367217E-30
  0.33351699E+14  0.80682063E-33  0.40031255E-30
  0.33425161E+14  0.11189797E-32  0.39691905E-30
  0.33498623E+14  0.15258745E-32  0.39349050E-30
  0.33572084E+14  0.20896850E-32  0.39006600E-30
  0.33645546E+14  0.26972110E-32  0.38671693E-30
  0.33719008E+14  0.33756703E-32  0.38334302E-30
  0.33792470E+14  0.41388932E-32  0.37995473E-30
  0.33865932E+14  0.50222776E-32  0.37657588E-30
  0.33939394E+14  0.60298408E-32  0.37320089E-30
  0.34012856E+14  0.71671559E-32  0.36985918E-30
  0.34086318E+14  0.84687280E-32  0.36655214E-30
  0.34159780E+14  0.99080189E-32  0.36330283E-30
  0.34233242E+14  0.11532761E-31  0.36013619E-30
  0.34306703E+14  0.13301550E-31  0.35707186E-30
  0.34380165E+14  0.15310864E-31  0.35416145E-30
  0.34453627E+14  0.17479867E-31  0.35144682E-30
  0.34527089E+14  0.19859658E-31  0.34900269E-30
  0.34600551E+14  0.22568499E-31  0.34701037E-30
  0.34674013E+14  0.25447663E-31  0.34633860E-30
  0.34747475E+14  0.25496484E-31  0.34565118E-30
  0.34820937E+14  0.26450384E-31  0.34330696E-30
  0.34894399E+14  0.27907041E-31  0.34113844E-30
  0.34967860E+14  0.29559499E-31  0.33899926E-30
  0.35041322E+14  0.31306216E-31  0.33705358E-30
  0.35114784E+14  0.33298462E-31  0.33518311E-30
  0.35188246E+14  0.35202115E-31  0.33348760E-30
  0.35261708E+14  0.37399206E-31  0.33195327E-30
  0.35335170E+14  0.39463009E-31  0.33051060E-30
  0.35408632E+14  0.41788862E-31  0.32944067E-30
  0.35482094E+14  0.44083206E-31  0.32833634E-30
  0.35555556E+14  0.46235248E-31  0.32777820E-30
  0.35629017E+14  0.48853375E-31  0.32762771E-30
  0.35702479E+14  0.50447509E-31  0.32757993E-30
  0.35775941E+14  0.52133361E-31  0.32777425E-30
  0.35849403E+14  0.53580892E-31  0.32771633E-30
  0.35922865E+14  0.54794122E-31  0.32797107E-30
  0.35996327E+14  0.56109694E-31  0.32801811E-30
  0.36069789E+14  0.56985874E-31  0.32820606E-30
  0.36143251E+14  0.58139871E-31  0.32841090E-30
  0.36216713E+14  0.58841413E-31  0.32854301E-30
  0.36290174E+14  0.59715392E-31  0.32884252E-30
  0.36363636E+14  0.60380651E-31  0.32895940E-30
  0.36437098E+14  0.60929238E-31  0.32931094E-30
  0.36510560E+14  0.61566555E-31  0.32945802E-30
  0.36584022E+14  0.61870848E-31  0.32976426E-30
  0.36657484E+14  0.62444155E-31  0.33003441E-30
  0.36730946E+14  0.62600804E-31  0.33023488E-30
  0.36804408E+14  0.62973287E-31  0.33060129E-30
  0.36877870E+14  0.63160794E-31  0.33075756E-30
  0.36951331E+14  0.63203392E-31  0.33117002E-30
  0.37024793E+14  0.63403000E-31  0.33135812E-30
  0.37098255E+14  0.63185151E-31  0.33165114E-30
  0.37171717E+14  0.63352068E-31  0.33196927E-30
  0.37245179E+14  0.63099362E-31  0.33216481E-30
  0.37318641E+14  0.62952971E-31  0.33256906E-30
  0.37392103E+14  0.62850144E-31  0.33274166E-30
  0.37465565E+14  0.62432168E-31  0.33302983E-30
  0.37539027E+14  0.62292460E-31  0.33337242E-30
  0.37612489E+14  0.61859088E-31  0.33354769E-30
  0.37685950E+14  0.61276430E-31  0.33390882E-30
  0.37759412E+14  0.61017542E-31  0.33416433E-30
  0.37832874E+14  0.60303753E-31  0.33432745E-30
  0.37906336E+14  0.59721990E-31  0.33473542E-30
  0.37979798E+14  0.59286593E-31  0.33491929E-30
  0.38053260E+14  0.58416784E-31  0.33513603E-30
  0.38126722E+14  0.57717718E-31  0.33545443E-30
  0.38200184E+14  0.57125743E-31  0.33566942E-30
  0.38273646E+14  0.56207066E-31  0.33584532E-30
  0.38347107E+14  0.55183495E-31  0.33615142E-30
  0.38420569E+14  0.54440594E-31  0.33644621E-30
  0.38494031E+14  0.53548523E-31  0.33659543E-30
  0.38567493E+14  0.52284117E-31  0.33681009E-30
  0.38640955E+14  0.51079083E-31  0.33713316E-30
  0.38714417E+14  0.50032818E-31  0.33733212E-30
  0.38787879E+14  0.48894173E-31  0.33756939E-30
  0.38861341E+14  0.47557184E-31  0.33776979E-30
  0.38934803E+14  0.46082487E-31  0.33794215E-30
  0.39008264E+14  0.44460460E-31  0.33822133E-30
  0.39081726E+14  0.42819231E-31  0.33842435E-30
  0.39155188E+14  0.41242691E-31  0.33866838E-30
  0.39228650E+14  0.39407581E-31  0.33883155E-30
  0.39302112E+14  0.37572391E-31  0.33917408E-30
  0.39375574E+14  0.35796054E-31  0.33936759E-30
  0.39449036E+14  0.33541682E-31  0.33961736E-30
  0.39522498E+14  0.30735975E-31  0.33975911E-30
  0.39595960E+14  0.28309693E-31  0.34036827E-30
  0.39669421E+14  0.24942465E-31  0.34068768E-30
  0.39742883E+14  0.21084846E-31  0.34098644E-30
  0.39816345E+14  0.16573665E-31  0.34124567E-30
  0.39889807E+14  0.91833058E-32  0.34251618E-30
  0.39963269E+14  0.00000000E+00  0.33173291E-30
  0.40036731E+14  0.00000000E+00  0.32515204E-30
  0.40110193E+14  0.00000000E+00  0.32053077E-30
  0.40183655E+14  0.00000000E+00  0.31675811E-30
  0.40257117E+14  0.00000000E+00  0.31348538E-30
  0.40330579E+14  0.00000000E+00  0.31055054E-30
  0.40404040E+14  0.00000000E+00  0.30786298E-30
  0.40477502E+14  0.00000000E+00  0.30536613E-30
  0.40550964E+14  0.00000000E+00  0.30302192E-30
  0.40624426E+14  0.00000000E+00  0.30080336E-30
  0.40697888E+14  0.00000000E+00  0.29869049E-30
  0.40771350E+14  0.00000000E+00  0.29666810E-30
  0.40844812E+14  0.00000000E+00  0.29472430E-30
  0.40918274E+14  0.00000000E+00  0.29284957E-30
  0.40991736E+14  0.00000000E+00  0.29103619E-30
  0.41065197E+14  0.00000000E+00  0.28927778E-30
  0.41138659E+14  0.00000000E+00  0.28756899E-30
  0.41212121E+14  0.00000000E+00  0.28590532E-30
  0.41285583E+14  0.00000000E+00  0.28428292E-30
  0.41359045E+14  0.00000000E+00  0.28269845E-30
  0.41432507E+14  0.00000000E+00  0.28114904E-30
  0.41505969E+14  0.00000000E+00  0.27963217E-30
  0.41579431E+14  0.00000000E+00  0.27814561E-30
  0.41652893E+14  0.00000000E+00  0.27668740E-30
  0.41726354E+14  0.00000000E+00  0.27525578E-30
  0.41799816E+14  0.00000000E+00  0.27384919E-30
  0.41873278E+14  0.00000000E+00  0.27246623E-30
  0.41946740E+14  0.00000000E+00  0.27110562E-30
  0.42020202E+14  0.00000000E+00  0.26976622E-30
  0.42093664E+14  0.00000000E+00  0.26844698E-30
  0.42167126E+14  0.00000000E+00  0.26714695E-30
  0.42240588E+14  0.00000000E+00  0.26586524E-30
  0.42314050E+14  0.00000000E+00  0.26460107E-30
  0.42387511E+14  0.00000000E+00  0.26335370E-30
  0.42460973E+14  0.00000000E+00  0.26212244E-30
  0.42534435E+14  0.00000000E+00  0.26090667E-30
  0.42607897E+14  0.00000000E+00  0.25970580E-30
  0.42681359E+14  0.00000000E+00  0.25851929E-30
  0.42754821E+14  0.00000000E+00  0.25734663E-30
  0.42828283E+14  0.00000000E+00  0.25618736E-30
  0.42901745E+14  0.00000000E+00  0.25504104E-30
  0.42975207E+14  0.00000000E+00  0.25390724E-30
  0.43048669E+14  0.00000000E+00  0.25278559E-30
  0.43122130E+14  0.00000000E+00  0.25167572E-30
  0.43195592E+14  0.00000000E+00  0.25057729E-30
  0.43269054E+14  0.00000000E+00  0.24948997E-30
  0.43342516E+14  0.00000000E+00  0.24841346E-30
  0.43415978E+14  0.00000000E+00  0.24734747E-30
  0.43489440E+14  0.00000000E+00  0.24629172E-30
  0.43562902E+14  0.00000000E+00  0.24524597E-30
  0.43636364E+14  0.00000000E+00  0.24420995E-30
  0.43709826E+14  0.00000000E+00  0.24318345E-30
  0.43783287E+14  0.00000000E+00  0.24216623E-30
  0.43856749E+14  0.00000000E+00  0.24115808E-30
  0.43930211E+14  0.00000000E+00  0.24015881E-30
  0.44003673E+14  0.00000000E+00  0.23916821E-30
  0.44077135E+14  0.00000000E+00  0.23818610E-30
  0.44150597E+14  0.00000000E+00  0.23721232E-30
  0.44224059E+14  0.00000000E+00  0.23624668E-30
  0.44297521E+14  0.00000000E+00  0.23528903E-30
  0.44370983E+14  0.00000000E+00  0.23433920E-30
  0.44444444E+14  0.00000000E+00  0.23339706E-30
  0.44517906E+14  0.00000000E+00  0.23246246E-30
  0.44591368E+14  0.00000000E+00  0.23153525E-30
  0.44664830E+14  0.00000000E+00  0.23061532E-30
  0.44738292E+14  0.00000000E+00  0.22970252E-30
  0.44811754E+14  0.00000000E+00  0.22879673E-30
  0.44885216E+14  0.00000000E+00  0.22789785E-30
  0.44958678E+14  0.00000000E+00  0.22700574E-30
  0.45032140E+14  0.00000000E+00  0.22612030E-30
  0.45105601E+14  0.00000000E+00  0.22524143E-30
  0.45179063E+14  0.00000000E+00  0.22436902E-30
  0.45252525E+14  0.00000000E+00  0.22350296E-30
  0.45325987E+14  0.00000000E+00  0.22264317E-30
  0.45399449E+14  0.00000000E+00  0.22178955E-30
  0.45472911E+14  0.00000000E+00  0.22094200E-30
  0.45546373E+14  0.00000000E+00  0.22010043E-30
  0.45619835E+14  0.00000000E+00  0.21926477E-30
  0.45693297E+14  0.00000000E+00  0.21843493E-30
  0.45766758E+14  0.00000000E+00  0.21761082E-30
  0.45840220E+14  0.00000000E+00  0.21679237E-30
  0.45913682E+14  0.00000000E+00  0.21597950E-30
  0.45987144E+14  0.00000000E+00  0.21517213E-30
  0.46060606E+14  0.00000000E+00  0.21437020E-30
  0.46134068E+14  0.00000000E+00  0.21357363E-30
  0.46207530E+14  0.00000000E+00  0.21278236E-30
  0.46280992E+14  0.00000000E+00  0.21199631E-30
  0.46354454E+14  0.00000000E+00  0.21121542E-30
  0.46427916E+14  0.00000000E+00  0.21043962E-30
  0.46501377E+14  0.00000000E+00  0.20966886E-30
  0.46574839E+14  0.00000000E+00  0.20890307E-30
  0.46648301E+14  0.00000000E+00  0.20814220E-30
  0.46721763E+14  0.00000000E+00  0.20738618E-30
  0.46795225E+14  0.00000000E+00  0.20663495E-30
  0.46868687E+14  0.00000000E+00  0.20588847E-30
  0.46942149E+14  0.00000000E+00  0.20514668E-30
  0.47015611E+14  0.00000000E+00  0.20440952E-30
  0.47089073E+14  0.00000000E+00  0.20367695E-30
  0.47162534E+14  0.00000000E+00  0.20294891E-30
  0.47235996E+14  0.00000000E+00  0.20222534E-30
  0.47309458E+14  0.00000000E+00  0.20150622E-30
  0.47382920E+14  0.00000000E+00  0.20079147E-30
  0.47456382E+14  0.00000000E+00  0.20008107E-30
  0.47529844E+14  0.00000000E+00  0.19937496E-30
  0.47603306E+14  0.00000000E+00  0.19867309E-30
  0.47676768E+14  0.00000000E+00  0.19797543E-30
  0.47750230E+14  0.00000000E+00  0.19728193E-30
  0.47823691E+14  0.00000000E+00  0.19659254E-30
  0.47897153E+14  0.00000000E+00  0.19590723E-30
  0.47970615E+14  0.00000000E+00  0.19522595E-30
  0.48044077E+14  0.00000000E+00  0.19454867E-30
  0.48117539E+14  0.00000000E+00  0.19387534E-30
  0.48191001E+14  0.00000000E+00  0.19320592E-30
  0.48264463E+14  0.00000000E+00  0.19254039E-30
  0.48337925E+14  0.00000000E+00  0.19187869E-30
  0.48411387E+14  0.00000000E+00  0.19122080E-30
  0.48484848E+14  0.00000000E+00  0.19056667E-30
  0.48558310E+14  0.00000000E+00  0.18991627E-30
  0.48631772E+14  0.00000000E+00  0.18926957E-30
  0.48705234E+14  0.00000000E+00  0.18862653E-30
  0.48778696E+14  0.00000000E+00  0.18798711E-30
  0.48852158E+14  0.00000000E+00  0.18735130E-30
  0.48925620E+14  0.00000000E+00  0.18671904E-30
  0.48999082E+14  0.00000000E+00  0.18609031E-30
  0.49072544E+14  0.00000000E+00  0.18546507E-30
  0.49146006E+14  0.00000000E+00  0.18484331E-30
  0.49219467E+14  0.00000000E+00  0.18422497E-30
  0.49292929E+14  0.00000000E+00  0.18361004E-30
  0.49366391E+14  0.00000000E+00  0.18299849E-30
  0.49439853E+14  0.00000000E+00  0.18239028E-30
  0.49513315E+14  0.00000000E+00  0.18178538E-30
  0.49586777E+14  0.00000000E+00  0.18118377E-30
  0.49660239E+14  0.00000000E+00  0.18058542E-30
  0.49733701E+14  0.00000000E+00  0.17999030E-30
  0.49807163E+14  0.00000000E+00  0.17939839E-30
  0.49880624E+14  0.00000000E+00  0.17880964E-30
  0.49954086E+14  0.00000000E+00  0.17822405E-30
  0.50027548E+14  0.00000000E+00  0.17764158E-30
  0.50101010E+14  0.00000000E+00  0.17706221E-30
  0.50174472E+14  0.00000000E+00  0.17648591E-30
  0.50247934E+14  0.00000000E+00  0.17591266E-30
  0.50321396E+14  0.00000000E+00  0.17534242E-30
  0.50394858E+14  0.00000000E+00  0.17477518E-30
  0.50468320E+14  0.00000000E+00  0.17421092E-30
  0.50541781E+14  0.00000000E+00  0.17364960E-30
  0.50615243E+14  0.00000000E+00  0.17309121E-30
  0.50688705E+14  0.00000000E+00  0.17253571E-30
  0.50762167E+14  0.00000000E+00  0.17198310E-30
  0.50835629E+14  0.00000000E+00  0.17143334E-30
  0.50909091E+14  0.00000000E+00  0.17088641E-30
  0.50982553E+14  0.00000000E+00  0.17034230E-30
  0.51056015E+14  0.00000000E+00  0.16980097E-30
  0.51129477E+14  0.00000000E+00  0.16926240E-30
  0.51202938E+14  0.00000000E+00  0.16872659E-30
  0.51276400E+14  0.00000000E+00  0.16819349E-30
  0.51349862E+14  0.00000000E+00  0.16766310E-30
  0.51423324E+14  0.00000000E+00  0.16713539E-30
  0.51496786E+14  0.00000000E+00  0.16661035E-30
  0.51570248E+14  0.00000000E+00  0.16608794E-30
  0.51643710E+14  0.00000000E+00  0.16556816E-30
  0.51717172E+14  0.00000000E+00  0.16505098E-30
  0.51790634E+14  0.00000000E+00  0.16453638E-30
  0.51864096E+14  0.00000000E+00  0.16402434E-30
  0.51937557E+14  0.00000000E+00  0.16351485E-30
  0.52011019E+14  0.00000000E+00  0.16300788E-30
  0.52084481E+14  0.00000000E+00  0.16250342E-30
  0.52157943E+14  0.00000000E+00  0.16200145E-30
  0.52231405E+14  0.00000000E+00  0.16150195E-30
  0.52304867E+14  0.00000000E+00  0.16100490E-30
  0.52378329E+14  0.00000000E+00  0.16051028E-30
  0.52451791E+14  0.00000000E+00  0.16001808E-30
  0.52525253E+14  0.00000000E+00  0.15952828E-30
  0.52598714E+14  0.00000000E+00  0.15904086E-30
  0.52672176E+14  0.00000000E+00  0.15855580E-30
  0.52745638E+14  0.00000000E+00  0.15807310E-30
  0.52819100E+14  0.00000000E+00  0.15759272E-30
  0.52892562E+14  0.00000000E+00  0.15711466E-30
  0.52966024E+14  0.00000000E+00  0.15663889E-30
  0.53039486E+14  0.00000000E+00  0.15616541E-30
  0.53112948E+14  0.00000000E+00  0.15569419E-30
  0.53186410E+14  0.00000000E+00  0.15522523E-30
  0.53259871E+14  0.00000000E+00  0.15475849E-30
  0.53333333E+14  0.00000000E+00  0.15429398E-30
  0.53406795E+14  0.00000000E+00  0.15383167E-30
  0.53480257E+14  0.00000000E+00  0.15337155E-30
  0.53553719E+14  0.00000000E+00  0.15291360E-30
  0.53627181E+14  0.00000000E+00  0.15245781E-30
  0.53700643E+14  0.00000000E+00  0.15200416E-30
  0.53774105E+14  0.00000000E+00  0.15155264E-30
  0.53847567E+14  0.00000000E+00  0.15110323E-30
  0.53921028E+14  0.00000000E+00  0.15065593E-30
  0.53994490E+14  0.00000000E+00  0.15021071E-30
  0.54067952E+14  0.00000000E+00  0.14976756E-30
  0.54141414E+14  0.00000000E+00  0.14932647E-30
  0.54214876E+14  0.00000000E+00  0.14888742E-30
  0.54288338E+14  0.00000000E+00  0.14845041E-30
  0.54361800E+14  0.00000000E+00  0.14801540E-30
  0.54435262E+14  0.00000000E+00  0.14758241E-30
  0.54508724E+14  0.00000000E+00  0.14715140E-30
  0.54582185E+14  0.00000000E+00  0.14672237E-30
  0.54655647E+14  0.00000000E+00  0.14629530E-30
  0.54729109E+14  0.00000000E+00  0.14587019E-30
  0.54802571E+14  0.00000000E+00  0.14544701E-30
  0.54876033E+14  0.00000000E+00  0.14502575E-30
  0.54949495E+14  0.00000000E+00  0.14460641E-30
  0.55022957E+14  0.00000000E+00  0.14418897E-30
  0.55096419E+14  0.00000000E+00  0.14377342E-30
  0.55169881E+14  0.00000000E+00  0.14335975E-30
  0.55243343E+14  0.00000000E+00  0.14294793E-30
  0.55316804E+14  0.00000000E+00  0.14253797E-30
  0.55390266E+14  0.00000000E+00  0.14212985E-30
  0.55463728E+14  0.00000000E+00  0.14172356E-30
  0.55537190E+14  0.00000000E+00  0.14131908E-30
  0.55610652E+14  0.00000000E+00  0.14091641E-30
  0.55684114E+14  0.00000000E+00  0.14051553E-30
  0.55757576E+14  0.00000000E+00  0.14011643E-30
  0.55831038E+14  0.00000000E+00  0.13971911E-30
  0.55904500E+14  0.00000000E+00  0.13932354E-30
  0.55977961E+14  0.00000000E+00  0.13892972E-30
  0.56051423E+14  0.00000000E+00  0.13853764E-30
  0.56124885E+14  0.00000000E+00  0.13814729E-30
  0.56198347E+14  0.00000000E+00  0.13775865E-30
  0.56271809E+14  0.00000000E+00  0.13737171E-30
  0.56345271E+14  0.00000000E+00  0.13698647E-30
  0.56418733E+14  0.00000000E+00  0.13660292E-30
  0.56492195E+14  0.00000000E+00  0.13622104E-30
  0.56565657E+14  0.00000000E+00  0.13584082E-30
  0.56639118E+14  0.00000000E+00  0.13546225E-30
  0.56712580E+14  0.00000000E+00  0.13508533E-30
  0.56786042E+14  0.00000000E+00  0.13471004E-30
  0.56859504E+14  0.00000000E+00  0.13433637E-30
  0.56932966E+14  0.00000000E+00  0.13396432E-30
  0.57006428E+14  0.00000000E+00  0.13359387E-30
  0.57079890E+14  0.00000000E+00  0.13322501E-30
  0.57153352E+14  0.00000000E+00  0.13285773E-30
  0.57226814E+14  0.00000000E+00  0.13249203E-30
  0.57300275E+14  0.00000000E+00  0.13212790E-30
  0.57373737E+14  0.00000000E+00  0.13176532E-30
  0.57447199E+14  0.00000000E+00  0.13140428E-30
  0.57520661E+14  0.00000000E+00  0.13104478E-30
  0.57594123E+14  0.00000000E+00  0.13068681E-30
  0.57667585E+14  0.00000000E+00  0.13033036E-30
  0.57741047E+14  0.00000000E+00  0.12997542E-30
  0.57814509E+14  0.00000000E+00  0.12962197E-30
  0.57887971E+14  0.00000000E+00  0.12927002E-30
  0.57961433E+14  0.00000000E+00  0.12891955E-30
  0.58034894E+14  0.00000000E+00  0.12857056E-30
  0.58108356E+14  0.00000000E+00  0.12822303E-30
  0.58181818E+14  0.00000000E+00  0.12787695E-30
  0.58255280E+14  0.00000000E+00  0.12753233E-30
  0.58328742E+14  0.00000000E+00  0.12718914E-30
  0.58402204E+14  0.00000000E+00  0.12684738E-30
  0.58475666E+14  0.00000000E+00  0.12650705E-30
  0.58549128E+14  0.00000000E+00  0.12616813E-30
  0.58622590E+14  0.00000000E+00  0.12583062E-30
  0.58696051E+14  0.00000000E+00  0.12549450E-30
  0.58769513E+14  0.00000000E+00  0.12515978E-30
  0.58842975E+14  0.00000000E+00  0.12482644E-30
  0.58916437E+14  0.00000000E+00  0.12449447E-30
  0.58989899E+14  0.00000000E+00  0.12416386E-30
  0.59063361E+14  0.00000000E+00  0.12383462E-30
  0.59136823E+14  0.00000000E+00  0.12350673E-30
  0.59210285E+14  0.00000000E+00  0.12318017E-30
  0.59283747E+14  0.00000000E+00  0.12285496E-30
  0.59357208E+14  0.00000000E+00  0.12253107E-30
  0.59430670E+14  0.00000000E+00  0.12220850E-30
  0.59504132E+14  0.00000000E+00  0.12188724E-30
  0.59577594E+14  0.00000000E+00  0.12156729E-30
  0.59651056E+14  0.00000000E+00  0.12124864E-30
  0.59724518E+14  0.00000000E+00  0.12093127E-30
  0.59797980E+14  0.00000000E+00  0.12061519E-30
  0.59871442E+14  0.00000000E+00  0.12030039E-30
  0.59944904E+14  0.00000000E+00  0.11998685E-30
  0.60018365E+14  0.00000000E+00  0.11967457E-30
  0.60091827E+14  0.00000000E+00  0.11936355E-30
  0.60165289E+14  0.00000000E+00  0.11905378E-30
  0.60238751E+14  0.00000000E+00  0.11874525E-30
  0.60312213E+14  0.00000000E+00  0.11843795E-30
  0.60385675E+14  0.00000000E+00  0.11813188E-30
  0.60459137E+14  0.00000000E+00  0.11782702E-30
  0.60532599E+14  0.00000000E+00  0.11752339E-30
  0.60606061E+14  0.00000000E+00  0.11722095E-30
  0.60679522E+14  0.00000000E+00  0.11691972E-30
  0.60752984E+14  0.00000000E+00  0.11661968E-30
  0.60826446E+14  0.00000000E+00  0.11632083E-30
  0.60899908E+14  0.00000000E+00  0.11602316E-30
  0.60973370E+14  0.00000000E+00  0.11572666E-30
  0.61046832E+14  0.00000000E+00  0.11543133E-30
  0.61120294E+14  0.00000000E+00  0.11513716E-30
  0.61193756E+14  0.00000000E+00  0.11484414E-30
  0.61267218E+14  0.00000000E+00  0.11455228E-30
  0.61340680E+14  0.00000000E+00  0.11426155E-30
  0.61414141E+14  0.00000000E+00  0.11397197E-30
  0.61487603E+14  0.00000000E+00  0.11368351E-30
  0.61561065E+14  0.00000000E+00  0.11339617E-30
  0.61634527E+14  0.00000000E+00  0.11310996E-30
  0.61707989E+14  0.00000000E+00  0.11282485E-30
  0.61781451E+14  0.00000000E+00  0.11254085E-30
  0.61854913E+14  0.00000000E+00  0.11225795E-30
  0.61928375E+14  0.00000000E+00  0.11197615E-30
  0.62001837E+14  0.00000000E+00  0.11169543E-30
  0.62075298E+14  0.00000000E+00  0.11141580E-30
  0.62148760E+14  0.00000000E+00  0.11113724E-30
  0.62222222E+14  0.00000000E+00  0.11085975E-30
  0.62295684E+14  0.00000000E+00  0.11058333E-30
  0.62369146E+14  0.00000000E+00  0.11030797E-30
  0.62442608E+14  0.00000000E+00  0.11003366E-30
  0.62516070E+14  0.00000000E+00  0.10976040E-30
  0.62589532E+14  0.00000000E+00  0.10948818E-30
  0.62662994E+14  0.00000000E+00  0.10921700E-30
  0.62736455E+14  0.00000000E+00  0.10894686E-30
  0.62809917E+14  0.00000000E+00  0.10867774E-30
  0.62883379E+14  0.00000000E+00  0.10840964E-30
  0.62956841E+14  0.00000000E+00  0.10814255E-30
  0.63030303E+14  0.00000000E+00  0.10787648E-30
  0.63103765E+14  0.00000000E+00  0.10761141E-30
  0.63177227E+14  0.00000000E+00  0.10734734E-30
  0.63250689E+14  0.00000000E+00  0.10708427E-30
  0.63324151E+14  0.00000000E+00  0.10682219E-30
  0.63397612E+14  0.00000000E+00  0.10656109E-30
  0.63471074E+14  0.00000000E+00  0.10630097E-30
  0.63544536E+14  0.00000000E+00  0.10604182E-30
  0.63617998E+14  0.00000000E+00  0.10578365E-30
  0.63691460E+14  0.00000000E+00  0.10552644E-30
  0.63764922E+14  0.00000000E+00  0.10527019E-30
  0.63838384E+14  0.00000000E+00  0.10501489E-30
  0.63911846E+14  0.00000000E+00  0.10476054E-30
  0.63985308E+14  0.00000000E+00  0.10450714E-30
  0.64058770E+14  0.00000000E+00  0.10425468E-30
  0.64132231E+14  0.00000000E+00  0.10400315E-30
  0.64205693E+14  0.00000000E+00  0.10375256E-30
  0.64279155E+14  0.00000000E+00  0.10350289E-30
  0.64352617E+14  0.00000000E+00  0.10325414E-30
  0.64426079E+14  0.00000000E+00  0.10300631E-30
  0.64499541E+14  0.00000000E+00  0.10275938E-30
  0.64573003E+14  0.00000000E+00  0.10251337E-30
  0.64646465E+14  0.00000000E+00  0.10226826E-30
  0.64719927E+14  0.00000000E+00  0.10202405E-30
  0.64793388E+14  0.00000000E+00  0.10178073E-30
  0.64866850E+14  0.00000000E+00  0.10153830E-30
  0.64940312E+14  0.00000000E+00  0.10129675E-30
  0.65013774E+14  0.00000000E+00  0.10105608E-30
  0.65087236E+14  0.00000000E+00  0.10081629E-30
  0.65160698E+14  0.00000000E+00  0.10057738E-30
  0.65234160E+14  0.00000000E+00  0.10033932E-30
  0.65307622E+14  0.00000000E+00  0.10010214E-30
  0.65381084E+14  0.00000000E+00  0.99865806E-31
  0.65454545E+14  0.00000000E+00  0.99630331E-31
  0.65528007E+14  0.00000000E+00  0.99395705E-31
  0.65601469E+14  0.00000000E+00  0.99161925E-31
  0.65674931E+14  0.00000000E+00  0.98928987E-31
  0.65748393E+14  0.00000000E+00  0.98696887E-31
  0.65821855E+14  0.00000000E+00  0.98465619E-31
  0.65895317E+14  0.00000000E+00  0.98235182E-31
  0.65968779E+14  0.00000000E+00  0.98005569E-31
  0.66042241E+14  0.00000000E+00  0.97776778E-31
  0.66115702E+14  0.00000000E+00  0.97548803E-31
  0.66189164E+14  0.00000000E+00  0.97321642E-31
  0.66262626E+14  0.00000000E+00  0.97095290E-31
  0.66336088E+14  0.00000000E+00  0.96869744E-31
  0.66409550E+14  0.00000000E+00  0.96644999E-31
  0.66483012E+14  0.00000000E+00  0.96421051E-31
  0.66556474E+14  0.00000000E+00  0.96197897E-31
  0.66629936E+14  0.00000000E+00  0.95975532E-31
  0.66703398E+14  0.00000000E+00  0.95753954E-31
  0.66776860E+14  0.00000000E+00  0.95533158E-31
  0.66850321E+14  0.00000000E+00  0.95313140E-31
  0.66923783E+14  0.00000000E+00  0.95093897E-31
  0.66997245E+14  0.00000000E+00  0.94875424E-31
  0.67070707E+14  0.00000000E+00  0.94657719E-31
  0.67144169E+14  0.00000000E+00  0.94440778E-31
  0.67217631E+14  0.00000000E+00  0.94224596E-31
  0.67291093E+14  0.00000000E+00  0.94009170E-31
  0.67364555E+14  0.00000000E+00  0.93794498E-31
  0.67438017E+14  0.00000000E+00  0.93580574E-31
  0.67511478E+14  0.00000000E+00  0.93367395E-31
  0.67584940E+14  0.00000000E+00  0.93154959E-31
  0.67658402E+14  0.00000000E+00  0.92943261E-31
  0.67731864E+14  0.00000000E+00  0.92732298E-31
  0.67805326E+14  0.00000000E+00  0.92522066E-31
  0.67878788E+14  0.00000000E+00  0.92312562E-31
  0.67952250E+14  0.00000000E+00  0.92103783E-31
  0.68025712E+14  0.00000000E+00  0.91895725E-31
  0.68099174E+14  0.00000000E+00  0.91688385E-31
  0.68172635E+14  0.00000000E+00  0.91481759E-31
  0.68246097E+14  0.00000000E+00  0.91275844E-31
  0.68319559E+14  0.00000000E+00  0.91070636E-31
  0.68393021E+14  0.00000000E+00  0.90866133E-31
  0.68466483E+14  0.00000000E+00  0.90662331E-31
  0.68539945E+14  0.00000000E+00  0.90459227E-31
  0.68613407E+14  0.00000000E+00  0.90256817E-31
  0.68686869E+14  0.00000000E+00  0.90055099E-31
  0.68760331E+14  0.00000000E+00  0.89854068E-31
  0.68833792E+14  0.00000000E+00  0.89653723E-31
  0.68907254E+14  0.00000000E+00  0.89454059E-31
  0.68980716E+14  0.00000000E+00  0.89255074E-31
  0.69054178E+14  0.00000000E+00  0.89056764E-31
  0.69127640E+14  0.00000000E+00  0.88859126E-31
  0.69201102E+14  0.00000000E+00  0.88662157E-31
  0.69274564E+14  0.00000000E+00  0.88465855E-31
  0.69348026E+14  0.00000000E+00  0.88270216E-31
  0.69421488E+14  0.00000000E+00  0.88075236E-31
  0.69494949E+14  0.00000000E+00  0.87880914E-31
  0.69568411E+14  0.00000000E+00  0.87687245E-31
  0.69641873E+14  0.00000000E+00  0.87494227E-31
  0.69715335E+14  0.00000000E+00  0.87301858E-31
  0.69788797E+14  0.00000000E+00  0.87110133E-31
  0.69862259E+14  0.00000000E+00  0.86919050E-31
  0.69935721E+14  0.00000000E+00  0.86728607E-31
  0.70009183E+14  0.00000000E+00  0.86538799E-31
  0.70082645E+14  0.00000000E+00  0.86349625E-31
  0.70156107E+14  0.00000000E+00  0.86161082E-31
  0.70229568E+14  0.00000000E+00  0.85973166E-31
  0.70303030E+14  0.00000000E+00  0.85785874E-31
  0.70376492E+14  0.00000000E+00  0.85599205E-31
  0.70449954E+14  0.00000000E+00  0.85413155E-31
  0.70523416E+14  0.00000000E+00  0.85227721E-31
  0.70596878E+14  0.00000000E+00  0.85042901E-31
  0.70670340E+14  0.00000000E+00  0.84858691E-31
  0.70743802E+14  0.00000000E+00  0.84675090E-31
  0.70817264E+14  0.00000000E+00  0.84492094E-31
  0.70890725E+14  0.00000000E+00  0.84309700E-31
  0.70964187E+14  0.00000000E+00  0.84127906E-31
  0.71037649E+14  0.00000000E+00  0.83946710E-31
  0.71111111E+14  0.00000000E+00  0.83766108E-31
  0.71184573E+14  0.00000000E+00  0.83586098E-31
  0.71258035E+14  0.00000000E+00  0.83406678E-31
  0.71331497E+14  0.00000000E+00  0.83227844E-31
  0.71404959E+14  0.00000000E+00  0.83049594E-31
  0.71478421E+14  0.00000000E+00  0.82871925E-31
  0.71551882E+14  0.00000000E+00  0.82694836E-31
  0.71625344E+14  0.00000000E+00  0.82518323E-31
  0.71698806E+14  0.00000000E+00  0.82342383E-31
  0.71772268E+14  0.00000000E+00  0.82167015E-31
  0.71845730E+14  0.00000000E+00  0.81992216E-31
  0.71919192E+14  0.00000000E+00  0.81817982E-31
  0.71992654E+14  0.00000000E+00  0.81644313E-31
  0.72066116E+14  0.00000000E+00  0.81471205E-31
  0.72139578E+14  0.00000000E+00  0.81298655E-31
  0.72213039E+14  0.00000000E+00  0.81126662E-31
  0.72286501E+14  0.00000000E+00  0.80955223E-31
  0.72359963E+14  0.00000000E+00  0.80784335E-31
  0.72433425E+14  0.00000000E+00  0.80613997E-31
  0.72506887E+14  0.00000000E+00  0.80444205E-31
  0.72580349E+14  0.00000000E+00  0.80274957E-31
  0.72653811E+14  0.00000000E+00  0.80106252E-31
  0.72727273E+14  0.00000000E+00  0.79938086E-31
  0.72800735E+14  0.00000000E+00  0.79770457E-31
  0.72874197E+14  0.00000000E+00  0.79603363E-31
  0.72947658E+14  0.00000000E+00  0.79436802E-31
  0.73021120E+14  0.00000000E+00  0.79270771E-31
  0.73094582E+14  0.00000000E+00  0.79105268E-31
  0.73168044E+14  0.00000000E+00  0.78940291E-31
  0.73241506E+14  0.00000000E+00  0.78775837E-31
  0.73314968E+14  0.00000000E+00  0.78611905E-31
  0.73388430E+14  0.00000000E+00  0.78448491E-31
  0.73461892E+14  0.00000000E+00  0.78285595E-31
  0.73535354E+14  0.00000000E+00  0.78123212E-31
  0.73608815E+14  0.00000000E+00  0.77961343E-31
  0.73682277E+14  0.00000000E+00  0.77799983E-31
  0.73755739E+14  0.00000000E+00  0.77639131E-31
  0.73829201E+14  0.00000000E+00  0.77478785E-31
  0.73902663E+14  0.00000000E+00  0.77318943E-31
  0.73976125E+14  0.00000000E+00  0.77159602E-31
  0.74049587E+14  0.00000000E+00  0.77000761E-31
  0.74123049E+14  0.00000000E+00  0.76842416E-31
  0.74196511E+14  0.00000000E+00  0.76684567E-31
  0.74269972E+14  0.00000000E+00  0.76527211E-31
  0.74343434E+14  0.00000000E+00  0.76370346E-31
  0.74416896E+14  0.00000000E+00  0.76213970E-31
  0.74490358E+14  0.00000000E+00  0.76058081E-31
  0.74563820E+14  0.00000000E+00  0.75902676E-31
  0.74637282E+14  0.00000000E+00  0.75747754E-31
  0.74710744E+14  0.00000000E+00  0.75593313E-31
  0.74784206E+14  0.00000000E+00  0.75439351E-31
  0.74857668E+14  0.00000000E+00  0.75285865E-31
  0.74931129E+14  0.00000000E+00  0.75132853E-31
  0.75004591E+14  0.00000000E+00  0.74980315E-31
  0.75078053E+14  0.00000000E+00  0.74828247E-31
  0.75151515E+14  0.00000000E+00  0.74676648E-31
  0.75224977E+14  0.00000000E+00  0.74525516E-31
  0.75298439E+14  0.00000000E+00  0.74374848E-31
  0.75371901E+14  0.00000000E+00  0.74224644E-31
  0.75445363E+14  0.00000000E+00  0.74074900E-31
  0.75518825E+14  0.00000000E+00  0.73925615E-31
  0.75592287E+14  0.00000000E+00  0.73776788E-31
  0.75665748E+14  0.00000000E+00  0.73628416E-31
  0.75739210E+14  0.00000000E+00  0.73480497E-31
  0.75812672E+14  0.00000000E+00  0.73333030E-31
  0.75886134E+14  0.00000000E+00  0.73186012E-31
  0.75959596E+14  0.00000000E+00  0.73039442E-31
  0.76033058E+14  0.00000000E+00  0.72893318E-31
  0.76106520E+14  0.00000000E+00  0.72747638E-31
  0.76179982E+14  0.00000000E+00  0.72602401E-31
  0.76253444E+14  0.00000000E+00  0.72457603E-31
  0.76326905E+14  0.00000000E+00  0.72313245E-31
  0.76400367E+14  0.00000000E+00  0.72169323E-31
  0.76473829E+14  0.00000000E+00  0.72025837E-31
  0.76547291E+14  0.00000000E+00  0.71882783E-31
  0.76620753E+14  0.00000000E+00  0.71740161E-31
  0.76694215E+14  0.00000000E+00  0.71597969E-31
  0.76767677E+14  0.00000000E+00  0.71456205E-31
  0.76841139E+14  0.00000000E+00  0.71314867E-31
  0.76914601E+14  0.00000000E+00  0.71173954E-31
  0.76988062E+14  0.00000000E+00  0.71033464E-31
  0.77061524E+14  0.00000000E+00  0.70893394E-31
  0.77134986E+14  0.00000000E+00  0.70753744E-31
  0.77208448E+14  0.00000000E+00  0.70614512E-31
  0.77281910E+14  0.00000000E+00  0.70475695E-31
  0.77355372E+14  0.00000000E+00  0.70337293E-31
  0.77428834E+14  0.00000000E+00  0.70199304E-31
  0.77502296E+14  0.00000000E+00  0.70061725E-31
  0.77575758E+14  0.00000000E+00  0.69924556E-31
  0.77649219E+14  0.00000000E+00  0.69787795E-31
  0.77722681E+14  0.00000000E+00  0.69651439E-31
  0.77796143E+14  0.00000000E+00  0.69515488E-31
  0.77869605E+14  0.00000000E+00  0.69379940E-31
  0.77943067E+14  0.00000000E+00  0.69244793E-31
  0.78016529E+14  0.00000000E+00  0.69110045E-31
  0.78089991E+14  0.00000000E+00  0.68975696E-31
  0.78163453E+14  0.00000000E+00  0.68841743E-31
  0.78236915E+14  0.00000000E+00  0.68708184E-31
  0.78310376E+14  0.00000000E+00  0.68575019E-31
  0.78383838E+14  0.00000000E+00  0.68442246E-31
  0.78457300E+14  0.00000000E+00  0.68309862E-31
  0.78530762E+14  0.00000000E+00  0.68177867E-31
  0.78604224E+14  0.00000000E+00  0.68046260E-31
  0.78677686E+14  0.00000000E+00  0.67915037E-31
  0.78751148E+14  0.00000000E+00  0.67784199E-31
  0.78824610E+14  0.00000000E+00  0.67653743E-31
  0.78898072E+14  0.00000000E+00  0.67523668E-31
  0.78971534E+14  0.00000000E+00  0.67393972E-31
  0.79044995E+14  0.00000000E+00  0.67264655E-31
  0.79118457E+14  0.00000000E+00  0.67135714E-31
  0.79191919E+14  0.00000000E+00  0.67007148E-31
  0.79265381E+14  0.00000000E+00  0.66878955E-31
  0.79338843E+14  0.00000000E+00  0.66751134E-31
  0.79412305E+14  0.00000000E+00  0.66623684E-31
  0.79485767E+14  0.00000000E+00  0.66496603E-31
  0.79559229E+14  0.00000000E+00  0.66369890E-31
  0.79632691E+14  0.00000000E+00  0.66243543E-31
  0.79706152E+14  0.00000000E+00  0.66117560E-31
  0.79779614E+14  0.00000000E+00  0.65991942E-31
  0.79853076E+14  0.00000000E+00  0.65866685E-31
  0.79926538E+14  0.00000000E+00  0.65741788E-31
  0.80000000E+14  0.00000000E+00  0.65617251E-31
