  0.47829938E+11  0.87858298E-28 -0.30878131E-27
  0.95659876E+11 -0.49173435E-28 -0.23910199E-27
  0.14348981E+12 -0.23902977E-27 -0.43676462E-27
  0.19131975E+12  0.40156174E-29 -0.98415900E-27
  0.23914969E+12  0.82958320E-27 -0.54628987E-27
  0.28697963E+12  0.53186354E-27 -0.32764829E-28
  0.33480957E+12  0.25538262E-27 -0.76209265E-28
  0.38263950E+12  0.40259840E-27  0.42933113E-27
  0.43046944E+12 -0.72732774E-28 -0.12610884E-26
  0.47829938E+12  0.55746919E-27 -0.19765426E-27
  0.52612932E+12  0.80706298E-27 -0.18774972E-27
  0.57395926E+12  0.11134464E-26  0.44324830E-27
  0.62178919E+12  0.94012652E-28 -0.40321425E-28
  0.66961913E+12  0.98570100E-28  0.10526295E-26
  0.71744907E+12  0.19526007E-27 -0.46118148E-28
  0.76527901E+12  0.96026782E-28  0.42228390E-27
  0.81310895E+12 -0.72253780E-27 -0.33682159E-27
  0.86093888E+12  0.13672000E-26  0.54108422E-29
  0.90876882E+12 -0.33543722E-27  0.68356571E-27
  0.95659876E+12 -0.52082871E-28 -0.25185397E-28
  0.10044287E+13  0.64821573E-28  0.41813694E-27
  0.10522586E+13 -0.56581328E-27 -0.30798614E-27
  0.11000886E+13 -0.13117313E-27 -0.20944220E-27
  0.11479185E+13  0.57990073E-27 -0.83670903E-27
  0.11957484E+13  0.11314490E-26  0.42561074E-27
  0.12435784E+13  0.22937207E-27  0.76779186E-27
  0.12914083E+13 -0.26953523E-27  0.66715022E-27
  0.13392383E+13 -0.83628900E-27  0.19486937E-27
  0.13870682E+13 -0.39218785E-27 -0.42626645E-27
  0.14348981E+13  0.36998310E-27 -0.73497955E-27
  0.14827281E+13  0.65540684E-27  0.82619912E-29
  0.15305580E+13  0.59243843E-27  0.30847869E-27
  0.15783880E+13  0.34057099E-27  0.49171607E-27
  0.16262179E+13  0.20743225E-27  0.46806753E-27
  0.16740478E+13 -0.84601483E-27  0.28772142E-28
  0.17218778E+13  0.36865024E-27 -0.10319210E-26
  0.17697077E+13  0.13246637E-26  0.42860983E-27
  0.18175376E+13  0.33847032E-27  0.15854297E-26
  0.18653676E+13 -0.13497181E-26  0.10297544E-26
  0.19131975E+13 -0.14914144E-26 -0.56793371E-27
  0.19610275E+13  0.17730003E-27 -0.16647485E-26
  0.20088574E+13  0.11678397E-26 -0.50140786E-27
  0.20566873E+13  0.10961521E-26  0.51033594E-27
  0.21045173E+13  0.47945340E-27  0.13285709E-26
  0.21523472E+13 -0.87509736E-27  0.82198651E-27
  0.22001771E+13 -0.35509691E-27  0.53975293E-28
  0.22480071E+13 -0.37764731E-27 -0.31053481E-27
  0.22958370E+13  0.96815843E-27 -0.68627064E-27
  0.23436670E+13  0.10390491E-26  0.78045727E-27
  0.23914969E+13 -0.60328025E-27  0.15496942E-26
  0.24393268E+13 -0.16342091E-26 -0.47801215E-27
  0.24871568E+13  0.64245894E-27 -0.16217872E-26
  0.25349867E+13  0.17115568E-26 -0.12568401E-27
  0.25828167E+13  0.42056760E-27  0.17839945E-26
  0.26306466E+13 -0.35478664E-27  0.10220521E-26
  0.26784765E+13 -0.74765867E-27  0.37194413E-27
  0.27263065E+13 -0.81950580E-27  0.30971558E-28
  0.27741364E+13 -0.72020431E-27 -0.63331691E-27
  0.28219663E+13  0.59235258E-27 -0.11207097E-26
  0.28697963E+13  0.16397456E-26  0.56625376E-27
  0.29176262E+13 -0.66104896E-27  0.13450991E-26
  0.29654562E+13 -0.78382228E-27 -0.10676617E-27
  0.30132861E+13 -0.24967078E-27 -0.10472644E-26
  0.30611160E+13  0.11562258E-26 -0.34753614E-27
  0.31089460E+13  0.15688035E-26  0.85757575E-27
  0.31567759E+13  0.21293769E-28  0.14483519E-26
  0.32046058E+13 -0.10023853E-26  0.11727189E-26
  0.32524358E+13 -0.96446742E-27 -0.37014529E-27
  0.33002657E+13  0.14026724E-27 -0.95707756E-27
  0.33480957E+13  0.52823935E-27  0.13667016E-28
  0.33959256E+13  0.98830141E-27  0.10066829E-26
  0.34437555E+13 -0.35600106E-27  0.73810345E-27
  0.34915855E+13 -0.14216134E-26  0.76756886E-27
  0.35394154E+13 -0.61652730E-27 -0.65718544E-27
  0.35872453E+13  0.65274407E-27 -0.10510794E-26
  0.36350753E+13  0.12145753E-26 -0.44995456E-27
  0.36829052E+13  0.32669166E-27  0.15617496E-26
  0.37307352E+13  0.62173074E-27  0.10945807E-26
  0.37785651E+13 -0.74574446E-27  0.19261581E-26
  0.38263950E+13 -0.20562335E-26  0.91672412E-28
  0.38742250E+13 -0.94422666E-27 -0.10004010E-26
  0.39220549E+13  0.76735240E-27 -0.12706623E-26
  0.39698849E+13  0.60375672E-27  0.35183288E-27
  0.40177148E+13  0.12793861E-29 -0.87968586E-28
  0.40655447E+13  0.55248273E-27 -0.25408420E-27
  0.41133747E+13  0.22506290E-27 -0.57500956E-28
  0.41612046E+13  0.17802407E-26  0.57791318E-27
  0.42090345E+13 -0.86362770E-27  0.18615896E-26
  0.42568645E+13 -0.14216293E-26 -0.18382803E-27
  0.43046944E+13 -0.50385406E-28  0.12856993E-27
  0.43525244E+13 -0.41233232E-27  0.49619309E-27
  0.44003543E+13 -0.15988304E-27 -0.92736647E-27
  0.44481842E+13  0.21570999E-26  0.66091140E-27
  0.44960142E+13 -0.99075932E-27  0.18675175E-26
  0.45438441E+13 -0.48118001E-27  0.53153614E-27
  0.45916740E+13 -0.86017854E-27  0.36926258E-27
  0.46395040E+13 -0.53672467E-27 -0.17005774E-26
  0.46873339E+13  0.18390543E-26 -0.42993243E-27
  0.47351639E+13  0.16376365E-26  0.11768294E-26
  0.47829938E+13 -0.67609199E-27  0.24400273E-26
  0.48308237E+13 -0.15019051E-26  0.55174461E-27
  0.48786537E+13 -0.11760239E-26 -0.20386461E-27
  0.49264836E+13  0.49623666E-27 -0.37878162E-27
  0.49743136E+13  0.12738651E-26 -0.35137035E-27
  0.50221435E+13  0.60683253E-27  0.18697717E-26
  0.50699734E+13 -0.45569390E-27  0.17736112E-26
  0.51178034E+13 -0.18719660E-26  0.18655271E-27
  0.51656333E+13 -0.70242337E-27 -0.31742604E-27
  0.52134632E+13  0.11464176E-26  0.10613264E-27
  0.52612932E+13  0.75688335E-27  0.25093351E-26
  0.53091231E+13 -0.24689047E-26  0.18672820E-26
  0.53569531E+13 -0.22567468E-26  0.12650896E-27
  0.54047830E+13 -0.13524488E-26  0.37638686E-27
  0.54526129E+13  0.77471230E-27 -0.11677266E-27
  0.55004429E+13 -0.39892254E-27  0.13812884E-26
  0.55482728E+13 -0.46186766E-26  0.10986280E-26
  0.55961027E+13  0.78926557E-27 -0.11751984E-26
  0.56439327E+13 -0.21759535E-26 -0.36071818E-27
  0.56917626E+13 -0.26174541E-26 -0.37293200E-27
  0.57395926E+13  0.82509842E-29 -0.15623709E-26
  0.57874225E+13  0.18723442E-26  0.29931546E-27
  0.58352524E+13 -0.69681430E-28  0.17363963E-27
  0.58830824E+13 -0.14024961E-26  0.16690602E-27
  0.59309123E+13 -0.10464608E-26 -0.11936803E-27
  0.59787422E+13  0.13263278E-27 -0.11620067E-26
  0.60265722E+13 -0.35839167E-27 -0.48737141E-27
  0.60744021E+13  0.13574458E-26  0.45753292E-27
  0.61222321E+13 -0.24007985E-26 -0.63136238E-27
  0.61700620E+13  0.43241340E-27  0.52614500E-27
  0.62178919E+13 -0.86680417E-27 -0.29436975E-27
  0.62657219E+13  0.18637621E-27 -0.27827934E-27
  0.63135518E+13 -0.11072279E-26 -0.11011528E-27
  0.63613818E+13 -0.19214751E-26 -0.51080309E-27
  0.64092117E+13 -0.53249208E-27 -0.24994934E-26
  0.64570416E+13  0.12144983E-26 -0.82527069E-27
  0.65048716E+13  0.13547259E-26 -0.36060398E-27
  0.65527015E+13 -0.46304829E-28  0.15598060E-26
  0.66005314E+13 -0.36116960E-27 -0.40622924E-27
  0.66483614E+13 -0.41650422E-27  0.25672357E-27
  0.66961913E+13 -0.17285353E-26  0.62170022E-27
  0.67440213E+13 -0.78182784E-27 -0.13055761E-26
  0.67918512E+13  0.11888693E-26  0.43042767E-27
  0.68396811E+13 -0.89884025E-27 -0.36159062E-27
  0.68875111E+13 -0.61337535E-27  0.32327222E-27
  0.69353410E+13 -0.66998951E-27 -0.12367134E-26
  0.69831709E+13 -0.45542775E-27 -0.34952159E-27
  0.70310009E+13  0.11922356E-26  0.36010640E-28
  0.70788308E+13 -0.15611729E-26  0.12845116E-26
  0.71266608E+13 -0.16241644E-26 -0.14549422E-26
  0.71744907E+13  0.25605536E-27 -0.57672991E-27
  0.72223206E+13 -0.79691874E-27 -0.77357932E-27
  0.72701506E+13  0.69940034E-27 -0.86343504E-27
  0.73179805E+13 -0.19088247E-27  0.92854507E-27
  0.73658105E+13 -0.12332318E-26 -0.61124751E-27
  0.74136404E+13 -0.13614776E-26 -0.94957447E-27
  0.74614703E+13 -0.85915119E-28 -0.12308627E-26
  0.75093003E+13  0.42868147E-27 -0.30708009E-27
  0.75571302E+13 -0.63834336E-27 -0.20974170E-27
  0.76049601E+13 -0.36951612E-27 -0.25186508E-27
  0.76527901E+13  0.17667148E-27 -0.83082206E-27
  0.77006200E+13 -0.85368838E-27  0.34997634E-28
  0.77484500E+13 -0.81797611E-27 -0.14320632E-26
  0.77962799E+13  0.13369144E-26 -0.73683828E-27
  0.78441098E+13 -0.13255447E-27  0.23971600E-27
  0.78919398E+13 -0.15207507E-26  0.12147655E-27
  0.79397697E+13 -0.11724435E-26 -0.15448349E-26
  0.79875996E+13  0.14260210E-27 -0.14860372E-26
  0.80354296E+13 -0.14216474E-27 -0.92061136E-27
  0.80832595E+13  0.75046591E-27 -0.91736561E-27
  0.81310895E+13 -0.70423475E-27 -0.14985361E-27
  0.81789194E+13 -0.13181034E-26 -0.19557144E-26
  0.82267493E+13  0.20516770E-26 -0.14488174E-26
  0.82745793E+13 -0.75537961E-27  0.87411082E-27
  0.83224092E+13 -0.13210219E-26 -0.14950350E-26
  0.83702391E+13 -0.90021349E-27 -0.32600743E-26
  0.84180691E+13  0.18347316E-26 -0.35087384E-26
  0.84658990E+13  0.32937432E-26 -0.71251548E-27
  0.85137290E+13  0.23126842E-27  0.33296835E-27
  0.85615589E+13 -0.93280963E-27 -0.14504952E-26
  0.86093888E+13  0.10650251E-26 -0.14264198E-26
  0.86572188E+13  0.16160008E-26 -0.21582052E-26
  0.87050487E+13  0.24701815E-26  0.69234289E-27
  0.87528787E+13  0.12706991E-27  0.77172397E-28
  0.88007086E+13  0.46956451E-27 -0.14108006E-26
  0.88485385E+13  0.95356971E-27 -0.58197249E-27
  0.88963685E+13  0.45690329E-27 -0.14621371E-26
  0.89441984E+13  0.49934039E-27 -0.35779499E-27
  0.89920283E+13  0.21282400E-26 -0.23619070E-26
  0.90398583E+13  0.26738832E-26 -0.24243547E-27
  0.90876882E+13  0.31063431E-26 -0.52101176E-27
  0.91355182E+13  0.31167699E-26  0.10399562E-26
  0.91833481E+13 -0.78497548E-29  0.20197954E-26
  0.92311780E+13  0.53511991E-27 -0.79128720E-27
  0.92790080E+13  0.15917288E-27 -0.16934460E-26
  0.93268379E+13  0.56380950E-26  0.42636264E-27
  0.93746678E+13  0.17086013E-26  0.16875317E-26
  0.94224978E+13  0.19655252E-26  0.14578646E-26
  0.94703277E+13  0.15566297E-26  0.15390150E-26
  0.95181577E+13 -0.89924008E-27 -0.10541751E-27
  0.95659876E+13  0.36564142E-26  0.12483730E-26
  0.96138175E+13  0.89154178E-27  0.38613884E-26
  0.96616475E+13 -0.52454012E-27 -0.11947661E-27
  0.97094774E+13  0.16337266E-26 -0.77375110E-27
  0.97573074E+13  0.35163279E-26  0.28335003E-26
  0.98051373E+13 -0.74414759E-27  0.35557105E-26
  0.98529672E+13 -0.24610962E-26 -0.15753784E-27
  0.99007972E+13  0.27266611E-27 -0.29459827E-27
  0.99486271E+13  0.20640336E-26  0.25896387E-26
  0.99964570E+13 -0.17983510E-26  0.31325600E-26
  0.10044287E+14 -0.18507717E-26  0.56856884E-27
  0.10092117E+14 -0.17927676E-26 -0.19677033E-26
  0.10139947E+14  0.21797419E-26  0.12956514E-26
  0.10187777E+14 -0.12865674E-26  0.36714878E-26
  0.10235607E+14 -0.68071159E-26 -0.88093075E-27
  0.10283437E+14  0.38017285E-26 -0.92020970E-27
  0.10331267E+14  0.28915141E-26  0.14270073E-27
  0.10379097E+14 -0.39219105E-26 -0.26056047E-26
  0.10426926E+14 -0.28236734E-26  0.46208713E-26
  0.10474756E+14 -0.24037685E-26 -0.38387127E-26
  0.10522586E+14  0.30660367E-26  0.11422676E-26
  0.10570416E+14 -0.22122502E-26  0.86106706E-27
  0.10618246E+14  0.71981253E-27 -0.10363196E-26
  0.10666076E+14  0.12513200E-26 -0.54929250E-28
  0.10713906E+14 -0.16912380E-27  0.35659567E-27
  0.10761736E+14 -0.34073905E-27  0.70254419E-27
  0.10809566E+14 -0.13703506E-27 -0.30916703E-27
  0.10857396E+14  0.20199128E-27  0.14431271E-26
  0.10905226E+14 -0.63123137E-27 -0.87474828E-27
  0.10953056E+14  0.11950288E-26  0.12695903E-26
  0.11000886E+14  0.55507451E-28  0.14194191E-26
  0.11048716E+14 -0.28525494E-26 -0.29991364E-27
  0.11096546E+14  0.43401684E-26 -0.11354805E-26
  0.11144376E+14  0.19613811E-26  0.31196480E-26
  0.11192205E+14  0.89676889E-27  0.47090003E-27
  0.11240035E+14  0.11604857E-26  0.40688064E-27
  0.11287865E+14  0.16190167E-26  0.58494144E-26
  0.11335695E+14 -0.52303018E-26  0.22361324E-27
  0.11383525E+14  0.27795581E-26 -0.13023587E-26
  0.11431355E+14 -0.20167813E-26  0.24468137E-26
  0.11479185E+14 -0.11919802E-27 -0.13275078E-26
  0.11527015E+14 -0.32232141E-27  0.43841879E-26
  0.11574845E+14 -0.27579385E-26  0.74097934E-27
  0.11622675E+14 -0.10224425E-26  0.15249663E-26
  0.11670505E+14 -0.60721404E-26  0.24718452E-27
  0.11718335E+14  0.65743286E-27 -0.71069091E-27
  0.11766165E+14 -0.33442927E-26  0.13053698E-26
  0.11813995E+14 -0.19945887E-26 -0.22489267E-27
  0.11861825E+14 -0.50948089E-26 -0.10850801E-26
  0.11909655E+14  0.21092042E-26  0.84428269E-28
  0.11957484E+14 -0.47066947E-26 -0.17343285E-26
  0.12005314E+14  0.19629974E-26  0.57272371E-27
  0.12053144E+14 -0.53844681E-26 -0.27640854E-26
  0.12100974E+14  0.22750830E-27 -0.78841080E-27
  0.12148804E+14  0.11825925E-26 -0.13329770E-26
  0.12196634E+14 -0.30441019E-27 -0.81718219E-28
  0.12244464E+14  0.17687893E-26 -0.15996256E-26
  0.12292294E+14  0.28166198E-26 -0.52845392E-27
  0.12340124E+14  0.80984116E-27  0.76627964E-27
  0.12387954E+14 -0.24886562E-27  0.48826079E-27
  0.12435784E+14  0.10324200E-26 -0.27817410E-27
  0.12483614E+14  0.28640176E-26 -0.10170498E-26
  0.12531444E+14 -0.95141166E-27  0.14190903E-27
  0.12579274E+14 -0.31796485E-26  0.86080499E-27
  0.12627104E+14  0.20287301E-26 -0.13790557E-26
  0.12674934E+14 -0.25019027E-27  0.77086150E-27
  0.12722764E+14 -0.45080206E-27 -0.45052328E-27
  0.12770593E+14  0.94431096E-27 -0.46949849E-27
  0.12818423E+14 -0.51040418E-27  0.35077311E-29
  0.12866253E+14 -0.69377955E-27  0.10061768E-28
  0.12914083E+14 -0.73862440E-27  0.41713534E-27
  0.12961913E+14  0.36730876E-27 -0.50127364E-27
  0.13009743E+14 -0.54794640E-28 -0.20868713E-27
  0.13057573E+14 -0.30271763E-27  0.41091809E-27
  0.13105403E+14 -0.65233737E-27 -0.20967545E-28
  0.13153233E+14 -0.32054634E-27 -0.30815334E-27
  0.13201063E+14  0.10358728E-27  0.31621405E-27
  0.13248893E+14 -0.40403842E-28 -0.22643810E-27
  0.13296723E+14  0.00000000E+00 -0.23636567E-27
  0.13344553E+14  0.00000000E+00 -0.11291690E-27
  0.13392383E+14  0.00000000E+00 -0.90090487E-28
  0.13440213E+14  0.00000000E+00 -0.76352483E-28
  0.13488043E+14  0.00000000E+00 -0.66476861E-28
  0.13535872E+14  0.00000000E+00 -0.58721028E-28
  0.13583702E+14  0.00000000E+00 -0.52301912E-28
  0.13631532E+14  0.00000000E+00 -0.46803515E-28
  0.13679362E+14  0.00000000E+00 -0.41979302E-28
  0.13727192E+14  0.00000000E+00 -0.37671311E-28
  0.13775022E+14  0.00000000E+00 -0.33772198E-28
  0.13822852E+14  0.00000000E+00 -0.30205570E-28
  0.13870682E+14  0.00000000E+00 -0.26914988E-28
  0.13918512E+14  0.00000000E+00 -0.23857458E-28
  0.13966342E+14  0.00000000E+00 -0.20999372E-28
  0.14014172E+14  0.00000000E+00 -0.18313875E-28
  0.14062002E+14  0.00000000E+00 -0.15779103E-28
  0.14109832E+14  0.00000000E+00 -0.13376963E-28
  0.14157662E+14  0.00000000E+00 -0.11092269E-28
  0.14205492E+14  0.00000000E+00 -0.89121133E-29
  0.14253322E+14  0.00000000E+00 -0.68254052E-29
  0.14301151E+14  0.00000000E+00 -0.48225174E-29
  0.14348981E+14  0.00000000E+00 -0.28950200E-29
  0.14396811E+14  0.00000000E+00 -0.10354710E-29
  0.14444641E+14  0.00000000E+00  0.76274778E-30
  0.14492471E+14  0.00000000E+00  0.25055620E-29
  0.14540301E+14  0.00000000E+00  0.41983112E-29
  0.14588131E+14  0.00000000E+00  0.58458349E-29
  0.14635961E+14  0.00000000E+00  0.74525439E-29
  0.14683791E+14  0.00000000E+00  0.90224800E-29
  0.14731621E+14  0.00000000E+00  0.10559365E-28
  0.14779451E+14  0.00000000E+00  0.12066644E-28
  0.14827281E+14  0.00000000E+00  0.13547520E-28
  0.14875111E+14  0.00000000E+00  0.15004985E-28
  0.14922941E+14  0.00000000E+00  0.16441846E-28
  0.14970771E+14  0.00000000E+00  0.17860751E-28
  0.15018601E+14  0.00000000E+00  0.19264206E-28
  0.15066430E+14  0.00000000E+00  0.20654595E-28
  0.15114260E+14  0.00000000E+00  0.22034192E-28
  0.15162090E+14  0.00000000E+00  0.23405183E-28
  0.15209920E+14  0.00000000E+00  0.24769670E-28
  0.15257750E+14  0.00000000E+00  0.26129690E-28
  0.15305580E+14  0.00000000E+00  0.27487217E-28
  0.15353410E+14  0.00000000E+00  0.28844183E-28
  0.15401240E+14  0.00000000E+00  0.30202475E-28
  0.15449070E+14  0.00000000E+00  0.31563952E-28
  0.15496900E+14  0.00000000E+00  0.32930448E-28
  0.15544730E+14  0.00000000E+00  0.34303779E-28
  0.15592560E+14  0.00000000E+00  0.35685754E-28
  0.15640390E+14  0.00000000E+00  0.37078175E-28
  0.15688220E+14  0.00000000E+00  0.38482848E-28
  0.15736050E+14  0.00000000E+00  0.39901585E-28
  0.15783880E+14  0.00000000E+00  0.41336212E-28
  0.15831709E+14  0.00000000E+00  0.42788571E-28
  0.15879539E+14  0.00000000E+00  0.44260528E-28
  0.15927369E+14  0.00000000E+00  0.45753972E-28
  0.15975199E+14  0.00000000E+00  0.47270822E-28
  0.16023029E+14  0.00000000E+00  0.48813030E-28
  0.16070859E+14  0.00000000E+00  0.50382581E-28
  0.16118689E+14  0.00000000E+00  0.51981495E-28
  0.16166519E+14  0.00000000E+00  0.53611827E-28
  0.16214349E+14  0.00000000E+00  0.55275665E-28
  0.16262179E+14  0.00000000E+00  0.56975127E-28
  0.16310009E+14  0.00000000E+00  0.58712355E-28
  0.16357839E+14  0.00000000E+00  0.60489505E-28
  0.16405669E+14  0.00000000E+00  0.62308731E-28
  0.16453499E+14  0.00000000E+00  0.64172171E-28
  0.16501329E+14  0.00000000E+00  0.66081918E-28
  0.16549159E+14  0.00000000E+00  0.68039982E-28
  0.16596988E+14  0.00000000E+00  0.70048247E-28
  0.16644818E+14  0.00000000E+00  0.72108401E-28
  0.16692648E+14  0.00000000E+00  0.74221855E-28
  0.16740478E+14  0.00000000E+00  0.76389625E-28
  0.16788308E+14  0.00000000E+00  0.78612178E-28
  0.16836138E+14  0.00000000E+00  0.80889224E-28
  0.16883968E+14  0.00000000E+00  0.83219436E-28
  0.16931798E+14  0.00000000E+00  0.85600065E-28
  0.16979628E+14  0.00000000E+00  0.88026416E-28
  0.17027458E+14  0.00000000E+00  0.90491117E-28
  0.17075288E+14  0.00000000E+00  0.92983096E-28
  0.17123118E+14  0.00000000E+00  0.95486118E-28
  0.17170948E+14  0.00000000E+00  0.97976676E-28
  0.17218778E+14  0.00000000E+00  0.10042087E-27
  0.17266608E+14  0.00000000E+00  0.10276968E-27
  0.17314438E+14  0.00000000E+00  0.10495168E-27
  0.17362267E+14  0.00000000E+00  0.10686123E-27
  0.17410097E+14  0.00000000E+00  0.10833884E-27
  0.17457927E+14  0.00000000E+00  0.10913651E-27
  0.17505757E+14  0.00000000E+00  0.10885257E-27
  0.17553587E+14  0.00000000E+00  0.10679820E-27
  0.17601417E+14  0.00000000E+00  0.10168917E-27
  0.17649247E+14  0.00000000E+00  0.90800939E-28
  0.17697077E+14  0.00000000E+00  0.66920325E-28
  0.17744907E+14  0.00000000E+00 -0.35766923E-30
  0.17792737E+14  0.39970509E-27 -0.14174084E-27
  0.17840567E+14  0.29473268E-27  0.70065973E-27
  0.17888397E+14  0.43379873E-28 -0.31001579E-27
  0.17936227E+14  0.26279019E-28 -0.33433473E-27
  0.17984057E+14  0.36909265E-27  0.30421051E-27
  0.18031887E+14 -0.28573620E-27  0.77286704E-27
  0.18079717E+14  0.55686250E-27  0.68062990E-27
  0.18127547E+14 -0.32166586E-27  0.10990530E-26
  0.18175376E+14 -0.95200674E-27  0.39160818E-27
  0.18223206E+14  0.42371467E-27  0.10394673E-26
  0.18271036E+14  0.13342800E-26  0.81665524E-27
  0.18318866E+14 -0.11177296E-26  0.41177534E-27
  0.18366696E+14  0.15682548E-28  0.10630438E-26
  0.18414526E+14 -0.43305278E-27  0.11620977E-26
  0.18462356E+14 -0.24187917E-27  0.18870915E-26
  0.18510186E+14 -0.16181216E-27  0.19088657E-27
  0.18558016E+14 -0.53772118E-27  0.48158199E-27
  0.18605846E+14 -0.77935505E-27  0.46698092E-27
  0.18653676E+14 -0.17750795E-26 -0.12039128E-27
  0.18701506E+14  0.66053600E-27  0.16561414E-26
  0.18749336E+14 -0.18318678E-27 -0.58782263E-27
  0.18797166E+14 -0.26441927E-26  0.19342932E-26
  0.18844996E+14 -0.20259416E-26 -0.50986994E-27
  0.18892826E+14 -0.36330509E-26  0.44753559E-28
  0.18940655E+14  0.66385056E-27  0.65511409E-27
  0.18988485E+14  0.32165828E-27 -0.40781933E-26
  0.19036315E+14 -0.20287791E-26  0.19144067E-26
  0.19084145E+14  0.11071246E-26 -0.10531784E-26
  0.19131975E+14 -0.29453112E-26 -0.70149607E-27
  0.19179805E+14 -0.14606769E-26  0.14088166E-26
  0.19227635E+14 -0.24882077E-26 -0.98699071E-27
  0.19275465E+14  0.82906588E-27  0.16260301E-27
  0.19323295E+14 -0.14666888E-26 -0.12811749E-26
  0.19371125E+14 -0.64858074E-27  0.93152691E-27
  0.19418955E+14 -0.22826619E-26 -0.16991495E-26
  0.19466785E+14 -0.15997182E-26  0.51681025E-27
  0.19514615E+14 -0.73338734E-27 -0.28274301E-26
  0.19562445E+14 -0.10662277E-26  0.27335602E-27
  0.19610275E+14  0.46539637E-27 -0.99814069E-27
  0.19658105E+14 -0.25328009E-27  0.63167617E-28
  0.19705934E+14 -0.17044480E-28 -0.13294267E-26
  0.19753764E+14  0.12483077E-28 -0.63050431E-27
  0.19801594E+14  0.85884666E-28 -0.12714813E-26
  0.19849424E+14 -0.22019372E-26 -0.71059517E-27
  0.19897254E+14  0.62005897E-27 -0.14999567E-26
  0.19945084E+14  0.41705937E-27  0.36634413E-27
  0.19992914E+14  0.82919506E-27 -0.30154212E-27
  0.20040744E+14 -0.15189146E-26  0.65827634E-27
  0.20088574E+14  0.55412693E-27 -0.37734446E-27
  0.20136404E+14 -0.89099969E-27 -0.35898834E-27
  0.20184234E+14 -0.62141908E-27 -0.19046076E-26
  0.20232064E+14 -0.13930032E-26  0.11720649E-26
  0.20279894E+14  0.47069410E-26 -0.20840162E-26
  0.20327724E+14 -0.33046061E-26  0.37332922E-27
  0.20375554E+14  0.26397001E-26  0.10456102E-26
  0.20423384E+14 -0.34954923E-26 -0.31362336E-26
  0.20471213E+14 -0.17898278E-26  0.26160667E-26
  0.20519043E+14  0.75938216E-26 -0.19121069E-26
  0.20566873E+14 -0.93935588E-26 -0.26034574E-26
  0.20614703E+14 -0.17616891E-26  0.19738779E-26
  0.20662533E+14  0.53116706E-26 -0.28651242E-26
  0.20710363E+14 -0.72268772E-26  0.75372820E-27
  0.20758193E+14 -0.49832846E-26 -0.15206411E-26
  0.20806023E+14  0.38961219E-26 -0.29873042E-26
  0.20853853E+14  0.16475105E-26 -0.47475180E-26
  0.20901683E+14 -0.13902009E-26 -0.10560864E-27
  0.20949513E+14 -0.32484896E-27 -0.46643796E-26
  0.20997343E+14  0.46781828E-27 -0.85396546E-27
  0.21045173E+14  0.59806253E-27  0.14508300E-26
  0.21093003E+14  0.18388455E-26  0.41474103E-28
  0.21140833E+14 -0.17246613E-26 -0.18118804E-26
  0.21188663E+14 -0.19621998E-26 -0.83401892E-27
  0.21236492E+14 -0.40483038E-26  0.16476286E-26
  0.21284322E+14 -0.46039311E-26 -0.21633212E-26
  0.21332152E+14 -0.41093399E-26 -0.51243909E-26
  0.21379982E+14  0.52025557E-26 -0.41662543E-26
  0.21427812E+14  0.19945357E-26 -0.27924978E-26
  0.21475642E+14  0.13066932E-25  0.43989336E-26
  0.21523472E+14  0.17085348E-26  0.48027027E-26
  0.21571302E+14  0.12814670E-26  0.17661599E-26
  0.21619132E+14  0.22645486E-26  0.11907329E-28
  0.21666962E+14 -0.43606137E-27  0.29809165E-26
  0.21714792E+14  0.80974237E-27  0.13875505E-26
  0.21762622E+14  0.52559331E-27  0.11467114E-26
  0.21810452E+14 -0.11464623E-26  0.82712863E-27
  0.21858282E+14  0.46206369E-27  0.16648887E-26
  0.21906112E+14  0.11342323E-28  0.64408088E-27
  0.21953942E+14  0.93453786E-28  0.47636603E-27
  0.22001771E+14 -0.19029783E-27  0.50936740E-27
  0.22049601E+14 -0.23801677E-27  0.81182581E-27
  0.22097431E+14  0.57985436E-27  0.52118549E-27
  0.22145261E+14 -0.19301964E-27 -0.40984668E-27
  0.22193091E+14  0.42617828E-27  0.79730835E-27
  0.22240921E+14 -0.81891233E-27  0.61581590E-27
  0.22288751E+14  0.48678239E-27  0.27682406E-27
  0.22336581E+14 -0.29074420E-27  0.67297722E-27
  0.22384411E+14 -0.92030767E-27  0.26475623E-27
  0.22432241E+14  0.30570312E-27 -0.47069817E-27
  0.22480071E+14  0.38994350E-27  0.33361744E-27
  0.22527901E+14 -0.91016324E-28  0.79907822E-27
  0.22575731E+14 -0.80244308E-27  0.15516261E-27
  0.22623561E+14  0.14185301E-27 -0.20150910E-27
  0.22671391E+14  0.51839631E-27  0.40085762E-27
  0.22719221E+14 -0.14502368E-27  0.88494070E-27
  0.22767050E+14 -0.69808412E-27 -0.56747676E-27
  0.22814880E+14  0.50313769E-27 -0.36186322E-28
  0.22862710E+14  0.14460894E-27  0.52011379E-27
  0.22910540E+14 -0.60233738E-27  0.28697199E-27
  0.22958370E+14  0.17902541E-27 -0.35453425E-27
  0.23006200E+14  0.35715559E-27  0.14279020E-27
  0.23054030E+14 -0.16395561E-27  0.55681521E-27
  0.23101860E+14 -0.95013995E-29 -0.28147981E-27
  0.23149690E+14  0.94968446E-28  0.38374246E-27
  0.23197520E+14  0.13794966E-27  0.19324300E-27
  0.23245350E+14 -0.12284133E-27 -0.35654907E-28
  0.23293180E+14 -0.92423559E-28  0.73759036E-27
  0.23341010E+14 -0.33736247E-27 -0.22667977E-27
  0.23388840E+14  0.88807211E-28  0.59081053E-27
  0.23436670E+14 -0.81778161E-27 -0.19756478E-27
  0.23484500E+14  0.52177766E-27 -0.19274334E-27
  0.23532329E+14 -0.99699066E-28  0.43702596E-27
  0.23580159E+14 -0.42691474E-27  0.14303303E-27
  0.23627989E+14  0.34232573E-27  0.30993649E-27
  0.23675819E+14 -0.66520932E-27  0.42381415E-27
  0.23723649E+14 -0.25033706E-27 -0.27452280E-27
  0.23771479E+14 -0.51546155E-28  0.75846383E-28
  0.23819309E+14  0.14467464E-27  0.10084511E-27
  0.23867139E+14 -0.42829603E-27 -0.15767656E-28
  0.23914969E+14  0.19499151E-27 -0.69315324E-28
  0.23962799E+14  0.11907961E-27  0.12254703E-27
  0.24010629E+14  0.27534916E-27  0.18519776E-27
  0.24058459E+14 -0.11371780E-27  0.18053012E-27
  0.24106289E+14  0.20829938E-27  0.14422925E-27
  0.24154119E+14 -0.16411942E-27  0.52828277E-28
  0.24201949E+14 -0.86944965E-28  0.32134650E-27
  0.24249779E+14 -0.76858788E-28  0.25696402E-27
  0.24297609E+14 -0.56798938E-27 -0.41928124E-27
  0.24345438E+14  0.42157040E-28  0.96976355E-28
  0.24393268E+14  0.86172987E-27 -0.25596709E-27
  0.24441098E+14 -0.43497414E-27  0.62297297E-27
  0.24488928E+14  0.34475862E-27  0.27513754E-27
  0.24536758E+14 -0.78051983E-27  0.61894664E-28
  0.24584588E+14 -0.42411429E-27 -0.35850063E-28
  0.24632418E+14 -0.31518811E-27 -0.17171550E-27
  0.24680248E+14  0.45195460E-27  0.22303843E-27
  0.24728078E+14 -0.22414520E-27 -0.26314277E-27
  0.24775908E+14 -0.82617523E-28  0.36919563E-27
  0.24823738E+14 -0.17189798E-27 -0.17923443E-27
  0.24871568E+14  0.29759633E-27  0.25301872E-27
  0.24919398E+14 -0.30532958E-27  0.43165702E-27
  0.24967228E+14 -0.32690779E-27 -0.33279876E-27
  0.25015058E+14 -0.71492582E-28 -0.26188033E-27
  0.25062888E+14  0.20870772E-29  0.29643887E-27
  0.25110717E+14 -0.50597641E-27  0.11685829E-27
  0.25158547E+14 -0.84425263E-28 -0.89681446E-28
  0.25206377E+14  0.34252917E-27 -0.13581305E-27
  0.25254207E+14 -0.20886805E-27  0.42123101E-29
  0.25302037E+14  0.21793584E-27  0.55135026E-28
  0.25349867E+14 -0.48681918E-27  0.37898231E-27
  0.25397697E+14 -0.95907170E-28 -0.20829070E-27
  0.25445527E+14 -0.45093309E-27  0.40261686E-30
  0.25493357E+14  0.15851535E-27 -0.37633436E-28
  0.25541187E+14 -0.55831866E-27 -0.81444351E-28
  0.25589017E+14  0.15962778E-27  0.13495582E-27
  0.25636847E+14  0.28743414E-27  0.42881311E-28
  0.25684677E+14 -0.54036891E-27  0.29722838E-28
  0.25732507E+14 -0.16519879E-27 -0.22402505E-28
  0.25780337E+14  0.62414558E-28 -0.11523505E-27
  0.25828167E+14 -0.49146566E-27  0.13035161E-27
  0.25875996E+14  0.38552155E-27 -0.11822232E-27
  0.25923826E+14 -0.38408192E-27  0.21687622E-28
  0.25971656E+14 -0.25175650E-28  0.58283716E-28
  0.26019486E+14  0.21660914E-27 -0.18225542E-27
  0.26067316E+14 -0.61457297E-27 -0.31369142E-27
  0.26115146E+14 -0.13662804E-28  0.22294934E-27
  0.26162976E+14  0.35313699E-27  0.44016431E-29
  0.26210806E+14 -0.68003299E-29  0.22449289E-28
  0.26258636E+14 -0.39481248E-27 -0.41101520E-28
  0.26306466E+14 -0.31470481E-28 -0.18380001E-27
  0.26354296E+14 -0.33182811E-27  0.40644132E-28
  0.26402126E+14  0.11384304E-28 -0.91776250E-28
  0.26449956E+14 -0.13791904E-27  0.15199493E-28
  0.26497786E+14  0.36286013E-28  0.19215137E-28
  0.26545616E+14 -0.14927144E-27 -0.18155998E-27
  0.26593446E+14  0.15128692E-27  0.77972317E-28
  0.26641275E+14 -0.23411626E-27  0.68445115E-28
  0.26689105E+14 -0.19885487E-27 -0.16259056E-27
  0.26736935E+14  0.65784343E-28  0.12266456E-28
  0.26784765E+14 -0.23490822E-27 -0.14542491E-27
  0.26832595E+14  0.12096831E-27  0.51661134E-29
  0.26880425E+14 -0.28991936E-27 -0.10320547E-27
  0.26928255E+14 -0.19486147E-27  0.18416882E-29
  0.26976085E+14 -0.24873392E-27 -0.54482737E-28
  0.27023915E+14  0.00000000E+00 -0.21856890E-27
  0.27071745E+14  0.00000000E+00 -0.14228743E-27
  0.27119575E+14  0.00000000E+00 -0.11575087E-27
  0.27167405E+14  0.00000000E+00 -0.10056615E-27
  0.27215235E+14  0.00000000E+00 -0.90248393E-28
  0.27263065E+14  0.00000000E+00 -0.82575650E-28
  0.27310895E+14  0.00000000E+00 -0.76542416E-28
  0.27358725E+14  0.00000000E+00 -0.71615183E-28
  0.27406554E+14  0.00000000E+00 -0.67479576E-28
  0.27454384E+14  0.00000000E+00 -0.63935948E-28
  0.27502214E+14  0.00000000E+00 -0.60850174E-28
  0.27550044E+14  0.00000000E+00 -0.58128100E-28
  0.27597874E+14  0.00000000E+00 -0.55701262E-28
  0.27645704E+14  0.00000000E+00 -0.53518415E-28
  0.27693534E+14  0.00000000E+00 -0.51540267E-28
  0.27741364E+14  0.00000000E+00 -0.49736067E-28
  0.27789194E+14  0.00000000E+00 -0.48081322E-28
  0.27837024E+14  0.00000000E+00 -0.46556225E-28
  0.27884854E+14  0.00000000E+00 -0.45144544E-28
  0.27932684E+14  0.00000000E+00 -0.43832819E-28
  0.27980514E+14  0.00000000E+00 -0.42609771E-28
  0.28028344E+14  0.00000000E+00 -0.41465863E-28
  0.28076174E+14  0.00000000E+00 -0.40392959E-28
  0.28124004E+14  0.00000000E+00 -0.39384069E-28
  0.28171833E+14  0.00000000E+00 -0.38433143E-28
  0.28219663E+14  0.00000000E+00 -0.37534916E-28
  0.28267493E+14  0.00000000E+00 -0.36684776E-28
  0.28315323E+14  0.00000000E+00 -0.35878662E-28
  0.28363153E+14  0.00000000E+00 -0.35112982E-28
  0.28410983E+14  0.00000000E+00 -0.34384547E-28
  0.28458813E+14  0.00000000E+00 -0.33690508E-28
  0.28506643E+14  0.00000000E+00 -0.33028315E-28
  0.28554473E+14  0.00000000E+00 -0.32395677E-28
  0.28602303E+14  0.00000000E+00 -0.31790525E-28
  0.28650133E+14  0.00000000E+00 -0.31210988E-28
  0.28697963E+14  0.00000000E+00 -0.30655371E-28
  0.28745793E+14  0.00000000E+00 -0.30122127E-28
  0.28793623E+14  0.00000000E+00 -0.29609848E-28
  0.28841453E+14  0.00000000E+00 -0.29117246E-28
  0.28889283E+14  0.00000000E+00 -0.28643139E-28
  0.28937112E+14  0.00000000E+00 -0.28186443E-28
  0.28984942E+14  0.00000000E+00 -0.27746159E-28
  0.29032772E+14  0.00000000E+00 -0.27321365E-28
  0.29080602E+14  0.00000000E+00 -0.26911211E-28
  0.29128432E+14  0.00000000E+00 -0.26514908E-28
  0.29176262E+14  0.00000000E+00 -0.26131726E-28
  0.29224092E+14  0.00000000E+00 -0.25760986E-28
  0.29271922E+14  0.00000000E+00 -0.25402057E-28
  0.29319752E+14  0.00000000E+00 -0.25054351E-28
  0.29367582E+14  0.00000000E+00 -0.24717320E-28
  0.29415412E+14  0.00000000E+00 -0.24390451E-28
  0.29463242E+14  0.00000000E+00 -0.24073264E-28
  0.29511072E+14  0.00000000E+00 -0.23765312E-28
  0.29558902E+14  0.00000000E+00 -0.23466173E-28
  0.29606732E+14  0.00000000E+00 -0.23175452E-28
  0.29654562E+14  0.00000000E+00 -0.22892778E-28
  0.29702391E+14  0.00000000E+00 -0.22617803E-28
  0.29750221E+14  0.00000000E+00 -0.22350197E-28
  0.29798051E+14  0.00000000E+00 -0.22089650E-28
  0.29845881E+14  0.00000000E+00 -0.21835870E-28
  0.29893711E+14  0.00000000E+00 -0.21588581E-28
  0.29941541E+14  0.00000000E+00 -0.21347523E-28
  0.29989371E+14  0.00000000E+00 -0.21112447E-28
  0.30037201E+14  0.00000000E+00 -0.20883121E-28
  0.30085031E+14  0.00000000E+00 -0.20659324E-28
  0.30132861E+14  0.00000000E+00 -0.20440844E-28
  0.30180691E+14  0.00000000E+00 -0.20227484E-28
  0.30228521E+14  0.00000000E+00 -0.20019053E-28
  0.30276351E+14  0.00000000E+00 -0.19815372E-28
  0.30324181E+14  0.00000000E+00 -0.19616270E-28
  0.30372011E+14  0.00000000E+00 -0.19421584E-28
  0.30419841E+14  0.00000000E+00 -0.19231160E-28
  0.30467671E+14  0.00000000E+00 -0.19044849E-28
  0.30515500E+14  0.00000000E+00 -0.18862511E-28
  0.30563330E+14  0.00000000E+00 -0.18684012E-28
  0.30611160E+14  0.00000000E+00 -0.18509223E-28
  0.30658990E+14  0.00000000E+00 -0.18338022E-28
  0.30706820E+14  0.00000000E+00 -0.18170293E-28
  0.30754650E+14  0.00000000E+00 -0.18005923E-28
  0.30802480E+14  0.00000000E+00 -0.17844805E-28
  0.30850310E+14  0.00000000E+00 -0.17686836E-28
  0.30898140E+14  0.00000000E+00 -0.17531920E-28
  0.30945970E+14  0.00000000E+00 -0.17379962E-28
  0.30993800E+14  0.00000000E+00 -0.17230871E-28
  0.31041630E+14  0.00000000E+00 -0.17084562E-28
  0.31089460E+14  0.00000000E+00 -0.16940952E-28
  0.31137290E+14  0.00000000E+00 -0.16799961E-28
  0.31185120E+14  0.00000000E+00 -0.16661512E-28
  0.31232950E+14  0.00000000E+00 -0.16525534E-28
  0.31280779E+14  0.00000000E+00 -0.16391954E-28
  0.31328609E+14  0.00000000E+00 -0.16260705E-28
  0.31376439E+14  0.00000000E+00 -0.16131723E-28
  0.31424269E+14  0.00000000E+00 -0.16004944E-28
  0.31472099E+14  0.00000000E+00 -0.15880308E-28
  0.31519929E+14  0.00000000E+00 -0.15757756E-28
  0.31567759E+14  0.00000000E+00 -0.15637234E-28
  0.31615589E+14  0.00000000E+00 -0.15518687E-28
  0.31663419E+14  0.00000000E+00 -0.15402062E-28
  0.31711249E+14  0.00000000E+00 -0.15287310E-28
  0.31759079E+14  0.00000000E+00 -0.15174383E-28
  0.31806909E+14  0.00000000E+00 -0.15063234E-28
  0.31854739E+14  0.00000000E+00 -0.14953817E-28
  0.31902569E+14  0.00000000E+00 -0.14846089E-28
  0.31950399E+14  0.00000000E+00 -0.14740008E-28
  0.31998229E+14  0.00000000E+00 -0.14635534E-28
  0.32046058E+14  0.00000000E+00 -0.14532628E-28
  0.32093888E+14  0.00000000E+00 -0.14431250E-28
  0.32141718E+14  0.00000000E+00 -0.14331366E-28
  0.32189548E+14  0.00000000E+00 -0.14232938E-28
  0.32237378E+14  0.00000000E+00 -0.14135933E-28
  0.32285208E+14  0.00000000E+00 -0.14040318E-28
  0.32333038E+14  0.00000000E+00 -0.13946061E-28
  0.32380868E+14  0.00000000E+00 -0.13853130E-28
  0.32428698E+14  0.00000000E+00 -0.13761494E-28
  0.32476528E+14  0.00000000E+00 -0.13671126E-28
  0.32524358E+14  0.00000000E+00 -0.13581996E-28
  0.32572188E+14  0.00000000E+00 -0.13494078E-28
  0.32620018E+14  0.00000000E+00 -0.13407343E-28
  0.32667848E+14  0.00000000E+00 -0.13321768E-28
  0.32715678E+14  0.00000000E+00 -0.13237325E-28
  0.32763508E+14  0.00000000E+00 -0.13153992E-28
  0.32811337E+14  0.00000000E+00 -0.13071745E-28
  0.32859167E+14  0.00000000E+00 -0.12990560E-28
  0.32906997E+14  0.00000000E+00 -0.12910416E-28
  0.32954827E+14  0.00000000E+00 -0.12831290E-28
  0.33002657E+14  0.00000000E+00 -0.12753162E-28
  0.33050487E+14  0.00000000E+00 -0.12676012E-28
  0.33098317E+14  0.00000000E+00 -0.12599819E-28
  0.33146147E+14  0.00000000E+00 -0.12524564E-28
  0.33193977E+14  0.00000000E+00 -0.12450229E-28
  0.33241807E+14  0.00000000E+00 -0.12376795E-28
  0.33289637E+14  0.00000000E+00 -0.12304245E-28
  0.33337467E+14  0.00000000E+00 -0.12232561E-28
  0.33385297E+14  0.00000000E+00 -0.12161726E-28
  0.33433127E+14  0.00000000E+00 -0.12091725E-28
  0.33480957E+14  0.00000000E+00 -0.12022541E-28
  0.33528787E+14  0.00000000E+00 -0.11954159E-28
  0.33576616E+14  0.00000000E+00 -0.11886563E-28
  0.33624446E+14  0.00000000E+00 -0.11819740E-28
  0.33672276E+14  0.00000000E+00 -0.11753674E-28
  0.33720106E+14  0.00000000E+00 -0.11688352E-28
  0.33767936E+14  0.00000000E+00 -0.11623760E-28
  0.33815766E+14  0.00000000E+00 -0.11559885E-28
  0.33863596E+14  0.00000000E+00 -0.11496714E-28
  0.33911426E+14  0.00000000E+00 -0.11434235E-28
  0.33959256E+14  0.00000000E+00 -0.11372435E-28
  0.34007086E+14  0.00000000E+00 -0.11311302E-28
  0.34054916E+14  0.00000000E+00 -0.11250824E-28
  0.34102746E+14  0.00000000E+00 -0.11190991E-28
  0.34150576E+14  0.00000000E+00 -0.11131790E-28
  0.34198406E+14  0.00000000E+00 -0.11073212E-28
  0.34246236E+14  0.00000000E+00 -0.11015245E-28
  0.34294066E+14  0.00000000E+00 -0.10957879E-28
  0.34341895E+14  0.00000000E+00 -0.10901104E-28
  0.34389725E+14  0.00000000E+00 -0.10844911E-28
  0.34437555E+14  0.00000000E+00 -0.10789289E-28
  0.34485385E+14  0.00000000E+00 -0.10734229E-28
  0.34533215E+14  0.00000000E+00 -0.10679722E-28
  0.34581045E+14  0.00000000E+00 -0.10625759E-28
  0.34628875E+14  0.00000000E+00 -0.10572332E-28
  0.34676705E+14  0.00000000E+00 -0.10519430E-28
  0.34724535E+14  0.00000000E+00 -0.10467047E-28
  0.34772365E+14  0.00000000E+00 -0.10415174E-28
  0.34820195E+14  0.00000000E+00 -0.10363803E-28
  0.34868025E+14  0.00000000E+00 -0.10312926E-28
  0.34915855E+14  0.00000000E+00 -0.10262535E-28
  0.34963685E+14  0.00000000E+00 -0.10212623E-28
  0.35011515E+14  0.00000000E+00 -0.10163183E-28
  0.35059345E+14  0.00000000E+00 -0.10114207E-28
  0.35107174E+14  0.00000000E+00 -0.10065688E-28
  0.35155004E+14  0.00000000E+00 -0.10017619E-28
  0.35202834E+14  0.00000000E+00 -0.99699944E-29
  0.35250664E+14  0.00000000E+00 -0.99228065E-29
  0.35298494E+14  0.00000000E+00 -0.98760492E-29
  0.35346324E+14  0.00000000E+00 -0.98297161E-29
  0.35394154E+14  0.00000000E+00 -0.97838010E-29
  0.35441984E+14  0.00000000E+00 -0.97382979E-29
  0.35489814E+14  0.00000000E+00 -0.96932006E-29
  0.35537644E+14  0.00000000E+00 -0.96485036E-29
  0.35585474E+14  0.00000000E+00 -0.96042009E-29
  0.35633304E+14  0.00000000E+00 -0.95602871E-29
  0.35681134E+14  0.00000000E+00 -0.95167566E-29
  0.35728964E+14  0.00000000E+00 -0.94736040E-29
  0.35776794E+14  0.00000000E+00 -0.94308241E-29
  0.35824624E+14  0.00000000E+00 -0.93884116E-29
  0.35872453E+14  0.00000000E+00 -0.93463616E-29
  0.35920283E+14  0.00000000E+00 -0.93046691E-29
  0.35968113E+14  0.00000000E+00 -0.92633291E-29
  0.36015943E+14  0.00000000E+00 -0.92223368E-29
  0.36063773E+14  0.00000000E+00 -0.91816877E-29
  0.36111603E+14  0.00000000E+00 -0.91413770E-29
  0.36159433E+14  0.00000000E+00 -0.91014003E-29
  0.36207263E+14  0.00000000E+00 -0.90617532E-29
  0.36255093E+14  0.00000000E+00 -0.90224312E-29
  0.36302923E+14  0.00000000E+00 -0.89834301E-29
  0.36350753E+14  0.00000000E+00 -0.89447457E-29
  0.36398583E+14  0.00000000E+00 -0.89063739E-29
  0.36446413E+14  0.00000000E+00 -0.88683106E-29
  0.36494243E+14  0.00000000E+00 -0.88305520E-29
  0.36542073E+14  0.00000000E+00 -0.87930940E-29
  0.36589903E+14  0.00000000E+00 -0.87559329E-29
  0.36637733E+14  0.00000000E+00 -0.87190649E-29
  0.36685562E+14  0.00000000E+00 -0.86824864E-29
  0.36733392E+14  0.00000000E+00 -0.86461936E-29
  0.36781222E+14  0.00000000E+00 -0.86101831E-29
  0.36829052E+14  0.00000000E+00 -0.85744513E-29
  0.36876882E+14  0.00000000E+00 -0.85389948E-29
  0.36924712E+14  0.00000000E+00 -0.85038103E-29
  0.36972542E+14  0.00000000E+00 -0.84688943E-29
  0.37020372E+14  0.00000000E+00 -0.84342437E-29
  0.37068202E+14  0.00000000E+00 -0.83998552E-29
  0.37116032E+14  0.00000000E+00 -0.83657256E-29
  0.37163862E+14  0.00000000E+00 -0.83318520E-29
  0.37211692E+14  0.00000000E+00 -0.82982312E-29
  0.37259522E+14  0.00000000E+00 -0.82648602E-29
  0.37307352E+14  0.00000000E+00 -0.82317361E-29
  0.37355182E+14  0.00000000E+00 -0.81988561E-29
  0.37403012E+14  0.00000000E+00 -0.81662171E-29
  0.37450841E+14  0.00000000E+00 -0.81338165E-29
  0.37498671E+14  0.00000000E+00 -0.81016515E-29
  0.37546501E+14  0.00000000E+00 -0.80697194E-29
  0.37594331E+14  0.00000000E+00 -0.80380174E-29
  0.37642161E+14  0.00000000E+00 -0.80065431E-29
  0.37689991E+14  0.00000000E+00 -0.79752937E-29
  0.37737821E+14  0.00000000E+00 -0.79442668E-29
  0.37785651E+14  0.00000000E+00 -0.79134598E-29
  0.37833481E+14  0.00000000E+00 -0.78828704E-29
  0.37881311E+14  0.00000000E+00 -0.78524960E-29
  0.37929141E+14  0.00000000E+00 -0.78223343E-29
  0.37976971E+14  0.00000000E+00 -0.77923829E-29
  0.38024801E+14  0.00000000E+00 -0.77626395E-29
  0.38072631E+14  0.00000000E+00 -0.77331019E-29
  0.38120461E+14  0.00000000E+00 -0.77037678E-29
  0.38168291E+14  0.00000000E+00 -0.76746351E-29
  0.38216120E+14  0.00000000E+00 -0.76457014E-29
  0.38263950E+14  0.00000000E+00 -0.76169647E-29
  0.38311780E+14  0.00000000E+00 -0.75884229E-29
  0.38359610E+14  0.00000000E+00 -0.75600739E-29
  0.38407440E+14  0.00000000E+00 -0.75319157E-29
  0.38455270E+14  0.00000000E+00 -0.75039463E-29
  0.38503100E+14  0.00000000E+00 -0.74761635E-29
  0.38550930E+14  0.00000000E+00 -0.74485656E-29
  0.38598760E+14  0.00000000E+00 -0.74211506E-29
  0.38646590E+14  0.00000000E+00 -0.73939166E-29
  0.38694420E+14  0.00000000E+00 -0.73668617E-29
  0.38742250E+14  0.00000000E+00 -0.73399840E-29
  0.38790080E+14  0.00000000E+00 -0.73132819E-29
  0.38837910E+14  0.00000000E+00 -0.72867533E-29
  0.38885740E+14  0.00000000E+00 -0.72603967E-29
  0.38933570E+14  0.00000000E+00 -0.72342103E-29
  0.38981399E+14  0.00000000E+00 -0.72081923E-29
  0.39029229E+14  0.00000000E+00 -0.71823410E-29
  0.39077059E+14  0.00000000E+00 -0.71566549E-29
  0.39124889E+14  0.00000000E+00 -0.71311321E-29
  0.39172719E+14  0.00000000E+00 -0.71057713E-29
  0.39220549E+14  0.00000000E+00 -0.70805706E-29
  0.39268379E+14  0.00000000E+00 -0.70555286E-29
  0.39316209E+14  0.00000000E+00 -0.70306437E-29
  0.39364039E+14  0.00000000E+00 -0.70059144E-29
  0.39411869E+14  0.00000000E+00 -0.69813391E-29
  0.39459699E+14  0.00000000E+00 -0.69569164E-29
  0.39507529E+14  0.00000000E+00 -0.69326448E-29
  0.39555359E+14  0.00000000E+00 -0.69085228E-29
  0.39603189E+14  0.00000000E+00 -0.68845491E-29
  0.39651019E+14  0.00000000E+00 -0.68607222E-29
  0.39698849E+14  0.00000000E+00 -0.68370406E-29
  0.39746678E+14  0.00000000E+00 -0.68135031E-29
  0.39794508E+14  0.00000000E+00 -0.67901083E-29
  0.39842338E+14  0.00000000E+00 -0.67668548E-29
  0.39890168E+14  0.00000000E+00 -0.67437414E-29
  0.39937998E+14  0.00000000E+00 -0.67207667E-29
  0.39985828E+14  0.00000000E+00 -0.66979294E-29
  0.40033658E+14  0.00000000E+00 -0.66752282E-29
  0.40081488E+14  0.00000000E+00 -0.66526620E-29
  0.40129318E+14  0.00000000E+00 -0.66302294E-29
  0.40177148E+14  0.00000000E+00 -0.66079293E-29
  0.40224978E+14  0.00000000E+00 -0.65857605E-29
  0.40272808E+14  0.00000000E+00 -0.65637216E-29
  0.40320638E+14  0.00000000E+00 -0.65418117E-29
  0.40368468E+14  0.00000000E+00 -0.65200295E-29
  0.40416298E+14  0.00000000E+00 -0.64983739E-29
  0.40464128E+14  0.00000000E+00 -0.64768437E-29
  0.40511957E+14  0.00000000E+00 -0.64554378E-29
  0.40559787E+14  0.00000000E+00 -0.64341552E-29
  0.40607617E+14  0.00000000E+00 -0.64129947E-29
  0.40655447E+14  0.00000000E+00 -0.63919552E-29
  0.40703277E+14  0.00000000E+00 -0.63710358E-29
  0.40751107E+14  0.00000000E+00 -0.63502353E-29
  0.40798937E+14  0.00000000E+00 -0.63295527E-29
  0.40846767E+14  0.00000000E+00 -0.63089870E-29
  0.40894597E+14  0.00000000E+00 -0.62885371E-29
  0.40942427E+14  0.00000000E+00 -0.62682022E-29
  0.40990257E+14  0.00000000E+00 -0.62479811E-29
  0.41038087E+14  0.00000000E+00 -0.62278729E-29
  0.41085917E+14  0.00000000E+00 -0.62078767E-29
  0.41133747E+14  0.00000000E+00 -0.61879915E-29
  0.41181577E+14  0.00000000E+00 -0.61682163E-29
  0.41229407E+14  0.00000000E+00 -0.61485503E-29
  0.41277236E+14  0.00000000E+00 -0.61289924E-29
  0.41325066E+14  0.00000000E+00 -0.61095419E-29
  0.41372896E+14  0.00000000E+00 -0.60901977E-29
  0.41420726E+14  0.00000000E+00 -0.60709591E-29
  0.41468556E+14  0.00000000E+00 -0.60518251E-29
  0.41516386E+14  0.00000000E+00 -0.60327949E-29
  0.41564216E+14  0.00000000E+00 -0.60138675E-29
  0.41612046E+14  0.00000000E+00 -0.59950423E-29
  0.41659876E+14  0.00000000E+00 -0.59763183E-29
  0.41707706E+14  0.00000000E+00 -0.59576947E-29
  0.41755536E+14  0.00000000E+00 -0.59391706E-29
  0.41803366E+14  0.00000000E+00 -0.59207454E-29
  0.41851196E+14  0.00000000E+00 -0.59024181E-29
  0.41899026E+14  0.00000000E+00 -0.58841880E-29
  0.41946856E+14  0.00000000E+00 -0.58660543E-29
  0.41994686E+14  0.00000000E+00 -0.58480162E-29
  0.42042516E+14  0.00000000E+00 -0.58300730E-29
  0.42090345E+14  0.00000000E+00 -0.58122239E-29
  0.42138175E+14  0.00000000E+00 -0.57944682E-29
  0.42186005E+14  0.00000000E+00 -0.57768051E-29
  0.42233835E+14  0.00000000E+00 -0.57592339E-29
  0.42281665E+14  0.00000000E+00 -0.57417538E-29
  0.42329495E+14  0.00000000E+00 -0.57243642E-29
  0.42377325E+14  0.00000000E+00 -0.57070644E-29
  0.42425155E+14  0.00000000E+00 -0.56898536E-29
  0.42472985E+14  0.00000000E+00 -0.56727312E-29
  0.42520815E+14  0.00000000E+00 -0.56556964E-29
  0.42568645E+14  0.00000000E+00 -0.56387486E-29
  0.42616475E+14  0.00000000E+00 -0.56218872E-29
  0.42664305E+14  0.00000000E+00 -0.56051114E-29
  0.42712135E+14  0.00000000E+00 -0.55884206E-29
  0.42759965E+14  0.00000000E+00 -0.55718142E-29
  0.42807795E+14  0.00000000E+00 -0.55552915E-29
  0.42855624E+14  0.00000000E+00 -0.55388518E-29
  0.42903454E+14  0.00000000E+00 -0.55224946E-29
  0.42951284E+14  0.00000000E+00 -0.55062193E-29
  0.42999114E+14  0.00000000E+00 -0.54900251E-29
  0.43046944E+14  0.00000000E+00 -0.54739116E-29
  0.43094774E+14  0.00000000E+00 -0.54578781E-29
  0.43142604E+14  0.00000000E+00 -0.54419240E-29
  0.43190434E+14  0.00000000E+00 -0.54260487E-29
  0.43238264E+14  0.00000000E+00 -0.54102516E-29
  0.43286094E+14  0.00000000E+00 -0.53945322E-29
  0.43333924E+14  0.00000000E+00 -0.53788898E-29
  0.43381754E+14  0.00000000E+00 -0.53633240E-29
  0.43429584E+14  0.00000000E+00 -0.53478341E-29
  0.43477414E+14  0.00000000E+00 -0.53324196E-29
  0.43525244E+14  0.00000000E+00 -0.53170800E-29
  0.43573074E+14  0.00000000E+00 -0.53018147E-29
  0.43620903E+14  0.00000000E+00 -0.52866232E-29
  0.43668733E+14  0.00000000E+00 -0.52715049E-29
  0.43716563E+14  0.00000000E+00 -0.52564593E-29
  0.43764393E+14  0.00000000E+00 -0.52414858E-29
  0.43812223E+14  0.00000000E+00 -0.52265841E-29
  0.43860053E+14  0.00000000E+00 -0.52117535E-29
  0.43907883E+14  0.00000000E+00 -0.51969935E-29
  0.43955713E+14  0.00000000E+00 -0.51823037E-29
  0.44003543E+14  0.00000000E+00 -0.51676836E-29
  0.44051373E+14  0.00000000E+00 -0.51531326E-29
  0.44099203E+14  0.00000000E+00 -0.51386503E-29
  0.44147033E+14  0.00000000E+00 -0.51242362E-29
  0.44194863E+14  0.00000000E+00 -0.51098897E-29
  0.44242693E+14  0.00000000E+00 -0.50956105E-29
  0.44290523E+14  0.00000000E+00 -0.50813981E-29
  0.44338353E+14  0.00000000E+00 -0.50672520E-29
  0.44386182E+14  0.00000000E+00 -0.50531717E-29
  0.44434012E+14  0.00000000E+00 -0.50391568E-29
  0.44481842E+14  0.00000000E+00 -0.50252069E-29
  0.44529672E+14  0.00000000E+00 -0.50113214E-29
  0.44577502E+14  0.00000000E+00 -0.49975000E-29
  0.44625332E+14  0.00000000E+00 -0.49837422E-29
  0.44673162E+14  0.00000000E+00 -0.49700476E-29
  0.44720992E+14  0.00000000E+00 -0.49564157E-29
  0.44768822E+14  0.00000000E+00 -0.49428461E-29
  0.44816652E+14  0.00000000E+00 -0.49293384E-29
  0.44864482E+14  0.00000000E+00 -0.49158922E-29
  0.44912312E+14  0.00000000E+00 -0.49025071E-29
  0.44960142E+14  0.00000000E+00 -0.48891826E-29
  0.45007972E+14  0.00000000E+00 -0.48759183E-29
  0.45055802E+14  0.00000000E+00 -0.48627139E-29
  0.45103632E+14  0.00000000E+00 -0.48495690E-29
  0.45151461E+14  0.00000000E+00 -0.48364831E-29
  0.45199291E+14  0.00000000E+00 -0.48234558E-29
  0.45247121E+14  0.00000000E+00 -0.48104868E-29
  0.45294951E+14  0.00000000E+00 -0.47975757E-29
  0.45342781E+14  0.00000000E+00 -0.47847221E-29
  0.45390611E+14  0.00000000E+00 -0.47719256E-29
  0.45438441E+14  0.00000000E+00 -0.47591858E-29
  0.45486271E+14  0.00000000E+00 -0.47465025E-29
  0.45534101E+14  0.00000000E+00 -0.47338751E-29
  0.45581931E+14  0.00000000E+00 -0.47213034E-29
  0.45629761E+14  0.00000000E+00 -0.47087869E-29
  0.45677591E+14  0.00000000E+00 -0.46963254E-29
  0.45725421E+14  0.00000000E+00 -0.46839185E-29
  0.45773251E+14  0.00000000E+00 -0.46715658E-29
  0.45821081E+14  0.00000000E+00 -0.46592669E-29
  0.45868911E+14  0.00000000E+00 -0.46470216E-29
  0.45916740E+14  0.00000000E+00 -0.46348294E-29
  0.45964570E+14  0.00000000E+00 -0.46226901E-29
  0.46012400E+14  0.00000000E+00 -0.46106033E-29
  0.46060230E+14  0.00000000E+00 -0.45985686E-29
  0.46108060E+14  0.00000000E+00 -0.45865858E-29
  0.46155890E+14  0.00000000E+00 -0.45746545E-29
  0.46203720E+14  0.00000000E+00 -0.45627744E-29
  0.46251550E+14  0.00000000E+00 -0.45509451E-29
  0.46299380E+14  0.00000000E+00 -0.45391664E-29
  0.46347210E+14  0.00000000E+00 -0.45274380E-29
  0.46395040E+14  0.00000000E+00 -0.45157594E-29
  0.46442870E+14  0.00000000E+00 -0.45041304E-29
  0.46490700E+14  0.00000000E+00 -0.44925507E-29
  0.46538530E+14  0.00000000E+00 -0.44810201E-29
  0.46586360E+14  0.00000000E+00 -0.44695381E-29
  0.46634190E+14  0.00000000E+00 -0.44581044E-29
  0.46682019E+14  0.00000000E+00 -0.44467189E-29
  0.46729849E+14  0.00000000E+00 -0.44353811E-29
  0.46777679E+14  0.00000000E+00 -0.44240909E-29
  0.46825509E+14  0.00000000E+00 -0.44128478E-29
  0.46873339E+14  0.00000000E+00 -0.44016517E-29
  0.46921169E+14  0.00000000E+00 -0.43905021E-29
  0.46968999E+14  0.00000000E+00 -0.43793990E-29
  0.47016829E+14  0.00000000E+00 -0.43683419E-29
  0.47064659E+14  0.00000000E+00 -0.43573305E-29
  0.47112489E+14  0.00000000E+00 -0.43463647E-29
  0.47160319E+14  0.00000000E+00 -0.43354441E-29
  0.47208149E+14  0.00000000E+00 -0.43245685E-29
  0.47255979E+14  0.00000000E+00 -0.43137375E-29
  0.47303809E+14  0.00000000E+00 -0.43029510E-29
  0.47351639E+14  0.00000000E+00 -0.42922087E-29
  0.47399469E+14  0.00000000E+00 -0.42815102E-29
  0.47447298E+14  0.00000000E+00 -0.42708553E-29
  0.47495128E+14  0.00000000E+00 -0.42602439E-29
  0.47542958E+14  0.00000000E+00 -0.42496755E-29
  0.47590788E+14  0.00000000E+00 -0.42391500E-29
  0.47638618E+14  0.00000000E+00 -0.42286671E-29
  0.47686448E+14  0.00000000E+00 -0.42182266E-29
  0.47734278E+14  0.00000000E+00 -0.42078282E-29
  0.47782108E+14  0.00000000E+00 -0.41974716E-29
  0.47829938E+14  0.00000000E+00 -0.41871566E-29
  0.47877768E+14  0.00000000E+00 -0.41768831E-29
  0.47925598E+14  0.00000000E+00 -0.41666506E-29
  0.47973428E+14  0.00000000E+00 -0.41564590E-29
  0.48021258E+14  0.00000000E+00 -0.41463081E-29
  0.48069088E+14  0.00000000E+00 -0.41361976E-29
  0.48116918E+14  0.00000000E+00 -0.41261273E-29
  0.48164748E+14  0.00000000E+00 -0.41160970E-29
  0.48212578E+14  0.00000000E+00 -0.41061063E-29
  0.48260407E+14  0.00000000E+00 -0.40961552E-29
  0.48308237E+14  0.00000000E+00 -0.40862433E-29
  0.48356067E+14  0.00000000E+00 -0.40763705E-29
  0.48403897E+14  0.00000000E+00 -0.40665365E-29
  0.48451727E+14  0.00000000E+00 -0.40567411E-29
  0.48499557E+14  0.00000000E+00 -0.40469840E-29
  0.48547387E+14  0.00000000E+00 -0.40372652E-29
  0.48595217E+14  0.00000000E+00 -0.40275842E-29
  0.48643047E+14  0.00000000E+00 -0.40179410E-29
  0.48690877E+14  0.00000000E+00 -0.40083354E-29
  0.48738707E+14  0.00000000E+00 -0.39987670E-29
  0.48786537E+14  0.00000000E+00 -0.39892357E-29
  0.48834367E+14  0.00000000E+00 -0.39797413E-29
  0.48882197E+14  0.00000000E+00 -0.39702836E-29
  0.48930027E+14  0.00000000E+00 -0.39608624E-29
  0.48977857E+14  0.00000000E+00 -0.39514774E-29
  0.49025686E+14  0.00000000E+00 -0.39421285E-29
  0.49073516E+14  0.00000000E+00 -0.39328155E-29
  0.49121346E+14  0.00000000E+00 -0.39235382E-29
  0.49169176E+14  0.00000000E+00 -0.39142963E-29
  0.49217006E+14  0.00000000E+00 -0.39050897E-29
  0.49264836E+14  0.00000000E+00 -0.38959182E-29
  0.49312666E+14  0.00000000E+00 -0.38867816E-29
  0.49360496E+14  0.00000000E+00 -0.38776797E-29
  0.49408326E+14  0.00000000E+00 -0.38686123E-29
  0.49456156E+14  0.00000000E+00 -0.38595792E-29
  0.49503986E+14  0.00000000E+00 -0.38505802E-29
  0.49551816E+14  0.00000000E+00 -0.38416152E-29
  0.49599646E+14  0.00000000E+00 -0.38326840E-29
  0.49647476E+14  0.00000000E+00 -0.38237863E-29
  0.49695306E+14  0.00000000E+00 -0.38149221E-29
  0.49743136E+14  0.00000000E+00 -0.38060910E-29
  0.49790965E+14  0.00000000E+00 -0.37972930E-29
  0.49838795E+14  0.00000000E+00 -0.37885279E-29
  0.49886625E+14  0.00000000E+00 -0.37797954E-29
  0.49934455E+14  0.00000000E+00 -0.37710955E-29
  0.49982285E+14  0.00000000E+00 -0.37624279E-29
  0.50030115E+14  0.00000000E+00 -0.37537924E-29
  0.50077945E+14  0.00000000E+00 -0.37451890E-29
  0.50125775E+14  0.00000000E+00 -0.37366173E-29
  0.50173605E+14  0.00000000E+00 -0.37280773E-29
  0.50221435E+14  0.00000000E+00 -0.37195688E-29
  0.50269265E+14  0.00000000E+00 -0.37110916E-29
  0.50317095E+14  0.00000000E+00 -0.37026456E-29
  0.50364925E+14  0.00000000E+00 -0.36942305E-29
  0.50412755E+14  0.00000000E+00 -0.36858463E-29
  0.50460585E+14  0.00000000E+00 -0.36774927E-29
  0.50508415E+14  0.00000000E+00 -0.36691696E-29
  0.50556244E+14  0.00000000E+00 -0.36608769E-29
  0.50604074E+14  0.00000000E+00 -0.36526143E-29
  0.50651904E+14  0.00000000E+00 -0.36443818E-29
  0.50699734E+14  0.00000000E+00 -0.36361791E-29
  0.50747564E+14  0.00000000E+00 -0.36280062E-29
  0.50795394E+14  0.00000000E+00 -0.36198628E-29
  0.50843224E+14  0.00000000E+00 -0.36117488E-29
  0.50891054E+14  0.00000000E+00 -0.36036640E-29
  0.50938884E+14  0.00000000E+00 -0.35956084E-29
  0.50986714E+14  0.00000000E+00 -0.35875817E-29
  0.51034544E+14  0.00000000E+00 -0.35795838E-29
  0.51082374E+14  0.00000000E+00 -0.35716146E-29
  0.51130204E+14  0.00000000E+00 -0.35636738E-29
  0.51178034E+14  0.00000000E+00 -0.35557614E-29
  0.51225864E+14  0.00000000E+00 -0.35478773E-29
  0.51273694E+14  0.00000000E+00 -0.35400212E-29
  0.51321523E+14  0.00000000E+00 -0.35321931E-29
  0.51369353E+14  0.00000000E+00 -0.35243927E-29
  0.51417183E+14  0.00000000E+00 -0.35166200E-29
  0.51465013E+14  0.00000000E+00 -0.35088748E-29
  0.51512843E+14  0.00000000E+00 -0.35011569E-29
  0.51560673E+14  0.00000000E+00 -0.34934663E-29
  0.51608503E+14  0.00000000E+00 -0.34858028E-29
  0.51656333E+14  0.00000000E+00 -0.34781662E-29
  0.51704163E+14  0.00000000E+00 -0.34705564E-29
  0.51751993E+14  0.00000000E+00 -0.34629734E-29
  0.51799823E+14  0.00000000E+00 -0.34554168E-29
  0.51847653E+14  0.00000000E+00 -0.34478867E-29
  0.51895483E+14  0.00000000E+00 -0.34403829E-29
  0.51943313E+14  0.00000000E+00 -0.34329053E-29
  0.51991143E+14  0.00000000E+00 -0.34254536E-29
  0.52038973E+14  0.00000000E+00 -0.34180279E-29
  0.52086802E+14  0.00000000E+00 -0.34106279E-29
  0.52134632E+14  0.00000000E+00 -0.34032536E-29
  0.52182462E+14  0.00000000E+00 -0.33959048E-29
  0.52230292E+14  0.00000000E+00 -0.33885814E-29
  0.52278122E+14  0.00000000E+00 -0.33812832E-29
  0.52325952E+14  0.00000000E+00 -0.33740102E-29
  0.52373782E+14  0.00000000E+00 -0.33667622E-29
  0.52421612E+14  0.00000000E+00 -0.33595390E-29
  0.52469442E+14  0.00000000E+00 -0.33523407E-29
  0.52517272E+14  0.00000000E+00 -0.33451670E-29
  0.52565102E+14  0.00000000E+00 -0.33380178E-29
  0.52612932E+14  0.00000000E+00 -0.33308931E-29
  0.52660762E+14  0.00000000E+00 -0.33237926E-29
  0.52708592E+14  0.00000000E+00 -0.33167163E-29
  0.52756422E+14  0.00000000E+00 -0.33096641E-29
  0.52804252E+14  0.00000000E+00 -0.33026358E-29
  0.52852081E+14  0.00000000E+00 -0.32956313E-29
  0.52899911E+14  0.00000000E+00 -0.32886506E-29
  0.52947741E+14  0.00000000E+00 -0.32816934E-29
  0.52995571E+14  0.00000000E+00 -0.32747598E-29
  0.53043401E+14  0.00000000E+00 -0.32678495E-29
  0.53091231E+14  0.00000000E+00 -0.32609624E-29
  0.53139061E+14  0.00000000E+00 -0.32540985E-29
  0.53186891E+14  0.00000000E+00 -0.32472576E-29
  0.53234721E+14  0.00000000E+00 -0.32404397E-29
  0.53282551E+14  0.00000000E+00 -0.32336446E-29
  0.53330381E+14  0.00000000E+00 -0.32268722E-29
  0.53378211E+14  0.00000000E+00 -0.32201224E-29
  0.53426041E+14  0.00000000E+00 -0.32133951E-29
  0.53473871E+14  0.00000000E+00 -0.32066901E-29
  0.53521701E+14  0.00000000E+00 -0.32000075E-29
  0.53569531E+14  0.00000000E+00 -0.31933470E-29
  0.53617360E+14  0.00000000E+00 -0.31867086E-29
  0.53665190E+14  0.00000000E+00 -0.31800922E-29
  0.53713020E+14  0.00000000E+00 -0.31734976E-29
  0.53760850E+14  0.00000000E+00 -0.31669249E-29
  0.53808680E+14  0.00000000E+00 -0.31603737E-29
  0.53856510E+14  0.00000000E+00 -0.31538441E-29
  0.53904340E+14  0.00000000E+00 -0.31473360E-29
  0.53952170E+14  0.00000000E+00 -0.31408493E-29
  0.54000000E+14  0.00000000E+00 -0.31343838E-29
