  0.47829938E+11  0.82081483E-29 -0.14705791E-28
  0.95659876E+11  0.81754065E-29 -0.89106170E-29
  0.14348981E+12  0.80606877E-29 -0.63354817E-29
  0.19131975E+12  0.79668640E-29 -0.49926375E-29
  0.23914969E+12  0.83349619E-29 -0.40658623E-29
  0.28697963E+12  0.86882145E-29 -0.32696593E-29
  0.33480957E+12  0.90931043E-29 -0.25180802E-29
  0.38263950E+12  0.92614218E-29 -0.24645967E-29
  0.43046944E+12  0.12265057E-28 -0.15411588E-29
  0.47829938E+12  0.10250626E-28  0.15783834E-29
  0.52612932E+12  0.10311946E-28  0.91980886E-30
  0.57395926E+12  0.11065824E-28  0.11970506E-29
  0.62178919E+12  0.11217325E-28  0.21299036E-29
  0.66961913E+12  0.11040460E-28  0.29142462E-29
  0.71744907E+12  0.11013931E-28  0.25024726E-29
  0.76527901E+12  0.12343630E-28  0.22514034E-29
  0.81310895E+12  0.14139467E-28  0.38288435E-29
  0.86093888E+12  0.13583813E-28  0.61509612E-29
  0.90876882E+12  0.11717176E-28  0.64782009E-29
  0.95659876E+12  0.12066795E-28  0.59643464E-29
  0.10044287E+13  0.12168023E-28  0.59518075E-29
  0.10522586E+13  0.12969227E-28  0.50298564E-29
  0.11000886E+13  0.15402016E-28  0.64077851E-29
  0.11479185E+13  0.15706985E-28  0.86913063E-29
  0.11957484E+13  0.14121016E-28  0.10779216E-28
  0.12435784E+13  0.12887954E-28  0.99868811E-29
  0.12914083E+13  0.12874521E-28  0.93515066E-29
  0.13392383E+13  0.14473584E-28  0.86990265E-29
  0.13870682E+13  0.15951361E-28  0.10150796E-28
  0.14348981E+13  0.16420295E-28  0.12098324E-28
  0.14827281E+13  0.14902068E-28  0.14365957E-28
  0.15305580E+13  0.13278917E-28  0.13660806E-28
  0.15783880E+13  0.13420819E-28  0.12297812E-28
  0.16262179E+13  0.15725195E-28  0.12808661E-28
  0.16740478E+13  0.16028048E-28  0.14453940E-28
  0.17218778E+13  0.16572253E-28  0.16029189E-28
  0.17697077E+13  0.14451909E-28  0.18462337E-28
  0.18175376E+13  0.12768551E-28  0.17436280E-28
  0.18653676E+13  0.14092654E-28  0.15781885E-28
  0.19131975E+13  0.15123944E-28  0.16915565E-28
  0.19610275E+13  0.15902832E-28  0.18066204E-28
  0.20088574E+13  0.16253193E-28  0.20694684E-28
  0.20566873E+13  0.12875397E-28  0.22179930E-28
  0.21045173E+13  0.11960659E-28  0.19863026E-28
  0.21523472E+13  0.14014934E-28  0.20193991E-28
  0.22001771E+13  0.14486165E-28  0.21465618E-28
  0.22480071E+13  0.14452760E-28  0.22722522E-28
  0.22958370E+13  0.14528057E-28  0.25145410E-28
  0.23436670E+13  0.10773544E-28  0.24796579E-28
  0.23914969E+13  0.11995843E-28  0.23368634E-28
  0.24393268E+13  0.12380584E-28  0.24225468E-28
  0.24871568E+13  0.13018465E-28  0.25136529E-28
  0.25349867E+13  0.13169389E-28  0.27053388E-28
  0.25828167E+13  0.10341489E-28  0.29896829E-28
  0.26306466E+13  0.86782642E-29  0.27007197E-28
  0.26784765E+13  0.10161782E-28  0.27161847E-28
  0.27263065E+13  0.10239251E-28  0.28307768E-28
  0.27741364E+13  0.99431656E-29  0.29257315E-28
  0.28219663E+13  0.10005582E-28  0.30868639E-28
  0.28697963E+13  0.64891751E-29  0.31706082E-28
  0.29176262E+13  0.69677577E-29  0.30213166E-28
  0.29654562E+13  0.72436800E-29  0.30697774E-28
  0.30132861E+13  0.72307983E-29  0.31380188E-28
  0.30611160E+13  0.72308985E-29  0.32655902E-28
  0.31089460E+13  0.64296394E-29  0.35056143E-28
  0.31567759E+13  0.32447575E-29  0.33580911E-28
  0.32046058E+13  0.37396555E-29  0.33547409E-28
  0.32524358E+13  0.35010903E-29  0.33763985E-28
  0.33002657E+13  0.34988100E-29  0.34363380E-28
  0.33480957E+13  0.29906975E-29  0.35750719E-28
  0.33959256E+13  0.23921160E-30  0.37029325E-28
  0.34437555E+13  0.77073264E-31  0.35403805E-28
  0.34915855E+13 -0.43659229E-30  0.36047296E-28
  0.35394154E+13 -0.67715334E-30  0.36033636E-28
  0.35872453E+13 -0.76799496E-30  0.36575381E-28
  0.36350753E+13 -0.13977775E-29  0.38121719E-28
  0.36829052E+13 -0.41672803E-29  0.37785899E-28
  0.37307352E+13 -0.36976119E-29  0.37577939E-28
  0.37785651E+13 -0.48387855E-29  0.38346044E-28
  0.38263950E+13 -0.59431010E-29  0.38010746E-28
  0.38742250E+13 -0.62691015E-29  0.38218606E-28
  0.39220549E+13 -0.76611403E-29  0.38783475E-28
  0.39698849E+13 -0.81115360E-29  0.38021456E-28
  0.40177148E+13 -0.86953441E-29  0.38394830E-28
  0.40655447E+13 -0.93676311E-29  0.38614508E-28
  0.41133747E+13 -0.10274433E-28  0.38866558E-28
  0.41612046E+13 -0.10573803E-28  0.39634070E-28
  0.42090345E+13 -0.13699650E-28  0.39561690E-28
  0.42568645E+13 -0.13641398E-28  0.38341696E-28
  0.43046944E+13 -0.13868075E-28  0.38791349E-28
  0.43525244E+13 -0.14964029E-28  0.39019694E-28
  0.44003543E+13 -0.15703034E-28  0.38509541E-28
  0.44481842E+13 -0.15941982E-28  0.39447987E-28
  0.44960142E+13 -0.18224061E-28  0.38838634E-28
  0.45438441E+13 -0.18485753E-28  0.38381247E-28
  0.45916740E+13 -0.19423815E-28  0.38413231E-28
  0.46395040E+13 -0.20355538E-28  0.37555232E-28
  0.46873339E+13 -0.20272218E-28  0.37807510E-28
  0.47351639E+13 -0.21964696E-28  0.38246855E-28
  0.47829938E+13 -0.22978309E-28  0.37970172E-28
  0.48308237E+13 -0.23987415E-28  0.37246944E-28
  0.48786537E+13 -0.24782148E-28  0.36771872E-28
  0.49264836E+13 -0.25020281E-28  0.36350605E-28
  0.49743136E+13 -0.25397965E-28  0.36260796E-28
  0.50221435E+13 -0.26675813E-28  0.36220398E-28
  0.50699734E+13 -0.27523082E-28  0.35958630E-28
  0.51178034E+13 -0.28830772E-28  0.35135370E-28
  0.51656333E+13 -0.29133690E-28  0.34450200E-28
  0.52134632E+13 -0.28948682E-28  0.34160421E-28
  0.52612932E+13 -0.30111728E-28  0.34610851E-28
  0.53091231E+13 -0.31112457E-28  0.33597330E-28
  0.53569531E+13 -0.31301257E-28  0.32713125E-28
  0.54047830E+13 -0.31031729E-28  0.32248296E-28
  0.54526129E+13 -0.29826408E-28  0.31530794E-28
  0.55004429E+13 -0.28734378E-28  0.31770975E-28
  0.55482728E+13 -0.25310695E-28  0.32617689E-28
  0.55961027E+13 -0.24159738E-28  0.42281218E-28
  0.56439327E+13 -0.31398071E-28  0.46328883E-28
  0.56917626E+13 -0.37116882E-28  0.47443951E-28
  0.57395926E+13 -0.41337483E-28  0.47492096E-28
  0.57874225E+13 -0.45837219E-28  0.47079250E-28
  0.58352524E+13 -0.50804573E-28  0.45541985E-28
  0.58830824E+13 -0.55339513E-28  0.43413507E-28
  0.59309123E+13 -0.58677426E-28  0.40917479E-28
  0.59787422E+13 -0.61718102E-28  0.38201589E-28
  0.60265722E+13 -0.65372280E-28  0.35406676E-28
  0.60744021E+13 -0.67412003E-28  0.32140921E-28
  0.61222321E+13 -0.71020490E-28  0.28249734E-28
  0.61700620E+13 -0.72008346E-28  0.24956190E-28
  0.62178919E+13 -0.73983477E-28  0.21103023E-28
  0.62657219E+13 -0.75222179E-28  0.17591648E-28
  0.63135518E+13 -0.77189147E-28  0.13393444E-28
  0.63613818E+13 -0.78055135E-28  0.90718739E-29
  0.64092117E+13 -0.77892381E-28  0.44349348E-29
  0.64570416E+13 -0.77539345E-28  0.11484506E-29
  0.65048716E+13 -0.77538050E-28 -0.26667180E-29
  0.65527015E+13 -0.77897849E-28 -0.61004229E-29
  0.66005314E+13 -0.77046008E-28 -0.10805241E-28
  0.66483614E+13 -0.76298203E-28 -0.14291204E-28
  0.66961913E+13 -0.75618396E-28 -0.17976589E-28
  0.67440213E+13 -0.74033413E-28 -0.22271440E-28
  0.67918512E+13 -0.71884828E-28 -0.25506150E-28
  0.68396811E+13 -0.70379210E-28 -0.29301392E-28
  0.68875111E+13 -0.68274241E-28 -0.32052629E-28
  0.69353410E+13 -0.66247166E-28 -0.35772398E-28
  0.69831709E+13 -0.63805910E-28 -0.38568022E-28
  0.70310009E+13 -0.60578171E-28 -0.41477196E-28
  0.70788308E+13 -0.58481006E-28 -0.43737816E-28
  0.71266608E+13 -0.55530062E-28 -0.46858598E-28
  0.71744907E+13 -0.51952989E-28 -0.48715396E-28
  0.72223206E+13 -0.49362126E-28 -0.51019262E-28
  0.72701506E+13 -0.45156985E-28 -0.53061749E-28
  0.73179805E+13 -0.42083163E-28 -0.53766544E-28
  0.73658105E+13 -0.39034284E-28 -0.55762813E-28
  0.74136404E+13 -0.35448091E-28 -0.57011678E-28
  0.74614703E+13 -0.31382386E-28 -0.58043456E-28
  0.75093003E+13 -0.27421448E-28 -0.58269342E-28
  0.75571302E+13 -0.24220422E-28 -0.58582629E-28
  0.76049601E+13 -0.20590704E-28 -0.58773278E-28
  0.76527901E+13 -0.16746283E-28 -0.59085634E-28
  0.77006200E+13 -0.13072862E-28 -0.58476159E-28
  0.77484500E+13 -0.95592692E-29 -0.57996459E-28
  0.77962799E+13 -0.57451543E-29 -0.56899244E-28
  0.78441098E+13 -0.27844199E-29 -0.55919973E-28
  0.78919398E+13  0.27035420E-30 -0.54708129E-28
  0.79397697E+13  0.35630169E-29 -0.53550422E-28
  0.79875996E+13  0.69155976E-29 -0.51847178E-28
  0.80354296E+13  0.95737562E-29 -0.49844326E-28
  0.80832595E+13  0.12480224E-28 -0.47959015E-28
  0.81310895E+13  0.14502000E-28 -0.45672327E-28
  0.81789194E+13  0.16814673E-28 -0.44260561E-28
  0.82267493E+13  0.20362848E-28 -0.41895453E-28
  0.82745793E+13  0.21825137E-28 -0.38591153E-28
  0.83224092E+13  0.23875005E-28 -0.36750714E-28
  0.83702391E+13  0.25617250E-28 -0.33724850E-28
  0.84180691E+13  0.27951489E-28 -0.31668479E-28
  0.84658990E+13  0.30155202E-28 -0.27860947E-28
  0.85137290E+13  0.30729228E-28 -0.23738722E-28
  0.85615589E+13  0.31617678E-28 -0.20886204E-28
  0.86093888E+13  0.33475600E-28 -0.17299823E-28
  0.86572188E+13  0.34654503E-28 -0.13686629E-28
  0.87050487E+13  0.35435068E-28 -0.81180555E-29
  0.87528787E+13  0.34150854E-28 -0.41032428E-29
  0.88007086E+13  0.34176091E-28  0.26273340E-30
  0.88485385E+13  0.32932010E-28  0.57030230E-29
  0.88963685E+13  0.30877202E-28  0.10191209E-28
  0.89441984E+13  0.28483618E-28  0.15966240E-28
  0.89920283E+13  0.25458474E-28  0.20796069E-28
  0.90398583E+13  0.20204672E-28  0.27158975E-28
  0.90876882E+13  0.12239512E-28  0.32709367E-28
  0.91355182E+13  0.10473895E-29  0.33731490E-28
  0.91833481E+13 -0.79320091E-29  0.31479977E-28
  0.92311780E+13 -0.15100326E-28  0.28050419E-28
  0.92790080E+13 -0.22768469E-28  0.24323107E-28
  0.93268379E+13 -0.29379534E-28  0.19083067E-28
  0.93746678E+13 -0.31734862E-28  0.80738777E-29
  0.94224978E+13 -0.34330109E-28  0.52933409E-29
  0.94703277E+13 -0.38436861E-28 -0.36975786E-29
  0.95181577E+13 -0.42205476E-28 -0.12215366E-28
  0.95659876E+13 -0.40073917E-28 -0.21917274E-28
  0.96138175E+13 -0.38583206E-28 -0.31543631E-28
  0.96616475E+13 -0.34990667E-28 -0.43694800E-28
  0.97094774E+13 -0.26085543E-28 -0.54819983E-28
  0.97573074E+13 -0.14064876E-28 -0.62576176E-28
  0.98051373E+13  0.10677856E-30 -0.68318857E-28
  0.98529672E+13  0.20286381E-28 -0.65235369E-28
  0.99007972E+13  0.22093627E-28 -0.54873361E-28
  0.99486271E+13  0.26430583E-28 -0.55649774E-28
  0.99964570E+13  0.32315303E-28 -0.56786621E-28
  0.10044287E+14  0.40553485E-28 -0.59371364E-28
  0.10092117E+14  0.51252714E-28 -0.61712401E-28
  0.10139947E+14  0.66404769E-28 -0.62297423E-28
  0.10187777E+14  0.81140885E-28 -0.61752584E-28
  0.10235607E+14  0.10221387E-27 -0.63310794E-28
  0.10283437E+14  0.13728566E-27 -0.60410425E-28
  0.10331267E+14  0.18513580E-27 -0.50561742E-28
  0.10379097E+14  0.27530030E-27 -0.25900875E-28
  0.10426926E+14  0.43848603E-27  0.33583518E-27
  0.10474756E+14 -0.15281765E-28  0.31660004E-27
  0.10522586E+14 -0.58158721E-28  0.19782680E-27
  0.10570416E+14 -0.60543970E-28  0.14687564E-27
  0.10618246E+14 -0.60164005E-28  0.11884817E-27
  0.10666076E+14 -0.60510537E-28  0.10073662E-27
  0.10713906E+14 -0.62024679E-28  0.87331701E-28
  0.10761736E+14 -0.62436529E-28  0.76552037E-28
  0.10809566E+14 -0.63071294E-28  0.67700020E-28
  0.10857396E+14 -0.63568529E-28  0.60825078E-28
  0.10905226E+14 -0.64763518E-28  0.53618525E-28
  0.10953056E+14 -0.64355281E-28  0.48327940E-28
  0.11000886E+14 -0.65602950E-28  0.43646023E-28
  0.11048716E+14 -0.67091167E-28  0.37891713E-28
  0.11096546E+14 -0.65157552E-28  0.33130162E-28
  0.11144376E+14 -0.66354552E-28  0.30403506E-28
  0.11192205E+14 -0.67297834E-28  0.25365554E-28
  0.11240035E+14 -0.67251102E-28  0.21258687E-28
  0.11287865E+14 -0.67431593E-28  0.19500904E-28
  0.11335695E+14 -0.69547059E-28  0.13825082E-28
  0.11383525E+14 -0.66292427E-28  0.10315948E-28
  0.11431355E+14 -0.68290436E-28  0.89744938E-29
  0.11479185E+14 -0.67325869E-28  0.48337101E-29
  0.11527015E+14 -0.67903928E-28  0.49465102E-29
  0.11574845E+14 -0.69478107E-28  0.10486386E-29
  0.11622675E+14 -0.69223568E-28 -0.50050077E-30
  0.11670505E+14 -0.72815302E-28 -0.30561980E-29
  0.11718335E+14 -0.71654362E-28 -0.51539116E-29
  0.11766165E+14 -0.75724363E-28 -0.65097474E-29
  0.11813995E+14 -0.78687446E-28 -0.81324032E-29
  0.11861825E+14 -0.83665581E-28 -0.10259941E-28
  0.11909655E+14 -0.89060570E-28 -0.10987852E-28
  0.11957484E+14 -0.10279276E-27 -0.12369699E-28
  0.12005314E+14 -0.12142861E-27 -0.11195524E-28
  0.12053144E+14 -0.21642866E-27 -0.58873098E-28
  0.12100974E+14 -0.15266458E-27 -0.15256075E-27
  0.12148804E+14 -0.91953473E-28 -0.19283601E-27
  0.12196634E+14 -0.37920850E-28 -0.18724739E-27
  0.12244464E+14 -0.11488614E-29 -0.17681663E-27
  0.12292294E+14  0.27173451E-28 -0.16313294E-27
  0.12340124E+14  0.50610190E-28 -0.14768698E-27
  0.12387954E+14  0.69946040E-28 -0.13034944E-27
  0.12435784E+14  0.88267902E-28 -0.11132408E-27
  0.12483614E+14  0.10249785E-27 -0.90087377E-28
  0.12531444E+14  0.11148028E-27 -0.64291088E-28
  0.12579274E+14  0.11844032E-27 -0.34613717E-28
  0.12627104E+14  0.12824193E-27  0.22165713E-28
  0.12674934E+14  0.63247926E-28  0.25731030E-28
  0.12722764E+14  0.51139614E-28  0.26317587E-28
  0.12770593E+14  0.29226382E-28  0.23415146E-28
  0.12818423E+14  0.25362380E-28  0.13767988E-28
  0.12866253E+14  0.22622453E-28  0.10717562E-28
  0.12914083E+14  0.20215884E-28  0.93585680E-29
  0.12961913E+14  0.18564367E-28  0.83300180E-29
  0.13009743E+14  0.16511309E-28  0.80467616E-29
  0.13057573E+14  0.14437738E-28  0.82311720E-29
  0.13105403E+14  0.12439224E-28  0.82158438E-29
  0.13153233E+14  0.10530316E-28  0.83844520E-29
  0.13201063E+14  0.84418117E-29  0.90075923E-29
  0.13248893E+14  0.59591719E-29  0.94072295E-29
  0.13296723E+14  0.00000000E+00  0.79307663E-29
  0.13344553E+14  0.00000000E+00  0.39103786E-29
  0.13392383E+14  0.00000000E+00  0.22144723E-29
  0.13440213E+14  0.00000000E+00  0.10561776E-29
  0.13488043E+14  0.00000000E+00  0.19525381E-30
  0.13535872E+14  0.00000000E+00 -0.47259823E-30
  0.13583702E+14  0.00000000E+00 -0.10042157E-29
  0.13631532E+14  0.00000000E+00 -0.14346714E-29
  0.13679362E+14  0.00000000E+00 -0.17873715E-29
  0.13727192E+14  0.00000000E+00 -0.20787969E-29
  0.13775022E+14  0.00000000E+00 -0.23210131E-29
  0.13822852E+14  0.00000000E+00 -0.25231173E-29
  0.13870682E+14  0.00000000E+00 -0.26921289E-29
  0.13918512E+14  0.00000000E+00 -0.28335662E-29
  0.13966342E+14  0.00000000E+00 -0.29518339E-29
  0.14014172E+14  0.00000000E+00 -0.30504937E-29
  0.14062002E+14  0.00000000E+00 -0.31324571E-29
  0.14109832E+14  0.00000000E+00 -0.32001270E-29
  0.14157662E+14  0.00000000E+00 -0.32555029E-29
  0.14205492E+14  0.00000000E+00 -0.33002605E-29
  0.14253322E+14  0.00000000E+00 -0.33358139E-29
  0.14301151E+14  0.00000000E+00 -0.33633627E-29
  0.14348981E+14  0.00000000E+00 -0.33839304E-29
  0.14396811E+14  0.00000000E+00 -0.33983942E-29
  0.14444641E+14  0.00000000E+00 -0.34075090E-29
  0.14492471E+14  0.00000000E+00 -0.34119272E-29
  0.14540301E+14  0.00000000E+00 -0.34122148E-29
  0.14588131E+14  0.00000000E+00 -0.34088640E-29
  0.14635961E+14  0.00000000E+00 -0.34023047E-29
  0.14683791E+14  0.00000000E+00 -0.33929129E-29
  0.14731621E+14  0.00000000E+00 -0.33810187E-29
  0.14779451E+14  0.00000000E+00 -0.33669125E-29
  0.14827281E+14  0.00000000E+00 -0.33508501E-29
  0.14875111E+14  0.00000000E+00 -0.33330577E-29
  0.14922941E+14  0.00000000E+00 -0.33137353E-29
  0.14970771E+14  0.00000000E+00 -0.32930603E-29
  0.15018601E+14  0.00000000E+00 -0.32711902E-29
  0.15066430E+14  0.00000000E+00 -0.32482651E-29
  0.15114260E+14  0.00000000E+00 -0.32244096E-29
  0.15162090E+14  0.00000000E+00 -0.31997349E-29
  0.15209920E+14  0.00000000E+00 -0.31743401E-29
  0.15257750E+14  0.00000000E+00 -0.31483138E-29
  0.15305580E+14  0.00000000E+00 -0.31217353E-29
  0.15353410E+14  0.00000000E+00 -0.30946752E-29
  0.15401240E+14  0.00000000E+00 -0.30671970E-29
  0.15449070E+14  0.00000000E+00 -0.30393574E-29
  0.15496900E+14  0.00000000E+00 -0.30112073E-29
  0.15544730E+14  0.00000000E+00 -0.29827921E-29
  0.15592560E+14  0.00000000E+00 -0.29541527E-29
  0.15640390E+14  0.00000000E+00 -0.29253255E-29
  0.15688220E+14  0.00000000E+00 -0.28963433E-29
  0.15736050E+14  0.00000000E+00 -0.28672353E-29
  0.15783880E+14  0.00000000E+00 -0.28380277E-29
  0.15831709E+14  0.00000000E+00 -0.28087440E-29
  0.15879539E+14  0.00000000E+00 -0.27794051E-29
  0.15927369E+14  0.00000000E+00 -0.27500296E-29
  0.15975199E+14  0.00000000E+00 -0.27206344E-29
  0.16023029E+14  0.00000000E+00 -0.26912341E-29
  0.16070859E+14  0.00000000E+00 -0.26618421E-29
  0.16118689E+14  0.00000000E+00 -0.26324701E-29
  0.16166519E+14  0.00000000E+00 -0.26031285E-29
  0.16214349E+14  0.00000000E+00 -0.25738267E-29
  0.16262179E+14  0.00000000E+00 -0.25445729E-29
  0.16310009E+14  0.00000000E+00 -0.25153745E-29
  0.16357839E+14  0.00000000E+00 -0.24862381E-29
  0.16405669E+14  0.00000000E+00 -0.24571695E-29
  0.16453499E+14  0.00000000E+00 -0.24281740E-29
  0.16501329E+14  0.00000000E+00 -0.23992566E-29
  0.16549159E+14  0.00000000E+00 -0.23704217E-29
  0.16596988E+14  0.00000000E+00 -0.23416737E-29
  0.16644818E+14  0.00000000E+00 -0.23130167E-29
  0.16692648E+14  0.00000000E+00 -0.22844549E-29
  0.16740478E+14  0.00000000E+00 -0.22559928E-29
  0.16788308E+14  0.00000000E+00 -0.22276349E-29
  0.16836138E+14  0.00000000E+00 -0.21993864E-29
  0.16883968E+14  0.00000000E+00 -0.21712534E-29
  0.16931798E+14  0.00000000E+00 -0.21432427E-29
  0.16979628E+14  0.00000000E+00 -0.21153626E-29
  0.17027458E+14  0.00000000E+00 -0.20876232E-29
  0.17075288E+14  0.00000000E+00 -0.20600368E-29
  0.17123118E+14  0.00000000E+00 -0.20326190E-29
  0.17170948E+14  0.00000000E+00 -0.20053891E-29
  0.17218778E+14  0.00000000E+00 -0.19783720E-29
  0.17266608E+14  0.00000000E+00 -0.19516002E-29
  0.17314438E+14  0.00000000E+00 -0.19251163E-29
  0.17362267E+14  0.00000000E+00 -0.18989779E-29
  0.17410097E+14  0.00000000E+00 -0.18732650E-29
  0.17457927E+14  0.00000000E+00 -0.18480927E-29
  0.17505757E+14  0.00000000E+00 -0.18236344E-29
  0.17553587E+14  0.00000000E+00 -0.18001693E-29
  0.17601417E+14  0.00000000E+00 -0.17781897E-29
  0.17649247E+14  0.00000000E+00 -0.17586947E-29
  0.17697077E+14  0.00000000E+00 -0.17442430E-29
  0.17744907E+14  0.00000000E+00 -0.17454051E-29
  0.17792737E+14  0.13780978E-30 -0.17728761E-29
  0.17840567E+14  0.10162010E-30 -0.14620551E-29
  0.17888397E+14  0.14977934E-31 -0.17911994E-29
  0.17936227E+14  0.91400261E-32 -0.17815370E-29
  0.17984057E+14  0.12746960E-30 -0.15448462E-29
  0.18031887E+14 -0.98044953E-31 -0.13685502E-29
  0.18079717E+14  0.19289860E-30 -0.13878224E-29
  0.18127547E+14 -0.10928770E-30 -0.12338077E-29
  0.18175376E+14 -0.32556273E-30 -0.14713355E-29
  0.18223206E+14  0.15027218E-30 -0.12462798E-29
  0.18271036E+14  0.46687735E-30 -0.13283710E-29
  0.18318866E+14 -0.36691135E-30 -0.14857806E-29
  0.18366696E+14  0.45790094E-31 -0.12626663E-29
  0.18414526E+14 -0.98584399E-31 -0.12501164E-29
  0.18462356E+14 -0.16714923E-31 -0.10320593E-29
  0.18510186E+14  0.44646413E-31 -0.16570171E-29
  0.18558016E+14 -0.38481397E-31 -0.16307286E-29
  0.18605846E+14 -0.36761193E-31 -0.17082900E-29
  0.18653676E+14 -0.29646546E-30 -0.19811294E-29
  0.18701506E+14  0.71641993E-30 -0.14608801E-29
  0.18749336E+14  0.58772386E-30 -0.23161611E-29
  0.18797166E+14  0.16107388E-31 -0.15286647E-29
  0.18844996E+14  0.55043813E-30 -0.24408598E-29
  0.18892826E+14  0.47993952E-30 -0.22151778E-29
  0.18940655E+14  0.24273387E-29 -0.17448049E-29
  0.18988485E+14  0.26868100E-29 -0.30416707E-29
  0.19036315E+14  0.22549192E-29 -0.54258673E-30
  0.19084145E+14  0.35937885E-29 -0.10994471E-29
  0.19131975E+14  0.23140108E-29 -0.41463158E-30
  0.19179805E+14  0.29446104E-29  0.89180813E-30
  0.19227635E+14  0.26355243E-29  0.62097952E-30
  0.19275465E+14  0.36466551E-29  0.15864412E-29
  0.19323295E+14  0.27354011E-29  0.17143008E-29
  0.19371125E+14  0.28691413E-29  0.30356647E-29
  0.19418955E+14  0.19174563E-29  0.27170625E-29
  0.19466785E+14  0.18858591E-29  0.40366630E-29
  0.19514615E+14  0.17914904E-29  0.33220550E-29
  0.19562445E+14  0.10657071E-29  0.49025787E-29
  0.19610275E+14  0.11962846E-29  0.48585047E-29
  0.19658105E+14  0.32770126E-30  0.55800349E-29
  0.19705934E+14 -0.29813599E-30  0.54144371E-29
  0.19753764E+14 -0.93015842E-30  0.58856433E-29
  0.19801594E+14 -0.16107700E-29  0.58482212E-29
  0.19849424E+14 -0.32181553E-29  0.61066166E-29
  0.19897254E+14 -0.29988330E-29  0.59439692E-29
  0.19945084E+14 -0.38069214E-29  0.65085817E-29
  0.19992914E+14 -0.46678826E-29  0.61033968E-29
  0.20040744E+14 -0.63841890E-29  0.62008251E-29
  0.20088574E+14 -0.65999867E-29  0.53719593E-29
  0.20136404E+14 -0.79383729E-29  0.45982427E-29
  0.20184234E+14 -0.84100806E-29  0.32154828E-29
  0.20232064E+14 -0.91353189E-29  0.34283747E-29
  0.20279894E+14 -0.73315917E-29  0.14337354E-29
  0.20327724E+14 -0.10354111E-28  0.13664471E-29
  0.20375554E+14 -0.84681283E-29  0.69448282E-30
  0.20423384E+14 -0.10603228E-28 -0.16947520E-29
  0.20471213E+14 -0.99025329E-29 -0.61752543E-30
  0.20519043E+14 -0.62528630E-29 -0.31171932E-29
  0.20566873E+14 -0.11593463E-28 -0.42516585E-29
  0.20614703E+14 -0.81469480E-29 -0.34908221E-29
  0.20662533E+14 -0.49782487E-29 -0.60220411E-29
  0.20710363E+14 -0.75307565E-29 -0.53633064E-29
  0.20758193E+14 -0.34340253E-29 -0.38555457E-29
  0.20806023E+14 -0.28921716E-29 -0.24835377E-29
  0.20853853E+14 -0.52556802E-29 -0.28761909E-29
  0.20901683E+14 -0.69977717E-29 -0.26059422E-29
  0.20949513E+14 -0.54456298E-29 -0.54199946E-29
  0.20997343E+14 -0.83084502E-29  0.52690274E-30
  0.21045173E+14 -0.11893943E-28 -0.57228122E-29
  0.21093003E+14 -0.75080760E-29 -0.11714889E-28
  0.21140833E+14 -0.28538506E-29 -0.13593792E-28
  0.21188663E+14  0.22917268E-29 -0.11231172E-28
  0.21236492E+14  0.48699905E-29 -0.61519735E-29
  0.21284322E+14  0.64245267E-29 -0.17750423E-29
  0.21332152E+14  0.29436057E-29  0.45706292E-29
  0.21379982E+14  0.64805120E-30  0.40110107E-29
  0.21427812E+14 -0.48085906E-30  0.82646091E-29
  0.21475642E+14 -0.11648163E-28  0.19155792E-28
  0.21523472E+14 -0.34120356E-28 -0.20277889E-29
  0.21571302E+14 -0.17579364E-28 -0.29703639E-28
  0.21619132E+14  0.14193463E-28 -0.17382524E-28
  0.21666962E+14  0.10990904E-29 -0.62199595E-29
  0.21714792E+14  0.74814060E-30 -0.61168197E-29
  0.21762622E+14  0.42219158E-30 -0.55402104E-29
  0.21810452E+14 -0.24062987E-30 -0.51467913E-29
  0.21858282E+14  0.25758711E-30 -0.44367281E-29
  0.21906112E+14  0.75622201E-31 -0.44541940E-29
  0.21953942E+14  0.74988253E-31 -0.42273544E-29
  0.22001771E+14 -0.43275120E-31 -0.39731312E-29
  0.22049601E+14 -0.81840002E-31 -0.36595653E-29
  0.22097431E+14  0.17990553E-30 -0.35847250E-29
  0.22145261E+14 -0.10347255E-30 -0.37451357E-29
  0.22193091E+14  0.94577319E-31 -0.31942135E-29
  0.22240921E+14 -0.34974366E-30 -0.31298827E-29
  0.22288751E+14  0.91339666E-31 -0.31364983E-29
  0.22336581E+14 -0.19000884E-30 -0.28969998E-29
  0.22384411E+14 -0.41280634E-30 -0.29421074E-29
  0.22432241E+14  0.49333949E-32 -0.31081436E-29
  0.22480071E+14  0.27069579E-31 -0.27464956E-29
  0.22527901E+14 -0.14249282E-30 -0.25074565E-29
  0.22575731E+14 -0.39499461E-30 -0.26536602E-29
  0.22623561E+14 -0.73295686E-31 -0.27035243E-29
  0.22671391E+14  0.53359061E-31 -0.24263377E-29
  0.22719221E+14 -0.18257685E-30 -0.21918111E-29
  0.22767050E+14 -0.37988241E-30 -0.26258862E-29
  0.22814880E+14  0.28294952E-31 -0.23781321E-29
  0.22862710E+14 -0.10421776E-30 -0.21254552E-29
  0.22910540E+14 -0.37291665E-30 -0.21439145E-29
  0.22958370E+14 -0.11196411E-30 -0.23056782E-29
  0.23006200E+14 -0.65184960E-31 -0.20772785E-29
  0.23054030E+14 -0.25696925E-30 -0.18771717E-29
  0.23101860E+14 -0.22198798E-30 -0.21116703E-29
  0.23149690E+14 -0.19968906E-30 -0.18293496E-29
  0.23197520E+14 -0.20830527E-30 -0.18417085E-29
  0.23245350E+14 -0.31579117E-30 -0.18716680E-29
  0.23293180E+14 -0.33064975E-30 -0.15550243E-29
  0.23341010E+14 -0.44087575E-30 -0.18419500E-29
  0.23388840E+14 -0.31907016E-30 -0.15145760E-29
  0.23436670E+14 -0.66085689E-30 -0.17444490E-29
  0.23484500E+14 -0.22923249E-30 -0.17010512E-29
  0.23532329E+14 -0.47664880E-30 -0.14458237E-29
  0.23580159E+14 -0.62027851E-30 -0.15090603E-29
  0.23627989E+14 -0.39387448E-30 -0.14179504E-29
  0.23675819E+14 -0.77509980E-30 -0.13476759E-29
  0.23723649E+14 -0.67665381E-30 -0.15562403E-29
  0.23771479E+14 -0.64284508E-30 -0.14147177E-29
  0.23819309E+14 -0.61714206E-30 -0.13748779E-29
  0.23867139E+14 -0.86143682E-30 -0.13999550E-29
  0.23914969E+14 -0.68743559E-30 -0.13972737E-29
  0.23962799E+14 -0.76168043E-30 -0.13182062E-29
  0.24010629E+14 -0.75157754E-30 -0.12812809E-29
  0.24058459E+14 -0.93391115E-30 -0.12777844E-29
  0.24106289E+14 -0.87018353E-30 -0.12822772E-29
  0.24154119E+14 -0.10483882E-29 -0.13173877E-29
  0.24201949E+14 -0.10668882E-29 -0.12162871E-29
  0.24249779E+14 -0.11193982E-29 -0.12555326E-29
  0.24297609E+14 -0.13275813E-29 -0.14921774E-29
  0.24345438E+14 -0.11758146E-29 -0.13323793E-29
  0.24393268E+14 -0.93136014E-30 -0.14642753E-29
  0.24441098E+14 -0.14329315E-29 -0.11832863E-29
  0.24488928E+14 -0.12045556E-29 -0.13277275E-29
  0.24536758E+14 -0.16423684E-29 -0.14369732E-29
  0.24584588E+14 -0.15684610E-29 -0.14890459E-29
  0.24632418E+14 -0.15756766E-29 -0.15848234E-29
  0.24680248E+14 -0.13404330E-29 -0.14758996E-29
  0.24728078E+14 -0.16256571E-29 -0.16994521E-29
  0.24775908E+14 -0.16138257E-29 -0.14976144E-29
  0.24823738E+14 -0.17379643E-29 -0.17693547E-29
  0.24871568E+14 -0.16024719E-29 -0.16961473E-29
  0.24919398E+14 -0.18234329E-29 -0.17452446E-29
  0.24967228E+14 -0.18631771E-29 -0.20698569E-29
  0.25015058E+14 -0.17508820E-29 -0.21577381E-29
  0.25062888E+14 -0.17502267E-29 -0.20351637E-29
  0.25110717E+14 -0.18699788E-29 -0.22178821E-29
  0.25158547E+14 -0.17520682E-29 -0.23496559E-29
  0.25206377E+14 -0.14979147E-29 -0.24724064E-29
  0.25254207E+14 -0.17054734E-29 -0.24945645E-29
  0.25302037E+14 -0.13975051E-29 -0.25667661E-29
  0.25349867E+14 -0.16804684E-29 -0.25122664E-29
  0.25397697E+14 -0.14570153E-29 -0.27815566E-29
  0.25445527E+14 -0.15162206E-29 -0.27878466E-29
  0.25493357E+14 -0.12197202E-29 -0.28290030E-29
  0.25541187E+14 -0.13934348E-29 -0.29247996E-29
  0.25589017E+14 -0.10795709E-29 -0.28822916E-29
  0.25636847E+14 -0.84575489E-30 -0.29487012E-29
  0.25684677E+14 -0.11417980E-29 -0.30045381E-29
  0.25732507E+14 -0.88263786E-30 -0.29921077E-29
  0.25780337E+14 -0.71748863E-30 -0.30706634E-29
  0.25828167E+14 -0.82908220E-30 -0.29837743E-29
  0.25875996E+14 -0.39730214E-30 -0.30956052E-29
  0.25923826E+14 -0.59610644E-30 -0.29952096E-29
  0.25971656E+14 -0.30773061E-30 -0.29664923E-29
  0.26019486E+14 -0.18620136E-30 -0.30704710E-29
  0.26067316E+14 -0.36407005E-30 -0.30257124E-29
  0.26115146E+14  0.62389348E-32 -0.28104715E-29
  0.26162976E+14  0.16229607E-30 -0.28505001E-29
  0.26210806E+14 -0.45450710E-32 -0.27580104E-29
  0.26258636E+14  0.13745714E-30 -0.26846799E-29
  0.26306466E+14  0.31423454E-30 -0.27265284E-29
  0.26354296E+14  0.23858772E-30 -0.25386445E-29
  0.26402126E+14  0.34402030E-30 -0.24682826E-29
  0.26449956E+14  0.35554864E-30 -0.23562777E-29
  0.26497786E+14  0.47898689E-30 -0.22523169E-29
  0.26545616E+14  0.43865794E-30 -0.22124124E-29
  0.26593446E+14  0.54681913E-30 -0.20162716E-29
  0.26641275E+14  0.40841417E-30 -0.19130452E-29
  0.26689105E+14  0.38303736E-30 -0.18872087E-29
  0.26736935E+14  0.44607620E-30 -0.17156978E-29
  0.26784765E+14  0.26965722E-30 -0.17074427E-29
  0.26832595E+14  0.31715297E-30 -0.15631672E-29
  0.26880425E+14  0.67669540E-31 -0.15787310E-29
  0.26928255E+14  0.25329104E-32 -0.15456325E-29
  0.26976085E+14 -0.36395493E-31 -0.16388018E-29
  0.27023915E+14  0.00000000E+00 -0.16882706E-29
  0.27071745E+14  0.00000000E+00 -0.16851862E-29
  0.27119575E+14  0.00000000E+00 -0.16828822E-29
  0.27167405E+14  0.00000000E+00 -0.16783858E-29
  0.27215235E+14  0.00000000E+00 -0.16721724E-29
  0.27263065E+14  0.00000000E+00 -0.16647377E-29
  0.27310895E+14  0.00000000E+00 -0.16564454E-29
  0.27358725E+14  0.00000000E+00 -0.16475538E-29
  0.27406554E+14  0.00000000E+00 -0.16382470E-29
  0.27454384E+14  0.00000000E+00 -0.16286584E-29
  0.27502214E+14  0.00000000E+00 -0.16188860E-29
  0.27550044E+14  0.00000000E+00 -0.16090024E-29
  0.27597874E+14  0.00000000E+00 -0.15990625E-29
  0.27645704E+14  0.00000000E+00 -0.15891077E-29
  0.27693534E+14  0.00000000E+00 -0.15791694E-29
  0.27741364E+14  0.00000000E+00 -0.15692717E-29
  0.27789194E+14  0.00000000E+00 -0.15594332E-29
  0.27837024E+14  0.00000000E+00 -0.15496677E-29
  0.27884854E+14  0.00000000E+00 -0.15399861E-29
  0.27932684E+14  0.00000000E+00 -0.15303964E-29
  0.27980514E+14  0.00000000E+00 -0.15209046E-29
  0.28028344E+14  0.00000000E+00 -0.15115150E-29
  0.28076174E+14  0.00000000E+00 -0.15022307E-29
  0.28124004E+14  0.00000000E+00 -0.14930536E-29
  0.28171833E+14  0.00000000E+00 -0.14839851E-29
  0.28219663E+14  0.00000000E+00 -0.14750257E-29
  0.28267493E+14  0.00000000E+00 -0.14661753E-29
  0.28315323E+14  0.00000000E+00 -0.14574336E-29
  0.28363153E+14  0.00000000E+00 -0.14487999E-29
  0.28410983E+14  0.00000000E+00 -0.14402732E-29
  0.28458813E+14  0.00000000E+00 -0.14318524E-29
  0.28506643E+14  0.00000000E+00 -0.14235359E-29
  0.28554473E+14  0.00000000E+00 -0.14153225E-29
  0.28602303E+14  0.00000000E+00 -0.14072105E-29
  0.28650133E+14  0.00000000E+00 -0.13991984E-29
  0.28697963E+14  0.00000000E+00 -0.13912844E-29
  0.28745793E+14  0.00000000E+00 -0.13834668E-29
  0.28793623E+14  0.00000000E+00 -0.13757439E-29
  0.28841453E+14  0.00000000E+00 -0.13681140E-29
  0.28889283E+14  0.00000000E+00 -0.13605753E-29
  0.28937112E+14  0.00000000E+00 -0.13531262E-29
  0.28984942E+14  0.00000000E+00 -0.13457649E-29
  0.29032772E+14  0.00000000E+00 -0.13384898E-29
  0.29080602E+14  0.00000000E+00 -0.13312992E-29
  0.29128432E+14  0.00000000E+00 -0.13241914E-29
  0.29176262E+14  0.00000000E+00 -0.13171649E-29
  0.29224092E+14  0.00000000E+00 -0.13102180E-29
  0.29271922E+14  0.00000000E+00 -0.13033493E-29
  0.29319752E+14  0.00000000E+00 -0.12965572E-29
  0.29367582E+14  0.00000000E+00 -0.12898403E-29
  0.29415412E+14  0.00000000E+00 -0.12831971E-29
  0.29463242E+14  0.00000000E+00 -0.12766262E-29
  0.29511072E+14  0.00000000E+00 -0.12701262E-29
  0.29558902E+14  0.00000000E+00 -0.12636958E-29
  0.29606732E+14  0.00000000E+00 -0.12573336E-29
  0.29654562E+14  0.00000000E+00 -0.12510385E-29
  0.29702391E+14  0.00000000E+00 -0.12448091E-29
  0.29750221E+14  0.00000000E+00 -0.12386442E-29
  0.29798051E+14  0.00000000E+00 -0.12325427E-29
  0.29845881E+14  0.00000000E+00 -0.12265034E-29
  0.29893711E+14  0.00000000E+00 -0.12205252E-29
  0.29941541E+14  0.00000000E+00 -0.12146069E-29
  0.29989371E+14  0.00000000E+00 -0.12087475E-29
  0.30037201E+14  0.00000000E+00 -0.12029460E-29
  0.30085031E+14  0.00000000E+00 -0.11972013E-29
  0.30132861E+14  0.00000000E+00 -0.11915125E-29
  0.30180691E+14  0.00000000E+00 -0.11858786E-29
  0.30228521E+14  0.00000000E+00 -0.11802986E-29
  0.30276351E+14  0.00000000E+00 -0.11747716E-29
  0.30324181E+14  0.00000000E+00 -0.11692968E-29
  0.30372011E+14  0.00000000E+00 -0.11638732E-29
  0.30419841E+14  0.00000000E+00 -0.11585001E-29
  0.30467671E+14  0.00000000E+00 -0.11531765E-29
  0.30515500E+14  0.00000000E+00 -0.11479017E-29
  0.30563330E+14  0.00000000E+00 -0.11426748E-29
  0.30611160E+14  0.00000000E+00 -0.11374952E-29
  0.30658990E+14  0.00000000E+00 -0.11323620E-29
  0.30706820E+14  0.00000000E+00 -0.11272745E-29
  0.30754650E+14  0.00000000E+00 -0.11222320E-29
  0.30802480E+14  0.00000000E+00 -0.11172339E-29
  0.30850310E+14  0.00000000E+00 -0.11122793E-29
  0.30898140E+14  0.00000000E+00 -0.11073677E-29
  0.30945970E+14  0.00000000E+00 -0.11024983E-29
  0.30993800E+14  0.00000000E+00 -0.10976706E-29
  0.31041630E+14  0.00000000E+00 -0.10928840E-29
  0.31089460E+14  0.00000000E+00 -0.10881377E-29
  0.31137290E+14  0.00000000E+00 -0.10834313E-29
  0.31185120E+14  0.00000000E+00 -0.10787641E-29
  0.31232950E+14  0.00000000E+00 -0.10741356E-29
  0.31280779E+14  0.00000000E+00 -0.10695451E-29
  0.31328609E+14  0.00000000E+00 -0.10649923E-29
  0.31376439E+14  0.00000000E+00 -0.10604765E-29
  0.31424269E+14  0.00000000E+00 -0.10559972E-29
  0.31472099E+14  0.00000000E+00 -0.10515539E-29
  0.31519929E+14  0.00000000E+00 -0.10471461E-29
  0.31567759E+14  0.00000000E+00 -0.10427733E-29
  0.31615589E+14  0.00000000E+00 -0.10384350E-29
  0.31663419E+14  0.00000000E+00 -0.10341308E-29
  0.31711249E+14  0.00000000E+00 -0.10298602E-29
  0.31759079E+14  0.00000000E+00 -0.10256227E-29
  0.31806909E+14  0.00000000E+00 -0.10214180E-29
  0.31854739E+14  0.00000000E+00 -0.10172455E-29
  0.31902569E+14  0.00000000E+00 -0.10131049E-29
  0.31950399E+14  0.00000000E+00 -0.10089958E-29
  0.31998229E+14  0.00000000E+00 -0.10049176E-29
  0.32046058E+14  0.00000000E+00 -0.10008701E-29
  0.32093888E+14  0.00000000E+00 -0.99685289E-30
  0.32141718E+14  0.00000000E+00 -0.99286551E-30
  0.32189548E+14  0.00000000E+00 -0.98890761E-30
  0.32237378E+14  0.00000000E+00 -0.98497883E-30
  0.32285208E+14  0.00000000E+00 -0.98107880E-30
  0.32333038E+14  0.00000000E+00 -0.97720718E-30
  0.32380868E+14  0.00000000E+00 -0.97336361E-30
  0.32428698E+14  0.00000000E+00 -0.96954775E-30
  0.32476528E+14  0.00000000E+00 -0.96575926E-30
  0.32524358E+14  0.00000000E+00 -0.96199783E-30
  0.32572188E+14  0.00000000E+00 -0.95826311E-30
  0.32620018E+14  0.00000000E+00 -0.95455480E-30
  0.32667848E+14  0.00000000E+00 -0.95087259E-30
  0.32715678E+14  0.00000000E+00 -0.94721616E-30
  0.32763508E+14  0.00000000E+00 -0.94358522E-30
  0.32811337E+14  0.00000000E+00 -0.93997947E-30
  0.32859167E+14  0.00000000E+00 -0.93639863E-30
  0.32906997E+14  0.00000000E+00 -0.93284240E-30
  0.32954827E+14  0.00000000E+00 -0.92931051E-30
  0.33002657E+14  0.00000000E+00 -0.92580268E-30
  0.33050487E+14  0.00000000E+00 -0.92231864E-30
  0.33098317E+14  0.00000000E+00 -0.91885812E-30
  0.33146147E+14  0.00000000E+00 -0.91542087E-30
  0.33193977E+14  0.00000000E+00 -0.91200662E-30
  0.33241807E+14  0.00000000E+00 -0.90861513E-30
  0.33289637E+14  0.00000000E+00 -0.90524614E-30
  0.33337467E+14  0.00000000E+00 -0.90189941E-30
  0.33385297E+14  0.00000000E+00 -0.89857470E-30
  0.33433127E+14  0.00000000E+00 -0.89527177E-30
  0.33480957E+14  0.00000000E+00 -0.89199039E-30
  0.33528787E+14  0.00000000E+00 -0.88873034E-30
  0.33576616E+14  0.00000000E+00 -0.88549137E-30
  0.33624446E+14  0.00000000E+00 -0.88227328E-30
  0.33672276E+14  0.00000000E+00 -0.87907585E-30
  0.33720106E+14  0.00000000E+00 -0.87589885E-30
  0.33767936E+14  0.00000000E+00 -0.87274208E-30
  0.33815766E+14  0.00000000E+00 -0.86960534E-30
  0.33863596E+14  0.00000000E+00 -0.86648840E-30
  0.33911426E+14  0.00000000E+00 -0.86339108E-30
  0.33959256E+14  0.00000000E+00 -0.86031318E-30
  0.34007086E+14  0.00000000E+00 -0.85725449E-30
  0.34054916E+14  0.00000000E+00 -0.85421483E-30
  0.34102746E+14  0.00000000E+00 -0.85119400E-30
  0.34150576E+14  0.00000000E+00 -0.84819182E-30
  0.34198406E+14  0.00000000E+00 -0.84520810E-30
  0.34246236E+14  0.00000000E+00 -0.84224267E-30
  0.34294066E+14  0.00000000E+00 -0.83929533E-30
  0.34341895E+14  0.00000000E+00 -0.83636593E-30
  0.34389725E+14  0.00000000E+00 -0.83345427E-30
  0.34437555E+14  0.00000000E+00 -0.83056020E-30
  0.34485385E+14  0.00000000E+00 -0.82768354E-30
  0.34533215E+14  0.00000000E+00 -0.82482412E-30
  0.34581045E+14  0.00000000E+00 -0.82198179E-30
  0.34628875E+14  0.00000000E+00 -0.81915638E-30
  0.34676705E+14  0.00000000E+00 -0.81634772E-30
  0.34724535E+14  0.00000000E+00 -0.81355567E-30
  0.34772365E+14  0.00000000E+00 -0.81078007E-30
  0.34820195E+14  0.00000000E+00 -0.80802076E-30
  0.34868025E+14  0.00000000E+00 -0.80527759E-30
  0.34915855E+14  0.00000000E+00 -0.80255042E-30
  0.34963685E+14  0.00000000E+00 -0.79983910E-30
  0.35011515E+14  0.00000000E+00 -0.79714348E-30
  0.35059345E+14  0.00000000E+00 -0.79446342E-30
  0.35107174E+14  0.00000000E+00 -0.79179878E-30
  0.35155004E+14  0.00000000E+00 -0.78914942E-30
  0.35202834E+14  0.00000000E+00 -0.78651520E-30
  0.35250664E+14  0.00000000E+00 -0.78389599E-30
  0.35298494E+14  0.00000000E+00 -0.78129165E-30
  0.35346324E+14  0.00000000E+00 -0.77870206E-30
  0.35394154E+14  0.00000000E+00 -0.77612707E-30
  0.35441984E+14  0.00000000E+00 -0.77356657E-30
  0.35489814E+14  0.00000000E+00 -0.77102043E-30
  0.35537644E+14  0.00000000E+00 -0.76848852E-30
  0.35585474E+14  0.00000000E+00 -0.76597071E-30
  0.35633304E+14  0.00000000E+00 -0.76346690E-30
  0.35681134E+14  0.00000000E+00 -0.76097694E-30
  0.35728964E+14  0.00000000E+00 -0.75850073E-30
  0.35776794E+14  0.00000000E+00 -0.75603815E-30
  0.35824624E+14  0.00000000E+00 -0.75358908E-30
  0.35872453E+14  0.00000000E+00 -0.75115341E-30
  0.35920283E+14  0.00000000E+00 -0.74873103E-30
  0.35968113E+14  0.00000000E+00 -0.74632181E-30
  0.36015943E+14  0.00000000E+00 -0.74392566E-30
  0.36063773E+14  0.00000000E+00 -0.74154247E-30
  0.36111603E+14  0.00000000E+00 -0.73917211E-30
  0.36159433E+14  0.00000000E+00 -0.73681450E-30
  0.36207263E+14  0.00000000E+00 -0.73446952E-30
  0.36255093E+14  0.00000000E+00 -0.73213707E-30
  0.36302923E+14  0.00000000E+00 -0.72981705E-30
  0.36350753E+14  0.00000000E+00 -0.72750935E-30
  0.36398583E+14  0.00000000E+00 -0.72521388E-30
  0.36446413E+14  0.00000000E+00 -0.72293053E-30
  0.36494243E+14  0.00000000E+00 -0.72065922E-30
  0.36542073E+14  0.00000000E+00 -0.71839983E-30
  0.36589903E+14  0.00000000E+00 -0.71615228E-30
  0.36637733E+14  0.00000000E+00 -0.71391647E-30
  0.36685562E+14  0.00000000E+00 -0.71169231E-30
  0.36733392E+14  0.00000000E+00 -0.70947971E-30
  0.36781222E+14  0.00000000E+00 -0.70727857E-30
  0.36829052E+14  0.00000000E+00 -0.70508880E-30
  0.36876882E+14  0.00000000E+00 -0.70291032E-30
  0.36924712E+14  0.00000000E+00 -0.70074303E-30
  0.36972542E+14  0.00000000E+00 -0.69858685E-30
  0.37020372E+14  0.00000000E+00 -0.69644170E-30
  0.37068202E+14  0.00000000E+00 -0.69430748E-30
  0.37116032E+14  0.00000000E+00 -0.69218411E-30
  0.37163862E+14  0.00000000E+00 -0.69007152E-30
  0.37211692E+14  0.00000000E+00 -0.68796961E-30
  0.37259522E+14  0.00000000E+00 -0.68587830E-30
  0.37307352E+14  0.00000000E+00 -0.68379752E-30
  0.37355182E+14  0.00000000E+00 -0.68172719E-30
  0.37403012E+14  0.00000000E+00 -0.67966722E-30
  0.37450841E+14  0.00000000E+00 -0.67761754E-30
  0.37498671E+14  0.00000000E+00 -0.67557806E-30
  0.37546501E+14  0.00000000E+00 -0.67354873E-30
  0.37594331E+14  0.00000000E+00 -0.67152944E-30
  0.37642161E+14  0.00000000E+00 -0.66952015E-30
  0.37689991E+14  0.00000000E+00 -0.66752076E-30
  0.37737821E+14  0.00000000E+00 -0.66553120E-30
  0.37785651E+14  0.00000000E+00 -0.66355141E-30
  0.37833481E+14  0.00000000E+00 -0.66158131E-30
  0.37881311E+14  0.00000000E+00 -0.65962083E-30
  0.37929141E+14  0.00000000E+00 -0.65766990E-30
  0.37976971E+14  0.00000000E+00 -0.65572846E-30
  0.38024801E+14  0.00000000E+00 -0.65379642E-30
  0.38072631E+14  0.00000000E+00 -0.65187372E-30
  0.38120461E+14  0.00000000E+00 -0.64996031E-30
  0.38168291E+14  0.00000000E+00 -0.64805610E-30
  0.38216120E+14  0.00000000E+00 -0.64616103E-30
  0.38263950E+14  0.00000000E+00 -0.64427504E-30
  0.38311780E+14  0.00000000E+00 -0.64239807E-30
  0.38359610E+14  0.00000000E+00 -0.64053004E-30
  0.38407440E+14  0.00000000E+00 -0.63867090E-30
  0.38455270E+14  0.00000000E+00 -0.63682059E-30
  0.38503100E+14  0.00000000E+00 -0.63497903E-30
  0.38550930E+14  0.00000000E+00 -0.63314617E-30
  0.38598760E+14  0.00000000E+00 -0.63132195E-30
  0.38646590E+14  0.00000000E+00 -0.62950631E-30
  0.38694420E+14  0.00000000E+00 -0.62769918E-30
  0.38742250E+14  0.00000000E+00 -0.62590052E-30
  0.38790080E+14  0.00000000E+00 -0.62411025E-30
  0.38837910E+14  0.00000000E+00 -0.62232833E-30
  0.38885740E+14  0.00000000E+00 -0.62055469E-30
  0.38933570E+14  0.00000000E+00 -0.61878928E-30
  0.38981399E+14  0.00000000E+00 -0.61703204E-30
  0.39029229E+14  0.00000000E+00 -0.61528292E-30
  0.39077059E+14  0.00000000E+00 -0.61354185E-30
  0.39124889E+14  0.00000000E+00 -0.61180879E-30
  0.39172719E+14  0.00000000E+00 -0.61008369E-30
  0.39220549E+14  0.00000000E+00 -0.60836648E-30
  0.39268379E+14  0.00000000E+00 -0.60665711E-30
  0.39316209E+14  0.00000000E+00 -0.60495554E-30
  0.39364039E+14  0.00000000E+00 -0.60326170E-30
  0.39411869E+14  0.00000000E+00 -0.60157555E-30
  0.39459699E+14  0.00000000E+00 -0.59989704E-30
  0.39507529E+14  0.00000000E+00 -0.59822612E-30
  0.39555359E+14  0.00000000E+00 -0.59656273E-30
  0.39603189E+14  0.00000000E+00 -0.59490682E-30
  0.39651019E+14  0.00000000E+00 -0.59325835E-30
  0.39698849E+14  0.00000000E+00 -0.59161727E-30
  0.39746678E+14  0.00000000E+00 -0.58998353E-30
  0.39794508E+14  0.00000000E+00 -0.58835708E-30
  0.39842338E+14  0.00000000E+00 -0.58673787E-30
  0.39890168E+14  0.00000000E+00 -0.58512585E-30
  0.39937998E+14  0.00000000E+00 -0.58352099E-30
  0.39985828E+14  0.00000000E+00 -0.58192323E-30
  0.40033658E+14  0.00000000E+00 -0.58033252E-30
  0.40081488E+14  0.00000000E+00 -0.57874883E-30
  0.40129318E+14  0.00000000E+00 -0.57717210E-30
  0.40177148E+14  0.00000000E+00 -0.57560229E-30
  0.40224978E+14  0.00000000E+00 -0.57403936E-30
  0.40272808E+14  0.00000000E+00 -0.57248327E-30
  0.40320638E+14  0.00000000E+00 -0.57093396E-30
  0.40368468E+14  0.00000000E+00 -0.56939140E-30
  0.40416298E+14  0.00000000E+00 -0.56785555E-30
  0.40464128E+14  0.00000000E+00 -0.56632635E-30
  0.40511957E+14  0.00000000E+00 -0.56480378E-30
  0.40559787E+14  0.00000000E+00 -0.56328778E-30
  0.40607617E+14  0.00000000E+00 -0.56177832E-30
  0.40655447E+14  0.00000000E+00 -0.56027536E-30
  0.40703277E+14  0.00000000E+00 -0.55877885E-30
  0.40751107E+14  0.00000000E+00 -0.55728875E-30
  0.40798937E+14  0.00000000E+00 -0.55580503E-30
  0.40846767E+14  0.00000000E+00 -0.55432765E-30
  0.40894597E+14  0.00000000E+00 -0.55285656E-30
  0.40942427E+14  0.00000000E+00 -0.55139173E-30
  0.40990257E+14  0.00000000E+00 -0.54993312E-30
  0.41038087E+14  0.00000000E+00 -0.54848068E-30
  0.41085917E+14  0.00000000E+00 -0.54703440E-30
  0.41133747E+14  0.00000000E+00 -0.54559421E-30
  0.41181577E+14  0.00000000E+00 -0.54416010E-30
  0.41229407E+14  0.00000000E+00 -0.54273201E-30
  0.41277236E+14  0.00000000E+00 -0.54130992E-30
  0.41325066E+14  0.00000000E+00 -0.53989379E-30
  0.41372896E+14  0.00000000E+00 -0.53848358E-30
  0.41420726E+14  0.00000000E+00 -0.53707925E-30
  0.41468556E+14  0.00000000E+00 -0.53568078E-30
  0.41516386E+14  0.00000000E+00 -0.53428812E-30
  0.41564216E+14  0.00000000E+00 -0.53290124E-30
  0.41612046E+14  0.00000000E+00 -0.53152011E-30
  0.41659876E+14  0.00000000E+00 -0.53014469E-30
  0.41707706E+14  0.00000000E+00 -0.52877495E-30
  0.41755536E+14  0.00000000E+00 -0.52741085E-30
  0.41803366E+14  0.00000000E+00 -0.52605236E-30
  0.41851196E+14  0.00000000E+00 -0.52469945E-30
  0.41899026E+14  0.00000000E+00 -0.52335209E-30
  0.41946856E+14  0.00000000E+00 -0.52201023E-30
  0.41994686E+14  0.00000000E+00 -0.52067386E-30
  0.42042516E+14  0.00000000E+00 -0.51934293E-30
  0.42090345E+14  0.00000000E+00 -0.51801742E-30
  0.42138175E+14  0.00000000E+00 -0.51669730E-30
  0.42186005E+14  0.00000000E+00 -0.51538252E-30
  0.42233835E+14  0.00000000E+00 -0.51407307E-30
  0.42281665E+14  0.00000000E+00 -0.51276890E-30
  0.42329495E+14  0.00000000E+00 -0.51147000E-30
  0.42377325E+14  0.00000000E+00 -0.51017633E-30
  0.42425155E+14  0.00000000E+00 -0.50888785E-30
  0.42472985E+14  0.00000000E+00 -0.50760455E-30
  0.42520815E+14  0.00000000E+00 -0.50632638E-30
  0.42568645E+14  0.00000000E+00 -0.50505333E-30
  0.42616475E+14  0.00000000E+00 -0.50378536E-30
  0.42664305E+14  0.00000000E+00 -0.50252243E-30
  0.42712135E+14  0.00000000E+00 -0.50126454E-30
  0.42759965E+14  0.00000000E+00 -0.50001163E-30
  0.42807795E+14  0.00000000E+00 -0.49876369E-30
  0.42855624E+14  0.00000000E+00 -0.49752070E-30
  0.42903454E+14  0.00000000E+00 -0.49628261E-30
  0.42951284E+14  0.00000000E+00 -0.49504940E-30
  0.42999114E+14  0.00000000E+00 -0.49382105E-30
  0.43046944E+14  0.00000000E+00 -0.49259753E-30
  0.43094774E+14  0.00000000E+00 -0.49137880E-30
  0.43142604E+14  0.00000000E+00 -0.49016485E-30
  0.43190434E+14  0.00000000E+00 -0.48895565E-30
  0.43238264E+14  0.00000000E+00 -0.48775117E-30
  0.43286094E+14  0.00000000E+00 -0.48655139E-30
  0.43333924E+14  0.00000000E+00 -0.48535627E-30
  0.43381754E+14  0.00000000E+00 -0.48416580E-30
  0.43429584E+14  0.00000000E+00 -0.48297994E-30
  0.43477414E+14  0.00000000E+00 -0.48179867E-30
  0.43525244E+14  0.00000000E+00 -0.48062197E-30
  0.43573074E+14  0.00000000E+00 -0.47944982E-30
  0.43620903E+14  0.00000000E+00 -0.47828217E-30
  0.43668733E+14  0.00000000E+00 -0.47711902E-30
  0.43716563E+14  0.00000000E+00 -0.47596034E-30
  0.43764393E+14  0.00000000E+00 -0.47480610E-30
  0.43812223E+14  0.00000000E+00 -0.47365628E-30
  0.43860053E+14  0.00000000E+00 -0.47251085E-30
  0.43907883E+14  0.00000000E+00 -0.47136979E-30
  0.43955713E+14  0.00000000E+00 -0.47023308E-30
  0.44003543E+14  0.00000000E+00 -0.46910070E-30
  0.44051373E+14  0.00000000E+00 -0.46797261E-30
  0.44099203E+14  0.00000000E+00 -0.46684880E-30
  0.44147033E+14  0.00000000E+00 -0.46572924E-30
  0.44194863E+14  0.00000000E+00 -0.46461392E-30
  0.44242693E+14  0.00000000E+00 -0.46350280E-30
  0.44290523E+14  0.00000000E+00 -0.46239587E-30
  0.44338353E+14  0.00000000E+00 -0.46129311E-30
  0.44386182E+14  0.00000000E+00 -0.46019448E-30
  0.44434012E+14  0.00000000E+00 -0.45909998E-30
  0.44481842E+14  0.00000000E+00 -0.45800957E-30
  0.44529672E+14  0.00000000E+00 -0.45692324E-30
  0.44577502E+14  0.00000000E+00 -0.45584096E-30
  0.44625332E+14  0.00000000E+00 -0.45476272E-30
  0.44673162E+14  0.00000000E+00 -0.45368848E-30
  0.44720992E+14  0.00000000E+00 -0.45261824E-30
  0.44768822E+14  0.00000000E+00 -0.45155197E-30
  0.44816652E+14  0.00000000E+00 -0.45048965E-30
  0.44864482E+14  0.00000000E+00 -0.44943125E-30
  0.44912312E+14  0.00000000E+00 -0.44837677E-30
  0.44960142E+14  0.00000000E+00 -0.44732617E-30
  0.45007972E+14  0.00000000E+00 -0.44627943E-30
  0.45055802E+14  0.00000000E+00 -0.44523655E-30
  0.45103632E+14  0.00000000E+00 -0.44419749E-30
  0.45151461E+14  0.00000000E+00 -0.44316224E-30
  0.45199291E+14  0.00000000E+00 -0.44213078E-30
  0.45247121E+14  0.00000000E+00 -0.44110308E-30
  0.45294951E+14  0.00000000E+00 -0.44007914E-30
  0.45342781E+14  0.00000000E+00 -0.43905892E-30
  0.45390611E+14  0.00000000E+00 -0.43804242E-30
  0.45438441E+14  0.00000000E+00 -0.43702960E-30
  0.45486271E+14  0.00000000E+00 -0.43602046E-30
  0.45534101E+14  0.00000000E+00 -0.43501497E-30
  0.45581931E+14  0.00000000E+00 -0.43401312E-30
  0.45629761E+14  0.00000000E+00 -0.43301488E-30
  0.45677591E+14  0.00000000E+00 -0.43202024E-30
  0.45725421E+14  0.00000000E+00 -0.43102919E-30
  0.45773251E+14  0.00000000E+00 -0.43004169E-30
  0.45821081E+14  0.00000000E+00 -0.42905774E-30
  0.45868911E+14  0.00000000E+00 -0.42807731E-30
  0.45916740E+14  0.00000000E+00 -0.42710039E-30
  0.45964570E+14  0.00000000E+00 -0.42612697E-30
  0.46012400E+14  0.00000000E+00 -0.42515701E-30
  0.46060230E+14  0.00000000E+00 -0.42419051E-30
  0.46108060E+14  0.00000000E+00 -0.42322745E-30
  0.46155890E+14  0.00000000E+00 -0.42226782E-30
  0.46203720E+14  0.00000000E+00 -0.42131158E-30
  0.46251550E+14  0.00000000E+00 -0.42035873E-30
  0.46299380E+14  0.00000000E+00 -0.41940926E-30
  0.46347210E+14  0.00000000E+00 -0.41846313E-30
  0.46395040E+14  0.00000000E+00 -0.41752035E-30
  0.46442870E+14  0.00000000E+00 -0.41658088E-30
  0.46490700E+14  0.00000000E+00 -0.41564472E-30
  0.46538530E+14  0.00000000E+00 -0.41471185E-30
  0.46586360E+14  0.00000000E+00 -0.41378225E-30
  0.46634190E+14  0.00000000E+00 -0.41285590E-30
  0.46682019E+14  0.00000000E+00 -0.41193280E-30
  0.46729849E+14  0.00000000E+00 -0.41101291E-30
  0.46777679E+14  0.00000000E+00 -0.41009624E-30
  0.46825509E+14  0.00000000E+00 -0.40918276E-30
  0.46873339E+14  0.00000000E+00 -0.40827245E-30
  0.46921169E+14  0.00000000E+00 -0.40736531E-30
  0.46968999E+14  0.00000000E+00 -0.40646131E-30
  0.47016829E+14  0.00000000E+00 -0.40556045E-30
  0.47064659E+14  0.00000000E+00 -0.40466270E-30
  0.47112489E+14  0.00000000E+00 -0.40376804E-30
  0.47160319E+14  0.00000000E+00 -0.40287648E-30
  0.47208149E+14  0.00000000E+00 -0.40198799E-30
  0.47255979E+14  0.00000000E+00 -0.40110255E-30
  0.47303809E+14  0.00000000E+00 -0.40022015E-30
  0.47351639E+14  0.00000000E+00 -0.39934078E-30
  0.47399469E+14  0.00000000E+00 -0.39846442E-30
  0.47447298E+14  0.00000000E+00 -0.39759106E-30
  0.47495128E+14  0.00000000E+00 -0.39672068E-30
  0.47542958E+14  0.00000000E+00 -0.39585327E-30
  0.47590788E+14  0.00000000E+00 -0.39498882E-30
  0.47638618E+14  0.00000000E+00 -0.39412731E-30
  0.47686448E+14  0.00000000E+00 -0.39326872E-30
  0.47734278E+14  0.00000000E+00 -0.39241305E-30
  0.47782108E+14  0.00000000E+00 -0.39156028E-30
  0.47829938E+14  0.00000000E+00 -0.39071039E-30
  0.47877768E+14  0.00000000E+00 -0.38986338E-30
  0.47925598E+14  0.00000000E+00 -0.38901922E-30
  0.47973428E+14  0.00000000E+00 -0.38817791E-30
  0.48021258E+14  0.00000000E+00 -0.38733943E-30
  0.48069088E+14  0.00000000E+00 -0.38650377E-30
  0.48116918E+14  0.00000000E+00 -0.38567091E-30
  0.48164748E+14  0.00000000E+00 -0.38484084E-30
  0.48212578E+14  0.00000000E+00 -0.38401356E-30
  0.48260407E+14  0.00000000E+00 -0.38318904E-30
  0.48308237E+14  0.00000000E+00 -0.38236727E-30
  0.48356067E+14  0.00000000E+00 -0.38154825E-30
  0.48403897E+14  0.00000000E+00 -0.38073195E-30
  0.48451727E+14  0.00000000E+00 -0.37991837E-30
  0.48499557E+14  0.00000000E+00 -0.37910749E-30
  0.48547387E+14  0.00000000E+00 -0.37829930E-30
  0.48595217E+14  0.00000000E+00 -0.37749378E-30
  0.48643047E+14  0.00000000E+00 -0.37669093E-30
  0.48690877E+14  0.00000000E+00 -0.37589074E-30
  0.48738707E+14  0.00000000E+00 -0.37509319E-30
  0.48786537E+14  0.00000000E+00 -0.37429826E-30
  0.48834367E+14  0.00000000E+00 -0.37350595E-30
  0.48882197E+14  0.00000000E+00 -0.37271625E-30
  0.48930027E+14  0.00000000E+00 -0.37192913E-30
  0.48977857E+14  0.00000000E+00 -0.37114460E-30
  0.49025686E+14  0.00000000E+00 -0.37036264E-30
  0.49073516E+14  0.00000000E+00 -0.36958324E-30
  0.49121346E+14  0.00000000E+00 -0.36880638E-30
  0.49169176E+14  0.00000000E+00 -0.36803205E-30
  0.49217006E+14  0.00000000E+00 -0.36726025E-30
  0.49264836E+14  0.00000000E+00 -0.36649096E-30
  0.49312666E+14  0.00000000E+00 -0.36572417E-30
  0.49360496E+14  0.00000000E+00 -0.36495987E-30
  0.49408326E+14  0.00000000E+00 -0.36419805E-30
  0.49456156E+14  0.00000000E+00 -0.36343869E-30
  0.49503986E+14  0.00000000E+00 -0.36268179E-30
  0.49551816E+14  0.00000000E+00 -0.36192733E-30
  0.49599646E+14  0.00000000E+00 -0.36117531E-30
  0.49647476E+14  0.00000000E+00 -0.36042571E-30
  0.49695306E+14  0.00000000E+00 -0.35967852E-30
  0.49743136E+14  0.00000000E+00 -0.35893373E-30
  0.49790965E+14  0.00000000E+00 -0.35819133E-30
  0.49838795E+14  0.00000000E+00 -0.35745131E-30
  0.49886625E+14  0.00000000E+00 -0.35671366E-30
  0.49934455E+14  0.00000000E+00 -0.35597836E-30
  0.49982285E+14  0.00000000E+00 -0.35524542E-30
  0.50030115E+14  0.00000000E+00 -0.35451481E-30
  0.50077945E+14  0.00000000E+00 -0.35378654E-30
  0.50125775E+14  0.00000000E+00 -0.35306057E-30
  0.50173605E+14  0.00000000E+00 -0.35233692E-30
  0.50221435E+14  0.00000000E+00 -0.35161556E-30
  0.50269265E+14  0.00000000E+00 -0.35089649E-30
  0.50317095E+14  0.00000000E+00 -0.35017969E-30
  0.50364925E+14  0.00000000E+00 -0.34946516E-30
  0.50412755E+14  0.00000000E+00 -0.34875289E-30
  0.50460585E+14  0.00000000E+00 -0.34804287E-30
  0.50508415E+14  0.00000000E+00 -0.34733508E-30
  0.50556244E+14  0.00000000E+00 -0.34662952E-30
  0.50604074E+14  0.00000000E+00 -0.34592617E-30
  0.50651904E+14  0.00000000E+00 -0.34522504E-30
  0.50699734E+14  0.00000000E+00 -0.34452610E-30
  0.50747564E+14  0.00000000E+00 -0.34382935E-30
  0.50795394E+14  0.00000000E+00 -0.34313478E-30
  0.50843224E+14  0.00000000E+00 -0.34244238E-30
  0.50891054E+14  0.00000000E+00 -0.34175215E-30
  0.50938884E+14  0.00000000E+00 -0.34106406E-30
  0.50986714E+14  0.00000000E+00 -0.34037811E-30
  0.51034544E+14  0.00000000E+00 -0.33969430E-30
  0.51082374E+14  0.00000000E+00 -0.33901261E-30
  0.51130204E+14  0.00000000E+00 -0.33833304E-30
  0.51178034E+14  0.00000000E+00 -0.33765557E-30
  0.51225864E+14  0.00000000E+00 -0.33698019E-30
  0.51273694E+14  0.00000000E+00 -0.33630691E-30
  0.51321523E+14  0.00000000E+00 -0.33563570E-30
  0.51369353E+14  0.00000000E+00 -0.33496656E-30
  0.51417183E+14  0.00000000E+00 -0.33429949E-30
  0.51465013E+14  0.00000000E+00 -0.33363446E-30
  0.51512843E+14  0.00000000E+00 -0.33297148E-30
  0.51560673E+14  0.00000000E+00 -0.33231053E-30
  0.51608503E+14  0.00000000E+00 -0.33165161E-30
  0.51656333E+14  0.00000000E+00 -0.33099471E-30
  0.51704163E+14  0.00000000E+00 -0.33033982E-30
  0.51751993E+14  0.00000000E+00 -0.32968692E-30
  0.51799823E+14  0.00000000E+00 -0.32903602E-30
  0.51847653E+14  0.00000000E+00 -0.32838711E-30
  0.51895483E+14  0.00000000E+00 -0.32774016E-30
  0.51943313E+14  0.00000000E+00 -0.32709519E-30
  0.51991143E+14  0.00000000E+00 -0.32645217E-30
  0.52038973E+14  0.00000000E+00 -0.32581111E-30
  0.52086802E+14  0.00000000E+00 -0.32517198E-30
  0.52134632E+14  0.00000000E+00 -0.32453479E-30
  0.52182462E+14  0.00000000E+00 -0.32389953E-30
  0.52230292E+14  0.00000000E+00 -0.32326619E-30
  0.52278122E+14  0.00000000E+00 -0.32263475E-30
  0.52325952E+14  0.00000000E+00 -0.32200522E-30
  0.52373782E+14  0.00000000E+00 -0.32137758E-30
  0.52421612E+14  0.00000000E+00 -0.32075183E-30
  0.52469442E+14  0.00000000E+00 -0.32012796E-30
  0.52517272E+14  0.00000000E+00 -0.31950596E-30
  0.52565102E+14  0.00000000E+00 -0.31888582E-30
  0.52612932E+14  0.00000000E+00 -0.31826754E-30
  0.52660762E+14  0.00000000E+00 -0.31765111E-30
  0.52708592E+14  0.00000000E+00 -0.31703651E-30
  0.52756422E+14  0.00000000E+00 -0.31642375E-30
  0.52804252E+14  0.00000000E+00 -0.31581282E-30
  0.52852081E+14  0.00000000E+00 -0.31520370E-30
  0.52899911E+14  0.00000000E+00 -0.31459639E-30
  0.52947741E+14  0.00000000E+00 -0.31399089E-30
  0.52995571E+14  0.00000000E+00 -0.31338718E-30
  0.53043401E+14  0.00000000E+00 -0.31278526E-30
  0.53091231E+14  0.00000000E+00 -0.31218512E-30
  0.53139061E+14  0.00000000E+00 -0.31158675E-30
  0.53186891E+14  0.00000000E+00 -0.31099015E-30
  0.53234721E+14  0.00000000E+00 -0.31039531E-30
  0.53282551E+14  0.00000000E+00 -0.30980222E-30
  0.53330381E+14  0.00000000E+00 -0.30921088E-30
  0.53378211E+14  0.00000000E+00 -0.30862127E-30
  0.53426041E+14  0.00000000E+00 -0.30803340E-30
  0.53473871E+14  0.00000000E+00 -0.30744725E-30
  0.53521701E+14  0.00000000E+00 -0.30686282E-30
  0.53569531E+14  0.00000000E+00 -0.30628009E-30
  0.53617360E+14  0.00000000E+00 -0.30569907E-30
  0.53665190E+14  0.00000000E+00 -0.30511975E-30
  0.53713020E+14  0.00000000E+00 -0.30454212E-30
  0.53760850E+14  0.00000000E+00 -0.30396617E-30
  0.53808680E+14  0.00000000E+00 -0.30339189E-30
  0.53856510E+14  0.00000000E+00 -0.30281929E-30
  0.53904340E+14  0.00000000E+00 -0.30224834E-30
  0.53952170E+14  0.00000000E+00 -0.30167906E-30
  0.54000000E+14  0.00000000E+00 -0.30111142E-30
