  0.47829938E+11 -0.42398276E-30 -0.18664331E-28
  0.95659876E+11 -0.43899865E-30 -0.18964799E-28
  0.14348981E+12 -0.45679849E-30 -0.19128921E-28
  0.19131975E+12 -0.43282482E-30 -0.19294242E-28
  0.23914969E+12 -0.26796255E-30 -0.19330639E-28
  0.28697963E+12 -0.23129639E-30 -0.19233501E-28
  0.33480957E+12 -0.19975095E-30 -0.19077252E-28
  0.38263950E+12 -0.21625836E-30 -0.18293913E-28
  0.43046944E+12 -0.24635159E-29 -0.18812504E-28
  0.47829938E+12 -0.14879075E-29 -0.20702206E-28
  0.52612932E+12 -0.79871516E-30 -0.20667217E-28
  0.57395926E+12 -0.29919056E-30 -0.20596579E-28
  0.62178919E+12 -0.12457169E-30 -0.20274835E-28
  0.66961913E+12 -0.68728575E-31 -0.20048811E-28
  0.71744907E+12  0.15072925E-30 -0.19690022E-28
  0.76527901E+12 -0.75688999E-30 -0.18941995E-28
  0.81310895E+12 -0.21124119E-29 -0.19844323E-28
  0.86093888E+12 -0.14257106E-29 -0.21273929E-28
  0.90876882E+12 -0.63036181E-30 -0.21361342E-28
  0.95659876E+12 -0.21538043E-30 -0.21160436E-28
  0.10044287E+13  0.10699854E-31 -0.20724546E-28
  0.10522586E+13 -0.44087663E-30 -0.20208346E-28
  0.11000886E+13 -0.13173756E-29 -0.20378880E-28
  0.11479185E+13 -0.16735658E-29 -0.21525948E-28
  0.11957484E+13 -0.82640470E-30 -0.22316439E-28
  0.12435784E+13 -0.13719884E-30 -0.22059896E-28
  0.12914083E+13  0.60757383E-31 -0.21614174E-28
  0.13392383E+13 -0.49765728E-30 -0.21249804E-28
  0.13870682E+13 -0.10088386E-29 -0.21501945E-28
  0.14348981E+13 -0.14241383E-29 -0.22392255E-28
  0.14827281E+13 -0.77629375E-30 -0.23290437E-28
  0.15305580E+13  0.87971930E-31 -0.23238500E-28
  0.15783880E+13  0.32779988E-30 -0.22678095E-28
  0.16262179E+13 -0.12371452E-30 -0.22497418E-28
  0.16740478E+13 -0.70325506E-30 -0.22801324E-28
  0.17218778E+13 -0.88842582E-30 -0.23739053E-28
  0.17697077E+13 -0.78827382E-31 -0.24378175E-28
  0.18175376E+13  0.53222659E-30 -0.24159364E-28
  0.18653676E+13  0.27115212E-30 -0.23836882E-28
  0.19131975E+13  0.24538574E-31 -0.24186668E-28
  0.19610275E+13  0.50549596E-31 -0.24602464E-28
  0.20088574E+13  0.30612125E-31 -0.25211520E-28
  0.20566873E+13  0.73381706E-30 -0.25719837E-28
  0.21045173E+13  0.12757194E-29 -0.25448248E-28
  0.21523472E+13  0.98366011E-30 -0.25388673E-28
  0.22001771E+13  0.97528541E-30 -0.25706538E-28
  0.22480071E+13  0.87137074E-30 -0.26106313E-28
  0.22958370E+13  0.11027592E-29 -0.26956820E-28
  0.23436670E+13  0.19492080E-29 -0.27204465E-28
  0.23914969E+13  0.21396985E-29 -0.26922512E-28
  0.24393268E+13  0.20270525E-29 -0.27205041E-28
  0.24871568E+13  0.22936275E-29 -0.27627520E-28
  0.25349867E+13  0.24478692E-29 -0.27868532E-28
  0.25828167E+13  0.25774371E-29 -0.28373159E-28
  0.26306466E+13  0.32439983E-29 -0.28785619E-28
  0.26784765E+13  0.36864579E-29 -0.28784503E-28
  0.27263065E+13  0.37248676E-29 -0.28853666E-28
  0.27741364E+13  0.37936313E-29 -0.29244525E-28
  0.28219663E+13  0.41030551E-29 -0.29832846E-28
  0.28697963E+13  0.47601266E-29 -0.30215254E-28
  0.29176262E+13  0.51888720E-29 -0.30427092E-28
  0.29654562E+13  0.57375688E-29 -0.30535821E-28
  0.30132861E+13  0.59031512E-29 -0.30690564E-28
  0.30611160E+13  0.62767367E-29 -0.30957055E-28
  0.31089460E+13  0.66313574E-29 -0.31338031E-28
  0.31567759E+13  0.70475533E-29 -0.31705711E-28
  0.32046058E+13  0.77173463E-29 -0.32069207E-28
  0.32524358E+13  0.83094837E-29 -0.32120804E-28
  0.33002657E+13  0.86672846E-29 -0.32246636E-28
  0.33480957E+13  0.89869248E-29 -0.32510827E-28
  0.33959256E+13  0.96138724E-29 -0.32864871E-28
  0.34437555E+13  0.10073663E-28 -0.33264706E-28
  0.34915855E+13  0.10857019E-28 -0.33486766E-28
  0.35394154E+13  0.11638021E-28 -0.33495366E-28
  0.35872453E+13  0.12091190E-28 -0.33581200E-28
  0.36350753E+13  0.12578027E-28 -0.33862783E-28
  0.36829052E+13  0.13182218E-28 -0.33930341E-28
  0.37307352E+13  0.13977693E-28 -0.34273310E-28
  0.37785651E+13  0.14748616E-28 -0.34293736E-28
  0.38263950E+13  0.15301120E-28 -0.34329265E-28
  0.38742250E+13  0.15963259E-28 -0.34489663E-28
  0.39220549E+13  0.16819584E-28 -0.34724189E-28
  0.39698849E+13  0.17553696E-28 -0.34660793E-28
  0.40177148E+13  0.18277557E-28 -0.34868445E-28
  0.40655447E+13  0.19429251E-28 -0.34882462E-28
  0.41133747E+13  0.20142103E-28 -0.34641683E-28
  0.41612046E+13  0.21127292E-28 -0.34489295E-28
  0.42090345E+13  0.21536518E-28 -0.34219632E-28
  0.42568645E+13  0.22269280E-28 -0.34468387E-28
  0.43046944E+13  0.23371366E-28 -0.34411541E-28
  0.43525244E+13  0.24375929E-28 -0.34148011E-28
  0.44003543E+13  0.25312476E-28 -0.34043803E-28
  0.44481842E+13  0.26566838E-28 -0.33530649E-28
  0.44960142E+13  0.27007550E-28 -0.32998839E-28
  0.45438441E+13  0.27911821E-28 -0.32930738E-28
  0.45916740E+13  0.28907262E-28 -0.32630781E-28
  0.46395040E+13  0.29932859E-28 -0.32488213E-28
  0.46873339E+13  0.31295386E-28 -0.31812887E-28
  0.47351639E+13  0.32252277E-28 -0.30943293E-28
  0.47829938E+13  0.32789293E-28 -0.30114105E-28
  0.48308237E+13  0.33573157E-28 -0.29748496E-28
  0.48786537E+13  0.34544304E-28 -0.29176977E-28
  0.49264836E+13  0.35762534E-28 -0.28428975E-28
  0.49743136E+13  0.36881507E-28 -0.27554427E-28
  0.50221435E+13  0.37658677E-28 -0.26164276E-28
  0.50699734E+13  0.38290344E-28 -0.25110325E-28
  0.51178034E+13  0.38809185E-28 -0.24198411E-28
  0.51656333E+13  0.39688569E-28 -0.23144803E-28
  0.52134632E+13  0.40665058E-28 -0.21798719E-28
  0.52612932E+13  0.41206131E-28 -0.19985350E-28
  0.53091231E+13  0.41176536E-28 -0.18547983E-28
  0.53569531E+13  0.41442905E-28 -0.17110316E-28
  0.54047830E+13  0.41624836E-28 -0.15354534E-28
  0.54526129E+13  0.41560486E-28 -0.13599130E-28
  0.55004429E+13  0.40719992E-28 -0.11404210E-28
  0.55482728E+13  0.37866871E-28 -0.98581346E-29
  0.55961027E+13  0.37501866E-28 -0.11300854E-28
  0.56439327E+13  0.37202044E-28 -0.11078102E-28
  0.56917626E+13  0.37061516E-28 -0.10704001E-28
  0.57395926E+13  0.37285934E-28 -0.10502504E-28
  0.57874225E+13  0.37301799E-28 -0.97360991E-29
  0.58352524E+13  0.37076844E-28 -0.93404499E-29
  0.58830824E+13  0.36799785E-28 -0.88901274E-29
  0.59309123E+13  0.36697558E-28 -0.83602741E-29
  0.59787422E+13  0.36858412E-28 -0.81000023E-29
  0.60265722E+13  0.36592436E-28 -0.74242406E-29
  0.60744021E+13  0.36734897E-28 -0.69326065E-29
  0.61222321E+13  0.36107709E-28 -0.66035476E-29
  0.61700620E+13  0.36507425E-28 -0.59909356E-29
  0.62178919E+13  0.36085809E-28 -0.55100425E-29
  0.62657219E+13  0.36143000E-28 -0.52268786E-29
  0.63135518E+13  0.35941120E-28 -0.46161394E-29
  0.63613818E+13  0.35572983E-28 -0.42912129E-29
  0.64092117E+13  0.35799767E-28 -0.41457401E-29
  0.64570416E+13  0.35834690E-28 -0.33920772E-29
  0.65048716E+13  0.35769600E-28 -0.30227539E-29
  0.65527015E+13  0.35525326E-28 -0.21693229E-29
  0.66005314E+13  0.35198456E-28 -0.20790667E-29
  0.66483614E+13  0.35216042E-28 -0.16814707E-29
  0.66961913E+13  0.34900847E-28 -0.10381575E-29
  0.67440213E+13  0.34785730E-28 -0.97515616E-30
  0.67918512E+13  0.35063777E-28 -0.35643133E-30
  0.68396811E+13  0.34596232E-28  0.21915882E-31
  0.68875111E+13  0.34450396E-28  0.44202709E-30
  0.69353410E+13  0.34440112E-28  0.66667030E-30
  0.69831709E+13  0.34217598E-28  0.12469811E-29
  0.70310009E+13  0.34254642E-28  0.15599357E-29
  0.70788308E+13  0.33924820E-28  0.21465912E-29
  0.71266608E+13  0.33686204E-28  0.22750837E-29
  0.71744907E+13  0.33715920E-28  0.26914505E-29
  0.72223206E+13  0.33550021E-28  0.30415872E-29
  0.72701506E+13  0.33523650E-28  0.34524926E-29
  0.73179805E+13  0.33239187E-28  0.39701819E-29
  0.73658105E+13  0.33101137E-28  0.41994952E-29
  0.74136404E+13  0.32777214E-28  0.46483883E-29
  0.74614703E+13  0.32685369E-28  0.48119653E-29
  0.75093003E+13  0.32792224E-28  0.52374214E-29
  0.75571302E+13  0.32480439E-28  0.57722680E-29
  0.76049601E+13  0.32243671E-28  0.60896541E-29
  0.76527901E+13  0.32219592E-28  0.63322377E-29
  0.77006200E+13  0.31846526E-28  0.68719450E-29
  0.77484500E+13  0.31606248E-28  0.68967322E-29
  0.77962799E+13  0.31879620E-28  0.72795736E-29
  0.78441098E+13  0.31529985E-28  0.79306499E-29
  0.78919398E+13  0.30966922E-28  0.82450582E-29
  0.79397697E+13  0.30838985E-28  0.81707531E-29
  0.79875996E+13  0.30969708E-28  0.85086806E-29
  0.80354296E+13  0.30676366E-28  0.89605344E-29
  0.80832595E+13  0.30633335E-28  0.91491910E-29
  0.81310895E+13  0.30368396E-28  0.95936462E-29
  0.81789194E+13  0.30072281E-28  0.96651031E-29
  0.82267493E+13  0.30449511E-28  0.99703227E-29
  0.82745793E+13  0.30007752E-28  0.10662992E-28
  0.83224092E+13  0.29742753E-28  0.10711961E-28
  0.83702391E+13  0.29657951E-28  0.10750578E-28
  0.84180691E+13  0.30025462E-28  0.11124605E-28
  0.84658990E+13  0.29977401E-28  0.11951761E-28
  0.85137290E+13  0.29343215E-28  0.12353231E-28
  0.85615589E+13  0.29176116E-28  0.12466537E-28
  0.86093888E+13  0.29295166E-28  0.12988681E-28
  0.86572188E+13  0.29101396E-28  0.13246317E-28
  0.87050487E+13  0.29083446E-28  0.14007509E-28
  0.87528787E+13  0.28570827E-28  0.14351152E-28
  0.88007086E+13  0.28422576E-28  0.14497044E-28
  0.88485385E+13  0.28351047E-28  0.15087331E-28
  0.88963685E+13  0.28020377E-28  0.15421333E-28
  0.89441984E+13  0.27762643E-28  0.15988032E-28
  0.89920283E+13  0.27802103E-28  0.16105673E-28
  0.90398583E+13  0.27605148E-28  0.16858525E-28
  0.90876882E+13  0.27426763E-28  0.17265290E-28
  0.91355182E+13  0.27145883E-28  0.17985639E-28
  0.91833481E+13  0.26382742E-28  0.18556821E-28
  0.92311780E+13  0.26152291E-28  0.18586574E-28
  0.92790080E+13  0.25802559E-28  0.18974020E-28
  0.93268379E+13  0.26182914E-28  0.20029400E-28
  0.93746678E+13  0.24720874E-28  0.20008956E-28
  0.94224978E+13  0.25013160E-28  0.20441353E-28
  0.94703277E+13  0.24562648E-28  0.21034886E-28
  0.95181577E+13  0.23867365E-28  0.21206768E-28
  0.95659876E+13  0.24071168E-28  0.22092440E-28
  0.96138175E+13  0.23294395E-28  0.22858627E-28
  0.96616475E+13  0.22551015E-28  0.22895550E-28
  0.97094774E+13  0.22393858E-28  0.23144006E-28
  0.97573074E+13  0.22260734E-28  0.24203899E-28
  0.98051373E+13  0.21044630E-28  0.24899157E-28
  0.98529672E+13  0.20203592E-28  0.24808391E-28
  0.99007972E+13  0.19993149E-28  0.25350933E-28
  0.99486271E+13  0.19636335E-28  0.26226562E-28
  0.99964570E+13  0.18470659E-28  0.26895006E-28
  0.10044287E+14  0.17808452E-28  0.27121367E-28
  0.10092117E+14  0.16985452E-28  0.27388142E-28
  0.10139947E+14  0.16798813E-28  0.28488767E-28
  0.10187777E+14  0.15443322E-28  0.29622779E-28
  0.10235607E+14  0.13761786E-28  0.29932269E-28
  0.10283437E+14  0.14105024E-28  0.31145873E-28
  0.10331267E+14  0.12322000E-28  0.33004867E-28
  0.10379097E+14  0.84549099E-29  0.35261843E-28
  0.10426926E+14 -0.14736432E-29  0.35406573E-28
  0.10474756E+14 -0.11218888E-29  0.29681879E-28
  0.10522586E+14 -0.22544286E-29  0.27049084E-28
  0.10570416E+14 -0.28966175E-29  0.24098557E-28
  0.10618246E+14 -0.23330745E-29  0.21906689E-28
  0.10666076E+14 -0.21460956E-29  0.20436151E-28
  0.10713906E+14 -0.22206058E-29  0.19053121E-28
  0.10761736E+14 -0.20465624E-29  0.17818207E-28
  0.10809566E+14 -0.17718628E-29  0.16556179E-28
  0.10857396E+14 -0.15422957E-29  0.15739674E-28
  0.10905226E+14 -0.14365372E-29  0.14381561E-28
  0.10953056E+14 -0.85741885E-30  0.13719140E-28
  0.11000886E+14 -0.69322674E-30  0.12879908E-28
  0.11048716E+14 -0.80800783E-30  0.11746973E-28
  0.11096546E+14  0.60792801E-30  0.10746245E-28
  0.11144376E+14  0.73859711E-30  0.10574609E-28
  0.11192205E+14  0.10270295E-29  0.94098149E-29
  0.11240035E+14  0.16203476E-29  0.85877610E-29
  0.11287865E+14  0.23876900E-29  0.85834562E-29
  0.11335695E+14  0.23191984E-29  0.72674991E-29
  0.11383525E+14  0.41699101E-29  0.67076002E-29
  0.11431355E+14  0.41722555E-29  0.68790519E-29
  0.11479185E+14  0.51253974E-29  0.60178038E-29
  0.11527015E+14  0.57563885E-29  0.65612256E-29
  0.11574845E+14  0.61219698E-29  0.56970031E-29
  0.11622675E+14  0.71376131E-29  0.55461831E-29
  0.11670505E+14  0.71886341E-29  0.51012817E-29
  0.11718335E+14  0.89794869E-29  0.46702704E-29
  0.11766165E+14  0.93868475E-29  0.47066761E-29
  0.11813995E+14  0.10611724E-28  0.42976926E-29
  0.11861825E+14  0.11371672E-28  0.38904264E-29
  0.11909655E+14  0.13872517E-28  0.38337856E-29
  0.11957484E+14  0.14677910E-28  0.33894000E-29
  0.12005314E+14  0.18112245E-28  0.33935480E-29
  0.12053144E+14  0.22794351E-28  0.41462100E-29
  0.12100974E+14  0.26439563E-28  0.98561880E-29
  0.12148804E+14  0.25138091E-28  0.17389540E-28
  0.12196634E+14  0.21200704E-28  0.19216632E-28
  0.12244464E+14  0.19817938E-28  0.19920104E-28
  0.12292294E+14  0.18694533E-28  0.21017410E-28
  0.12340124E+14  0.17389834E-28  0.22180030E-28
  0.12387954E+14  0.16150317E-28  0.23116094E-28
  0.12435784E+14  0.15274974E-28  0.24067254E-28
  0.12483614E+14  0.14443177E-28  0.25022877E-28
  0.12531444E+14  0.12477684E-28  0.26412073E-28
  0.12579274E+14  0.10513470E-28  0.27965945E-28
  0.12627104E+14  0.86716163E-29  0.30312389E-28
  0.12674934E+14  0.24243698E-29  0.27359664E-28
  0.12722764E+14  0.17683480E-29  0.24740887E-28
  0.12770593E+14  0.15589444E-29  0.23225208E-28
  0.12818423E+14  0.10569089E-29  0.22159721E-28
  0.12866253E+14  0.81739091E-30  0.21242701E-28
  0.12914083E+14  0.61218531E-30  0.20521937E-28
  0.12961913E+14  0.63322528E-30  0.19737567E-28
  0.13009743E+14  0.45206123E-30  0.19183208E-28
  0.13057573E+14  0.30030912E-30  0.18748224E-28
  0.13105403E+14  0.16578739E-30  0.18211598E-28
  0.13153233E+14  0.13497174E-30  0.17742340E-28
  0.13201063E+14  0.12279169E-30  0.17423067E-28
  0.13248893E+14  0.50133127E-31  0.16978809E-28
  0.13296723E+14  0.00000000E+00  0.16598086E-28
  0.13344553E+14  0.00000000E+00  0.16278400E-28
  0.13392383E+14  0.00000000E+00  0.15987326E-28
  0.13440213E+14  0.00000000E+00  0.15722006E-28
  0.13488043E+14  0.00000000E+00  0.15477813E-28
  0.13535872E+14  0.00000000E+00  0.15251596E-28
  0.13583702E+14  0.00000000E+00  0.15041007E-28
  0.13631532E+14  0.00000000E+00  0.14844206E-28
  0.13679362E+14  0.00000000E+00  0.14659703E-28
  0.13727192E+14  0.00000000E+00  0.14486266E-28
  0.13775022E+14  0.00000000E+00  0.14322859E-28
  0.13822852E+14  0.00000000E+00  0.14168600E-28
  0.13870682E+14  0.00000000E+00  0.14022732E-28
  0.13918512E+14  0.00000000E+00  0.13884597E-28
  0.13966342E+14  0.00000000E+00  0.13753620E-28
  0.14014172E+14  0.00000000E+00  0.13629299E-28
  0.14062002E+14  0.00000000E+00  0.13511187E-28
  0.14109832E+14  0.00000000E+00  0.13398889E-28
  0.14157662E+14  0.00000000E+00  0.13292053E-28
  0.14205492E+14  0.00000000E+00  0.13190364E-28
  0.14253322E+14  0.00000000E+00  0.13093539E-28
  0.14301151E+14  0.00000000E+00  0.13001325E-28
  0.14348981E+14  0.00000000E+00  0.12913491E-28
  0.14396811E+14  0.00000000E+00  0.12829830E-28
  0.14444641E+14  0.00000000E+00  0.12750154E-28
  0.14492471E+14  0.00000000E+00  0.12674294E-28
  0.14540301E+14  0.00000000E+00  0.12602094E-28
  0.14588131E+14  0.00000000E+00  0.12533413E-28
  0.14635961E+14  0.00000000E+00  0.12468124E-28
  0.14683791E+14  0.00000000E+00  0.12406111E-28
  0.14731621E+14  0.00000000E+00  0.12347266E-28
  0.14779451E+14  0.00000000E+00  0.12291495E-28
  0.14827281E+14  0.00000000E+00  0.12238709E-28
  0.14875111E+14  0.00000000E+00  0.12188830E-28
  0.14922941E+14  0.00000000E+00  0.12141785E-28
  0.14970771E+14  0.00000000E+00  0.12097510E-28
  0.15018601E+14  0.00000000E+00  0.12055947E-28
  0.15066430E+14  0.00000000E+00  0.12017045E-28
  0.15114260E+14  0.00000000E+00  0.11980756E-28
  0.15162090E+14  0.00000000E+00  0.11947040E-28
  0.15209920E+14  0.00000000E+00  0.11915863E-28
  0.15257750E+14  0.00000000E+00  0.11887193E-28
  0.15305580E+14  0.00000000E+00  0.11861006E-28
  0.15353410E+14  0.00000000E+00  0.11837281E-28
  0.15401240E+14  0.00000000E+00  0.11816001E-28
  0.15449070E+14  0.00000000E+00  0.11797156E-28
  0.15496900E+14  0.00000000E+00  0.11780737E-28
  0.15544730E+14  0.00000000E+00  0.11766743E-28
  0.15592560E+14  0.00000000E+00  0.11755175E-28
  0.15640390E+14  0.00000000E+00  0.11746039E-28
  0.15688220E+14  0.00000000E+00  0.11739345E-28
  0.15736050E+14  0.00000000E+00  0.11735108E-28
  0.15783880E+14  0.00000000E+00  0.11733349E-28
  0.15831709E+14  0.00000000E+00  0.11734090E-28
  0.15879539E+14  0.00000000E+00  0.11737362E-28
  0.15927369E+14  0.00000000E+00  0.11743198E-28
  0.15975199E+14  0.00000000E+00  0.11751639E-28
  0.16023029E+14  0.00000000E+00  0.11762728E-28
  0.16070859E+14  0.00000000E+00  0.11776518E-28
  0.16118689E+14  0.00000000E+00  0.11793066E-28
  0.16166519E+14  0.00000000E+00  0.11812434E-28
  0.16214349E+14  0.00000000E+00  0.11834695E-28
  0.16262179E+14  0.00000000E+00  0.11859927E-28
  0.16310009E+14  0.00000000E+00  0.11888218E-28
  0.16357839E+14  0.00000000E+00  0.11919662E-28
  0.16405669E+14  0.00000000E+00  0.11954366E-28
  0.16453499E+14  0.00000000E+00  0.11992447E-28
  0.16501329E+14  0.00000000E+00  0.12034033E-28
  0.16549159E+14  0.00000000E+00  0.12079266E-28
  0.16596988E+14  0.00000000E+00  0.12128303E-28
  0.16644818E+14  0.00000000E+00  0.12181317E-28
  0.16692648E+14  0.00000000E+00  0.12238499E-28
  0.16740478E+14  0.00000000E+00  0.12300064E-28
  0.16788308E+14  0.00000000E+00  0.12366246E-28
  0.16836138E+14  0.00000000E+00  0.12437312E-28
  0.16883968E+14  0.00000000E+00  0.12513558E-28
  0.16931798E+14  0.00000000E+00  0.12595317E-28
  0.16979628E+14  0.00000000E+00  0.12682968E-28
  0.17027458E+14  0.00000000E+00  0.12776942E-28
  0.17075288E+14  0.00000000E+00  0.12877731E-28
  0.17123118E+14  0.00000000E+00  0.12985906E-28
  0.17170948E+14  0.00000000E+00  0.13102133E-28
  0.17218778E+14  0.00000000E+00  0.13227197E-28
  0.17266608E+14  0.00000000E+00  0.13362037E-28
  0.17314438E+14  0.00000000E+00  0.13507792E-28
  0.17362267E+14  0.00000000E+00  0.13665875E-28
  0.17410097E+14  0.00000000E+00  0.13838072E-28
  0.17457927E+14  0.00000000E+00  0.14026716E-28
  0.17505757E+14  0.00000000E+00  0.14234969E-28
  0.17553587E+14  0.00000000E+00  0.14467325E-28
  0.17601417E+14  0.00000000E+00  0.14730634E-28
  0.17649247E+14  0.00000000E+00  0.15036413E-28
  0.17697077E+14  0.00000000E+00  0.15407445E-28
  0.17744907E+14  0.00000000E+00  0.15906793E-28
  0.17792737E+14 -0.34522004E-30  0.16732656E-28
  0.17840567E+14 -0.11038623E-29  0.17180888E-28
  0.17888397E+14 -0.17293744E-29  0.17065859E-28
  0.17936227E+14 -0.21949606E-29  0.17043652E-28
  0.17984057E+14 -0.24206750E-29  0.17089172E-28
  0.18031887E+14 -0.28188413E-29  0.17069775E-28
  0.18079717E+14 -0.28932103E-29  0.16993617E-28
  0.18127547E+14 -0.31433784E-29  0.16985685E-28
  0.18175376E+14 -0.32526519E-29  0.16861332E-28
  0.18223206E+14 -0.29636766E-29  0.17010314E-28
  0.18271036E+14 -0.26747960E-29  0.17309361E-28
  0.18318866E+14 -0.26341821E-29  0.17655528E-28
  0.18366696E+14 -0.27552584E-29  0.18477025E-28
  0.18414526E+14 -0.32615396E-29  0.19047963E-28
  0.18462356E+14 -0.35110460E-29  0.19771790E-28
  0.18510186E+14 -0.37950130E-29  0.20002346E-28
  0.18558016E+14 -0.45465776E-29  0.20491027E-28
  0.18605846E+14 -0.51733723E-29  0.21222851E-28
  0.18653676E+14 -0.55838417E-29  0.21464850E-28
  0.18701506E+14 -0.61910191E-29  0.22193833E-28
  0.18749336E+14 -0.68278563E-29  0.22835634E-28
  0.18797166E+14 -0.79126295E-29  0.23525656E-28
  0.18844996E+14 -0.93327846E-29  0.23832809E-28
  0.18892826E+14 -0.11149915E-28  0.25089878E-28
  0.18940655E+14 -0.12307572E-28  0.24528296E-28
  0.18988485E+14 -0.13940048E-28  0.24013792E-28
  0.19036315E+14 -0.15839035E-28  0.23741272E-28
  0.19084145E+14 -0.17266879E-28  0.22658480E-28
  0.19131975E+14 -0.18577920E-28  0.22306255E-28
  0.19179805E+14 -0.19098548E-28  0.21231676E-28
  0.19227635E+14 -0.20185398E-28  0.20264990E-28
  0.19275465E+14 -0.19933405E-28  0.19392755E-28
  0.19323295E+14 -0.21624116E-28  0.18400509E-28
  0.19371125E+14 -0.21847341E-28  0.17768967E-28
  0.19418955E+14 -0.23779147E-28  0.16331322E-28
  0.19466785E+14 -0.23914949E-28  0.15330950E-28
  0.19514615E+14 -0.24725773E-28  0.13689683E-28
  0.19562445E+14 -0.24819938E-28  0.13585504E-28
  0.19610275E+14 -0.25174348E-28  0.11773958E-28
  0.19658105E+14 -0.24179114E-28  0.11059486E-28
  0.19705934E+14 -0.25633444E-28  0.94643732E-29
  0.19753764E+14 -0.25821037E-28  0.83756501E-29
  0.19801594E+14 -0.25971019E-28  0.74338252E-29
  0.19849424E+14 -0.25598944E-28  0.64873111E-29
  0.19897254E+14 -0.25133911E-28  0.47643880E-29
  0.19945084E+14 -0.25216351E-28  0.40030115E-29
  0.19992914E+14 -0.25349300E-28  0.31579229E-29
  0.20040744E+14 -0.23562456E-28  0.25886936E-29
  0.20088574E+14 -0.23684820E-28  0.10450043E-29
  0.20136404E+14 -0.23489789E-28  0.17750812E-29
  0.20184234E+14 -0.23723518E-28  0.28214087E-30
  0.20232064E+14 -0.23793867E-28  0.12423530E-29
  0.20279894E+14 -0.23642924E-28 -0.15895976E-29
  0.20327724E+14 -0.25133362E-28 -0.92166977E-30
  0.20375554E+14 -0.21446431E-28 -0.20548088E-29
  0.20423384E+14 -0.24375281E-28 -0.49733868E-29
  0.20471213E+14 -0.23391731E-28 -0.32178046E-29
  0.20519043E+14 -0.22344592E-28 -0.64696795E-29
  0.20566873E+14 -0.24601296E-28 -0.77444978E-29
  0.20614703E+14 -0.22462409E-28 -0.90438515E-29
  0.20662533E+14 -0.20574365E-28 -0.11766518E-28
  0.20710363E+14 -0.21728612E-28 -0.13798343E-28
  0.20758193E+14 -0.16625042E-28 -0.17549694E-28
  0.20806023E+14 -0.69225877E-29 -0.17122338E-28
  0.20853853E+14 -0.12253551E-28 -0.55158879E-29
  0.20901683E+14 -0.74970855E-29 -0.86319807E-29
  0.20949513E+14 -0.14373059E-28 -0.69192495E-30
  0.20997343E+14 -0.38799657E-28 -0.46956035E-29
  0.21045173E+14 -0.19473560E-28 -0.28898539E-28
  0.21093003E+14 -0.97019900E-29 -0.26718067E-28
  0.21140833E+14 -0.36456286E-29 -0.25418893E-28
  0.21188663E+14  0.21840184E-29 -0.22695177E-28
  0.21236492E+14  0.65292028E-29 -0.17246612E-28
  0.21284322E+14  0.82927229E-29 -0.11959112E-28
  0.21332152E+14  0.74563778E-29 -0.73506799E-29
  0.21379982E+14  0.62426319E-29 -0.41972547E-29
  0.21427812E+14  0.40695653E-29 -0.31522617E-29
  0.21475642E+14  0.59129573E-29 -0.19439155E-29
  0.21523472E+14  0.41027005E-29  0.18612773E-30
  0.21571302E+14  0.26920077E-29  0.24154326E-29
  0.21619132E+14  0.11774328E-29  0.12215352E-29
  0.21666962E+14  0.87326867E-31  0.24738113E-29
  0.21714792E+14 -0.51886117E-30  0.26265181E-29
  0.21762622E+14 -0.12133397E-29  0.28690296E-29
  0.21810452E+14 -0.20335771E-29  0.30352018E-29
  0.21858282E+14 -0.23497601E-29  0.33349381E-29
  0.21906112E+14 -0.29316070E-29  0.33524252E-29
  0.21953942E+14 -0.33999432E-29  0.34704200E-29
  0.22001771E+14 -0.39163672E-29  0.35664623E-29
  0.22049601E+14 -0.43827033E-29  0.36598581E-29
  0.22097431E+14 -0.47037982E-29  0.36387377E-29
  0.22145261E+14 -0.51979192E-29  0.34829332E-29
  0.22193091E+14 -0.54837479E-29  0.36317680E-29
  0.22240921E+14 -0.60553158E-29  0.35363755E-29
  0.22288751E+14 -0.62415127E-29  0.33728010E-29
  0.22336581E+14 -0.66587764E-29  0.33412688E-29
  0.22384411E+14 -0.70221628E-29  0.31414163E-29
  0.22432241E+14 -0.71334612E-29  0.29047612E-29
  0.22480071E+14 -0.73936577E-29  0.28400674E-29
  0.22527901E+14 -0.77372365E-29  0.27505861E-29
  0.22575731E+14 -0.79980447E-29  0.24720231E-29
  0.22623561E+14 -0.81050240E-29  0.22123722E-29
  0.22671391E+14 -0.82482716E-29  0.21353244E-29
  0.22719221E+14 -0.84414719E-29  0.19778933E-29
  0.22767050E+14 -0.87325814E-29  0.15723205E-29
  0.22814880E+14 -0.86972645E-29  0.14492956E-29
  0.22862710E+14 -0.88668772E-29  0.12879027E-29
  0.22910540E+14 -0.90859189E-29  0.10386284E-29
  0.22958370E+14 -0.90482039E-29  0.73288689E-30
  0.23006200E+14 -0.91228114E-29  0.55302461E-30
  0.23054030E+14 -0.92714298E-29  0.42023977E-30
  0.23101860E+14 -0.92776688E-29  0.59312584E-31
  0.23149690E+14 -0.93280504E-29 -0.61088763E-31
  0.23197520E+14 -0.93331704E-29 -0.32660547E-30
  0.23245350E+14 -0.94346241E-29 -0.58231426E-30
  0.23293180E+14 -0.94338479E-29 -0.68594834E-30
  0.23341010E+14 -0.94723720E-29 -0.10531320E-29
  0.23388840E+14 -0.93899050E-29 -0.11632014E-29
  0.23436670E+14 -0.94998774E-29 -0.14903148E-29
  0.23484500E+14 -0.93249083E-29 -0.17186697E-29
  0.23532329E+14 -0.93359074E-29 -0.18377408E-29
  0.23580159E+14 -0.93829860E-29 -0.20932177E-29
  0.23627989E+14 -0.91727463E-29 -0.22806434E-29
  0.23675819E+14 -0.93146744E-29 -0.24883975E-29
  0.23723649E+14 -0.91743970E-29 -0.27957908E-29
  0.23771479E+14 -0.91017158E-29 -0.29473969E-29
  0.23819309E+14 -0.89923035E-29 -0.31485265E-29
  0.23867139E+14 -0.89895296E-29 -0.33800610E-29
  0.23914969E+14 -0.88165102E-29 -0.35888114E-29
  0.23962799E+14 -0.87075821E-29 -0.37677732E-29
  0.24010629E+14 -0.86008061E-29 -0.39428652E-29
  0.24058459E+14 -0.85315274E-29 -0.41603816E-29
  0.24106289E+14 -0.83766945E-29 -0.43477090E-29
  0.24154119E+14 -0.83073622E-29 -0.45683993E-29
  0.24201949E+14 -0.81715293E-29 -0.46988170E-29
  0.24249779E+14 -0.80453401E-29 -0.49267707E-29
  0.24297609E+14 -0.79714641E-29 -0.52019040E-29
  0.24345438E+14 -0.77519136E-29 -0.53489403E-29
  0.24393268E+14 -0.74655029E-29 -0.55589268E-29
  0.24441098E+14 -0.74477155E-29 -0.56337634E-29
  0.24488928E+14 -0.72036935E-29 -0.58760149E-29
  0.24536758E+14 -0.71572190E-29 -0.61060518E-29
  0.24584588E+14 -0.69461976E-29 -0.63394078E-29
  0.24632418E+14 -0.66826404E-29 -0.65797550E-29
  0.24680248E+14 -0.63704913E-29 -0.67584860E-29
  0.24728078E+14 -0.61624921E-29 -0.71062431E-29
  0.24775908E+14 -0.57640335E-29 -0.73528150E-29
  0.24823738E+14 -0.51091551E-29 -0.75499922E-29
  0.24871568E+14 -0.45323084E-29 -0.73432995E-29
  0.24919398E+14 -0.42497277E-29 -0.72158323E-29
  0.24967228E+14 -0.39476321E-29 -0.71770061E-29
  0.25015058E+14 -0.36272146E-29 -0.70585448E-29
  0.25062888E+14 -0.33765716E-29 -0.68501943E-29
  0.25110717E+14 -0.31695125E-29 -0.67710838E-29
  0.25158547E+14 -0.29352004E-29 -0.66682844E-29
  0.25206377E+14 -0.26196563E-29 -0.65476600E-29
  0.25254207E+14 -0.25176001E-29 -0.64097655E-29
  0.25302037E+14 -0.22510376E-29 -0.62822617E-29
  0.25349867E+14 -0.22166971E-29 -0.61039945E-29
  0.25397697E+14 -0.19860059E-29 -0.60589033E-29
  0.25445527E+14 -0.18886876E-29 -0.59033644E-29
  0.25493357E+14 -0.16632492E-29 -0.57787801E-29
  0.25541187E+14 -0.16480616E-29 -0.56521486E-29
  0.25589017E+14 -0.14070771E-29 -0.55022872E-29
  0.25636847E+14 -0.12904205E-29 -0.53815563E-29
  0.25684677E+14 -0.12862555E-29 -0.52509364E-29
  0.25732507E+14 -0.11398640E-29 -0.51403394E-29
  0.25780337E+14 -0.10304868E-29 -0.50339053E-29
  0.25828167E+14 -0.10317310E-29 -0.48613587E-29
  0.25875996E+14 -0.79865177E-30 -0.47809331E-29
  0.25923826E+14 -0.87223285E-30 -0.46402269E-29
  0.25971656E+14 -0.73161155E-30 -0.44923378E-29
  0.26019486E+14 -0.64640404E-30 -0.44343708E-29
  0.26067316E+14 -0.76585492E-30 -0.43247133E-29
  0.26115146E+14 -0.59094029E-30 -0.41092813E-29
  0.26162976E+14 -0.45386704E-30 -0.40457181E-29
  0.26210806E+14 -0.60819662E-30 -0.39325475E-29
  0.26258636E+14 -0.61904060E-30 -0.38332789E-29
  0.26306466E+14 -0.51171897E-30 -0.37457720E-29
  0.26354296E+14 -0.50715805E-30 -0.36291691E-29
  0.26402126E+14 -0.47103981E-30 -0.35437821E-29
  0.26449956E+14 -0.54740661E-30 -0.34436520E-29
  0.26497786E+14 -0.54373178E-30 -0.33582552E-29
  0.26545616E+14 -0.60979299E-30 -0.33057206E-29
  0.26593446E+14 -0.58551257E-30 -0.32157124E-29
  0.26641275E+14 -0.66614224E-30 -0.31569917E-29
  0.26689105E+14 -0.71010037E-30 -0.31460535E-29
  0.26736935E+14 -0.71819978E-30 -0.30817999E-29
  0.26784765E+14 -0.82978113E-30 -0.31291922E-29
  0.26832595E+14 -0.80857252E-30 -0.30966171E-29
  0.26880425E+14 -0.92635477E-30 -0.31891222E-29
  0.26928255E+14 -0.10410021E-29 -0.33214005E-29
  0.26976085E+14 -0.11669737E-29 -0.38000685E-29
  0.27023915E+14  0.00000000E+00 -0.37855607E-29
  0.27071745E+14  0.00000000E+00 -0.33988963E-29
  0.27119575E+14  0.00000000E+00 -0.32099269E-29
  0.27167405E+14  0.00000000E+00 -0.30775812E-29
  0.27215235E+14  0.00000000E+00 -0.29724902E-29
  0.27263065E+14  0.00000000E+00 -0.28835524E-29
  0.27310895E+14  0.00000000E+00 -0.28054005E-29
  0.27358725E+14  0.00000000E+00 -0.27350370E-29
  0.27406554E+14  0.00000000E+00 -0.26706189E-29
  0.27454384E+14  0.00000000E+00 -0.26109302E-29
  0.27502214E+14  0.00000000E+00 -0.25551249E-29
  0.27550044E+14  0.00000000E+00 -0.25025891E-29
  0.27597874E+14  0.00000000E+00 -0.24528614E-29
  0.27645704E+14  0.00000000E+00 -0.24055853E-29
  0.27693534E+14  0.00000000E+00 -0.23604784E-29
  0.27741364E+14  0.00000000E+00 -0.23173125E-29
  0.27789194E+14  0.00000000E+00 -0.22758999E-29
  0.27837024E+14  0.00000000E+00 -0.22360838E-29
  0.27884854E+14  0.00000000E+00 -0.21977314E-29
  0.27932684E+14  0.00000000E+00 -0.21607289E-29
  0.27980514E+14  0.00000000E+00 -0.21249779E-29
  0.28028344E+14  0.00000000E+00 -0.20903922E-29
  0.28076174E+14  0.00000000E+00 -0.20568960E-29
  0.28124004E+14  0.00000000E+00 -0.20244219E-29
  0.28171833E+14  0.00000000E+00 -0.19929097E-29
  0.28219663E+14  0.00000000E+00 -0.19623052E-29
  0.28267493E+14  0.00000000E+00 -0.19325595E-29
  0.28315323E+14  0.00000000E+00 -0.19036282E-29
  0.28363153E+14  0.00000000E+00 -0.18754705E-29
  0.28410983E+14  0.00000000E+00 -0.18480494E-29
  0.28458813E+14  0.00000000E+00 -0.18213306E-29
  0.28506643E+14  0.00000000E+00 -0.17952824E-29
  0.28554473E+14  0.00000000E+00 -0.17698756E-29
  0.28602303E+14  0.00000000E+00 -0.17450830E-29
  0.28650133E+14  0.00000000E+00 -0.17208793E-29
  0.28697963E+14  0.00000000E+00 -0.16972409E-29
  0.28745793E+14  0.00000000E+00 -0.16741457E-29
  0.28793623E+14  0.00000000E+00 -0.16515729E-29
  0.28841453E+14  0.00000000E+00 -0.16295030E-29
  0.28889283E+14  0.00000000E+00 -0.16079178E-29
  0.28937112E+14  0.00000000E+00 -0.15867999E-29
  0.28984942E+14  0.00000000E+00 -0.15661329E-29
  0.29032772E+14  0.00000000E+00 -0.15459015E-29
  0.29080602E+14  0.00000000E+00 -0.15260910E-29
  0.29128432E+14  0.00000000E+00 -0.15066876E-29
  0.29176262E+14  0.00000000E+00 -0.14876779E-29
  0.29224092E+14  0.00000000E+00 -0.14690496E-29
  0.29271922E+14  0.00000000E+00 -0.14507906E-29
  0.29319752E+14  0.00000000E+00 -0.14328896E-29
  0.29367582E+14  0.00000000E+00 -0.14153358E-29
  0.29415412E+14  0.00000000E+00 -0.13981187E-29
  0.29463242E+14  0.00000000E+00 -0.13812286E-29
  0.29511072E+14  0.00000000E+00 -0.13646558E-29
  0.29558902E+14  0.00000000E+00 -0.13483914E-29
  0.29606732E+14  0.00000000E+00 -0.13324267E-29
  0.29654562E+14  0.00000000E+00 -0.13167533E-29
  0.29702391E+14  0.00000000E+00 -0.13013632E-29
  0.29750221E+14  0.00000000E+00 -0.12862488E-29
  0.29798051E+14  0.00000000E+00 -0.12714027E-29
  0.29845881E+14  0.00000000E+00 -0.12568178E-29
  0.29893711E+14  0.00000000E+00 -0.12424872E-29
  0.29941541E+14  0.00000000E+00 -0.12284045E-29
  0.29989371E+14  0.00000000E+00 -0.12145633E-29
  0.30037201E+14  0.00000000E+00 -0.12009576E-29
  0.30085031E+14  0.00000000E+00 -0.11875813E-29
  0.30132861E+14  0.00000000E+00 -0.11744289E-29
  0.30180691E+14  0.00000000E+00 -0.11614949E-29
  0.30228521E+14  0.00000000E+00 -0.11487741E-29
  0.30276351E+14  0.00000000E+00 -0.11362612E-29
  0.30324181E+14  0.00000000E+00 -0.11239515E-29
  0.30372011E+14  0.00000000E+00 -0.11118401E-29
  0.30419841E+14  0.00000000E+00 -0.10999224E-29
  0.30467671E+14  0.00000000E+00 -0.10881940E-29
  0.30515500E+14  0.00000000E+00 -0.10766505E-29
  0.30563330E+14  0.00000000E+00 -0.10652878E-29
  0.30611160E+14  0.00000000E+00 -0.10541018E-29
  0.30658990E+14  0.00000000E+00 -0.10430886E-29
  0.30706820E+14  0.00000000E+00 -0.10322444E-29
  0.30754650E+14  0.00000000E+00 -0.10215655E-29
  0.30802480E+14  0.00000000E+00 -0.10110484E-29
  0.30850310E+14  0.00000000E+00 -0.10006895E-29
  0.30898140E+14  0.00000000E+00 -0.99048547E-30
  0.30945970E+14  0.00000000E+00 -0.98043308E-30
  0.30993800E+14  0.00000000E+00 -0.97052914E-30
  0.31041630E+14  0.00000000E+00 -0.96077056E-30
  0.31089460E+14  0.00000000E+00 -0.95115434E-30
  0.31137290E+14  0.00000000E+00 -0.94167757E-30
  0.31185120E+14  0.00000000E+00 -0.93233741E-30
  0.31232950E+14  0.00000000E+00 -0.92313112E-30
  0.31280779E+14  0.00000000E+00 -0.91405602E-30
  0.31328609E+14  0.00000000E+00 -0.90510949E-30
  0.31376439E+14  0.00000000E+00 -0.89628900E-30
  0.31424269E+14  0.00000000E+00 -0.88759208E-30
  0.31472099E+14  0.00000000E+00 -0.87901633E-30
  0.31519929E+14  0.00000000E+00 -0.87055941E-30
  0.31567759E+14  0.00000000E+00 -0.86221903E-30
  0.31615589E+14  0.00000000E+00 -0.85399297E-30
  0.31663419E+14  0.00000000E+00 -0.84587908E-30
  0.31711249E+14  0.00000000E+00 -0.83787523E-30
  0.31759079E+14  0.00000000E+00 -0.82997937E-30
  0.31806909E+14  0.00000000E+00 -0.82218950E-30
  0.31854739E+14  0.00000000E+00 -0.81450366E-30
  0.31902569E+14  0.00000000E+00 -0.80691994E-30
  0.31950399E+14  0.00000000E+00 -0.79943649E-30
  0.31998229E+14  0.00000000E+00 -0.79205147E-30
  0.32046058E+14  0.00000000E+00 -0.78476314E-30
  0.32093888E+14  0.00000000E+00 -0.77756974E-30
  0.32141718E+14  0.00000000E+00 -0.77046960E-30
  0.32189548E+14  0.00000000E+00 -0.76346106E-30
  0.32237378E+14  0.00000000E+00 -0.75654251E-30
  0.32285208E+14  0.00000000E+00 -0.74971238E-30
  0.32333038E+14  0.00000000E+00 -0.74296914E-30
  0.32380868E+14  0.00000000E+00 -0.73631128E-30
  0.32428698E+14  0.00000000E+00 -0.72973733E-30
  0.32476528E+14  0.00000000E+00 -0.72324586E-30
  0.32524358E+14  0.00000000E+00 -0.71683547E-30
  0.32572188E+14  0.00000000E+00 -0.71050478E-30
  0.32620018E+14  0.00000000E+00 -0.70425246E-30
  0.32667848E+14  0.00000000E+00 -0.69807719E-30
  0.32715678E+14  0.00000000E+00 -0.69197770E-30
  0.32763508E+14  0.00000000E+00 -0.68595273E-30
  0.32811337E+14  0.00000000E+00 -0.68000105E-30
  0.32859167E+14  0.00000000E+00 -0.67412146E-30
  0.32906997E+14  0.00000000E+00 -0.66831278E-30
  0.32954827E+14  0.00000000E+00 -0.66257387E-30
  0.33002657E+14  0.00000000E+00 -0.65690361E-30
  0.33050487E+14  0.00000000E+00 -0.65130088E-30
  0.33098317E+14  0.00000000E+00 -0.64576461E-30
  0.33146147E+14  0.00000000E+00 -0.64029375E-30
  0.33193977E+14  0.00000000E+00 -0.63488725E-30
  0.33241807E+14  0.00000000E+00 -0.62954411E-30
  0.33289637E+14  0.00000000E+00 -0.62426334E-30
  0.33337467E+14  0.00000000E+00 -0.61904395E-30
  0.33385297E+14  0.00000000E+00 -0.61388500E-30
  0.33433127E+14  0.00000000E+00 -0.60878556E-30
  0.33480957E+14  0.00000000E+00 -0.60374470E-30
  0.33528787E+14  0.00000000E+00 -0.59876154E-30
  0.33576616E+14  0.00000000E+00 -0.59383519E-30
  0.33624446E+14  0.00000000E+00 -0.58896479E-30
  0.33672276E+14  0.00000000E+00 -0.58414950E-30
  0.33720106E+14  0.00000000E+00 -0.57938848E-30
  0.33767936E+14  0.00000000E+00 -0.57468093E-30
  0.33815766E+14  0.00000000E+00 -0.57002606E-30
  0.33863596E+14  0.00000000E+00 -0.56542306E-30
  0.33911426E+14  0.00000000E+00 -0.56087119E-30
  0.33959256E+14  0.00000000E+00 -0.55636969E-30
  0.34007086E+14  0.00000000E+00 -0.55191783E-30
  0.34054916E+14  0.00000000E+00 -0.54751486E-30
  0.34102746E+14  0.00000000E+00 -0.54316010E-30
  0.34150576E+14  0.00000000E+00 -0.53885284E-30
  0.34198406E+14  0.00000000E+00 -0.53459239E-30
  0.34246236E+14  0.00000000E+00 -0.53037809E-30
  0.34294066E+14  0.00000000E+00 -0.52620928E-30
  0.34341895E+14  0.00000000E+00 -0.52208530E-30
  0.34389725E+14  0.00000000E+00 -0.51800553E-30
  0.34437555E+14  0.00000000E+00 -0.51396934E-30
  0.34485385E+14  0.00000000E+00 -0.50997611E-30
  0.34533215E+14  0.00000000E+00 -0.50602525E-30
  0.34581045E+14  0.00000000E+00 -0.50211617E-30
  0.34628875E+14  0.00000000E+00 -0.49824828E-30
  0.34676705E+14  0.00000000E+00 -0.49442102E-30
  0.34724535E+14  0.00000000E+00 -0.49063382E-30
  0.34772365E+14  0.00000000E+00 -0.48688613E-30
  0.34820195E+14  0.00000000E+00 -0.48317742E-30
  0.34868025E+14  0.00000000E+00 -0.47950716E-30
  0.34915855E+14  0.00000000E+00 -0.47587481E-30
  0.34963685E+14  0.00000000E+00 -0.47227987E-30
  0.35011515E+14  0.00000000E+00 -0.46872184E-30
  0.35059345E+14  0.00000000E+00 -0.46520022E-30
  0.35107174E+14  0.00000000E+00 -0.46171451E-30
  0.35155004E+14  0.00000000E+00 -0.45826426E-30
  0.35202834E+14  0.00000000E+00 -0.45484897E-30
  0.35250664E+14  0.00000000E+00 -0.45146820E-30
  0.35298494E+14  0.00000000E+00 -0.44812148E-30
  0.35346324E+14  0.00000000E+00 -0.44480836E-30
  0.35394154E+14  0.00000000E+00 -0.44152842E-30
  0.35441984E+14  0.00000000E+00 -0.43828121E-30
  0.35489814E+14  0.00000000E+00 -0.43506631E-30
  0.35537644E+14  0.00000000E+00 -0.43188331E-30
  0.35585474E+14  0.00000000E+00 -0.42873178E-30
  0.35633304E+14  0.00000000E+00 -0.42561133E-30
  0.35681134E+14  0.00000000E+00 -0.42252155E-30
  0.35728964E+14  0.00000000E+00 -0.41946207E-30
  0.35776794E+14  0.00000000E+00 -0.41643247E-30
  0.35824624E+14  0.00000000E+00 -0.41343240E-30
  0.35872453E+14  0.00000000E+00 -0.41046148E-30
  0.35920283E+14  0.00000000E+00 -0.40751934E-30
  0.35968113E+14  0.00000000E+00 -0.40460561E-30
  0.36015943E+14  0.00000000E+00 -0.40171994E-30
  0.36063773E+14  0.00000000E+00 -0.39886199E-30
  0.36111603E+14  0.00000000E+00 -0.39603141E-30
  0.36159433E+14  0.00000000E+00 -0.39322785E-30
  0.36207263E+14  0.00000000E+00 -0.39045099E-30
  0.36255093E+14  0.00000000E+00 -0.38770049E-30
  0.36302923E+14  0.00000000E+00 -0.38497603E-30
  0.36350753E+14  0.00000000E+00 -0.38227730E-30
  0.36398583E+14  0.00000000E+00 -0.37960397E-30
  0.36446413E+14  0.00000000E+00 -0.37695575E-30
  0.36494243E+14  0.00000000E+00 -0.37433232E-30
  0.36542073E+14  0.00000000E+00 -0.37173339E-30
  0.36589903E+14  0.00000000E+00 -0.36915865E-30
  0.36637733E+14  0.00000000E+00 -0.36660783E-30
  0.36685562E+14  0.00000000E+00 -0.36408063E-30
  0.36733392E+14  0.00000000E+00 -0.36157678E-30
  0.36781222E+14  0.00000000E+00 -0.35909598E-30
  0.36829052E+14  0.00000000E+00 -0.35663798E-30
  0.36876882E+14  0.00000000E+00 -0.35420250E-30
  0.36924712E+14  0.00000000E+00 -0.35178928E-30
  0.36972542E+14  0.00000000E+00 -0.34939804E-30
  0.37020372E+14  0.00000000E+00 -0.34702855E-30
  0.37068202E+14  0.00000000E+00 -0.34468053E-30
  0.37116032E+14  0.00000000E+00 -0.34235375E-30
  0.37163862E+14  0.00000000E+00 -0.34004795E-30
  0.37211692E+14  0.00000000E+00 -0.33776290E-30
  0.37259522E+14  0.00000000E+00 -0.33549834E-30
  0.37307352E+14  0.00000000E+00 -0.33325405E-30
  0.37355182E+14  0.00000000E+00 -0.33102979E-30
  0.37403012E+14  0.00000000E+00 -0.32882534E-30
  0.37450841E+14  0.00000000E+00 -0.32664047E-30
  0.37498671E+14  0.00000000E+00 -0.32447495E-30
  0.37546501E+14  0.00000000E+00 -0.32232856E-30
  0.37594331E+14  0.00000000E+00 -0.32020109E-30
  0.37642161E+14  0.00000000E+00 -0.31809233E-30
  0.37689991E+14  0.00000000E+00 -0.31600206E-30
  0.37737821E+14  0.00000000E+00 -0.31393008E-30
  0.37785651E+14  0.00000000E+00 -0.31187618E-30
  0.37833481E+14  0.00000000E+00 -0.30984016E-30
  0.37881311E+14  0.00000000E+00 -0.30782182E-30
  0.37929141E+14  0.00000000E+00 -0.30582096E-30
  0.37976971E+14  0.00000000E+00 -0.30383739E-30
  0.38024801E+14  0.00000000E+00 -0.30187093E-30
  0.38072631E+14  0.00000000E+00 -0.29992137E-30
  0.38120461E+14  0.00000000E+00 -0.29798854E-30
  0.38168291E+14  0.00000000E+00 -0.29607225E-30
  0.38216120E+14  0.00000000E+00 -0.29417233E-30
  0.38263950E+14  0.00000000E+00 -0.29228859E-30
  0.38311780E+14  0.00000000E+00 -0.29042085E-30
  0.38359610E+14  0.00000000E+00 -0.28856895E-30
  0.38407440E+14  0.00000000E+00 -0.28673271E-30
  0.38455270E+14  0.00000000E+00 -0.28491197E-30
  0.38503100E+14  0.00000000E+00 -0.28310655E-30
  0.38550930E+14  0.00000000E+00 -0.28131629E-30
  0.38598760E+14  0.00000000E+00 -0.27954104E-30
  0.38646590E+14  0.00000000E+00 -0.27778062E-30
  0.38694420E+14  0.00000000E+00 -0.27603489E-30
  0.38742250E+14  0.00000000E+00 -0.27430369E-30
  0.38790080E+14  0.00000000E+00 -0.27258685E-30
  0.38837910E+14  0.00000000E+00 -0.27088424E-30
  0.38885740E+14  0.00000000E+00 -0.26919570E-30
  0.38933570E+14  0.00000000E+00 -0.26752108E-30
  0.38981399E+14  0.00000000E+00 -0.26586024E-30
  0.39029229E+14  0.00000000E+00 -0.26421303E-30
  0.39077059E+14  0.00000000E+00 -0.26257932E-30
  0.39124889E+14  0.00000000E+00 -0.26095895E-30
  0.39172719E+14  0.00000000E+00 -0.25935180E-30
  0.39220549E+14  0.00000000E+00 -0.25775772E-30
  0.39268379E+14  0.00000000E+00 -0.25617658E-30
  0.39316209E+14  0.00000000E+00 -0.25460825E-30
  0.39364039E+14  0.00000000E+00 -0.25305259E-30
  0.39411869E+14  0.00000000E+00 -0.25150948E-30
  0.39459699E+14  0.00000000E+00 -0.24997879E-30
  0.39507529E+14  0.00000000E+00 -0.24846038E-30
  0.39555359E+14  0.00000000E+00 -0.24695414E-30
  0.39603189E+14  0.00000000E+00 -0.24545994E-30
  0.39651019E+14  0.00000000E+00 -0.24397766E-30
  0.39698849E+14  0.00000000E+00 -0.24250718E-30
  0.39746678E+14  0.00000000E+00 -0.24104838E-30
  0.39794508E+14  0.00000000E+00 -0.23960115E-30
  0.39842338E+14  0.00000000E+00 -0.23816536E-30
  0.39890168E+14  0.00000000E+00 -0.23674090E-30
  0.39937998E+14  0.00000000E+00 -0.23532766E-30
  0.39985828E+14  0.00000000E+00 -0.23392552E-30
  0.40033658E+14  0.00000000E+00 -0.23253439E-30
  0.40081488E+14  0.00000000E+00 -0.23115414E-30
  0.40129318E+14  0.00000000E+00 -0.22978467E-30
  0.40177148E+14  0.00000000E+00 -0.22842587E-30
  0.40224978E+14  0.00000000E+00 -0.22707764E-30
  0.40272808E+14  0.00000000E+00 -0.22573988E-30
  0.40320638E+14  0.00000000E+00 -0.22441247E-30
  0.40368468E+14  0.00000000E+00 -0.22309533E-30
  0.40416298E+14  0.00000000E+00 -0.22178835E-30
  0.40464128E+14  0.00000000E+00 -0.22049143E-30
  0.40511957E+14  0.00000000E+00 -0.21920447E-30
  0.40559787E+14  0.00000000E+00 -0.21792737E-30
  0.40607617E+14  0.00000000E+00 -0.21666005E-30
  0.40655447E+14  0.00000000E+00 -0.21540241E-30
  0.40703277E+14  0.00000000E+00 -0.21415435E-30
  0.40751107E+14  0.00000000E+00 -0.21291578E-30
  0.40798937E+14  0.00000000E+00 -0.21168661E-30
  0.40846767E+14  0.00000000E+00 -0.21046675E-30
  0.40894597E+14  0.00000000E+00 -0.20925611E-30
  0.40942427E+14  0.00000000E+00 -0.20805461E-30
  0.40990257E+14  0.00000000E+00 -0.20686215E-30
  0.41038087E+14  0.00000000E+00 -0.20567865E-30
  0.41085917E+14  0.00000000E+00 -0.20450403E-30
  0.41133747E+14  0.00000000E+00 -0.20333821E-30
  0.41181577E+14  0.00000000E+00 -0.20218109E-30
  0.41229407E+14  0.00000000E+00 -0.20103260E-30
  0.41277236E+14  0.00000000E+00 -0.19989265E-30
  0.41325066E+14  0.00000000E+00 -0.19876117E-30
  0.41372896E+14  0.00000000E+00 -0.19763808E-30
  0.41420726E+14  0.00000000E+00 -0.19652330E-30
  0.41468556E+14  0.00000000E+00 -0.19541675E-30
  0.41516386E+14  0.00000000E+00 -0.19431836E-30
  0.41564216E+14  0.00000000E+00 -0.19322804E-30
  0.41612046E+14  0.00000000E+00 -0.19214573E-30
  0.41659876E+14  0.00000000E+00 -0.19107135E-30
  0.41707706E+14  0.00000000E+00 -0.19000483E-30
  0.41755536E+14  0.00000000E+00 -0.18894610E-30
  0.41803366E+14  0.00000000E+00 -0.18789508E-30
  0.41851196E+14  0.00000000E+00 -0.18685170E-30
  0.41899026E+14  0.00000000E+00 -0.18581590E-30
  0.41946856E+14  0.00000000E+00 -0.18478760E-30
  0.41994686E+14  0.00000000E+00 -0.18376674E-30
  0.42042516E+14  0.00000000E+00 -0.18275325E-30
  0.42090345E+14  0.00000000E+00 -0.18174706E-30
  0.42138175E+14  0.00000000E+00 -0.18074810E-30
  0.42186005E+14  0.00000000E+00 -0.17975632E-30
  0.42233835E+14  0.00000000E+00 -0.17877164E-30
  0.42281665E+14  0.00000000E+00 -0.17779401E-30
  0.42329495E+14  0.00000000E+00 -0.17682335E-30
  0.42377325E+14  0.00000000E+00 -0.17585962E-30
  0.42425155E+14  0.00000000E+00 -0.17490273E-30
  0.42472985E+14  0.00000000E+00 -0.17395265E-30
  0.42520815E+14  0.00000000E+00 -0.17300929E-30
  0.42568645E+14  0.00000000E+00 -0.17207261E-30
  0.42616475E+14  0.00000000E+00 -0.17114254E-30
  0.42664305E+14  0.00000000E+00 -0.17021903E-30
  0.42712135E+14  0.00000000E+00 -0.16930202E-30
  0.42759965E+14  0.00000000E+00 -0.16839144E-30
  0.42807795E+14  0.00000000E+00 -0.16748726E-30
  0.42855624E+14  0.00000000E+00 -0.16658940E-30
  0.42903454E+14  0.00000000E+00 -0.16569781E-30
  0.42951284E+14  0.00000000E+00 -0.16481244E-30
  0.42999114E+14  0.00000000E+00 -0.16393323E-30
  0.43046944E+14  0.00000000E+00 -0.16306013E-30
  0.43094774E+14  0.00000000E+00 -0.16219309E-30
  0.43142604E+14  0.00000000E+00 -0.16133206E-30
  0.43190434E+14  0.00000000E+00 -0.16047697E-30
  0.43238264E+14  0.00000000E+00 -0.15962779E-30
  0.43286094E+14  0.00000000E+00 -0.15878446E-30
  0.43333924E+14  0.00000000E+00 -0.15794692E-30
  0.43381754E+14  0.00000000E+00 -0.15711514E-30
  0.43429584E+14  0.00000000E+00 -0.15628905E-30
  0.43477414E+14  0.00000000E+00 -0.15546862E-30
  0.43525244E+14  0.00000000E+00 -0.15465379E-30
  0.43573074E+14  0.00000000E+00 -0.15384451E-30
  0.43620903E+14  0.00000000E+00 -0.15304074E-30
  0.43668733E+14  0.00000000E+00 -0.15224243E-30
  0.43716563E+14  0.00000000E+00 -0.15144954E-30
  0.43764393E+14  0.00000000E+00 -0.15066202E-30
  0.43812223E+14  0.00000000E+00 -0.14987982E-30
  0.43860053E+14  0.00000000E+00 -0.14910289E-30
  0.43907883E+14  0.00000000E+00 -0.14833121E-30
  0.43955713E+14  0.00000000E+00 -0.14756471E-30
  0.44003543E+14  0.00000000E+00 -0.14680336E-30
  0.44051373E+14  0.00000000E+00 -0.14604711E-30
  0.44099203E+14  0.00000000E+00 -0.14529592E-30
  0.44147033E+14  0.00000000E+00 -0.14454975E-30
  0.44194863E+14  0.00000000E+00 -0.14380855E-30
  0.44242693E+14  0.00000000E+00 -0.14307230E-30
  0.44290523E+14  0.00000000E+00 -0.14234093E-30
  0.44338353E+14  0.00000000E+00 -0.14161442E-30
  0.44386182E+14  0.00000000E+00 -0.14089272E-30
  0.44434012E+14  0.00000000E+00 -0.14017580E-30
  0.44481842E+14  0.00000000E+00 -0.13946361E-30
  0.44529672E+14  0.00000000E+00 -0.13875611E-30
  0.44577502E+14  0.00000000E+00 -0.13805328E-30
  0.44625332E+14  0.00000000E+00 -0.13735506E-30
  0.44673162E+14  0.00000000E+00 -0.13666142E-30
  0.44720992E+14  0.00000000E+00 -0.13597232E-30
  0.44768822E+14  0.00000000E+00 -0.13528773E-30
  0.44816652E+14  0.00000000E+00 -0.13460761E-30
  0.44864482E+14  0.00000000E+00 -0.13393193E-30
  0.44912312E+14  0.00000000E+00 -0.13326064E-30
  0.44960142E+14  0.00000000E+00 -0.13259371E-30
  0.45007972E+14  0.00000000E+00 -0.13193110E-30
  0.45055802E+14  0.00000000E+00 -0.13127279E-30
  0.45103632E+14  0.00000000E+00 -0.13061874E-30
  0.45151461E+14  0.00000000E+00 -0.12996891E-30
  0.45199291E+14  0.00000000E+00 -0.12932326E-30
  0.45247121E+14  0.00000000E+00 -0.12868178E-30
  0.45294951E+14  0.00000000E+00 -0.12804441E-30
  0.45342781E+14  0.00000000E+00 -0.12741113E-30
  0.45390611E+14  0.00000000E+00 -0.12678191E-30
  0.45438441E+14  0.00000000E+00 -0.12615671E-30
  0.45486271E+14  0.00000000E+00 -0.12553550E-30
  0.45534101E+14  0.00000000E+00 -0.12491826E-30
  0.45581931E+14  0.00000000E+00 -0.12430494E-30
  0.45629761E+14  0.00000000E+00 -0.12369552E-30
  0.45677591E+14  0.00000000E+00 -0.12308996E-30
  0.45725421E+14  0.00000000E+00 -0.12248825E-30
  0.45773251E+14  0.00000000E+00 -0.12189033E-30
  0.45821081E+14  0.00000000E+00 -0.12129620E-30
  0.45868911E+14  0.00000000E+00 -0.12070581E-30
  0.45916740E+14  0.00000000E+00 -0.12011914E-30
  0.45964570E+14  0.00000000E+00 -0.11953615E-30
  0.46012400E+14  0.00000000E+00 -0.11895683E-30
  0.46060230E+14  0.00000000E+00 -0.11838114E-30
  0.46108060E+14  0.00000000E+00 -0.11780905E-30
  0.46155890E+14  0.00000000E+00 -0.11724053E-30
  0.46203720E+14  0.00000000E+00 -0.11667556E-30
  0.46251550E+14  0.00000000E+00 -0.11611411E-30
  0.46299380E+14  0.00000000E+00 -0.11555615E-30
  0.46347210E+14  0.00000000E+00 -0.11500166E-30
  0.46395040E+14  0.00000000E+00 -0.11445060E-30
  0.46442870E+14  0.00000000E+00 -0.11390296E-30
  0.46490700E+14  0.00000000E+00 -0.11335870E-30
  0.46538530E+14  0.00000000E+00 -0.11281780E-30
  0.46586360E+14  0.00000000E+00 -0.11228024E-30
  0.46634190E+14  0.00000000E+00 -0.11174599E-30
  0.46682019E+14  0.00000000E+00 -0.11121501E-30
  0.46729849E+14  0.00000000E+00 -0.11068730E-30
  0.46777679E+14  0.00000000E+00 -0.11016282E-30
  0.46825509E+14  0.00000000E+00 -0.10964155E-30
  0.46873339E+14  0.00000000E+00 -0.10912346E-30
  0.46921169E+14  0.00000000E+00 -0.10860854E-30
  0.46968999E+14  0.00000000E+00 -0.10809675E-30
  0.47016829E+14  0.00000000E+00 -0.10758807E-30
  0.47064659E+14  0.00000000E+00 -0.10708248E-30
  0.47112489E+14  0.00000000E+00 -0.10657996E-30
  0.47160319E+14  0.00000000E+00 -0.10608048E-30
  0.47208149E+14  0.00000000E+00 -0.10558402E-30
  0.47255979E+14  0.00000000E+00 -0.10509056E-30
  0.47303809E+14  0.00000000E+00 -0.10460008E-30
  0.47351639E+14  0.00000000E+00 -0.10411254E-30
  0.47399469E+14  0.00000000E+00 -0.10362794E-30
  0.47447298E+14  0.00000000E+00 -0.10314625E-30
  0.47495128E+14  0.00000000E+00 -0.10266744E-30
  0.47542958E+14  0.00000000E+00 -0.10219150E-30
  0.47590788E+14  0.00000000E+00 -0.10171841E-30
  0.47638618E+14  0.00000000E+00 -0.10124814E-30
  0.47686448E+14  0.00000000E+00 -0.10078067E-30
  0.47734278E+14  0.00000000E+00 -0.10031599E-30
  0.47782108E+14  0.00000000E+00 -0.99854061E-31
  0.47829938E+14  0.00000000E+00 -0.99394878E-31
  0.47877768E+14  0.00000000E+00 -0.98938417E-31
  0.47925598E+14  0.00000000E+00 -0.98484656E-31
  0.47973428E+14  0.00000000E+00 -0.98033578E-31
  0.48021258E+14  0.00000000E+00 -0.97585161E-31
  0.48069088E+14  0.00000000E+00 -0.97139386E-31
  0.48116918E+14  0.00000000E+00 -0.96696235E-31
  0.48164748E+14  0.00000000E+00 -0.96255687E-31
  0.48212578E+14  0.00000000E+00 -0.95817725E-31
  0.48260407E+14  0.00000000E+00 -0.95382329E-31
  0.48308237E+14  0.00000000E+00 -0.94949481E-31
  0.48356067E+14  0.00000000E+00 -0.94519162E-31
  0.48403897E+14  0.00000000E+00 -0.94091355E-31
  0.48451727E+14  0.00000000E+00 -0.93666040E-31
  0.48499557E+14  0.00000000E+00 -0.93243200E-31
  0.48547387E+14  0.00000000E+00 -0.92822818E-31
  0.48595217E+14  0.00000000E+00 -0.92404875E-31
  0.48643047E+14  0.00000000E+00 -0.91989354E-31
  0.48690877E+14  0.00000000E+00 -0.91576238E-31
  0.48738707E+14  0.00000000E+00 -0.91165509E-31
  0.48786537E+14  0.00000000E+00 -0.90757150E-31
  0.48834367E+14  0.00000000E+00 -0.90351145E-31
  0.48882197E+14  0.00000000E+00 -0.89947477E-31
  0.48930027E+14  0.00000000E+00 -0.89546129E-31
  0.48977857E+14  0.00000000E+00 -0.89147085E-31
  0.49025686E+14  0.00000000E+00 -0.88750328E-31
  0.49073516E+14  0.00000000E+00 -0.88355842E-31
  0.49121346E+14  0.00000000E+00 -0.87963612E-31
  0.49169176E+14  0.00000000E+00 -0.87573620E-31
  0.49217006E+14  0.00000000E+00 -0.87185852E-31
  0.49264836E+14  0.00000000E+00 -0.86800292E-31
  0.49312666E+14  0.00000000E+00 -0.86416923E-31
  0.49360496E+14  0.00000000E+00 -0.86035732E-31
  0.49408326E+14  0.00000000E+00 -0.85656702E-31
  0.49456156E+14  0.00000000E+00 -0.85279819E-31
  0.49503986E+14  0.00000000E+00 -0.84905067E-31
  0.49551816E+14  0.00000000E+00 -0.84532431E-31
  0.49599646E+14  0.00000000E+00 -0.84161898E-31
  0.49647476E+14  0.00000000E+00 -0.83793451E-31
  0.49695306E+14  0.00000000E+00 -0.83427077E-31
  0.49743136E+14  0.00000000E+00 -0.83062762E-31
  0.49790965E+14  0.00000000E+00 -0.82700490E-31
  0.49838795E+14  0.00000000E+00 -0.82340249E-31
  0.49886625E+14  0.00000000E+00 -0.81982023E-31
  0.49934455E+14  0.00000000E+00 -0.81625799E-31
  0.49982285E+14  0.00000000E+00 -0.81271563E-31
  0.50030115E+14  0.00000000E+00 -0.80919301E-31
  0.50077945E+14  0.00000000E+00 -0.80569001E-31
  0.50125775E+14  0.00000000E+00 -0.80220648E-31
  0.50173605E+14  0.00000000E+00 -0.79874228E-31
  0.50221435E+14  0.00000000E+00 -0.79529730E-31
  0.50269265E+14  0.00000000E+00 -0.79187139E-31
  0.50317095E+14  0.00000000E+00 -0.78846443E-31
  0.50364925E+14  0.00000000E+00 -0.78507629E-31
  0.50412755E+14  0.00000000E+00 -0.78170683E-31
  0.50460585E+14  0.00000000E+00 -0.77835594E-31
  0.50508415E+14  0.00000000E+00 -0.77502349E-31
  0.50556244E+14  0.00000000E+00 -0.77170934E-31
  0.50604074E+14  0.00000000E+00 -0.76841338E-31
  0.50651904E+14  0.00000000E+00 -0.76513549E-31
  0.50699734E+14  0.00000000E+00 -0.76187554E-31
  0.50747564E+14  0.00000000E+00 -0.75863341E-31
  0.50795394E+14  0.00000000E+00 -0.75540898E-31
  0.50843224E+14  0.00000000E+00 -0.75220213E-31
  0.50891054E+14  0.00000000E+00 -0.74901274E-31
  0.50938884E+14  0.00000000E+00 -0.74584071E-31
  0.50986714E+14  0.00000000E+00 -0.74268590E-31
  0.51034544E+14  0.00000000E+00 -0.73954821E-31
  0.51082374E+14  0.00000000E+00 -0.73642752E-31
  0.51130204E+14  0.00000000E+00 -0.73332371E-31
  0.51178034E+14  0.00000000E+00 -0.73023668E-31
  0.51225864E+14  0.00000000E+00 -0.72716632E-31
  0.51273694E+14  0.00000000E+00 -0.72411251E-31
  0.51321523E+14  0.00000000E+00 -0.72107514E-31
  0.51369353E+14  0.00000000E+00 -0.71805410E-31
  0.51417183E+14  0.00000000E+00 -0.71504929E-31
  0.51465013E+14  0.00000000E+00 -0.71206059E-31
  0.51512843E+14  0.00000000E+00 -0.70908791E-31
  0.51560673E+14  0.00000000E+00 -0.70613114E-31
  0.51608503E+14  0.00000000E+00 -0.70319017E-31
  0.51656333E+14  0.00000000E+00 -0.70026489E-31
  0.51704163E+14  0.00000000E+00 -0.69735521E-31
  0.51751993E+14  0.00000000E+00 -0.69446102E-31
  0.51799823E+14  0.00000000E+00 -0.69158222E-31
  0.51847653E+14  0.00000000E+00 -0.68871871E-31
  0.51895483E+14  0.00000000E+00 -0.68587040E-31
  0.51943313E+14  0.00000000E+00 -0.68303717E-31
  0.51991143E+14  0.00000000E+00 -0.68021893E-31
  0.52038973E+14  0.00000000E+00 -0.67741559E-31
  0.52086802E+14  0.00000000E+00 -0.67462705E-31
  0.52134632E+14  0.00000000E+00 -0.67185321E-31
  0.52182462E+14  0.00000000E+00 -0.66909398E-31
  0.52230292E+14  0.00000000E+00 -0.66634926E-31
  0.52278122E+14  0.00000000E+00 -0.66361896E-31
  0.52325952E+14  0.00000000E+00 -0.66090298E-31
  0.52373782E+14  0.00000000E+00 -0.65820124E-31
  0.52421612E+14  0.00000000E+00 -0.65551363E-31
  0.52469442E+14  0.00000000E+00 -0.65284008E-31
  0.52517272E+14  0.00000000E+00 -0.65018049E-31
  0.52565102E+14  0.00000000E+00 -0.64753476E-31
  0.52612932E+14  0.00000000E+00 -0.64490282E-31
  0.52660762E+14  0.00000000E+00 -0.64228457E-31
  0.52708592E+14  0.00000000E+00 -0.63967993E-31
  0.52756422E+14  0.00000000E+00 -0.63708881E-31
  0.52804252E+14  0.00000000E+00 -0.63451111E-31
  0.52852081E+14  0.00000000E+00 -0.63194677E-31
  0.52899911E+14  0.00000000E+00 -0.62939569E-31
  0.52947741E+14  0.00000000E+00 -0.62685778E-31
  0.52995571E+14  0.00000000E+00 -0.62433297E-31
  0.53043401E+14  0.00000000E+00 -0.62182117E-31
  0.53091231E+14  0.00000000E+00 -0.61932230E-31
  0.53139061E+14  0.00000000E+00 -0.61683627E-31
  0.53186891E+14  0.00000000E+00 -0.61436301E-31
  0.53234721E+14  0.00000000E+00 -0.61190244E-31
  0.53282551E+14  0.00000000E+00 -0.60945447E-31
  0.53330381E+14  0.00000000E+00 -0.60701903E-31
  0.53378211E+14  0.00000000E+00 -0.60459603E-31
  0.53426041E+14  0.00000000E+00 -0.60218540E-31
  0.53473871E+14  0.00000000E+00 -0.59978707E-31
  0.53521701E+14  0.00000000E+00 -0.59740095E-31
  0.53569531E+14  0.00000000E+00 -0.59502697E-31
  0.53617360E+14  0.00000000E+00 -0.59266505E-31
  0.53665190E+14  0.00000000E+00 -0.59031511E-31
  0.53713020E+14  0.00000000E+00 -0.58797710E-31
  0.53760850E+14  0.00000000E+00 -0.58565091E-31
  0.53808680E+14  0.00000000E+00 -0.58333650E-31
  0.53856510E+14  0.00000000E+00 -0.58103377E-31
  0.53904340E+14  0.00000000E+00 -0.57874267E-31
  0.53952170E+14  0.00000000E+00 -0.57646311E-31
  0.54000000E+14  0.00000000E+00 -0.57419503E-31
