  0.47829938E+11 -0.42911042E-29  0.10726742E-28
  0.95659876E+11 -0.42953457E-29  0.76661323E-29
  0.14348981E+12 -0.42844096E-29  0.62023257E-29
  0.19131975E+12 -0.42006986E-29  0.51926762E-29
  0.23914969E+12 -0.40413769E-29  0.45245766E-29
  0.28697963E+12 -0.40679439E-29  0.40358217E-29
  0.33480957E+12 -0.40878213E-29  0.34575866E-29
  0.38263950E+12 -0.39845361E-29  0.27845537E-29
  0.43046944E+12 -0.31497933E-29  0.25932523E-29
  0.47829938E+12 -0.38004194E-29  0.29248199E-29
  0.52612932E+12 -0.36771502E-29  0.22959508E-29
  0.57395926E+12 -0.34549464E-29  0.20545900E-29
  0.62178919E+12 -0.35456427E-29  0.21180859E-29
  0.66961913E+12 -0.38087536E-29  0.18175581E-29
  0.71744907E+12 -0.37476270E-29  0.13776426E-29
  0.76527901E+12 -0.36838642E-29  0.82606341E-30
  0.81310895E+12 -0.28109241E-29  0.72991144E-30
  0.86093888E+12 -0.29268401E-29  0.12940985E-29
  0.90876882E+12 -0.35289494E-29  0.11711830E-29
  0.95659876E+12 -0.35012572E-29  0.73564464E-30
  0.10044287E+13 -0.35608274E-29  0.53621287E-30
  0.10522586E+13 -0.36494350E-29 -0.19689278E-30
  0.11000886E+13 -0.26704912E-29 -0.48657035E-30
  0.11479185E+13 -0.23000897E-29  0.16606126E-30
  0.11957484E+13 -0.28430988E-29  0.62886657E-30
  0.12435784E+13 -0.32160380E-29  0.17393785E-30
  0.12914083E+13 -0.33852992E-29 -0.18695525E-30
  0.13392383E+13 -0.32111007E-29 -0.91283392E-30
  0.13870682E+13 -0.24551517E-29 -0.11061948E-29
  0.14348981E+13 -0.19749200E-29 -0.64230743E-30
  0.14827281E+13 -0.23734011E-29 -0.45178025E-31
  0.15305580E+13 -0.29277483E-29 -0.35955425E-30
  0.15783880E+13 -0.30791600E-29 -0.97791287E-30
  0.16262179E+13 -0.25673073E-29 -0.14551226E-29
  0.16740478E+13 -0.21446166E-29 -0.15119811E-29
  0.17218778E+13 -0.16006568E-29 -0.12025211E-29
  0.17697077E+13 -0.20503211E-29 -0.48345957E-30
  0.18175376E+13 -0.26762095E-29 -0.84434603E-30
  0.18653676E+13 -0.25745569E-29 -0.16071249E-29
  0.19131975E+13 -0.22288808E-29 -0.19664657E-29
  0.19610275E+13 -0.15692619E-29 -0.20825316E-29
  0.20088574E+13 -0.11027935E-29 -0.14139041E-29
  0.20566873E+13 -0.18661045E-29 -0.96683768E-30
  0.21045173E+13 -0.22721356E-29 -0.15900947E-29
  0.21523472E+13 -0.19923570E-29 -0.20078335E-29
  0.22001771E+13 -0.15883528E-29 -0.22691435E-29
  0.22480071E+13 -0.11403155E-29 -0.22611575E-29
  0.22958370E+13 -0.72305777E-30 -0.16550547E-29
  0.23436670E+13 -0.15576940E-29 -0.15783421E-29
  0.23914969E+13 -0.15120784E-29 -0.20406487E-29
  0.24393268E+13 -0.15102926E-29 -0.23907543E-29
  0.24871568E+13 -0.95096149E-30 -0.26973290E-29
  0.25349867E+13 -0.39486982E-30 -0.24316530E-29
  0.25828167E+13 -0.67506379E-30 -0.16575446E-29
  0.26306466E+13 -0.11035662E-29 -0.21650291E-29
  0.26784765E+13 -0.91986552E-30 -0.23861697E-29
  0.27263065E+13 -0.83952998E-30 -0.26245649E-29
  0.27741364E+13 -0.47261335E-30 -0.28239016E-29
  0.28219663E+13  0.64171766E-31 -0.25777816E-29
  0.28697963E+13 -0.31516066E-30 -0.21776266E-29
  0.29176262E+13 -0.38895086E-30 -0.24481377E-29
  0.29654562E+13 -0.32400176E-30 -0.26459007E-29
  0.30132861E+13 -0.14853513E-30 -0.29171857E-29
  0.30611160E+13  0.35689609E-30 -0.29330728E-29
  0.31089460E+13  0.65772820E-30 -0.24370238E-29
  0.31567759E+13  0.21734017E-30 -0.24646692E-29
  0.32046058E+13  0.25551784E-30 -0.25875937E-29
  0.32524358E+13  0.33584240E-30 -0.28127549E-29
  0.33002657E+13  0.59959579E-30 -0.29835064E-29
  0.33480957E+13  0.97425526E-30 -0.28615725E-29
  0.33959256E+13  0.91639769E-30 -0.25255755E-29
  0.34437555E+13  0.90692395E-30 -0.27099957E-29
  0.34915855E+13  0.92042318E-30 -0.27305231E-29
  0.35394154E+13  0.11488214E-29 -0.29116414E-29
  0.35872453E+13  0.14774303E-29 -0.29252150E-29
  0.36350753E+13  0.16909059E-29 -0.26831638E-29
  0.36829052E+13  0.14842351E-29 -0.25615284E-29
  0.37307352E+13  0.16767238E-29 -0.26884253E-29
  0.37785651E+13  0.17375966E-29 -0.26397131E-29
  0.38263950E+13  0.18617782E-29 -0.27976891E-29
  0.38742250E+13  0.21946658E-29 -0.26940035E-29
  0.39220549E+13  0.22307606E-29 -0.25132526E-29
  0.39698849E+13  0.22226039E-29 -0.25387881E-29
  0.40177148E+13  0.23537060E-29 -0.26703481E-29
  0.40655447E+13  0.26520306E-29 -0.27321071E-29
  0.41133747E+13  0.29925474E-29 -0.25700614E-29
  0.41612046E+13  0.32565685E-29 -0.21643817E-29
  0.42090345E+13  0.27945083E-29 -0.19140745E-29
  0.42568645E+13  0.27824490E-29 -0.22754566E-29
  0.43046944E+13  0.31369823E-29 -0.23111576E-29
  0.43525244E+13  0.33980079E-29 -0.23116453E-29
  0.44003543E+13  0.37900227E-29 -0.21602683E-29
  0.44481842E+13  0.40439471E-29 -0.16406269E-29
  0.44960142E+13  0.35989308E-29 -0.14668752E-29
  0.45438441E+13  0.37037847E-29 -0.16552219E-29
  0.45916740E+13  0.38726244E-29 -0.17195497E-29
  0.46395040E+13  0.42301665E-29 -0.17930716E-29
  0.46873339E+13  0.46985958E-29 -0.13753390E-29
  0.47351639E+13  0.46188977E-29 -0.91016253E-30
  0.47829938E+13  0.44450242E-29 -0.71170066E-30
  0.48308237E+13  0.43850654E-29 -0.80578897E-30
  0.48786537E+13  0.46432579E-29 -0.83487563E-30
  0.49264836E+13  0.49976682E-29 -0.59397090E-30
  0.49743136E+13  0.51601899E-29 -0.31229455E-30
  0.50221435E+13  0.51450150E-29  0.91723198E-31
  0.50699734E+13  0.50919287E-29  0.35172650E-30
  0.51178034E+13  0.50168320E-29  0.39868547E-30
  0.51656333E+13  0.51513671E-29  0.59738851E-30
  0.52134632E+13  0.53639088E-29  0.92063068E-30
  0.52612932E+13  0.52708265E-29  0.13745251E-29
  0.53091231E+13  0.50677750E-29  0.16102542E-29
  0.53569531E+13  0.50453116E-29  0.18347187E-29
  0.54047830E+13  0.49448360E-29  0.22895772E-29
  0.54526129E+13  0.48548010E-29  0.26153622E-29
  0.55004429E+13  0.43813123E-29  0.30504049E-29
  0.55482728E+13  0.32254496E-29  0.33228566E-29
  0.55961027E+13  0.32742543E-29  0.22391993E-29
  0.56439327E+13  0.32819360E-29  0.23114828E-29
  0.56917626E+13  0.31639762E-29  0.22390909E-29
  0.57395926E+13  0.32337432E-29  0.20807544E-29
  0.57874225E+13  0.34495974E-29  0.21023798E-29
  0.58352524E+13  0.33959171E-29  0.21548207E-29
  0.58830824E+13  0.32424716E-29  0.20977875E-29
  0.59309123E+13  0.33596155E-29  0.22657470E-29
  0.59787422E+13  0.33651894E-29  0.21076280E-29
  0.60265722E+13  0.33302190E-29  0.22368111E-29
  0.60744021E+13  0.35554802E-29  0.22890884E-29
  0.61222321E+13  0.31547900E-29  0.23585661E-29
  0.61700620E+13  0.33630934E-29  0.23862346E-29
  0.62178919E+13  0.33978250E-29  0.23634963E-29
  0.62657219E+13  0.34158237E-29  0.24898092E-29
  0.63135518E+13  0.33655919E-29  0.25602992E-29
  0.63613818E+13  0.31696068E-29  0.26311733E-29
  0.64092117E+13  0.32961097E-29  0.24276373E-29
  0.64570416E+13  0.34722209E-29  0.26350605E-29
  0.65048716E+13  0.34936885E-29  0.26582886E-29
  0.65527015E+13  0.35307583E-29  0.29851553E-29
  0.66005314E+13  0.33878095E-29  0.30390438E-29
  0.66483614E+13  0.31697706E-29  0.30672319E-29
  0.66961913E+13  0.31554469E-29  0.30474540E-29
  0.67440213E+13  0.32901632E-29  0.29298502E-29
  0.67918512E+13  0.35445271E-29  0.32119773E-29
  0.68396811E+13  0.33203137E-29  0.33340866E-29
  0.68875111E+13  0.31977330E-29  0.34356360E-29
  0.69353410E+13  0.31822643E-29  0.32444648E-29
  0.69831709E+13  0.33500057E-29  0.34153386E-29
  0.70310009E+13  0.34242948E-29  0.36481015E-29
  0.70788308E+13  0.30615946E-29  0.37512506E-29
  0.71266608E+13  0.31449373E-29  0.35542448E-29
  0.71744907E+13  0.33139530E-29  0.37527273E-29
  0.72223206E+13  0.31871574E-29  0.38541064E-29
  0.72701506E+13  0.32843462E-29  0.39449844E-29
  0.73179805E+13  0.31028173E-29  0.41501990E-29
  0.73658105E+13  0.30334554E-29  0.39720990E-29
  0.74136404E+13  0.31795873E-29  0.40884800E-29
  0.74614703E+13  0.32053215E-29  0.43237135E-29
  0.75093003E+13  0.30619719E-29  0.44426624E-29
  0.75571302E+13  0.30081763E-29  0.44128147E-29
  0.76049601E+13  0.30884773E-29  0.45092675E-29
  0.76527901E+13  0.31328912E-29  0.46091735E-29
  0.77006200E+13  0.30071407E-29  0.47971796E-29
  0.77484500E+13  0.29728835E-29  0.47987690E-29
  0.77962799E+13  0.30704180E-29  0.49370191E-29
  0.78441098E+13  0.29718945E-29  0.50828740E-29
  0.78919398E+13  0.28376258E-29  0.52047813E-29
  0.79397697E+13  0.28487834E-29  0.51634969E-29
  0.79875996E+13  0.29754834E-29  0.52880198E-29
  0.80354296E+13  0.29479459E-29  0.55675546E-29
  0.80832595E+13  0.28692961E-29  0.57047225E-29
  0.81310895E+13  0.27154591E-29  0.58227657E-29
  0.81789194E+13  0.27403312E-29  0.58222547E-29
  0.82267493E+13  0.30090964E-29  0.62089470E-29
  0.82745793E+13  0.24818585E-29  0.66495795E-29
  0.83224092E+13  0.22508606E-29  0.65042844E-29
  0.83702391E+13  0.21799308E-29  0.64227310E-29
  0.84180691E+13  0.22814055E-29  0.65675368E-29
  0.84658990E+13  0.22708986E-29  0.68836997E-29
  0.85137290E+13  0.19122612E-29  0.70634628E-29
  0.85615589E+13  0.16511508E-29  0.70600570E-29
  0.86093888E+13  0.16247375E-29  0.71259295E-29
  0.86572188E+13  0.15755813E-29  0.71257135E-29
  0.87050487E+13  0.14744081E-29  0.74883323E-29
  0.87528787E+13  0.11448175E-29  0.74997433E-29
  0.88007086E+13  0.98761642E-30  0.74382819E-29
  0.88485385E+13  0.74029779E-30  0.75806193E-29
  0.88963685E+13  0.60756302E-30  0.73600526E-29
  0.89441984E+13  0.46449642E-30  0.75129644E-29
  0.89920283E+13  0.48744449E-30  0.72693304E-29
  0.90398583E+13  0.48410958E-30  0.73064056E-29
  0.90876882E+13  0.59511201E-30  0.73153483E-29
  0.91355182E+13  0.40881129E-30  0.74206785E-29
  0.91833481E+13  0.24034092E-30  0.72268047E-29
  0.92311780E+13  0.70431667E-30  0.69033875E-29
  0.92790080E+13  0.85883254E-30  0.68734154E-29
  0.93268379E+13  0.24089963E-29  0.68632659E-29
  0.93746678E+13  0.28125661E-29  0.99184640E-29
  0.94224978E+13  0.84813270E-30  0.10143195E-28
  0.94703277E+13  0.26688469E-30  0.10219856E-28
  0.95181577E+13 -0.41307427E-30  0.10011257E-28
  0.95659876E+13 -0.48696080E-30  0.10075789E-28
  0.96138175E+13 -0.93806684E-30  0.10325309E-28
  0.96616475E+13 -0.13649629E-29  0.99752995E-29
  0.97094774E+13 -0.13552133E-29  0.97155995E-29
  0.97573074E+13 -0.12766810E-29  0.10088542E-28
  0.98051373E+13 -0.20262353E-29  0.10305494E-28
  0.98529672E+13 -0.21323925E-29  0.98356843E-29
  0.99007972E+13 -0.21756854E-29  0.98543540E-29
  0.99486271E+13 -0.18718204E-29  0.10244269E-28
  0.99964570E+13 -0.23141148E-29  0.10425832E-28
  0.10044287E+14 -0.23272897E-29  0.10512227E-28
  0.10092117E+14 -0.24736653E-29  0.10551778E-28
  0.10139947E+14 -0.21934417E-29  0.11198285E-28
  0.10187777E+14 -0.26553130E-29  0.11912316E-28
  0.10235607E+14 -0.33117278E-29  0.12113759E-28
  0.10283437E+14 -0.27655707E-29  0.13027059E-28
  0.10331267E+14 -0.36995745E-29  0.14324676E-28
  0.10379097E+14 -0.58406930E-29  0.15776084E-28
  0.10426926E+14 -0.12964502E-28  0.15767490E-28
  0.10474756E+14 -0.11487029E-28  0.99238095E-29
  0.10522586E+14 -0.77100604E-29  0.88321164E-29
  0.10570416E+14 -0.83430708E-29  0.99644522E-29
  0.10618246E+14 -0.82058516E-29  0.98727394E-29
  0.10666076E+14 -0.83262407E-29  0.99571225E-29
  0.10713906E+14 -0.87525589E-29  0.99561327E-29
  0.10761736E+14 -0.89518429E-29  0.98411479E-29
  0.10809566E+14 -0.91072798E-29  0.97069316E-29
  0.10857396E+14 -0.93161263E-29  0.98026113E-29
  0.10905226E+14 -0.96644112E-29  0.96021600E-29
  0.10953056E+14 -0.97589210E-29  0.96371316E-29
  0.11000886E+14 -0.10104232E-28  0.97124666E-29
  0.11048716E+14 -0.10681512E-28  0.94563607E-29
  0.11096546E+14 -0.10330264E-28  0.94011325E-29
  0.11144376E+14 -0.10888215E-28  0.97318558E-29
  0.11192205E+14 -0.11302686E-28  0.94568460E-29
  0.11240035E+14 -0.11643869E-28  0.94271984E-29
  0.11287865E+14 -0.12046743E-28  0.99957463E-29
  0.11335695E+14 -0.13119022E-28  0.93610065E-29
  0.11383525E+14 -0.12761875E-28  0.93131292E-29
  0.11431355E+14 -0.13796229E-28  0.96620186E-29
  0.11479185E+14 -0.14250354E-28  0.92959784E-29
  0.11527015E+14 -0.14821788E-28  0.98465776E-29
  0.11574845E+14 -0.15798399E-28  0.95066885E-29
  0.11622675E+14 -0.16332084E-28  0.96069675E-29
  0.11670505E+14 -0.17805742E-28  0.94687942E-29
  0.11718335E+14 -0.18119079E-28  0.93941752E-29
  0.11766165E+14 -0.19739607E-28  0.95399409E-29
  0.11813995E+14 -0.20899951E-28  0.93818639E-29
  0.11861825E+14 -0.22827131E-28  0.93074438E-29
  0.11909655E+14 -0.24262714E-28  0.93750145E-29
  0.11957484E+14 -0.27478417E-28  0.91556383E-29
  0.12005314E+14 -0.30802690E-28  0.93882625E-29
  0.12053144E+14 -0.39640651E-28  0.79780619E-29
  0.12100974E+14 -0.48660626E-28 -0.28690913E-29
  0.12148804E+14 -0.42741530E-28 -0.22920150E-28
  0.12196634E+14 -0.30858533E-28 -0.24786187E-28
  0.12244464E+14 -0.24885284E-28 -0.24612914E-28
  0.12292294E+14 -0.20808671E-28 -0.24276495E-28
  0.12340124E+14 -0.17892536E-28 -0.23794766E-28
  0.12387954E+14 -0.15185109E-28 -0.23486516E-28
  0.12435784E+14 -0.12786866E-28 -0.23225337E-28
  0.12483614E+14 -0.10519005E-28 -0.22939942E-28
  0.12531444E+14 -0.87881842E-29 -0.22540085E-28
  0.12579274E+14 -0.69842932E-29 -0.22243340E-28
  0.12627104E+14 -0.41512692E-29 -0.22917019E-28
  0.12674934E+14 -0.38907521E-30 -0.19510912E-28
  0.12722764E+14  0.30662903E-30 -0.17219404E-28
  0.12770593E+14  0.86620490E-30 -0.15199973E-28
  0.12818423E+14  0.65859567E-30 -0.13605732E-28
  0.12866253E+14  0.56136765E-30 -0.12481753E-28
  0.12914083E+14  0.46556007E-30 -0.11531168E-28
  0.12961913E+14  0.49626887E-30 -0.10851934E-28
  0.13009743E+14  0.38131626E-30 -0.10187053E-28
  0.13057573E+14  0.27193735E-30 -0.95709877E-29
  0.13105403E+14  0.17146040E-30 -0.91296706E-29
  0.13153233E+14  0.13499664E-30 -0.87348173E-29
  0.13201063E+14  0.11527779E-30 -0.83069981E-29
  0.13248893E+14  0.50196824E-31 -0.80339430E-29
  0.13296723E+14  0.00000000E+00 -0.77711940E-29
  0.13344553E+14  0.00000000E+00 -0.75158521E-29
  0.13392383E+14  0.00000000E+00 -0.72714455E-29
  0.13440213E+14  0.00000000E+00 -0.70409365E-29
  0.13488043E+14  0.00000000E+00 -0.68244666E-29
  0.13535872E+14  0.00000000E+00 -0.66213325E-29
  0.13583702E+14  0.00000000E+00 -0.64306092E-29
  0.13631532E+14  0.00000000E+00 -0.62513450E-29
  0.13679362E+14  0.00000000E+00 -0.60826314E-29
  0.13727192E+14  0.00000000E+00 -0.59236266E-29
  0.13775022E+14  0.00000000E+00 -0.57735625E-29
  0.13822852E+14  0.00000000E+00 -0.56317417E-29
  0.13870682E+14  0.00000000E+00 -0.54975339E-29
  0.13918512E+14  0.00000000E+00 -0.53703692E-29
  0.13966342E+14  0.00000000E+00 -0.52497324E-29
  0.14014172E+14  0.00000000E+00 -0.51351571E-29
  0.14062002E+14  0.00000000E+00 -0.50262208E-29
  0.14109832E+14  0.00000000E+00 -0.49225398E-29
  0.14157662E+14  0.00000000E+00 -0.48237651E-29
  0.14205492E+14  0.00000000E+00 -0.47295789E-29
  0.14253322E+14  0.00000000E+00 -0.46396911E-29
  0.14301151E+14  0.00000000E+00 -0.45538365E-29
  0.14348981E+14  0.00000000E+00 -0.44717719E-29
  0.14396811E+14  0.00000000E+00 -0.43932746E-29
  0.14444641E+14  0.00000000E+00 -0.43181397E-29
  0.14492471E+14  0.00000000E+00 -0.42461787E-29
  0.14540301E+14  0.00000000E+00 -0.41772178E-29
  0.14588131E+14  0.00000000E+00 -0.41110965E-29
  0.14635961E+14  0.00000000E+00 -0.40476666E-29
  0.14683791E+14  0.00000000E+00 -0.39867909E-29
  0.14731621E+14  0.00000000E+00 -0.39283423E-29
  0.14779451E+14  0.00000000E+00 -0.38722029E-29
  0.14827281E+14  0.00000000E+00 -0.38182631E-29
  0.14875111E+14  0.00000000E+00 -0.37664213E-29
  0.14922941E+14  0.00000000E+00 -0.37165828E-29
  0.14970771E+14  0.00000000E+00 -0.36686595E-29
  0.15018601E+14  0.00000000E+00 -0.36225694E-29
  0.15066430E+14  0.00000000E+00 -0.35782360E-29
  0.15114260E+14  0.00000000E+00 -0.35355880E-29
  0.15162090E+14  0.00000000E+00 -0.34945590E-29
  0.15209920E+14  0.00000000E+00 -0.34550868E-29
  0.15257750E+14  0.00000000E+00 -0.34171136E-29
  0.15305580E+14  0.00000000E+00 -0.33805855E-29
  0.15353410E+14  0.00000000E+00 -0.33454519E-29
  0.15401240E+14  0.00000000E+00 -0.33116661E-29
  0.15449070E+14  0.00000000E+00 -0.32791842E-29
  0.15496900E+14  0.00000000E+00 -0.32479654E-29
  0.15544730E+14  0.00000000E+00 -0.32179720E-29
  0.15592560E+14  0.00000000E+00 -0.31891686E-29
  0.15640390E+14  0.00000000E+00 -0.31615228E-29
  0.15688220E+14  0.00000000E+00 -0.31350042E-29
  0.15736050E+14  0.00000000E+00 -0.31095851E-29
  0.15783880E+14  0.00000000E+00 -0.30852398E-29
  0.15831709E+14  0.00000000E+00 -0.30619450E-29
  0.15879539E+14  0.00000000E+00 -0.30396792E-29
  0.15927369E+14  0.00000000E+00 -0.30184232E-29
  0.15975199E+14  0.00000000E+00 -0.29981596E-29
  0.16023029E+14  0.00000000E+00 -0.29788731E-29
  0.16070859E+14  0.00000000E+00 -0.29605500E-29
  0.16118689E+14  0.00000000E+00 -0.29431788E-29
  0.16166519E+14  0.00000000E+00 -0.29267498E-29
  0.16214349E+14  0.00000000E+00 -0.29112549E-29
  0.16262179E+14  0.00000000E+00 -0.28966883E-29
  0.16310009E+14  0.00000000E+00 -0.28830459E-29
  0.16357839E+14  0.00000000E+00 -0.28703254E-29
  0.16405669E+14  0.00000000E+00 -0.28585266E-29
  0.16453499E+14  0.00000000E+00 -0.28476514E-29
  0.16501329E+14  0.00000000E+00 -0.28377036E-29
  0.16549159E+14  0.00000000E+00 -0.28286895E-29
  0.16596988E+14  0.00000000E+00 -0.28206174E-29
  0.16644818E+14  0.00000000E+00 -0.28134981E-29
  0.16692648E+14  0.00000000E+00 -0.28073449E-29
  0.16740478E+14  0.00000000E+00 -0.28021741E-29
  0.16788308E+14  0.00000000E+00 -0.27980046E-29
  0.16836138E+14  0.00000000E+00 -0.27948588E-29
  0.16883968E+14  0.00000000E+00 -0.27927622E-29
  0.16931798E+14  0.00000000E+00 -0.27917445E-29
  0.16979628E+14  0.00000000E+00 -0.27918394E-29
  0.17027458E+14  0.00000000E+00 -0.27930854E-29
  0.17075288E+14  0.00000000E+00 -0.27955261E-29
  0.17123118E+14  0.00000000E+00 -0.27992114E-29
  0.17170948E+14  0.00000000E+00 -0.28041981E-29
  0.17218778E+14  0.00000000E+00 -0.28105512E-29
  0.17266608E+14  0.00000000E+00 -0.28183453E-29
  0.17314438E+14  0.00000000E+00 -0.28276670E-29
  0.17362267E+14  0.00000000E+00 -0.28386178E-29
  0.17410097E+14  0.00000000E+00 -0.28513180E-29
  0.17457927E+14  0.00000000E+00 -0.28659140E-29
  0.17505757E+14  0.00000000E+00 -0.28825891E-29
  0.17553587E+14  0.00000000E+00 -0.29015830E-29
  0.17601417E+14  0.00000000E+00 -0.29232333E-29
  0.17649247E+14  0.00000000E+00 -0.29480750E-29
  0.17697077E+14  0.00000000E+00 -0.29771693E-29
  0.17744907E+14  0.00000000E+00 -0.30139662E-29
  0.17792737E+14  0.37663449E-31 -0.30628043E-29
  0.17840567E+14  0.31123620E-31 -0.30251290E-29
  0.17888397E+14  0.14773742E-31 -0.31657338E-29
  0.17936227E+14  0.24052810E-31 -0.32170100E-29
  0.17984057E+14  0.73587991E-31 -0.32102890E-29
  0.18031887E+14  0.34539527E-31 -0.32212917E-29
  0.18079717E+14  0.14312059E-30 -0.32891527E-29
  0.18127547E+14  0.10129985E-30 -0.33125591E-29
  0.18175376E+14  0.91824658E-31 -0.34389614E-29
  0.18223206E+14  0.28666784E-30 -0.34412471E-29
  0.18271036E+14  0.48994243E-30 -0.35232227E-29
  0.18318866E+14  0.52374697E-30 -0.35223794E-29
  0.18366696E+14  0.67084959E-30 -0.31112528E-29
  0.18414526E+14  0.43278897E-30 -0.28721162E-29
  0.18462356E+14  0.18507402E-30 -0.26526077E-29
  0.18510186E+14 -0.20495211E-30 -0.28424594E-29
  0.18558016E+14 -0.72010472E-30 -0.28634535E-29
  0.18605846E+14 -0.13111810E-29 -0.31601791E-29
  0.18653676E+14 -0.18170757E-29 -0.38284317E-29
  0.18701506E+14 -0.21662399E-29 -0.43975017E-29
  0.18749336E+14 -0.24623502E-29 -0.57718720E-29
  0.18797166E+14 -0.26641568E-29 -0.70003473E-29
  0.18844996E+14 -0.15551822E-29 -0.89484077E-29
  0.18892826E+14 -0.45590971E-31 -0.94689724E-29
  0.18940655E+14  0.16055871E-29 -0.97288110E-29
  0.18988485E+14  0.28169669E-29 -0.10082920E-28
  0.19036315E+14  0.35409545E-29 -0.95342036E-29
  0.19084145E+14  0.48335965E-29 -0.96042387E-29
  0.19131975E+14  0.54598710E-29 -0.93866365E-29
  0.19179805E+14  0.67236499E-29 -0.88088681E-29
  0.19227635E+14  0.75608402E-29 -0.86003902E-29
  0.19275465E+14  0.87297617E-29 -0.79415191E-29
  0.19323295E+14  0.93896361E-29 -0.75177966E-29
  0.19371125E+14  0.10129143E-28 -0.65405184E-29
  0.19418955E+14  0.10748125E-28 -0.59860178E-29
  0.19466785E+14  0.11499861E-28 -0.50517165E-29
  0.19514615E+14  0.12361274E-28 -0.43041724E-29
  0.19562445E+14  0.12727927E-28 -0.29651030E-29
  0.19610275E+14  0.13452201E-28 -0.19680520E-29
  0.19658105E+14  0.14063624E-28 -0.64236682E-30
  0.19705934E+14  0.14193115E-28  0.53874121E-30
  0.19753764E+14  0.14218968E-28  0.18662266E-29
  0.19801594E+14  0.14348074E-28  0.36021160E-29
  0.19849424E+14  0.14341491E-28  0.50047589E-29
  0.19897254E+14  0.14040837E-28  0.67235980E-29
  0.19945084E+14  0.13282329E-28  0.84946693E-29
  0.19992914E+14  0.12795147E-28  0.10325584E-28
  0.20040744E+14  0.11612117E-28  0.12120475E-28
  0.20088574E+14  0.95195521E-29  0.14229290E-28
  0.20136404E+14  0.63718173E-29  0.14662096E-28
  0.20184234E+14  0.48867883E-29  0.14233982E-28
  0.20232064E+14  0.34811704E-29  0.14327780E-28
  0.20279894E+14  0.24746892E-29  0.13855943E-28
  0.20327724E+14  0.54822975E-30  0.14013986E-28
  0.20375554E+14  0.97122843E-32  0.13846339E-28
  0.20423384E+14 -0.18890556E-29  0.13307457E-28
  0.20471213E+14 -0.29349522E-29  0.13825700E-28
  0.20519043E+14 -0.30009102E-29  0.13086777E-28
  0.20566873E+14 -0.58214691E-29  0.12768244E-28
  0.20614703E+14 -0.64247237E-29  0.12833239E-28
  0.20662533E+14 -0.77771198E-29  0.11864896E-28
  0.20710363E+14 -0.93213621E-29  0.12090144E-28
  0.20758193E+14 -0.13129371E-28  0.10789067E-28
  0.20806023E+14 -0.15693014E-28  0.78509419E-29
  0.20853853E+14 -0.13665571E-28 -0.51613380E-30
  0.20901683E+14 -0.10214248E-28 -0.84344374E-30
  0.20949513E+14 -0.43257142E-29 -0.10711026E-29
  0.20997343E+14 -0.99417791E-29  0.47726360E-29
  0.21045173E+14 -0.92746844E-29  0.15353860E-29
  0.21093003E+14 -0.81940036E-29 -0.57661190E-30
  0.21140833E+14 -0.69494151E-29 -0.12349770E-29
  0.21188663E+14 -0.50741674E-29 -0.12716796E-29
  0.21236492E+14 -0.32323458E-29 -0.27157619E-30
  0.21284322E+14 -0.15987553E-29  0.14632929E-29
  0.21332152E+14 -0.52836210E-31  0.43057586E-29
  0.21379982E+14 -0.32555775E-30  0.10737447E-28
  0.21427812E+14 -0.65366520E-29  0.16197082E-28
  0.21475642E+14 -0.20797183E-28  0.17671876E-28
  0.21523472E+14 -0.26343231E-28  0.23972303E-29
  0.21571302E+14 -0.19703069E-28 -0.44727902E-29
  0.21619132E+14 -0.15217179E-28 -0.47781667E-29
  0.21666962E+14 -0.16807315E-28 -0.52504361E-29
  0.21714792E+14 -0.15589568E-28 -0.74472985E-29
  0.21762622E+14 -0.14335289E-28 -0.91185102E-29
  0.21810452E+14 -0.13102208E-28 -0.10293328E-28
  0.21858282E+14 -0.11436606E-28 -0.11116234E-28
  0.21906112E+14 -0.10085962E-28 -0.11846237E-28
  0.21953942E+14 -0.87455936E-29 -0.12277227E-28
  0.22001771E+14 -0.75518874E-29 -0.12539328E-28
  0.22049601E+14 -0.63991571E-29 -0.12663619E-28
  0.22097431E+14 -0.52693556E-29 -0.12722068E-28
  0.22145261E+14 -0.43640549E-29 -0.12790746E-28
  0.22193091E+14 -0.33809792E-29 -0.12567245E-28
  0.22240921E+14 -0.26576075E-29 -0.12444504E-28
  0.22288751E+14 -0.17479015E-29 -0.12281560E-28
  0.22336581E+14 -0.10947004E-29 -0.12029036E-28
  0.22384411E+14 -0.49873547E-30 -0.11819463E-28
  0.22432241E+14  0.23212878E-30 -0.11617901E-28
  0.22480071E+14  0.81132974E-30 -0.11263213E-28
  0.22527901E+14  0.12901432E-29 -0.10924753E-28
  0.22575731E+14  0.17036652E-29 -0.10677500E-28
  0.22623561E+14  0.22442238E-29 -0.10397977E-28
  0.22671391E+14  0.26843694E-29 -0.10028727E-28
  0.22719221E+14  0.29985790E-29 -0.96568563E-29
  0.22767050E+14  0.33080741E-29 -0.94790349E-29
  0.22814880E+14  0.37320734E-29 -0.91023711E-29
  0.22862710E+14  0.40066088E-29 -0.87239456E-29
  0.22910540E+14  0.42045177E-29 -0.84236127E-29
  0.22958370E+14  0.45185825E-29 -0.81648968E-29
  0.23006200E+14  0.47675863E-29 -0.77936007E-29
  0.23054030E+14  0.49293059E-29 -0.74476799E-29
  0.23101860E+14  0.51233388E-29 -0.72056360E-29
  0.23149690E+14  0.53067496E-29 -0.68430453E-29
  0.23197520E+14  0.54593889E-29 -0.65438203E-29
  0.23245350E+14  0.55857359E-29 -0.62778341E-29
  0.23293180E+14  0.57057448E-29 -0.58979566E-29
  0.23341010E+14  0.57926178E-29 -0.57073150E-29
  0.23388840E+14  0.59227580E-29 -0.53314923E-29
  0.23436670E+14  0.59255626E-29 -0.51345983E-29
  0.23484500E+14  0.61300378E-29 -0.48423281E-29
  0.23532329E+14  0.61161580E-29 -0.45242626E-29
  0.23580159E+14  0.61489800E-29 -0.42768788E-29
  0.23627989E+14  0.62391601E-29 -0.40021371E-29
  0.23675819E+14  0.61963756E-29 -0.37342723E-29
  0.23723649E+14  0.62339630E-29 -0.35416648E-29
  0.23771479E+14  0.62795521E-29 -0.32749829E-29
  0.23819309E+14  0.62905657E-29 -0.30217712E-29
  0.23867139E+14  0.62352751E-29 -0.28052907E-29
  0.23914969E+14  0.62802882E-29 -0.25676925E-29
  0.23962799E+14  0.62451168E-29 -0.23326082E-29
  0.24010629E+14  0.62391710E-29 -0.21121034E-29
  0.24058459E+14  0.61470425E-29 -0.18926374E-29
  0.24106289E+14  0.61412400E-29 -0.16981705E-29
  0.24154119E+14  0.60504220E-29 -0.14862559E-29
  0.24201949E+14  0.59994486E-29 -0.12984840E-29
  0.24249779E+14  0.59357929E-29 -0.10900531E-29
  0.24297609E+14  0.57977087E-29 -0.10029867E-29
  0.24345438E+14  0.57931679E-29 -0.75683805E-30
  0.24393268E+14  0.57464576E-29 -0.65925055E-30
  0.24441098E+14  0.55909623E-29 -0.40159756E-30
  0.24488928E+14  0.54970324E-29 -0.31072124E-30
  0.24536758E+14  0.53281031E-29 -0.19632485E-30
  0.24584588E+14  0.51942216E-29 -0.12026196E-30
  0.24632418E+14  0.51438924E-29 -0.54474911E-31
  0.24680248E+14  0.50591496E-29  0.43219793E-31
  0.24728078E+14  0.48980474E-29 -0.25666161E-31
  0.24775908E+14  0.48555021E-29 -0.12247315E-30
  0.24823738E+14  0.51180408E-29 -0.13376394E-30
  0.24871568E+14  0.52949379E-29  0.10618450E-30
  0.24919398E+14  0.52550451E-29  0.36168234E-30
  0.24967228E+14  0.52629941E-29  0.42921317E-30
  0.25015058E+14  0.51862302E-29  0.67469427E-30
  0.25062888E+14  0.51863566E-29  0.84694175E-30
  0.25110717E+14  0.50461522E-29  0.10493599E-29
  0.25158547E+14  0.50403237E-29  0.11646331E-29
  0.25206377E+14  0.49053713E-29  0.13469493E-29
  0.25254207E+14  0.48798958E-29  0.14817956E-29
  0.25302037E+14  0.46332290E-29  0.16222189E-29
  0.25349867E+14  0.46602826E-29  0.17916588E-29
  0.25397697E+14  0.45010362E-29  0.18421040E-29
  0.25445527E+14  0.44519316E-29  0.20603858E-29
  0.25493357E+14  0.43241572E-29  0.20474823E-29
  0.25541187E+14  0.41561141E-29  0.22812962E-29
  0.25589017E+14  0.41416944E-29  0.23430973E-29
  0.25636847E+14  0.38443742E-29  0.24641074E-29
  0.25684677E+14  0.38025340E-29  0.25735420E-29
  0.25732507E+14  0.37356611E-29  0.25752543E-29
  0.25780337E+14  0.35342263E-29  0.26902721E-29
  0.25828167E+14  0.33464028E-29  0.28171815E-29
  0.25875996E+14  0.33195862E-29  0.28285488E-29
  0.25923826E+14  0.30690843E-29  0.29406399E-29
  0.25971656E+14  0.30796511E-29  0.30136929E-29
  0.26019486E+14  0.28248674E-29  0.29675979E-29
  0.26067316E+14  0.25656992E-29  0.30849965E-29
  0.26115146E+14  0.26563286E-29  0.32166362E-29
  0.26162976E+14  0.25604549E-29  0.31558198E-29
  0.26210806E+14  0.19747287E-29  0.32205188E-29
  0.26258636E+14  0.20126547E-29  0.32659529E-29
  0.26306466E+14  0.19859069E-29  0.32166786E-29
  0.26354296E+14  0.18196929E-29  0.32249004E-29
  0.26402126E+14  0.15912944E-29  0.32586468E-29
  0.26449956E+14  0.13737103E-29  0.32474231E-29
  0.26497786E+14  0.12458424E-29  0.32397084E-29
  0.26545616E+14  0.10601009E-29  0.31982561E-29
  0.26593446E+14  0.91998619E-30  0.31884186E-29
  0.26641275E+14  0.72174637E-30  0.31411491E-29
  0.26689105E+14  0.53562276E-30  0.30662511E-29
  0.26736935E+14  0.39032307E-30  0.30239365E-29
  0.26784765E+14  0.18083307E-30  0.28746927E-29
  0.26832595E+14  0.46258291E-31  0.28021990E-29
  0.26880425E+14 -0.18512160E-30  0.26125520E-29
  0.26928255E+14 -0.40050303E-30  0.23678508E-29
  0.26976085E+14 -0.53746359E-30  0.19346100E-29
  0.27023915E+14  0.00000000E+00  0.17010849E-29
  0.27071745E+14  0.00000000E+00  0.17435829E-29
  0.27119575E+14  0.00000000E+00  0.17081128E-29
  0.27167405E+14  0.00000000E+00  0.16593973E-29
  0.27215235E+14  0.00000000E+00  0.16082463E-29
  0.27263065E+14  0.00000000E+00  0.15578404E-29
  0.27310895E+14  0.00000000E+00  0.15092753E-29
  0.27358725E+14  0.00000000E+00  0.14629128E-29
  0.27406554E+14  0.00000000E+00  0.14188211E-29
  0.27454384E+14  0.00000000E+00  0.13769444E-29
  0.27502214E+14  0.00000000E+00  0.13371755E-29
  0.27550044E+14  0.00000000E+00  0.12993878E-29
  0.27597874E+14  0.00000000E+00  0.12634519E-29
  0.27645704E+14  0.00000000E+00  0.12292420E-29
  0.27693534E+14  0.00000000E+00  0.11966397E-29
  0.27741364E+14  0.00000000E+00  0.11655347E-29
  0.27789194E+14  0.00000000E+00  0.11358256E-29
  0.27837024E+14  0.00000000E+00  0.11074194E-29
  0.27884854E+14  0.00000000E+00  0.10802305E-29
  0.27932684E+14  0.00000000E+00  0.10541808E-29
  0.27980514E+14  0.00000000E+00  0.10291989E-29
  0.28028344E+14  0.00000000E+00  0.10052189E-29
  0.28076174E+14  0.00000000E+00  0.98218063E-30
  0.28124004E+14  0.00000000E+00  0.96002867E-30
  0.28171833E+14  0.00000000E+00  0.93871198E-30
  0.28219663E+14  0.00000000E+00  0.91818350E-30
  0.28267493E+14  0.00000000E+00  0.89839975E-30
  0.28315323E+14  0.00000000E+00  0.87932048E-30
  0.28363153E+14  0.00000000E+00  0.86090842E-30
  0.28410983E+14  0.00000000E+00  0.84312896E-30
  0.28458813E+14  0.00000000E+00  0.82594991E-30
  0.28506643E+14  0.00000000E+00  0.80934132E-30
  0.28554473E+14  0.00000000E+00  0.79327524E-30
  0.28602303E+14  0.00000000E+00  0.77772561E-30
  0.28650133E+14  0.00000000E+00  0.76266803E-30
  0.28697963E+14  0.00000000E+00  0.74807969E-30
  0.28745793E+14  0.00000000E+00  0.73393917E-30
  0.28793623E+14  0.00000000E+00  0.72022642E-30
  0.28841453E+14  0.00000000E+00  0.70692255E-30
  0.28889283E+14  0.00000000E+00  0.69400984E-30
  0.28937112E+14  0.00000000E+00  0.68147157E-30
  0.28984942E+14  0.00000000E+00  0.66929201E-30
  0.29032772E+14  0.00000000E+00  0.65745629E-30
  0.29080602E+14  0.00000000E+00  0.64595039E-30
  0.29128432E+14  0.00000000E+00  0.63476105E-30
  0.29176262E+14  0.00000000E+00  0.62387573E-30
  0.29224092E+14  0.00000000E+00  0.61328253E-30
  0.29271922E+14  0.00000000E+00  0.60297022E-30
  0.29319752E+14  0.00000000E+00  0.59292810E-30
  0.29367582E+14  0.00000000E+00  0.58314604E-30
  0.29415412E+14  0.00000000E+00  0.57361441E-30
  0.29463242E+14  0.00000000E+00  0.56432407E-30
  0.29511072E+14  0.00000000E+00  0.55526630E-30
  0.29558902E+14  0.00000000E+00  0.54643281E-30
  0.29606732E+14  0.00000000E+00  0.53781571E-30
  0.29654562E+14  0.00000000E+00  0.52940746E-30
  0.29702391E+14  0.00000000E+00  0.52120091E-30
  0.29750221E+14  0.00000000E+00  0.51318918E-30
  0.29798051E+14  0.00000000E+00  0.50536573E-30
  0.29845881E+14  0.00000000E+00  0.49772432E-30
  0.29893711E+14  0.00000000E+00  0.49025897E-30
  0.29941541E+14  0.00000000E+00  0.48296396E-30
  0.29989371E+14  0.00000000E+00  0.47583382E-30
  0.30037201E+14  0.00000000E+00  0.46886330E-30
  0.30085031E+14  0.00000000E+00  0.46204739E-30
  0.30132861E+14  0.00000000E+00  0.45538127E-30
  0.30180691E+14  0.00000000E+00  0.44886033E-30
  0.30228521E+14  0.00000000E+00  0.44248015E-30
  0.30276351E+14  0.00000000E+00  0.43623646E-30
  0.30324181E+14  0.00000000E+00  0.43012520E-30
  0.30372011E+14  0.00000000E+00  0.42414244E-30
  0.30419841E+14  0.00000000E+00  0.41828441E-30
  0.30467671E+14  0.00000000E+00  0.41254749E-30
  0.30515500E+14  0.00000000E+00  0.40692819E-30
  0.30563330E+14  0.00000000E+00  0.40142316E-30
  0.30611160E+14  0.00000000E+00  0.39602917E-30
  0.30658990E+14  0.00000000E+00  0.39074311E-30
  0.30706820E+14  0.00000000E+00  0.38556199E-30
  0.30754650E+14  0.00000000E+00  0.38048292E-30
  0.30802480E+14  0.00000000E+00  0.37550312E-30
  0.30850310E+14  0.00000000E+00  0.37061990E-30
  0.30898140E+14  0.00000000E+00  0.36583068E-30
  0.30945970E+14  0.00000000E+00  0.36113295E-30
  0.30993800E+14  0.00000000E+00  0.35652431E-30
  0.31041630E+14  0.00000000E+00  0.35200242E-30
  0.31089460E+14  0.00000000E+00  0.34756504E-30
  0.31137290E+14  0.00000000E+00  0.34320999E-30
  0.31185120E+14  0.00000000E+00  0.33893517E-30
  0.31232950E+14  0.00000000E+00  0.33473856E-30
  0.31280779E+14  0.00000000E+00  0.33061817E-30
  0.31328609E+14  0.00000000E+00  0.32657213E-30
  0.31376439E+14  0.00000000E+00  0.32259858E-30
  0.31424269E+14  0.00000000E+00  0.31869575E-30
  0.31472099E+14  0.00000000E+00  0.31486191E-30
  0.31519929E+14  0.00000000E+00  0.31109540E-30
  0.31567759E+14  0.00000000E+00  0.30739460E-30
  0.31615589E+14  0.00000000E+00  0.30375794E-30
  0.31663419E+14  0.00000000E+00  0.30018390E-30
  0.31711249E+14  0.00000000E+00  0.29667102E-30
  0.31759079E+14  0.00000000E+00  0.29321787E-30
  0.31806909E+14  0.00000000E+00  0.28982306E-30
  0.31854739E+14  0.00000000E+00  0.28648525E-30
  0.31902569E+14  0.00000000E+00  0.28320315E-30
  0.31950399E+14  0.00000000E+00  0.27997547E-30
  0.31998229E+14  0.00000000E+00  0.27680101E-30
  0.32046058E+14  0.00000000E+00  0.27367857E-30
  0.32093888E+14  0.00000000E+00  0.27060698E-30
  0.32141718E+14  0.00000000E+00  0.26758514E-30
  0.32189548E+14  0.00000000E+00  0.26461194E-30
  0.32237378E+14  0.00000000E+00  0.26168633E-30
  0.32285208E+14  0.00000000E+00  0.25880727E-30
  0.32333038E+14  0.00000000E+00  0.25597376E-30
  0.32380868E+14  0.00000000E+00  0.25318483E-30
  0.32428698E+14  0.00000000E+00  0.25043953E-30
  0.32476528E+14  0.00000000E+00  0.24773694E-30
  0.32524358E+14  0.00000000E+00  0.24507616E-30
  0.32572188E+14  0.00000000E+00  0.24245632E-30
  0.32620018E+14  0.00000000E+00  0.23987657E-30
  0.32667848E+14  0.00000000E+00  0.23733608E-30
  0.32715678E+14  0.00000000E+00  0.23483405E-30
  0.32763508E+14  0.00000000E+00  0.23236970E-30
  0.32811337E+14  0.00000000E+00  0.22994226E-30
  0.32859167E+14  0.00000000E+00  0.22755098E-30
  0.32906997E+14  0.00000000E+00  0.22519515E-30
  0.32954827E+14  0.00000000E+00  0.22287406E-30
  0.33002657E+14  0.00000000E+00  0.22058702E-30
  0.33050487E+14  0.00000000E+00  0.21833337E-30
  0.33098317E+14  0.00000000E+00  0.21611244E-30
  0.33146147E+14  0.00000000E+00  0.21392360E-30
  0.33193977E+14  0.00000000E+00  0.21176623E-30
  0.33241807E+14  0.00000000E+00  0.20963973E-30
  0.33289637E+14  0.00000000E+00  0.20754350E-30
  0.33337467E+14  0.00000000E+00  0.20547696E-30
  0.33385297E+14  0.00000000E+00  0.20343956E-30
  0.33433127E+14  0.00000000E+00  0.20143075E-30
  0.33480957E+14  0.00000000E+00  0.19944998E-30
  0.33528787E+14  0.00000000E+00  0.19749675E-30
  0.33576616E+14  0.00000000E+00  0.19557053E-30
  0.33624446E+14  0.00000000E+00  0.19367083E-30
  0.33672276E+14  0.00000000E+00  0.19179716E-30
  0.33720106E+14  0.00000000E+00  0.18994905E-30
  0.33767936E+14  0.00000000E+00  0.18812603E-30
  0.33815766E+14  0.00000000E+00  0.18632765E-30
  0.33863596E+14  0.00000000E+00  0.18455346E-30
  0.33911426E+14  0.00000000E+00  0.18280304E-30
  0.33959256E+14  0.00000000E+00  0.18107596E-30
  0.34007086E+14  0.00000000E+00  0.17937180E-30
  0.34054916E+14  0.00000000E+00  0.17769017E-30
  0.34102746E+14  0.00000000E+00  0.17603066E-30
  0.34150576E+14  0.00000000E+00  0.17439290E-30
  0.34198406E+14  0.00000000E+00  0.17277649E-30
  0.34246236E+14  0.00000000E+00  0.17118109E-30
  0.34294066E+14  0.00000000E+00  0.16960631E-30
  0.34341895E+14  0.00000000E+00  0.16805181E-30
  0.34389725E+14  0.00000000E+00  0.16651725E-30
  0.34437555E+14  0.00000000E+00  0.16500228E-30
  0.34485385E+14  0.00000000E+00  0.16350657E-30
  0.34533215E+14  0.00000000E+00  0.16202981E-30
  0.34581045E+14  0.00000000E+00  0.16057166E-30
  0.34628875E+14  0.00000000E+00  0.15913183E-30
  0.34676705E+14  0.00000000E+00  0.15771001E-30
  0.34724535E+14  0.00000000E+00  0.15630590E-30
  0.34772365E+14  0.00000000E+00  0.15491921E-30
  0.34820195E+14  0.00000000E+00  0.15354965E-30
  0.34868025E+14  0.00000000E+00  0.15219695E-30
  0.34915855E+14  0.00000000E+00  0.15086083E-30
  0.34963685E+14  0.00000000E+00  0.14954103E-30
  0.35011515E+14  0.00000000E+00  0.14823728E-30
  0.35059345E+14  0.00000000E+00  0.14694932E-30
  0.35107174E+14  0.00000000E+00  0.14567690E-30
  0.35155004E+14  0.00000000E+00  0.14441979E-30
  0.35202834E+14  0.00000000E+00  0.14317772E-30
  0.35250664E+14  0.00000000E+00  0.14195048E-30
  0.35298494E+14  0.00000000E+00  0.14073782E-30
  0.35346324E+14  0.00000000E+00  0.13953951E-30
  0.35394154E+14  0.00000000E+00  0.13835534E-30
  0.35441984E+14  0.00000000E+00  0.13718509E-30
  0.35489814E+14  0.00000000E+00  0.13602853E-30
  0.35537644E+14  0.00000000E+00  0.13488547E-30
  0.35585474E+14  0.00000000E+00  0.13375569E-30
  0.35633304E+14  0.00000000E+00  0.13263899E-30
  0.35681134E+14  0.00000000E+00  0.13153517E-30
  0.35728964E+14  0.00000000E+00  0.13044404E-30
  0.35776794E+14  0.00000000E+00  0.12936541E-30
  0.35824624E+14  0.00000000E+00  0.12829909E-30
  0.35872453E+14  0.00000000E+00  0.12724490E-30
  0.35920283E+14  0.00000000E+00  0.12620264E-30
  0.35968113E+14  0.00000000E+00  0.12517216E-30
  0.36015943E+14  0.00000000E+00  0.12415327E-30
  0.36063773E+14  0.00000000E+00  0.12314581E-30
  0.36111603E+14  0.00000000E+00  0.12214960E-30
  0.36159433E+14  0.00000000E+00  0.12116449E-30
  0.36207263E+14  0.00000000E+00  0.12019031E-30
  0.36255093E+14  0.00000000E+00  0.11922689E-30
  0.36302923E+14  0.00000000E+00  0.11827410E-30
  0.36350753E+14  0.00000000E+00  0.11733177E-30
  0.36398583E+14  0.00000000E+00  0.11639976E-30
  0.36446413E+14  0.00000000E+00  0.11547791E-30
  0.36494243E+14  0.00000000E+00  0.11456609E-30
  0.36542073E+14  0.00000000E+00  0.11366414E-30
  0.36589903E+14  0.00000000E+00  0.11277194E-30
  0.36637733E+14  0.00000000E+00  0.11188934E-30
  0.36685562E+14  0.00000000E+00  0.11101622E-30
  0.36733392E+14  0.00000000E+00  0.11015243E-30
  0.36781222E+14  0.00000000E+00  0.10929784E-30
  0.36829052E+14  0.00000000E+00  0.10845234E-30
  0.36876882E+14  0.00000000E+00  0.10761579E-30
  0.36924712E+14  0.00000000E+00  0.10678808E-30
  0.36972542E+14  0.00000000E+00  0.10596907E-30
  0.37020372E+14  0.00000000E+00  0.10515866E-30
  0.37068202E+14  0.00000000E+00  0.10435671E-30
  0.37116032E+14  0.00000000E+00  0.10356313E-30
  0.37163862E+14  0.00000000E+00  0.10277780E-30
  0.37211692E+14  0.00000000E+00  0.10200059E-30
  0.37259522E+14  0.00000000E+00  0.10123142E-30
  0.37307352E+14  0.00000000E+00  0.10047016E-30
  0.37355182E+14  0.00000000E+00  0.99716712E-31
  0.37403012E+14  0.00000000E+00  0.98970973E-31
  0.37450841E+14  0.00000000E+00  0.98232841E-31
  0.37498671E+14  0.00000000E+00  0.97502214E-31
  0.37546501E+14  0.00000000E+00  0.96778993E-31
  0.37594331E+14  0.00000000E+00  0.96063082E-31
  0.37642161E+14  0.00000000E+00  0.95354385E-31
  0.37689991E+14  0.00000000E+00  0.94652808E-31
  0.37737821E+14  0.00000000E+00  0.93958258E-31
  0.37785651E+14  0.00000000E+00  0.93270643E-31
  0.37833481E+14  0.00000000E+00  0.92589876E-31
  0.37881311E+14  0.00000000E+00  0.91915867E-31
  0.37929141E+14  0.00000000E+00  0.91248529E-31
  0.37976971E+14  0.00000000E+00  0.90587778E-31
  0.38024801E+14  0.00000000E+00  0.89933529E-31
  0.38072631E+14  0.00000000E+00  0.89285700E-31
  0.38120461E+14  0.00000000E+00  0.88644209E-31
  0.38168291E+14  0.00000000E+00  0.88008977E-31
  0.38216120E+14  0.00000000E+00  0.87379923E-31
  0.38263950E+14  0.00000000E+00  0.86756972E-31
  0.38311780E+14  0.00000000E+00  0.86140047E-31
  0.38359610E+14  0.00000000E+00  0.85529072E-31
  0.38407440E+14  0.00000000E+00  0.84923973E-31
  0.38455270E+14  0.00000000E+00  0.84324678E-31
  0.38503100E+14  0.00000000E+00  0.83731114E-31
  0.38550930E+14  0.00000000E+00  0.83143212E-31
  0.38598760E+14  0.00000000E+00  0.82560902E-31
  0.38646590E+14  0.00000000E+00  0.81984114E-31
  0.38694420E+14  0.00000000E+00  0.81412782E-31
  0.38742250E+14  0.00000000E+00  0.80846840E-31
  0.38790080E+14  0.00000000E+00  0.80286221E-31
  0.38837910E+14  0.00000000E+00  0.79730861E-31
  0.38885740E+14  0.00000000E+00  0.79180698E-31
  0.38933570E+14  0.00000000E+00  0.78635668E-31
  0.38981399E+14  0.00000000E+00  0.78095709E-31
  0.39029229E+14  0.00000000E+00  0.77560762E-31
  0.39077059E+14  0.00000000E+00  0.77030766E-31
  0.39124889E+14  0.00000000E+00  0.76505663E-31
  0.39172719E+14  0.00000000E+00  0.75985394E-31
  0.39220549E+14  0.00000000E+00  0.75469902E-31
  0.39268379E+14  0.00000000E+00  0.74959131E-31
  0.39316209E+14  0.00000000E+00  0.74453026E-31
  0.39364039E+14  0.00000000E+00  0.73951531E-31
  0.39411869E+14  0.00000000E+00  0.73454593E-31
  0.39459699E+14  0.00000000E+00  0.72962159E-31
  0.39507529E+14  0.00000000E+00  0.72474176E-31
  0.39555359E+14  0.00000000E+00  0.71990593E-31
  0.39603189E+14  0.00000000E+00  0.71511358E-31
  0.39651019E+14  0.00000000E+00  0.71036423E-31
  0.39698849E+14  0.00000000E+00  0.70565736E-31
  0.39746678E+14  0.00000000E+00  0.70099251E-31
  0.39794508E+14  0.00000000E+00  0.69636917E-31
  0.39842338E+14  0.00000000E+00  0.69178689E-31
  0.39890168E+14  0.00000000E+00  0.68724520E-31
  0.39937998E+14  0.00000000E+00  0.68274363E-31
  0.39985828E+14  0.00000000E+00  0.67828173E-31
  0.40033658E+14  0.00000000E+00  0.67385905E-31
  0.40081488E+14  0.00000000E+00  0.66947516E-31
  0.40129318E+14  0.00000000E+00  0.66512961E-31
  0.40177148E+14  0.00000000E+00  0.66082198E-31
  0.40224978E+14  0.00000000E+00  0.65655185E-31
  0.40272808E+14  0.00000000E+00  0.65231879E-31
  0.40320638E+14  0.00000000E+00  0.64812240E-31
  0.40368468E+14  0.00000000E+00  0.64396227E-31
  0.40416298E+14  0.00000000E+00  0.63983800E-31
  0.40464128E+14  0.00000000E+00  0.63574919E-31
  0.40511957E+14  0.00000000E+00  0.63169546E-31
  0.40559787E+14  0.00000000E+00  0.62767642E-31
  0.40607617E+14  0.00000000E+00  0.62369169E-31
  0.40655447E+14  0.00000000E+00  0.61974090E-31
  0.40703277E+14  0.00000000E+00  0.61582368E-31
  0.40751107E+14  0.00000000E+00  0.61193966E-31
  0.40798937E+14  0.00000000E+00  0.60808849E-31
  0.40846767E+14  0.00000000E+00  0.60426981E-31
  0.40894597E+14  0.00000000E+00  0.60048327E-31
  0.40942427E+14  0.00000000E+00  0.59672852E-31
  0.40990257E+14  0.00000000E+00  0.59300523E-31
  0.41038087E+14  0.00000000E+00  0.58931306E-31
  0.41085917E+14  0.00000000E+00  0.58565168E-31
  0.41133747E+14  0.00000000E+00  0.58202076E-31
  0.41181577E+14  0.00000000E+00  0.57841998E-31
  0.41229407E+14  0.00000000E+00  0.57484902E-31
  0.41277236E+14  0.00000000E+00  0.57130756E-31
  0.41325066E+14  0.00000000E+00  0.56779530E-31
  0.41372896E+14  0.00000000E+00  0.56431192E-31
  0.41420726E+14  0.00000000E+00  0.56085713E-31
  0.41468556E+14  0.00000000E+00  0.55743063E-31
  0.41516386E+14  0.00000000E+00  0.55403212E-31
  0.41564216E+14  0.00000000E+00  0.55066131E-31
  0.41612046E+14  0.00000000E+00  0.54731791E-31
  0.41659876E+14  0.00000000E+00  0.54400164E-31
  0.41707706E+14  0.00000000E+00  0.54071223E-31
  0.41755536E+14  0.00000000E+00  0.53744938E-31
  0.41803366E+14  0.00000000E+00  0.53421284E-31
  0.41851196E+14  0.00000000E+00  0.53100233E-31
  0.41899026E+14  0.00000000E+00  0.52781758E-31
  0.41946856E+14  0.00000000E+00  0.52465833E-31
  0.41994686E+14  0.00000000E+00  0.52152433E-31
  0.42042516E+14  0.00000000E+00  0.51841531E-31
  0.42090345E+14  0.00000000E+00  0.51533103E-31
  0.42138175E+14  0.00000000E+00  0.51227123E-31
  0.42186005E+14  0.00000000E+00  0.50923567E-31
  0.42233835E+14  0.00000000E+00  0.50622409E-31
  0.42281665E+14  0.00000000E+00  0.50323628E-31
  0.42329495E+14  0.00000000E+00  0.50027197E-31
  0.42377325E+14  0.00000000E+00  0.49733094E-31
  0.42425155E+14  0.00000000E+00  0.49441297E-31
  0.42472985E+14  0.00000000E+00  0.49151781E-31
  0.42520815E+14  0.00000000E+00  0.48864524E-31
  0.42568645E+14  0.00000000E+00  0.48579504E-31
  0.42616475E+14  0.00000000E+00  0.48296699E-31
  0.42664305E+14  0.00000000E+00  0.48016086E-31
  0.42712135E+14  0.00000000E+00  0.47737645E-31
  0.42759965E+14  0.00000000E+00  0.47461354E-31
  0.42807795E+14  0.00000000E+00  0.47187192E-31
  0.42855624E+14  0.00000000E+00  0.46915138E-31
  0.42903454E+14  0.00000000E+00  0.46645172E-31
  0.42951284E+14  0.00000000E+00  0.46377274E-31
  0.42999114E+14  0.00000000E+00  0.46111422E-31
  0.43046944E+14  0.00000000E+00  0.45847598E-31
  0.43094774E+14  0.00000000E+00  0.45585782E-31
  0.43142604E+14  0.00000000E+00  0.45325955E-31
  0.43190434E+14  0.00000000E+00  0.45068097E-31
  0.43238264E+14  0.00000000E+00  0.44812189E-31
  0.43286094E+14  0.00000000E+00  0.44558214E-31
  0.43333924E+14  0.00000000E+00  0.44306152E-31
  0.43381754E+14  0.00000000E+00  0.44055985E-31
  0.43429584E+14  0.00000000E+00  0.43807695E-31
  0.43477414E+14  0.00000000E+00  0.43561265E-31
  0.43525244E+14  0.00000000E+00  0.43316676E-31
  0.43573074E+14  0.00000000E+00  0.43073911E-31
  0.43620903E+14  0.00000000E+00  0.42832954E-31
  0.43668733E+14  0.00000000E+00  0.42593787E-31
  0.43716563E+14  0.00000000E+00  0.42356393E-31
  0.43764393E+14  0.00000000E+00  0.42120756E-31
  0.43812223E+14  0.00000000E+00  0.41886859E-31
  0.43860053E+14  0.00000000E+00  0.41654685E-31
  0.43907883E+14  0.00000000E+00  0.41424220E-31
  0.43955713E+14  0.00000000E+00  0.41195447E-31
  0.44003543E+14  0.00000000E+00  0.40968351E-31
  0.44051373E+14  0.00000000E+00  0.40742915E-31
  0.44099203E+14  0.00000000E+00  0.40519125E-31
  0.44147033E+14  0.00000000E+00  0.40296965E-31
  0.44194863E+14  0.00000000E+00  0.40076420E-31
  0.44242693E+14  0.00000000E+00  0.39857476E-31
  0.44290523E+14  0.00000000E+00  0.39640118E-31
  0.44338353E+14  0.00000000E+00  0.39424331E-31
  0.44386182E+14  0.00000000E+00  0.39210101E-31
  0.44434012E+14  0.00000000E+00  0.38997415E-31
  0.44481842E+14  0.00000000E+00  0.38786256E-31
  0.44529672E+14  0.00000000E+00  0.38576613E-31
  0.44577502E+14  0.00000000E+00  0.38368472E-31
  0.44625332E+14  0.00000000E+00  0.38161818E-31
  0.44673162E+14  0.00000000E+00  0.37956638E-31
  0.44720992E+14  0.00000000E+00  0.37752919E-31
  0.44768822E+14  0.00000000E+00  0.37550648E-31
  0.44816652E+14  0.00000000E+00  0.37349812E-31
  0.44864482E+14  0.00000000E+00  0.37150399E-31
  0.44912312E+14  0.00000000E+00  0.36952394E-31
  0.44960142E+14  0.00000000E+00  0.36755787E-31
  0.45007972E+14  0.00000000E+00  0.36560564E-31
  0.45055802E+14  0.00000000E+00  0.36366713E-31
  0.45103632E+14  0.00000000E+00  0.36174222E-31
  0.45151461E+14  0.00000000E+00  0.35983079E-31
  0.45199291E+14  0.00000000E+00  0.35793273E-31
  0.45247121E+14  0.00000000E+00  0.35604791E-31
  0.45294951E+14  0.00000000E+00  0.35417621E-31
  0.45342781E+14  0.00000000E+00  0.35231753E-31
  0.45390611E+14  0.00000000E+00  0.35047174E-31
  0.45438441E+14  0.00000000E+00  0.34863874E-31
  0.45486271E+14  0.00000000E+00  0.34681842E-31
  0.45534101E+14  0.00000000E+00  0.34501065E-31
  0.45581931E+14  0.00000000E+00  0.34321535E-31
  0.45629761E+14  0.00000000E+00  0.34143239E-31
  0.45677591E+14  0.00000000E+00  0.33966167E-31
  0.45725421E+14  0.00000000E+00  0.33790308E-31
  0.45773251E+14  0.00000000E+00  0.33615653E-31
  0.45821081E+14  0.00000000E+00  0.33442190E-31
  0.45868911E+14  0.00000000E+00  0.33269909E-31
  0.45916740E+14  0.00000000E+00  0.33098801E-31
  0.45964570E+14  0.00000000E+00  0.32928854E-31
  0.46012400E+14  0.00000000E+00  0.32760061E-31
  0.46060230E+14  0.00000000E+00  0.32592409E-31
  0.46108060E+14  0.00000000E+00  0.32425891E-31
  0.46155890E+14  0.00000000E+00  0.32260495E-31
  0.46203720E+14  0.00000000E+00  0.32096213E-31
  0.46251550E+14  0.00000000E+00  0.31933036E-31
  0.46299380E+14  0.00000000E+00  0.31770953E-31
  0.46347210E+14  0.00000000E+00  0.31609956E-31
  0.46395040E+14  0.00000000E+00  0.31450035E-31
  0.46442870E+14  0.00000000E+00  0.31291182E-31
  0.46490700E+14  0.00000000E+00  0.31133387E-31
  0.46538530E+14  0.00000000E+00  0.30976643E-31
  0.46586360E+14  0.00000000E+00  0.30820938E-31
  0.46634190E+14  0.00000000E+00  0.30666267E-31
  0.46682019E+14  0.00000000E+00  0.30512619E-31
  0.46729849E+14  0.00000000E+00  0.30359985E-31
  0.46777679E+14  0.00000000E+00  0.30208359E-31
  0.46825509E+14  0.00000000E+00  0.30057731E-31
  0.46873339E+14  0.00000000E+00  0.29908093E-31
  0.46921169E+14  0.00000000E+00  0.29759438E-31
  0.46968999E+14  0.00000000E+00  0.29611756E-31
  0.47016829E+14  0.00000000E+00  0.29465039E-31
  0.47064659E+14  0.00000000E+00  0.29319281E-31
  0.47112489E+14  0.00000000E+00  0.29174473E-31
  0.47160319E+14  0.00000000E+00  0.29030608E-31
  0.47208149E+14  0.00000000E+00  0.28887677E-31
  0.47255979E+14  0.00000000E+00  0.28745673E-31
  0.47303809E+14  0.00000000E+00  0.28604588E-31
  0.47351639E+14  0.00000000E+00  0.28464416E-31
  0.47399469E+14  0.00000000E+00  0.28325148E-31
  0.47447298E+14  0.00000000E+00  0.28186777E-31
  0.47495128E+14  0.00000000E+00  0.28049297E-31
  0.47542958E+14  0.00000000E+00  0.27912700E-31
  0.47590788E+14  0.00000000E+00  0.27776978E-31
  0.47638618E+14  0.00000000E+00  0.27642125E-31
  0.47686448E+14  0.00000000E+00  0.27508134E-31
  0.47734278E+14  0.00000000E+00  0.27374998E-31
  0.47782108E+14  0.00000000E+00  0.27242710E-31
  0.47829938E+14  0.00000000E+00  0.27111263E-31
  0.47877768E+14  0.00000000E+00  0.26980651E-31
  0.47925598E+14  0.00000000E+00  0.26850866E-31
  0.47973428E+14  0.00000000E+00  0.26721904E-31
  0.48021258E+14  0.00000000E+00  0.26593756E-31
  0.48069088E+14  0.00000000E+00  0.26466416E-31
  0.48116918E+14  0.00000000E+00  0.26339879E-31
  0.48164748E+14  0.00000000E+00  0.26214137E-31
  0.48212578E+14  0.00000000E+00  0.26089185E-31
  0.48260407E+14  0.00000000E+00  0.25965016E-31
  0.48308237E+14  0.00000000E+00  0.25841624E-31
  0.48356067E+14  0.00000000E+00  0.25719003E-31
  0.48403897E+14  0.00000000E+00  0.25597147E-31
  0.48451727E+14  0.00000000E+00  0.25476050E-31
  0.48499557E+14  0.00000000E+00  0.25355707E-31
  0.48547387E+14  0.00000000E+00  0.25236110E-31
  0.48595217E+14  0.00000000E+00  0.25117256E-31
  0.48643047E+14  0.00000000E+00  0.24999136E-31
  0.48690877E+14  0.00000000E+00  0.24881747E-31
  0.48738707E+14  0.00000000E+00  0.24765082E-31
  0.48786537E+14  0.00000000E+00  0.24649136E-31
  0.48834367E+14  0.00000000E+00  0.24533904E-31
  0.48882197E+14  0.00000000E+00  0.24419379E-31
  0.48930027E+14  0.00000000E+00  0.24305556E-31
  0.48977857E+14  0.00000000E+00  0.24192430E-31
  0.49025686E+14  0.00000000E+00  0.24079996E-31
  0.49073516E+14  0.00000000E+00  0.23968248E-31
  0.49121346E+14  0.00000000E+00  0.23857181E-31
  0.49169176E+14  0.00000000E+00  0.23746791E-31
  0.49217006E+14  0.00000000E+00  0.23637071E-31
  0.49264836E+14  0.00000000E+00  0.23528016E-31
  0.49312666E+14  0.00000000E+00  0.23419623E-31
  0.49360496E+14  0.00000000E+00  0.23311885E-31
  0.49408326E+14  0.00000000E+00  0.23204797E-31
  0.49456156E+14  0.00000000E+00  0.23098355E-31
  0.49503986E+14  0.00000000E+00  0.22992555E-31
  0.49551816E+14  0.00000000E+00  0.22887390E-31
  0.49599646E+14  0.00000000E+00  0.22782857E-31
  0.49647476E+14  0.00000000E+00  0.22678950E-31
  0.49695306E+14  0.00000000E+00  0.22575665E-31
  0.49743136E+14  0.00000000E+00  0.22472997E-31
  0.49790965E+14  0.00000000E+00  0.22370943E-31
  0.49838795E+14  0.00000000E+00  0.22269496E-31
  0.49886625E+14  0.00000000E+00  0.22168652E-31
  0.49934455E+14  0.00000000E+00  0.22068408E-31
  0.49982285E+14  0.00000000E+00  0.21968758E-31
  0.50030115E+14  0.00000000E+00  0.21869699E-31
  0.50077945E+14  0.00000000E+00  0.21771225E-31
  0.50125775E+14  0.00000000E+00  0.21673333E-31
  0.50173605E+14  0.00000000E+00  0.21576019E-31
  0.50221435E+14  0.00000000E+00  0.21479277E-31
  0.50269265E+14  0.00000000E+00  0.21383104E-31
  0.50317095E+14  0.00000000E+00  0.21287496E-31
  0.50364925E+14  0.00000000E+00  0.21192448E-31
  0.50412755E+14  0.00000000E+00  0.21097956E-31
  0.50460585E+14  0.00000000E+00  0.21004017E-31
  0.50508415E+14  0.00000000E+00  0.20910627E-31
  0.50556244E+14  0.00000000E+00  0.20817780E-31
  0.50604074E+14  0.00000000E+00  0.20725474E-31
  0.50651904E+14  0.00000000E+00  0.20633704E-31
  0.50699734E+14  0.00000000E+00  0.20542467E-31
  0.50747564E+14  0.00000000E+00  0.20451759E-31
  0.50795394E+14  0.00000000E+00  0.20361576E-31
  0.50843224E+14  0.00000000E+00  0.20271913E-31
  0.50891054E+14  0.00000000E+00  0.20182768E-31
  0.50938884E+14  0.00000000E+00  0.20094137E-31
  0.50986714E+14  0.00000000E+00  0.20006015E-31
  0.51034544E+14  0.00000000E+00  0.19918400E-31
  0.51082374E+14  0.00000000E+00  0.19831288E-31
  0.51130204E+14  0.00000000E+00  0.19744674E-31
  0.51178034E+14  0.00000000E+00  0.19658556E-31
  0.51225864E+14  0.00000000E+00  0.19572931E-31
  0.51273694E+14  0.00000000E+00  0.19487793E-31
  0.51321523E+14  0.00000000E+00  0.19403141E-31
  0.51369353E+14  0.00000000E+00  0.19318970E-31
  0.51417183E+14  0.00000000E+00  0.19235277E-31
  0.51465013E+14  0.00000000E+00  0.19152059E-31
  0.51512843E+14  0.00000000E+00  0.19069312E-31
  0.51560673E+14  0.00000000E+00  0.18987034E-31
  0.51608503E+14  0.00000000E+00  0.18905220E-31
  0.51656333E+14  0.00000000E+00  0.18823868E-31
  0.51704163E+14  0.00000000E+00  0.18742974E-31
  0.51751993E+14  0.00000000E+00  0.18662536E-31
  0.51799823E+14  0.00000000E+00  0.18582549E-31
  0.51847653E+14  0.00000000E+00  0.18503010E-31
  0.51895483E+14  0.00000000E+00  0.18423918E-31
  0.51943313E+14  0.00000000E+00  0.18345268E-31
  0.51991143E+14  0.00000000E+00  0.18267057E-31
  0.52038973E+14  0.00000000E+00  0.18189283E-31
  0.52086802E+14  0.00000000E+00  0.18111942E-31
  0.52134632E+14  0.00000000E+00  0.18035031E-31
  0.52182462E+14  0.00000000E+00  0.17958548E-31
  0.52230292E+14  0.00000000E+00  0.17882489E-31
  0.52278122E+14  0.00000000E+00  0.17806851E-31
  0.52325952E+14  0.00000000E+00  0.17731632E-31
  0.52373782E+14  0.00000000E+00  0.17656829E-31
  0.52421612E+14  0.00000000E+00  0.17582438E-31
  0.52469442E+14  0.00000000E+00  0.17508458E-31
  0.52517272E+14  0.00000000E+00  0.17434884E-31
  0.52565102E+14  0.00000000E+00  0.17361715E-31
  0.52612932E+14  0.00000000E+00  0.17288948E-31
  0.52660762E+14  0.00000000E+00  0.17216579E-31
  0.52708592E+14  0.00000000E+00  0.17144607E-31
  0.52756422E+14  0.00000000E+00  0.17073028E-31
  0.52804252E+14  0.00000000E+00  0.17001840E-31
  0.52852081E+14  0.00000000E+00  0.16931040E-31
  0.52899911E+14  0.00000000E+00  0.16860626E-31
  0.52947741E+14  0.00000000E+00  0.16790594E-31
  0.52995571E+14  0.00000000E+00  0.16720943E-31
  0.53043401E+14  0.00000000E+00  0.16651669E-31
  0.53091231E+14  0.00000000E+00  0.16582771E-31
  0.53139061E+14  0.00000000E+00  0.16514245E-31
  0.53186891E+14  0.00000000E+00  0.16446090E-31
  0.53234721E+14  0.00000000E+00  0.16378302E-31
  0.53282551E+14  0.00000000E+00  0.16310879E-31
  0.53330381E+14  0.00000000E+00  0.16243820E-31
  0.53378211E+14  0.00000000E+00  0.16177120E-31
  0.53426041E+14  0.00000000E+00  0.16110779E-31
  0.53473871E+14  0.00000000E+00  0.16044793E-31
  0.53521701E+14  0.00000000E+00  0.15979160E-31
  0.53569531E+14  0.00000000E+00  0.15913878E-31
  0.53617360E+14  0.00000000E+00  0.15848944E-31
  0.53665190E+14  0.00000000E+00  0.15784357E-31
  0.53713020E+14  0.00000000E+00  0.15720114E-31
  0.53760850E+14  0.00000000E+00  0.15656212E-31
  0.53808680E+14  0.00000000E+00  0.15592650E-31
  0.53856510E+14  0.00000000E+00  0.15529425E-31
  0.53904340E+14  0.00000000E+00  0.15466534E-31
  0.53952170E+14  0.00000000E+00  0.15403977E-31
  0.54000000E+14  0.00000000E+00  0.15341750E-31
