  0.47829938E+11 -0.70852029E-29  0.17297147E-28
  0.95659876E+11 -0.70887024E-29  0.12276471E-28
  0.14348981E+12 -0.71022685E-29  0.99442252E-29
  0.19131975E+12 -0.71028051E-29  0.83546301E-29
  0.23914969E+12 -0.70923403E-29  0.71894236E-29
  0.28697963E+12 -0.71208588E-29  0.61724848E-29
  0.33480957E+12 -0.71460173E-29  0.52314479E-29
  0.38263950E+12 -0.71469475E-29  0.40736451E-29
  0.43046944E+12 -0.57732665E-29  0.30939588E-29
  0.47829938E+12 -0.56568356E-29  0.40746720E-29
  0.52612932E+12 -0.62744104E-29  0.37075187E-29
  0.57395926E+12 -0.63547286E-29  0.30715581E-29
  0.62178919E+12 -0.64274429E-29  0.28061900E-29
  0.66961913E+12 -0.66647337E-29  0.23036660E-29
  0.71744907E+12 -0.67692371E-29  0.15504627E-29
  0.76527901E+12 -0.62469428E-29  0.69859829E-30
  0.81310895E+12 -0.56396500E-29  0.65852024E-30
  0.86093888E+12 -0.54554839E-29  0.94790971E-30
  0.90876882E+12 -0.56068146E-29  0.91682006E-30
  0.95659876E+12 -0.59788252E-29  0.73233792E-30
  0.10044287E+13 -0.61844004E-29  0.12621291E-30
  0.10522586E+13 -0.57825452E-29 -0.46849959E-30
  0.11000886E+13 -0.55260186E-29 -0.62222186E-30
  0.11479185E+13 -0.51625370E-29 -0.71056539E-30
  0.11957484E+13 -0.51584528E-29 -0.56676316E-30
  0.12435784E+13 -0.53503577E-29 -0.64643331E-30
  0.12914083E+13 -0.55406153E-29 -0.10183847E-29
  0.13392383E+13 -0.53006239E-29 -0.13845396E-29
  0.13870682E+13 -0.51587778E-29 -0.15981681E-29
  0.14348981E+13 -0.49490907E-29 -0.17346473E-29
  0.14827281E+13 -0.47718555E-29 -0.18148969E-29
  0.15305580E+13 -0.48153604E-29 -0.17509131E-29
  0.15783880E+13 -0.48807611E-29 -0.20280836E-29
  0.16262179E+13 -0.47905619E-29 -0.22169928E-29
  0.16740478E+13 -0.47734303E-29 -0.24085775E-29
  0.17218778E+13 -0.45286843E-29 -0.26445468E-29
  0.17697077E+13 -0.43974582E-29 -0.26564041E-29
  0.18175376E+13 -0.44154548E-29 -0.27117300E-29
  0.18653676E+13 -0.44019723E-29 -0.28314983E-29
  0.19131975E+13 -0.43990508E-29 -0.30368219E-29
  0.19610275E+13 -0.41911111E-29 -0.32779738E-29
  0.20088574E+13 -0.41183309E-29 -0.33427516E-29
  0.20566873E+13 -0.38422575E-29 -0.34579796E-29
  0.21045173E+13 -0.39146332E-29 -0.33471865E-29
  0.21523472E+13 -0.39782727E-29 -0.36426938E-29
  0.22001771E+13 -0.38462428E-29 -0.38130320E-29
  0.22480071E+13 -0.37411200E-29 -0.40120895E-29
  0.22958370E+13 -0.35139275E-29 -0.41172882E-29
  0.23436670E+13 -0.33932754E-29 -0.40222401E-29
  0.23914969E+13 -0.34775834E-29 -0.41056207E-29
  0.24393268E+13 -0.34399715E-29 -0.42872654E-29
  0.24871568E+13 -0.33008938E-29 -0.44492492E-29
  0.25349867E+13 -0.32755751E-29 -0.46357467E-29
  0.25828167E+13 -0.29148957E-29 -0.47706284E-29
  0.26306466E+13 -0.29130813E-29 -0.46820101E-29
  0.26784765E+13 -0.29105841E-29 -0.48389450E-29
  0.27263065E+13 -0.27685576E-29 -0.49769841E-29
  0.27741364E+13 -0.26474057E-29 -0.50866202E-29
  0.28219663E+13 -0.25434441E-29 -0.51871477E-29
  0.28697963E+13 -0.23125302E-29 -0.51729027E-29
  0.29176262E+13 -0.24876796E-29 -0.52421457E-29
  0.29654562E+13 -0.23714977E-29 -0.54760859E-29
  0.30132861E+13 -0.21729119E-29 -0.56222637E-29
  0.30611160E+13 -0.20348972E-29 -0.57057980E-29
  0.31089460E+13 -0.18111434E-29 -0.58186461E-29
  0.31567759E+13 -0.17694808E-29 -0.57076360E-29
  0.32046058E+13 -0.17497111E-29 -0.58275230E-29
  0.32524358E+13 -0.16279184E-29 -0.60769265E-29
  0.33002657E+13 -0.14931620E-29 -0.61619758E-29
  0.33480957E+13 -0.12704134E-29 -0.62660243E-29
  0.33959256E+13 -0.10725310E-29 -0.62781827E-29
  0.34437555E+13 -0.10915173E-29 -0.62505380E-29
  0.34915855E+13 -0.98196715E-30 -0.64170225E-29
  0.35394154E+13 -0.85268274E-30 -0.65668222E-29
  0.35872453E+13 -0.69092205E-30 -0.66918863E-29
  0.36350753E+13 -0.49877002E-30 -0.67832928E-29
  0.36829052E+13 -0.24338920E-30 -0.66808682E-29
  0.37307352E+13 -0.31140204E-30 -0.67919888E-29
  0.37785651E+13 -0.18639587E-30 -0.69915219E-29
  0.38263950E+13  0.50527594E-31 -0.70987031E-29
  0.38742250E+13  0.27493342E-30 -0.71694480E-29
  0.39220549E+13  0.51477257E-30 -0.71651712E-29
  0.39698849E+13  0.59058156E-30 -0.70851256E-29
  0.40177148E+13  0.56568286E-30 -0.71644921E-29
  0.40655447E+13  0.66281693E-30 -0.73716747E-29
  0.41133747E+13  0.93972131E-30 -0.76030039E-29
  0.41612046E+13  0.11744399E-29 -0.77041612E-29
  0.42090345E+13  0.14978043E-29 -0.76659375E-29
  0.42568645E+13  0.15963888E-29 -0.76232057E-29
  0.43046944E+13  0.16767038E-29 -0.77843265E-29
  0.43525244E+13  0.19377436E-29 -0.79154450E-29
  0.44003543E+13  0.21489487E-29 -0.79377601E-29
  0.44481842E+13  0.23810988E-29 -0.80440957E-29
  0.44960142E+13  0.25243290E-29 -0.80331318E-29
  0.45438441E+13  0.27841315E-29 -0.82452076E-29
  0.45916740E+13  0.31313205E-29 -0.82377835E-29
  0.46395040E+13  0.33157821E-29 -0.82065349E-29
  0.46873339E+13  0.34546322E-29 -0.82622383E-29
  0.47351639E+13  0.36050376E-29 -0.83378740E-29
  0.47829938E+13  0.39437319E-29 -0.86069994E-29
  0.48308237E+13  0.42960310E-29 -0.86349944E-29
  0.48786537E+13  0.47150236E-29 -0.86508038E-29
  0.49264836E+13  0.48950880E-29 -0.86381759E-29
  0.49743136E+13  0.52088578E-29 -0.86946198E-29
  0.50221435E+13  0.54618202E-29 -0.87645905E-29
  0.50699734E+13  0.57551086E-29 -0.89183655E-29
  0.51178034E+13  0.61617522E-29 -0.89836398E-29
  0.51656333E+13  0.66754296E-29 -0.91802130E-29
  0.52134632E+13  0.71286017E-29 -0.91026071E-29
  0.52612932E+13  0.75255152E-29 -0.91183580E-29
  0.53091231E+13  0.79803672E-29 -0.93048881E-29
  0.53569531E+13  0.86177402E-29 -0.94534228E-29
  0.54047830E+13  0.93995414E-29 -0.96112003E-29
  0.54526129E+13  0.10139845E-28 -0.97536372E-29
  0.55004429E+13  0.11590611E-28 -0.98500711E-29
  0.55482728E+13  0.13831471E-28 -0.95855505E-29
  0.55961027E+13  0.15038227E-28 -0.65057501E-29
  0.56439327E+13  0.14363496E-28 -0.53667632E-29
  0.56917626E+13  0.14263723E-28 -0.43942719E-29
  0.57395926E+13  0.14378854E-28 -0.36449998E-29
  0.57874225E+13  0.14235189E-28 -0.26871005E-29
  0.58352524E+13  0.13924922E-28 -0.23282049E-29
  0.58830824E+13  0.13819349E-28 -0.15703184E-29
  0.59309123E+13  0.13656773E-28 -0.12829375E-29
  0.59787422E+13  0.13652613E-28 -0.67958143E-30
  0.60265722E+13  0.13635798E-28 -0.66462749E-31
  0.60744021E+13  0.13081662E-28  0.43803887E-30
  0.61222321E+13  0.13148019E-28  0.59050989E-30
  0.61700620E+13  0.13026543E-28  0.11910364E-29
  0.62178919E+13  0.12796742E-28  0.15127284E-29
  0.62657219E+13  0.12748509E-28  0.18845539E-29
  0.63135518E+13  0.12545932E-28  0.23027507E-29
  0.63613818E+13  0.12389188E-28  0.27110222E-29
  0.64092117E+13  0.12034628E-28  0.30223918E-29
  0.64570416E+13  0.12005123E-28  0.32102374E-29
  0.65048716E+13  0.11868304E-28  0.36241470E-29
  0.65527015E+13  0.11621599E-28  0.39440133E-29
  0.66005314E+13  0.11424977E-28  0.42185620E-29
  0.66483614E+13  0.11251707E-28  0.44567665E-29
  0.66961913E+13  0.11100249E-28  0.47236866E-29
  0.67440213E+13  0.11008102E-28  0.50125743E-29
  0.67918512E+13  0.10759905E-28  0.53822602E-29
  0.68396811E+13  0.10540140E-28  0.55795322E-29
  0.68875111E+13  0.10328756E-28  0.58416120E-29
  0.69353410E+13  0.10112126E-28  0.60397541E-29
  0.69831709E+13  0.10010097E-28  0.62331567E-29
  0.70310009E+13  0.98278184E-29  0.65779390E-29
  0.70788308E+13  0.94949422E-29  0.67911967E-29
  0.71266608E+13  0.94084436E-29  0.69769073E-29
  0.71744907E+13  0.91269575E-29  0.72291450E-29
  0.72223206E+13  0.89383430E-29  0.73934979E-29
  0.72701506E+13  0.87822335E-29  0.76094831E-29
  0.73179805E+13  0.85153990E-29  0.78708558E-29
  0.73658105E+13  0.82660688E-29  0.80217332E-29
  0.74136404E+13  0.80703604E-29  0.81882241E-29
  0.74614703E+13  0.78623098E-29  0.83580074E-29
  0.75093003E+13  0.77467542E-29  0.85287090E-29
  0.75571302E+13  0.74368657E-29  0.88590630E-29
  0.76049601E+13  0.71699402E-29  0.89869889E-29
  0.76527901E+13  0.69106844E-29  0.91290175E-29
  0.77006200E+13  0.66997019E-29  0.92094216E-29
  0.77484500E+13  0.65938765E-29  0.94252206E-29
  0.77962799E+13  0.62081121E-29  0.97018302E-29
  0.78441098E+13  0.59391157E-29  0.97146253E-29
  0.78919398E+13  0.58644315E-29  0.98827335E-29
  0.79397697E+13  0.55940723E-29  0.10114152E-28
  0.79875996E+13  0.53929383E-29  0.10326227E-28
  0.80354296E+13  0.49987442E-29  0.10624157E-28
  0.80832595E+13  0.45897361E-29  0.10681474E-28
  0.81310895E+13  0.43389888E-29  0.10800299E-28
  0.81789194E+13  0.40262744E-29  0.10928543E-28
  0.82267493E+13  0.37202837E-29  0.11120923E-28
  0.82745793E+13  0.32502785E-29  0.11227430E-28
  0.83224092E+13  0.28626805E-29  0.11264778E-28
  0.83702391E+13  0.24563405E-29  0.11227675E-28
  0.84180691E+13  0.21357118E-29  0.11186155E-28
  0.84658990E+13  0.18596694E-29  0.11210991E-28
  0.85137290E+13  0.14638313E-29  0.11094634E-28
  0.85615589E+13  0.12500679E-29  0.11049611E-28
  0.86093888E+13  0.10522569E-29  0.10969498E-28
  0.86572188E+13  0.88258533E-30  0.10932958E-28
  0.87050487E+13  0.64707799E-30  0.10962764E-28
  0.87528787E+13  0.42063967E-30  0.10871463E-28
  0.88007086E+13  0.33411811E-30  0.10756233E-28
  0.88485385E+13  0.78675624E-30  0.10886595E-28
  0.88963685E+13  0.52164081E-30  0.11718777E-28
  0.89441984E+13 -0.28668502E-30  0.12219443E-28
  0.89920283E+13 -0.97688996E-30  0.12167288E-28
  0.90398583E+13 -0.15887757E-29  0.12060917E-28
  0.90876882E+13 -0.20613867E-29  0.11924315E-28
  0.91355182E+13 -0.24304175E-29  0.11845403E-28
  0.91833481E+13 -0.29008300E-29  0.11647970E-28
  0.92311780E+13 -0.32974388E-29  0.11348425E-28
  0.92790080E+13 -0.32140009E-29  0.11115365E-28
  0.93268379E+13 -0.29496569E-29  0.11726540E-28
  0.93746678E+13 -0.44326664E-29  0.12102439E-28
  0.94224978E+13 -0.50671007E-29  0.11761237E-28
  0.94703277E+13 -0.56182952E-29  0.11247732E-28
  0.95181577E+13 -0.57762048E-29  0.10974399E-28
  0.95659876E+13 -0.62920137E-29  0.11026963E-28
  0.96138175E+13 -0.68361147E-29  0.10574694E-28
  0.96616475E+13 -0.71267535E-29  0.10255652E-28
  0.97094774E+13 -0.74283931E-29  0.99440159E-29
  0.97573074E+13 -0.77759045E-29  0.98584543E-29
  0.98051373E+13 -0.84274264E-29  0.96116615E-29
  0.98529672E+13 -0.87158698E-29  0.91256804E-29
  0.99007972E+13 -0.90992843E-29  0.89406879E-29
  0.99486271E+13 -0.94910830E-29  0.86998435E-29
  0.99964570E+13 -0.10276995E-28  0.83611559E-29
  0.10044287E+14 -0.10741872E-28  0.78186496E-29
  0.10092117E+14 -0.11224026E-28  0.73305731E-29
  0.10139947E+14 -0.11732561E-28  0.70133054E-29
  0.10187777E+14 -0.12717987E-28  0.64494609E-29
  0.10235607E+14 -0.13513822E-28  0.55400373E-29
  0.10283437E+14 -0.14625390E-28  0.43401576E-29
  0.10331267E+14 -0.16020310E-28  0.27441789E-29
  0.10379097E+14 -0.18025047E-28 -0.75629612E-30
  0.10426926E+14 -0.15854465E-28 -0.95053935E-29
  0.10474756E+14 -0.62373635E-29 -0.59815143E-29
  0.10522586E+14 -0.53195341E-29 -0.33866760E-29
  0.10570416E+14 -0.55410524E-29 -0.18354274E-29
  0.10618246E+14 -0.55825814E-29 -0.11429223E-29
  0.10666076E+14 -0.55476721E-29 -0.60023148E-30
  0.10713906E+14 -0.58368006E-29 -0.22346727E-30
  0.10761736E+14 -0.59344103E-29 -0.14156138E-30
  0.10809566E+14 -0.59310413E-29 -0.47268174E-31
  0.10857396E+14 -0.60741782E-29  0.21570704E-30
  0.10905226E+14 -0.62899241E-29  0.14521501E-30
  0.10953056E+14 -0.63176906E-29  0.93696372E-31
  0.11000886E+14 -0.64721471E-29  0.23288761E-30
  0.11048716E+14 -0.67182621E-29  0.94792573E-31
  0.11096546E+14 -0.68256056E-29  0.40902036E-32
  0.11144376E+14 -0.70704802E-29  0.91413964E-31
  0.11192205E+14 -0.74972582E-29 -0.12530408E-30
  0.11240035E+14 -0.77203817E-29 -0.32422123E-30
  0.11287865E+14 -0.84623879E-29 -0.12944305E-30
  0.11335695E+14 -0.97319889E-29 -0.15920657E-29
  0.11383525E+14 -0.94236001E-29 -0.30848199E-29
  0.11431355E+14 -0.90324453E-29 -0.41065805E-29
  0.11479185E+14 -0.84458381E-29 -0.50963767E-29
  0.11527015E+14 -0.76231966E-29 -0.56337910E-29
  0.11574845E+14 -0.69112547E-29 -0.62263515E-29
  0.11622675E+14 -0.61559165E-29 -0.64468812E-29
  0.11670505E+14 -0.55636514E-29 -0.68112965E-29
  0.11718335E+14 -0.46858811E-29 -0.69575985E-29
  0.11766165E+14 -0.41456233E-29 -0.71559760E-29
  0.11813995E+14 -0.34264906E-29 -0.69798258E-29
  0.11861825E+14 -0.27321129E-29 -0.69827897E-29
  0.11909655E+14 -0.23019772E-29 -0.70559655E-29
  0.11957484E+14 -0.15507990E-29 -0.67194902E-29
  0.12005314E+14 -0.16548575E-29 -0.66364398E-29
  0.12053144E+14 -0.90540403E-30 -0.65558711E-29
  0.12100974E+14 -0.49717059E-30 -0.68202054E-29
  0.12148804E+14  0.27417065E-30 -0.68439115E-29
  0.12196634E+14  0.12457438E-29 -0.63645063E-29
  0.12244464E+14  0.13976280E-29 -0.59332692E-29
  0.12292294E+14  0.20422795E-29 -0.54176611E-29
  0.12340124E+14  0.22955356E-29 -0.49390497E-29
  0.12387954E+14  0.26202330E-29 -0.44101125E-29
  0.12435784E+14  0.24769271E-29 -0.39437043E-29
  0.12483614E+14  0.25755867E-29 -0.35885629E-29
  0.12531444E+14  0.24368077E-29 -0.32316507E-29
  0.12579274E+14  0.22114238E-29 -0.30916687E-29
  0.12627104E+14  0.11353758E-29 -0.50758064E-29
  0.12674934E+14  0.54159843E-29 -0.37873166E-29
  0.12722764E+14  0.53182727E-29 -0.20778592E-29
  0.12770593E+14  0.50485082E-29 -0.92364589E-30
  0.12818423E+14  0.46464868E-29 -0.14987807E-30
  0.12866253E+14  0.43001331E-29  0.55391856E-30
  0.12914083E+14  0.37464835E-29  0.10100917E-29
  0.12961913E+14  0.33016020E-29  0.14741332E-29
  0.13009743E+14  0.28152457E-29  0.17580591E-29
  0.13057573E+14  0.23074308E-29  0.19709349E-29
  0.13105403E+14  0.18460025E-29  0.21084412E-29
  0.13153233E+14  0.13698606E-29  0.22039330E-29
  0.13201063E+14  0.83656204E-30  0.21285608E-29
  0.13248893E+14  0.39199649E-30  0.20377810E-29
  0.13296723E+14  0.00000000E+00  0.15769734E-29
  0.13344553E+14  0.00000000E+00  0.12687699E-29
  0.13392383E+14  0.00000000E+00  0.11005081E-29
  0.13440213E+14  0.00000000E+00  0.98516924E-30
  0.13488043E+14  0.00000000E+00  0.90125074E-30
  0.13535872E+14  0.00000000E+00  0.83833075E-30
  0.13583702E+14  0.00000000E+00  0.79040906E-30
  0.13631532E+14  0.00000000E+00  0.75367648E-30
  0.13679362E+14  0.00000000E+00  0.72555551E-30
  0.13727192E+14  0.00000000E+00  0.70422152E-30
  0.13775022E+14  0.00000000E+00  0.68833848E-30
  0.13822852E+14  0.00000000E+00  0.67690220E-30
  0.13870682E+14  0.00000000E+00  0.66914187E-30
  0.13918512E+14  0.00000000E+00  0.66445571E-30
  0.13966342E+14  0.00000000E+00  0.66236722E-30
  0.14014172E+14  0.00000000E+00  0.66249460E-30
  0.14062002E+14  0.00000000E+00  0.66452895E-30
  0.14109832E+14  0.00000000E+00  0.66821822E-30
  0.14157662E+14  0.00000000E+00  0.67335537E-30
  0.14205492E+14  0.00000000E+00  0.67976932E-30
  0.14253322E+14  0.00000000E+00  0.68731813E-30
  0.14301151E+14  0.00000000E+00  0.69588359E-30
  0.14348981E+14  0.00000000E+00  0.70536702E-30
  0.14396811E+14  0.00000000E+00  0.71568602E-30
  0.14444641E+14  0.00000000E+00  0.72677174E-30
  0.14492471E+14  0.00000000E+00  0.73856680E-30
  0.14540301E+14  0.00000000E+00  0.75102352E-30
  0.14588131E+14  0.00000000E+00  0.76410255E-30
  0.14635961E+14  0.00000000E+00  0.77777168E-30
  0.14683791E+14  0.00000000E+00  0.79200491E-30
  0.14731621E+14  0.00000000E+00  0.80678168E-30
  0.14779451E+14  0.00000000E+00  0.82208619E-30
  0.14827281E+14  0.00000000E+00  0.83790689E-30
  0.14875111E+14  0.00000000E+00  0.85423603E-30
  0.14922941E+14  0.00000000E+00  0.87106929E-30
  0.14970771E+14  0.00000000E+00  0.88840548E-30
  0.15018601E+14  0.00000000E+00  0.90624628E-30
  0.15066430E+14  0.00000000E+00  0.92459607E-30
  0.15114260E+14  0.00000000E+00  0.94346176E-30
  0.15162090E+14  0.00000000E+00  0.96285265E-30
  0.15209920E+14  0.00000000E+00  0.98278035E-30
  0.15257750E+14  0.00000000E+00  0.10032587E-29
  0.15305580E+14  0.00000000E+00  0.10243039E-29
  0.15353410E+14  0.00000000E+00  0.10459341E-29
  0.15401240E+14  0.00000000E+00  0.10681698E-29
  0.15449070E+14  0.00000000E+00  0.10910338E-29
  0.15496900E+14  0.00000000E+00  0.11145512E-29
  0.15544730E+14  0.00000000E+00  0.11387493E-29
  0.15592560E+14  0.00000000E+00  0.11636580E-29
  0.15640390E+14  0.00000000E+00  0.11893099E-29
  0.15688220E+14  0.00000000E+00  0.12157401E-29
  0.15736050E+14  0.00000000E+00  0.12429869E-29
  0.15783880E+14  0.00000000E+00  0.12710914E-29
  0.15831709E+14  0.00000000E+00  0.13000982E-29
  0.15879539E+14  0.00000000E+00  0.13300556E-29
  0.15927369E+14  0.00000000E+00  0.13610156E-29
  0.15975199E+14  0.00000000E+00  0.13930345E-29
  0.16023029E+14  0.00000000E+00  0.14261733E-29
  0.16070859E+14  0.00000000E+00  0.14604979E-29
  0.16118689E+14  0.00000000E+00  0.14960799E-29
  0.16166519E+14  0.00000000E+00  0.15329971E-29
  0.16214349E+14  0.00000000E+00  0.15713338E-29
  0.16262179E+14  0.00000000E+00  0.16111822E-29
  0.16310009E+14  0.00000000E+00  0.16526425E-29
  0.16357839E+14  0.00000000E+00  0.16958247E-29
  0.16405669E+14  0.00000000E+00  0.17408490E-29
  0.16453499E+14  0.00000000E+00  0.17878476E-29
  0.16501329E+14  0.00000000E+00  0.18369662E-29
  0.16549159E+14  0.00000000E+00  0.18883655E-29
  0.16596988E+14  0.00000000E+00  0.19422237E-29
  0.16644818E+14  0.00000000E+00  0.19987389E-29
  0.16692648E+14  0.00000000E+00  0.20581319E-29
  0.16740478E+14  0.00000000E+00  0.21206502E-29
  0.16788308E+14  0.00000000E+00  0.21865720E-29
  0.16836138E+14  0.00000000E+00  0.22562115E-29
  0.16883968E+14  0.00000000E+00  0.23299255E-29
  0.16931798E+14  0.00000000E+00  0.24081214E-29
  0.16979628E+14  0.00000000E+00  0.24912670E-29
  0.17027458E+14  0.00000000E+00  0.25799031E-29
  0.17075288E+14  0.00000000E+00  0.26746597E-29
  0.17123118E+14  0.00000000E+00  0.27762769E-29
  0.17170948E+14  0.00000000E+00  0.28856321E-29
  0.17218778E+14  0.00000000E+00  0.30037771E-29
  0.17266608E+14  0.00000000E+00  0.31319886E-29
  0.17314438E+14  0.00000000E+00  0.32718387E-29
  0.17362267E+14  0.00000000E+00  0.34252973E-29
  0.17410097E+14  0.00000000E+00  0.35948847E-29
  0.17457927E+14  0.00000000E+00  0.37839092E-29
  0.17505757E+14  0.00000000E+00  0.39968588E-29
  0.17553587E+14  0.00000000E+00  0.42400895E-29
  0.17601417E+14  0.00000000E+00  0.45231579E-29
  0.17649247E+14  0.00000000E+00  0.48617761E-29
  0.17697077E+14  0.00000000E+00  0.52859629E-29
  0.17744907E+14  0.00000000E+00  0.58749343E-29
  0.17792737E+14 -0.41027202E-30  0.68696412E-29
  0.17840567E+14 -0.12642450E-29  0.74091660E-29
  0.17888397E+14 -0.20667831E-29  0.76501892E-29
  0.17936227E+14 -0.28299167E-29  0.78128881E-29
  0.17984057E+14 -0.35023288E-29  0.79404558E-29
  0.18031887E+14 -0.42920551E-29  0.79360911E-29
  0.18079717E+14 -0.50691145E-29  0.78490762E-29
  0.18127547E+14 -0.59071813E-29  0.77569779E-29
  0.18175376E+14 -0.67083835E-29  0.73959080E-29
  0.18223206E+14 -0.73939346E-29  0.70951720E-29
  0.18271036E+14 -0.82671580E-29  0.68437943E-29
  0.18318866E+14 -0.93026101E-29  0.59344567E-29
  0.18366696E+14 -0.97945000E-29  0.46106686E-29
  0.18414526E+14 -0.98879493E-29  0.36452374E-29
  0.18462356E+14 -0.97830177E-29  0.29351482E-29
  0.18510186E+14 -0.93936133E-29  0.22030656E-29
  0.18558016E+14 -0.94740929E-29  0.16341525E-29
  0.18605846E+14 -0.92870610E-29  0.11428587E-29
  0.18653676E+14 -0.88377068E-29  0.60486247E-30
  0.18701506E+14 -0.87454141E-29  0.16722909E-30
  0.18749336E+14 -0.82839882E-29  0.53562283E-31
  0.18797166E+14 -0.79299438E-29 -0.42252160E-30
  0.18844996E+14 -0.83156581E-29 -0.70771608E-30
  0.18892826E+14 -0.75930285E-29 -0.50231413E-30
  0.18940655E+14 -0.72382460E-29 -0.90819967E-30
  0.18988485E+14 -0.74526690E-29 -0.73438157E-30
  0.19036315E+14 -0.69906017E-29 -0.10467707E-29
  0.19084145E+14 -0.72177152E-29 -0.12422052E-29
  0.19131975E+14 -0.68975987E-29 -0.84110564E-30
  0.19179805E+14 -0.69321097E-29 -0.12337692E-29
  0.19227635E+14 -0.67285836E-29 -0.10351860E-29
  0.19275465E+14 -0.62321582E-29 -0.12412834E-29
  0.19323295E+14 -0.67312530E-29 -0.98271256E-30
  0.19371125E+14 -0.60926481E-29 -0.10936044E-29
  0.19418955E+14 -0.67979163E-29 -0.96284639E-30
  0.19466785E+14 -0.62476048E-29 -0.82701303E-30
  0.19514615E+14 -0.67512247E-29 -0.95317748E-30
  0.19562445E+14 -0.66739542E-29 -0.50135924E-30
  0.19610275E+14 -0.70635544E-29 -0.84835556E-30
  0.19658105E+14 -0.68721998E-29 -0.45148734E-30
  0.19705934E+14 -0.72752331E-29 -0.60563476E-30
  0.19753764E+14 -0.77028517E-29 -0.49774748E-30
  0.19801594E+14 -0.79317145E-29 -0.56539553E-30
  0.19849424E+14 -0.81982726E-29 -0.33028793E-30
  0.19897254E+14 -0.88396078E-29 -0.70365688E-30
  0.19945084E+14 -0.91340595E-29 -0.49921344E-30
  0.19992914E+14 -0.99085586E-29 -0.10381933E-29
  0.20040744E+14 -0.10142145E-28 -0.93119733E-30
  0.20088574E+14 -0.11054077E-28 -0.16558329E-29
  0.20136404E+14 -0.11473646E-28 -0.18154457E-29
  0.20184234E+14 -0.11958314E-28 -0.27514057E-29
  0.20232064E+14 -0.12723967E-28 -0.27634575E-29
  0.20279894E+14 -0.12946328E-28 -0.37816612E-29
  0.20327724E+14 -0.13778478E-28 -0.39466028E-29
  0.20375554E+14 -0.13751965E-28 -0.48789419E-29
  0.20423384E+14 -0.15655119E-28 -0.58356419E-29
  0.20471213E+14 -0.15684436E-28 -0.61812743E-29
  0.20519043E+14 -0.16520522E-28 -0.78206751E-29
  0.20566873E+14 -0.18802409E-28 -0.90182856E-29
  0.20614703E+14 -0.19567151E-28 -0.10799445E-28
  0.20662533E+14 -0.21500851E-28 -0.13148063E-28
  0.20710363E+14 -0.24000164E-28 -0.15784638E-28
  0.20758193E+14 -0.28295059E-28 -0.20102852E-28
  0.20806023E+14 -0.36759828E-28 -0.26829852E-28
  0.20853853E+14 -0.36174968E-28 -0.63738779E-28
  0.20901683E+14  0.54923560E-29 -0.68737844E-28
  0.20949513E+14  0.82524573E-29 -0.61397065E-28
  0.20997343E+14  0.54533124E-28 -0.68580387E-28
  0.21045173E+14  0.55444144E-28 -0.27608330E-28
  0.21093003E+14  0.49565417E-28 -0.11266280E-28
  0.21140833E+14  0.43086204E-28 -0.38912482E-30
  0.21188663E+14  0.35441890E-28  0.79646997E-29
  0.21236492E+14  0.26990514E-28  0.13166034E-28
  0.21284322E+14  0.19397289E-28  0.15230286E-28
  0.21332152E+14  0.12070257E-28  0.15468144E-28
  0.21379982E+14  0.61746178E-29  0.12822511E-28
  0.21427812E+14  0.35618600E-29  0.95247753E-29
  0.21475642E+14  0.26377701E-29  0.76102052E-29
  0.21523472E+14  0.18030942E-29  0.74998169E-29
  0.21571302E+14 -0.28765572E-29  0.93825631E-29
  0.21619132E+14 -0.23944274E-29 -0.22462309E-29
  0.21666962E+14 -0.10643668E-29 -0.49135770E-30
  0.21714792E+14 -0.73232450E-30 -0.85770910E-30
  0.21762622E+14 -0.53998835E-30 -0.12955939E-29
  0.21810452E+14 -0.38373073E-30 -0.16998037E-29
  0.21858282E+14 -0.19300388E-30 -0.20798902E-29
  0.21906112E+14 -0.87291534E-31 -0.23626017E-29
  0.21953942E+14  0.57549353E-31 -0.26446613E-29
  0.22001771E+14  0.25669716E-30 -0.28717084E-29
  0.22049601E+14  0.33672371E-30 -0.31065863E-29
  0.22097431E+14  0.52994408E-30 -0.32893304E-29
  0.22145261E+14  0.72159207E-30 -0.34052409E-29
  0.22193091E+14  0.81869377E-30 -0.35201390E-29
  0.22240921E+14  0.10134911E-29 -0.36260458E-29
  0.22288751E+14  0.11188161E-29 -0.37122095E-29
  0.22336581E+14  0.13624932E-29 -0.37852802E-29
  0.22384411E+14  0.15077257E-29 -0.37869160E-29
  0.22432241E+14  0.16166237E-29 -0.37517570E-29
  0.22480071E+14  0.17443600E-29 -0.38696963E-29
  0.22527901E+14  0.19743669E-29 -0.38036328E-29
  0.22575731E+14  0.20348753E-29 -0.37873542E-29
  0.22623561E+14  0.22233293E-29 -0.37634875E-29
  0.22671391E+14  0.23087994E-29 -0.37217159E-29
  0.22719221E+14  0.24293518E-29 -0.36965110E-29
  0.22767050E+14  0.25880643E-29 -0.36275380E-29
  0.22814880E+14  0.26833294E-29 -0.35405884E-29
  0.22862710E+14  0.27548394E-29 -0.35183142E-29
  0.22910540E+14  0.29349908E-29 -0.34433575E-29
  0.22958370E+14  0.29558035E-29 -0.33215539E-29
  0.23006200E+14  0.30813986E-29 -0.32765437E-29
  0.23054030E+14  0.32092443E-29 -0.31791704E-29
  0.23101860E+14  0.32411036E-29 -0.30814112E-29
  0.23149690E+14  0.33281183E-29 -0.29862551E-29
  0.23197520E+14  0.33768043E-29 -0.28992667E-29
  0.23245350E+14  0.34693288E-29 -0.27938601E-29
  0.23293180E+14  0.35458783E-29 -0.27007817E-29
  0.23341010E+14  0.35712800E-29 -0.26040549E-29
  0.23388840E+14  0.36528700E-29 -0.24956923E-29
  0.23436670E+14  0.37094867E-29 -0.23685075E-29
  0.23484500E+14  0.37204476E-29 -0.22349703E-29
  0.23532329E+14  0.37494436E-29 -0.21974595E-29
  0.23580159E+14  0.38325290E-29 -0.20306718E-29
  0.23627989E+14  0.38204805E-29 -0.19256752E-29
  0.23675819E+14  0.38438222E-29 -0.18482397E-29
  0.23723649E+14  0.39336234E-29 -0.17367888E-29
  0.23771479E+14  0.38958036E-29 -0.15638322E-29
  0.23819309E+14  0.39035400E-29 -0.15048296E-29
  0.23867139E+14  0.39081631E-29 -0.13636560E-29
  0.23914969E+14  0.39059849E-29 -0.13006987E-29
  0.23962799E+14  0.39223197E-29 -0.11050633E-29
  0.24010629E+14  0.38577820E-29 -0.11019041E-29
  0.24058459E+14  0.39212384E-29 -0.94419212E-30
  0.24106289E+14  0.38720451E-29 -0.85397782E-30
  0.24154119E+14  0.38754292E-29 -0.72727904E-30
  0.24201949E+14  0.38176133E-29 -0.63727487E-30
  0.24249779E+14  0.37978958E-29 -0.53941489E-30
  0.24297609E+14  0.37742008E-29 -0.44791940E-30
  0.24345438E+14  0.36792536E-29 -0.35768519E-30
  0.24393268E+14  0.36991001E-29 -0.28761869E-30
  0.24441098E+14  0.36194544E-29 -0.19592412E-30
  0.24488928E+14  0.35805523E-29 -0.18311154E-30
  0.24536758E+14  0.35312699E-29 -0.51166174E-31
  0.24584588E+14  0.34542716E-29 -0.48435814E-31
  0.24632418E+14  0.34115087E-29 -0.60789103E-32
  0.24680248E+14  0.33099551E-29 -0.27623699E-31
  0.24728078E+14  0.32976778E-29 -0.81960575E-31
  0.24775908E+14  0.33666066E-29 -0.23362755E-30
  0.24823738E+14  0.36103925E-29 -0.25385263E-30
  0.24871568E+14  0.38597792E-29 -0.15293607E-31
  0.24919398E+14  0.38773388E-29  0.19181106E-30
  0.24967228E+14  0.39655668E-29  0.39414517E-30
  0.25015058E+14  0.38668466E-29  0.58089209E-30
  0.25062888E+14  0.38389346E-29  0.75352304E-30
  0.25110717E+14  0.38240596E-29  0.88348934E-30
  0.25158547E+14  0.37440307E-29  0.10769669E-29
  0.25206377E+14  0.36546447E-29  0.12057107E-29
  0.25254207E+14  0.36344286E-29  0.13744032E-29
  0.25302037E+14  0.34674854E-29  0.14713723E-29
  0.25349867E+14  0.34027134E-29  0.15958618E-29
  0.25397697E+14  0.33596940E-29  0.17118360E-29
  0.25445527E+14  0.32504325E-29  0.18604695E-29
  0.25493357E+14  0.31063526E-29  0.19253953E-29
  0.25541187E+14  0.29780992E-29  0.20660270E-29
  0.25589017E+14  0.29204810E-29  0.21373875E-29
  0.25636847E+14  0.26873411E-29  0.22124704E-29
  0.25684677E+14  0.26244131E-29  0.23232448E-29
  0.25732507E+14  0.25167942E-29  0.23521929E-29
  0.25780337E+14  0.23329395E-29  0.24144018E-29
  0.25828167E+14  0.21925420E-29  0.24912870E-29
  0.25875996E+14  0.21041213E-29  0.25119979E-29
  0.25923826E+14  0.19205507E-29  0.25685477E-29
  0.25971656E+14  0.18288392E-29  0.26132397E-29
  0.26019486E+14  0.16732193E-29  0.26009722E-29
  0.26067316E+14  0.14535401E-29  0.26496897E-29
  0.26115146E+14  0.14149828E-29  0.26769540E-29
  0.26162976E+14  0.13302011E-29  0.26737361E-29
  0.26210806E+14  0.97227525E-30  0.26553034E-29
  0.26258636E+14  0.87711399E-30  0.26596759E-29
  0.26306466E+14  0.79298773E-30  0.26329944E-29
  0.26354296E+14  0.71282401E-30  0.25761753E-29
  0.26402126E+14  0.51598594E-30  0.25555232E-29
  0.26449956E+14  0.33312606E-30  0.25023656E-29
  0.26497786E+14  0.19047187E-30  0.24504426E-29
  0.26545616E+14  0.37764205E-31  0.23882212E-29
  0.26593446E+14 -0.10987287E-30  0.22929811E-29
  0.26641275E+14 -0.24738908E-30  0.21933133E-29
  0.26689105E+14 -0.37615163E-30  0.20932912E-29
  0.26736935E+14 -0.50402460E-30  0.19693543E-29
  0.26784765E+14 -0.64538640E-30  0.17776004E-29
  0.26832595E+14 -0.70056580E-30  0.16529892E-29
  0.26880425E+14 -0.86186151E-30  0.14115763E-29
  0.26928255E+14 -0.99046980E-30  0.11161830E-29
  0.26976085E+14 -0.11553810E-29  0.47262515E-30
  0.27023915E+14  0.00000000E+00  0.38453686E-30
  0.27071745E+14  0.00000000E+00  0.64796445E-30
  0.27119575E+14  0.00000000E+00  0.72794726E-30
  0.27167405E+14  0.00000000E+00  0.75965148E-30
  0.27215235E+14  0.00000000E+00  0.77063334E-30
  0.27263065E+14  0.00000000E+00  0.77094093E-30
  0.27310895E+14  0.00000000E+00  0.76521078E-30
  0.27358725E+14  0.00000000E+00  0.75588897E-30
  0.27406554E+14  0.00000000E+00  0.74438271E-30
  0.27454384E+14  0.00000000E+00  0.73155145E-30
  0.27502214E+14  0.00000000E+00  0.71794311E-30
  0.27550044E+14  0.00000000E+00  0.70391799E-30
  0.27597874E+14  0.00000000E+00  0.68971836E-30
  0.27645704E+14  0.00000000E+00  0.67550954E-30
  0.27693534E+14  0.00000000E+00  0.66140530E-30
  0.27741364E+14  0.00000000E+00  0.64748407E-30
  0.27789194E+14  0.00000000E+00  0.63379960E-30
  0.27837024E+14  0.00000000E+00  0.62038812E-30
  0.27884854E+14  0.00000000E+00  0.60727334E-30
  0.27932684E+14  0.00000000E+00  0.59446989E-30
  0.27980514E+14  0.00000000E+00  0.58198580E-30
  0.28028344E+14  0.00000000E+00  0.56982428E-30
  0.28076174E+14  0.00000000E+00  0.55798498E-30
  0.28124004E+14  0.00000000E+00  0.54646504E-30
  0.28171833E+14  0.00000000E+00  0.53525968E-30
  0.28219663E+14  0.00000000E+00  0.52436283E-30
  0.28267493E+14  0.00000000E+00  0.51376749E-30
  0.28315323E+14  0.00000000E+00  0.50346601E-30
  0.28363153E+14  0.00000000E+00  0.49345036E-30
  0.28410983E+14  0.00000000E+00  0.48371225E-30
  0.28458813E+14  0.00000000E+00  0.47424332E-30
  0.28506643E+14  0.00000000E+00  0.46503520E-30
  0.28554473E+14  0.00000000E+00  0.45607958E-30
  0.28602303E+14  0.00000000E+00  0.44736827E-30
  0.28650133E+14  0.00000000E+00  0.43889327E-30
  0.28697963E+14  0.00000000E+00  0.43064674E-30
  0.28745793E+14  0.00000000E+00  0.42262108E-30
  0.28793623E+14  0.00000000E+00  0.41480890E-30
  0.28841453E+14  0.00000000E+00  0.40720305E-30
  0.28889283E+14  0.00000000E+00  0.39979661E-30
  0.28937112E+14  0.00000000E+00  0.39258292E-30
  0.28984942E+14  0.00000000E+00  0.38555552E-30
  0.29032772E+14  0.00000000E+00  0.37870822E-30
  0.29080602E+14  0.00000000E+00  0.37203503E-30
  0.29128432E+14  0.00000000E+00  0.36553021E-30
  0.29176262E+14  0.00000000E+00  0.35918822E-30
  0.29224092E+14  0.00000000E+00  0.35300374E-30
  0.29271922E+14  0.00000000E+00  0.34697163E-30
  0.29319752E+14  0.00000000E+00  0.34108698E-30
  0.29367582E+14  0.00000000E+00  0.33534504E-30
  0.29415412E+14  0.00000000E+00  0.32974127E-30
  0.29463242E+14  0.00000000E+00  0.32427129E-30
  0.29511072E+14  0.00000000E+00  0.31893088E-30
  0.29558902E+14  0.00000000E+00  0.31371599E-30
  0.29606732E+14  0.00000000E+00  0.30862272E-30
  0.29654562E+14  0.00000000E+00  0.30364733E-30
  0.29702391E+14  0.00000000E+00  0.29878621E-30
  0.29750221E+14  0.00000000E+00  0.29403589E-30
  0.29798051E+14  0.00000000E+00  0.28939303E-30
  0.29845881E+14  0.00000000E+00  0.28485440E-30
  0.29893711E+14  0.00000000E+00  0.28041692E-30
  0.29941541E+14  0.00000000E+00  0.27607760E-30
  0.29989371E+14  0.00000000E+00  0.27183357E-30
  0.30037201E+14  0.00000000E+00  0.26768205E-30
  0.30085031E+14  0.00000000E+00  0.26362038E-30
  0.30132861E+14  0.00000000E+00  0.25964598E-30
  0.30180691E+14  0.00000000E+00  0.25575638E-30
  0.30228521E+14  0.00000000E+00  0.25194918E-30
  0.30276351E+14  0.00000000E+00  0.24822207E-30
  0.30324181E+14  0.00000000E+00  0.24457282E-30
  0.30372011E+14  0.00000000E+00  0.24099928E-30
  0.30419841E+14  0.00000000E+00  0.23749939E-30
  0.30467671E+14  0.00000000E+00  0.23407112E-30
  0.30515500E+14  0.00000000E+00  0.23071256E-30
  0.30563330E+14  0.00000000E+00  0.22742181E-30
  0.30611160E+14  0.00000000E+00  0.22419709E-30
  0.30658990E+14  0.00000000E+00  0.22103664E-30
  0.30706820E+14  0.00000000E+00  0.21793876E-30
  0.30754650E+14  0.00000000E+00  0.21490183E-30
  0.30802480E+14  0.00000000E+00  0.21192427E-30
  0.30850310E+14  0.00000000E+00  0.20900455E-30
  0.30898140E+14  0.00000000E+00  0.20614118E-30
  0.30945970E+14  0.00000000E+00  0.20333275E-30
  0.30993800E+14  0.00000000E+00  0.20057784E-30
  0.31041630E+14  0.00000000E+00  0.19787514E-30
  0.31089460E+14  0.00000000E+00  0.19522333E-30
  0.31137290E+14  0.00000000E+00  0.19262116E-30
  0.31185120E+14  0.00000000E+00  0.19006740E-30
  0.31232950E+14  0.00000000E+00  0.18756088E-30
  0.31280779E+14  0.00000000E+00  0.18510044E-30
  0.31328609E+14  0.00000000E+00  0.18268498E-30
  0.31376439E+14  0.00000000E+00  0.18031341E-30
  0.31424269E+14  0.00000000E+00  0.17798469E-30
  0.31472099E+14  0.00000000E+00  0.17569781E-30
  0.31519929E+14  0.00000000E+00  0.17345177E-30
  0.31567759E+14  0.00000000E+00  0.17124563E-30
  0.31615589E+14  0.00000000E+00  0.16907846E-30
  0.31663419E+14  0.00000000E+00  0.16694935E-30
  0.31711249E+14  0.00000000E+00  0.16485744E-30
  0.31759079E+14  0.00000000E+00  0.16280186E-30
  0.31806909E+14  0.00000000E+00  0.16078181E-30
  0.31854739E+14  0.00000000E+00  0.15879647E-30
  0.31902569E+14  0.00000000E+00  0.15684506E-30
  0.31950399E+14  0.00000000E+00  0.15492683E-30
  0.31998229E+14  0.00000000E+00  0.15304105E-30
  0.32046058E+14  0.00000000E+00  0.15118699E-30
  0.32093888E+14  0.00000000E+00  0.14936396E-30
  0.32141718E+14  0.00000000E+00  0.14757129E-30
  0.32189548E+14  0.00000000E+00  0.14580831E-30
  0.32237378E+14  0.00000000E+00  0.14407439E-30
  0.32285208E+14  0.00000000E+00  0.14236889E-30
  0.32333038E+14  0.00000000E+00  0.14069123E-30
  0.32380868E+14  0.00000000E+00  0.13904079E-30
  0.32428698E+14  0.00000000E+00  0.13741701E-30
  0.32476528E+14  0.00000000E+00  0.13581933E-30
  0.32524358E+14  0.00000000E+00  0.13424721E-30
  0.32572188E+14  0.00000000E+00  0.13270011E-30
  0.32620018E+14  0.00000000E+00  0.13117751E-30
  0.32667848E+14  0.00000000E+00  0.12967892E-30
  0.32715678E+14  0.00000000E+00  0.12820383E-30
  0.32763508E+14  0.00000000E+00  0.12675178E-30
  0.32811337E+14  0.00000000E+00  0.12532229E-30
  0.32859167E+14  0.00000000E+00  0.12391491E-30
  0.32906997E+14  0.00000000E+00  0.12252920E-30
  0.32954827E+14  0.00000000E+00  0.12116473E-30
  0.33002657E+14  0.00000000E+00  0.11982107E-30
  0.33050487E+14  0.00000000E+00  0.11849781E-30
  0.33098317E+14  0.00000000E+00  0.11719455E-30
  0.33146147E+14  0.00000000E+00  0.11591090E-30
  0.33193977E+14  0.00000000E+00  0.11464649E-30
  0.33241807E+14  0.00000000E+00  0.11340092E-30
  0.33289637E+14  0.00000000E+00  0.11217385E-30
  0.33337467E+14  0.00000000E+00  0.11096492E-30
  0.33385297E+14  0.00000000E+00  0.10977378E-30
  0.33433127E+14  0.00000000E+00  0.10860010E-30
  0.33480957E+14  0.00000000E+00  0.10744353E-30
  0.33528787E+14  0.00000000E+00  0.10630377E-30
  0.33576616E+14  0.00000000E+00  0.10518049E-30
  0.33624446E+14  0.00000000E+00  0.10407339E-30
  0.33672276E+14  0.00000000E+00  0.10298217E-30
  0.33720106E+14  0.00000000E+00  0.10190653E-30
  0.33767936E+14  0.00000000E+00  0.10084619E-30
  0.33815766E+14  0.00000000E+00  0.99800871E-31
  0.33863596E+14  0.00000000E+00  0.98770290E-31
  0.33911426E+14  0.00000000E+00  0.97754184E-31
  0.33959256E+14  0.00000000E+00  0.96752292E-31
  0.34007086E+14  0.00000000E+00  0.95764357E-31
  0.34054916E+14  0.00000000E+00  0.94790129E-31
  0.34102746E+14  0.00000000E+00  0.93829364E-31
  0.34150576E+14  0.00000000E+00  0.92881822E-31
  0.34198406E+14  0.00000000E+00  0.91947270E-31
  0.34246236E+14  0.00000000E+00  0.91025478E-31
  0.34294066E+14  0.00000000E+00  0.90116222E-31
  0.34341895E+14  0.00000000E+00  0.89219284E-31
  0.34389725E+14  0.00000000E+00  0.88334450E-31
  0.34437555E+14  0.00000000E+00  0.87461508E-31
  0.34485385E+14  0.00000000E+00  0.86600255E-31
  0.34533215E+14  0.00000000E+00  0.85750490E-31
  0.34581045E+14  0.00000000E+00  0.84912015E-31
  0.34628875E+14  0.00000000E+00  0.84084639E-31
  0.34676705E+14  0.00000000E+00  0.83268172E-31
  0.34724535E+14  0.00000000E+00  0.82462432E-31
  0.34772365E+14  0.00000000E+00  0.81667236E-31
  0.34820195E+14  0.00000000E+00  0.80882408E-31
  0.34868025E+14  0.00000000E+00  0.80107775E-31
  0.34915855E+14  0.00000000E+00  0.79343167E-31
  0.34963685E+14  0.00000000E+00  0.78588419E-31
  0.35011515E+14  0.00000000E+00  0.77843367E-31
  0.35059345E+14  0.00000000E+00  0.77107851E-31
  0.35107174E+14  0.00000000E+00  0.76381717E-31
  0.35155004E+14  0.00000000E+00  0.75664810E-31
  0.35202834E+14  0.00000000E+00  0.74956980E-31
  0.35250664E+14  0.00000000E+00  0.74258081E-31
  0.35298494E+14  0.00000000E+00  0.73567969E-31
  0.35346324E+14  0.00000000E+00  0.72886502E-31
  0.35394154E+14  0.00000000E+00  0.72213542E-31
  0.35441984E+14  0.00000000E+00  0.71548953E-31
  0.35489814E+14  0.00000000E+00  0.70892602E-31
  0.35537644E+14  0.00000000E+00  0.70244360E-31
  0.35585474E+14  0.00000000E+00  0.69604097E-31
  0.35633304E+14  0.00000000E+00  0.68971688E-31
  0.35681134E+14  0.00000000E+00  0.68347011E-31
  0.35728964E+14  0.00000000E+00  0.67729945E-31
  0.35776794E+14  0.00000000E+00  0.67120371E-31
  0.35824624E+14  0.00000000E+00  0.66518174E-31
  0.35872453E+14  0.00000000E+00  0.65923240E-31
  0.35920283E+14  0.00000000E+00  0.65335456E-31
  0.35968113E+14  0.00000000E+00  0.64754714E-31
  0.36015943E+14  0.00000000E+00  0.64180906E-31
  0.36063773E+14  0.00000000E+00  0.63613926E-31
  0.36111603E+14  0.00000000E+00  0.63053671E-31
  0.36159433E+14  0.00000000E+00  0.62500039E-31
  0.36207263E+14  0.00000000E+00  0.61952931E-31
  0.36255093E+14  0.00000000E+00  0.61412248E-31
  0.36302923E+14  0.00000000E+00  0.60877895E-31
  0.36350753E+14  0.00000000E+00  0.60349778E-31
  0.36398583E+14  0.00000000E+00  0.59827802E-31
  0.36446413E+14  0.00000000E+00  0.59311879E-31
  0.36494243E+14  0.00000000E+00  0.58801918E-31
  0.36542073E+14  0.00000000E+00  0.58297832E-31
  0.36589903E+14  0.00000000E+00  0.57799535E-31
  0.36637733E+14  0.00000000E+00  0.57306942E-31
  0.36685562E+14  0.00000000E+00  0.56819970E-31
  0.36733392E+14  0.00000000E+00  0.56338537E-31
  0.36781222E+14  0.00000000E+00  0.55862565E-31
  0.36829052E+14  0.00000000E+00  0.55391973E-31
  0.36876882E+14  0.00000000E+00  0.54926685E-31
  0.36924712E+14  0.00000000E+00  0.54466625E-31
  0.36972542E+14  0.00000000E+00  0.54011718E-31
  0.37020372E+14  0.00000000E+00  0.53561891E-31
  0.37068202E+14  0.00000000E+00  0.53117071E-31
  0.37116032E+14  0.00000000E+00  0.52677189E-31
  0.37163862E+14  0.00000000E+00  0.52242174E-31
  0.37211692E+14  0.00000000E+00  0.51811959E-31
  0.37259522E+14  0.00000000E+00  0.51386475E-31
  0.37307352E+14  0.00000000E+00  0.50965657E-31
  0.37355182E+14  0.00000000E+00  0.50549441E-31
  0.37403012E+14  0.00000000E+00  0.50137762E-31
  0.37450841E+14  0.00000000E+00  0.49730557E-31
  0.37498671E+14  0.00000000E+00  0.49327765E-31
  0.37546501E+14  0.00000000E+00  0.48929326E-31
  0.37594331E+14  0.00000000E+00  0.48535180E-31
  0.37642161E+14  0.00000000E+00  0.48145267E-31
  0.37689991E+14  0.00000000E+00  0.47759531E-31
  0.37737821E+14  0.00000000E+00  0.47377915E-31
  0.37785651E+14  0.00000000E+00  0.47000363E-31
  0.37833481E+14  0.00000000E+00  0.46626821E-31
  0.37881311E+14  0.00000000E+00  0.46257233E-31
  0.37929141E+14  0.00000000E+00  0.45891549E-31
  0.37976971E+14  0.00000000E+00  0.45529714E-31
  0.38024801E+14  0.00000000E+00  0.45171678E-31
  0.38072631E+14  0.00000000E+00  0.44817391E-31
  0.38120461E+14  0.00000000E+00  0.44466803E-31
  0.38168291E+14  0.00000000E+00  0.44119864E-31
  0.38216120E+14  0.00000000E+00  0.43776528E-31
  0.38263950E+14  0.00000000E+00  0.43436746E-31
  0.38311780E+14  0.00000000E+00  0.43100472E-31
  0.38359610E+14  0.00000000E+00  0.42767660E-31
  0.38407440E+14  0.00000000E+00  0.42438266E-31
  0.38455270E+14  0.00000000E+00  0.42112245E-31
  0.38503100E+14  0.00000000E+00  0.41789553E-31
  0.38550930E+14  0.00000000E+00  0.41470147E-31
  0.38598760E+14  0.00000000E+00  0.41153985E-31
  0.38646590E+14  0.00000000E+00  0.40841025E-31
  0.38694420E+14  0.00000000E+00  0.40531227E-31
  0.38742250E+14  0.00000000E+00  0.40224550E-31
  0.38790080E+14  0.00000000E+00  0.39920955E-31
  0.38837910E+14  0.00000000E+00  0.39620401E-31
  0.38885740E+14  0.00000000E+00  0.39322852E-31
  0.38933570E+14  0.00000000E+00  0.39028268E-31
  0.38981399E+14  0.00000000E+00  0.38736613E-31
  0.39029229E+14  0.00000000E+00  0.38447850E-31
  0.39077059E+14  0.00000000E+00  0.38161943E-31
  0.39124889E+14  0.00000000E+00  0.37878855E-31
  0.39172719E+14  0.00000000E+00  0.37598553E-31
  0.39220549E+14  0.00000000E+00  0.37321001E-31
  0.39268379E+14  0.00000000E+00  0.37046165E-31
  0.39316209E+14  0.00000000E+00  0.36774013E-31
  0.39364039E+14  0.00000000E+00  0.36504510E-31
  0.39411869E+14  0.00000000E+00  0.36237624E-31
  0.39459699E+14  0.00000000E+00  0.35973324E-31
  0.39507529E+14  0.00000000E+00  0.35711578E-31
  0.39555359E+14  0.00000000E+00  0.35452354E-31
  0.39603189E+14  0.00000000E+00  0.35195622E-31
  0.39651019E+14  0.00000000E+00  0.34941352E-31
  0.39698849E+14  0.00000000E+00  0.34689514E-31
  0.39746678E+14  0.00000000E+00  0.34440079E-31
  0.39794508E+14  0.00000000E+00  0.34193018E-31
  0.39842338E+14  0.00000000E+00  0.33948302E-31
  0.39890168E+14  0.00000000E+00  0.33705904E-31
  0.39937998E+14  0.00000000E+00  0.33465795E-31
  0.39985828E+14  0.00000000E+00  0.33227949E-31
  0.40033658E+14  0.00000000E+00  0.32992339E-31
  0.40081488E+14  0.00000000E+00  0.32758938E-31
  0.40129318E+14  0.00000000E+00  0.32527721E-31
  0.40177148E+14  0.00000000E+00  0.32298661E-31
  0.40224978E+14  0.00000000E+00  0.32071733E-31
  0.40272808E+14  0.00000000E+00  0.31846912E-31
  0.40320638E+14  0.00000000E+00  0.31624174E-31
  0.40368468E+14  0.00000000E+00  0.31403495E-31
  0.40416298E+14  0.00000000E+00  0.31184850E-31
  0.40464128E+14  0.00000000E+00  0.30968215E-31
  0.40511957E+14  0.00000000E+00  0.30753569E-31
  0.40559787E+14  0.00000000E+00  0.30540887E-31
  0.40607617E+14  0.00000000E+00  0.30330147E-31
  0.40655447E+14  0.00000000E+00  0.30121327E-31
  0.40703277E+14  0.00000000E+00  0.29914405E-31
  0.40751107E+14  0.00000000E+00  0.29709359E-31
  0.40798937E+14  0.00000000E+00  0.29506168E-31
  0.40846767E+14  0.00000000E+00  0.29304810E-31
  0.40894597E+14  0.00000000E+00  0.29105265E-31
  0.40942427E+14  0.00000000E+00  0.28907513E-31
  0.40990257E+14  0.00000000E+00  0.28711533E-31
  0.41038087E+14  0.00000000E+00  0.28517306E-31
  0.41085917E+14  0.00000000E+00  0.28324810E-31
  0.41133747E+14  0.00000000E+00  0.28134028E-31
  0.41181577E+14  0.00000000E+00  0.27944941E-31
  0.41229407E+14  0.00000000E+00  0.27757528E-31
  0.41277236E+14  0.00000000E+00  0.27571772E-31
  0.41325066E+14  0.00000000E+00  0.27387654E-31
  0.41372896E+14  0.00000000E+00  0.27205156E-31
  0.41420726E+14  0.00000000E+00  0.27024260E-31
  0.41468556E+14  0.00000000E+00  0.26844948E-31
  0.41516386E+14  0.00000000E+00  0.26667204E-31
  0.41564216E+14  0.00000000E+00  0.26491010E-31
  0.41612046E+14  0.00000000E+00  0.26316349E-31
  0.41659876E+14  0.00000000E+00  0.26143204E-31
  0.41707706E+14  0.00000000E+00  0.25971558E-31
  0.41755536E+14  0.00000000E+00  0.25801396E-31
  0.41803366E+14  0.00000000E+00  0.25632702E-31
  0.41851196E+14  0.00000000E+00  0.25465459E-31
  0.41899026E+14  0.00000000E+00  0.25299652E-31
  0.41946856E+14  0.00000000E+00  0.25135265E-31
  0.41994686E+14  0.00000000E+00  0.24972283E-31
  0.42042516E+14  0.00000000E+00  0.24810692E-31
  0.42090345E+14  0.00000000E+00  0.24650476E-31
  0.42138175E+14  0.00000000E+00  0.24491620E-31
  0.42186005E+14  0.00000000E+00  0.24334110E-31
  0.42233835E+14  0.00000000E+00  0.24177933E-31
  0.42281665E+14  0.00000000E+00  0.24023073E-31
  0.42329495E+14  0.00000000E+00  0.23869517E-31
  0.42377325E+14  0.00000000E+00  0.23717250E-31
  0.42425155E+14  0.00000000E+00  0.23566261E-31
  0.42472985E+14  0.00000000E+00  0.23416534E-31
  0.42520815E+14  0.00000000E+00  0.23268058E-31
  0.42568645E+14  0.00000000E+00  0.23120818E-31
  0.42616475E+14  0.00000000E+00  0.22974802E-31
  0.42664305E+14  0.00000000E+00  0.22829997E-31
  0.42712135E+14  0.00000000E+00  0.22686391E-31
  0.42759965E+14  0.00000000E+00  0.22543970E-31
  0.42807795E+14  0.00000000E+00  0.22402724E-31
  0.42855624E+14  0.00000000E+00  0.22262640E-31
  0.42903454E+14  0.00000000E+00  0.22123706E-31
  0.42951284E+14  0.00000000E+00  0.21985909E-31
  0.42999114E+14  0.00000000E+00  0.21849239E-31
  0.43046944E+14  0.00000000E+00  0.21713684E-31
  0.43094774E+14  0.00000000E+00  0.21579232E-31
  0.43142604E+14  0.00000000E+00  0.21445873E-31
  0.43190434E+14  0.00000000E+00  0.21313595E-31
  0.43238264E+14  0.00000000E+00  0.21182387E-31
  0.43286094E+14  0.00000000E+00  0.21052238E-31
  0.43333924E+14  0.00000000E+00  0.20923138E-31
  0.43381754E+14  0.00000000E+00  0.20795076E-31
  0.43429584E+14  0.00000000E+00  0.20668042E-31
  0.43477414E+14  0.00000000E+00  0.20542025E-31
  0.43525244E+14  0.00000000E+00  0.20417016E-31
  0.43573074E+14  0.00000000E+00  0.20293003E-31
  0.43620903E+14  0.00000000E+00  0.20169978E-31
  0.43668733E+14  0.00000000E+00  0.20047931E-31
  0.43716563E+14  0.00000000E+00  0.19926850E-31
  0.43764393E+14  0.00000000E+00  0.19806729E-31
  0.43812223E+14  0.00000000E+00  0.19687555E-31
  0.43860053E+14  0.00000000E+00  0.19569321E-31
  0.43907883E+14  0.00000000E+00  0.19452017E-31
  0.43955713E+14  0.00000000E+00  0.19335634E-31
  0.44003543E+14  0.00000000E+00  0.19220163E-31
  0.44051373E+14  0.00000000E+00  0.19105595E-31
  0.44099203E+14  0.00000000E+00  0.18991920E-31
  0.44147033E+14  0.00000000E+00  0.18879132E-31
  0.44194863E+14  0.00000000E+00  0.18767220E-31
  0.44242693E+14  0.00000000E+00  0.18656176E-31
  0.44290523E+14  0.00000000E+00  0.18545992E-31
  0.44338353E+14  0.00000000E+00  0.18436660E-31
  0.44386182E+14  0.00000000E+00  0.18328172E-31
  0.44434012E+14  0.00000000E+00  0.18220518E-31
  0.44481842E+14  0.00000000E+00  0.18113692E-31
  0.44529672E+14  0.00000000E+00  0.18007685E-31
  0.44577502E+14  0.00000000E+00  0.17902490E-31
  0.44625332E+14  0.00000000E+00  0.17798098E-31
  0.44673162E+14  0.00000000E+00  0.17694502E-31
  0.44720992E+14  0.00000000E+00  0.17591695E-31
  0.44768822E+14  0.00000000E+00  0.17489669E-31
  0.44816652E+14  0.00000000E+00  0.17388416E-31
  0.44864482E+14  0.00000000E+00  0.17287930E-31
  0.44912312E+14  0.00000000E+00  0.17188203E-31
  0.44960142E+14  0.00000000E+00  0.17089227E-31
  0.45007972E+14  0.00000000E+00  0.16990997E-31
  0.45055802E+14  0.00000000E+00  0.16893504E-31
  0.45103632E+14  0.00000000E+00  0.16796743E-31
  0.45151461E+14  0.00000000E+00  0.16700705E-31
  0.45199291E+14  0.00000000E+00  0.16605385E-31
  0.45247121E+14  0.00000000E+00  0.16510775E-31
  0.45294951E+14  0.00000000E+00  0.16416870E-31
  0.45342781E+14  0.00000000E+00  0.16323662E-31
  0.45390611E+14  0.00000000E+00  0.16231145E-31
  0.45438441E+14  0.00000000E+00  0.16139313E-31
  0.45486271E+14  0.00000000E+00  0.16048159E-31
  0.45534101E+14  0.00000000E+00  0.15957678E-31
  0.45581931E+14  0.00000000E+00  0.15867862E-31
  0.45629761E+14  0.00000000E+00  0.15778707E-31
  0.45677591E+14  0.00000000E+00  0.15690205E-31
  0.45725421E+14  0.00000000E+00  0.15602351E-31
  0.45773251E+14  0.00000000E+00  0.15515139E-31
  0.45821081E+14  0.00000000E+00  0.15428563E-31
  0.45868911E+14  0.00000000E+00  0.15342618E-31
  0.45916740E+14  0.00000000E+00  0.15257297E-31
  0.45964570E+14  0.00000000E+00  0.15172595E-31
  0.46012400E+14  0.00000000E+00  0.15088506E-31
  0.46060230E+14  0.00000000E+00  0.15005026E-31
  0.46108060E+14  0.00000000E+00  0.14922147E-31
  0.46155890E+14  0.00000000E+00  0.14839866E-31
  0.46203720E+14  0.00000000E+00  0.14758176E-31
  0.46251550E+14  0.00000000E+00  0.14677073E-31
  0.46299380E+14  0.00000000E+00  0.14596551E-31
  0.46347210E+14  0.00000000E+00  0.14516604E-31
  0.46395040E+14  0.00000000E+00  0.14437229E-31
  0.46442870E+14  0.00000000E+00  0.14358419E-31
  0.46490700E+14  0.00000000E+00  0.14280170E-31
  0.46538530E+14  0.00000000E+00  0.14202477E-31
  0.46586360E+14  0.00000000E+00  0.14125334E-31
  0.46634190E+14  0.00000000E+00  0.14048738E-31
  0.46682019E+14  0.00000000E+00  0.13972682E-31
  0.46729849E+14  0.00000000E+00  0.13897163E-31
  0.46777679E+14  0.00000000E+00  0.13822176E-31
  0.46825509E+14  0.00000000E+00  0.13747716E-31
  0.46873339E+14  0.00000000E+00  0.13673778E-31
  0.46921169E+14  0.00000000E+00  0.13600359E-31
  0.46968999E+14  0.00000000E+00  0.13527452E-31
  0.47016829E+14  0.00000000E+00  0.13455055E-31
  0.47064659E+14  0.00000000E+00  0.13383162E-31
  0.47112489E+14  0.00000000E+00  0.13311769E-31
  0.47160319E+14  0.00000000E+00  0.13240872E-31
  0.47208149E+14  0.00000000E+00  0.13170466E-31
  0.47255979E+14  0.00000000E+00  0.13100548E-31
  0.47303809E+14  0.00000000E+00  0.13031113E-31
  0.47351639E+14  0.00000000E+00  0.12962157E-31
  0.47399469E+14  0.00000000E+00  0.12893675E-31
  0.47447298E+14  0.00000000E+00  0.12825665E-31
  0.47495128E+14  0.00000000E+00  0.12758121E-31
  0.47542958E+14  0.00000000E+00  0.12691040E-31
  0.47590788E+14  0.00000000E+00  0.12624418E-31
  0.47638618E+14  0.00000000E+00  0.12558251E-31
  0.47686448E+14  0.00000000E+00  0.12492535E-31
  0.47734278E+14  0.00000000E+00  0.12427266E-31
  0.47782108E+14  0.00000000E+00  0.12362441E-31
  0.47829938E+14  0.00000000E+00  0.12298055E-31
  0.47877768E+14  0.00000000E+00  0.12234106E-31
  0.47925598E+14  0.00000000E+00  0.12170589E-31
  0.47973428E+14  0.00000000E+00  0.12107500E-31
  0.48021258E+14  0.00000000E+00  0.12044837E-31
  0.48069088E+14  0.00000000E+00  0.11982596E-31
  0.48116918E+14  0.00000000E+00  0.11920772E-31
  0.48164748E+14  0.00000000E+00  0.11859363E-31
  0.48212578E+14  0.00000000E+00  0.11798365E-31
  0.48260407E+14  0.00000000E+00  0.11737775E-31
  0.48308237E+14  0.00000000E+00  0.11677590E-31
  0.48356067E+14  0.00000000E+00  0.11617805E-31
  0.48403897E+14  0.00000000E+00  0.11558418E-31
  0.48451727E+14  0.00000000E+00  0.11499425E-31
  0.48499557E+14  0.00000000E+00  0.11440824E-31
  0.48547387E+14  0.00000000E+00  0.11382610E-31
  0.48595217E+14  0.00000000E+00  0.11324781E-31
  0.48643047E+14  0.00000000E+00  0.11267334E-31
  0.48690877E+14  0.00000000E+00  0.11210265E-31
  0.48738707E+14  0.00000000E+00  0.11153572E-31
  0.48786537E+14  0.00000000E+00  0.11097251E-31
  0.48834367E+14  0.00000000E+00  0.11041299E-31
  0.48882197E+14  0.00000000E+00  0.10985713E-31
  0.48930027E+14  0.00000000E+00  0.10930491E-31
  0.48977857E+14  0.00000000E+00  0.10875629E-31
  0.49025686E+14  0.00000000E+00  0.10821125E-31
  0.49073516E+14  0.00000000E+00  0.10766975E-31
  0.49121346E+14  0.00000000E+00  0.10713177E-31
  0.49169176E+14  0.00000000E+00  0.10659727E-31
  0.49217006E+14  0.00000000E+00  0.10606624E-31
  0.49264836E+14  0.00000000E+00  0.10553864E-31
  0.49312666E+14  0.00000000E+00  0.10501445E-31
  0.49360496E+14  0.00000000E+00  0.10449363E-31
  0.49408326E+14  0.00000000E+00  0.10397616E-31
  0.49456156E+14  0.00000000E+00  0.10346202E-31
  0.49503986E+14  0.00000000E+00  0.10295118E-31
  0.49551816E+14  0.00000000E+00  0.10244361E-31
  0.49599646E+14  0.00000000E+00  0.10193928E-31
  0.49647476E+14  0.00000000E+00  0.10143817E-31
  0.49695306E+14  0.00000000E+00  0.10094026E-31
  0.49743136E+14  0.00000000E+00  0.10044552E-31
  0.49790965E+14  0.00000000E+00  0.99953921E-32
  0.49838795E+14  0.00000000E+00  0.99465442E-32
  0.49886625E+14  0.00000000E+00  0.98980059E-32
  0.49934455E+14  0.00000000E+00  0.98497745E-32
  0.49982285E+14  0.00000000E+00  0.98018479E-32
  0.50030115E+14  0.00000000E+00  0.97542235E-32
  0.50077945E+14  0.00000000E+00  0.97068990E-32
  0.50125775E+14  0.00000000E+00  0.96598721E-32
  0.50173605E+14  0.00000000E+00  0.96131405E-32
  0.50221435E+14  0.00000000E+00  0.95667018E-32
  0.50269265E+14  0.00000000E+00  0.95205538E-32
  0.50317095E+14  0.00000000E+00  0.94746943E-32
  0.50364925E+14  0.00000000E+00  0.94291209E-32
  0.50412755E+14  0.00000000E+00  0.93838316E-32
  0.50460585E+14  0.00000000E+00  0.93388241E-32
  0.50508415E+14  0.00000000E+00  0.92940961E-32
  0.50556244E+14  0.00000000E+00  0.92496457E-32
  0.50604074E+14  0.00000000E+00  0.92054706E-32
  0.50651904E+14  0.00000000E+00  0.91615688E-32
  0.50699734E+14  0.00000000E+00  0.91179381E-32
  0.50747564E+14  0.00000000E+00  0.90745764E-32
  0.50795394E+14  0.00000000E+00  0.90314818E-32
  0.50843224E+14  0.00000000E+00  0.89886522E-32
  0.50891054E+14  0.00000000E+00  0.89460856E-32
  0.50938884E+14  0.00000000E+00  0.89037799E-32
  0.50986714E+14  0.00000000E+00  0.88617332E-32
  0.51034544E+14  0.00000000E+00  0.88199435E-32
  0.51082374E+14  0.00000000E+00  0.87784089E-32
  0.51130204E+14  0.00000000E+00  0.87371275E-32
  0.51178034E+14  0.00000000E+00  0.86960973E-32
  0.51225864E+14  0.00000000E+00  0.86553165E-32
  0.51273694E+14  0.00000000E+00  0.86147832E-32
  0.51321523E+14  0.00000000E+00  0.85744955E-32
  0.51369353E+14  0.00000000E+00  0.85344515E-32
  0.51417183E+14  0.00000000E+00  0.84946496E-32
  0.51465013E+14  0.00000000E+00  0.84550877E-32
  0.51512843E+14  0.00000000E+00  0.84157643E-32
  0.51560673E+14  0.00000000E+00  0.83766774E-32
  0.51608503E+14  0.00000000E+00  0.83378253E-32
  0.51656333E+14  0.00000000E+00  0.82992064E-32
  0.51704163E+14  0.00000000E+00  0.82608187E-32
  0.51751993E+14  0.00000000E+00  0.82226608E-32
  0.51799823E+14  0.00000000E+00  0.81847307E-32
  0.51847653E+14  0.00000000E+00  0.81470269E-32
  0.51895483E+14  0.00000000E+00  0.81095477E-32
  0.51943313E+14  0.00000000E+00  0.80722914E-32
  0.51991143E+14  0.00000000E+00  0.80352564E-32
  0.52038973E+14  0.00000000E+00  0.79984411E-32
  0.52086802E+14  0.00000000E+00  0.79618438E-32
  0.52134632E+14  0.00000000E+00  0.79254630E-32
  0.52182462E+14  0.00000000E+00  0.78892971E-32
  0.52230292E+14  0.00000000E+00  0.78533445E-32
  0.52278122E+14  0.00000000E+00  0.78176036E-32
  0.52325952E+14  0.00000000E+00  0.77820730E-32
  0.52373782E+14  0.00000000E+00  0.77467510E-32
  0.52421612E+14  0.00000000E+00  0.77116362E-32
  0.52469442E+14  0.00000000E+00  0.76767271E-32
  0.52517272E+14  0.00000000E+00  0.76420222E-32
  0.52565102E+14  0.00000000E+00  0.76075199E-32
  0.52612932E+14  0.00000000E+00  0.75732190E-32
  0.52660762E+14  0.00000000E+00  0.75391178E-32
  0.52708592E+14  0.00000000E+00  0.75052149E-32
  0.52756422E+14  0.00000000E+00  0.74715090E-32
  0.52804252E+14  0.00000000E+00  0.74379986E-32
  0.52852081E+14  0.00000000E+00  0.74046823E-32
  0.52899911E+14  0.00000000E+00  0.73715588E-32
  0.52947741E+14  0.00000000E+00  0.73386266E-32
  0.52995571E+14  0.00000000E+00  0.73058844E-32
  0.53043401E+14  0.00000000E+00  0.72733308E-32
  0.53091231E+14  0.00000000E+00  0.72409645E-32
  0.53139061E+14  0.00000000E+00  0.72087842E-32
  0.53186891E+14  0.00000000E+00  0.71767885E-32
  0.53234721E+14  0.00000000E+00  0.71449762E-32
  0.53282551E+14  0.00000000E+00  0.71133459E-32
  0.53330381E+14  0.00000000E+00  0.70818963E-32
  0.53378211E+14  0.00000000E+00  0.70506262E-32
  0.53426041E+14  0.00000000E+00  0.70195343E-32
  0.53473871E+14  0.00000000E+00  0.69886194E-32
  0.53521701E+14  0.00000000E+00  0.69578802E-32
  0.53569531E+14  0.00000000E+00  0.69273154E-32
  0.53617360E+14  0.00000000E+00  0.68969239E-32
  0.53665190E+14  0.00000000E+00  0.68667045E-32
  0.53713020E+14  0.00000000E+00  0.68366559E-32
  0.53760850E+14  0.00000000E+00  0.68067770E-32
  0.53808680E+14  0.00000000E+00  0.67770665E-32
  0.53856510E+14  0.00000000E+00  0.67475234E-32
  0.53904340E+14  0.00000000E+00  0.67181463E-32
  0.53952170E+14  0.00000000E+00  0.66889343E-32
  0.54000000E+14  0.00000000E+00  0.66598860E-32
