  0.47829938E+11 -0.19599967E-29  0.65455944E-29
  0.95659876E+11 -0.19611299E-29  0.51524835E-29
  0.14348981E+12 -0.19424652E-29  0.44970890E-29
  0.19131975E+12 -0.18816238E-29  0.40980274E-29
  0.23914969E+12 -0.17963589E-29  0.38597931E-29
  0.28697963E+12 -0.18692974E-29  0.37846270E-29
  0.33480957E+12 -0.19403066E-29  0.36139757E-29
  0.38263950E+12 -0.19018100E-29  0.38665547E-29
  0.43046944E+12 -0.32271892E-29  0.31856096E-29
  0.47829938E+12 -0.18824099E-29  0.20736460E-29
  0.52612932E+12 -0.16644338E-29  0.25369662E-29
  0.57395926E+12 -0.14067651E-29  0.26571223E-29
  0.62178919E+12 -0.15093592E-29  0.34188911E-29
  0.66961913E+12 -0.21053821E-29  0.32364216E-29
  0.71744907E+12 -0.21096818E-29  0.32181888E-29
  0.76527901E+12 -0.23200064E-29  0.36227459E-29
  0.81310895E+12 -0.38458679E-29  0.31915768E-29
  0.86093888E+12 -0.31379748E-29  0.19266196E-29
  0.90876882E+12 -0.23388097E-29  0.21028984E-29
  0.95659876E+12 -0.25350805E-29  0.24700758E-29
  0.10044287E+13 -0.26144419E-29  0.24627742E-29
  0.10522586E+13 -0.25127345E-29  0.29935609E-29
  0.11000886E+13 -0.38402995E-29  0.32235694E-29
  0.11479185E+13 -0.43500346E-29  0.18834298E-29
  0.11957484E+13 -0.34088499E-29  0.10239100E-29
  0.12435784E+13 -0.29201493E-29  0.16329979E-29
  0.12914083E+13 -0.28926224E-29  0.19122460E-29
  0.13392383E+13 -0.32475767E-29  0.26269581E-29
  0.13870682E+13 -0.43413920E-29  0.26218717E-29
  0.14348981E+13 -0.51671724E-29  0.15115168E-29
  0.14827281E+13 -0.43657859E-29  0.18399352E-30
  0.15305580E+13 -0.33374097E-29  0.52823260E-30
  0.15783880E+13 -0.31217833E-29  0.13114073E-29
  0.16262179E+13 -0.39217994E-29  0.18525945E-29
  0.16740478E+13 -0.48260861E-29  0.16222862E-29
  0.17218778E+13 -0.54796644E-29  0.58993168E-30
  0.17697077E+13 -0.45421577E-29 -0.58587894E-30
  0.18175376E+13 -0.36847753E-29 -0.14148168E-30
  0.18653676E+13 -0.40065817E-29  0.67851787E-30
  0.19131975E+13 -0.45451396E-29  0.68122796E-30
  0.19610275E+13 -0.51157043E-29  0.39462124E-30
  0.20088574E+13 -0.56154717E-29 -0.60995535E-30
  0.20566873E+13 -0.44436156E-29 -0.14315107E-29
  0.21045173E+13 -0.38838107E-29 -0.67318543E-30
  0.21523472E+13 -0.43394488E-29 -0.45195281E-30
  0.22001771E+13 -0.47114518E-29 -0.39582421E-30
  0.22480071E+13 -0.52859112E-29 -0.73682431E-30
  0.22958370E+13 -0.55235542E-29 -0.18740486E-29
  0.23436670E+13 -0.43191873E-29 -0.20797275E-29
  0.23914969E+13 -0.43285715E-29 -0.16365686E-29
  0.24393268E+13 -0.43607942E-29 -0.16009231E-29
  0.24871568E+13 -0.46558249E-29 -0.15612048E-29
  0.25349867E+13 -0.51199734E-29 -0.19727759E-29
  0.25828167E+13 -0.47744679E-29 -0.28923509E-29
  0.26306466E+13 -0.42333182E-29 -0.26888092E-29
  0.26784765E+13 -0.42355808E-29 -0.27160111E-29
  0.27263065E+13 -0.41500067E-29 -0.26749810E-29
  0.27741364E+13 -0.43570610E-29 -0.26842707E-29
  0.28219663E+13 -0.46326587E-29 -0.31469470E-29
  0.28697963E+13 -0.40596017E-29 -0.36099201E-29
  0.29176262E+13 -0.39514855E-29 -0.35197336E-29
  0.29654562E+13 -0.38060077E-29 -0.36099889E-29
  0.30132861E+13 -0.37392514E-29 -0.35917408E-29
  0.30611160E+13 -0.38626257E-29 -0.36720894E-29
  0.31089460E+13 -0.39080840E-29 -0.41180087E-29
  0.31567759E+13 -0.34881691E-29 -0.42461866E-29
  0.32046058E+13 -0.33536286E-29 -0.42962016E-29
  0.32524358E+13 -0.32262485E-29 -0.43481250E-29
  0.33002657E+13 -0.31392006E-29 -0.43821048E-29
  0.33480957E+13 -0.31560576E-29 -0.45039931E-29
  0.33959256E+13 -0.29707869E-29 -0.47684099E-29
  0.34437555E+13 -0.27775614E-29 -0.48106452E-29
  0.34915855E+13 -0.26358575E-29 -0.48697137E-29
  0.35394154E+13 -0.25221901E-29 -0.49133806E-29
  0.35872453E+13 -0.24285571E-29 -0.49753878E-29
  0.36350753E+13 -0.23433202E-29 -0.51054270E-29
  0.36829052E+13 -0.21406083E-29 -0.52106354E-29
  0.37307352E+13 -0.19768456E-29 -0.52225801E-29
  0.37785651E+13 -0.18679406E-29 -0.52530209E-29
  0.38263950E+13 -0.17511793E-29 -0.53036326E-29
  0.38742250E+13 -0.16507763E-29 -0.53492552E-29
  0.39220549E+13 -0.15444412E-29 -0.54312501E-29
  0.39698849E+13 -0.13565678E-29 -0.54952102E-29
  0.40177148E+13 -0.12140495E-29 -0.54963660E-29
  0.40655447E+13 -0.11115972E-29 -0.55181985E-29
  0.41133747E+13 -0.96366693E-30 -0.55329492E-29
  0.41612046E+13 -0.87674811E-30 -0.55003136E-29
  0.42090345E+13 -0.83881499E-30 -0.55677583E-29
  0.42568645E+13 -0.69683935E-30 -0.56357857E-29
  0.43046944E+13 -0.55782200E-30 -0.56615266E-29
  0.43525244E+13 -0.41887342E-30 -0.57094950E-29
  0.44003543E+13 -0.24229137E-30 -0.56358214E-29
  0.44481842E+13 -0.21761771E-30 -0.55525755E-29
  0.44960142E+13 -0.21497629E-30 -0.56283339E-29
  0.45438441E+13 -0.13240086E-30 -0.57007548E-29
  0.45916740E+13 -0.15618303E-31 -0.57888148E-29
  0.46395040E+13  0.19170467E-30 -0.58020958E-29
  0.46873339E+13  0.33857534E-30 -0.57021456E-29
  0.47351639E+13  0.26849913E-30 -0.56388357E-29
  0.47829938E+13  0.35425737E-30 -0.57144224E-29
  0.48308237E+13  0.37390252E-30 -0.57666008E-29
  0.48786537E+13  0.55486105E-30 -0.58783089E-29
  0.49264836E+13  0.70772123E-30 -0.58237598E-29
  0.49743136E+13  0.75445957E-30 -0.57544193E-29
  0.50221435E+13  0.81001842E-30 -0.58243983E-29
  0.50699734E+13  0.86695458E-30 -0.57639713E-29
  0.51178034E+13  0.94242494E-30 -0.57964839E-29
  0.51656333E+13  0.97742269E-30 -0.57900545E-29
  0.52134632E+13  0.10338593E-29 -0.57341374E-29
  0.52612932E+13  0.95522550E-30 -0.57870520E-29
  0.53091231E+13  0.11286502E-29 -0.57521254E-29
  0.53569531E+13  0.11061563E-29 -0.56275834E-29
  0.54047830E+13  0.90785079E-30 -0.54530196E-29
  0.54526129E+13  0.57417547E-30 -0.53702262E-29
  0.55004429E+13  0.10322551E-30 -0.54227400E-29
  0.55482728E+13 -0.10275761E-29 -0.56545665E-29
  0.55961027E+13 -0.12458176E-29 -0.79437108E-29
  0.56439327E+13 -0.10987104E-30 -0.84710725E-29
  0.56917626E+13  0.41545114E-30 -0.89864641E-29
  0.57395926E+13  0.77636475E-30 -0.93471883E-29
  0.57874225E+13  0.14501593E-29 -0.98197845E-29
  0.58352524E+13  0.22114434E-29 -0.99045625E-29
  0.58830824E+13  0.27343889E-29 -0.10111996E-28
  0.59309123E+13  0.34018307E-29 -0.99788962E-29
  0.59787422E+13  0.37863649E-29 -0.10147677E-28
  0.60265722E+13  0.43517143E-29 -0.10127593E-28
  0.60744021E+13  0.49772421E-29 -0.10175689E-28
  0.61222321E+13  0.54231928E-29 -0.99592359E-29
  0.61700620E+13  0.58268538E-29 -0.99886681E-29
  0.62178919E+13  0.64996115E-29 -0.99922909E-29
  0.62657219E+13  0.70038526E-29 -0.96905847E-29
  0.63135518E+13  0.74782275E-29 -0.94939379E-29
  0.63613818E+13  0.77646195E-29 -0.92463671E-29
  0.64092117E+13  0.81286240E-29 -0.91404819E-29
  0.64570416E+13  0.86276072E-29 -0.91033981E-29
  0.65048716E+13  0.92404069E-29 -0.88995995E-29
  0.65527015E+13  0.97611069E-29 -0.83917915E-29
  0.66005314E+13  0.99691772E-29 -0.79711260E-29
  0.66483614E+13  0.10072501E-28 -0.78051386E-29
  0.66961913E+13  0.10542555E-28 -0.77596808E-29
  0.67440213E+13  0.11123467E-28 -0.75014498E-29
  0.67918512E+13  0.11592187E-28 -0.69247697E-29
  0.68396811E+13  0.11737138E-28 -0.64745031E-29
  0.68875111E+13  0.11963805E-28 -0.62645279E-29
  0.69353410E+13  0.12280166E-28 -0.59295518E-29
  0.69831709E+13  0.12699121E-28 -0.56258431E-29
  0.70310009E+13  0.12980139E-28 -0.50962491E-29
  0.70788308E+13  0.13085985E-28 -0.47422012E-29
  0.71266608E+13  0.13413315E-28 -0.44514585E-29
  0.71744907E+13  0.13805604E-28 -0.40131592E-29
  0.72223206E+13  0.14005861E-28 -0.33236515E-29
  0.72701506E+13  0.13931825E-28 -0.29623591E-29
  0.73179805E+13  0.14128606E-28 -0.27753715E-29
  0.73658105E+13  0.14528924E-28 -0.23688063E-29
  0.74136404E+13  0.14803314E-28 -0.17410997E-29
  0.74614703E+13  0.14813091E-28 -0.11247815E-29
  0.75093003E+13  0.14736314E-28 -0.70447542E-30
  0.75571302E+13  0.14843825E-28 -0.43801768E-30
  0.76049601E+13  0.15145218E-28 -0.63557802E-31
  0.76527901E+13  0.15316663E-28  0.64560504E-30
  0.77006200E+13  0.15141814E-28  0.12102429E-29
  0.77484500E+13  0.15143583E-28  0.14889558E-29
  0.77962799E+13  0.15306028E-28  0.19448891E-29
  0.78441098E+13  0.15343464E-28  0.26374724E-29
  0.78919398E+13  0.15059277E-28  0.30079486E-29
  0.79397697E+13  0.15182522E-28  0.32438820E-29
  0.79875996E+13  0.15370730E-28  0.38516054E-29
  0.80354296E+13  0.15181124E-28  0.45740529E-29
  0.80832595E+13  0.14821641E-28  0.49263027E-29
  0.81310895E+13  0.14750704E-28  0.51880118E-29
  0.81789194E+13  0.14691346E-28  0.54799971E-29
  0.82267493E+13  0.14784605E-28  0.59315808E-29
  0.82745793E+13  0.14531791E-28  0.64753367E-29
  0.83224092E+13  0.14247538E-28  0.67112254E-29
  0.83702391E+13  0.14292271E-28  0.67449628E-29
  0.84180691E+13  0.14506696E-28  0.72668640E-29
  0.84658990E+13  0.14297751E-28  0.77977948E-29
  0.85137290E+13  0.14135739E-28  0.80266548E-29
  0.85615589E+13  0.14233353E-28  0.83188378E-29
  0.86093888E+13  0.14061224E-28  0.89146837E-29
  0.86572188E+13  0.13716907E-28  0.90288602E-29
  0.87050487E+13  0.13997580E-28  0.90426162E-29
  0.87528787E+13  0.14172095E-28  0.94304323E-29
  0.88007086E+13  0.14357043E-28  0.98815258E-29
  0.88485385E+13  0.14701157E-28  0.10122934E-28
  0.88963685E+13  0.15040952E-28  0.11050493E-28
  0.89441984E+13  0.15216422E-28  0.11872255E-28
  0.89920283E+13  0.14993823E-28  0.12680314E-28
  0.90398583E+13  0.14970269E-28  0.13820449E-28
  0.90876882E+13  0.14363326E-28  0.14699237E-28
  0.91355182E+13  0.13897341E-28  0.15398090E-28
  0.91833481E+13  0.13277631E-28  0.16193280E-28
  0.92311780E+13  0.12098583E-28  0.16984066E-28
  0.92790080E+13  0.11066013E-28  0.17443939E-28
  0.93268379E+13  0.73669033E-29  0.17788817E-28
  0.93746678E+13  0.71681943E-29  0.82214639E-29
  0.94224978E+13  0.14064407E-28  0.91146860E-29
  0.94703277E+13  0.17222523E-28  0.10525031E-28
  0.95181577E+13  0.19311780E-28  0.13152701E-28
  0.95659876E+13  0.21254297E-28  0.15596998E-28
  0.96138175E+13  0.22234894E-28  0.18097949E-28
  0.96616475E+13  0.23670936E-28  0.20711413E-28
  0.97094774E+13  0.24475111E-28  0.24148709E-28
  0.97573074E+13  0.25339836E-28  0.27555129E-28
  0.98051373E+13  0.25721480E-28  0.31490424E-28
  0.98529672E+13  0.26093270E-28  0.35935003E-28
  0.99007972E+13  0.25753760E-28  0.40538629E-28
  0.99486271E+13  0.25607859E-28  0.46801750E-28
  0.99964570E+13  0.24138598E-28  0.53242661E-28
  0.10044287E+14  0.22009524E-28  0.60920572E-28
  0.10092117E+14  0.18329493E-28  0.69649884E-28
  0.10139947E+14  0.12890087E-28  0.80378751E-28
  0.10187777E+14  0.52526004E-29  0.93573306E-28
  0.10235607E+14 -0.99018614E-29  0.10851533E-27
  0.10283437E+14 -0.34169456E-28  0.12771336E-27
  0.10331267E+14 -0.77755958E-28  0.14808404E-27
  0.10379097E+14 -0.17266784E-27  0.16242170E-27
  0.10426926E+14 -0.36983091E-27 -0.11473056E-27
  0.10474756E+14 -0.29230886E-28 -0.11689873E-27
  0.10522586E+14 -0.10522450E-28 -0.53375377E-28
  0.10570416E+14 -0.11334975E-28 -0.27937598E-28
  0.10618246E+14 -0.12227383E-28 -0.15827740E-28
  0.10666076E+14 -0.13234705E-28 -0.87586841E-29
  0.10713906E+14 -0.14269013E-28 -0.40607337E-29
  0.10761736E+14 -0.15154812E-28 -0.90132807E-30
  0.10809566E+14 -0.16228591E-28  0.15695008E-29
  0.10857396E+14 -0.17288876E-28  0.30983822E-29
  0.10905226E+14 -0.18477063E-28  0.44615038E-29
  0.10953056E+14 -0.19525349E-28  0.51153720E-29
  0.11000886E+14 -0.20683819E-28  0.59041829E-29
  0.11048716E+14 -0.21962938E-28  0.61424454E-29
  0.11096546E+14 -0.23283139E-28  0.63693812E-29
  0.11144376E+14 -0.24442678E-28  0.61673003E-29
  0.11192205E+14 -0.25701258E-28  0.61078407E-29
  0.11240035E+14 -0.27097890E-28  0.57256339E-29
  0.11287865E+14 -0.28212706E-28  0.51646702E-29
  0.11335695E+14 -0.29102248E-28  0.69464959E-29
  0.11383525E+14 -0.33699606E-28  0.75458973E-29
  0.11431355E+14 -0.38436488E-28  0.53844944E-29
  0.11479185E+14 -0.42381290E-28  0.19495667E-29
  0.11527015E+14 -0.45554282E-28 -0.26841745E-29
  0.11574845E+14 -0.47699723E-28 -0.79988779E-29
  0.11622675E+14 -0.48790800E-28 -0.13749861E-28
  0.11670505E+14 -0.49148586E-28 -0.19759396E-28
  0.11718335E+14 -0.48426263E-28 -0.26122925E-28
  0.11766165E+14 -0.46734710E-28 -0.32498725E-28
  0.11813995E+14 -0.44050021E-28 -0.38913609E-28
  0.11861825E+14 -0.40394339E-28 -0.45412373E-28
  0.11909655E+14 -0.35128240E-28 -0.51747228E-28
  0.11957484E+14 -0.28714392E-28 -0.58160859E-28
  0.12005314E+14 -0.19393767E-28 -0.64704455E-28
  0.12053144E+14  0.61177872E-30 -0.65448666E-28
  0.12100974E+14  0.72516668E-29 -0.56197001E-28
  0.12148804E+14  0.89309222E-29 -0.46523272E-28
  0.12196634E+14  0.79136276E-29 -0.46401144E-28
  0.12244464E+14  0.11376876E-28 -0.47117601E-28
  0.12292294E+14  0.15602214E-28 -0.46714808E-28
  0.12340124E+14  0.21146949E-28 -0.45999919E-28
  0.12387954E+14  0.26668986E-28 -0.43954776E-28
  0.12435784E+14  0.33837775E-28 -0.41073301E-28
  0.12483614E+14  0.40563854E-28 -0.36793427E-28
  0.12531444E+14  0.47855735E-28 -0.29572299E-28
  0.12579274E+14  0.57051750E-28 -0.18707123E-28
  0.12627104E+14  0.75023339E-28  0.21087721E-28
  0.12674934E+14  0.22091850E-28  0.17823850E-28
  0.12722764E+14  0.19135140E-28  0.99560379E-29
  0.12770593E+14  0.17608636E-28  0.70004797E-29
  0.12818423E+14  0.16583708E-28  0.59613045E-29
  0.12866253E+14  0.15847705E-28  0.55472919E-29
  0.12914083E+14  0.14954498E-28  0.57319812E-29
  0.12961913E+14  0.14295991E-28  0.62607193E-29
  0.13009743E+14  0.13480163E-28  0.68507151E-29
  0.13057573E+14  0.12361679E-28  0.76845198E-29
  0.13105403E+14  0.11224138E-28  0.85905762E-29
  0.13153233E+14  0.98056543E-29  0.95661819E-29
  0.13201063E+14  0.79990004E-29  0.10626264E-28
  0.13248893E+14  0.58779912E-29  0.11834134E-28
  0.13296723E+14  0.00000000E+00  0.10914689E-28
  0.13344553E+14  0.00000000E+00  0.72108960E-29
  0.13392383E+14  0.00000000E+00  0.57560364E-29
  0.13440213E+14  0.00000000E+00  0.47745610E-29
  0.13488043E+14  0.00000000E+00  0.40440007E-29
  0.13535872E+14  0.00000000E+00  0.34716096E-29
  0.13583702E+14  0.00000000E+00  0.30085682E-29
  0.13631532E+14  0.00000000E+00  0.26256145E-29
  0.13679362E+14  0.00000000E+00  0.23036830E-29
  0.13727192E+14  0.00000000E+00  0.20296074E-29
  0.13775022E+14  0.00000000E+00  0.17938981E-29
  0.13822852E+14  0.00000000E+00  0.15894871E-29
  0.13870682E+14  0.00000000E+00  0.14109718E-29
  0.13918512E+14  0.00000000E+00  0.12541347E-29
  0.13966342E+14  0.00000000E+00  0.11156262E-29
  0.14014172E+14  0.00000000E+00  0.99274626E-30
  0.14062002E+14  0.00000000E+00  0.88329139E-30
  0.14109832E+14  0.00000000E+00  0.78544380E-30
  0.14157662E+14  0.00000000E+00  0.69768965E-30
  0.14205492E+14  0.00000000E+00  0.61875769E-30
  0.14253322E+14  0.00000000E+00  0.54757247E-30
  0.14301151E+14  0.00000000E+00  0.48321813E-30
  0.14348981E+14  0.00000000E+00  0.42491003E-30
  0.14396811E+14  0.00000000E+00  0.37197231E-30
  0.14444641E+14  0.00000000E+00  0.32381989E-30
  0.14492471E+14  0.00000000E+00  0.27994401E-30
  0.14540301E+14  0.00000000E+00  0.23990037E-30
  0.14588131E+14  0.00000000E+00  0.20329952E-30
  0.14635961E+14  0.00000000E+00  0.16979883E-30
  0.14683791E+14  0.00000000E+00  0.13909585E-30
  0.14731621E+14  0.00000000E+00  0.11092279E-30
  0.14779451E+14  0.00000000E+00  0.85041833E-31
  0.14827281E+14  0.00000000E+00  0.61241226E-31
  0.14875111E+14  0.00000000E+00  0.39331914E-31
  0.14922941E+14  0.00000000E+00  0.19144712E-31
  0.14970771E+14  0.00000000E+00  0.52786288E-33
  0.15018601E+14  0.00000000E+00 -0.16655051E-31
  0.15066430E+14  0.00000000E+00 -0.32526910E-31
  0.15114260E+14  0.00000000E+00 -0.47198622E-31
  0.15162090E+14  0.00000000E+00 -0.60770471E-31
  0.15209920E+14  0.00000000E+00 -0.73333300E-31
  0.15257750E+14  0.00000000E+00 -0.84969534E-31
  0.15305580E+14  0.00000000E+00 -0.95754089E-31
  0.15353410E+14  0.00000000E+00 -0.10575516E-30
  0.15401240E+14  0.00000000E+00 -0.11503491E-30
  0.15449070E+14  0.00000000E+00 -0.12365009E-30
  0.15496900E+14  0.00000000E+00 -0.13165259E-30
  0.15544730E+14  0.00000000E+00 -0.13908991E-30
  0.15592560E+14  0.00000000E+00 -0.14600558E-30
  0.15640390E+14  0.00000000E+00 -0.15243956E-30
  0.15688220E+14  0.00000000E+00 -0.15842856E-30
  0.15736050E+14  0.00000000E+00 -0.16400635E-30
  0.15783880E+14  0.00000000E+00 -0.16920403E-30
  0.15831709E+14  0.00000000E+00 -0.17405028E-30
  0.15879539E+14  0.00000000E+00 -0.17857155E-30
  0.15927369E+14  0.00000000E+00 -0.18279230E-30
  0.15975199E+14  0.00000000E+00 -0.18673513E-30
  0.16023029E+14  0.00000000E+00 -0.19042097E-30
  0.16070859E+14  0.00000000E+00 -0.19386920E-30
  0.16118689E+14  0.00000000E+00 -0.19709778E-30
  0.16166519E+14  0.00000000E+00 -0.20012340E-30
  0.16214349E+14  0.00000000E+00 -0.20296154E-30
  0.16262179E+14  0.00000000E+00 -0.20562657E-30
  0.16310009E+14  0.00000000E+00 -0.20813187E-30
  0.16357839E+14  0.00000000E+00 -0.21048987E-30
  0.16405669E+14  0.00000000E+00 -0.21271211E-30
  0.16453499E+14  0.00000000E+00 -0.21480935E-30
  0.16501329E+14  0.00000000E+00 -0.21679157E-30
  0.16549159E+14  0.00000000E+00 -0.21866803E-30
  0.16596988E+14  0.00000000E+00 -0.22044735E-30
  0.16644818E+14  0.00000000E+00 -0.22213747E-30
  0.16692648E+14  0.00000000E+00 -0.22374574E-30
  0.16740478E+14  0.00000000E+00 -0.22527889E-30
  0.16788308E+14  0.00000000E+00 -0.22674309E-30
  0.16836138E+14  0.00000000E+00 -0.22814392E-30
  0.16883968E+14  0.00000000E+00 -0.22948635E-30
  0.16931798E+14  0.00000000E+00 -0.23077477E-30
  0.16979628E+14  0.00000000E+00 -0.23201293E-30
  0.17027458E+14  0.00000000E+00 -0.23320387E-30
  0.17075288E+14  0.00000000E+00 -0.23434993E-30
  0.17123118E+14  0.00000000E+00 -0.23545259E-30
  0.17170948E+14  0.00000000E+00 -0.23651238E-30
  0.17218778E+14  0.00000000E+00 -0.23752875E-30
  0.17266608E+14  0.00000000E+00 -0.23849984E-30
  0.17314438E+14  0.00000000E+00 -0.23942224E-30
  0.17362267E+14  0.00000000E+00 -0.24029064E-30
  0.17410097E+14  0.00000000E+00 -0.24109736E-30
  0.17457927E+14  0.00000000E+00 -0.24183181E-30
  0.17505757E+14  0.00000000E+00 -0.24247960E-30
  0.17553587E+14  0.00000000E+00 -0.24302159E-30
  0.17601417E+14  0.00000000E+00 -0.24343245E-30
  0.17649247E+14  0.00000000E+00 -0.24367903E-30
  0.17697077E+14  0.00000000E+00 -0.24371934E-30
  0.17744907E+14  0.00000000E+00 -0.24351009E-30
  0.17792737E+14  0.19142048E-33 -0.24303684E-30
  0.17840567E+14  0.46656180E-33 -0.24160384E-30
  0.17888397E+14  0.78631633E-33 -0.23976377E-30
  0.17936227E+14  0.79758616E-33 -0.23584818E-30
  0.17984057E+14 -0.41101882E-33 -0.22987510E-30
  0.18031887E+14 -0.41295250E-32 -0.22239126E-30
  0.18079717E+14 -0.98577519E-32 -0.21418340E-30
  0.18127547E+14 -0.20215847E-31 -0.20451220E-30
  0.18175376E+14 -0.33727383E-31 -0.19697152E-30
  0.18223206E+14 -0.48961344E-31 -0.18893469E-30
  0.18271036E+14 -0.70346487E-31 -0.18324448E-30
  0.18318866E+14 -0.85112992E-31 -0.17635006E-30
  0.18366696E+14 -0.13013609E-30 -0.14664951E-30
  0.18414526E+14 -0.19685740E-30 -0.15109869E-30
  0.18462356E+14 -0.26155459E-30 -0.18239483E-30
  0.18510186E+14 -0.31768424E-30 -0.23036297E-30
  0.18558016E+14 -0.36108144E-30 -0.29042239E-30
  0.18605846E+14 -0.40062098E-30 -0.37241559E-30
  0.18653676E+14 -0.42082981E-30 -0.45042676E-30
  0.18701506E+14 -0.41678089E-30 -0.53715569E-30
  0.18749336E+14 -0.40670529E-30 -0.63083999E-30
  0.18797166E+14 -0.43627846E-30 -0.72239243E-30
  0.18844996E+14 -0.41303046E-30 -0.81900245E-30
  0.18892826E+14 -0.39412601E-30 -0.96716165E-30
  0.18940655E+14 -0.30062560E-30 -0.11087384E-29
  0.18988485E+14 -0.15364926E-30 -0.12138739E-29
  0.19036315E+14 -0.55789543E-31 -0.13150333E-29
  0.19084145E+14  0.96766862E-31 -0.13563764E-29
  0.19131975E+14  0.29587102E-30 -0.14065915E-29
  0.19179805E+14  0.47254876E-30 -0.14347376E-29
  0.19227635E+14  0.64297058E-30 -0.13937115E-29
  0.19275465E+14  0.84399043E-30 -0.13577752E-29
  0.19323295E+14  0.10032531E-29 -0.13087611E-29
  0.19371125E+14  0.11166974E-29 -0.11900048E-29
  0.19418955E+14  0.12988348E-29 -0.10966828E-29
  0.19466785E+14  0.13718984E-29 -0.10029142E-29
  0.19514615E+14  0.15223238E-29 -0.82133964E-30
  0.19562445E+14  0.16554870E-29 -0.65025130E-30
  0.19610275E+14  0.16736852E-29 -0.50273781E-30
  0.19658105E+14  0.18183346E-29 -0.27993756E-30
  0.19705934E+14  0.18481015E-29 -0.88010135E-31
  0.19753764E+14  0.17646778E-29  0.41998584E-31
  0.19801594E+14  0.17035848E-29  0.33235401E-30
  0.19849424E+14  0.17557378E-29  0.47251032E-30
  0.19897254E+14  0.16822356E-29  0.60313452E-30
  0.19945084E+14  0.15159429E-29  0.69273818E-30
  0.19992914E+14  0.15001007E-29  0.88217776E-30
  0.20040744E+14  0.15784988E-29  0.95434317E-30
  0.20088574E+14  0.15239384E-29  0.11429342E-29
  0.20136404E+14  0.14287347E-29  0.13499528E-29
  0.20184234E+14  0.13665359E-29  0.16443979E-29
  0.20232064E+14  0.12753080E-29  0.17801298E-29
  0.20279894E+14  0.95756657E-30  0.20491986E-29
  0.20327724E+14  0.86644419E-30  0.23555755E-29
  0.20375554E+14  0.75015816E-30  0.25406342E-29
  0.20423384E+14  0.25750884E-30  0.27504376E-29
  0.20471213E+14 -0.23046442E-30  0.30535964E-29
  0.20519043E+14 -0.61953143E-30  0.31933202E-29
  0.20566873E+14 -0.12246007E-29  0.31889817E-29
  0.20614703E+14 -0.19784144E-29  0.32310575E-29
  0.20662533E+14 -0.26071332E-29  0.31150252E-29
  0.20710363E+14 -0.39338357E-29  0.26020726E-29
  0.20758193E+14 -0.39599306E-29  0.17459089E-29
  0.20806023E+14 -0.57365001E-29  0.13993026E-29
  0.20853853E+14 -0.60660172E-29 -0.95023062E-30
  0.20901683E+14 -0.53811706E-29 -0.34714329E-29
  0.20949513E+14 -0.48552011E-29 -0.56857618E-29
  0.20997343E+14  0.20762474E-29 -0.61718907E-29
  0.21045173E+14  0.13229107E-29 -0.20313626E-29
  0.21093003E+14  0.61619910E-30 -0.11335250E-29
  0.21140833E+14 -0.24762227E-30 -0.53010968E-30
  0.21188663E+14 -0.13336466E-29 -0.90445536E-30
  0.21236492E+14 -0.15863613E-29 -0.22700539E-29
  0.21284322E+14 -0.43199845E-30 -0.32659892E-29
  0.21332152E+14  0.11077425E-29 -0.30645879E-29
  0.21379982E+14  0.18205764E-29 -0.18952442E-29
  0.21427812E+14  0.18464939E-29 -0.75726271E-30
  0.21475642E+14  0.99177167E-30  0.46473483E-30
  0.21523472E+14 -0.15074843E-29 -0.70294971E-30
  0.21571302E+14  0.58302170E-30 -0.25792192E-29
  0.21619132E+14  0.18213578E-29 -0.73578354E-30
  0.21666962E+14  0.60902460E-30 -0.47329798E-30
  0.21714792E+14  0.51621112E-30 -0.70357544E-30
  0.21762622E+14  0.58147658E-30 -0.76455716E-30
  0.21810452E+14  0.64687389E-30 -0.74435969E-30
  0.21858282E+14  0.68473169E-30 -0.67886826E-30
  0.21906112E+14  0.69510022E-30 -0.61365058E-30
  0.21953942E+14  0.68424629E-30 -0.54805431E-30
  0.22001771E+14  0.65497186E-30 -0.49717074E-30
  0.22049601E+14  0.62323819E-30 -0.46450350E-30
  0.22097431E+14  0.59015705E-30 -0.44839651E-30
  0.22145261E+14  0.55964304E-30 -0.44413757E-30
  0.22193091E+14  0.53802082E-30 -0.45034899E-30
  0.22240921E+14  0.51885620E-30 -0.46673805E-30
  0.22288751E+14  0.51338301E-30 -0.48878573E-30
  0.22336581E+14  0.51601681E-30 -0.51267337E-30
  0.22384411E+14  0.52885473E-30 -0.54046815E-30
  0.22432241E+14  0.54860546E-30 -0.56651558E-30
  0.22480071E+14  0.57923942E-30 -0.59057006E-30
  0.22527901E+14  0.61575006E-30 -0.61209776E-30
  0.22575731E+14  0.65903009E-30 -0.62798095E-30
  0.22623561E+14  0.71064933E-30 -0.64021066E-30
  0.22671391E+14  0.76541723E-30 -0.64629955E-30
  0.22719221E+14  0.82249363E-30 -0.64461370E-30
  0.22767050E+14  0.88670653E-30 -0.63978601E-30
  0.22814880E+14  0.94939763E-30 -0.62427053E-30
  0.22862710E+14  0.10190485E-29 -0.60217867E-30
  0.22910540E+14  0.10807892E-29 -0.57420766E-30
  0.22958370E+14  0.11468482E-29 -0.53735538E-30
  0.23006200E+14  0.12149601E-29 -0.49442925E-30
  0.23054030E+14  0.12744453E-29 -0.44584180E-30
  0.23101860E+14  0.13344020E-29 -0.38686202E-30
  0.23149690E+14  0.13906232E-29 -0.32670107E-30
  0.23197520E+14  0.14446122E-29 -0.25414087E-30
  0.23245350E+14  0.14953426E-29 -0.18346356E-30
  0.23293180E+14  0.15377022E-29 -0.99826225E-31
  0.23341010E+14  0.15784620E-29 -0.17286103E-31
  0.23388840E+14  0.16082785E-29  0.74823311E-31
  0.23436670E+14  0.16381261E-29  0.16631628E-30
  0.23484500E+14  0.16603523E-29  0.26699956E-30
  0.23532329E+14  0.16707666E-29  0.36567776E-30
  0.23580159E+14  0.16821726E-29  0.46868143E-30
  0.23627989E+14  0.16738272E-29  0.57493610E-30
  0.23675819E+14  0.16740578E-29  0.68092110E-30
  0.23723649E+14  0.16548290E-29  0.79088506E-30
  0.23771479E+14  0.16370324E-29  0.89642059E-30
  0.23819309E+14  0.16035856E-29  0.10063530E-29
  0.23867139E+14  0.15687416E-29  0.11144439E-29
  0.23914969E+14  0.15187125E-29  0.12242575E-29
  0.23962799E+14  0.14674652E-29  0.13287776E-29
  0.24010629E+14  0.14017382E-29  0.14315377E-29
  0.24058459E+14  0.13356328E-29  0.15333219E-29
  0.24106289E+14  0.12524687E-29  0.16322498E-29
  0.24154119E+14  0.11732654E-29  0.17248463E-29
  0.24201949E+14  0.10751639E-29  0.18149184E-29
  0.24249779E+14  0.98177092E-30  0.19001631E-29
  0.24297609E+14  0.86786472E-30  0.19835694E-29
  0.24345438E+14  0.75940770E-30  0.20567297E-29
  0.24393268E+14  0.63422876E-30  0.21267827E-29
  0.24441098E+14  0.49955891E-30  0.21825137E-29
  0.24488928E+14  0.37119489E-30  0.22418694E-29
  0.24536758E+14  0.22399283E-30  0.22859490E-29
  0.24584588E+14  0.80315845E-31  0.23296072E-29
  0.24632418E+14 -0.85459264E-31  0.23599237E-29
  0.24680248E+14 -0.25096685E-30  0.23770789E-29
  0.24728078E+14 -0.42497061E-30  0.23907022E-29
  0.24775908E+14 -0.63000858E-30  0.23953083E-29
  0.24823738E+14 -0.85061740E-30  0.23403739E-29
  0.24871568E+14 -0.10549225E-29  0.22522119E-29
  0.24919398E+14 -0.12130449E-29  0.21296497E-29
  0.24967228E+14 -0.13868492E-29  0.20282181E-29
  0.25015058E+14 -0.15030517E-29  0.18796192E-29
  0.25062888E+14 -0.16509813E-29  0.17570104E-29
  0.25110717E+14 -0.17319582E-29  0.15902849E-29
  0.25158547E+14 -0.18553516E-29  0.14424667E-29
  0.25206377E+14 -0.18812251E-29  0.12802743E-29
  0.25254207E+14 -0.19882317E-29  0.11148143E-29
  0.25302037E+14 -0.19498597E-29  0.96042801E-30
  0.25349867E+14 -0.20878230E-29  0.78563997E-30
  0.25397697E+14 -0.20629924E-29  0.64061929E-30
  0.25445527E+14 -0.20946686E-29  0.42952514E-30
  0.25493357E+14 -0.20559622E-29  0.33669046E-30
  0.25541187E+14 -0.20534023E-29  0.11211407E-30
  0.25589017E+14 -0.20302659E-29 -0.96955090E-33
  0.25636847E+14 -0.18712375E-29 -0.16916255E-30
  0.25684677E+14 -0.19157740E-29 -0.31661214E-30
  0.25732507E+14 -0.18576126E-29 -0.39921000E-30
  0.25780337E+14 -0.17295847E-29 -0.55096196E-30
  0.25828167E+14 -0.16300114E-29 -0.67606479E-30
  0.25875996E+14 -0.15417199E-29 -0.76409113E-30
  0.25923826E+14 -0.14274802E-29 -0.87403450E-30
  0.25971656E+14 -0.13722135E-29 -0.95044554E-30
  0.26019486E+14 -0.11651199E-29 -0.98644154E-30
  0.26067316E+14 -0.10532191E-29 -0.10864105E-29
  0.26115146E+14 -0.10024891E-29 -0.11289461E-29
  0.26162976E+14 -0.86087907E-30 -0.11312640E-29
  0.26210806E+14 -0.59650442E-30 -0.11637596E-29
  0.26258636E+14 -0.56415016E-30 -0.11694844E-29
  0.26306466E+14 -0.45916165E-30 -0.11343114E-29
  0.26354296E+14 -0.32943985E-30 -0.11054318E-29
  0.26402126E+14 -0.19588326E-30 -0.10776661E-29
  0.26449956E+14 -0.93774091E-31 -0.10236209E-29
  0.26497786E+14 -0.92269150E-32 -0.95921024E-30
  0.26545616E+14  0.69927512E-31 -0.88380244E-30
  0.26593446E+14  0.14384497E-30 -0.80297186E-30
  0.26641275E+14  0.20351801E-30 -0.71318781E-30
  0.26689105E+14  0.24009682E-30 -0.61819784E-30
  0.26736935E+14  0.26378969E-30 -0.51318773E-30
  0.26784765E+14  0.26226134E-30 -0.43512566E-30
  0.26832595E+14  0.25349285E-30 -0.32864658E-30
  0.26880425E+14  0.21614756E-30 -0.26407828E-30
  0.26928255E+14  0.15221445E-30 -0.22798971E-30
  0.26976085E+14  0.18898744E-30 -0.18201998E-30
  0.27023915E+14  0.00000000E+00 -0.14177163E-30
  0.27071745E+14  0.00000000E+00 -0.18757160E-30
  0.27119575E+14  0.00000000E+00 -0.19913874E-30
  0.27167405E+14  0.00000000E+00 -0.20171042E-30
  0.27215235E+14  0.00000000E+00 -0.20044636E-30
  0.27263065E+14  0.00000000E+00 -0.19727475E-30
  0.27310895E+14  0.00000000E+00 -0.19310096E-30
  0.27358725E+14  0.00000000E+00 -0.18840537E-30
  0.27406554E+14  0.00000000E+00 -0.18346229E-30
  0.27454384E+14  0.00000000E+00 -0.17843562E-30
  0.27502214E+14  0.00000000E+00 -0.17342594E-30
  0.27550044E+14  0.00000000E+00 -0.16849559E-30
  0.27597874E+14  0.00000000E+00 -0.16368305E-30
  0.27645704E+14  0.00000000E+00 -0.15901141E-30
  0.27693534E+14  0.00000000E+00 -0.15449372E-30
  0.27741364E+14  0.00000000E+00 -0.15013635E-30
  0.27789194E+14  0.00000000E+00 -0.14594121E-30
  0.27837024E+14  0.00000000E+00 -0.14190725E-30
  0.27884854E+14  0.00000000E+00 -0.13803143E-30
  0.27932684E+14  0.00000000E+00 -0.13430945E-30
  0.27980514E+14  0.00000000E+00 -0.13073620E-30
  0.28028344E+14  0.00000000E+00 -0.12730610E-30
  0.28076174E+14  0.00000000E+00 -0.12401332E-30
  0.28124004E+14  0.00000000E+00 -0.12085196E-30
  0.28171833E+14  0.00000000E+00 -0.11781617E-30
  0.28219663E+14  0.00000000E+00 -0.11490018E-30
  0.28267493E+14  0.00000000E+00 -0.11209842E-30
  0.28315323E+14  0.00000000E+00 -0.10940548E-30
  0.28363153E+14  0.00000000E+00 -0.10681619E-30
  0.28410983E+14  0.00000000E+00 -0.10432559E-30
  0.28458813E+14  0.00000000E+00 -0.10192898E-30
  0.28506643E+14  0.00000000E+00 -0.99621839E-31
  0.28554473E+14  0.00000000E+00 -0.97399920E-31
  0.28602303E+14  0.00000000E+00 -0.95259169E-31
  0.28650133E+14  0.00000000E+00 -0.93195752E-31
  0.28697963E+14  0.00000000E+00 -0.91206037E-31
  0.28745793E+14  0.00000000E+00 -0.89286584E-31
  0.28793623E+14  0.00000000E+00 -0.87434139E-31
  0.28841453E+14  0.00000000E+00 -0.85645622E-31
  0.28889283E+14  0.00000000E+00 -0.83918119E-31
  0.28937112E+14  0.00000000E+00 -0.82248873E-31
  0.28984942E+14  0.00000000E+00 -0.80635274E-31
  0.29032772E+14  0.00000000E+00 -0.79074850E-31
  0.29080602E+14  0.00000000E+00 -0.77565262E-31
  0.29128432E+14  0.00000000E+00 -0.76104295E-31
  0.29176262E+14  0.00000000E+00 -0.74689849E-31
  0.29224092E+14  0.00000000E+00 -0.73319936E-31
  0.29271922E+14  0.00000000E+00 -0.71992667E-31
  0.29319752E+14  0.00000000E+00 -0.70706255E-31
  0.29367582E+14  0.00000000E+00 -0.69459002E-31
  0.29415412E+14  0.00000000E+00 -0.68249297E-31
  0.29463242E+14  0.00000000E+00 -0.67075609E-31
  0.29511072E+14  0.00000000E+00 -0.65936484E-31
  0.29558902E+14  0.00000000E+00 -0.64830542E-31
  0.29606732E+14  0.00000000E+00 -0.63756468E-31
  0.29654562E+14  0.00000000E+00 -0.62713013E-31
  0.29702391E+14  0.00000000E+00 -0.61698988E-31
  0.29750221E+14  0.00000000E+00 -0.60713260E-31
  0.29798051E+14  0.00000000E+00 -0.59754752E-31
  0.29845881E+14  0.00000000E+00 -0.58822435E-31
  0.29893711E+14  0.00000000E+00 -0.57915331E-31
  0.29941541E+14  0.00000000E+00 -0.57032506E-31
  0.29989371E+14  0.00000000E+00 -0.56173069E-31
  0.30037201E+14  0.00000000E+00 -0.55336169E-31
  0.30085031E+14  0.00000000E+00 -0.54520994E-31
  0.30132861E+14  0.00000000E+00 -0.53726768E-31
  0.30180691E+14  0.00000000E+00 -0.52952752E-31
  0.30228521E+14  0.00000000E+00 -0.52198235E-31
  0.30276351E+14  0.00000000E+00 -0.51462540E-31
  0.30324181E+14  0.00000000E+00 -0.50745020E-31
  0.30372011E+14  0.00000000E+00 -0.50045054E-31
  0.30419841E+14  0.00000000E+00 -0.49362049E-31
  0.30467671E+14  0.00000000E+00 -0.48695434E-31
  0.30515500E+14  0.00000000E+00 -0.48044666E-31
  0.30563330E+14  0.00000000E+00 -0.47409222E-31
  0.30611160E+14  0.00000000E+00 -0.46788601E-31
  0.30658990E+14  0.00000000E+00 -0.46182324E-31
  0.30706820E+14  0.00000000E+00 -0.45589929E-31
  0.30754650E+14  0.00000000E+00 -0.45010973E-31
  0.30802480E+14  0.00000000E+00 -0.44445034E-31
  0.30850310E+14  0.00000000E+00 -0.43891702E-31
  0.30898140E+14  0.00000000E+00 -0.43350586E-31
  0.30945970E+14  0.00000000E+00 -0.42821309E-31
  0.30993800E+14  0.00000000E+00 -0.42303511E-31
  0.31041630E+14  0.00000000E+00 -0.41796842E-31
  0.31089460E+14  0.00000000E+00 -0.41300968E-31
  0.31137290E+14  0.00000000E+00 -0.40815566E-31
  0.31185120E+14  0.00000000E+00 -0.40340328E-31
  0.31232950E+14  0.00000000E+00 -0.39874954E-31
  0.31280779E+14  0.00000000E+00 -0.39419158E-31
  0.31328609E+14  0.00000000E+00 -0.38972661E-31
  0.31376439E+14  0.00000000E+00 -0.38535198E-31
  0.31424269E+14  0.00000000E+00 -0.38106512E-31
  0.31472099E+14  0.00000000E+00 -0.37686353E-31
  0.31519929E+14  0.00000000E+00 -0.37274485E-31
  0.31567759E+14  0.00000000E+00 -0.36870675E-31
  0.31615589E+14  0.00000000E+00 -0.36474701E-31
  0.31663419E+14  0.00000000E+00 -0.36086349E-31
  0.31711249E+14  0.00000000E+00 -0.35705411E-31
  0.31759079E+14  0.00000000E+00 -0.35331687E-31
  0.31806909E+14  0.00000000E+00 -0.34964984E-31
  0.31854739E+14  0.00000000E+00 -0.34605115E-31
  0.31902569E+14  0.00000000E+00 -0.34251899E-31
  0.31950399E+14  0.00000000E+00 -0.33905162E-31
  0.31998229E+14  0.00000000E+00 -0.33564736E-31
  0.32046058E+14  0.00000000E+00 -0.33230457E-31
  0.32093888E+14  0.00000000E+00 -0.32902167E-31
  0.32141718E+14  0.00000000E+00 -0.32579715E-31
  0.32189548E+14  0.00000000E+00 -0.32262951E-31
  0.32237378E+14  0.00000000E+00 -0.31951734E-31
  0.32285208E+14  0.00000000E+00 -0.31645924E-31
  0.32333038E+14  0.00000000E+00 -0.31345389E-31
  0.32380868E+14  0.00000000E+00 -0.31049997E-31
  0.32428698E+14  0.00000000E+00 -0.30759624E-31
  0.32476528E+14  0.00000000E+00 -0.30474147E-31
  0.32524358E+14  0.00000000E+00 -0.30193449E-31
  0.32572188E+14  0.00000000E+00 -0.29917415E-31
  0.32620018E+14  0.00000000E+00 -0.29645934E-31
  0.32667848E+14  0.00000000E+00 -0.29378899E-31
  0.32715678E+14  0.00000000E+00 -0.29116205E-31
  0.32763508E+14  0.00000000E+00 -0.28857751E-31
  0.32811337E+14  0.00000000E+00 -0.28603439E-31
  0.32859167E+14  0.00000000E+00 -0.28353173E-31
  0.32906997E+14  0.00000000E+00 -0.28106862E-31
  0.32954827E+14  0.00000000E+00 -0.27864415E-31
  0.33002657E+14  0.00000000E+00 -0.27625744E-31
  0.33050487E+14  0.00000000E+00 -0.27390766E-31
  0.33098317E+14  0.00000000E+00 -0.27159399E-31
  0.33146147E+14  0.00000000E+00 -0.26931561E-31
  0.33193977E+14  0.00000000E+00 -0.26707176E-31
  0.33241807E+14  0.00000000E+00 -0.26486168E-31
  0.33289637E+14  0.00000000E+00 -0.26268464E-31
  0.33337467E+14  0.00000000E+00 -0.26053992E-31
  0.33385297E+14  0.00000000E+00 -0.25842684E-31
  0.33433127E+14  0.00000000E+00 -0.25634471E-31
  0.33480957E+14  0.00000000E+00 -0.25429288E-31
  0.33528787E+14  0.00000000E+00 -0.25227071E-31
  0.33576616E+14  0.00000000E+00 -0.25027759E-31
  0.33624446E+14  0.00000000E+00 -0.24831291E-31
  0.33672276E+14  0.00000000E+00 -0.24637607E-31
  0.33720106E+14  0.00000000E+00 -0.24446651E-31
  0.33767936E+14  0.00000000E+00 -0.24258368E-31
  0.33815766E+14  0.00000000E+00 -0.24072702E-31
  0.33863596E+14  0.00000000E+00 -0.23889601E-31
  0.33911426E+14  0.00000000E+00 -0.23709014E-31
  0.33959256E+14  0.00000000E+00 -0.23530890E-31
  0.34007086E+14  0.00000000E+00 -0.23355181E-31
  0.34054916E+14  0.00000000E+00 -0.23181838E-31
  0.34102746E+14  0.00000000E+00 -0.23010817E-31
  0.34150576E+14  0.00000000E+00 -0.22842070E-31
  0.34198406E+14  0.00000000E+00 -0.22675555E-31
  0.34246236E+14  0.00000000E+00 -0.22511228E-31
  0.34294066E+14  0.00000000E+00 -0.22349047E-31
  0.34341895E+14  0.00000000E+00 -0.22188972E-31
  0.34389725E+14  0.00000000E+00 -0.22030962E-31
  0.34437555E+14  0.00000000E+00 -0.21874980E-31
  0.34485385E+14  0.00000000E+00 -0.21720986E-31
  0.34533215E+14  0.00000000E+00 -0.21568944E-31
  0.34581045E+14  0.00000000E+00 -0.21418817E-31
  0.34628875E+14  0.00000000E+00 -0.21270571E-31
  0.34676705E+14  0.00000000E+00 -0.21124171E-31
  0.34724535E+14  0.00000000E+00 -0.20979583E-31
  0.34772365E+14  0.00000000E+00 -0.20836775E-31
  0.34820195E+14  0.00000000E+00 -0.20695714E-31
  0.34868025E+14  0.00000000E+00 -0.20556369E-31
  0.34915855E+14  0.00000000E+00 -0.20418710E-31
  0.34963685E+14  0.00000000E+00 -0.20282707E-31
  0.35011515E+14  0.00000000E+00 -0.20148330E-31
  0.35059345E+14  0.00000000E+00 -0.20015552E-31
  0.35107174E+14  0.00000000E+00 -0.19884343E-31
  0.35155004E+14  0.00000000E+00 -0.19754678E-31
  0.35202834E+14  0.00000000E+00 -0.19626529E-31
  0.35250664E+14  0.00000000E+00 -0.19499870E-31
  0.35298494E+14  0.00000000E+00 -0.19374677E-31
  0.35346324E+14  0.00000000E+00 -0.19250923E-31
  0.35394154E+14  0.00000000E+00 -0.19128585E-31
  0.35441984E+14  0.00000000E+00 -0.19007639E-31
  0.35489814E+14  0.00000000E+00 -0.18888062E-31
  0.35537644E+14  0.00000000E+00 -0.18769831E-31
  0.35585474E+14  0.00000000E+00 -0.18652923E-31
  0.35633304E+14  0.00000000E+00 -0.18537317E-31
  0.35681134E+14  0.00000000E+00 -0.18422992E-31
  0.35728964E+14  0.00000000E+00 -0.18309927E-31
  0.35776794E+14  0.00000000E+00 -0.18198101E-31
  0.35824624E+14  0.00000000E+00 -0.18087494E-31
  0.35872453E+14  0.00000000E+00 -0.17978087E-31
  0.35920283E+14  0.00000000E+00 -0.17869860E-31
  0.35968113E+14  0.00000000E+00 -0.17762795E-31
  0.36015943E+14  0.00000000E+00 -0.17656874E-31
  0.36063773E+14  0.00000000E+00 -0.17552079E-31
  0.36111603E+14  0.00000000E+00 -0.17448391E-31
  0.36159433E+14  0.00000000E+00 -0.17345793E-31
  0.36207263E+14  0.00000000E+00 -0.17244270E-31
  0.36255093E+14  0.00000000E+00 -0.17143804E-31
  0.36302923E+14  0.00000000E+00 -0.17044378E-31
  0.36350753E+14  0.00000000E+00 -0.16945978E-31
  0.36398583E+14  0.00000000E+00 -0.16848587E-31
  0.36446413E+14  0.00000000E+00 -0.16752190E-31
  0.36494243E+14  0.00000000E+00 -0.16656773E-31
  0.36542073E+14  0.00000000E+00 -0.16562320E-31
  0.36589903E+14  0.00000000E+00 -0.16468817E-31
  0.36637733E+14  0.00000000E+00 -0.16376251E-31
  0.36685562E+14  0.00000000E+00 -0.16284606E-31
  0.36733392E+14  0.00000000E+00 -0.16193871E-31
  0.36781222E+14  0.00000000E+00 -0.16104030E-31
  0.36829052E+14  0.00000000E+00 -0.16015073E-31
  0.36876882E+14  0.00000000E+00 -0.15926984E-31
  0.36924712E+14  0.00000000E+00 -0.15839753E-31
  0.36972542E+14  0.00000000E+00 -0.15753366E-31
  0.37020372E+14  0.00000000E+00 -0.15667812E-31
  0.37068202E+14  0.00000000E+00 -0.15583079E-31
  0.37116032E+14  0.00000000E+00 -0.15499155E-31
  0.37163862E+14  0.00000000E+00 -0.15416029E-31
  0.37211692E+14  0.00000000E+00 -0.15333689E-31
  0.37259522E+14  0.00000000E+00 -0.15252125E-31
  0.37307352E+14  0.00000000E+00 -0.15171326E-31
  0.37355182E+14  0.00000000E+00 -0.15091281E-31
  0.37403012E+14  0.00000000E+00 -0.15011980E-31
  0.37450841E+14  0.00000000E+00 -0.14933412E-31
  0.37498671E+14  0.00000000E+00 -0.14855568E-31
  0.37546501E+14  0.00000000E+00 -0.14778438E-31
  0.37594331E+14  0.00000000E+00 -0.14702011E-31
  0.37642161E+14  0.00000000E+00 -0.14626279E-31
  0.37689991E+14  0.00000000E+00 -0.14551233E-31
  0.37737821E+14  0.00000000E+00 -0.14476862E-31
  0.37785651E+14  0.00000000E+00 -0.14403159E-31
  0.37833481E+14  0.00000000E+00 -0.14330114E-31
  0.37881311E+14  0.00000000E+00 -0.14257719E-31
  0.37929141E+14  0.00000000E+00 -0.14185964E-31
  0.37976971E+14  0.00000000E+00 -0.14114842E-31
  0.38024801E+14  0.00000000E+00 -0.14044345E-31
  0.38072631E+14  0.00000000E+00 -0.13974464E-31
  0.38120461E+14  0.00000000E+00 -0.13905191E-31
  0.38168291E+14  0.00000000E+00 -0.13836519E-31
  0.38216120E+14  0.00000000E+00 -0.13768439E-31
  0.38263950E+14  0.00000000E+00 -0.13700945E-31
  0.38311780E+14  0.00000000E+00 -0.13634029E-31
  0.38359610E+14  0.00000000E+00 -0.13567683E-31
  0.38407440E+14  0.00000000E+00 -0.13501901E-31
  0.38455270E+14  0.00000000E+00 -0.13436675E-31
  0.38503100E+14  0.00000000E+00 -0.13371998E-31
  0.38550930E+14  0.00000000E+00 -0.13307864E-31
  0.38598760E+14  0.00000000E+00 -0.13244266E-31
  0.38646590E+14  0.00000000E+00 -0.13181196E-31
  0.38694420E+14  0.00000000E+00 -0.13118650E-31
  0.38742250E+14  0.00000000E+00 -0.13056620E-31
  0.38790080E+14  0.00000000E+00 -0.12995100E-31
  0.38837910E+14  0.00000000E+00 -0.12934083E-31
  0.38885740E+14  0.00000000E+00 -0.12873565E-31
  0.38933570E+14  0.00000000E+00 -0.12813538E-31
  0.38981399E+14  0.00000000E+00 -0.12753996E-31
  0.39029229E+14  0.00000000E+00 -0.12694935E-31
  0.39077059E+14  0.00000000E+00 -0.12636349E-31
  0.39124889E+14  0.00000000E+00 -0.12578231E-31
  0.39172719E+14  0.00000000E+00 -0.12520576E-31
  0.39220549E+14  0.00000000E+00 -0.12463379E-31
  0.39268379E+14  0.00000000E+00 -0.12406634E-31
  0.39316209E+14  0.00000000E+00 -0.12350336E-31
  0.39364039E+14  0.00000000E+00 -0.12294480E-31
  0.39411869E+14  0.00000000E+00 -0.12239061E-31
  0.39459699E+14  0.00000000E+00 -0.12184074E-31
  0.39507529E+14  0.00000000E+00 -0.12129513E-31
  0.39555359E+14  0.00000000E+00 -0.12075375E-31
  0.39603189E+14  0.00000000E+00 -0.12021653E-31
  0.39651019E+14  0.00000000E+00 -0.11968344E-31
  0.39698849E+14  0.00000000E+00 -0.11915443E-31
  0.39746678E+14  0.00000000E+00 -0.11862944E-31
  0.39794508E+14  0.00000000E+00 -0.11810844E-31
  0.39842338E+14  0.00000000E+00 -0.11759139E-31
  0.39890168E+14  0.00000000E+00 -0.11707823E-31
  0.39937998E+14  0.00000000E+00 -0.11656892E-31
  0.39985828E+14  0.00000000E+00 -0.11606343E-31
  0.40033658E+14  0.00000000E+00 -0.11556170E-31
  0.40081488E+14  0.00000000E+00 -0.11506370E-31
  0.40129318E+14  0.00000000E+00 -0.11456939E-31
  0.40177148E+14  0.00000000E+00 -0.11407873E-31
  0.40224978E+14  0.00000000E+00 -0.11359167E-31
  0.40272808E+14  0.00000000E+00 -0.11310819E-31
  0.40320638E+14  0.00000000E+00 -0.11262823E-31
  0.40368468E+14  0.00000000E+00 -0.11215176E-31
  0.40416298E+14  0.00000000E+00 -0.11167875E-31
  0.40464128E+14  0.00000000E+00 -0.11120916E-31
  0.40511957E+14  0.00000000E+00 -0.11074294E-31
  0.40559787E+14  0.00000000E+00 -0.11028008E-31
  0.40607617E+14  0.00000000E+00 -0.10982052E-31
  0.40655447E+14  0.00000000E+00 -0.10936424E-31
  0.40703277E+14  0.00000000E+00 -0.10891120E-31
  0.40751107E+14  0.00000000E+00 -0.10846137E-31
  0.40798937E+14  0.00000000E+00 -0.10801471E-31
  0.40846767E+14  0.00000000E+00 -0.10757119E-31
  0.40894597E+14  0.00000000E+00 -0.10713078E-31
  0.40942427E+14  0.00000000E+00 -0.10669345E-31
  0.40990257E+14  0.00000000E+00 -0.10625916E-31
  0.41038087E+14  0.00000000E+00 -0.10582789E-31
  0.41085917E+14  0.00000000E+00 -0.10539960E-31
  0.41133747E+14  0.00000000E+00 -0.10497426E-31
  0.41181577E+14  0.00000000E+00 -0.10455185E-31
  0.41229407E+14  0.00000000E+00 -0.10413232E-31
  0.41277236E+14  0.00000000E+00 -0.10371567E-31
  0.41325066E+14  0.00000000E+00 -0.10330185E-31
  0.41372896E+14  0.00000000E+00 -0.10289084E-31
  0.41420726E+14  0.00000000E+00 -0.10248260E-31
  0.41468556E+14  0.00000000E+00 -0.10207712E-31
  0.41516386E+14  0.00000000E+00 -0.10167437E-31
  0.41564216E+14  0.00000000E+00 -0.10127431E-31
  0.41612046E+14  0.00000000E+00 -0.10087692E-31
  0.41659876E+14  0.00000000E+00 -0.10048218E-31
  0.41707706E+14  0.00000000E+00 -0.10009006E-31
  0.41755536E+14  0.00000000E+00 -0.99700529E-32
  0.41803366E+14  0.00000000E+00 -0.99313570E-32
  0.41851196E+14  0.00000000E+00 -0.98929155E-32
  0.41899026E+14  0.00000000E+00 -0.98547260E-32
  0.41946856E+14  0.00000000E+00 -0.98167861E-32
  0.41994686E+14  0.00000000E+00 -0.97790933E-32
  0.42042516E+14  0.00000000E+00 -0.97416453E-32
  0.42090345E+14  0.00000000E+00 -0.97044398E-32
  0.42138175E+14  0.00000000E+00 -0.96674745E-32
  0.42186005E+14  0.00000000E+00 -0.96307471E-32
  0.42233835E+14  0.00000000E+00 -0.95942554E-32
  0.42281665E+14  0.00000000E+00 -0.95579971E-32
  0.42329495E+14  0.00000000E+00 -0.95219702E-32
  0.42377325E+14  0.00000000E+00 -0.94861723E-32
  0.42425155E+14  0.00000000E+00 -0.94506015E-32
  0.42472985E+14  0.00000000E+00 -0.94152555E-32
  0.42520815E+14  0.00000000E+00 -0.93801324E-32
  0.42568645E+14  0.00000000E+00 -0.93452301E-32
  0.42616475E+14  0.00000000E+00 -0.93105465E-32
  0.42664305E+14  0.00000000E+00 -0.92760796E-32
  0.42712135E+14  0.00000000E+00 -0.92418275E-32
  0.42759965E+14  0.00000000E+00 -0.92077882E-32
  0.42807795E+14  0.00000000E+00 -0.91739598E-32
  0.42855624E+14  0.00000000E+00 -0.91403404E-32
  0.42903454E+14  0.00000000E+00 -0.91069281E-32
  0.42951284E+14  0.00000000E+00 -0.90737210E-32
  0.42999114E+14  0.00000000E+00 -0.90407173E-32
  0.43046944E+14  0.00000000E+00 -0.90079152E-32
  0.43094774E+14  0.00000000E+00 -0.89753128E-32
  0.43142604E+14  0.00000000E+00 -0.89429085E-32
  0.43190434E+14  0.00000000E+00 -0.89107004E-32
  0.43238264E+14  0.00000000E+00 -0.88786869E-32
  0.43286094E+14  0.00000000E+00 -0.88468662E-32
  0.43333924E+14  0.00000000E+00 -0.88152366E-32
  0.43381754E+14  0.00000000E+00 -0.87837965E-32
  0.43429584E+14  0.00000000E+00 -0.87525442E-32
  0.43477414E+14  0.00000000E+00 -0.87214780E-32
  0.43525244E+14  0.00000000E+00 -0.86905964E-32
  0.43573074E+14  0.00000000E+00 -0.86598978E-32
  0.43620903E+14  0.00000000E+00 -0.86293806E-32
  0.43668733E+14  0.00000000E+00 -0.85990432E-32
  0.43716563E+14  0.00000000E+00 -0.85688840E-32
  0.43764393E+14  0.00000000E+00 -0.85389017E-32
  0.43812223E+14  0.00000000E+00 -0.85090946E-32
  0.43860053E+14  0.00000000E+00 -0.84794613E-32
  0.43907883E+14  0.00000000E+00 -0.84500002E-32
  0.43955713E+14  0.00000000E+00 -0.84207101E-32
  0.44003543E+14  0.00000000E+00 -0.83915893E-32
  0.44051373E+14  0.00000000E+00 -0.83626365E-32
  0.44099203E+14  0.00000000E+00 -0.83338503E-32
  0.44147033E+14  0.00000000E+00 -0.83052293E-32
  0.44194863E+14  0.00000000E+00 -0.82767720E-32
  0.44242693E+14  0.00000000E+00 -0.82484773E-32
  0.44290523E+14  0.00000000E+00 -0.82203436E-32
  0.44338353E+14  0.00000000E+00 -0.81923697E-32
  0.44386182E+14  0.00000000E+00 -0.81645543E-32
  0.44434012E+14  0.00000000E+00 -0.81368960E-32
  0.44481842E+14  0.00000000E+00 -0.81093936E-32
  0.44529672E+14  0.00000000E+00 -0.80820458E-32
  0.44577502E+14  0.00000000E+00 -0.80548513E-32
  0.44625332E+14  0.00000000E+00 -0.80278090E-32
  0.44673162E+14  0.00000000E+00 -0.80009174E-32
  0.44720992E+14  0.00000000E+00 -0.79741756E-32
  0.44768822E+14  0.00000000E+00 -0.79475821E-32
  0.44816652E+14  0.00000000E+00 -0.79211359E-32
  0.44864482E+14  0.00000000E+00 -0.78948358E-32
  0.44912312E+14  0.00000000E+00 -0.78686806E-32
  0.44960142E+14  0.00000000E+00 -0.78426691E-32
  0.45007972E+14  0.00000000E+00 -0.78168002E-32
  0.45055802E+14  0.00000000E+00 -0.77910728E-32
  0.45103632E+14  0.00000000E+00 -0.77654857E-32
  0.45151461E+14  0.00000000E+00 -0.77400379E-32
  0.45199291E+14  0.00000000E+00 -0.77147282E-32
  0.45247121E+14  0.00000000E+00 -0.76895555E-32
  0.45294951E+14  0.00000000E+00 -0.76645189E-32
  0.45342781E+14  0.00000000E+00 -0.76396172E-32
  0.45390611E+14  0.00000000E+00 -0.76148494E-32
  0.45438441E+14  0.00000000E+00 -0.75902144E-32
  0.45486271E+14  0.00000000E+00 -0.75657112E-32
  0.45534101E+14  0.00000000E+00 -0.75413389E-32
  0.45581931E+14  0.00000000E+00 -0.75170963E-32
  0.45629761E+14  0.00000000E+00 -0.74929825E-32
  0.45677591E+14  0.00000000E+00 -0.74689965E-32
  0.45725421E+14  0.00000000E+00 -0.74451373E-32
  0.45773251E+14  0.00000000E+00 -0.74214040E-32
  0.45821081E+14  0.00000000E+00 -0.73977956E-32
  0.45868911E+14  0.00000000E+00 -0.73743111E-32
  0.45916740E+14  0.00000000E+00 -0.73509496E-32
  0.45964570E+14  0.00000000E+00 -0.73277103E-32
  0.46012400E+14  0.00000000E+00 -0.73045921E-32
  0.46060230E+14  0.00000000E+00 -0.72815941E-32
  0.46108060E+14  0.00000000E+00 -0.72587155E-32
  0.46155890E+14  0.00000000E+00 -0.72359554E-32
  0.46203720E+14  0.00000000E+00 -0.72133129E-32
  0.46251550E+14  0.00000000E+00 -0.71907870E-32
  0.46299380E+14  0.00000000E+00 -0.71683770E-32
  0.46347210E+14  0.00000000E+00 -0.71460820E-32
  0.46395040E+14  0.00000000E+00 -0.71239011E-32
  0.46442870E+14  0.00000000E+00 -0.71018335E-32
  0.46490700E+14  0.00000000E+00 -0.70798784E-32
  0.46538530E+14  0.00000000E+00 -0.70580349E-32
  0.46586360E+14  0.00000000E+00 -0.70363022E-32
  0.46634190E+14  0.00000000E+00 -0.70146795E-32
  0.46682019E+14  0.00000000E+00 -0.69931661E-32
  0.46729849E+14  0.00000000E+00 -0.69717611E-32
  0.46777679E+14  0.00000000E+00 -0.69504637E-32
  0.46825509E+14  0.00000000E+00 -0.69292731E-32
  0.46873339E+14  0.00000000E+00 -0.69081887E-32
  0.46921169E+14  0.00000000E+00 -0.68872095E-32
  0.46968999E+14  0.00000000E+00 -0.68663350E-32
  0.47016829E+14  0.00000000E+00 -0.68455642E-32
  0.47064659E+14  0.00000000E+00 -0.68248965E-32
  0.47112489E+14  0.00000000E+00 -0.68043312E-32
  0.47160319E+14  0.00000000E+00 -0.67838675E-32
  0.47208149E+14  0.00000000E+00 -0.67635047E-32
  0.47255979E+14  0.00000000E+00 -0.67432421E-32
  0.47303809E+14  0.00000000E+00 -0.67230789E-32
  0.47351639E+14  0.00000000E+00 -0.67030146E-32
  0.47399469E+14  0.00000000E+00 -0.66830483E-32
  0.47447298E+14  0.00000000E+00 -0.66631794E-32
  0.47495128E+14  0.00000000E+00 -0.66434072E-32
  0.47542958E+14  0.00000000E+00 -0.66237311E-32
  0.47590788E+14  0.00000000E+00 -0.66041503E-32
  0.47638618E+14  0.00000000E+00 -0.65846642E-32
  0.47686448E+14  0.00000000E+00 -0.65652722E-32
  0.47734278E+14  0.00000000E+00 -0.65459736E-32
  0.47782108E+14  0.00000000E+00 -0.65267678E-32
  0.47829938E+14  0.00000000E+00 -0.65076541E-32
  0.47877768E+14  0.00000000E+00 -0.64886318E-32
  0.47925598E+14  0.00000000E+00 -0.64697005E-32
  0.47973428E+14  0.00000000E+00 -0.64508593E-32
  0.48021258E+14  0.00000000E+00 -0.64321078E-32
  0.48069088E+14  0.00000000E+00 -0.64134453E-32
  0.48116918E+14  0.00000000E+00 -0.63948713E-32
  0.48164748E+14  0.00000000E+00 -0.63763850E-32
  0.48212578E+14  0.00000000E+00 -0.63579860E-32
  0.48260407E+14  0.00000000E+00 -0.63396735E-32
  0.48308237E+14  0.00000000E+00 -0.63214472E-32
  0.48356067E+14  0.00000000E+00 -0.63033063E-32
  0.48403897E+14  0.00000000E+00 -0.62852503E-32
  0.48451727E+14  0.00000000E+00 -0.62672786E-32
  0.48499557E+14  0.00000000E+00 -0.62493907E-32
  0.48547387E+14  0.00000000E+00 -0.62315861E-32
  0.48595217E+14  0.00000000E+00 -0.62138640E-32
  0.48643047E+14  0.00000000E+00 -0.61962241E-32
  0.48690877E+14  0.00000000E+00 -0.61786658E-32
  0.48738707E+14  0.00000000E+00 -0.61611884E-32
  0.48786537E+14  0.00000000E+00 -0.61437916E-32
  0.48834367E+14  0.00000000E+00 -0.61264747E-32
  0.48882197E+14  0.00000000E+00 -0.61092373E-32
  0.48930027E+14  0.00000000E+00 -0.60920788E-32
  0.48977857E+14  0.00000000E+00 -0.60749987E-32
  0.49025686E+14  0.00000000E+00 -0.60579965E-32
  0.49073516E+14  0.00000000E+00 -0.60410717E-32
  0.49121346E+14  0.00000000E+00 -0.60242238E-32
  0.49169176E+14  0.00000000E+00 -0.60074523E-32
  0.49217006E+14  0.00000000E+00 -0.59907567E-32
  0.49264836E+14  0.00000000E+00 -0.59741364E-32
  0.49312666E+14  0.00000000E+00 -0.59575911E-32
  0.49360496E+14  0.00000000E+00 -0.59411203E-32
  0.49408326E+14  0.00000000E+00 -0.59247234E-32
  0.49456156E+14  0.00000000E+00 -0.59084000E-32
  0.49503986E+14  0.00000000E+00 -0.58921496E-32
  0.49551816E+14  0.00000000E+00 -0.58759718E-32
  0.49599646E+14  0.00000000E+00 -0.58598661E-32
  0.49647476E+14  0.00000000E+00 -0.58438320E-32
  0.49695306E+14  0.00000000E+00 -0.58278691E-32
  0.49743136E+14  0.00000000E+00 -0.58119769E-32
  0.49790965E+14  0.00000000E+00 -0.57961550E-32
  0.49838795E+14  0.00000000E+00 -0.57804030E-32
  0.49886625E+14  0.00000000E+00 -0.57647204E-32
  0.49934455E+14  0.00000000E+00 -0.57491067E-32
  0.49982285E+14  0.00000000E+00 -0.57335616E-32
  0.50030115E+14  0.00000000E+00 -0.57180846E-32
  0.50077945E+14  0.00000000E+00 -0.57026753E-32
  0.50125775E+14  0.00000000E+00 -0.56873333E-32
  0.50173605E+14  0.00000000E+00 -0.56720581E-32
  0.50221435E+14  0.00000000E+00 -0.56568494E-32
  0.50269265E+14  0.00000000E+00 -0.56417067E-32
  0.50317095E+14  0.00000000E+00 -0.56266296E-32
  0.50364925E+14  0.00000000E+00 -0.56116178E-32
  0.50412755E+14  0.00000000E+00 -0.55966707E-32
  0.50460585E+14  0.00000000E+00 -0.55817881E-32
  0.50508415E+14  0.00000000E+00 -0.55669695E-32
  0.50556244E+14  0.00000000E+00 -0.55522146E-32
  0.50604074E+14  0.00000000E+00 -0.55375229E-32
  0.50651904E+14  0.00000000E+00 -0.55228940E-32
  0.50699734E+14  0.00000000E+00 -0.55083277E-32
  0.50747564E+14  0.00000000E+00 -0.54938234E-32
  0.50795394E+14  0.00000000E+00 -0.54793809E-32
  0.50843224E+14  0.00000000E+00 -0.54649997E-32
  0.50891054E+14  0.00000000E+00 -0.54506795E-32
  0.50938884E+14  0.00000000E+00 -0.54364199E-32
  0.50986714E+14  0.00000000E+00 -0.54222206E-32
  0.51034544E+14  0.00000000E+00 -0.54080812E-32
  0.51082374E+14  0.00000000E+00 -0.53940013E-32
  0.51130204E+14  0.00000000E+00 -0.53799806E-32
  0.51178034E+14  0.00000000E+00 -0.53660187E-32
  0.51225864E+14  0.00000000E+00 -0.53521154E-32
  0.51273694E+14  0.00000000E+00 -0.53382701E-32
  0.51321523E+14  0.00000000E+00 -0.53244826E-32
  0.51369353E+14  0.00000000E+00 -0.53107526E-32
  0.51417183E+14  0.00000000E+00 -0.52970797E-32
  0.51465013E+14  0.00000000E+00 -0.52834636E-32
  0.51512843E+14  0.00000000E+00 -0.52699039E-32
  0.51560673E+14  0.00000000E+00 -0.52564003E-32
  0.51608503E+14  0.00000000E+00 -0.52429524E-32
  0.51656333E+14  0.00000000E+00 -0.52295601E-32
  0.51704163E+14  0.00000000E+00 -0.52162228E-32
  0.51751993E+14  0.00000000E+00 -0.52029404E-32
  0.51799823E+14  0.00000000E+00 -0.51897125E-32
  0.51847653E+14  0.00000000E+00 -0.51765387E-32
  0.51895483E+14  0.00000000E+00 -0.51634188E-32
  0.51943313E+14  0.00000000E+00 -0.51503525E-32
  0.51991143E+14  0.00000000E+00 -0.51373394E-32
  0.52038973E+14  0.00000000E+00 -0.51243792E-32
  0.52086802E+14  0.00000000E+00 -0.51114716E-32
  0.52134632E+14  0.00000000E+00 -0.50986164E-32
  0.52182462E+14  0.00000000E+00 -0.50858132E-32
  0.52230292E+14  0.00000000E+00 -0.50730618E-32
  0.52278122E+14  0.00000000E+00 -0.50603617E-32
  0.52325952E+14  0.00000000E+00 -0.50477128E-32
  0.52373782E+14  0.00000000E+00 -0.50351148E-32
  0.52421612E+14  0.00000000E+00 -0.50225673E-32
  0.52469442E+14  0.00000000E+00 -0.50100701E-32
  0.52517272E+14  0.00000000E+00 -0.49976229E-32
  0.52565102E+14  0.00000000E+00 -0.49852254E-32
  0.52612932E+14  0.00000000E+00 -0.49728774E-32
  0.52660762E+14  0.00000000E+00 -0.49605784E-32
  0.52708592E+14  0.00000000E+00 -0.49483284E-32
  0.52756422E+14  0.00000000E+00 -0.49361270E-32
  0.52804252E+14  0.00000000E+00 -0.49239738E-32
  0.52852081E+14  0.00000000E+00 -0.49118688E-32
  0.52899911E+14  0.00000000E+00 -0.48998115E-32
  0.52947741E+14  0.00000000E+00 -0.48878018E-32
  0.52995571E+14  0.00000000E+00 -0.48758393E-32
  0.53043401E+14  0.00000000E+00 -0.48639238E-32
  0.53091231E+14  0.00000000E+00 -0.48520551E-32
  0.53139061E+14  0.00000000E+00 -0.48402328E-32
  0.53186891E+14  0.00000000E+00 -0.48284568E-32
  0.53234721E+14  0.00000000E+00 -0.48167267E-32
  0.53282551E+14  0.00000000E+00 -0.48050424E-32
  0.53330381E+14  0.00000000E+00 -0.47934035E-32
  0.53378211E+14  0.00000000E+00 -0.47818098E-32
  0.53426041E+14  0.00000000E+00 -0.47702611E-32
  0.53473871E+14  0.00000000E+00 -0.47587571E-32
  0.53521701E+14  0.00000000E+00 -0.47472976E-32
  0.53569531E+14  0.00000000E+00 -0.47358824E-32
  0.53617360E+14  0.00000000E+00 -0.47245111E-32
  0.53665190E+14  0.00000000E+00 -0.47131836E-32
  0.53713020E+14  0.00000000E+00 -0.47018996E-32
  0.53760850E+14  0.00000000E+00 -0.46906589E-32
  0.53808680E+14  0.00000000E+00 -0.46794613E-32
  0.53856510E+14  0.00000000E+00 -0.46683064E-32
  0.53904340E+14  0.00000000E+00 -0.46571942E-32
  0.53952170E+14  0.00000000E+00 -0.46461243E-32
  0.54000000E+14  0.00000000E+00 -0.46350965E-32
