  0.47829938E+11  0.42517201E-29 -0.80491068E-29
  0.95659876E+11  0.40840197E-29 -0.50215836E-29
  0.14348981E+12  0.38627240E-29 -0.38860515E-29
  0.19131975E+12  0.41776225E-29 -0.36011421E-29
  0.23914969E+12  0.51369798E-29 -0.22683625E-29
  0.28697963E+12  0.47225947E-29 -0.10319738E-29
  0.33480957E+12  0.43279295E-29 -0.47565707E-30
  0.38263950E+12  0.43652447E-29  0.10024659E-29
  0.43046944E+12  0.22492984E-29 -0.11634570E-29
  0.47829938E+12  0.42934808E-29 -0.70299331E-30
  0.52612932E+12  0.45702553E-29  0.79706810E-31
  0.57395926E+12  0.51302484E-29  0.94387532E-30
  0.62178919E+12  0.42264117E-29  0.11401987E-29
  0.66961913E+12  0.41110663E-29  0.28775590E-29
  0.71744907E+12  0.41292335E-29  0.24169308E-29
  0.76527901E+12  0.28009932E-29  0.33234281E-29
  0.81310895E+12  0.14460799E-29  0.19142808E-29
  0.86093888E+12  0.42041997E-29  0.18748577E-29
  0.90876882E+12  0.30017033E-29  0.29250448E-29
  0.95659876E+12  0.31498771E-29  0.28391418E-29
  0.10044287E+13  0.30580521E-29  0.39389145E-29
  0.10522586E+13  0.14971021E-29  0.35322194E-29
  0.11000886E+13  0.13699732E-29  0.29470756E-29
  0.11479185E+13  0.24409823E-29  0.19823720E-29
  0.11957484E+13  0.36259874E-29  0.32035488E-29
  0.12435784E+13  0.29376091E-29  0.44689404E-29
  0.12914083E+13  0.19438623E-29  0.50908142E-29
  0.13392383E+13  0.14525053E-30  0.48066330E-29
  0.13870682E+13  0.27886997E-30  0.34142107E-29
  0.14348981E+13  0.12612548E-29  0.27416829E-29
  0.14827281E+13  0.20331118E-29  0.32308649E-29
  0.15305580E+13  0.24866969E-29  0.42743419E-29
  0.15783880E+13  0.18011518E-29  0.54760876E-29
  0.16262179E+13  0.36619477E-30  0.52695645E-29
  0.16740478E+13 -0.96931772E-30  0.41261764E-29
  0.17218778E+13  0.44271508E-30  0.26365721E-29
  0.17697077E+13  0.22827745E-29  0.40444771E-29
  0.18175376E+13  0.13160934E-29  0.62671109E-29
  0.18653676E+13 -0.17441808E-29  0.63718782E-29
  0.19131975E+13 -0.25032040E-29  0.38548045E-29
  0.19610275E+13 -0.59564612E-30  0.21416174E-29
  0.20088574E+13  0.58721917E-30  0.30895418E-29
  0.20566873E+13  0.14380699E-29  0.43046401E-29
  0.21045173E+13  0.55706586E-30  0.64323164E-29
  0.21523472E+13 -0.22523873E-29  0.57637348E-29
  0.22001771E+13 -0.19683940E-29  0.43376222E-29
  0.22480071E+13 -0.20049823E-29  0.35118327E-29
  0.22958370E+13 -0.38601376E-30  0.25339547E-29
  0.23436670E+13  0.68579975E-30  0.48169437E-29
  0.23914969E+13 -0.20899929E-29  0.64526797E-29
  0.24393268E+13 -0.38601195E-29  0.37523564E-29
  0.24871568E+13 -0.15087936E-29  0.20379785E-29
  0.25349867E+13 -0.31934352E-30  0.32828078E-29
  0.25828167E+13 -0.10987353E-29  0.49783909E-29
  0.26306466E+13 -0.18272281E-29  0.51983430E-29
  0.26784765E+13 -0.31279578E-29  0.44681713E-29
  0.27263065E+13 -0.35523797E-29  0.37152605E-29
  0.27741364E+13 -0.35727830E-29  0.25916173E-29
  0.28219663E+13 -0.20904425E-29  0.15263946E-29
  0.28697963E+13  0.89182320E-31  0.34952196E-29
  0.29176262E+13 -0.31179232E-29  0.50729788E-29
  0.29654562E+13 -0.36924451E-29  0.32301575E-29
  0.30132861E+13 -0.33481380E-29  0.18905802E-29
  0.30611160E+13 -0.18931269E-29  0.22956929E-29
  0.31089460E+13 -0.13031564E-29  0.30434104E-29
  0.31567759E+13 -0.23465078E-29  0.42111937E-29
  0.32046058E+13 -0.39968596E-29  0.40791676E-29
  0.32524358E+13 -0.41998412E-29  0.21633257E-29
  0.33002657E+13 -0.31462206E-29  0.12775009E-29
  0.33480957E+13 -0.28004909E-29  0.19987847E-29
  0.33959256E+13 -0.17458465E-29  0.27109687E-29
  0.34437555E+13 -0.32714230E-29  0.28258666E-29
  0.34915855E+13 -0.47079514E-29  0.28124571E-29
  0.35394154E+13 -0.39143761E-29  0.10616636E-29
  0.35872453E+13 -0.25969584E-29  0.44239783E-30
  0.36350753E+13 -0.20409163E-29  0.69219554E-30
  0.36829052E+13 -0.25594649E-29  0.29490974E-29
  0.37307352E+13 -0.23254032E-29  0.24963262E-29
  0.37785651E+13 -0.39468304E-29  0.33339812E-29
  0.38263950E+13 -0.54383709E-29  0.11473255E-29
  0.38742250E+13 -0.42312132E-29 -0.24086197E-30
  0.39220549E+13 -0.21492064E-29 -0.83902815E-30
  0.39698849E+13 -0.22380599E-29  0.10684020E-29
  0.40177148E+13 -0.28824674E-29  0.49525732E-30
  0.40655447E+13 -0.22678780E-29  0.20623880E-30
  0.41133747E+13 -0.25960387E-29  0.32050064E-30
  0.41612046E+13 -0.84291333E-30  0.86038839E-30
  0.42090345E+13 -0.35170695E-29  0.22152660E-29
  0.42568645E+13 -0.41872694E-29 -0.80717701E-31
  0.43046944E+13 -0.25738933E-29  0.18147277E-30
  0.43525244E+13 -0.29245568E-29  0.51033350E-30
  0.44003543E+13 -0.25571005E-29 -0.11656934E-29
  0.44481842E+13  0.12120086E-30  0.46506731E-30
  0.44960142E+13 -0.32210385E-29  0.18720164E-29
  0.45438441E+13 -0.26033842E-29  0.31513636E-30
  0.45916740E+13 -0.29238693E-29  0.76820249E-31
  0.46395040E+13 -0.24705572E-29 -0.22796388E-29
  0.46873339E+13  0.28991434E-30 -0.91766889E-30
  0.47351639E+13  0.29694963E-30  0.82575790E-30
  0.47829938E+13 -0.22299774E-29  0.23178661E-29
  0.48308237E+13 -0.30737489E-29  0.20167510E-30
  0.48786537E+13 -0.26016334E-29 -0.65390575E-30
  0.49264836E+13 -0.62538896E-30 -0.83684976E-30
  0.49743136E+13  0.34088785E-30 -0.84732743E-30
  0.50221435E+13 -0.19797218E-30  0.17333351E-29
  0.50699734E+13 -0.13115377E-29  0.17059085E-29
  0.51178034E+13 -0.28153796E-29 -0.10820941E-31
  0.51656333E+13 -0.14282514E-29 -0.50831863E-30
  0.52134632E+13  0.71471505E-30  0.30550558E-31
  0.52612932E+13  0.41279983E-30  0.27806481E-29
  0.53091231E+13 -0.31511676E-29  0.22189959E-29
  0.53569531E+13 -0.28973926E-29  0.39498906E-30
  0.54047830E+13 -0.18925496E-29  0.79084569E-30
  0.54526129E+13  0.42796832E-30  0.33571817E-30
  0.55004429E+13 -0.95778883E-30  0.20426493E-29
  0.55482728E+13 -0.57455618E-29  0.17270055E-29
  0.55961027E+13  0.35034716E-30 -0.90144762E-30
  0.56439327E+13 -0.28988925E-29  0.17795592E-31
  0.56917626E+13 -0.33455917E-29  0.33462289E-31
  0.57395926E+13 -0.36027834E-30 -0.12743251E-29
  0.57874225E+13  0.18133217E-29  0.82351751E-30
  0.58352524E+13 -0.30395016E-30  0.76243786E-30
  0.58830824E+13 -0.17557832E-29  0.82354864E-30
  0.59309123E+13 -0.13180435E-29  0.57039991E-30
  0.59787422E+13  0.26537845E-31 -0.52402385E-30
  0.60265722E+13 -0.49436320E-30  0.28025216E-30
  0.60744021E+13  0.14719506E-29  0.14210590E-29
  0.61222321E+13 -0.27110422E-29  0.28849772E-30
  0.61700620E+13  0.47141359E-30  0.16678305E-29
  0.62178919E+13 -0.97665452E-30  0.82867139E-30
  0.62657219E+13  0.20358149E-30  0.91591209E-30
  0.63135518E+13 -0.12111893E-29  0.11842314E-29
  0.63613818E+13 -0.21287318E-29  0.83690928E-30
  0.64092117E+13 -0.58237077E-30 -0.13023249E-29
  0.64570416E+13  0.13594590E-29  0.65897888E-30
  0.65048716E+13  0.14957571E-29  0.12606970E-29
  0.65527015E+13 -0.80778121E-31  0.34769317E-29
  0.66005314E+13 -0.44068662E-30  0.13738606E-29
  0.66483614E+13 -0.52906410E-30  0.22091334E-29
  0.66961913E+13 -0.20294932E-29  0.27083794E-29
  0.67440213E+13 -0.10136075E-29  0.63575104E-30
  0.67918512E+13  0.11507670E-29  0.26433175E-29
  0.68396811E+13 -0.12003795E-29  0.18440512E-29
  0.68875111E+13 -0.92601707E-30  0.27037248E-29
  0.69353410E+13 -0.10413257E-29  0.10446857E-29
  0.69831709E+13 -0.85777438E-30  0.21160535E-29
  0.70310009E+13  0.92697813E-30  0.26143748E-29
  0.70788308E+13 -0.21875295E-29  0.40876124E-29
  0.71266608E+13 -0.23171187E-29  0.11128711E-29
  0.71744907E+13 -0.28179541E-30  0.21766544E-29
  0.72223206E+13 -0.15316851E-29  0.20287977E-29
  0.72701506E+13  0.72021557E-31  0.19918292E-29
  0.73179805E+13 -0.97563266E-30  0.40632169E-29
  0.73658105E+13 -0.22109142E-29  0.24261269E-29
  0.74136404E+13 -0.24362118E-29  0.21237675E-29
  0.74614703E+13 -0.10919755E-29  0.18761259E-29
  0.75093003E+13 -0.59938074E-30  0.29705758E-29
  0.75571302E+13 -0.18598437E-29  0.31378088E-29
  0.76049601E+13 -0.16369173E-29  0.31696468E-29
  0.76527901E+13 -0.11163680E-29  0.25928008E-29
  0.77006200E+13 -0.23606935E-29  0.36262075E-29
  0.77484500E+13 -0.24130265E-29  0.20413870E-29
  0.77962799E+13 -0.79351384E-31  0.28742378E-29
  0.78441098E+13 -0.18060851E-29  0.40415414E-29
  0.78919398E+13 -0.34552968E-29  0.39764073E-29
  0.79397697E+13 -0.31608269E-29  0.21707920E-29
  0.79875996E+13 -0.17804356E-29  0.22912091E-29
  0.80354296E+13 -0.21663111E-29  0.29740453E-29
  0.80832595E+13 -0.12438523E-29  0.30429700E-29
  0.81310895E+13 -0.29392398E-29  0.39464683E-29
  0.81789194E+13 -0.36387594E-29  0.19565623E-29
  0.82267493E+13  0.20312078E-30  0.25447579E-29
  0.82745793E+13 -0.27187629E-29  0.51615215E-29
  0.83224092E+13 -0.26225351E-29  0.26528669E-29
  0.83702391E+13 -0.11644953E-29  0.35041528E-29
  0.84180691E+13 -0.27319544E-30  0.45328062E-29
  0.84658990E+13 -0.65965722E-30  0.74182082E-29
  0.85137290E+13 -0.56014933E-29  0.84099848E-29
  0.85615589E+13 -0.78468846E-29  0.55091791E-29
  0.86093888E+13 -0.71132218E-29  0.47544235E-29
  0.86572188E+13 -0.69447846E-29  0.27990222E-29
  0.87050487E+13 -0.62164335E-29  0.47038399E-29
  0.87528787E+13 -0.89408134E-29  0.28454746E-29
  0.88007086E+13 -0.78805136E-29 -0.62495072E-31
  0.88485385E+13 -0.66345510E-29  0.32320985E-31
  0.88963685E+13 -0.62304571E-29 -0.12289133E-29
  0.89441984E+13 -0.53808896E-29 -0.19385064E-31
  0.89920283E+13 -0.30110741E-29 -0.21311436E-29
  0.90398583E+13 -0.19397387E-29  0.40926939E-30
  0.90876882E+13 -0.97781092E-30  0.35484772E-30
  0.91355182E+13 -0.63744188E-30  0.23997305E-29
  0.91833481E+13 -0.38324752E-29  0.39180297E-29
  0.92311780E+13 -0.29955617E-29  0.11665076E-29
  0.92790080E+13 -0.32436507E-29  0.61965719E-30
  0.93268379E+13  0.29754588E-29  0.34350242E-29
  0.93746678E+13 -0.12650716E-29  0.55522318E-29
  0.94224978E+13 -0.10438488E-29  0.59337135E-29
  0.94703277E+13 -0.15973709E-29  0.67317438E-29
  0.95181577E+13 -0.46764773E-29  0.55881982E-29
  0.95659876E+13  0.13180899E-30  0.78164792E-29
  0.96138175E+13 -0.33484793E-29  0.11538771E-28
  0.96616475E+13 -0.54551147E-29  0.78774017E-29
  0.97094774E+13 -0.36290549E-29  0.79678987E-29
  0.97573074E+13 -0.22866883E-29  0.12868287E-28
  0.98051373E+13 -0.79610377E-29  0.14615213E-28
  0.98529672E+13 -0.10934186E-28  0.11443300E-28
  0.99007972E+13 -0.91972360E-29  0.12353561E-28
  0.99486271E+13 -0.88368850E-29  0.16648959E-28
  0.99964570E+13 -0.15042187E-28  0.18349151E-28
  0.10044287E+14 -0.17412254E-28  0.16618252E-28
  0.10092117E+14 -0.20342090E-28  0.14859626E-28
  0.10139947E+14 -0.19412618E-28  0.19736975E-28
  0.10187777E+14 -0.27549166E-28  0.23380421E-28
  0.10235607E+14 -0.39712714E-28  0.19443998E-28
  0.10283437E+14 -0.36127190E-28  0.19872575E-28
  0.10331267E+14 -0.49373074E-28  0.20721272E-28
  0.10379097E+14 -0.79302674E-28  0.14927851E-28
  0.10426926E+14 -0.12256445E-27 -0.36255160E-28
  0.10474756E+14 -0.55162321E-28 -0.89528305E-28
  0.10522586E+14  0.31960440E-29 -0.69392964E-28
  0.10570416E+14 -0.27482309E-29 -0.43257932E-28
  0.10618246E+14  0.50089429E-30 -0.36738891E-28
  0.10666076E+14  0.10516214E-29 -0.30563210E-28
  0.10713906E+14 -0.55662460E-30 -0.26712779E-28
  0.10761736E+14 -0.76608508E-30 -0.23900486E-28
  0.10809566E+14 -0.54849341E-30 -0.23207483E-28
  0.10857396E+14 -0.18803679E-30 -0.19853792E-28
  0.10905226E+14 -0.11197613E-29 -0.21360978E-28
  0.10953056E+14  0.93336995E-30 -0.18109196E-28
  0.11000886E+14 -0.32592506E-30 -0.17250729E-28
  0.11048716E+14 -0.35745456E-29 -0.18644356E-28
  0.11096546E+14  0.45124905E-29 -0.19169796E-28
  0.11144376E+14  0.18882323E-29 -0.14089324E-28
  0.11192205E+14  0.73126805E-30 -0.16818035E-28
  0.11240035E+14  0.10489822E-29 -0.16746782E-28
  0.11287865E+14  0.15875013E-29 -0.10575175E-28
  0.11335695E+14 -0.61608420E-29 -0.16948294E-28
  0.11383525E+14  0.28416546E-29 -0.18964631E-28
  0.11431355E+14 -0.23082254E-29 -0.15167246E-28
  0.11479185E+14  0.12120048E-30 -0.19813056E-28
  0.11527015E+14  0.34227234E-30 -0.13881481E-28
  0.11574845E+14 -0.18391315E-29 -0.18422480E-28
  0.11622675E+14  0.74329127E-30 -0.18002887E-28
  0.11670505E+14 -0.41734312E-29 -0.19894807E-28
  0.11718335E+14  0.41900360E-29 -0.21436132E-28
  0.11766165E+14  0.67953566E-30 -0.19636380E-28
  0.11813995E+14  0.32589616E-29 -0.21783410E-28
  0.11861825E+14  0.10113660E-29 -0.23200463E-28
  0.11909655E+14  0.10497178E-28 -0.22335192E-28
  0.11957484E+14  0.45562112E-29 -0.24818173E-28
  0.12005314E+14  0.14210194E-28 -0.22727173E-28
  0.12053144E+14  0.10675536E-28 -0.25523381E-28
  0.12100974E+14  0.17229688E-28 -0.20160995E-28
  0.12148804E+14  0.18858657E-28 -0.19970227E-28
  0.12196634E+14  0.18412373E-28 -0.17559296E-28
  0.12244464E+14  0.21909106E-28 -0.18151219E-28
  0.12292294E+14  0.24205144E-28 -0.15740764E-28
  0.12340124E+14  0.23074411E-28 -0.12993600E-28
  0.12387954E+14  0.23100927E-28 -0.11802082E-28
  0.12435784E+14  0.25696533E-28 -0.11131764E-28
  0.12483614E+14  0.28854790E-28 -0.10069041E-28
  0.12531444E+14  0.25811610E-28 -0.66559523E-29
  0.12579274E+14  0.24515925E-28 -0.31207168E-29
  0.12627104E+14  0.32350925E-28 -0.41974585E-30
  0.12674934E+14  0.25331966E-28  0.49938322E-29
  0.12722764E+14  0.23502517E-28  0.52819319E-29
  0.12770593E+14  0.23433360E-28  0.65437993E-29
  0.12818423E+14  0.20443602E-28  0.84052007E-29
  0.12866253E+14  0.18960750E-28  0.94982108E-29
  0.12914083E+14  0.17408795E-28  0.11037513E-28
  0.12961913E+14  0.17377862E-28  0.11097475E-28
  0.13009743E+14  0.15509913E-28  0.12272830E-28
  0.13057573E+14  0.13562925E-28  0.13887908E-28
  0.13105403E+14  0.11560107E-28  0.14230470E-28
  0.13153233E+14  0.10092489E-28  0.14706884E-28
  0.13201063E+14  0.84420598E-29  0.16197444E-28
  0.13248893E+14  0.59265892E-29  0.16463260E-28
  0.13296723E+14  0.00000000E+00  0.15169588E-28
  0.13344553E+14  0.00000000E+00  0.11338992E-28
  0.13392383E+14  0.00000000E+00  0.97015426E-29
  0.13440213E+14  0.00000000E+00  0.85556133E-29
  0.13488043E+14  0.00000000E+00  0.76754031E-29
  0.13535872E+14  0.00000000E+00  0.69653139E-29
  0.13583702E+14  0.00000000E+00  0.63744974E-29
  0.13631532E+14  0.00000000E+00  0.58722311E-29
  0.13679362E+14  0.00000000E+00  0.54383615E-29
  0.13727192E+14  0.00000000E+00  0.50588835E-29
  0.13775022E+14  0.00000000E+00  0.47236396E-29
  0.13822852E+14  0.00000000E+00  0.44250154E-29
  0.13870682E+14  0.00000000E+00  0.41571512E-29
  0.13918512E+14  0.00000000E+00  0.39154398E-29
  0.13966342E+14  0.00000000E+00  0.36961936E-29
  0.14014172E+14  0.00000000E+00  0.34964164E-29
  0.14062002E+14  0.00000000E+00  0.33136420E-29
  0.14109832E+14  0.00000000E+00  0.31458174E-29
  0.14157662E+14  0.00000000E+00  0.29912167E-29
  0.14205492E+14  0.00000000E+00  0.28483765E-29
  0.14253322E+14  0.00000000E+00  0.27160463E-29
  0.14301151E+14  0.00000000E+00  0.25931499E-29
  0.14348981E+14  0.00000000E+00  0.24787552E-29
  0.14396811E+14  0.00000000E+00  0.23720505E-29
  0.14444641E+14  0.00000000E+00  0.22723254E-29
  0.14492471E+14  0.00000000E+00  0.21789546E-29
  0.14540301E+14  0.00000000E+00  0.20913861E-29
  0.14588131E+14  0.00000000E+00  0.20091297E-29
  0.14635961E+14  0.00000000E+00  0.19317494E-29
  0.14683791E+14  0.00000000E+00  0.18588553E-29
  0.14731621E+14  0.00000000E+00  0.17900979E-29
  0.14779451E+14  0.00000000E+00  0.17251631E-29
  0.14827281E+14  0.00000000E+00  0.16637674E-29
  0.14875111E+14  0.00000000E+00  0.16056548E-29
  0.14922941E+14  0.00000000E+00  0.15505930E-29
  0.14970771E+14  0.00000000E+00  0.14983710E-29
  0.15018601E+14  0.00000000E+00  0.14487967E-29
  0.15066430E+14  0.00000000E+00  0.14016949E-29
  0.15114260E+14  0.00000000E+00  0.13569052E-29
  0.15162090E+14  0.00000000E+00  0.13142809E-29
  0.15209920E+14  0.00000000E+00  0.12736872E-29
  0.15257750E+14  0.00000000E+00  0.12350003E-29
  0.15305580E+14  0.00000000E+00  0.11981062E-29
  0.15353410E+14  0.00000000E+00  0.11628998E-29
  0.15401240E+14  0.00000000E+00  0.11292840E-29
  0.15449070E+14  0.00000000E+00  0.10971692E-29
  0.15496900E+14  0.00000000E+00  0.10664723E-29
  0.15544730E+14  0.00000000E+00  0.10371162E-29
  0.15592560E+14  0.00000000E+00  0.10090296E-29
  0.15640390E+14  0.00000000E+00  0.98214601E-30
  0.15688220E+14  0.00000000E+00  0.95640384E-30
  0.15736050E+14  0.00000000E+00  0.93174564E-30
  0.15783880E+14  0.00000000E+00  0.90811792E-30
  0.15831709E+14  0.00000000E+00  0.88547081E-30
  0.15879539E+14  0.00000000E+00  0.86375780E-30
  0.15927369E+14  0.00000000E+00  0.84293545E-30
  0.15975199E+14  0.00000000E+00  0.82296319E-30
  0.16023029E+14  0.00000000E+00  0.80380308E-30
  0.16070859E+14  0.00000000E+00  0.78541966E-30
  0.16118689E+14  0.00000000E+00  0.76777971E-30
  0.16166519E+14  0.00000000E+00  0.75085214E-30
  0.16214349E+14  0.00000000E+00  0.73460784E-30
  0.16262179E+14  0.00000000E+00  0.71901948E-30
  0.16310009E+14  0.00000000E+00  0.70406146E-30
  0.16357839E+14  0.00000000E+00  0.68970971E-30
  0.16405669E+14  0.00000000E+00  0.67594163E-30
  0.16453499E+14  0.00000000E+00  0.66273591E-30
  0.16501329E+14  0.00000000E+00  0.65007247E-30
  0.16549159E+14  0.00000000E+00  0.63793230E-30
  0.16596988E+14  0.00000000E+00  0.62629733E-30
  0.16644818E+14  0.00000000E+00  0.61515032E-30
  0.16692648E+14  0.00000000E+00  0.60447464E-30
  0.16740478E+14  0.00000000E+00  0.59425413E-30
  0.16788308E+14  0.00000000E+00  0.58447286E-30
  0.16836138E+14  0.00000000E+00  0.57511483E-30
  0.16883968E+14  0.00000000E+00  0.56616360E-30
  0.16931798E+14  0.00000000E+00  0.55760186E-30
  0.16979628E+14  0.00000000E+00  0.54941073E-30
  0.17027458E+14  0.00000000E+00  0.54156896E-30
  0.17075288E+14  0.00000000E+00  0.53405171E-30
  0.17123118E+14  0.00000000E+00  0.52682890E-30
  0.17170948E+14  0.00000000E+00  0.51986278E-30
  0.17218778E+14  0.00000000E+00  0.51310442E-30
  0.17266608E+14  0.00000000E+00  0.50648838E-30
  0.17314438E+14  0.00000000E+00  0.49992447E-30
  0.17362267E+14  0.00000000E+00  0.49328452E-30
  0.17410097E+14  0.00000000E+00  0.48638025E-30
  0.17457927E+14  0.00000000E+00  0.47892442E-30
  0.17505757E+14  0.00000000E+00  0.47045767E-30
  0.17553587E+14  0.00000000E+00  0.46019874E-30
  0.17601417E+14  0.00000000E+00  0.44669901E-30
  0.17649247E+14  0.00000000E+00  0.42689561E-30
  0.17697077E+14  0.00000000E+00  0.39269767E-30
  0.17744907E+14  0.00000000E+00  0.31004989E-30
  0.17792737E+14  0.44726932E-30  0.14449574E-30
  0.17840567E+14  0.33005717E-30  0.10797176E-29
  0.17888397E+14  0.49442346E-31 -0.58465289E-31
  0.17936227E+14  0.31404253E-31 -0.92718809E-31
  0.17984057E+14  0.41655908E-30  0.61523283E-30
  0.18031887E+14 -0.31415021E-30  0.11337977E-29
  0.18079717E+14  0.63119186E-30  0.10258827E-29
  0.18127547E+14 -0.34897136E-30  0.14907877E-29
  0.18175376E+14 -0.10512916E-29  0.69793612E-30
  0.18223206E+14  0.48972262E-30  0.14241812E-29
  0.18271036E+14  0.15072447E-29  0.11799127E-29
  0.18318866E+14 -0.12531702E-29  0.73586547E-30
  0.18366696E+14  0.50724542E-32  0.14449521E-29
  0.18414526E+14 -0.49405783E-30  0.15523189E-29
  0.18462356E+14 -0.28015829E-30  0.23642090E-29
  0.18510186E+14 -0.19919595E-30  0.47241709E-30
  0.18558016E+14 -0.63248267E-30  0.80179832E-30
  0.18605846E+14 -0.92452938E-30  0.78673167E-30
  0.18653676E+14 -0.20452471E-29  0.12532539E-30
  0.18701506E+14  0.62329307E-30  0.21219284E-29
  0.18749336E+14 -0.33285678E-30 -0.40218680E-30
  0.18797166E+14 -0.31519184E-29  0.23954960E-29
  0.18844996E+14 -0.25052993E-29 -0.37207521E-30
  0.18892826E+14 -0.43514288E-29  0.19859427E-30
  0.18940655E+14  0.39342727E-30  0.80080450E-30
  0.18988485E+14  0.20041792E-31 -0.45927616E-29
  0.19036315E+14 -0.26205933E-29  0.20037284E-29
  0.19084145E+14  0.90688444E-30 -0.14176507E-29
  0.19131975E+14 -0.35413816E-29 -0.11447132E-29
  0.19179805E+14 -0.18333597E-29  0.10846366E-29
  0.19227635E+14 -0.29239741E-29 -0.16548041E-29
  0.19275465E+14  0.92753438E-30 -0.46790129E-30
  0.19323295E+14 -0.14929165E-29 -0.21491061E-29
  0.19371125E+14 -0.38573557E-30  0.31219623E-30
  0.19418955E+14 -0.20654206E-29 -0.26903263E-29
  0.19466785E+14 -0.11680272E-29 -0.16553246E-30
  0.19514615E+14  0.17787944E-31 -0.38866765E-29
  0.19562445E+14 -0.21916277E-30 -0.35016271E-30
  0.19610275E+14  0.17220271E-29 -0.16590627E-29
  0.19658105E+14  0.10530937E-29 -0.36432890E-30
  0.19705934E+14  0.14672423E-29 -0.17390499E-29
  0.19753764E+14  0.16623076E-29 -0.78359552E-30
  0.19801594E+14  0.18096759E-29 -0.12508429E-29
  0.19849424E+14 -0.62906203E-30 -0.36532699E-30
  0.19897254E+14  0.25189131E-29 -0.10053202E-29
  0.19945084E+14  0.23419849E-29  0.14133739E-29
  0.19992914E+14  0.26750760E-29  0.92252692E-30
  0.20040744E+14 -0.13218332E-30  0.23243817E-29
  0.20088574E+14  0.20258957E-29  0.13627155E-29
  0.20136404E+14  0.13309779E-30  0.15458872E-29
  0.20184234E+14  0.30596877E-30 -0.87103961E-31
  0.20232064E+14 -0.78713039E-30  0.34317314E-29
  0.20279894E+14  0.59377438E-29 -0.57047474E-31
  0.20327724E+14 -0.32305707E-29  0.27667571E-29
  0.20375554E+14  0.31482627E-29  0.36795978E-29
  0.20423384E+14 -0.37629326E-29 -0.87981959E-30
  0.20471213E+14 -0.21173735E-29  0.56755637E-29
  0.20519043E+14  0.80256051E-29  0.82022374E-30
  0.20566873E+14 -0.11399619E-28  0.14453856E-30
  0.20614703E+14 -0.34590584E-29  0.53563486E-29
  0.20662533E+14  0.39627431E-29 -0.16769258E-30
  0.20710363E+14 -0.10881729E-28  0.35679420E-29
  0.20758193E+14 -0.88827131E-29  0.19199909E-30
  0.20806023E+14  0.11166468E-29 -0.18112424E-29
  0.20853853E+14 -0.28873006E-29 -0.45822325E-29
  0.20901683E+14 -0.42931281E-29 -0.20230355E-29
  0.20949513E+14 -0.11764418E-29 -0.55740156E-29
  0.20997343E+14 -0.44564667E-30  0.11138423E-30
  0.21045173E+14 -0.15941917E-29  0.29799897E-29
  0.21093003E+14 -0.86722834E-30  0.12457868E-29
  0.21140833E+14 -0.54565774E-29 -0.12038599E-29
  0.21188663E+14 -0.62941114E-29 -0.66552364E-30
  0.21236492E+14 -0.93071745E-29  0.13143421E-29
  0.21284322E+14 -0.10131916E-28 -0.43727172E-29
  0.21332152E+14 -0.10155452E-28 -0.93236423E-29
  0.21379982E+14  0.25034026E-29 -0.10602317E-28
  0.21427812E+14  0.10720020E-29 -0.91808263E-29
  0.21475642E+14  0.15150882E-28 -0.62220818E-30
  0.21523472E+14  0.35319141E-29  0.48376786E-30
  0.21571302E+14  0.48711717E-29 -0.14157949E-29
  0.21619132E+14  0.64106321E-29 -0.16403479E-29
  0.21666962E+14  0.13589609E-29  0.27796610E-29
  0.21714792E+14  0.23354978E-29  0.89933800E-30
  0.21762622E+14  0.18563266E-29  0.66189007E-30
  0.21810452E+14 -0.11887261E-30  0.38369465E-30
  0.21858282E+14  0.16000895E-29  0.14190931E-29
  0.21906112E+14  0.10141474E-29  0.37361138E-30
  0.21953942E+14  0.10265647E-29  0.27217587E-30
  0.22001771E+14  0.62741983E-30  0.38295710E-30
  0.22049601E+14  0.49671554E-30  0.78033095E-30
  0.22097431E+14  0.13365304E-29  0.50342230E-30
  0.22145261E+14  0.39994692E-30 -0.50140070E-30
  0.22193091E+14  0.10267927E-29  0.87557664E-30
  0.22240921E+14 -0.42616185E-30  0.68927219E-30
  0.22288751E+14  0.97815109E-30  0.32158138E-30
  0.22336581E+14  0.60617665E-31  0.76824689E-30
  0.22384411E+14 -0.69093682E-30  0.31174702E-30
  0.22432241E+14  0.64447490E-30 -0.51472773E-30
  0.22480071E+14  0.70369212E-30  0.37779334E-30
  0.22527901E+14  0.13581168E-30  0.89030992E-30
  0.22575731E+14 -0.68536009E-30  0.15869182E-30
  0.22623561E+14  0.35095262E-30 -0.25200754E-30
  0.22671391E+14  0.75324429E-30  0.40893883E-30
  0.22719221E+14 -0.23631822E-32  0.93832415E-30
  0.22767050E+14 -0.63188326E-30 -0.70027863E-30
  0.22814880E+14  0.70351584E-30 -0.11859307E-30
  0.22862710E+14  0.29725880E-30  0.49214760E-30
  0.22910540E+14 -0.54164071E-30  0.21891041E-30
  0.22958370E+14  0.32948475E-30 -0.51012763E-30
  0.23006200E+14  0.53028564E-30  0.36422941E-31
  0.23054030E+14 -0.49590283E-31  0.49011467E-30
  0.23101860E+14  0.12643703E-30 -0.45719815E-30
  0.23149690E+14  0.24600548E-30  0.28051064E-30
  0.23197520E+14  0.30135545E-30  0.60574515E-31
  0.23245350E+14  0.16884132E-31 -0.20124707E-30
  0.23293180E+14  0.58122538E-31  0.65941845E-30
  0.23341010E+14 -0.20730590E-30 -0.42291167E-30
  0.23388840E+14  0.27686102E-30  0.49013138E-30
  0.23436670E+14 -0.72804370E-30 -0.39393759E-30
  0.23484500E+14  0.78197876E-30 -0.38761053E-30
  0.23532329E+14  0.96345966E-31  0.31661474E-30
  0.23580159E+14 -0.26165503E-30 -0.96600468E-32
  0.23627989E+14  0.60807581E-30  0.17968587E-30
  0.23675819E+14 -0.50863029E-30  0.31135804E-30
  0.23723649E+14 -0.32835604E-31 -0.46528952E-30
  0.23771479E+14  0.19925409E-30 -0.67218346E-31
  0.23819309E+14  0.42739715E-30 -0.33074832E-31
  0.23867139E+14 -0.20537446E-30 -0.15555684E-30
  0.23914969E+14  0.50029225E-30 -0.20663599E-30
  0.23962799E+14  0.42197641E-30  0.16973551E-31
  0.24010629E+14  0.60555779E-30  0.97024342E-31
  0.24058459E+14  0.17611291E-30  0.10319722E-30
  0.24106289E+14  0.54435144E-30  0.73467877E-31
  0.24154119E+14  0.13272682E-30 -0.15553943E-31
  0.24201949E+14  0.22460955E-30  0.29661021E-30
  0.24249779E+14  0.24227967E-30  0.24040506E-30
  0.24297609E+14 -0.30298256E-30 -0.50177832E-30
  0.24345438E+14  0.38464100E-30  0.93198567E-31
  0.24393268E+14  0.13033321E-29 -0.28586597E-30
  0.24441098E+14 -0.15215834E-30  0.71420806E-30
  0.24488928E+14  0.72700147E-30  0.34581939E-30
  0.24536758E+14 -0.53588102E-30  0.12716500E-30
  0.24584588E+14 -0.13695222E-30  0.43343193E-31
  0.24632418E+14 -0.25306904E-31 -0.82817032E-31
  0.24680248E+14  0.82748542E-30  0.38713619E-30
  0.24728078E+14  0.54263754E-31 -0.12061738E-30
  0.24775908E+14  0.18094161E-30  0.63640124E-30
  0.24823738E+14  0.30717741E-32  0.36498489E-31
  0.24871568E+14  0.47983392E-30  0.50310736E-30
  0.24919398E+14 -0.22858855E-30  0.68086168E-30
  0.24967228E+14 -0.27855234E-30 -0.19466602E-30
  0.25015058E+14 -0.16528105E-31 -0.13801603E-30
  0.25062888E+14  0.50058921E-31  0.46432488E-30
  0.25110717E+14 -0.52916471E-30  0.23973522E-30
  0.25158547E+14 -0.68528322E-31 -0.15296818E-31
  0.25206377E+14  0.40414942E-30 -0.88843652E-31
  0.25254207E+14 -0.21634120E-30  0.43954149E-31
  0.25302037E+14  0.26477146E-30  0.80389704E-31
  0.25349867E+14 -0.52313792E-30  0.42091231E-30
  0.25397697E+14 -0.79231720E-31 -0.25567664E-30
  0.25445527E+14 -0.46869293E-30 -0.40870518E-31
  0.25493357E+14  0.22538783E-30 -0.99886868E-31
  0.25541187E+14 -0.56677267E-30 -0.16439203E-30
  0.25589017E+14  0.25284169E-30  0.64626266E-31
  0.25636847E+14  0.41049986E-30 -0.50630713E-31
  0.25684677E+14 -0.49872729E-30 -0.74108308E-31
  0.25732507E+14 -0.58800033E-31 -0.14073945E-30
  0.25780337E+14  0.21206373E-30 -0.25078072E-30
  0.25828167E+14 -0.39042519E-30  0.22557970E-31
  0.25875996E+14  0.61699964E-30 -0.25898737E-30
  0.25923826E+14 -0.22906207E-30 -0.98868449E-31
  0.25971656E+14  0.20643854E-30 -0.50379467E-31
  0.26019486E+14  0.48336993E-30 -0.32597567E-30
  0.26067316E+14 -0.43229113E-30 -0.45261954E-30
  0.26115146E+14  0.28599810E-30  0.16298167E-30
  0.26162976E+14  0.72501176E-30 -0.76446274E-31
  0.26210806E+14  0.26422983E-30 -0.39324936E-31
  0.26258636E+14 -0.10739841E-30 -0.83264197E-31
  0.26306466E+14  0.33191209E-30 -0.23490707E-30
  0.26354296E+14  0.19525299E-31  0.35188002E-31
  0.26402126E+14  0.38911097E-30 -0.80358741E-31
  0.26449956E+14  0.22113872E-30  0.60096144E-31
  0.26497786E+14  0.42783852E-30  0.98534087E-31
  0.26545616E+14  0.21704435E-30 -0.96609400E-31
  0.26593446E+14  0.55091243E-30  0.22306561E-30
  0.26641275E+14  0.12147039E-30  0.24016127E-30
  0.26689105E+14  0.15028600E-30  0.18260702E-31
  0.26736935E+14  0.44393717E-30  0.25475037E-30
  0.26784765E+14  0.96330713E-31  0.86689908E-31
  0.26832595E+14  0.49573163E-30  0.32014208E-30
  0.26880425E+14 -0.33836722E-32  0.21908024E-30
  0.26928255E+14  0.94719657E-31  0.36874779E-30
  0.26976085E+14  0.47684820E-31  0.41441070E-30
  0.27023915E+14  0.00000000E+00  0.23188418E-30
  0.27071745E+14  0.00000000E+00  0.20481790E-30
  0.27119575E+14  0.00000000E+00  0.18320801E-30
  0.27167405E+14  0.00000000E+00  0.16692060E-30
  0.27215235E+14  0.00000000E+00  0.15404306E-30
  0.27263065E+14  0.00000000E+00  0.14348940E-30
  0.27310895E+14  0.00000000E+00  0.13461031E-30
  0.27358725E+14  0.00000000E+00  0.12699010E-30
  0.27406554E+14  0.00000000E+00  0.12034750E-30
  0.27454384E+14  0.00000000E+00  0.11448377E-30
  0.27502214E+14  0.00000000E+00  0.10925352E-30
  0.27550044E+14  0.00000000E+00  0.10454737E-30
  0.27597874E+14  0.00000000E+00  0.10028110E-30
  0.27645704E+14  0.00000000E+00  0.96388574E-31
  0.27693534E+14  0.00000000E+00  0.92816967E-31
  0.27741364E+14  0.00000000E+00  0.89523493E-31
  0.27789194E+14  0.00000000E+00  0.86473048E-31
  0.27837024E+14  0.00000000E+00  0.83636508E-31
  0.27884854E+14  0.00000000E+00  0.80989471E-31
  0.27932684E+14  0.00000000E+00  0.78511311E-31
  0.27980514E+14  0.00000000E+00  0.76184448E-31
  0.28028344E+14  0.00000000E+00  0.73993799E-31
  0.28076174E+14  0.00000000E+00  0.71926328E-31
  0.28124004E+14  0.00000000E+00  0.69970705E-31
  0.28171833E+14  0.00000000E+00  0.68117029E-31
  0.28219663E+14  0.00000000E+00  0.66356598E-31
  0.28267493E+14  0.00000000E+00  0.64681733E-31
  0.28315323E+14  0.00000000E+00  0.63085625E-31
  0.28363153E+14  0.00000000E+00  0.61562212E-31
  0.28410983E+14  0.00000000E+00  0.60106076E-31
  0.28458813E+14  0.00000000E+00  0.58712357E-31
  0.28506643E+14  0.00000000E+00  0.57376683E-31
  0.28554473E+14  0.00000000E+00  0.56095105E-31
  0.28602303E+14  0.00000000E+00  0.54864049E-31
  0.28650133E+14  0.00000000E+00  0.53680267E-31
  0.28697963E+14  0.00000000E+00  0.52540804E-31
  0.28745793E+14  0.00000000E+00  0.51442960E-31
  0.28793623E+14  0.00000000E+00  0.50384268E-31
  0.28841453E+14  0.00000000E+00  0.49362463E-31
  0.28889283E+14  0.00000000E+00  0.48375462E-31
  0.28937112E+14  0.00000000E+00  0.47421350E-31
  0.28984942E+14  0.00000000E+00  0.46498358E-31
  0.29032772E+14  0.00000000E+00  0.45604849E-31
  0.29080602E+14  0.00000000E+00  0.44739310E-31
  0.29128432E+14  0.00000000E+00  0.43900333E-31
  0.29176262E+14  0.00000000E+00  0.43086614E-31
  0.29224092E+14  0.00000000E+00  0.42296936E-31
  0.29271922E+14  0.00000000E+00  0.41530165E-31
  0.29319752E+14  0.00000000E+00  0.40785242E-31
  0.29367582E+14  0.00000000E+00  0.40061179E-31
  0.29415412E+14  0.00000000E+00  0.39357049E-31
  0.29463242E+14  0.00000000E+00  0.38671984E-31
  0.29511072E+14  0.00000000E+00  0.38005168E-31
  0.29558902E+14  0.00000000E+00  0.37355835E-31
  0.29606732E+14  0.00000000E+00  0.36723265E-31
  0.29654562E+14  0.00000000E+00  0.36106780E-31
  0.29702391E+14  0.00000000E+00  0.35505738E-31
  0.29750221E+14  0.00000000E+00  0.34919537E-31
  0.29798051E+14  0.00000000E+00  0.34347605E-31
  0.29845881E+14  0.00000000E+00  0.33789402E-31
  0.29893711E+14  0.00000000E+00  0.33244419E-31
  0.29941541E+14  0.00000000E+00  0.32712170E-31
  0.29989371E+14  0.00000000E+00  0.32192196E-31
  0.30037201E+14  0.00000000E+00  0.31684063E-31
  0.30085031E+14  0.00000000E+00  0.31187355E-31
  0.30132861E+14  0.00000000E+00  0.30701679E-31
  0.30180691E+14  0.00000000E+00  0.30226662E-31
  0.30228521E+14  0.00000000E+00  0.29761945E-31
  0.30276351E+14  0.00000000E+00  0.29307191E-31
  0.30324181E+14  0.00000000E+00  0.28862074E-31
  0.30372011E+14  0.00000000E+00  0.28426286E-31
  0.30419841E+14  0.00000000E+00  0.27999531E-31
  0.30467671E+14  0.00000000E+00  0.27581527E-31
  0.30515500E+14  0.00000000E+00  0.27172006E-31
  0.30563330E+14  0.00000000E+00  0.26770708E-31
  0.30611160E+14  0.00000000E+00  0.26377387E-31
  0.30658990E+14  0.00000000E+00  0.25991806E-31
  0.30706820E+14  0.00000000E+00  0.25613739E-31
  0.30754650E+14  0.00000000E+00  0.25242968E-31
  0.30802480E+14  0.00000000E+00  0.24879285E-31
  0.30850310E+14  0.00000000E+00  0.24522489E-31
  0.30898140E+14  0.00000000E+00  0.24172388E-31
  0.30945970E+14  0.00000000E+00  0.23828798E-31
  0.30993800E+14  0.00000000E+00  0.23491540E-31
  0.31041630E+14  0.00000000E+00  0.23160445E-31
  0.31089460E+14  0.00000000E+00  0.22835346E-31
  0.31137290E+14  0.00000000E+00  0.22516087E-31
  0.31185120E+14  0.00000000E+00  0.22202515E-31
  0.31232950E+14  0.00000000E+00  0.21894482E-31
  0.31280779E+14  0.00000000E+00  0.21591847E-31
  0.31328609E+14  0.00000000E+00  0.21294473E-31
  0.31376439E+14  0.00000000E+00  0.21002229E-31
  0.31424269E+14  0.00000000E+00  0.20714988E-31
  0.31472099E+14  0.00000000E+00  0.20432626E-31
  0.31519929E+14  0.00000000E+00  0.20155025E-31
  0.31567759E+14  0.00000000E+00  0.19882070E-31
  0.31615589E+14  0.00000000E+00  0.19613651E-31
  0.31663419E+14  0.00000000E+00  0.19349660E-31
  0.31711249E+14  0.00000000E+00  0.19089993E-31
  0.31759079E+14  0.00000000E+00  0.18834551E-31
  0.31806909E+14  0.00000000E+00  0.18583236E-31
  0.31854739E+14  0.00000000E+00  0.18335954E-31
  0.31902569E+14  0.00000000E+00  0.18092614E-31
  0.31950399E+14  0.00000000E+00  0.17853128E-31
  0.31998229E+14  0.00000000E+00  0.17617410E-31
  0.32046058E+14  0.00000000E+00  0.17385378E-31
  0.32093888E+14  0.00000000E+00  0.17156950E-31
  0.32141718E+14  0.00000000E+00  0.16932050E-31
  0.32189548E+14  0.00000000E+00  0.16710600E-31
  0.32237378E+14  0.00000000E+00  0.16492529E-31
  0.32285208E+14  0.00000000E+00  0.16277764E-31
  0.32333038E+14  0.00000000E+00  0.16066236E-31
  0.32380868E+14  0.00000000E+00  0.15857879E-31
  0.32428698E+14  0.00000000E+00  0.15652625E-31
  0.32476528E+14  0.00000000E+00  0.15450413E-31
  0.32524358E+14  0.00000000E+00  0.15251180E-31
  0.32572188E+14  0.00000000E+00  0.15054866E-31
  0.32620018E+14  0.00000000E+00  0.14861413E-31
  0.32667848E+14  0.00000000E+00  0.14670764E-31
  0.32715678E+14  0.00000000E+00  0.14482864E-31
  0.32763508E+14  0.00000000E+00  0.14297658E-31
  0.32811337E+14  0.00000000E+00  0.14115095E-31
  0.32859167E+14  0.00000000E+00  0.13935123E-31
  0.32906997E+14  0.00000000E+00  0.13757693E-31
  0.32954827E+14  0.00000000E+00  0.13582757E-31
  0.33002657E+14  0.00000000E+00  0.13410266E-31
  0.33050487E+14  0.00000000E+00  0.13240176E-31
  0.33098317E+14  0.00000000E+00  0.13072441E-31
  0.33146147E+14  0.00000000E+00  0.12907018E-31
  0.33193977E+14  0.00000000E+00  0.12743864E-31
  0.33241807E+14  0.00000000E+00  0.12582938E-31
  0.33289637E+14  0.00000000E+00  0.12424199E-31
  0.33337467E+14  0.00000000E+00  0.12267608E-31
  0.33385297E+14  0.00000000E+00  0.12113126E-31
  0.33433127E+14  0.00000000E+00  0.11960715E-31
  0.33480957E+14  0.00000000E+00  0.11810339E-31
  0.33528787E+14  0.00000000E+00  0.11661962E-31
  0.33576616E+14  0.00000000E+00  0.11515549E-31
  0.33624446E+14  0.00000000E+00  0.11371065E-31
  0.33672276E+14  0.00000000E+00  0.11228478E-31
  0.33720106E+14  0.00000000E+00  0.11087754E-31
  0.33767936E+14  0.00000000E+00  0.10948862E-31
  0.33815766E+14  0.00000000E+00  0.10811770E-31
  0.33863596E+14  0.00000000E+00  0.10676449E-31
  0.33911426E+14  0.00000000E+00  0.10542867E-31
  0.33959256E+14  0.00000000E+00  0.10410997E-31
  0.34007086E+14  0.00000000E+00  0.10280810E-31
  0.34054916E+14  0.00000000E+00  0.10152277E-31
  0.34102746E+14  0.00000000E+00  0.10025372E-31
  0.34150576E+14  0.00000000E+00  0.99000677E-32
  0.34198406E+14  0.00000000E+00  0.97763383E-32
  0.34246236E+14  0.00000000E+00  0.96541583E-32
  0.34294066E+14  0.00000000E+00  0.95335025E-32
  0.34341895E+14  0.00000000E+00  0.94143467E-32
  0.34389725E+14  0.00000000E+00  0.92966669E-32
  0.34437555E+14  0.00000000E+00  0.91804396E-32
  0.34485385E+14  0.00000000E+00  0.90656419E-32
  0.34533215E+14  0.00000000E+00  0.89522513E-32
  0.34581045E+14  0.00000000E+00  0.88402459E-32
  0.34628875E+14  0.00000000E+00  0.87296040E-32
  0.34676705E+14  0.00000000E+00  0.86203046E-32
  0.34724535E+14  0.00000000E+00  0.85123269E-32
  0.34772365E+14  0.00000000E+00  0.84056508E-32
  0.34820195E+14  0.00000000E+00  0.83002562E-32
  0.34868025E+14  0.00000000E+00  0.81961238E-32
  0.34915855E+14  0.00000000E+00  0.80932344E-32
  0.34963685E+14  0.00000000E+00  0.79915693E-32
  0.35011515E+14  0.00000000E+00  0.78911102E-32
  0.35059345E+14  0.00000000E+00  0.77918391E-32
  0.35107174E+14  0.00000000E+00  0.76937383E-32
  0.35155004E+14  0.00000000E+00  0.75967905E-32
  0.35202834E+14  0.00000000E+00  0.75009788E-32
  0.35250664E+14  0.00000000E+00  0.74062865E-32
  0.35298494E+14  0.00000000E+00  0.73126972E-32
  0.35346324E+14  0.00000000E+00  0.72201949E-32
  0.35394154E+14  0.00000000E+00  0.71287639E-32
  0.35441984E+14  0.00000000E+00  0.70383888E-32
  0.35489814E+14  0.00000000E+00  0.69490544E-32
  0.35537644E+14  0.00000000E+00  0.68607458E-32
  0.35585474E+14  0.00000000E+00  0.67734484E-32
  0.35633304E+14  0.00000000E+00  0.66871479E-32
  0.35681134E+14  0.00000000E+00  0.66018302E-32
  0.35728964E+14  0.00000000E+00  0.65174815E-32
  0.35776794E+14  0.00000000E+00  0.64340883E-32
  0.35824624E+14  0.00000000E+00  0.63516371E-32
  0.35872453E+14  0.00000000E+00  0.62701149E-32
  0.35920283E+14  0.00000000E+00  0.61895089E-32
  0.35968113E+14  0.00000000E+00  0.61098064E-32
  0.36015943E+14  0.00000000E+00  0.60309950E-32
  0.36063773E+14  0.00000000E+00  0.59530626E-32
  0.36111603E+14  0.00000000E+00  0.58759970E-32
  0.36159433E+14  0.00000000E+00  0.57997867E-32
  0.36207263E+14  0.00000000E+00  0.57244199E-32
  0.36255093E+14  0.00000000E+00  0.56498853E-32
  0.36302923E+14  0.00000000E+00  0.55761718E-32
  0.36350753E+14  0.00000000E+00  0.55032684E-32
  0.36398583E+14  0.00000000E+00  0.54311642E-32
  0.36446413E+14  0.00000000E+00  0.53598486E-32
  0.36494243E+14  0.00000000E+00  0.52893113E-32
  0.36542073E+14  0.00000000E+00  0.52195418E-32
  0.36589903E+14  0.00000000E+00  0.51505303E-32
  0.36637733E+14  0.00000000E+00  0.50822666E-32
  0.36685562E+14  0.00000000E+00  0.50147411E-32
  0.36733392E+14  0.00000000E+00  0.49479441E-32
  0.36781222E+14  0.00000000E+00  0.48818662E-32
  0.36829052E+14  0.00000000E+00  0.48164981E-32
  0.36876882E+14  0.00000000E+00  0.47518307E-32
  0.36924712E+14  0.00000000E+00  0.46878550E-32
  0.36972542E+14  0.00000000E+00  0.46245620E-32
  0.37020372E+14  0.00000000E+00  0.45619432E-32
  0.37068202E+14  0.00000000E+00  0.44999900E-32
  0.37116032E+14  0.00000000E+00  0.44386938E-32
  0.37163862E+14  0.00000000E+00  0.43780465E-32
  0.37211692E+14  0.00000000E+00  0.43180398E-32
  0.37259522E+14  0.00000000E+00  0.42586658E-32
  0.37307352E+14  0.00000000E+00  0.41999164E-32
  0.37355182E+14  0.00000000E+00  0.41417839E-32
  0.37403012E+14  0.00000000E+00  0.40842607E-32
  0.37450841E+14  0.00000000E+00  0.40273391E-32
  0.37498671E+14  0.00000000E+00  0.39710119E-32
  0.37546501E+14  0.00000000E+00  0.39152715E-32
  0.37594331E+14  0.00000000E+00  0.38601109E-32
  0.37642161E+14  0.00000000E+00  0.38055229E-32
  0.37689991E+14  0.00000000E+00  0.37515005E-32
  0.37737821E+14  0.00000000E+00  0.36980369E-32
  0.37785651E+14  0.00000000E+00  0.36451253E-32
  0.37833481E+14  0.00000000E+00  0.35927589E-32
  0.37881311E+14  0.00000000E+00  0.35409313E-32
  0.37929141E+14  0.00000000E+00  0.34896359E-32
  0.37976971E+14  0.00000000E+00  0.34388664E-32
  0.38024801E+14  0.00000000E+00  0.33886164E-32
  0.38072631E+14  0.00000000E+00  0.33388798E-32
  0.38120461E+14  0.00000000E+00  0.32896504E-32
  0.38168291E+14  0.00000000E+00  0.32409223E-32
  0.38216120E+14  0.00000000E+00  0.31926895E-32
  0.38263950E+14  0.00000000E+00  0.31449462E-32
  0.38311780E+14  0.00000000E+00  0.30976866E-32
  0.38359610E+14  0.00000000E+00  0.30509050E-32
  0.38407440E+14  0.00000000E+00  0.30045958E-32
  0.38455270E+14  0.00000000E+00  0.29587536E-32
  0.38503100E+14  0.00000000E+00  0.29133729E-32
  0.38550930E+14  0.00000000E+00  0.28684483E-32
  0.38598760E+14  0.00000000E+00  0.28239745E-32
  0.38646590E+14  0.00000000E+00  0.27799465E-32
  0.38694420E+14  0.00000000E+00  0.27363589E-32
  0.38742250E+14  0.00000000E+00  0.26932068E-32
  0.38790080E+14  0.00000000E+00  0.26504852E-32
  0.38837910E+14  0.00000000E+00  0.26081891E-32
  0.38885740E+14  0.00000000E+00  0.25663138E-32
  0.38933570E+14  0.00000000E+00  0.25248543E-32
  0.38981399E+14  0.00000000E+00  0.24838061E-32
  0.39029229E+14  0.00000000E+00  0.24431644E-32
  0.39077059E+14  0.00000000E+00  0.24029246E-32
  0.39124889E+14  0.00000000E+00  0.23630823E-32
  0.39172719E+14  0.00000000E+00  0.23236330E-32
  0.39220549E+14  0.00000000E+00  0.22845722E-32
  0.39268379E+14  0.00000000E+00  0.22458957E-32
  0.39316209E+14  0.00000000E+00  0.22075991E-32
  0.39364039E+14  0.00000000E+00  0.21696782E-32
  0.39411869E+14  0.00000000E+00  0.21321289E-32
  0.39459699E+14  0.00000000E+00  0.20949470E-32
  0.39507529E+14  0.00000000E+00  0.20581285E-32
  0.39555359E+14  0.00000000E+00  0.20216693E-32
  0.39603189E+14  0.00000000E+00  0.19855656E-32
  0.39651019E+14  0.00000000E+00  0.19498134E-32
  0.39698849E+14  0.00000000E+00  0.19144089E-32
  0.39746678E+14  0.00000000E+00  0.18793483E-32
  0.39794508E+14  0.00000000E+00  0.18446278E-32
  0.39842338E+14  0.00000000E+00  0.18102438E-32
  0.39890168E+14  0.00000000E+00  0.17761925E-32
  0.39937998E+14  0.00000000E+00  0.17424704E-32
  0.39985828E+14  0.00000000E+00  0.17090740E-32
  0.40033658E+14  0.00000000E+00  0.16759997E-32
  0.40081488E+14  0.00000000E+00  0.16432440E-32
  0.40129318E+14  0.00000000E+00  0.16108037E-32
  0.40177148E+14  0.00000000E+00  0.15786751E-32
  0.40224978E+14  0.00000000E+00  0.15468552E-32
  0.40272808E+14  0.00000000E+00  0.15153405E-32
  0.40320638E+14  0.00000000E+00  0.14841278E-32
  0.40368468E+14  0.00000000E+00  0.14532139E-32
  0.40416298E+14  0.00000000E+00  0.14225956E-32
  0.40464128E+14  0.00000000E+00  0.13922699E-32
  0.40511957E+14  0.00000000E+00  0.13622335E-32
  0.40559787E+14  0.00000000E+00  0.13324836E-32
  0.40607617E+14  0.00000000E+00  0.13030171E-32
  0.40655447E+14  0.00000000E+00  0.12738309E-32
  0.40703277E+14  0.00000000E+00  0.12449223E-32
  0.40751107E+14  0.00000000E+00  0.12162882E-32
  0.40798937E+14  0.00000000E+00  0.11879258E-32
  0.40846767E+14  0.00000000E+00  0.11598324E-32
  0.40894597E+14  0.00000000E+00  0.11320050E-32
  0.40942427E+14  0.00000000E+00  0.11044410E-32
  0.40990257E+14  0.00000000E+00  0.10771376E-32
  0.41038087E+14  0.00000000E+00  0.10500922E-32
  0.41085917E+14  0.00000000E+00  0.10233020E-32
  0.41133747E+14  0.00000000E+00  0.99676452E-33
  0.41181577E+14  0.00000000E+00  0.97047709E-33
  0.41229407E+14  0.00000000E+00  0.94443717E-33
  0.41277236E+14  0.00000000E+00  0.91864223E-33
  0.41325066E+14  0.00000000E+00  0.89308978E-33
  0.41372896E+14  0.00000000E+00  0.86777734E-33
  0.41420726E+14  0.00000000E+00  0.84270248E-33
  0.41468556E+14  0.00000000E+00  0.81786278E-33
  0.41516386E+14  0.00000000E+00  0.79325588E-33
  0.41564216E+14  0.00000000E+00  0.76887941E-33
  0.41612046E+14  0.00000000E+00  0.74473106E-33
  0.41659876E+14  0.00000000E+00  0.72080852E-33
  0.41707706E+14  0.00000000E+00  0.69710953E-33
  0.41755536E+14  0.00000000E+00  0.67363185E-33
  0.41803366E+14  0.00000000E+00  0.65037326E-33
  0.41851196E+14  0.00000000E+00  0.62733157E-33
  0.41899026E+14  0.00000000E+00  0.60450462E-33
  0.41946856E+14  0.00000000E+00  0.58189027E-33
  0.41994686E+14  0.00000000E+00  0.55948640E-33
  0.42042516E+14  0.00000000E+00  0.53729093E-33
  0.42090345E+14  0.00000000E+00  0.51530180E-33
  0.42138175E+14  0.00000000E+00  0.49351696E-33
  0.42186005E+14  0.00000000E+00  0.47193439E-33
  0.42233835E+14  0.00000000E+00  0.45055210E-33
  0.42281665E+14  0.00000000E+00  0.42936813E-33
  0.42329495E+14  0.00000000E+00  0.40838053E-33
  0.42377325E+14  0.00000000E+00  0.38758736E-33
  0.42425155E+14  0.00000000E+00  0.36698672E-33
  0.42472985E+14  0.00000000E+00  0.34657675E-33
  0.42520815E+14  0.00000000E+00  0.32635556E-33
  0.42568645E+14  0.00000000E+00  0.30632133E-33
  0.42616475E+14  0.00000000E+00  0.28647224E-33
  0.42664305E+14  0.00000000E+00  0.26680649E-33
  0.42712135E+14  0.00000000E+00  0.24732230E-33
  0.42759965E+14  0.00000000E+00  0.22801792E-33
  0.42807795E+14  0.00000000E+00  0.20889160E-33
  0.42855624E+14  0.00000000E+00  0.18994164E-33
  0.42903454E+14  0.00000000E+00  0.17116633E-33
  0.42951284E+14  0.00000000E+00  0.15256399E-33
  0.42999114E+14  0.00000000E+00  0.13413297E-33
  0.43046944E+14  0.00000000E+00  0.11587162E-33
  0.43094774E+14  0.00000000E+00  0.97778309E-34
  0.43142604E+14  0.00000000E+00  0.79851444E-34
  0.43190434E+14  0.00000000E+00  0.62089432E-34
  0.43238264E+14  0.00000000E+00  0.44490703E-34
  0.43286094E+14  0.00000000E+00  0.27053703E-34
  0.43333924E+14  0.00000000E+00  0.97768969E-35
  0.43381754E+14  0.00000000E+00 -0.73412347E-35
  0.43429584E+14  0.00000000E+00 -0.24302194E-34
  0.43477414E+14  0.00000000E+00 -0.41107468E-34
  0.43525244E+14  0.00000000E+00 -0.57758525E-34
  0.43573074E+14  0.00000000E+00 -0.74256820E-34
  0.43620903E+14  0.00000000E+00 -0.90603790E-34
  0.43668733E+14  0.00000000E+00 -0.10680086E-33
  0.43716563E+14  0.00000000E+00 -0.12284943E-33
  0.43764393E+14  0.00000000E+00 -0.13875090E-33
  0.43812223E+14  0.00000000E+00 -0.15450664E-33
  0.43860053E+14  0.00000000E+00 -0.17011802E-33
  0.43907883E+14  0.00000000E+00 -0.18558637E-33
  0.43955713E+14  0.00000000E+00 -0.20091305E-33
  0.44003543E+14  0.00000000E+00 -0.21609935E-33
  0.44051373E+14  0.00000000E+00 -0.23114659E-33
  0.44099203E+14  0.00000000E+00 -0.24605606E-33
  0.44147033E+14  0.00000000E+00 -0.26082904E-33
  0.44194863E+14  0.00000000E+00 -0.27546678E-33
  0.44242693E+14  0.00000000E+00 -0.28997053E-33
  0.44290523E+14  0.00000000E+00 -0.30434155E-33
  0.44338353E+14  0.00000000E+00 -0.31858103E-33
  0.44386182E+14  0.00000000E+00 -0.33269021E-33
  0.44434012E+14  0.00000000E+00 -0.34667027E-33
  0.44481842E+14  0.00000000E+00 -0.36052239E-33
  0.44529672E+14  0.00000000E+00 -0.37424776E-33
  0.44577502E+14  0.00000000E+00 -0.38784754E-33
  0.44625332E+14  0.00000000E+00 -0.40132286E-33
  0.44673162E+14  0.00000000E+00 -0.41467487E-33
  0.44720992E+14  0.00000000E+00 -0.42790469E-33
  0.44768822E+14  0.00000000E+00 -0.44101344E-33
  0.44816652E+14  0.00000000E+00 -0.45400221E-33
  0.44864482E+14  0.00000000E+00 -0.46687209E-33
  0.44912312E+14  0.00000000E+00 -0.47962417E-33
  0.44960142E+14  0.00000000E+00 -0.49225951E-33
  0.45007972E+14  0.00000000E+00 -0.50477916E-33
  0.45055802E+14  0.00000000E+00 -0.51718418E-33
  0.45103632E+14  0.00000000E+00 -0.52947559E-33
  0.45151461E+14  0.00000000E+00 -0.54165443E-33
  0.45199291E+14  0.00000000E+00 -0.55372169E-33
  0.45247121E+14  0.00000000E+00 -0.56567840E-33
  0.45294951E+14  0.00000000E+00 -0.57752553E-33
  0.45342781E+14  0.00000000E+00 -0.58926408E-33
  0.45390611E+14  0.00000000E+00 -0.60089501E-33
  0.45438441E+14  0.00000000E+00 -0.61241929E-33
  0.45486271E+14  0.00000000E+00 -0.62383787E-33
  0.45534101E+14  0.00000000E+00 -0.63515169E-33
  0.45581931E+14  0.00000000E+00 -0.64636170E-33
  0.45629761E+14  0.00000000E+00 -0.65746881E-33
  0.45677591E+14  0.00000000E+00 -0.66847394E-33
  0.45725421E+14  0.00000000E+00 -0.67937799E-33
  0.45773251E+14  0.00000000E+00 -0.69018186E-33
  0.45821081E+14  0.00000000E+00 -0.70088644E-33
  0.45868911E+14  0.00000000E+00 -0.71149262E-33
  0.45916740E+14  0.00000000E+00 -0.72200125E-33
  0.45964570E+14  0.00000000E+00 -0.73241320E-33
  0.46012400E+14  0.00000000E+00 -0.74272932E-33
  0.46060230E+14  0.00000000E+00 -0.75295046E-33
  0.46108060E+14  0.00000000E+00 -0.76307746E-33
  0.46155890E+14  0.00000000E+00 -0.77311113E-33
  0.46203720E+14  0.00000000E+00 -0.78305231E-33
  0.46251550E+14  0.00000000E+00 -0.79290180E-33
  0.46299380E+14  0.00000000E+00 -0.80266041E-33
  0.46347210E+14  0.00000000E+00 -0.81232893E-33
  0.46395040E+14  0.00000000E+00 -0.82190815E-33
  0.46442870E+14  0.00000000E+00 -0.83139885E-33
  0.46490700E+14  0.00000000E+00 -0.84080180E-33
  0.46538530E+14  0.00000000E+00 -0.85011777E-33
  0.46586360E+14  0.00000000E+00 -0.85934752E-33
  0.46634190E+14  0.00000000E+00 -0.86849179E-33
  0.46682019E+14  0.00000000E+00 -0.87755132E-33
  0.46729849E+14  0.00000000E+00 -0.88652686E-33
  0.46777679E+14  0.00000000E+00 -0.89541913E-33
  0.46825509E+14  0.00000000E+00 -0.90422886E-33
  0.46873339E+14  0.00000000E+00 -0.91295675E-33
  0.46921169E+14  0.00000000E+00 -0.92160351E-33
  0.46968999E+14  0.00000000E+00 -0.93016985E-33
  0.47016829E+14  0.00000000E+00 -0.93865645E-33
  0.47064659E+14  0.00000000E+00 -0.94706402E-33
  0.47112489E+14  0.00000000E+00 -0.95539321E-33
  0.47160319E+14  0.00000000E+00 -0.96364472E-33
  0.47208149E+14  0.00000000E+00 -0.97181921E-33
  0.47255979E+14  0.00000000E+00 -0.97991733E-33
  0.47303809E+14  0.00000000E+00 -0.98793975E-33
  0.47351639E+14  0.00000000E+00 -0.99588711E-33
  0.47399469E+14  0.00000000E+00 -0.10037601E-32
  0.47447298E+14  0.00000000E+00 -0.10115592E-32
  0.47495128E+14  0.00000000E+00 -0.10192852E-32
  0.47542958E+14  0.00000000E+00 -0.10269387E-32
  0.47590788E+14  0.00000000E+00 -0.10345203E-32
  0.47638618E+14  0.00000000E+00 -0.10420306E-32
  0.47686448E+14  0.00000000E+00 -0.10494702E-32
  0.47734278E+14  0.00000000E+00 -0.10568397E-32
  0.47782108E+14  0.00000000E+00 -0.10641397E-32
  0.47829938E+14  0.00000000E+00 -0.10713708E-32
  0.47877768E+14  0.00000000E+00 -0.10785337E-32
  0.47925598E+14  0.00000000E+00 -0.10856287E-32
  0.47973428E+14  0.00000000E+00 -0.10926566E-32
  0.48021258E+14  0.00000000E+00 -0.10996179E-32
  0.48069088E+14  0.00000000E+00 -0.11065132E-32
  0.48116918E+14  0.00000000E+00 -0.11133430E-32
  0.48164748E+14  0.00000000E+00 -0.11201078E-32
  0.48212578E+14  0.00000000E+00 -0.11268083E-32
  0.48260407E+14  0.00000000E+00 -0.11334450E-32
  0.48308237E+14  0.00000000E+00 -0.11400183E-32
  0.48356067E+14  0.00000000E+00 -0.11465289E-32
  0.48403897E+14  0.00000000E+00 -0.11529772E-32
  0.48451727E+14  0.00000000E+00 -0.11593639E-32
  0.48499557E+14  0.00000000E+00 -0.11656893E-32
  0.48547387E+14  0.00000000E+00 -0.11719540E-32
  0.48595217E+14  0.00000000E+00 -0.11781586E-32
  0.48643047E+14  0.00000000E+00 -0.11843034E-32
  0.48690877E+14  0.00000000E+00 -0.11903891E-32
  0.48738707E+14  0.00000000E+00 -0.11964161E-32
  0.48786537E+14  0.00000000E+00 -0.12023850E-32
  0.48834367E+14  0.00000000E+00 -0.12082961E-32
  0.48882197E+14  0.00000000E+00 -0.12141499E-32
  0.48930027E+14  0.00000000E+00 -0.12199471E-32
  0.48977857E+14  0.00000000E+00 -0.12256879E-32
  0.49025686E+14  0.00000000E+00 -0.12313729E-32
  0.49073516E+14  0.00000000E+00 -0.12370026E-32
  0.49121346E+14  0.00000000E+00 -0.12425774E-32
  0.49169176E+14  0.00000000E+00 -0.12480977E-32
  0.49217006E+14  0.00000000E+00 -0.12535640E-32
  0.49264836E+14  0.00000000E+00 -0.12589769E-32
  0.49312666E+14  0.00000000E+00 -0.12643366E-32
  0.49360496E+14  0.00000000E+00 -0.12696436E-32
  0.49408326E+14  0.00000000E+00 -0.12748985E-32
  0.49456156E+14  0.00000000E+00 -0.12801015E-32
  0.49503986E+14  0.00000000E+00 -0.12852532E-32
  0.49551816E+14  0.00000000E+00 -0.12903539E-32
  0.49599646E+14  0.00000000E+00 -0.12954041E-32
  0.49647476E+14  0.00000000E+00 -0.13004042E-32
  0.49695306E+14  0.00000000E+00 -0.13053546E-32
  0.49743136E+14  0.00000000E+00 -0.13102557E-32
  0.49790965E+14  0.00000000E+00 -0.13151079E-32
  0.49838795E+14  0.00000000E+00 -0.13199117E-32
  0.49886625E+14  0.00000000E+00 -0.13246674E-32
  0.49934455E+14  0.00000000E+00 -0.13293753E-32
  0.49982285E+14  0.00000000E+00 -0.13340360E-32
  0.50030115E+14  0.00000000E+00 -0.13386497E-32
  0.50077945E+14  0.00000000E+00 -0.13432170E-32
  0.50125775E+14  0.00000000E+00 -0.13477381E-32
  0.50173605E+14  0.00000000E+00 -0.13522134E-32
  0.50221435E+14  0.00000000E+00 -0.13566433E-32
  0.50269265E+14  0.00000000E+00 -0.13610281E-32
  0.50317095E+14  0.00000000E+00 -0.13653683E-32
  0.50364925E+14  0.00000000E+00 -0.13696642E-32
  0.50412755E+14  0.00000000E+00 -0.13739162E-32
  0.50460585E+14  0.00000000E+00 -0.13781246E-32
  0.50508415E+14  0.00000000E+00 -0.13822898E-32
  0.50556244E+14  0.00000000E+00 -0.13864120E-32
  0.50604074E+14  0.00000000E+00 -0.13904918E-32
  0.50651904E+14  0.00000000E+00 -0.13945294E-32
  0.50699734E+14  0.00000000E+00 -0.13985251E-32
  0.50747564E+14  0.00000000E+00 -0.14024793E-32
  0.50795394E+14  0.00000000E+00 -0.14063924E-32
  0.50843224E+14  0.00000000E+00 -0.14102646E-32
  0.50891054E+14  0.00000000E+00 -0.14140963E-32
  0.50938884E+14  0.00000000E+00 -0.14178878E-32
  0.50986714E+14  0.00000000E+00 -0.14216395E-32
  0.51034544E+14  0.00000000E+00 -0.14253517E-32
  0.51082374E+14  0.00000000E+00 -0.14290246E-32
  0.51130204E+14  0.00000000E+00 -0.14326587E-32
  0.51178034E+14  0.00000000E+00 -0.14362542E-32
  0.51225864E+14  0.00000000E+00 -0.14398114E-32
  0.51273694E+14  0.00000000E+00 -0.14433306E-32
  0.51321523E+14  0.00000000E+00 -0.14468122E-32
  0.51369353E+14  0.00000000E+00 -0.14502564E-32
  0.51417183E+14  0.00000000E+00 -0.14536636E-32
  0.51465013E+14  0.00000000E+00 -0.14570340E-32
  0.51512843E+14  0.00000000E+00 -0.14603679E-32
  0.51560673E+14  0.00000000E+00 -0.14636657E-32
  0.51608503E+14  0.00000000E+00 -0.14669276E-32
  0.51656333E+14  0.00000000E+00 -0.14701539E-32
  0.51704163E+14  0.00000000E+00 -0.14733449E-32
  0.51751993E+14  0.00000000E+00 -0.14765009E-32
  0.51799823E+14  0.00000000E+00 -0.14796221E-32
  0.51847653E+14  0.00000000E+00 -0.14827089E-32
  0.51895483E+14  0.00000000E+00 -0.14857615E-32
  0.51943313E+14  0.00000000E+00 -0.14887801E-32
  0.51991143E+14  0.00000000E+00 -0.14917652E-32
  0.52038973E+14  0.00000000E+00 -0.14947168E-32
  0.52086802E+14  0.00000000E+00 -0.14976353E-32
  0.52134632E+14  0.00000000E+00 -0.15005210E-32
  0.52182462E+14  0.00000000E+00 -0.15033741E-32
  0.52230292E+14  0.00000000E+00 -0.15061949E-32
  0.52278122E+14  0.00000000E+00 -0.15089836E-32
  0.52325952E+14  0.00000000E+00 -0.15117404E-32
  0.52373782E+14  0.00000000E+00 -0.15144658E-32
  0.52421612E+14  0.00000000E+00 -0.15171598E-32
  0.52469442E+14  0.00000000E+00 -0.15198227E-32
  0.52517272E+14  0.00000000E+00 -0.15224549E-32
  0.52565102E+14  0.00000000E+00 -0.15250565E-32
  0.52612932E+14  0.00000000E+00 -0.15276277E-32
  0.52660762E+14  0.00000000E+00 -0.15301689E-32
  0.52708592E+14  0.00000000E+00 -0.15326802E-32
  0.52756422E+14  0.00000000E+00 -0.15351619E-32
  0.52804252E+14  0.00000000E+00 -0.15376142E-32
  0.52852081E+14  0.00000000E+00 -0.15400374E-32
  0.52899911E+14  0.00000000E+00 -0.15424317E-32
  0.52947741E+14  0.00000000E+00 -0.15447973E-32
  0.52995571E+14  0.00000000E+00 -0.15471345E-32
  0.53043401E+14  0.00000000E+00 -0.15494434E-32
  0.53091231E+14  0.00000000E+00 -0.15517243E-32
  0.53139061E+14  0.00000000E+00 -0.15539774E-32
  0.53186891E+14  0.00000000E+00 -0.15562030E-32
  0.53234721E+14  0.00000000E+00 -0.15584012E-32
  0.53282551E+14  0.00000000E+00 -0.15605723E-32
  0.53330381E+14  0.00000000E+00 -0.15627164E-32
  0.53378211E+14  0.00000000E+00 -0.15648339E-32
  0.53426041E+14  0.00000000E+00 -0.15669248E-32
  0.53473871E+14  0.00000000E+00 -0.15689895E-32
  0.53521701E+14  0.00000000E+00 -0.15710281E-32
  0.53569531E+14  0.00000000E+00 -0.15730408E-32
  0.53617360E+14  0.00000000E+00 -0.15750279E-32
  0.53665190E+14  0.00000000E+00 -0.15769895E-32
  0.53713020E+14  0.00000000E+00 -0.15789258E-32
  0.53760850E+14  0.00000000E+00 -0.15808371E-32
  0.53808680E+14  0.00000000E+00 -0.15827235E-32
  0.53856510E+14  0.00000000E+00 -0.15845852E-32
  0.53904340E+14  0.00000000E+00 -0.15864224E-32
  0.53952170E+14  0.00000000E+00 -0.15882354E-32
  0.54000000E+14  0.00000000E+00 -0.15900242E-32
