  0.49504950E+11  0.11253831E-31  0.58901096E-31
  0.99009901E+11  0.18012246E-31  0.68012150E-31
  0.14851485E+12  0.22916556E-31  0.82085570E-31
  0.19801980E+12  0.15747628E-31  0.10959952E-30
  0.24752475E+12 -0.14750843E-31  0.10024543E-30
  0.29702970E+12 -0.21552045E-31  0.91521651E-31
  0.34653465E+12 -0.27539903E-31  0.79120025E-31
  0.39603960E+12 -0.18549295E-31  0.60040813E-31
  0.44554455E+12 -0.44413467E-33  0.77907887E-31
  0.49504950E+12 -0.67900122E-32  0.90062342E-31
  0.54455446E+12 -0.22934296E-31  0.90510132E-31
  0.59405941E+12 -0.28882765E-31  0.74218944E-31
  0.64356436E+12 -0.18959571E-31  0.72418360E-31
  0.69306931E+12 -0.12943232E-31  0.73439577E-31
  0.74257426E+12 -0.15133855E-31  0.83984577E-31
  0.79207921E+12 -0.27653751E-31  0.83013841E-31
  0.84158416E+12 -0.26758279E-31  0.80292117E-31
  0.89108911E+12 -0.31759802E-31  0.75522529E-31
  0.94059406E+12 -0.31954061E-31  0.72477010E-31
  0.99009901E+12 -0.29012647E-31  0.68376308E-31
  0.10396040E+13 -0.21684595E-31  0.71274355E-31
  0.10891089E+13 -0.28003046E-31  0.78801079E-31
  0.11386139E+13 -0.35564196E-31  0.77955955E-31
  0.11881188E+13 -0.39278419E-31  0.72345509E-31
  0.12376238E+13 -0.37483008E-31  0.65373691E-31
  0.12871287E+13 -0.33730770E-31  0.66527187E-31
  0.13366337E+13 -0.33208950E-31  0.71108167E-31
  0.13861386E+13 -0.39177355E-31  0.72182950E-31
  0.14356436E+13 -0.43201579E-31  0.70780337E-31
  0.14851485E+13 -0.46625810E-31  0.65426812E-31
  0.15346535E+13 -0.45248634E-31  0.60199591E-31
  0.15841584E+13 -0.40038939E-31  0.57465538E-31
  0.16336634E+13 -0.36314675E-31  0.65526956E-31
  0.16831683E+13 -0.44725288E-31  0.69740830E-31
  0.17326733E+13 -0.52380043E-31  0.65216422E-31
  0.17821782E+13 -0.52305098E-31  0.56807293E-31
  0.18316832E+13 -0.47149067E-31  0.54637443E-31
  0.18811881E+13 -0.45828229E-31  0.57705379E-31
  0.19306931E+13 -0.49099163E-31  0.59581305E-31
  0.19801980E+13 -0.52035717E-31  0.58525485E-31
  0.20297030E+13 -0.55363182E-31  0.55467307E-31
  0.20792079E+13 -0.55336901E-31  0.53141824E-31
  0.21287129E+13 -0.56118936E-31  0.48918734E-31
  0.21782178E+13 -0.52043686E-31  0.47465809E-31
  0.22277228E+13 -0.50723435E-31  0.51187441E-31
  0.22772277E+13 -0.55459405E-31  0.54565887E-31
  0.23267327E+13 -0.63470012E-31  0.49543287E-31
  0.23762376E+13 -0.62134583E-31  0.41874331E-31
  0.24257426E+13 -0.56201834E-31  0.39093476E-31
  0.24752475E+13 -0.53371399E-31  0.43738962E-31
  0.25247525E+13 -0.57958025E-31  0.46474905E-31
  0.25742574E+13 -0.63209140E-31  0.44309433E-31
  0.26237624E+13 -0.64700206E-31  0.37903889E-31
  0.26732673E+13 -0.62488123E-31  0.35414650E-31
  0.27227723E+13 -0.60769921E-31  0.34061245E-31
  0.27722772E+13 -0.60442776E-31  0.34804870E-31
  0.28217822E+13 -0.61219172E-31  0.35430631E-31
  0.28712871E+13 -0.64553003E-31  0.34661778E-31
  0.29207921E+13 -0.66429315E-31  0.30395913E-31
  0.29702970E+13 -0.65833228E-31  0.26552701E-31
  0.30198020E+13 -0.61871947E-31  0.25354572E-31
  0.30693069E+13 -0.61572133E-31  0.27430167E-31
  0.31188119E+13 -0.64366173E-31  0.28243251E-31
  0.31683168E+13 -0.68745075E-31  0.25618894E-31
  0.32178218E+13 -0.68566357E-31  0.19191472E-31
  0.32673267E+13 -0.65372501E-31  0.16140115E-31
  0.33168317E+13 -0.62002858E-31  0.16988353E-31
  0.33663366E+13 -0.62935497E-31  0.18839805E-31
  0.34158416E+13 -0.66130089E-31  0.18791901E-31
  0.34653465E+13 -0.68293851E-31  0.14430813E-31
  0.35148515E+13 -0.66906202E-31  0.10420702E-31
  0.35643564E+13 -0.64341789E-31  0.87790641E-32
  0.36138614E+13 -0.63302585E-31  0.94974555E-32
  0.36633663E+13 -0.64425408E-31  0.93942114E-32
  0.37128713E+13 -0.66645493E-31  0.76065385E-32
  0.37623762E+13 -0.66768420E-31  0.34531646E-32
  0.38118812E+13 -0.64629075E-31  0.62140300E-33
  0.38613861E+13 -0.61886379E-31  0.16685448E-34
  0.39108911E+13 -0.61769748E-31  0.77730524E-33
  0.39603960E+13 -0.63011468E-31  0.36716495E-33
  0.40099010E+13 -0.64631622E-31 -0.21785898E-32
  0.40594059E+13 -0.64311917E-31 -0.58078777E-32
  0.41089109E+13 -0.61727863E-31 -0.86945295E-32
  0.41584158E+13 -0.59399960E-31 -0.89024069E-32
  0.42079208E+13 -0.58770340E-31 -0.83845309E-32
  0.42574257E+13 -0.60784488E-31 -0.88028451E-32
  0.43069307E+13 -0.61402433E-31 -0.12551884E-31
  0.43564356E+13 -0.59228395E-31 -0.16364517E-31
  0.44059406E+13 -0.55597684E-31 -0.16657688E-31
  0.44554455E+13 -0.55454979E-31 -0.15773219E-31
  0.45049505E+13 -0.56451388E-31 -0.16885588E-31
  0.45544554E+13 -0.56561960E-31 -0.20093589E-31
  0.46039604E+13 -0.54363439E-31 -0.22519094E-31
  0.46534653E+13 -0.52292925E-31 -0.23590457E-31
  0.47029703E+13 -0.51198578E-31 -0.24001583E-31
  0.47524752E+13 -0.50101867E-31 -0.25001767E-31
  0.48019802E+13 -0.49912614E-31 -0.25675631E-31
  0.48514851E+13 -0.50013133E-31 -0.27766898E-31
  0.49009901E+13 -0.48582374E-31 -0.30936209E-31
  0.49504950E+13 -0.45009695E-31 -0.32079764E-31
  0.50000000E+13 -0.43468296E-31 -0.31607513E-31
  0.50495050E+13 -0.43647518E-31 -0.32176681E-31
  0.50990099E+13 -0.42988019E-31 -0.34672795E-31
  0.51485149E+13 -0.40578194E-31 -0.36526284E-31
  0.51980198E+13 -0.38288733E-31 -0.36812545E-31
  0.52475248E+13 -0.37480463E-31 -0.37216843E-31
  0.52970297E+13 -0.36533246E-31 -0.38668417E-31
  0.53465347E+13 -0.34778266E-31 -0.39912469E-31
  0.53960396E+13 -0.33595753E-31 -0.41345517E-31
  0.54455446E+13 -0.31260474E-31 -0.43041687E-31
  0.54950495E+13 -0.28408970E-31 -0.43543095E-31
  0.55445545E+13 -0.26897257E-31 -0.43127222E-31
  0.55940594E+13 -0.26393290E-31 -0.43992740E-31
  0.56435644E+13 -0.24786961E-31 -0.45917553E-31
  0.56930693E+13 -0.21519883E-31 -0.47019238E-31
  0.57425743E+13 -0.19693951E-31 -0.46448797E-31
  0.57920792E+13 -0.18784055E-31 -0.47188645E-31
  0.58415842E+13 -0.16945388E-31 -0.48785523E-31
  0.58910891E+13 -0.13939253E-31 -0.49455394E-31
  0.59405941E+13 -0.11879718E-31 -0.49501098E-31
  0.59900990E+13 -0.99332596E-32 -0.49802644E-31
  0.60396040E+13 -0.77808083E-32 -0.50422678E-31
  0.60891089E+13 -0.57443473E-32 -0.50327319E-31
  0.61386139E+13 -0.38868599E-32 -0.50963805E-31
  0.61881188E+13 -0.14218727E-32 -0.51709183E-31
  0.62376238E+13  0.16651693E-32 -0.51647258E-31
  0.62871287E+13  0.34212565E-32 -0.51343123E-31
  0.63366337E+13  0.55297027E-32 -0.51501005E-31
  0.63861386E+13  0.79361018E-32 -0.51766772E-31
  0.64356436E+13  0.10497719E-31 -0.51335819E-31
  0.64851485E+13  0.12677598E-31 -0.51432580E-31
  0.65346535E+13  0.15363237E-31 -0.51267996E-31
  0.65841584E+13  0.18167973E-31 -0.50656288E-31
  0.66336634E+13  0.19686812E-31 -0.50336841E-31
  0.66831683E+13  0.22583917E-31 -0.50706695E-31
  0.67326733E+13  0.26116457E-31 -0.49883590E-31
  0.67821782E+13  0.28238236E-31 -0.48119649E-31
  0.68316832E+13  0.29865910E-31 -0.47949361E-31
  0.68811881E+13  0.32953206E-31 -0.48114548E-31
  0.69306931E+13  0.36174200E-31 -0.46167048E-31
  0.69801980E+13  0.37877494E-31 -0.45093345E-31
  0.70297030E+13  0.40335765E-31 -0.45077384E-31
  0.70792079E+13  0.44486689E-31 -0.44054843E-31
  0.71287129E+13  0.46603406E-31 -0.41516331E-31
  0.71782178E+13  0.48298229E-31 -0.40568213E-31
  0.72277228E+13  0.51715255E-31 -0.40180476E-31
  0.72772277E+13  0.55107739E-31 -0.37567833E-31
  0.73267327E+13  0.56766326E-31 -0.35142083E-31
  0.73762376E+13  0.58458061E-31 -0.34415894E-31
  0.74257426E+13  0.61935618E-31 -0.33289013E-31
  0.74752475E+13  0.65399202E-31 -0.30657929E-31
  0.75247525E+13  0.67476129E-31 -0.27986017E-31
  0.75742574E+13  0.69388484E-31 -0.25938609E-31
  0.76237624E+13  0.72066832E-31 -0.24586473E-31
  0.76732673E+13  0.75666410E-31 -0.21849923E-31
  0.77227723E+13  0.78122706E-31 -0.18056222E-31
  0.77722772E+13  0.78851633E-31 -0.15742293E-31
  0.78217822E+13  0.81857638E-31 -0.14460065E-31
  0.78712871E+13  0.85973613E-31 -0.10688126E-31
  0.79207921E+13  0.87220338E-31 -0.62690457E-32
  0.79702970E+13  0.88394906E-31 -0.42671485E-32
  0.80198020E+13  0.92135789E-31 -0.15519272E-32
  0.80693069E+13  0.94462119E-31  0.31990431E-32
  0.81188119E+13  0.95305338E-31  0.68137584E-32
  0.81683168E+13  0.97748096E-31  0.98229422E-32
  0.82178218E+13  0.10014743E-30  0.14035898E-31
  0.82673267E+13  0.10184910E-30  0.18077636E-31
  0.83168317E+13  0.10378572E-30  0.22463412E-31
  0.83663366E+13  0.10515592E-30  0.27087819E-31
  0.84158416E+13  0.10656647E-30  0.31168688E-31
  0.84653465E+13  0.10844741E-30  0.36115145E-31
  0.85148515E+13  0.10961845E-30  0.40988825E-31
  0.85643564E+13  0.11069917E-30  0.45821194E-31
  0.86138614E+13  0.11189228E-30  0.51223189E-31
  0.86633663E+13  0.11261940E-30  0.56230484E-31
  0.87128713E+13  0.11445746E-30  0.62038789E-31
  0.87623762E+13  0.11384307E-30  0.68262279E-31
  0.88118812E+13  0.11393337E-30  0.73364328E-31
  0.88613861E+13  0.11534839E-30  0.79389300E-31
  0.89108911E+13  0.11445378E-30  0.86754555E-31
  0.89603960E+13  0.11353486E-30  0.91865500E-31
  0.90099010E+13  0.11442655E-30  0.98517675E-31
  0.90594059E+13  0.11296826E-30  0.10628700E-30
  0.91089109E+13  0.11176218E-30  0.11242358E-30
  0.91584158E+13  0.11084236E-30  0.11959991E-30
  0.92079208E+13  0.10876255E-30  0.12729779E-30
  0.92574257E+13  0.10657634E-30  0.13458656E-30
  0.93069307E+13  0.10421177E-30  0.14222457E-30
  0.93564356E+13  0.10110040E-30  0.14969358E-30
  0.94059406E+13  0.98224919E-31  0.15790241E-30
  0.94554455E+13  0.93765849E-31  0.16644424E-30
  0.95049505E+13  0.89416184E-31  0.17366456E-30
  0.95544554E+13  0.85722324E-31  0.18269282E-30
  0.96039604E+13  0.78895204E-31  0.19219766E-30
  0.96534653E+13  0.72746308E-31  0.19828007E-30
  0.97029703E+13  0.67984093E-31  0.20920498E-30
  0.97524752E+13  0.57144856E-31  0.21766962E-30
  0.98019802E+13  0.51077812E-31  0.22500068E-30
  0.98514851E+13  0.39884584E-31  0.23554818E-30
  0.99009901E+13  0.29966719E-31  0.24400333E-30
  0.99504950E+13  0.16363059E-31  0.25051499E-30
  0.10000000E+14  0.54165440E-32  0.26249494E-30
  0.10049505E+14 -0.13827813E-31  0.26734718E-30
  0.10099010E+14 -0.30118875E-31  0.27472930E-30
  0.10148515E+14 -0.53224981E-31  0.28252447E-30
  0.10198020E+14 -0.79064272E-31  0.28440268E-30
  0.10247525E+14 -0.11279533E-30  0.27504743E-30
  0.10297030E+14 -0.13033951E-30  0.25442514E-30
  0.10346535E+14 -0.14258870E-30  0.23615989E-30
  0.10396040E+14 -0.14830878E-30  0.22509123E-30
  0.10445545E+14 -0.15887071E-30  0.20839027E-30
  0.10495050E+14 -0.15959893E-30  0.20015052E-30
  0.10544554E+14 -0.16919918E-30  0.18823466E-30
  0.10594059E+14 -0.17021298E-30  0.17741591E-30
  0.10643564E+14 -0.17801012E-30  0.16893908E-30
  0.10693069E+14 -0.17871466E-30  0.15799875E-30
  0.10742574E+14 -0.18292246E-30  0.15058002E-30
  0.10792079E+14 -0.18567480E-30  0.14076604E-30
  0.10841584E+14 -0.18781909E-30  0.13320945E-30
  0.10891089E+14 -0.19077452E-30  0.12427031E-30
  0.10940594E+14 -0.19177378E-30  0.11662818E-30
  0.10990099E+14 -0.19485337E-30  0.10784225E-30
  0.11039604E+14 -0.19502834E-30  0.10021168E-30
  0.11089109E+14 -0.19662603E-30  0.91741545E-31
  0.11138614E+14 -0.19798206E-30  0.83951400E-31
  0.11188119E+14 -0.19845372E-30  0.75601218E-31
  0.11237624E+14 -0.19950851E-30  0.67249220E-31
  0.11287129E+14 -0.19977579E-30  0.58277567E-31
  0.11336634E+14 -0.19924988E-30  0.49753179E-31
  0.11386139E+14 -0.19808517E-30  0.40222189E-31
  0.11435644E+14 -0.19840095E-30  0.30467858E-31
  0.11485149E+14 -0.19601964E-30  0.20209073E-31
  0.11534653E+14 -0.19241929E-30  0.10480977E-31
  0.11584158E+14 -0.18808409E-30 -0.11329294E-32
  0.11633663E+14 -0.18249415E-30 -0.12458811E-31
  0.11683168E+14 -0.17545713E-30 -0.24503256E-31
  0.11732673E+14 -0.16700161E-30 -0.36729584E-31
  0.11782178E+14 -0.15529027E-30 -0.49388473E-31
  0.11831683E+14 -0.14098445E-30 -0.62367962E-31
  0.11881188E+14 -0.12110816E-30 -0.75525338E-31
  0.11930693E+14 -0.96915440E-31 -0.88988535E-31
  0.11980198E+14 -0.64678210E-31 -0.10106485E-30
  0.12029703E+14 -0.18441588E-31 -0.10886269E-30
  0.12079208E+14  0.46226862E-31 -0.10945426E-30
  0.12128713E+14  0.13673294E-30 -0.86925049E-31
  0.12178218E+14  0.26871158E-30 -0.84239277E-32
  0.12227723E+14  0.47007453E-30  0.32042106E-30
  0.12277228E+14 -0.38963903E-31  0.62646447E-30
  0.12326733E+14 -0.22017747E-30  0.45470804E-30
  0.12376238E+14 -0.30236752E-30  0.35099755E-30
  0.12425743E+14 -0.34699630E-30  0.26982696E-30
  0.12475248E+14 -0.36767292E-30  0.20304687E-30
  0.12524752E+14 -0.37947027E-30  0.14420558E-30
  0.12574257E+14 -0.38028543E-30  0.95961559E-31
  0.12623762E+14 -0.37805162E-30  0.50804888E-31
  0.12673267E+14 -0.36714568E-30  0.14204912E-31
  0.12722772E+14 -0.35830432E-30 -0.19486443E-31
  0.12772277E+14 -0.34257492E-30 -0.48691606E-31
  0.12821782E+14 -0.32883377E-30 -0.72489655E-31
  0.12871287E+14 -0.31256917E-30 -0.95735896E-31
  0.12920792E+14 -0.29321080E-30 -0.11342174E-30
  0.12970297E+14 -0.27684262E-30 -0.12871403E-30
  0.13019802E+14 -0.25776705E-30 -0.14285680E-30
  0.13069307E+14 -0.23830020E-30 -0.15194361E-30
  0.13118812E+14 -0.22129752E-30 -0.15979501E-30
  0.13168317E+14 -0.20292404E-30 -0.16685934E-30
  0.13217822E+14 -0.18435572E-30 -0.16976897E-30
  0.13267327E+14 -0.16841471E-30 -0.17134972E-30
  0.13316832E+14 -0.15223183E-30 -0.17232377E-30
  0.13366337E+14 -0.13631529E-30 -0.17047148E-30
  0.13415842E+14 -0.12333506E-30 -0.16726941E-30
  0.13465347E+14 -0.11119854E-30 -0.16435658E-30
  0.13514851E+14 -0.99549495E-31 -0.16029776E-30
  0.13564356E+14 -0.89875972E-31 -0.15580446E-30
  0.13613861E+14 -0.81035950E-31 -0.15231659E-30
  0.13663366E+14 -0.71327021E-31 -0.14919887E-30
  0.13712871E+14 -0.61448029E-31 -0.14436361E-30
  0.13762376E+14 -0.53059035E-31 -0.13915550E-30
  0.13811881E+14 -0.44582094E-31 -0.13424281E-30
  0.13861386E+14 -0.35744539E-31 -0.12841653E-30
  0.13910891E+14 -0.27732992E-31 -0.12158081E-30
  0.13960396E+14 -0.20152709E-31 -0.11479890E-30
  0.14009901E+14 -0.12251765E-31 -0.10729366E-30
  0.14059406E+14 -0.47470281E-32 -0.98389364E-31
  0.14108911E+14  0.16140007E-32 -0.89086442E-31
  0.14158416E+14  0.82768834E-32 -0.79469167E-31
  0.14207921E+14  0.15226587E-31 -0.68302432E-31
  0.14257426E+14  0.21153615E-31 -0.55562903E-31
  0.14306931E+14  0.26535805E-31 -0.41879528E-31
  0.14356436E+14  0.32080531E-31 -0.26795080E-31
  0.14405941E+14  0.37553144E-31 -0.91754926E-32
  0.14455446E+14  0.42579713E-31  0.11725740E-31
  0.14504950E+14  0.46916115E-31  0.36225771E-31
  0.14554455E+14  0.51392290E-31  0.65916809E-31
  0.14603960E+14  0.56202259E-31  0.10457223E-30
  0.14653465E+14  0.60533960E-31  0.15753067E-30
  0.14702970E+14  0.64891330E-31  0.23583840E-30
  0.14752475E+14  0.70858961E-31  0.37452779E-30
  0.14801980E+14 -0.57012938E-31  0.70845495E-30
  0.14851485E+14 -0.58215277E-30  0.11584190E-29
  0.14900990E+14 -0.16963359E-29  0.17766137E-30
  0.14950495E+14 -0.12950032E-29 -0.61071509E-30
  0.15000000E+14 -0.89913174E-30 -0.98830556E-30
  0.15049505E+14 -0.47727574E-30 -0.11915303E-29
  0.15099010E+14 -0.36988155E-31 -0.12854759E-29
  0.15148515E+14  0.48326868E-30 -0.12404021E-29
  0.15198020E+14  0.10762551E-29 -0.94759844E-30
  0.15247525E+14  0.16822060E-29  0.24946810E-30
  0.15297030E+14  0.36357478E-30  0.54546893E-30
  0.15346535E+14  0.19835519E-30  0.30795954E-30
  0.15396040E+14  0.14289502E-30  0.22867852E-30
  0.15445545E+14  0.12805513E-30  0.19586098E-30
  0.15495050E+14  0.10628404E-30  0.19537679E-30
  0.15544554E+14  0.99354091E-31  0.20314706E-30
  0.15594059E+14  0.78009879E-31  0.22024254E-30
  0.15643564E+14  0.62813896E-31  0.23718789E-30
  0.15693069E+14  0.45961572E-31  0.26280775E-30
  0.15742574E+14  0.20605541E-31  0.28946270E-30
  0.15792079E+14 -0.16373222E-32  0.32360543E-30
  0.15841584E+14 -0.46214611E-31  0.35018453E-30
  0.15891089E+14 -0.85915380E-31  0.37295763E-30
  0.15940594E+14 -0.13081616E-30  0.39366452E-30
  0.15990099E+14 -0.17607742E-30  0.41157658E-30
  0.16039604E+14 -0.23075625E-30  0.42885526E-30
  0.16089109E+14 -0.28330944E-30  0.44211117E-30
  0.16138614E+14 -0.33729512E-30  0.45204660E-30
  0.16188119E+14 -0.39426883E-30  0.46855499E-30
  0.16237624E+14 -0.47077603E-30  0.48511218E-30
  0.16287129E+14 -0.55648285E-30  0.49537480E-30
  0.16336634E+14 -0.65325864E-30  0.49837233E-30
  0.16386139E+14 -0.76350152E-30  0.49777876E-30
  0.16435644E+14 -0.89913948E-30  0.48548026E-30
  0.16485149E+14 -0.10738010E-29  0.46663903E-30
  0.16534653E+14 -0.13968203E-29  0.34640028E-30
  0.16584158E+14 -0.14633831E-29 -0.32028626E-31
  0.16633663E+14 -0.14832145E-29 -0.23339598E-30
  0.16683168E+14 -0.15022156E-29 -0.46962316E-30
  0.16732673E+14 -0.13572127E-29 -0.78958622E-30
  0.16782178E+14 -0.12507372E-29 -0.97834083E-30
  0.16831683E+14 -0.77263760E-30 -0.11663479E-29
  0.16881188E+14 -0.67549109E-30 -0.90391014E-30
  0.16930693E+14 -0.70304633E-30 -0.82129713E-30
  0.16980198E+14 -0.74312914E-30 -0.81462007E-30
  0.17029703E+14 -0.80394382E-30 -0.84567576E-30
  0.17079208E+14 -0.86759130E-30 -0.91671911E-30
  0.17128713E+14 -0.93219311E-30 -0.10375429E-29
  0.17178218E+14 -0.10011438E-29 -0.12106774E-29
  0.17227723E+14 -0.10608499E-29 -0.14700750E-29
  0.17277228E+14 -0.11293550E-29 -0.19711754E-29
  0.17326733E+14 -0.40928343E-30 -0.26120021E-29
  0.17376238E+14  0.23877841E-30 -0.25701680E-29
  0.17425743E+14  0.96296169E-30 -0.21694006E-29
  0.17475248E+14  0.93664569E-30 -0.16990762E-29
  0.17524752E+14  0.94680790E-30 -0.15031333E-29
  0.17574257E+14  0.97090645E-30 -0.13725757E-29
  0.17623762E+14  0.10001463E-29 -0.12714835E-29
  0.17673267E+14  0.10410451E-29 -0.11917104E-29
  0.17722772E+14  0.10863692E-29 -0.11264886E-29
  0.17772277E+14  0.11511852E-29 -0.10703575E-29
  0.17821782E+14  0.12275190E-29 -0.10210085E-29
  0.17871287E+14  0.13313427E-29 -0.97408823E-30
  0.17920792E+14  0.14880604E-29 -0.92851853E-30
  0.17970297E+14  0.17796482E-29 -0.85739609E-30
  0.18019802E+14  0.20411002E-29 -0.30669573E-30
  0.18069307E+14  0.19647393E-29  0.10887431E-30
  0.18118812E+14  0.16337902E-29  0.56863404E-30
  0.18168317E+14  0.12871647E-29  0.59983044E-30
  0.18217822E+14  0.10920772E-29  0.59427100E-30
  0.18267327E+14  0.94692949E-30  0.58617516E-30
  0.18316832E+14  0.83720361E-30  0.57668076E-30
  0.18366337E+14  0.74173012E-30  0.56771460E-30
  0.18415842E+14  0.66209862E-30  0.55711755E-30
  0.18465347E+14  0.59127422E-30  0.54661997E-30
  0.18514851E+14  0.52884610E-30  0.53510940E-30
  0.18564356E+14  0.47274819E-30  0.52349583E-30
  0.18613861E+14  0.42107987E-30  0.51105012E-30
  0.18663366E+14  0.37359781E-30  0.49831485E-30
  0.18712871E+14  0.33089131E-30  0.48406441E-30
  0.18762376E+14  0.29105959E-30  0.47044739E-30
  0.18811881E+14  0.25305030E-30  0.45511022E-30
  0.18861386E+14  0.21752134E-30  0.43943329E-30
  0.18910891E+14  0.18505477E-30  0.42188631E-30
  0.18960396E+14  0.15312164E-30  0.40261898E-30
  0.19009901E+14  0.12354984E-30  0.38055933E-30
  0.19059406E+14  0.10339574E-30  0.35051658E-30
  0.19108911E+14  0.90799324E-31  0.32876657E-30
  0.19158416E+14  0.79148477E-31  0.31043484E-30
  0.19207921E+14  0.68436634E-31  0.29433213E-30
  0.19257426E+14  0.57782739E-31  0.27910529E-30
  0.19306931E+14  0.47779339E-31  0.26386809E-30
  0.19356436E+14  0.39682367E-31  0.24895930E-30
  0.19405941E+14  0.33032445E-31  0.23493985E-30
  0.19455446E+14  0.27400324E-31  0.22188982E-30
  0.19504950E+14  0.22554930E-31  0.20991992E-30
  0.19554455E+14  0.18395841E-31  0.19852216E-30
  0.19603960E+14  0.14900634E-31  0.18782726E-30
  0.19653465E+14  0.11909928E-31  0.17792538E-30
  0.19702970E+14  0.93960801E-32  0.16856284E-30
  0.19752475E+14  0.73629291E-32  0.15979073E-30
  0.19801980E+14  0.56240575E-32  0.15165171E-30
  0.19851485E+14  0.41814900E-32  0.14391209E-30
  0.19900990E+14  0.31223928E-32  0.13668911E-30
  0.19950495E+14  0.22901337E-32  0.12998280E-30
  0.20000000E+14  0.16466844E-32  0.12364821E-30
  0.20049505E+14  0.12314102E-32  0.11777853E-30
  0.20099010E+14  0.94688684E-33  0.11227778E-30
  0.20148515E+14  0.80261205E-33  0.10714539E-30
  0.20198020E+14  0.83283826E-33  0.10236555E-30
  0.20247525E+14  0.89496469E-33  0.97922168E-31
  0.20297030E+14  0.10644881E-32  0.93804040E-31
  0.20346535E+14  0.12970720E-32  0.89958005E-31
  0.20396040E+14  0.15405431E-32  0.86408046E-31
  0.20445545E+14  0.18489144E-32  0.83107272E-31
  0.20495050E+14  0.21416141E-32  0.80039732E-31
  0.20544554E+14  0.24472729E-32  0.77205851E-31
  0.20594059E+14  0.27506040E-32  0.74565114E-31
  0.20643564E+14  0.30274762E-32  0.72094235E-31
  0.20693069E+14  0.33012094E-32  0.69804331E-31
  0.20742574E+14  0.35692834E-32  0.67649000E-31
  0.20792079E+14  0.37930229E-32  0.65625246E-31
  0.20841584E+14  0.40183807E-32  0.63729065E-31
  0.20891089E+14  0.42545617E-32  0.61962561E-31
  0.20940594E+14  0.44689942E-32  0.60307753E-31
  0.20990099E+14  0.46615809E-32  0.58785818E-31
  0.21039604E+14  0.48277805E-32  0.57356809E-31
  0.21089109E+14  0.49749256E-32  0.56044657E-31
  0.21138614E+14  0.50740784E-32  0.54811786E-31
  0.21188119E+14  0.51549401E-32  0.53680801E-31
  0.21237624E+14  0.51986620E-32  0.52621159E-31
  0.21287129E+14  0.51960992E-32  0.51638075E-31
  0.21336634E+14  0.51580903E-32  0.50718899E-31
  0.21386139E+14  0.50510094E-32  0.49872317E-31
  0.21435644E+14  0.48924844E-32  0.49063526E-31
  0.21485149E+14  0.46764112E-32  0.48298703E-31
  0.21534653E+14  0.44095507E-32  0.47563210E-31
  0.21584158E+14  0.40781231E-32  0.46838045E-31
  0.21633663E+14  0.36872893E-32  0.46136585E-31
  0.21683168E+14  0.32366310E-32  0.45424774E-31
  0.21732673E+14  0.27321725E-32  0.44690041E-31
  0.21782178E+14  0.21604082E-32  0.43939539E-31
  0.21831683E+14  0.15366495E-32  0.43132902E-31
  0.21881188E+14  0.87737399E-33  0.42246649E-31
  0.21930693E+14  0.18479900E-33  0.41291395E-31
  0.21980198E+14 -0.50405155E-33  0.40229115E-31
  0.22029703E+14 -0.11844647E-32  0.39028816E-31
  0.22079208E+14 -0.18167671E-32  0.37668409E-31
  0.22128713E+14 -0.23050354E-32  0.36076153E-31
  0.22178218E+14 -0.22858268E-32  0.34387432E-31
  0.22227723E+14 -0.20480632E-32  0.33062648E-31
  0.22277228E+14 -0.17969890E-32  0.31928416E-31
  0.22326733E+14 -0.15851576E-32  0.30922129E-31
  0.22376238E+14 -0.14024471E-32  0.29960609E-31
  0.22425743E+14 -0.11546932E-32  0.29076361E-31
  0.22475248E+14 -0.93524052E-33  0.28255442E-31
  0.22524752E+14 -0.72517623E-33  0.27463108E-31
  0.22574257E+14 -0.52044113E-33  0.26752944E-31
  0.22623762E+14 -0.35198062E-33  0.26052399E-31
  0.22673267E+14 -0.15426466E-33  0.25369209E-31
  0.22722772E+14  0.54169560E-34  0.24746314E-31
  0.22772277E+14  0.21290805E-33  0.24119649E-31
  0.22821782E+14  0.45344576E-33  0.23570161E-31
  0.22871287E+14  0.61252147E-33  0.23014737E-31
  0.22920792E+14  0.81026106E-33  0.22496024E-31
  0.22970297E+14  0.95844734E-33  0.21995941E-31
  0.23019802E+14  0.11893029E-32  0.21475214E-31
  0.23069307E+14  0.13425103E-32  0.21052606E-31
  0.23118812E+14  0.14966775E-32  0.20581185E-31
  0.23168317E+14  0.17032071E-32  0.20179972E-31
  0.23217822E+14  0.18413470E-32  0.19774393E-31
  0.23267327E+14  0.20277030E-32  0.19373453E-31
  0.23316832E+14  0.21854339E-32  0.19003416E-31
  0.23366337E+14  0.23549278E-32  0.18631576E-31
  0.23415842E+14  0.25393340E-32  0.18293756E-31
  0.23465347E+14  0.26880258E-32  0.17984193E-31
  0.23514851E+14  0.28532819E-32  0.17670728E-31
  0.23564356E+14  0.29964239E-32  0.17372473E-31
  0.23613861E+14  0.31453058E-32  0.17070013E-31
  0.23663366E+14  0.33088430E-32  0.16788952E-31
  0.23712871E+14  0.34827166E-32  0.16529950E-31
  0.23762376E+14  0.36364354E-32  0.16295930E-31
  0.23811881E+14  0.37749640E-32  0.16078912E-31
  0.23861386E+14  0.38934750E-32  0.15845396E-31
  0.23910891E+14  0.40383725E-32  0.15604797E-31
  0.23960396E+14  0.42030052E-32  0.15390342E-31
  0.24009901E+14  0.43666944E-32  0.15212871E-31
  0.24059406E+14  0.44963396E-32  0.15058107E-31
  0.24108911E+14  0.46079535E-32  0.14889799E-31
  0.24158416E+14  0.47226867E-32  0.14711904E-31
  0.24207921E+14  0.48595100E-32  0.14532052E-31
  0.24257426E+14  0.50178027E-32  0.14377250E-31
  0.24306931E+14  0.51739730E-32  0.14266982E-31
  0.24356436E+14  0.52817039E-32  0.14171437E-31
  0.24405941E+14  0.53691651E-32  0.14055427E-31
  0.24455446E+14  0.54796124E-32  0.13914437E-31
  0.24504950E+14  0.56106991E-32  0.13779711E-31
  0.24554455E+14  0.57770021E-32  0.13694006E-31
  0.24603960E+14  0.58905974E-32  0.13651262E-31
  0.24653465E+14  0.59749228E-32  0.13598143E-31
  0.24702970E+14  0.60496843E-32  0.13510365E-31
  0.24752475E+14  0.61511287E-32  0.13413727E-31
  0.24801980E+14  0.62867441E-32  0.13335323E-31
  0.24851485E+14  0.64255672E-32  0.13309461E-31
  0.24900990E+14  0.65164568E-32  0.13318962E-31
  0.24950495E+14  0.65602533E-32  0.13294122E-31
  0.25000000E+14  0.66259653E-32  0.13225507E-31
  0.25049505E+14  0.67359579E-32  0.13155333E-31
  0.25099010E+14  0.68802653E-32  0.13145861E-31
  0.25148515E+14  0.69828507E-32  0.13195095E-31
  0.25198020E+14  0.70157443E-32  0.13229115E-31
  0.25247525E+14  0.70377544E-32  0.13207028E-31
  0.25297030E+14  0.71222116E-32  0.13161920E-31
  0.25346535E+14  0.72346257E-32  0.13154063E-31
  0.25396040E+14  0.73557046E-32  0.13215345E-31
  0.25445545E+14  0.73908457E-32  0.13296158E-31
  0.25495050E+14  0.73997205E-32  0.13334672E-31
  0.25544554E+14  0.74234763E-32  0.13315201E-31
  0.25594059E+14  0.75175505E-32  0.13310568E-31
  0.25643564E+14  0.76474117E-32  0.13369848E-31
  0.25693069E+14  0.76895176E-32  0.13503737E-31
  0.25742574E+14  0.76666110E-32  0.13595619E-31
  0.25792079E+14  0.76520886E-32  0.13598280E-31
  0.25841584E+14  0.77202955E-32  0.13609018E-31
  0.25891089E+14  0.78287677E-32  0.13678549E-31
  0.25940594E+14  0.78627742E-32  0.13833857E-31
  0.25990099E+14  0.78392605E-32  0.13948234E-31
  0.26039604E+14  0.77940519E-32  0.14000586E-31
  0.26089109E+14  0.78272065E-32  0.14028871E-31
  0.26138614E+14  0.79032833E-32  0.14094513E-31
  0.26188119E+14  0.79568419E-32  0.14263868E-31
  0.26237624E+14  0.79150386E-32  0.14430599E-31
  0.26287129E+14  0.78245720E-32  0.14510916E-31
  0.26336634E+14  0.78271752E-32  0.14545224E-31
  0.26386139E+14  0.78926946E-32  0.14620761E-31
  0.26435644E+14  0.79332958E-32  0.14829295E-31
  0.26485149E+14  0.78511378E-32  0.15014048E-31
  0.26534653E+14  0.77351150E-32  0.15095966E-31
  0.26584158E+14  0.77333366E-32  0.15139950E-31
  0.26633663E+14  0.77709752E-32  0.15254742E-31
  0.26683168E+14  0.77746514E-32  0.15477391E-31
  0.26732673E+14  0.76607162E-32  0.15667658E-31
  0.26782178E+14  0.75358195E-32  0.15768825E-31
  0.26831683E+14  0.75017614E-32  0.15828168E-31
  0.26881188E+14  0.75301554E-32  0.15963728E-31
  0.26930693E+14  0.75086085E-32  0.16214763E-31
  0.26980198E+14  0.73343432E-32  0.16426677E-31
  0.27029703E+14  0.71748649E-32  0.16504008E-31
  0.27079208E+14  0.71424820E-32  0.16564859E-31
  0.27128713E+14  0.71810260E-32  0.16749137E-31
  0.27178218E+14  0.70614219E-32  0.17043218E-31
  0.27227723E+14  0.68454021E-32  0.17226504E-31
  0.27277228E+14  0.66797774E-32  0.17264266E-31
  0.27326733E+14  0.66760449E-32  0.17373521E-31
  0.27376238E+14  0.66637795E-32  0.17631667E-31
  0.27425743E+14  0.64405828E-32  0.17917533E-31
  0.27475248E+14  0.61772094E-32  0.18042431E-31
  0.27524752E+14  0.60705869E-32  0.18095223E-31
  0.27574257E+14  0.60332434E-32  0.18244525E-31
  0.27623762E+14  0.59224530E-32  0.18558554E-31
  0.27673267E+14  0.56454186E-32  0.18808545E-31
  0.27722772E+14  0.53759514E-32  0.18858745E-31
  0.27772277E+14  0.52958622E-32  0.18931283E-31
  0.27821782E+14  0.52683722E-32  0.19206672E-31
  0.27871287E+14  0.49752256E-32  0.19532937E-31
  0.27920792E+14  0.46022413E-32  0.19650198E-31
  0.27970297E+14  0.44500285E-32  0.19677172E-31
  0.28019802E+14  0.44105340E-32  0.19877130E-31
  0.28069307E+14  0.41481121E-32  0.20223767E-31
  0.28118812E+14  0.37415580E-32  0.20396013E-31
  0.28168317E+14  0.35061498E-32  0.20429855E-31
  0.28217822E+14  0.33984467E-32  0.20574480E-31
  0.28267327E+14  0.31679190E-32  0.20902201E-31
  0.28316832E+14  0.27527513E-32  0.21116406E-31
  0.28366337E+14  0.24250007E-32  0.21158661E-31
  0.28415842E+14  0.22663026E-32  0.21263714E-31
  0.28465347E+14  0.20326398E-32  0.21589362E-31
  0.28514851E+14  0.15613416E-32  0.21814808E-31
  0.28564356E+14  0.11859906E-32  0.21818764E-31
  0.28613861E+14  0.10209194E-32  0.21915886E-31
  0.28663366E+14  0.73463089E-33  0.22265376E-31
  0.28712871E+14  0.18211194E-33  0.22437320E-31
  0.28762376E+14 -0.18407441E-33  0.22405119E-31
  0.28811881E+14 -0.36103823E-33  0.22550657E-31
  0.28861386E+14 -0.76685808E-33  0.22886519E-31
  0.28910891E+14 -0.13732171E-32  0.22984917E-31
  0.28960396E+14 -0.17151116E-32  0.22942097E-31
  0.29009901E+14 -0.19406539E-32  0.23121057E-31
  0.29059406E+14 -0.24770599E-32  0.23417476E-31
  0.29108911E+14 -0.30772626E-32  0.23417540E-31
  0.29158416E+14 -0.34152884E-32  0.23376441E-31
  0.29207921E+14 -0.37378138E-32  0.23635928E-31
  0.29257426E+14 -0.44087170E-32  0.23813683E-31
  0.29306931E+14 -0.49520132E-32  0.23707758E-31
  0.29356436E+14 -0.52447341E-32  0.23757748E-31
  0.29405941E+14 -0.58342064E-32  0.24025225E-31
  0.29455446E+14 -0.65537682E-32  0.23970191E-31
  0.29504950E+14 -0.69616324E-32  0.23864356E-31
  0.29554455E+14 -0.74197432E-32  0.24079265E-31
  0.29603960E+14 -0.82152071E-32  0.24106390E-31
  0.29653465E+14 -0.87451732E-32  0.23921866E-31
  0.29702970E+14 -0.91796628E-32  0.24021994E-31
  0.29752475E+14 -0.10001614E-31  0.24077813E-31
  0.29801980E+14 -0.10652802E-31  0.23841018E-31
  0.29851485E+14 -0.11092578E-31  0.23836056E-31
  0.29900990E+14 -0.11924224E-31  0.23883034E-31
  0.29950495E+14 -0.12683917E-31  0.23601773E-31
  0.30000000E+14 -0.13163279E-31  0.23496134E-31
  0.30049505E+14 -0.14033870E-31  0.23508869E-31
  0.30099010E+14 -0.14848165E-31  0.23144569E-31
  0.30148515E+14 -0.15381769E-31  0.22973543E-31
  0.30198020E+14 -0.16337695E-31  0.22889435E-31
  0.30247525E+14 -0.17147476E-31  0.22421089E-31
  0.30297030E+14 -0.17764974E-31  0.22230981E-31
  0.30346535E+14 -0.18821363E-31  0.21965033E-31
  0.30396040E+14 -0.19575334E-31  0.21416146E-31
  0.30445545E+14 -0.20362532E-31  0.21180440E-31
  0.30495050E+14 -0.21422168E-31  0.20658841E-31
  0.30544554E+14 -0.22136132E-31  0.20081878E-31
  0.30594059E+14 -0.23166416E-31  0.19681005E-31
  0.30643564E+14 -0.24151083E-31  0.18909431E-31
  0.30693069E+14 -0.24986154E-31  0.18343946E-31
  0.30742574E+14 -0.26155964E-31  0.17551682E-31
  0.30792079E+14 -0.26973659E-31  0.16685794E-31
  0.30841584E+14 -0.28168462E-31  0.15872430E-31
  0.30891089E+14 -0.29167047E-31  0.14722332E-31
  0.30940594E+14 -0.30290206E-31  0.13700533E-31
  0.30990099E+14 -0.31457565E-31  0.12287945E-31
  0.31039604E+14 -0.32602982E-31  0.10894071E-31
  0.31089109E+14 -0.33844514E-31  0.91178309E-32
  0.31138614E+14 -0.35182135E-31  0.70328917E-32
  0.31188119E+14 -0.37138357E-31  0.36642328E-32
  0.31237624E+14 -0.35480753E-31 -0.10076077E-32
  0.31287129E+14 -0.34019220E-31 -0.31618460E-32
  0.31336634E+14 -0.32360197E-31 -0.48831152E-32
  0.31386139E+14 -0.31346780E-31 -0.67820281E-32
  0.31435644E+14 -0.29409117E-31 -0.78867658E-32
  0.31485149E+14 -0.28043192E-31 -0.92007966E-32
  0.31534653E+14 -0.27211373E-31 -0.10101840E-31
  0.31584158E+14 -0.25832011E-31 -0.10910134E-31
  0.31633663E+14 -0.24231706E-31 -0.11733507E-31
  0.31683168E+14 -0.23093535E-31 -0.12463848E-31
  0.31732673E+14 -0.22310605E-31 -0.13105337E-31
  0.31782178E+14 -0.21014478E-31 -0.13603115E-31
  0.31831683E+14 -0.19765186E-31 -0.14134216E-31
  0.31881188E+14 -0.18751960E-31 -0.14684112E-31
  0.31930693E+14 -0.17931690E-31 -0.15151488E-31
  0.31980198E+14 -0.16880385E-31 -0.15557537E-31
  0.32029703E+14 -0.15726585E-31 -0.15929772E-31
  0.32079208E+14 -0.14519375E-31 -0.16570989E-31
  0.32128713E+14 -0.13516023E-31 -0.16789836E-31
  0.32178218E+14 -0.12372892E-31 -0.17653022E-31
  0.32227723E+14 -0.10820147E-31 -0.17934249E-31
  0.32277228E+14 -0.89426365E-32 -0.18064814E-31
  0.32326733E+14 -0.76094177E-32 -0.17703734E-31
  0.32376238E+14 -0.57598269E-32 -0.18919781E-31
  0.32425743E+14 -0.51175911E-32 -0.22973276E-31
  0.32475248E+14  0.00000000E+00 -0.12274183E-31
  0.32524752E+14  0.00000000E+00 -0.13010472E-31
  0.32574257E+14  0.00000000E+00 -0.11829920E-31
  0.32623762E+14  0.00000000E+00 -0.10867432E-31
  0.32673267E+14  0.00000000E+00 -0.10064708E-31
  0.32722772E+14  0.00000000E+00 -0.93787193E-32
  0.32772277E+14  0.00000000E+00 -0.87814489E-32
  0.32821782E+14  0.00000000E+00 -0.82539804E-32
  0.32871287E+14  0.00000000E+00 -0.77829592E-32
  0.32920792E+14  0.00000000E+00 -0.73585886E-32
  0.32970297E+14  0.00000000E+00 -0.69734513E-32
  0.33019802E+14  0.00000000E+00 -0.66217835E-32
  0.33069307E+14  0.00000000E+00 -0.62990092E-32
  0.33118812E+14  0.00000000E+00 -0.60014291E-32
  0.33168317E+14  0.00000000E+00 -0.57260066E-32
  0.33217822E+14  0.00000000E+00 -0.54702160E-32
  0.33267327E+14  0.00000000E+00 -0.52319326E-32
  0.33316832E+14  0.00000000E+00 -0.50093511E-32
  0.33366337E+14  0.00000000E+00 -0.48009241E-32
  0.33415842E+14  0.00000000E+00 -0.46053147E-32
  0.33465347E+14  0.00000000E+00 -0.44213600E-32
  0.33514851E+14  0.00000000E+00 -0.42480420E-32
  0.33564356E+14  0.00000000E+00 -0.40844645E-32
  0.33613861E+14  0.00000000E+00 -0.39298345E-32
  0.33663366E+14  0.00000000E+00 -0.37834466E-32
  0.33712871E+14  0.00000000E+00 -0.36446714E-32
  0.33762376E+14  0.00000000E+00 -0.35129444E-32
  0.33811881E+14  0.00000000E+00 -0.33877576E-32
  0.33861386E+14  0.00000000E+00 -0.32686525E-32
  0.33910891E+14  0.00000000E+00 -0.31552137E-32
  0.33960396E+14  0.00000000E+00 -0.30470640E-32
  0.34009901E+14  0.00000000E+00 -0.29438598E-32
  0.34059406E+14  0.00000000E+00 -0.28452872E-32
  0.34108911E+14  0.00000000E+00 -0.27510589E-32
  0.34158416E+14  0.00000000E+00 -0.26609114E-32
  0.34207921E+14  0.00000000E+00 -0.25746023E-32
  0.34257426E+14  0.00000000E+00 -0.24919082E-32
  0.34306931E+14  0.00000000E+00 -0.24126230E-32
  0.34356436E+14  0.00000000E+00 -0.23365561E-32
  0.34405941E+14  0.00000000E+00 -0.22635310E-32
  0.34455446E+14  0.00000000E+00 -0.21933836E-32
  0.34504950E+14  0.00000000E+00 -0.21259618E-32
  0.34554455E+14  0.00000000E+00 -0.20611237E-32
  0.34603960E+14  0.00000000E+00 -0.19987373E-32
  0.34653465E+14  0.00000000E+00 -0.19386793E-32
  0.34702970E+14  0.00000000E+00 -0.18808344E-32
  0.34752475E+14  0.00000000E+00 -0.18250948E-32
  0.34801980E+14  0.00000000E+00 -0.17713596E-32
  0.34851485E+14  0.00000000E+00 -0.17195339E-32
  0.34900990E+14  0.00000000E+00 -0.16695290E-32
  0.34950495E+14  0.00000000E+00 -0.16212610E-32
  0.35000000E+14  0.00000000E+00 -0.15746516E-32
  0.35049505E+14  0.00000000E+00 -0.15296264E-32
  0.35099010E+14  0.00000000E+00 -0.14861159E-32
  0.35148515E+14  0.00000000E+00 -0.14440541E-32
  0.35198020E+14  0.00000000E+00 -0.14033787E-32
  0.35247525E+14  0.00000000E+00 -0.13640311E-32
  0.35297030E+14  0.00000000E+00 -0.13259557E-32
  0.35346535E+14  0.00000000E+00 -0.12890997E-32
  0.35396040E+14  0.00000000E+00 -0.12534135E-32
  0.35445545E+14  0.00000000E+00 -0.12188496E-32
  0.35495050E+14  0.00000000E+00 -0.11853633E-32
  0.35544554E+14  0.00000000E+00 -0.11529119E-32
  0.35594059E+14  0.00000000E+00 -0.11214552E-32
  0.35643564E+14  0.00000000E+00 -0.10909545E-32
  0.35693069E+14  0.00000000E+00 -0.10613735E-32
  0.35742574E+14  0.00000000E+00 -0.10326772E-32
  0.35792079E+14  0.00000000E+00 -0.10048325E-32
  0.35841584E+14  0.00000000E+00 -0.97780783E-33
  0.35891089E+14  0.00000000E+00 -0.95157313E-33
  0.35940594E+14  0.00000000E+00 -0.92609964E-33
  0.35990099E+14  0.00000000E+00 -0.90135996E-33
  0.36039604E+14  0.00000000E+00 -0.87732790E-33
  0.36089109E+14  0.00000000E+00 -0.85397846E-33
  0.36138614E+14  0.00000000E+00 -0.83128773E-33
  0.36188119E+14  0.00000000E+00 -0.80923284E-33
  0.36237624E+14  0.00000000E+00 -0.78779193E-33
  0.36287129E+14  0.00000000E+00 -0.76694404E-33
  0.36336634E+14  0.00000000E+00 -0.74666914E-33
  0.36386139E+14  0.00000000E+00 -0.72694800E-33
  0.36435644E+14  0.00000000E+00 -0.70776221E-33
  0.36485149E+14  0.00000000E+00 -0.68909412E-33
  0.36534653E+14  0.00000000E+00 -0.67092679E-33
  0.36584158E+14  0.00000000E+00 -0.65324397E-33
  0.36633663E+14  0.00000000E+00 -0.63603005E-33
  0.36683168E+14  0.00000000E+00 -0.61927006E-33
  0.36732673E+14  0.00000000E+00 -0.60294959E-33
  0.36782178E+14  0.00000000E+00 -0.58705482E-33
  0.36831683E+14  0.00000000E+00 -0.57157245E-33
  0.36881188E+14  0.00000000E+00 -0.55648968E-33
  0.36930693E+14  0.00000000E+00 -0.54179422E-33
  0.36980198E+14  0.00000000E+00 -0.52747421E-33
  0.37029703E+14  0.00000000E+00 -0.51351827E-33
  0.37079208E+14  0.00000000E+00 -0.49991541E-33
  0.37128713E+14  0.00000000E+00 -0.48665507E-33
  0.37178218E+14  0.00000000E+00 -0.47372705E-33
  0.37227723E+14  0.00000000E+00 -0.46112154E-33
  0.37277228E+14  0.00000000E+00 -0.44882908E-33
  0.37326733E+14  0.00000000E+00 -0.43684052E-33
  0.37376238E+14  0.00000000E+00 -0.42514707E-33
  0.37425743E+14  0.00000000E+00 -0.41374022E-33
  0.37475248E+14  0.00000000E+00 -0.40261178E-33
  0.37524752E+14  0.00000000E+00 -0.39175383E-33
  0.37574257E+14  0.00000000E+00 -0.38115872E-33
  0.37623762E+14  0.00000000E+00 -0.37081907E-33
  0.37673267E+14  0.00000000E+00 -0.36072774E-33
  0.37722772E+14  0.00000000E+00 -0.35087784E-33
  0.37772277E+14  0.00000000E+00 -0.34126269E-33
  0.37821782E+14  0.00000000E+00 -0.33187586E-33
  0.37871287E+14  0.00000000E+00 -0.32271111E-33
  0.37920792E+14  0.00000000E+00 -0.31376242E-33
  0.37970297E+14  0.00000000E+00 -0.30502395E-33
  0.38019802E+14  0.00000000E+00 -0.29649006E-33
  0.38069307E+14  0.00000000E+00 -0.28815528E-33
  0.38118812E+14  0.00000000E+00 -0.28001432E-33
  0.38168317E+14  0.00000000E+00 -0.27206207E-33
  0.38217822E+14  0.00000000E+00 -0.26429355E-33
  0.38267327E+14  0.00000000E+00 -0.25670398E-33
  0.38316832E+14  0.00000000E+00 -0.24928869E-33
  0.38366337E+14  0.00000000E+00 -0.24204316E-33
  0.38415842E+14  0.00000000E+00 -0.23496303E-33
  0.38465347E+14  0.00000000E+00 -0.22804405E-33
  0.38514851E+14  0.00000000E+00 -0.22128211E-33
  0.38564356E+14  0.00000000E+00 -0.21467323E-33
  0.38613861E+14  0.00000000E+00 -0.20821354E-33
  0.38663366E+14  0.00000000E+00 -0.20189928E-33
  0.38712871E+14  0.00000000E+00 -0.19572681E-33
  0.38762376E+14  0.00000000E+00 -0.18969260E-33
  0.38811881E+14  0.00000000E+00 -0.18379322E-33
  0.38861386E+14  0.00000000E+00 -0.17802534E-33
  0.38910891E+14  0.00000000E+00 -0.17238573E-33
  0.38960396E+14  0.00000000E+00 -0.16687123E-33
  0.39009901E+14  0.00000000E+00 -0.16147882E-33
  0.39059406E+14  0.00000000E+00 -0.15620551E-33
  0.39108911E+14  0.00000000E+00 -0.15104843E-33
  0.39158416E+14  0.00000000E+00 -0.14600479E-33
  0.39207921E+14  0.00000000E+00 -0.14107186E-33
  0.39257426E+14  0.00000000E+00 -0.13624701E-33
  0.39306931E+14  0.00000000E+00 -0.13152765E-33
  0.39356436E+14  0.00000000E+00 -0.12691130E-33
  0.39405941E+14  0.00000000E+00 -0.12239552E-33
  0.39455446E+14  0.00000000E+00 -0.11797795E-33
  0.39504950E+14  0.00000000E+00 -0.11365630E-33
  0.39554455E+14  0.00000000E+00 -0.10942832E-33
  0.39603960E+14  0.00000000E+00 -0.10529184E-33
  0.39653465E+14  0.00000000E+00 -0.10124474E-33
  0.39702970E+14  0.00000000E+00 -0.97284958E-34
  0.39752475E+14  0.00000000E+00 -0.93410494E-34
  0.39801980E+14  0.00000000E+00 -0.89619394E-34
  0.39851485E+14  0.00000000E+00 -0.85909754E-34
  0.39900990E+14  0.00000000E+00 -0.82279725E-34
  0.39950495E+14  0.00000000E+00 -0.78727503E-34
  0.40000000E+14  0.00000000E+00 -0.75251331E-34
  0.40049505E+14  0.00000000E+00 -0.71849501E-34
  0.40099010E+14  0.00000000E+00 -0.68520345E-34
  0.40148515E+14  0.00000000E+00 -0.65262239E-34
  0.40198020E+14  0.00000000E+00 -0.62073603E-34
  0.40247525E+14  0.00000000E+00 -0.58952894E-34
  0.40297030E+14  0.00000000E+00 -0.55898609E-34
  0.40346535E+14  0.00000000E+00 -0.52909284E-34
  0.40396040E+14  0.00000000E+00 -0.49983491E-34
  0.40445545E+14  0.00000000E+00 -0.47119839E-34
  0.40495050E+14  0.00000000E+00 -0.44316969E-34
  0.40544554E+14  0.00000000E+00 -0.41573558E-34
  0.40594059E+14  0.00000000E+00 -0.38888315E-34
  0.40643564E+14  0.00000000E+00 -0.36259982E-34
  0.40693069E+14  0.00000000E+00 -0.33687330E-34
  0.40742574E+14  0.00000000E+00 -0.31169160E-34
  0.40792079E+14  0.00000000E+00 -0.28704304E-34
  0.40841584E+14  0.00000000E+00 -0.26291622E-34
  0.40891089E+14  0.00000000E+00 -0.23930000E-34
  0.40940594E+14  0.00000000E+00 -0.21618352E-34
  0.40990099E+14  0.00000000E+00 -0.19355618E-34
  0.41039604E+14  0.00000000E+00 -0.17140763E-34
  0.41089109E+14  0.00000000E+00 -0.14972777E-34
  0.41138614E+14  0.00000000E+00 -0.12850673E-34
  0.41188119E+14  0.00000000E+00 -0.10773489E-34
  0.41237624E+14  0.00000000E+00 -0.87402841E-35
  0.41287129E+14  0.00000000E+00 -0.67501402E-35
  0.41336634E+14  0.00000000E+00 -0.48021604E-35
  0.41386139E+14  0.00000000E+00 -0.28954691E-35
  0.41435644E+14  0.00000000E+00 -0.10292105E-35
  0.41485149E+14  0.00000000E+00  0.79745103E-36
  0.41534653E+14  0.00000000E+00  0.25853320E-35
  0.41584158E+14  0.00000000E+00  0.43352303E-35
  0.41633663E+14  0.00000000E+00  0.60479252E-35
  0.41683168E+14  0.00000000E+00  0.77241786E-35
  0.41732673E+14  0.00000000E+00  0.93647348E-35
  0.41782178E+14  0.00000000E+00  0.10970321E-34
  0.41831683E+14  0.00000000E+00  0.12541649E-34
  0.41881188E+14  0.00000000E+00  0.14079414E-34
  0.41930693E+14  0.00000000E+00  0.15584294E-34
  0.41980198E+14  0.00000000E+00  0.17056954E-34
  0.42029703E+14  0.00000000E+00  0.18498045E-34
  0.42079208E+14  0.00000000E+00  0.19908199E-34
  0.42128713E+14  0.00000000E+00  0.21288040E-34
  0.42178218E+14  0.00000000E+00  0.22638174E-34
  0.42227723E+14  0.00000000E+00  0.23959194E-34
  0.42277228E+14  0.00000000E+00  0.25251682E-34
  0.42326733E+14  0.00000000E+00  0.26516205E-34
  0.42376238E+14  0.00000000E+00  0.27753321E-34
  0.42425743E+14  0.00000000E+00  0.28963571E-34
  0.42475248E+14  0.00000000E+00  0.30147488E-34
  0.42524752E+14  0.00000000E+00  0.31305593E-34
  0.42574257E+14  0.00000000E+00  0.32438394E-34
  0.42623762E+14  0.00000000E+00  0.33546390E-34
  0.42673267E+14  0.00000000E+00  0.34630068E-34
  0.42722772E+14  0.00000000E+00  0.35689906E-34
  0.42772277E+14  0.00000000E+00  0.36726369E-34
  0.42821782E+14  0.00000000E+00  0.37739916E-34
  0.42871287E+14  0.00000000E+00  0.38730994E-34
  0.42920792E+14  0.00000000E+00  0.39700039E-34
  0.42970297E+14  0.00000000E+00  0.40647482E-34
  0.43019802E+14  0.00000000E+00  0.41573742E-34
  0.43069307E+14  0.00000000E+00  0.42479229E-34
  0.43118812E+14  0.00000000E+00  0.43364346E-34
  0.43168317E+14  0.00000000E+00  0.44229486E-34
  0.43217822E+14  0.00000000E+00  0.45075036E-34
  0.43267327E+14  0.00000000E+00  0.45901373E-34
  0.43316832E+14  0.00000000E+00  0.46708867E-34
  0.43366337E+14  0.00000000E+00  0.47497880E-34
  0.43415842E+14  0.00000000E+00  0.48268766E-34
  0.43465347E+14  0.00000000E+00  0.49021874E-34
  0.43514851E+14  0.00000000E+00  0.49757544E-34
  0.43564356E+14  0.00000000E+00  0.50476109E-34
  0.43613861E+14  0.00000000E+00  0.51177896E-34
  0.43663366E+14  0.00000000E+00  0.51863224E-34
  0.43712871E+14  0.00000000E+00  0.52532408E-34
  0.43762376E+14  0.00000000E+00  0.53185755E-34
  0.43811881E+14  0.00000000E+00  0.53823565E-34
  0.43861386E+14  0.00000000E+00  0.54446133E-34
  0.43910891E+14  0.00000000E+00  0.55053749E-34
  0.43960396E+14  0.00000000E+00  0.55646696E-34
  0.44009901E+14  0.00000000E+00  0.56225251E-34
  0.44059406E+14  0.00000000E+00  0.56789686E-34
  0.44108911E+14  0.00000000E+00  0.57340268E-34
  0.44158416E+14  0.00000000E+00  0.57877258E-34
  0.44207921E+14  0.00000000E+00  0.58400913E-34
  0.44257426E+14  0.00000000E+00  0.58911483E-34
  0.44306931E+14  0.00000000E+00  0.59409215E-34
  0.44356436E+14  0.00000000E+00  0.59894350E-34
  0.44405941E+14  0.00000000E+00  0.60367124E-34
  0.44455446E+14  0.00000000E+00  0.60827770E-34
  0.44504950E+14  0.00000000E+00  0.61276515E-34
  0.44554455E+14  0.00000000E+00  0.61713581E-34
  0.44603960E+14  0.00000000E+00  0.62139188E-34
  0.44653465E+14  0.00000000E+00  0.62553550E-34
  0.44702970E+14  0.00000000E+00  0.62956877E-34
  0.44752475E+14  0.00000000E+00  0.63349375E-34
  0.44801980E+14  0.00000000E+00  0.63731247E-34
  0.44851485E+14  0.00000000E+00  0.64102691E-34
  0.44900990E+14  0.00000000E+00  0.64463901E-34
  0.44950495E+14  0.00000000E+00  0.64815068E-34
  0.45000000E+14  0.00000000E+00  0.65156379E-34
  0.45049505E+14  0.00000000E+00  0.65488018E-34
  0.45099010E+14  0.00000000E+00  0.65810164E-34
  0.45148515E+14  0.00000000E+00  0.66122996E-34
  0.45198020E+14  0.00000000E+00  0.66426684E-34
  0.45247525E+14  0.00000000E+00  0.66721401E-34
  0.45297030E+14  0.00000000E+00  0.67007312E-34
  0.45346535E+14  0.00000000E+00  0.67284581E-34
  0.45396040E+14  0.00000000E+00  0.67553368E-34
  0.45445545E+14  0.00000000E+00  0.67813832E-34
  0.45495050E+14  0.00000000E+00  0.68066126E-34
  0.45544554E+14  0.00000000E+00  0.68310403E-34
  0.45594059E+14  0.00000000E+00  0.68546811E-34
  0.45643564E+14  0.00000000E+00  0.68775496E-34
  0.45693069E+14  0.00000000E+00  0.68996601E-34
  0.45742574E+14  0.00000000E+00  0.69210268E-34
  0.45792079E+14  0.00000000E+00  0.69416634E-34
  0.45841584E+14  0.00000000E+00  0.69615834E-34
  0.45891089E+14  0.00000000E+00  0.69808002E-34
  0.45940594E+14  0.00000000E+00  0.69993269E-34
  0.45990099E+14  0.00000000E+00  0.70171761E-34
  0.46039604E+14  0.00000000E+00  0.70343606E-34
  0.46089109E+14  0.00000000E+00  0.70508926E-34
  0.46138614E+14  0.00000000E+00  0.70667843E-34
  0.46188119E+14  0.00000000E+00  0.70820475E-34
  0.46237624E+14  0.00000000E+00  0.70966940E-34
  0.46287129E+14  0.00000000E+00  0.71107352E-34
  0.46336634E+14  0.00000000E+00  0.71241823E-34
  0.46386139E+14  0.00000000E+00  0.71370464E-34
  0.46435644E+14  0.00000000E+00  0.71493384E-34
  0.46485149E+14  0.00000000E+00  0.71610689E-34
  0.46534653E+14  0.00000000E+00  0.71722483E-34
  0.46584158E+14  0.00000000E+00  0.71828870E-34
  0.46633663E+14  0.00000000E+00  0.71929950E-34
  0.46683168E+14  0.00000000E+00  0.72025822E-34
  0.46732673E+14  0.00000000E+00  0.72116583E-34
  0.46782178E+14  0.00000000E+00  0.72202329E-34
  0.46831683E+14  0.00000000E+00  0.72283153E-34
  0.46881188E+14  0.00000000E+00  0.72359148E-34
  0.46930693E+14  0.00000000E+00  0.72430404E-34
  0.46980198E+14  0.00000000E+00  0.72497010E-34
  0.47029703E+14  0.00000000E+00  0.72559053E-34
  0.47079208E+14  0.00000000E+00  0.72616619E-34
  0.47128713E+14  0.00000000E+00  0.72669792E-34
  0.47178218E+14  0.00000000E+00  0.72718654E-34
  0.47227723E+14  0.00000000E+00  0.72763286E-34
  0.47277228E+14  0.00000000E+00  0.72803769E-34
  0.47326733E+14  0.00000000E+00  0.72840181E-34
  0.47376238E+14  0.00000000E+00  0.72872598E-34
  0.47425743E+14  0.00000000E+00  0.72901096E-34
  0.47475248E+14  0.00000000E+00  0.72925750E-34
  0.47524752E+14  0.00000000E+00  0.72946632E-34
  0.47574257E+14  0.00000000E+00  0.72963813E-34
  0.47623762E+14  0.00000000E+00  0.72977365E-34
  0.47673267E+14  0.00000000E+00  0.72987356E-34
  0.47722772E+14  0.00000000E+00  0.72993854E-34
  0.47772277E+14  0.00000000E+00  0.72996926E-34
  0.47821782E+14  0.00000000E+00  0.72996637E-34
  0.47871287E+14  0.00000000E+00  0.72993053E-34
  0.47920792E+14  0.00000000E+00  0.72986235E-34
  0.47970297E+14  0.00000000E+00  0.72976247E-34
  0.48019802E+14  0.00000000E+00  0.72963148E-34
  0.48069307E+14  0.00000000E+00  0.72947001E-34
  0.48118812E+14  0.00000000E+00  0.72927862E-34
  0.48168317E+14  0.00000000E+00  0.72905791E-34
  0.48217822E+14  0.00000000E+00  0.72880843E-34
  0.48267327E+14  0.00000000E+00  0.72853076E-34
  0.48316832E+14  0.00000000E+00  0.72822544E-34
  0.48366337E+14  0.00000000E+00  0.72789301E-34
  0.48415842E+14  0.00000000E+00  0.72753399E-34
  0.48465347E+14  0.00000000E+00  0.72714892E-34
  0.48514851E+14  0.00000000E+00  0.72673831E-34
  0.48564356E+14  0.00000000E+00  0.72630265E-34
  0.48613861E+14  0.00000000E+00  0.72584245E-34
  0.48663366E+14  0.00000000E+00  0.72535818E-34
  0.48712871E+14  0.00000000E+00  0.72485033E-34
  0.48762376E+14  0.00000000E+00  0.72431937E-34
  0.48811881E+14  0.00000000E+00  0.72376576E-34
  0.48861386E+14  0.00000000E+00  0.72318995E-34
  0.48910891E+14  0.00000000E+00  0.72259239E-34
  0.48960396E+14  0.00000000E+00  0.72197352E-34
  0.49009901E+14  0.00000000E+00  0.72133376E-34
  0.49059406E+14  0.00000000E+00  0.72067354E-34
  0.49108911E+14  0.00000000E+00  0.71999328E-34
  0.49158416E+14  0.00000000E+00  0.71929339E-34
  0.49207921E+14  0.00000000E+00  0.71857426E-34
  0.49257426E+14  0.00000000E+00  0.71783629E-34
  0.49306931E+14  0.00000000E+00  0.71707988E-34
  0.49356436E+14  0.00000000E+00  0.71630539E-34
  0.49405941E+14  0.00000000E+00  0.71551322E-34
  0.49455446E+14  0.00000000E+00  0.71470372E-34
  0.49504950E+14  0.00000000E+00  0.71387725E-34
  0.49554455E+14  0.00000000E+00  0.71303419E-34
  0.49603960E+14  0.00000000E+00  0.71217486E-34
  0.49653465E+14  0.00000000E+00  0.71129963E-34
  0.49702970E+14  0.00000000E+00  0.71040882E-34
  0.49752475E+14  0.00000000E+00  0.70950277E-34
  0.49801980E+14  0.00000000E+00  0.70858181E-34
  0.49851485E+14  0.00000000E+00  0.70764625E-34
  0.49900990E+14  0.00000000E+00  0.70669642E-34
  0.49950495E+14  0.00000000E+00  0.70573263E-34
  0.50000000E+14  0.00000000E+00  0.70475517E-34
  0.50049505E+14  0.00000000E+00  0.70376435E-34
  0.50099010E+14  0.00000000E+00  0.70276046E-34
  0.50148515E+14  0.00000000E+00  0.70174380E-34
  0.50198020E+14  0.00000000E+00  0.70071465E-34
  0.50247525E+14  0.00000000E+00  0.69967328E-34
  0.50297030E+14  0.00000000E+00  0.69861998E-34
  0.50346535E+14  0.00000000E+00  0.69755501E-34
  0.50396040E+14  0.00000000E+00  0.69647865E-34
  0.50445545E+14  0.00000000E+00  0.69539115E-34
  0.50495050E+14  0.00000000E+00  0.69429276E-34
  0.50544554E+14  0.00000000E+00  0.69318375E-34
  0.50594059E+14  0.00000000E+00  0.69206437E-34
  0.50643564E+14  0.00000000E+00  0.69093484E-34
  0.50693069E+14  0.00000000E+00  0.68979542E-34
  0.50742574E+14  0.00000000E+00  0.68864635E-34
  0.50792079E+14  0.00000000E+00  0.68748784E-34
  0.50841584E+14  0.00000000E+00  0.68632014E-34
  0.50891089E+14  0.00000000E+00  0.68514346E-34
  0.50940594E+14  0.00000000E+00  0.68395803E-34
  0.50990099E+14  0.00000000E+00  0.68276407E-34
  0.51039604E+14  0.00000000E+00  0.68156178E-34
  0.51089109E+14  0.00000000E+00  0.68035137E-34
  0.51138614E+14  0.00000000E+00  0.67913306E-34
  0.51188119E+14  0.00000000E+00  0.67790704E-34
  0.51237624E+14  0.00000000E+00  0.67667351E-34
  0.51287129E+14  0.00000000E+00  0.67543267E-34
  0.51336634E+14  0.00000000E+00  0.67418472E-34
  0.51386139E+14  0.00000000E+00  0.67292983E-34
  0.51435644E+14  0.00000000E+00  0.67166820E-34
  0.51485149E+14  0.00000000E+00  0.67040000E-34
  0.51534653E+14  0.00000000E+00  0.66912542E-34
  0.51584158E+14  0.00000000E+00  0.66784464E-34
  0.51633663E+14  0.00000000E+00  0.66655783E-34
  0.51683168E+14  0.00000000E+00  0.66526515E-34
  0.51732673E+14  0.00000000E+00  0.66396678E-34
  0.51782178E+14  0.00000000E+00  0.66266288E-34
  0.51831683E+14  0.00000000E+00  0.66135361E-34
  0.51881188E+14  0.00000000E+00  0.66003913E-34
  0.51930693E+14  0.00000000E+00  0.65871961E-34
  0.51980198E+14  0.00000000E+00  0.65739518E-34
  0.52029703E+14  0.00000000E+00  0.65606601E-34
  0.52079208E+14  0.00000000E+00  0.65473224E-34
  0.52128713E+14  0.00000000E+00  0.65339402E-34
  0.52178218E+14  0.00000000E+00  0.65205149E-34
  0.52227723E+14  0.00000000E+00  0.65070479E-34
  0.52277228E+14  0.00000000E+00  0.64935406E-34
  0.52326733E+14  0.00000000E+00  0.64799944E-34
  0.52376238E+14  0.00000000E+00  0.64664107E-34
  0.52425743E+14  0.00000000E+00  0.64527906E-34
  0.52475248E+14  0.00000000E+00  0.64391357E-34
  0.52524752E+14  0.00000000E+00  0.64254470E-34
  0.52574257E+14  0.00000000E+00  0.64117258E-34
  0.52623762E+14  0.00000000E+00  0.63979735E-34
  0.52673267E+14  0.00000000E+00  0.63841911E-34
  0.52722772E+14  0.00000000E+00  0.63703799E-34
  0.52772277E+14  0.00000000E+00  0.63565411E-34
  0.52821782E+14  0.00000000E+00  0.63426757E-34
  0.52871287E+14  0.00000000E+00  0.63287850E-34
  0.52920792E+14  0.00000000E+00  0.63148700E-34
  0.52970297E+14  0.00000000E+00  0.63009318E-34
  0.53019802E+14  0.00000000E+00  0.62869715E-34
  0.53069307E+14  0.00000000E+00  0.62729901E-34
  0.53118812E+14  0.00000000E+00  0.62589887E-34
  0.53168317E+14  0.00000000E+00  0.62449682E-34
  0.53217822E+14  0.00000000E+00  0.62309298E-34
  0.53267327E+14  0.00000000E+00  0.62168743E-34
  0.53316832E+14  0.00000000E+00  0.62028027E-34
  0.53366337E+14  0.00000000E+00  0.61887159E-34
  0.53415842E+14  0.00000000E+00  0.61746150E-34
  0.53465347E+14  0.00000000E+00  0.61605008E-34
  0.53514851E+14  0.00000000E+00  0.61463741E-34
  0.53564356E+14  0.00000000E+00  0.61322360E-34
  0.53613861E+14  0.00000000E+00  0.61180872E-34
  0.53663366E+14  0.00000000E+00  0.61039285E-34
  0.53712871E+14  0.00000000E+00  0.60897610E-34
  0.53762376E+14  0.00000000E+00  0.60755852E-34
  0.53811881E+14  0.00000000E+00  0.60614022E-34
  0.53861386E+14  0.00000000E+00  0.60472125E-34
  0.53910891E+14  0.00000000E+00  0.60330171E-34
  0.53960396E+14  0.00000000E+00  0.60188167E-34
  0.54009901E+14  0.00000000E+00  0.60046121E-34
  0.54059406E+14  0.00000000E+00  0.59904039E-34
  0.54108911E+14  0.00000000E+00  0.59761929E-34
  0.54158416E+14  0.00000000E+00  0.59619798E-34
  0.54207921E+14  0.00000000E+00  0.59477653E-34
  0.54257426E+14  0.00000000E+00  0.59335501E-34
  0.54306931E+14  0.00000000E+00  0.59193349E-34
  0.54356436E+14  0.00000000E+00  0.59051203E-34
  0.54405941E+14  0.00000000E+00  0.58909069E-34
  0.54455446E+14  0.00000000E+00  0.58766955E-34
  0.54504950E+14  0.00000000E+00  0.58624866E-34
  0.54554455E+14  0.00000000E+00  0.58482809E-34
  0.54603960E+14  0.00000000E+00  0.58340789E-34
  0.54653465E+14  0.00000000E+00  0.58198812E-34
  0.54702970E+14  0.00000000E+00  0.58056885E-34
  0.54752475E+14  0.00000000E+00  0.57915012E-34
  0.54801980E+14  0.00000000E+00  0.57773201E-34
  0.54851485E+14  0.00000000E+00  0.57631455E-34
  0.54900990E+14  0.00000000E+00  0.57489780E-34
  0.54950495E+14  0.00000000E+00  0.57348182E-34
  0.55000000E+14  0.00000000E+00  0.57206666E-34
  0.55049505E+14  0.00000000E+00  0.57065237E-34
  0.55099010E+14  0.00000000E+00  0.56923900E-34
  0.55148515E+14  0.00000000E+00  0.56782660E-34
  0.55198020E+14  0.00000000E+00  0.56641521E-34
  0.55247525E+14  0.00000000E+00  0.56500489E-34
  0.55297030E+14  0.00000000E+00  0.56359568E-34
  0.55346535E+14  0.00000000E+00  0.56218762E-34
  0.55396040E+14  0.00000000E+00  0.56078076E-34
  0.55445545E+14  0.00000000E+00  0.55937515E-34
  0.55495050E+14  0.00000000E+00  0.55797082E-34
  0.55544554E+14  0.00000000E+00  0.55656782E-34
  0.55594059E+14  0.00000000E+00  0.55516619E-34
  0.55643564E+14  0.00000000E+00  0.55376597E-34
  0.55693069E+14  0.00000000E+00  0.55236720E-34
  0.55742574E+14  0.00000000E+00  0.55096992E-34
  0.55792079E+14  0.00000000E+00  0.54957416E-34
  0.55841584E+14  0.00000000E+00  0.54817997E-34
  0.55891089E+14  0.00000000E+00  0.54678738E-34
  0.55940594E+14  0.00000000E+00  0.54539642E-34
  0.55990099E+14  0.00000000E+00  0.54400714E-34
  0.56039604E+14  0.00000000E+00  0.54261956E-34
  0.56089109E+14  0.00000000E+00  0.54123372E-34
  0.56138614E+14  0.00000000E+00  0.53984965E-34
  0.56188119E+14  0.00000000E+00  0.53846738E-34
  0.56237624E+14  0.00000000E+00  0.53708696E-34
  0.56287129E+14  0.00000000E+00  0.53570840E-34
  0.56336634E+14  0.00000000E+00  0.53433173E-34
  0.56386139E+14  0.00000000E+00  0.53295700E-34
  0.56435644E+14  0.00000000E+00  0.53158422E-34
  0.56485149E+14  0.00000000E+00  0.53021343E-34
  0.56534653E+14  0.00000000E+00  0.52884465E-34
  0.56584158E+14  0.00000000E+00  0.52747791E-34
  0.56633663E+14  0.00000000E+00  0.52611324E-34
  0.56683168E+14  0.00000000E+00  0.52475066E-34
  0.56732673E+14  0.00000000E+00  0.52339020E-34
  0.56782178E+14  0.00000000E+00  0.52203188E-34
  0.56831683E+14  0.00000000E+00  0.52067573E-34
  0.56881188E+14  0.00000000E+00  0.51932178E-34
  0.56930693E+14  0.00000000E+00  0.51797004E-34
  0.56980198E+14  0.00000000E+00  0.51662054E-34
  0.57029703E+14  0.00000000E+00  0.51527330E-34
  0.57079208E+14  0.00000000E+00  0.51392835E-34
  0.57128713E+14  0.00000000E+00  0.51258569E-34
  0.57178218E+14  0.00000000E+00  0.51124537E-34
  0.57227723E+14  0.00000000E+00  0.50990739E-34
  0.57277228E+14  0.00000000E+00  0.50857178E-34
  0.57326733E+14  0.00000000E+00  0.50723855E-34
  0.57376238E+14  0.00000000E+00  0.50590773E-34
  0.57425743E+14  0.00000000E+00  0.50457933E-34
  0.57475248E+14  0.00000000E+00  0.50325337E-34
  0.57524752E+14  0.00000000E+00  0.50192987E-34
  0.57574257E+14  0.00000000E+00  0.50060884E-34
  0.57623762E+14  0.00000000E+00  0.49929031E-34
  0.57673267E+14  0.00000000E+00  0.49797429E-34
  0.57722772E+14  0.00000000E+00  0.49666080E-34
  0.57772277E+14  0.00000000E+00  0.49534985E-34
  0.57821782E+14  0.00000000E+00  0.49404145E-34
  0.57871287E+14  0.00000000E+00  0.49273562E-34
  0.57920792E+14  0.00000000E+00  0.49143238E-34
  0.57970297E+14  0.00000000E+00  0.49013174E-34
  0.58019802E+14  0.00000000E+00  0.48883372E-34
  0.58069307E+14  0.00000000E+00  0.48753832E-34
  0.58118812E+14  0.00000000E+00  0.48624556E-34
  0.58168317E+14  0.00000000E+00  0.48495545E-34
  0.58217822E+14  0.00000000E+00  0.48366801E-34
  0.58267327E+14  0.00000000E+00  0.48238325E-34
  0.58316832E+14  0.00000000E+00  0.48110117E-34
  0.58366337E+14  0.00000000E+00  0.47982179E-34
  0.58415842E+14  0.00000000E+00  0.47854513E-34
  0.58465347E+14  0.00000000E+00  0.47727118E-34
  0.58514851E+14  0.00000000E+00  0.47599997E-34
  0.58564356E+14  0.00000000E+00  0.47473150E-34
  0.58613861E+14  0.00000000E+00  0.47346578E-34
  0.58663366E+14  0.00000000E+00  0.47220282E-34
  0.58712871E+14  0.00000000E+00  0.47094263E-34
  0.58762376E+14  0.00000000E+00  0.46968522E-34
  0.58811881E+14  0.00000000E+00  0.46843060E-34
  0.58861386E+14  0.00000000E+00  0.46717877E-34
  0.58910891E+14  0.00000000E+00  0.46592975E-34
  0.58960396E+14  0.00000000E+00  0.46468354E-34
  0.59009901E+14  0.00000000E+00  0.46344014E-34
  0.59059406E+14  0.00000000E+00  0.46219957E-34
  0.59108911E+14  0.00000000E+00  0.46096184E-34
  0.59158416E+14  0.00000000E+00  0.45972694E-34
  0.59207921E+14  0.00000000E+00  0.45849489E-34
  0.59257426E+14  0.00000000E+00  0.45726569E-34
  0.59306931E+14  0.00000000E+00  0.45603935E-34
  0.59356436E+14  0.00000000E+00  0.45481587E-34
  0.59405941E+14  0.00000000E+00  0.45359526E-34
  0.59455446E+14  0.00000000E+00  0.45237752E-34
  0.59504950E+14  0.00000000E+00  0.45116267E-34
  0.59554455E+14  0.00000000E+00  0.44995069E-34
  0.59603960E+14  0.00000000E+00  0.44874161E-34
  0.59653465E+14  0.00000000E+00  0.44753542E-34
  0.59702970E+14  0.00000000E+00  0.44633212E-34
  0.59752475E+14  0.00000000E+00  0.44513173E-34
  0.59801980E+14  0.00000000E+00  0.44393423E-34
  0.59851485E+14  0.00000000E+00  0.44273965E-34
  0.59900990E+14  0.00000000E+00  0.44154798E-34
  0.59950495E+14  0.00000000E+00  0.44035922E-34
  0.60000000E+14  0.00000000E+00  0.43917338E-34
  0.60049505E+14  0.00000000E+00  0.43799046E-34
  0.60099010E+14  0.00000000E+00  0.43681046E-34
  0.60148515E+14  0.00000000E+00  0.43563339E-34
  0.60198020E+14  0.00000000E+00  0.43445924E-34
  0.60247525E+14  0.00000000E+00  0.43328802E-34
  0.60297030E+14  0.00000000E+00  0.43211973E-34
  0.60346535E+14  0.00000000E+00  0.43095437E-34
  0.60396040E+14  0.00000000E+00  0.42979195E-34
  0.60445545E+14  0.00000000E+00  0.42863246E-34
  0.60495050E+14  0.00000000E+00  0.42747591E-34
  0.60544554E+14  0.00000000E+00  0.42632230E-34
  0.60594059E+14  0.00000000E+00  0.42517162E-34
  0.60643564E+14  0.00000000E+00  0.42402388E-34
  0.60693069E+14  0.00000000E+00  0.42287909E-34
  0.60742574E+14  0.00000000E+00  0.42173723E-34
  0.60792079E+14  0.00000000E+00  0.42059831E-34
  0.60841584E+14  0.00000000E+00  0.41946233E-34
  0.60891089E+14  0.00000000E+00  0.41832929E-34
  0.60940594E+14  0.00000000E+00  0.41719919E-34
  0.60990099E+14  0.00000000E+00  0.41607203E-34
  0.61039604E+14  0.00000000E+00  0.41494780E-34
  0.61089109E+14  0.00000000E+00  0.41382652E-34
  0.61138614E+14  0.00000000E+00  0.41270817E-34
  0.61188119E+14  0.00000000E+00  0.41159276E-34
  0.61237624E+14  0.00000000E+00  0.41048029E-34
  0.61287129E+14  0.00000000E+00  0.40937075E-34
  0.61336634E+14  0.00000000E+00  0.40826414E-34
  0.61386139E+14  0.00000000E+00  0.40716047E-34
  0.61435644E+14  0.00000000E+00  0.40605973E-34
  0.61485149E+14  0.00000000E+00  0.40496191E-34
  0.61534653E+14  0.00000000E+00  0.40386703E-34
  0.61584158E+14  0.00000000E+00  0.40277507E-34
  0.61633663E+14  0.00000000E+00  0.40168603E-34
  0.61683168E+14  0.00000000E+00  0.40059991E-34
  0.61732673E+14  0.00000000E+00  0.39951672E-34
  0.61782178E+14  0.00000000E+00  0.39843644E-34
  0.61831683E+14  0.00000000E+00  0.39735907E-34
  0.61881188E+14  0.00000000E+00  0.39628462E-34
  0.61930693E+14  0.00000000E+00  0.39521308E-34
  0.61980198E+14  0.00000000E+00  0.39414445E-34
  0.62029703E+14  0.00000000E+00  0.39307872E-34
  0.62079208E+14  0.00000000E+00  0.39201590E-34
  0.62128713E+14  0.00000000E+00  0.39095597E-34
  0.62178218E+14  0.00000000E+00  0.38989894E-34
  0.62227723E+14  0.00000000E+00  0.38884480E-34
  0.62277228E+14  0.00000000E+00  0.38779356E-34
  0.62326733E+14  0.00000000E+00  0.38674520E-34
  0.62376238E+14  0.00000000E+00  0.38569972E-34
  0.62425743E+14  0.00000000E+00  0.38465713E-34
  0.62475248E+14  0.00000000E+00  0.38361741E-34
  0.62524752E+14  0.00000000E+00  0.38258057E-34
  0.62574257E+14  0.00000000E+00  0.38154659E-34
  0.62623762E+14  0.00000000E+00  0.38051549E-34
  0.62673267E+14  0.00000000E+00  0.37948724E-34
  0.62722772E+14  0.00000000E+00  0.37846185E-34
  0.62772277E+14  0.00000000E+00  0.37743932E-34
  0.62821782E+14  0.00000000E+00  0.37641964E-34
  0.62871287E+14  0.00000000E+00  0.37540281E-34
  0.62920792E+14  0.00000000E+00  0.37438881E-34
  0.62970297E+14  0.00000000E+00  0.37337766E-34
  0.63019802E+14  0.00000000E+00  0.37236934E-34
  0.63069307E+14  0.00000000E+00  0.37136385E-34
  0.63118812E+14  0.00000000E+00  0.37036119E-34
  0.63168317E+14  0.00000000E+00  0.36936135E-34
  0.63217822E+14  0.00000000E+00  0.36836433E-34
  0.63267327E+14  0.00000000E+00  0.36737012E-34
  0.63316832E+14  0.00000000E+00  0.36637871E-34
  0.63366337E+14  0.00000000E+00  0.36539011E-34
  0.63415842E+14  0.00000000E+00  0.36440431E-34
  0.63465347E+14  0.00000000E+00  0.36342130E-34
  0.63514851E+14  0.00000000E+00  0.36244109E-34
  0.63564356E+14  0.00000000E+00  0.36146365E-34
  0.63613861E+14  0.00000000E+00  0.36048900E-34
  0.63663366E+14  0.00000000E+00  0.35951712E-34
  0.63712871E+14  0.00000000E+00  0.35854801E-34
  0.63762376E+14  0.00000000E+00  0.35758167E-34
  0.63811881E+14  0.00000000E+00  0.35661808E-34
  0.63861386E+14  0.00000000E+00  0.35565725E-34
  0.63910891E+14  0.00000000E+00  0.35469917E-34
  0.63960396E+14  0.00000000E+00  0.35374383E-34
  0.64009901E+14  0.00000000E+00  0.35279124E-34
  0.64059406E+14  0.00000000E+00  0.35184137E-34
  0.64108911E+14  0.00000000E+00  0.35089424E-34
  0.64158416E+14  0.00000000E+00  0.34994983E-34
  0.64207921E+14  0.00000000E+00  0.34900813E-34
  0.64257426E+14  0.00000000E+00  0.34806915E-34
  0.64306931E+14  0.00000000E+00  0.34713288E-34
  0.64356436E+14  0.00000000E+00  0.34619931E-34
  0.64405941E+14  0.00000000E+00  0.34526843E-34
  0.64455446E+14  0.00000000E+00  0.34434025E-34
  0.64504950E+14  0.00000000E+00  0.34341475E-34
  0.64554455E+14  0.00000000E+00  0.34249193E-34
  0.64603960E+14  0.00000000E+00  0.34157178E-34
  0.64653465E+14  0.00000000E+00  0.34065430E-34
  0.64702970E+14  0.00000000E+00  0.33973948E-34
  0.64752475E+14  0.00000000E+00  0.33882732E-34
  0.64801980E+14  0.00000000E+00  0.33791782E-34
  0.64851485E+14  0.00000000E+00  0.33701095E-34
  0.64900990E+14  0.00000000E+00  0.33610673E-34
  0.64950495E+14  0.00000000E+00  0.33520514E-34
  0.65000000E+14  0.00000000E+00  0.33430618E-34
