  0.49504950E+11  0.58698998E-31 -0.10513035E-30
  0.99009901E+11  0.78002917E-31 -0.73077181E-31
  0.14851485E+12  0.11398596E-30 -0.42081801E-31
  0.19801980E+12  0.12345030E-30  0.14910235E-31
  0.24752475E+12  0.80867989E-31  0.51355511E-31
  0.29702970E+12  0.63697636E-31  0.20121371E-31
  0.34653465E+12  0.86381542E-31  0.13517086E-31
  0.39603960E+12  0.10223215E-30  0.31424995E-31
  0.44554455E+12  0.99150173E-31  0.37050320E-31
  0.49504950E+12  0.10489003E-30  0.44031871E-31
  0.54455446E+12  0.10729278E-30  0.54281503E-31
  0.59405941E+12  0.10306375E-30  0.60862142E-31
  0.64356436E+12  0.10186070E-30  0.57164779E-31
  0.69306931E+12  0.10726961E-30  0.52438512E-31
  0.74257426E+12  0.12661025E-30  0.53009377E-31
  0.79207921E+12  0.13970685E-30  0.72564345E-31
  0.84158416E+12  0.13102704E-30  0.88042169E-31
  0.89108911E+12  0.12196860E-30  0.87363851E-31
  0.94059406E+12  0.12702734E-30  0.79575573E-31
  0.99009901E+12  0.13911728E-30  0.81100675E-31
  0.10396040E+13  0.14919926E-30  0.91796209E-31
  0.10891089E+13  0.15157587E-30  0.10254376E-30
  0.11386139E+13  0.14937813E-30  0.10973317E-30
  0.11881188E+13  0.14776588E-30  0.11069511E-30
  0.12376238E+13  0.15300648E-30  0.11169171E-30
  0.12871287E+13  0.16017365E-30  0.11408736E-30
  0.13366337E+13  0.16824754E-30  0.12274494E-30
  0.13861386E+13  0.17005540E-30  0.13377709E-30
  0.14356436E+13  0.16771718E-30  0.14036858E-30
  0.14851485E+13  0.16691232E-30  0.14218052E-30
  0.15346535E+13  0.17182943E-30  0.14369120E-30
  0.15841584E+13  0.17750848E-30  0.14933229E-30
  0.16336634E+13  0.18186511E-30  0.15701723E-30
  0.16831683E+13  0.18480765E-30  0.16621655E-30
  0.17326733E+13  0.18324815E-30  0.17489794E-30
  0.17821782E+13  0.18030028E-30  0.17832179E-30
  0.18316832E+13  0.18211565E-30  0.17909520E-30
  0.18811881E+13  0.18966766E-30  0.18279841E-30
  0.19306931E+13  0.19491635E-30  0.19372865E-30
  0.19801980E+13  0.19357753E-30  0.20392051E-30
  0.20297030E+13  0.19009213E-30  0.21008296E-30
  0.20792079E+13  0.19064194E-30  0.21188506E-30
  0.21287129E+13  0.19487354E-30  0.21746060E-30
  0.21782178E+13  0.19759181E-30  0.22587067E-30
  0.22277228E+13  0.19607040E-30  0.23462568E-30
  0.22772277E+13  0.19515734E-30  0.24084280E-30
  0.23267327E+13  0.19408399E-30  0.24681808E-30
  0.23762376E+13  0.19396309E-30  0.25165246E-30
  0.24257426E+13  0.19439496E-30  0.25672548E-30
  0.24752475E+13  0.19700779E-30  0.26342652E-30
  0.25247525E+13  0.19713053E-30  0.27270367E-30
  0.25742574E+13  0.19495458E-30  0.28107648E-30
  0.26237624E+13  0.19148279E-30  0.28721208E-30
  0.26732673E+13  0.19068804E-30  0.29176743E-30
  0.27227723E+13  0.19054893E-30  0.29800208E-30
  0.27722772E+13  0.18999659E-30  0.30544053E-30
  0.28217822E+13  0.18764801E-30  0.31265086E-30
  0.28712871E+13  0.18585627E-30  0.31925391E-30
  0.29207921E+13  0.18319382E-30  0.32569256E-30
  0.29702970E+13  0.18123245E-30  0.33166447E-30
  0.30198020E+13  0.17935515E-30  0.33760886E-30
  0.30693069E+13  0.17813705E-30  0.34478131E-30
  0.31188119E+13  0.17492186E-30  0.35259851E-30
  0.31683168E+13  0.17086467E-30  0.35936337E-30
  0.32178218E+13  0.16671679E-30  0.36475681E-30
  0.32673267E+13  0.16440554E-30  0.36996701E-30
  0.33168317E+13  0.16187121E-30  0.37646578E-30
  0.33663366E+13  0.15842326E-30  0.38367835E-30
  0.34158416E+13  0.15373539E-30  0.38970134E-30
  0.34653465E+13  0.14985641E-30  0.39550039E-30
  0.35148515E+13  0.14615007E-30  0.40143268E-30
  0.35643564E+13  0.14170757E-30  0.40796158E-30
  0.36138614E+13  0.13622823E-30  0.41348344E-30
  0.36633663E+13  0.13183983E-30  0.41810290E-30
  0.37128713E+13  0.12837814E-30  0.42360074E-30
  0.37623762E+13  0.12396041E-30  0.43057833E-30
  0.38118812E+13  0.11750793E-30  0.43685759E-30
  0.38613861E+13  0.11093235E-30  0.44104290E-30
  0.39108911E+13  0.10626588E-30  0.44497866E-30
  0.39603960E+13  0.10214999E-30  0.45049588E-30
  0.40099010E+13  0.95921037E-31  0.45679815E-30
  0.40594059E+13  0.88775305E-31  0.46148726E-30
  0.41089109E+13  0.82669156E-31  0.46517479E-30
  0.41584158E+13  0.77302807E-31  0.46937094E-30
  0.42079208E+13  0.71089059E-31  0.47423470E-30
  0.42574257E+13  0.64428244E-31  0.47854020E-30
  0.43069307E+13  0.58116887E-31  0.48233286E-30
  0.43564356E+13  0.51910987E-31  0.48698076E-30
  0.44059406E+13  0.44222976E-31  0.49166886E-30
  0.44554455E+13  0.35885706E-31  0.49472164E-30
  0.45049505E+13  0.28887740E-31  0.49620995E-30
  0.45544554E+13  0.23563565E-31  0.49939749E-30
  0.46039604E+13  0.17243184E-31  0.50412953E-30
  0.46534653E+13  0.82150792E-32  0.50841199E-30
  0.47029703E+13 -0.97766847E-33  0.50959673E-30
  0.47524752E+13 -0.76363106E-32  0.51058644E-30
  0.48019802E+13 -0.12991625E-31  0.51349980E-30
  0.48514851E+13 -0.21306353E-31  0.51768282E-30
  0.49009901E+13 -0.31086511E-31  0.51973774E-30
  0.49504950E+13 -0.39253033E-31  0.51996178E-30
  0.50000000E+13 -0.45853244E-31  0.52092514E-30
  0.50495050E+13 -0.53287918E-31  0.52356421E-30
  0.50990099E+13 -0.62954804E-31  0.52531769E-30
  0.51485149E+13 -0.71111523E-31  0.52507202E-30
  0.51980198E+13 -0.78492728E-31  0.52539384E-30
  0.52475248E+13 -0.86300251E-31  0.52701676E-30
  0.52970297E+13 -0.95554317E-31  0.52768863E-30
  0.53465347E+13 -0.10390123E-30  0.52709597E-30
  0.53960396E+13 -0.11178184E-30  0.52677784E-30
  0.54455446E+13 -0.12027530E-30  0.52722906E-30
  0.54950495E+13 -0.12929243E-30  0.52654953E-30
  0.55445545E+13 -0.13724320E-30  0.52461934E-30
  0.55940594E+13 -0.14438100E-30  0.52427015E-30
  0.56435644E+13 -0.15309223E-30  0.52467081E-30
  0.56930693E+13 -0.16369855E-30  0.52313802E-30
  0.57425743E+13 -0.17189364E-30  0.51883910E-30
  0.57920792E+13 -0.17767116E-30  0.51631281E-30
  0.58415842E+13 -0.18440399E-30  0.51736337E-30
  0.58910891E+13 -0.19537391E-30  0.51679095E-30
  0.59405941E+13 -0.20610325E-30  0.51217703E-30
  0.59900990E+13 -0.21265454E-30  0.50651577E-30
  0.60396040E+13 -0.21785407E-30  0.50430536E-30
  0.60891089E+13 -0.22561199E-30  0.50390221E-30
  0.61386139E+13 -0.23580446E-30  0.50094806E-30
  0.61881188E+13 -0.24470182E-30  0.49605348E-30
  0.62376238E+13 -0.25184939E-30  0.49109146E-30
  0.62871287E+13 -0.25833930E-30  0.48687266E-30
  0.63366337E+13 -0.26516979E-30  0.48338992E-30
  0.63861386E+13 -0.27276587E-30  0.47995546E-30
  0.64356436E+13 -0.28167886E-30  0.47558774E-30
  0.64851485E+13 -0.28926931E-30  0.46948021E-30
  0.65346535E+13 -0.29536678E-30  0.46301417E-30
  0.65841584E+13 -0.30075101E-30  0.45882885E-30
  0.66336634E+13 -0.30787801E-30  0.45482186E-30
  0.66831683E+13 -0.31614931E-30  0.44934148E-30
  0.67326733E+13 -0.32299179E-30  0.44204722E-30
  0.67821782E+13 -0.32784601E-30  0.43541141E-30
  0.68316832E+13 -0.33376122E-30  0.43039795E-30
  0.68811881E+13 -0.34071445E-30  0.42465710E-30
  0.69306931E+13 -0.34684963E-30  0.41652652E-30
  0.69801980E+13 -0.35107214E-30  0.40955582E-30
  0.70297030E+13 -0.35556962E-30  0.40443448E-30
  0.70792079E+13 -0.36283307E-30  0.39851503E-30
  0.71287129E+13 -0.36939424E-30  0.38938812E-30
  0.71782178E+13 -0.37222062E-30  0.38042146E-30
  0.72277228E+13 -0.37477008E-30  0.37424132E-30
  0.72772277E+13 -0.38020126E-30  0.36876305E-30
  0.73267327E+13 -0.38587963E-30  0.36059827E-30
  0.73762376E+13 -0.38991711E-30  0.35116654E-30
  0.74257426E+13 -0.39206144E-30  0.34281016E-30
  0.74752475E+13 -0.39448346E-30  0.33602601E-30
  0.75247525E+13 -0.39844967E-30  0.32918769E-30
  0.75742574E+13 -0.40298107E-30  0.32047208E-30
  0.76237624E+13 -0.40525904E-30  0.31083684E-30
  0.76732673E+13 -0.40610201E-30  0.30245461E-30
  0.77227723E+13 -0.40812901E-30  0.29520940E-30
  0.77722772E+13 -0.41089217E-30  0.28688532E-30
  0.78217822E+13 -0.41180901E-30  0.27797267E-30
  0.78712871E+13 -0.41271137E-30  0.27006558E-30
  0.79207921E+13 -0.41476857E-30  0.26227782E-30
  0.79702970E+13 -0.41615157E-30  0.25274477E-30
  0.80198020E+13 -0.41547734E-30  0.24331386E-30
  0.80693069E+13 -0.41451449E-30  0.23547006E-30
  0.81188119E+13 -0.41471368E-30  0.22828570E-30
  0.81683168E+13 -0.41526121E-30  0.21982189E-30
  0.82178218E+13 -0.41452472E-30  0.21071782E-30
  0.82673267E+13 -0.41271427E-30  0.20234645E-30
  0.83168317E+13 -0.41150316E-30  0.19478538E-30
  0.83663366E+13 -0.41017118E-30  0.18674230E-30
  0.84158416E+13 -0.40835319E-30  0.17837444E-30
  0.84653465E+13 -0.40598013E-30  0.17065736E-30
  0.85148515E+13 -0.40364006E-30  0.16288458E-30
  0.85643564E+13 -0.40053167E-30  0.15505175E-30
  0.86138614E+13 -0.39721742E-30  0.14803647E-30
  0.86633663E+13 -0.39436004E-30  0.14121469E-30
  0.87128713E+13 -0.39103273E-30  0.13378166E-30
  0.87623762E+13 -0.38720413E-30  0.12691875E-30
  0.88118812E+13 -0.38336940E-30  0.11977666E-30
  0.88613861E+13 -0.37809953E-30  0.11293116E-30
  0.89108911E+13 -0.37302753E-30  0.10788187E-30
  0.89603960E+13 -0.36926390E-30  0.10256921E-30
  0.90099010E+13 -0.36457177E-30  0.95975005E-31
  0.90594059E+13 -0.35879647E-30  0.90681785E-31
  0.91089109E+13 -0.35381254E-30  0.85798800E-31
  0.91584158E+13 -0.34815819E-30  0.80174731E-31
  0.92079208E+13 -0.34100343E-30  0.76115915E-31
  0.92574257E+13 -0.33572021E-30  0.73287829E-31
  0.93069307E+13 -0.33043891E-30  0.68992161E-31
  0.93564356E+13 -0.32341607E-30  0.65286837E-31
  0.94059406E+13 -0.31738114E-30  0.63321150E-31
  0.94554455E+13 -0.31176155E-30  0.60337109E-31
  0.95049505E+13 -0.30462064E-30  0.57788360E-31
  0.95544554E+13 -0.29821066E-30  0.56945374E-31
  0.96039604E+13 -0.29223670E-30  0.55358739E-31
  0.96534653E+13 -0.28507814E-30  0.54421565E-31
  0.97029703E+13 -0.27855653E-30  0.55119438E-31
  0.97524752E+13 -0.27308774E-30  0.55648426E-31
  0.98019802E+13 -0.26757863E-30  0.55713516E-31
  0.98514851E+13 -0.26077544E-30  0.57192500E-31
  0.99009901E+13 -0.25624521E-30  0.59208211E-31
  0.99504950E+13 -0.24985035E-30  0.60956313E-31
  0.10000000E+14 -0.24536956E-30  0.65057431E-31
  0.10049505E+14 -0.24191358E-30  0.68590656E-31
  0.10099010E+14 -0.23743247E-30  0.72147278E-31
  0.10148515E+14 -0.23541220E-30  0.77392356E-31
  0.10198020E+14 -0.23425748E-30  0.81387785E-31
  0.10247525E+14 -0.23389533E-30  0.86890554E-31
  0.10297030E+14 -0.23611854E-30  0.90370524E-31
  0.10346535E+14 -0.23793842E-30  0.91668615E-31
  0.10396040E+14 -0.23872068E-30  0.94454660E-31
  0.10445545E+14 -0.24148420E-30  0.94428524E-31
  0.10495050E+14 -0.24162874E-30  0.95476897E-31
  0.10544554E+14 -0.24384577E-30  0.95421272E-31
  0.10594059E+14 -0.24422943E-30  0.95321872E-31
  0.10643564E+14 -0.24584805E-30  0.95514358E-31
  0.10693069E+14 -0.24645546E-30  0.95078092E-31
  0.10742574E+14 -0.24806947E-30  0.94955166E-31
  0.10792079E+14 -0.24946418E-30  0.93721327E-31
  0.10841584E+14 -0.25006309E-30  0.92720141E-31
  0.10891089E+14 -0.25108160E-30  0.91428307E-31
  0.10940594E+14 -0.25163924E-30  0.90094483E-31
  0.10990099E+14 -0.25213989E-30  0.88902000E-31
  0.11039604E+14 -0.25279966E-30  0.87630410E-31
  0.11089109E+14 -0.25344183E-30  0.85795416E-31
  0.11138614E+14 -0.25373967E-30  0.84253696E-31
  0.11188119E+14 -0.25397008E-30  0.82613955E-31
  0.11237624E+14 -0.25396006E-30  0.80710974E-31
  0.11287129E+14 -0.25404031E-30  0.79378642E-31
  0.11336634E+14 -0.25407666E-30  0.78018101E-31
  0.11386139E+14 -0.25432851E-30  0.76444848E-31
  0.11435644E+14 -0.25466384E-30  0.74997770E-31
  0.11485149E+14 -0.25505835E-30  0.73378217E-31
  0.11534653E+14 -0.25524794E-30  0.71703925E-31
  0.11584158E+14 -0.25536922E-30  0.70247328E-31
  0.11633663E+14 -0.25624758E-30  0.69155093E-31
  0.11683168E+14 -0.25758425E-30  0.67568739E-31
  0.11732673E+14 -0.25963673E-30  0.65700489E-31
  0.11782178E+14 -0.26212364E-30  0.62852868E-31
  0.11831683E+14 -0.26458751E-30  0.59056268E-31
  0.11881188E+14 -0.26676389E-30  0.54406157E-31
  0.11930693E+14 -0.26978186E-30  0.47672335E-31
  0.11980198E+14 -0.27114686E-30  0.39552957E-31
  0.12029703E+14 -0.27201766E-30  0.30045303E-31
  0.12079208E+14 -0.27107279E-30  0.16623141E-31
  0.12128713E+14 -0.26365951E-30 -0.11243332E-32
  0.12178218E+14 -0.24324220E-30 -0.22488047E-31
  0.12227723E+14 -0.18187739E-30 -0.16358527E-31
  0.12277228E+14 -0.21118206E-30  0.50621591E-31
  0.12326733E+14 -0.22386416E-30  0.34599266E-31
  0.12376238E+14 -0.22521930E-30  0.29534433E-31
  0.12425743E+14 -0.22413307E-30  0.26647581E-31
  0.12475248E+14 -0.22350561E-30  0.24751460E-31
  0.12524752E+14 -0.22217910E-30  0.23724402E-31
  0.12574257E+14 -0.22139048E-30  0.22433080E-31
  0.12623762E+14 -0.22075397E-30  0.21694056E-31
  0.12673267E+14 -0.22083405E-30  0.20166304E-31
  0.12722772E+14 -0.22019562E-30  0.18786848E-31
  0.12772277E+14 -0.22019154E-30  0.17276790E-31
  0.12821782E+14 -0.22013765E-30  0.15182449E-31
  0.12871287E+14 -0.22040670E-30  0.13264884E-31
  0.12920792E+14 -0.22087342E-30  0.10401206E-31
  0.12970297E+14 -0.22075568E-30  0.70860944E-32
  0.13019802E+14 -0.22080124E-30  0.40042241E-32
  0.13069307E+14 -0.22103789E-30  0.30722033E-33
  0.13118812E+14 -0.22114823E-30 -0.38917961E-32
  0.13168317E+14 -0.22120870E-30 -0.85885848E-32
  0.13217822E+14 -0.22089143E-30 -0.13921009E-31
  0.13267327E+14 -0.22016009E-30 -0.19354546E-31
  0.13316832E+14 -0.21953095E-30 -0.25181824E-31
  0.13366337E+14 -0.21860008E-30 -0.31663372E-31
  0.13415842E+14 -0.21735655E-30 -0.38515765E-31
  0.13465347E+14 -0.21580807E-30 -0.45781690E-31
  0.13514851E+14 -0.21400864E-30 -0.53417847E-31
  0.13564356E+14 -0.21214218E-30 -0.61550211E-31
  0.13613861E+14 -0.20998250E-30 -0.70407019E-31
  0.13663366E+14 -0.20757131E-30 -0.79759403E-31
  0.13712871E+14 -0.20512505E-30 -0.89819775E-31
  0.13762376E+14 -0.20240184E-30 -0.10085822E-30
  0.13811881E+14 -0.19966934E-30 -0.11285076E-30
  0.13861386E+14 -0.19667773E-30 -0.12605055E-30
  0.13910891E+14 -0.19372490E-30 -0.14050024E-30
  0.13960396E+14 -0.19078545E-30 -0.15695781E-30
  0.14009901E+14 -0.18760998E-30 -0.17557056E-30
  0.14059406E+14 -0.18428233E-30 -0.19657696E-30
  0.14108911E+14 -0.18107603E-30 -0.22085027E-30
  0.14158416E+14 -0.17767935E-30 -0.24906172E-30
  0.14207921E+14 -0.17432095E-30 -0.28220296E-30
  0.14257426E+14 -0.17065050E-30 -0.32155946E-30
  0.14306931E+14 -0.16718959E-30 -0.36907346E-30
  0.14356436E+14 -0.16342780E-30 -0.42727736E-30
  0.14405941E+14 -0.15993511E-30 -0.49977964E-30
  0.14455446E+14 -0.15613684E-30 -0.59256350E-30
  0.14504950E+14 -0.15197486E-30 -0.71395581E-30
  0.14554455E+14 -0.14774644E-30 -0.87855362E-30
  0.14603960E+14 -0.14340528E-30 -0.11128306E-29
  0.14653465E+14 -0.13876802E-30 -0.14706169E-29
  0.14702970E+14 -0.13360549E-30 -0.20835792E-29
  0.14752475E+14 -0.12811099E-30 -0.34306568E-29
  0.14801980E+14  0.43060575E-29 -0.64676619E-29
  0.14851485E+14  0.81894956E-29 -0.40146592E-29
  0.14900990E+14  0.99390741E-29  0.39729462E-29
  0.14950495E+14  0.51052687E-29  0.68360900E-29
  0.15000000E+14  0.16692673E-29  0.67686749E-29
  0.15049505E+14 -0.53670754E-30  0.56526596E-29
  0.15099010E+14 -0.18436453E-29  0.40943001E-29
  0.15148515E+14 -0.21837662E-29  0.22716298E-29
  0.15198020E+14 -0.12971515E-29  0.80881671E-30
  0.15247525E+14  0.75599703E-30  0.94957505E-30
  0.15297030E+14  0.46916986E-30  0.23770138E-29
  0.15346535E+14 -0.10018808E-30  0.26742313E-29
  0.15396040E+14 -0.55619268E-30  0.27315185E-29
  0.15445545E+14 -0.95894139E-30  0.26612191E-29
  0.15495050E+14 -0.12916283E-29  0.25177233E-29
  0.15544554E+14 -0.15868675E-29  0.23357750E-29
  0.15594059E+14 -0.18045978E-29  0.21124570E-29
  0.15643564E+14 -0.19869380E-29  0.18879665E-29
  0.15693069E+14 -0.21066815E-29  0.16492719E-29
  0.15742574E+14 -0.22163198E-29  0.14024638E-29
  0.15792079E+14 -0.23032821E-29  0.11668759E-29
  0.15841584E+14 -0.23277161E-29  0.94248303E-30
  0.15891089E+14 -0.23454762E-29  0.73747133E-30
  0.15940594E+14 -0.23327288E-29  0.54605451E-30
  0.15990099E+14 -0.23122621E-29  0.34446361E-30
  0.16039604E+14 -0.22787148E-29  0.16231157E-30
  0.16089109E+14 -0.22346984E-29 -0.12210456E-31
  0.16138614E+14 -0.21672148E-29 -0.17663355E-30
  0.16188119E+14 -0.21031764E-29 -0.32523189E-30
  0.16237624E+14 -0.20190723E-29 -0.46528428E-30
  0.16287129E+14 -0.19233849E-29 -0.60273761E-30
  0.16336634E+14 -0.18183312E-29 -0.72847158E-30
  0.16386139E+14 -0.16957732E-29 -0.84280863E-30
  0.16435644E+14 -0.15537366E-29 -0.95204657E-30
  0.16485149E+14 -0.13758456E-29 -0.10537430E-29
  0.16534653E+14 -0.10828225E-29 -0.10769830E-29
  0.16584158E+14 -0.95672046E-30 -0.91421464E-30
  0.16633663E+14 -0.88533834E-30 -0.85891246E-30
  0.16683168E+14 -0.79377388E-30 -0.78041016E-30
  0.16732673E+14 -0.74448477E-30 -0.70981783E-30
  0.16782178E+14 -0.54451215E-30 -0.55009817E-30
  0.16831683E+14 -0.89541343E-30  0.58821839E-31
  0.16881188E+14 -0.14563025E-29 -0.12604252E-30
  0.16930693E+14 -0.17007596E-29 -0.55272069E-30
  0.16980198E+14 -0.17765598E-29 -0.10895239E-29
  0.17029703E+14 -0.13322962E-29 -0.14409360E-29
  0.17079208E+14 -0.10526338E-29 -0.15123700E-29
  0.17128713E+14 -0.79851289E-30 -0.15576884E-29
  0.17178218E+14 -0.53329223E-30 -0.15328921E-29
  0.17227723E+14 -0.26958861E-30 -0.14384974E-29
  0.17277228E+14  0.31105080E-31 -0.10530412E-29
  0.17326733E+14 -0.54703995E-30 -0.59386937E-30
  0.17376238E+14 -0.83539257E-30 -0.10039404E-29
  0.17425743E+14 -0.53820121E-30 -0.13344858E-29
  0.17475248E+14 -0.41922159E-30 -0.12669994E-29
  0.17524752E+14 -0.46701772E-30 -0.12619590E-29
  0.17574257E+14 -0.35718984E-30 -0.13901562E-29
  0.17623762E+14 -0.23860149E-30 -0.14447401E-29
  0.17673267E+14 -0.12089921E-30 -0.14764570E-29
  0.17722772E+14 -0.14371096E-32 -0.15025438E-29
  0.17772277E+14  0.12874598E-30 -0.15201306E-29
  0.17821782E+14  0.26511702E-30 -0.15348287E-29
  0.17871287E+14  0.42513440E-30 -0.15434946E-29
  0.17920792E+14  0.61901150E-30 -0.15525760E-29
  0.17970297E+14  0.95429365E-30 -0.15439367E-29
  0.18019802E+14  0.12439079E-29 -0.10624126E-29
  0.18069307E+14  0.11693701E-29 -0.75686908E-30
  0.18118812E+14  0.10258689E-29 -0.58975309E-30
  0.18168317E+14  0.96238629E-30 -0.52867947E-30
  0.18217822E+14  0.94016808E-30 -0.46120004E-30
  0.18267327E+14  0.91471830E-30 -0.39589772E-30
  0.18316832E+14  0.90525194E-30 -0.33249360E-30
  0.18366337E+14  0.88715399E-30 -0.26857039E-30
  0.18415842E+14  0.87618448E-30 -0.20796573E-30
  0.18465347E+14  0.85847514E-30 -0.14536445E-30
  0.18514851E+14  0.84592486E-30 -0.90428552E-31
  0.18564356E+14  0.82577454E-30 -0.28127366E-31
  0.18613861E+14  0.80771608E-30  0.23619930E-31
  0.18663366E+14  0.78658013E-30  0.81866134E-31
  0.18712871E+14  0.76248452E-30  0.13280339E-30
  0.18762376E+14  0.73589408E-30  0.18611257E-30
  0.18811881E+14  0.71215273E-30  0.23633527E-30
  0.18861386E+14  0.67802402E-30  0.28739264E-30
  0.18910891E+14  0.65038503E-30  0.33422693E-30
  0.18960396E+14  0.60933379E-30  0.38220310E-30
  0.19009901E+14  0.56779086E-30  0.42948845E-30
  0.19059406E+14  0.53692003E-30  0.47260194E-30
  0.19108911E+14  0.48772410E-30  0.52050466E-30
  0.19158416E+14  0.43129648E-30  0.56465887E-30
  0.19207921E+14  0.37379858E-30  0.60772296E-30
  0.19257426E+14  0.29768057E-30  0.65401070E-30
  0.19306931E+14  0.18277758E-30  0.67284430E-30
  0.19356436E+14  0.88260542E-31  0.64267395E-30
  0.19405941E+14  0.22651743E-31  0.60381991E-30
  0.19455446E+14 -0.29918033E-31  0.56409362E-30
  0.19504950E+14 -0.72136503E-31  0.52150535E-30
  0.19554455E+14 -0.10030981E-30  0.48635410E-30
  0.19603960E+14 -0.12479336E-30  0.44601057E-30
  0.19653465E+14 -0.14540946E-30  0.41009547E-30
  0.19702970E+14 -0.15260749E-30  0.37524986E-30
  0.19752475E+14 -0.16233944E-30  0.34358735E-30
  0.19801980E+14 -0.16383516E-30  0.31105365E-30
  0.19851485E+14 -0.15720612E-30  0.28528891E-30
  0.19900990E+14 -0.15462022E-30  0.26321222E-30
  0.19950495E+14 -0.14203581E-30  0.23936963E-30
  0.20000000E+14 -0.12881681E-30  0.22521607E-30
  0.20049505E+14 -0.11370875E-30  0.21214085E-30
  0.20099010E+14 -0.94935449E-31  0.20146711E-30
  0.20148515E+14 -0.76857029E-31  0.20238800E-30
  0.20198020E+14 -0.55383693E-31  0.20227020E-30
  0.20247525E+14 -0.35014010E-31  0.20874580E-30
  0.20297030E+14 -0.15591721E-31  0.22312430E-30
  0.20346535E+14  0.37286789E-32  0.23891697E-30
  0.20396040E+14  0.19790404E-31  0.26321351E-30
  0.20445545E+14  0.34070455E-31  0.29348033E-30
  0.20495050E+14  0.44089381E-31  0.32899884E-30
  0.20544554E+14  0.49097613E-31  0.37013982E-30
  0.20594059E+14  0.44971392E-31  0.41859730E-30
  0.20643564E+14  0.33110596E-31  0.46980860E-30
  0.20693069E+14  0.10912191E-31  0.52517611E-30
  0.20742574E+14 -0.34739239E-31  0.58541554E-30
  0.20792079E+14 -0.95319535E-31  0.62739360E-30
  0.20841584E+14 -0.15868027E-30  0.65355369E-30
  0.20891089E+14 -0.22331569E-30  0.67427525E-30
  0.20940594E+14 -0.29113807E-30  0.68469203E-30
  0.20990099E+14 -0.35971229E-30  0.68467066E-30
  0.21039604E+14 -0.42697245E-30  0.68026536E-30
  0.21089109E+14 -0.49502609E-30  0.66835774E-30
  0.21138614E+14 -0.56322761E-30  0.64468045E-30
  0.21188119E+14 -0.62767426E-30  0.61734653E-30
  0.21237624E+14 -0.69155695E-30  0.58033897E-30
  0.21287129E+14 -0.75455561E-30  0.53646239E-30
  0.21336634E+14 -0.80857714E-30  0.48409622E-30
  0.21386139E+14 -0.86448206E-30  0.42656258E-30
  0.21435644E+14 -0.90792645E-30  0.35656748E-30
  0.21485149E+14 -0.94374243E-30  0.28427887E-30
  0.21534653E+14 -0.97617366E-30  0.20625702E-30
  0.21584158E+14 -0.99711902E-30  0.11876433E-30
  0.21633663E+14 -0.10070111E-29  0.31397947E-31
  0.21683168E+14 -0.10069968E-29 -0.63843868E-31
  0.21732673E+14 -0.98956161E-30 -0.16147840E-30
  0.21782178E+14 -0.95714039E-30 -0.25716228E-30
  0.21831683E+14 -0.91163005E-30 -0.35368983E-30
  0.21881188E+14 -0.84278872E-30 -0.44532460E-30
  0.21930693E+14 -0.75386692E-30 -0.52727368E-30
  0.21980198E+14 -0.63983521E-30 -0.59460669E-30
  0.22029703E+14 -0.50009101E-30 -0.63815083E-30
  0.22079208E+14 -0.32575257E-30 -0.63463828E-30
  0.22128713E+14 -0.10871613E-30 -0.54584416E-30
  0.22178218E+14 -0.14427220E-30 -0.19956443E-30
  0.22227723E+14 -0.25059884E-30 -0.19900795E-30
  0.22277228E+14 -0.28736803E-30 -0.20057111E-30
  0.22326733E+14 -0.30274296E-30 -0.20186522E-30
  0.22376238E+14 -0.31252140E-30 -0.20642121E-30
  0.22425743E+14 -0.31312284E-30 -0.20819768E-30
  0.22475248E+14 -0.31392896E-30 -0.20860639E-30
  0.22524752E+14 -0.31348321E-30 -0.21154952E-30
  0.22574257E+14 -0.30916159E-30 -0.21210304E-30
  0.22623762E+14 -0.30714587E-30 -0.21674888E-30
  0.22673267E+14 -0.30318779E-30 -0.21721535E-30
  0.22722772E+14 -0.29723822E-30 -0.21774514E-30
  0.22772277E+14 -0.29386787E-30 -0.22097234E-30
  0.22821782E+14 -0.28900480E-30 -0.22013694E-30
  0.22871287E+14 -0.28395934E-30 -0.22517557E-30
  0.22920792E+14 -0.27938574E-30 -0.22348930E-30
  0.22970297E+14 -0.27389003E-30 -0.22828210E-30
  0.23019802E+14 -0.26939855E-30 -0.22652704E-30
  0.23069307E+14 -0.26385696E-30 -0.23001299E-30
  0.23118812E+14 -0.25572347E-30 -0.22942520E-30
  0.23168317E+14 -0.25322442E-30 -0.23144854E-30
  0.23217822E+14 -0.24649099E-30 -0.23048132E-30
  0.23267327E+14 -0.24298895E-30 -0.23459214E-30
  0.23316832E+14 -0.23552504E-30 -0.23327524E-30
  0.23366337E+14 -0.23389172E-30 -0.23309822E-30
  0.23415842E+14 -0.22710419E-30 -0.23704660E-30
  0.23465347E+14 -0.22106974E-30 -0.23517509E-30
  0.23514851E+14 -0.21744894E-30 -0.23680808E-30
  0.23564356E+14 -0.21069737E-30 -0.23769722E-30
  0.23613861E+14 -0.20631837E-30 -0.23696883E-30
  0.23663366E+14 -0.20126042E-30 -0.23765674E-30
  0.23712871E+14 -0.19685826E-30 -0.23753173E-30
  0.23762376E+14 -0.19157321E-30 -0.23871406E-30
  0.23811881E+14 -0.18553202E-30 -0.23824423E-30
  0.23861386E+14 -0.18162182E-30 -0.23762540E-30
  0.23910891E+14 -0.17702348E-30 -0.23827553E-30
  0.23960396E+14 -0.17140125E-30 -0.23785033E-30
  0.24009901E+14 -0.16718856E-30 -0.23783763E-30
  0.24059406E+14 -0.16212619E-30 -0.23778767E-30
  0.24108911E+14 -0.15747764E-30 -0.23716744E-30
  0.24158416E+14 -0.15252816E-30 -0.23682037E-30
  0.24207921E+14 -0.14765985E-30 -0.23610207E-30
  0.24257426E+14 -0.14343525E-30 -0.23537670E-30
  0.24306931E+14 -0.13860110E-30 -0.23519559E-30
  0.24356436E+14 -0.13359919E-30 -0.23397818E-30
  0.24405941E+14 -0.12956386E-30 -0.23290634E-30
  0.24455446E+14 -0.12533345E-30 -0.23243126E-30
  0.24504950E+14 -0.12026379E-30 -0.23150247E-30
  0.24554455E+14 -0.11616563E-30 -0.23034590E-30
  0.24603960E+14 -0.11168187E-30 -0.22925736E-30
  0.24653465E+14 -0.10726585E-30 -0.22786686E-30
  0.24702970E+14 -0.10309813E-30 -0.22667610E-30
  0.24752475E+14 -0.98795179E-31 -0.22543734E-30
  0.24801980E+14 -0.94442808E-31 -0.22386159E-30
  0.24851485E+14 -0.90393958E-31 -0.22229461E-30
  0.24900990E+14 -0.86168570E-31 -0.22064504E-30
  0.24950495E+14 -0.82189014E-31 -0.21882879E-30
  0.25000000E+14 -0.78564630E-31 -0.21712482E-30
  0.25049505E+14 -0.74518211E-31 -0.21573757E-30
  0.25099010E+14 -0.70133713E-31 -0.21375791E-30
  0.25148515E+14 -0.66388189E-31 -0.21153273E-30
  0.25198020E+14 -0.62809058E-31 -0.20945058E-30
  0.25247525E+14 -0.59106950E-31 -0.20739197E-30
  0.25297030E+14 -0.55543154E-31 -0.20536808E-30
  0.25346535E+14 -0.51799271E-31 -0.20331557E-30
  0.25396040E+14 -0.47820060E-31 -0.20090320E-30
  0.25445545E+14 -0.44525646E-31 -0.19810373E-30
  0.25495050E+14 -0.41400630E-31 -0.19566544E-30
  0.25544554E+14 -0.38163684E-31 -0.19341353E-30
  0.25594059E+14 -0.34819713E-31 -0.19110558E-30
  0.25643564E+14 -0.31097016E-31 -0.18846687E-30
  0.25693069E+14 -0.27902293E-31 -0.18541669E-30
  0.25742574E+14 -0.25074513E-31 -0.18235065E-30
  0.25792079E+14 -0.22457157E-31 -0.17982285E-30
  0.25841584E+14 -0.19289641E-31 -0.17730334E-30
  0.25891089E+14 -0.15978644E-31 -0.17434391E-30
  0.25940594E+14 -0.13082642E-31 -0.17087525E-30
  0.25990099E+14 -0.10721627E-31 -0.16762882E-30
  0.26039604E+14 -0.83306074E-32 -0.16462673E-30
  0.26089109E+14 -0.58240639E-32 -0.16177620E-30
  0.26138614E+14 -0.29871971E-32 -0.15885488E-30
  0.26188119E+14 -0.16779999E-33 -0.15520419E-30
  0.26237624E+14  0.18634200E-32 -0.15134863E-30
  0.26287129E+14  0.34937217E-32 -0.14813159E-30
  0.26336634E+14  0.57491560E-32 -0.14520058E-30
  0.26386139E+14  0.82355125E-32 -0.14190361E-30
  0.26435644E+14  0.10577209E-31 -0.13788725E-30
  0.26485149E+14  0.12162702E-31 -0.13388852E-30
  0.26534653E+14  0.13455005E-31 -0.13039366E-30
  0.26584158E+14  0.15034972E-31 -0.12722100E-30
  0.26633663E+14  0.17079395E-31 -0.12383545E-30
  0.26683168E+14  0.19005048E-31 -0.11955380E-30
  0.26732673E+14  0.20000992E-31 -0.11531691E-30
  0.26782178E+14  0.20725050E-31 -0.11173151E-30
  0.26831683E+14  0.22081800E-31 -0.10851726E-30
  0.26881188E+14  0.23760344E-31 -0.10471571E-30
  0.26930693E+14  0.25067826E-31 -0.10018120E-30
  0.26980198E+14  0.25350645E-31 -0.95837102E-31
  0.27029703E+14  0.25579226E-31 -0.92263759E-31
  0.27079208E+14  0.26488776E-31 -0.88914955E-31
  0.27128713E+14  0.27823996E-31 -0.84901697E-31
  0.27178218E+14  0.28295470E-31 -0.80016319E-31
  0.27227723E+14  0.27928011E-31 -0.75810191E-31
  0.27277228E+14  0.27684887E-31 -0.72435344E-31
  0.27326733E+14  0.28365786E-31 -0.68869640E-31
  0.27376238E+14  0.29119151E-31 -0.64379020E-31
  0.27425743E+14  0.28623334E-31 -0.59544481E-31
  0.27475248E+14  0.27469727E-31 -0.55552845E-31
  0.27524752E+14  0.27149619E-31 -0.52343497E-31
  0.27574257E+14  0.27418435E-31 -0.48527609E-31
  0.27623762E+14  0.27227456E-31 -0.43536917E-31
  0.27673267E+14  0.25755338E-31 -0.39029330E-31
  0.27722772E+14  0.24304546E-31 -0.35650953E-31
  0.27772277E+14  0.23696410E-31 -0.32231819E-31
  0.27821782E+14  0.23537992E-31 -0.27857376E-31
  0.27871287E+14  0.21917687E-31 -0.23061069E-31
  0.27920792E+14  0.19620810E-31 -0.19226593E-31
  0.27970297E+14  0.18251113E-31 -0.16153031E-31
  0.28019802E+14  0.17620648E-31 -0.12251660E-31
  0.28069307E+14  0.15756265E-31 -0.75210420E-32
  0.28118812E+14  0.13104766E-31 -0.35567082E-32
  0.28168317E+14  0.10978067E-31 -0.50669667E-33
  0.28217822E+14  0.94915931E-32  0.30183349E-32
  0.28267327E+14  0.74440896E-32  0.75085088E-32
  0.28316832E+14  0.42316927E-32  0.11416113E-31
  0.28366337E+14  0.14452939E-32  0.14180467E-31
  0.28415842E+14 -0.47256167E-33  0.17392460E-31
  0.28465347E+14 -0.30216201E-32  0.21781132E-31
  0.28514851E+14 -0.68592184E-32  0.25271383E-31
  0.28564356E+14 -0.99982064E-32  0.27814188E-31
  0.28613861E+14 -0.12517626E-31  0.30817489E-31
  0.28663366E+14 -0.15570921E-31  0.34832080E-31
  0.28712871E+14 -0.19908278E-31  0.38137571E-31
  0.28762376E+14 -0.23877093E-31  0.40182284E-31
  0.28811881E+14 -0.26552615E-31  0.42787233E-31
  0.28861386E+14 -0.30341866E-31  0.46509358E-31
  0.28910891E+14 -0.35296020E-31  0.49173941E-31
  0.28960396E+14 -0.39340147E-31  0.50799262E-31
  0.29009901E+14 -0.42740430E-31  0.53229410E-31
  0.29059406E+14 -0.47223980E-31  0.56352951E-31
  0.29108911E+14 -0.52460048E-31  0.58307450E-31
  0.29158416E+14 -0.56868614E-31  0.59593519E-31
  0.29207921E+14 -0.60887508E-31  0.61886181E-31
  0.29257426E+14 -0.66357968E-31  0.63926596E-31
  0.29306931E+14 -0.71439485E-31  0.64959800E-31
  0.29356436E+14 -0.76026756E-31  0.66349950E-31
  0.29405941E+14 -0.81305064E-31  0.67749945E-31
  0.29455446E+14 -0.86677671E-31  0.68730014E-31
  0.29504950E+14 -0.91866792E-31  0.69409492E-31
  0.29554455E+14 -0.97192360E-31  0.70448032E-31
  0.29603960E+14 -0.10317669E-30  0.70829566E-31
  0.29653465E+14 -0.10845158E-30  0.70699869E-31
  0.29702970E+14 -0.11400569E-30  0.71109499E-31
  0.29752475E+14 -0.11993419E-30  0.71108986E-31
  0.29801980E+14 -0.12588303E-30  0.70239941E-31
  0.29851485E+14 -0.13113829E-30  0.69747253E-31
  0.29900990E+14 -0.13736391E-30  0.69603110E-31
  0.29950495E+14 -0.14348176E-30  0.67933258E-31
  0.30000000E+14 -0.14898843E-30  0.66790440E-31
  0.30049505E+14 -0.15515798E-30  0.65323881E-31
  0.30099010E+14 -0.16128469E-30  0.63726919E-31
  0.30148515E+14 -0.16715852E-30  0.61224163E-31
  0.30198020E+14 -0.17259460E-30  0.59260517E-31
  0.30247525E+14 -0.17876552E-30  0.57229238E-31
  0.30297030E+14 -0.18513818E-30  0.53941810E-31
  0.30346535E+14 -0.18981595E-30  0.51142092E-31
  0.30396040E+14 -0.19653185E-30  0.48288156E-31
  0.30445545E+14 -0.20192465E-30  0.43858020E-31
  0.30495050E+14 -0.20652791E-30  0.41015720E-31
  0.30544554E+14 -0.21334973E-30  0.37352152E-31
  0.30594059E+14 -0.21727769E-30  0.32853249E-31
  0.30643564E+14 -0.22237561E-30  0.29369827E-31
  0.30693069E+14 -0.22793002E-30  0.24347609E-31
  0.30742574E+14 -0.23091474E-30  0.20851157E-31
  0.30792079E+14 -0.23630825E-30  0.16807009E-31
  0.30841584E+14 -0.23887167E-30  0.12325249E-31
  0.30891089E+14 -0.24286584E-30  0.94124094E-32
  0.30940594E+14 -0.24461906E-30  0.61529221E-32
  0.30990099E+14 -0.24608927E-30  0.57083701E-32
  0.31039604E+14 -0.24883375E-30  0.48238835E-32
  0.31089109E+14 -0.24686236E-30  0.10915639E-31
  0.31138614E+14 -0.24413805E-30  0.20284560E-31
  0.31188119E+14 -0.20846987E-30  0.10161261E-30
  0.31237624E+14 -0.38458370E-30  0.12333906E-30
  0.31287129E+14 -0.43808225E-30  0.55558514E-31
  0.31336634E+14 -0.47198323E-30 -0.57999529E-32
  0.31386139E+14 -0.48765185E-30 -0.58025102E-31
  0.31435644E+14 -0.49649513E-30 -0.11551363E-30
  0.31485149E+14 -0.49593332E-30 -0.16705091E-30
  0.31534653E+14 -0.48864258E-30 -0.21878259E-30
  0.31584158E+14 -0.47512198E-30 -0.26663265E-30
  0.31633663E+14 -0.44977724E-30 -0.31208945E-30
  0.31683168E+14 -0.42314336E-30 -0.35543355E-30
  0.31732673E+14 -0.39682802E-30 -0.39426581E-30
  0.31782178E+14 -0.35808099E-30 -0.42750658E-30
  0.31831683E+14 -0.31193716E-30 -0.45579000E-30
  0.31881188E+14 -0.26535867E-30 -0.48069703E-30
  0.31930693E+14 -0.22323784E-30 -0.49927069E-30
  0.31980198E+14 -0.16866393E-30 -0.50683723E-30
  0.32029703E+14 -0.10828413E-30 -0.51308595E-30
  0.32079208E+14 -0.58256856E-31 -0.50403714E-30
  0.32128713E+14  0.31954889E-32 -0.49139283E-30
  0.32178218E+14  0.53768936E-31 -0.46084768E-30
  0.32227723E+14  0.10504252E-30 -0.42575888E-30
  0.32277228E+14  0.15106524E-30 -0.37557062E-30
  0.32326733E+14  0.18748609E-30 -0.30802291E-30
  0.32376238E+14  0.20474463E-30 -0.21980690E-30
  0.32425743E+14  0.17551024E-30 -0.11848538E-30
  0.32475248E+14  0.00000000E+00 -0.61632641E-31
  0.32524752E+14  0.00000000E+00 -0.14339373E-30
  0.32574257E+14  0.00000000E+00 -0.15776879E-30
  0.32623762E+14  0.00000000E+00 -0.16310586E-30
  0.32673267E+14  0.00000000E+00 -0.16474828E-30
  0.32722772E+14  0.00000000E+00 -0.16457514E-30
  0.32772277E+14  0.00000000E+00 -0.16342724E-30
  0.32821782E+14  0.00000000E+00 -0.16173419E-30
  0.32871287E+14  0.00000000E+00 -0.15973460E-30
  0.32920792E+14  0.00000000E+00 -0.15756867E-30
  0.32970297E+14  0.00000000E+00 -0.15532196E-30
  0.33019802E+14  0.00000000E+00 -0.15304805E-30
  0.33069307E+14  0.00000000E+00 -0.15078094E-30
  0.33118812E+14  0.00000000E+00 -0.14854232E-30
  0.33168317E+14  0.00000000E+00 -0.14634588E-30
  0.33217822E+14  0.00000000E+00 -0.14420008E-30
  0.33267327E+14  0.00000000E+00 -0.14210986E-30
  0.33316832E+14  0.00000000E+00 -0.14007780E-30
  0.33366337E+14  0.00000000E+00 -0.13810486E-30
  0.33415842E+14  0.00000000E+00 -0.13619094E-30
  0.33465347E+14  0.00000000E+00 -0.13433520E-30
  0.33514851E+14  0.00000000E+00 -0.13253629E-30
  0.33564356E+14  0.00000000E+00 -0.13079259E-30
  0.33613861E+14  0.00000000E+00 -0.12910228E-30
  0.33663366E+14  0.00000000E+00 -0.12746341E-30
  0.33712871E+14  0.00000000E+00 -0.12587403E-30
  0.33762376E+14  0.00000000E+00 -0.12433214E-30
  0.33811881E+14  0.00000000E+00 -0.12283581E-30
  0.33861386E+14  0.00000000E+00 -0.12138312E-30
  0.33910891E+14  0.00000000E+00 -0.11997224E-30
  0.33960396E+14  0.00000000E+00 -0.11860138E-30
  0.34009901E+14  0.00000000E+00 -0.11726884E-30
  0.34059406E+14  0.00000000E+00 -0.11597298E-30
  0.34108911E+14  0.00000000E+00 -0.11471225E-30
  0.34158416E+14  0.00000000E+00 -0.11348517E-30
  0.34207921E+14  0.00000000E+00 -0.11229032E-30
  0.34257426E+14  0.00000000E+00 -0.11112637E-30
  0.34306931E+14  0.00000000E+00 -0.10999203E-30
  0.34356436E+14  0.00000000E+00 -0.10888610E-30
  0.34405941E+14  0.00000000E+00 -0.10780743E-30
  0.34455446E+14  0.00000000E+00 -0.10675493E-30
  0.34504950E+14  0.00000000E+00 -0.10572756E-30
  0.34554455E+14  0.00000000E+00 -0.10472435E-30
  0.34603960E+14  0.00000000E+00 -0.10374436E-30
  0.34653465E+14  0.00000000E+00 -0.10278669E-30
  0.34702970E+14  0.00000000E+00 -0.10185052E-30
  0.34752475E+14  0.00000000E+00 -0.10093504E-30
  0.34801980E+14  0.00000000E+00 -0.10003950E-30
  0.34851485E+14  0.00000000E+00 -0.99163154E-31
  0.34900990E+14  0.00000000E+00 -0.98305331E-31
  0.34950495E+14  0.00000000E+00 -0.97465371E-31
  0.35000000E+14  0.00000000E+00 -0.96642649E-31
  0.35049505E+14  0.00000000E+00 -0.95836571E-31
  0.35099010E+14  0.00000000E+00 -0.95046570E-31
  0.35148515E+14  0.00000000E+00 -0.94272104E-31
  0.35198020E+14  0.00000000E+00 -0.93512658E-31
  0.35247525E+14  0.00000000E+00 -0.92767738E-31
  0.35297030E+14  0.00000000E+00 -0.92036875E-31
  0.35346535E+14  0.00000000E+00 -0.91319617E-31
  0.35396040E+14  0.00000000E+00 -0.90615535E-31
  0.35445545E+14  0.00000000E+00 -0.89924218E-31
  0.35495050E+14  0.00000000E+00 -0.89245272E-31
  0.35544554E+14  0.00000000E+00 -0.88578319E-31
  0.35594059E+14  0.00000000E+00 -0.87922999E-31
  0.35643564E+14  0.00000000E+00 -0.87278965E-31
  0.35693069E+14  0.00000000E+00 -0.86645886E-31
  0.35742574E+14  0.00000000E+00 -0.86023443E-31
  0.35792079E+14  0.00000000E+00 -0.85411331E-31
  0.35841584E+14  0.00000000E+00 -0.84809257E-31
  0.35891089E+14  0.00000000E+00 -0.84216939E-31
  0.35940594E+14  0.00000000E+00 -0.83634107E-31
  0.35990099E+14  0.00000000E+00 -0.83060499E-31
  0.36039604E+14  0.00000000E+00 -0.82495867E-31
  0.36089109E+14  0.00000000E+00 -0.81939970E-31
  0.36138614E+14  0.00000000E+00 -0.81392575E-31
  0.36188119E+14  0.00000000E+00 -0.80853460E-31
  0.36237624E+14  0.00000000E+00 -0.80322411E-31
  0.36287129E+14  0.00000000E+00 -0.79799219E-31
  0.36336634E+14  0.00000000E+00 -0.79283686E-31
  0.36386139E+14  0.00000000E+00 -0.78775620E-31
  0.36435644E+14  0.00000000E+00 -0.78274834E-31
  0.36485149E+14  0.00000000E+00 -0.77781150E-31
  0.36534653E+14  0.00000000E+00 -0.77294395E-31
  0.36584158E+14  0.00000000E+00 -0.76814402E-31
  0.36633663E+14  0.00000000E+00 -0.76341010E-31
  0.36683168E+14  0.00000000E+00 -0.75874063E-31
  0.36732673E+14  0.00000000E+00 -0.75413411E-31
  0.36782178E+14  0.00000000E+00 -0.74958907E-31
  0.36831683E+14  0.00000000E+00 -0.74510412E-31
  0.36881188E+14  0.00000000E+00 -0.74067789E-31
  0.36930693E+14  0.00000000E+00 -0.73630905E-31
  0.36980198E+14  0.00000000E+00 -0.73199635E-31
  0.37029703E+14  0.00000000E+00 -0.72773853E-31
  0.37079208E+14  0.00000000E+00 -0.72353441E-31
  0.37128713E+14  0.00000000E+00 -0.71938282E-31
  0.37178218E+14  0.00000000E+00 -0.71528264E-31
  0.37227723E+14  0.00000000E+00 -0.71123277E-31
  0.37277228E+14  0.00000000E+00 -0.70723217E-31
  0.37326733E+14  0.00000000E+00 -0.70327981E-31
  0.37376238E+14  0.00000000E+00 -0.69937468E-31
  0.37425743E+14  0.00000000E+00 -0.69551584E-31
  0.37475248E+14  0.00000000E+00 -0.69170233E-31
  0.37524752E+14  0.00000000E+00 -0.68793325E-31
  0.37574257E+14  0.00000000E+00 -0.68420771E-31
  0.37623762E+14  0.00000000E+00 -0.68052486E-31
  0.37673267E+14  0.00000000E+00 -0.67688386E-31
  0.37722772E+14  0.00000000E+00 -0.67328391E-31
  0.37772277E+14  0.00000000E+00 -0.66972420E-31
  0.37821782E+14  0.00000000E+00 -0.66620398E-31
  0.37871287E+14  0.00000000E+00 -0.66272250E-31
  0.37920792E+14  0.00000000E+00 -0.65927903E-31
  0.37970297E+14  0.00000000E+00 -0.65587287E-31
  0.38019802E+14  0.00000000E+00 -0.65250332E-31
  0.38069307E+14  0.00000000E+00 -0.64916973E-31
  0.38118812E+14  0.00000000E+00 -0.64587144E-31
  0.38168317E+14  0.00000000E+00 -0.64260781E-31
  0.38217822E+14  0.00000000E+00 -0.63937822E-31
  0.38267327E+14  0.00000000E+00 -0.63618208E-31
  0.38316832E+14  0.00000000E+00 -0.63301880E-31
  0.38366337E+14  0.00000000E+00 -0.62988780E-31
  0.38415842E+14  0.00000000E+00 -0.62678852E-31
  0.38465347E+14  0.00000000E+00 -0.62372043E-31
  0.38514851E+14  0.00000000E+00 -0.62068300E-31
  0.38564356E+14  0.00000000E+00 -0.61767569E-31
  0.38613861E+14  0.00000000E+00 -0.61469802E-31
  0.38663366E+14  0.00000000E+00 -0.61174948E-31
  0.38712871E+14  0.00000000E+00 -0.60882960E-31
  0.38762376E+14  0.00000000E+00 -0.60593790E-31
  0.38811881E+14  0.00000000E+00 -0.60307393E-31
  0.38861386E+14  0.00000000E+00 -0.60023725E-31
  0.38910891E+14  0.00000000E+00 -0.59742740E-31
  0.38960396E+14  0.00000000E+00 -0.59464398E-31
  0.39009901E+14  0.00000000E+00 -0.59188655E-31
  0.39059406E+14  0.00000000E+00 -0.58915471E-31
  0.39108911E+14  0.00000000E+00 -0.58644806E-31
  0.39158416E+14  0.00000000E+00 -0.58376622E-31
  0.39207921E+14  0.00000000E+00 -0.58110880E-31
  0.39257426E+14  0.00000000E+00 -0.57847542E-31
  0.39306931E+14  0.00000000E+00 -0.57586574E-31
  0.39356436E+14  0.00000000E+00 -0.57327938E-31
  0.39405941E+14  0.00000000E+00 -0.57071600E-31
  0.39455446E+14  0.00000000E+00 -0.56817526E-31
  0.39504950E+14  0.00000000E+00 -0.56565683E-31
  0.39554455E+14  0.00000000E+00 -0.56316037E-31
  0.39603960E+14  0.00000000E+00 -0.56068558E-31
  0.39653465E+14  0.00000000E+00 -0.55823213E-31
  0.39702970E+14  0.00000000E+00 -0.55579972E-31
  0.39752475E+14  0.00000000E+00 -0.55338805E-31
  0.39801980E+14  0.00000000E+00 -0.55099683E-31
  0.39851485E+14  0.00000000E+00 -0.54862576E-31
  0.39900990E+14  0.00000000E+00 -0.54627457E-31
  0.39950495E+14  0.00000000E+00 -0.54394298E-31
  0.40000000E+14  0.00000000E+00 -0.54163072E-31
  0.40049505E+14  0.00000000E+00 -0.53933753E-31
  0.40099010E+14  0.00000000E+00 -0.53706313E-31
  0.40148515E+14  0.00000000E+00 -0.53480729E-31
  0.40198020E+14  0.00000000E+00 -0.53256974E-31
  0.40247525E+14  0.00000000E+00 -0.53035025E-31
  0.40297030E+14  0.00000000E+00 -0.52814856E-31
  0.40346535E+14  0.00000000E+00 -0.52596446E-31
  0.40396040E+14  0.00000000E+00 -0.52379770E-31
  0.40445545E+14  0.00000000E+00 -0.52164806E-31
  0.40495050E+14  0.00000000E+00 -0.51951532E-31
  0.40544554E+14  0.00000000E+00 -0.51739926E-31
  0.40594059E+14  0.00000000E+00 -0.51529966E-31
  0.40643564E+14  0.00000000E+00 -0.51321631E-31
  0.40693069E+14  0.00000000E+00 -0.51114901E-31
  0.40742574E+14  0.00000000E+00 -0.50909755E-31
  0.40792079E+14  0.00000000E+00 -0.50706174E-31
  0.40841584E+14  0.00000000E+00 -0.50504138E-31
  0.40891089E+14  0.00000000E+00 -0.50303628E-31
  0.40940594E+14  0.00000000E+00 -0.50104625E-31
  0.40990099E+14  0.00000000E+00 -0.49907110E-31
  0.41039604E+14  0.00000000E+00 -0.49711066E-31
  0.41089109E+14  0.00000000E+00 -0.49516474E-31
  0.41138614E+14  0.00000000E+00 -0.49323316E-31
  0.41188119E+14  0.00000000E+00 -0.49131577E-31
  0.41237624E+14  0.00000000E+00 -0.48941238E-31
  0.41287129E+14  0.00000000E+00 -0.48752284E-31
  0.41336634E+14  0.00000000E+00 -0.48564697E-31
  0.41386139E+14  0.00000000E+00 -0.48378461E-31
  0.41435644E+14  0.00000000E+00 -0.48193562E-31
  0.41485149E+14  0.00000000E+00 -0.48009983E-31
  0.41534653E+14  0.00000000E+00 -0.47827708E-31
  0.41584158E+14  0.00000000E+00 -0.47646724E-31
  0.41633663E+14  0.00000000E+00 -0.47467015E-31
  0.41683168E+14  0.00000000E+00 -0.47288567E-31
  0.41732673E+14  0.00000000E+00 -0.47111365E-31
  0.41782178E+14  0.00000000E+00 -0.46935395E-31
  0.41831683E+14  0.00000000E+00 -0.46760644E-31
  0.41881188E+14  0.00000000E+00 -0.46587097E-31
  0.41930693E+14  0.00000000E+00 -0.46414742E-31
  0.41980198E+14  0.00000000E+00 -0.46243565E-31
  0.42029703E+14  0.00000000E+00 -0.46073554E-31
  0.42079208E+14  0.00000000E+00 -0.45904695E-31
  0.42128713E+14  0.00000000E+00 -0.45736976E-31
  0.42178218E+14  0.00000000E+00 -0.45570385E-31
  0.42227723E+14  0.00000000E+00 -0.45404909E-31
  0.42277228E+14  0.00000000E+00 -0.45240536E-31
  0.42326733E+14  0.00000000E+00 -0.45077256E-31
  0.42376238E+14  0.00000000E+00 -0.44915055E-31
  0.42425743E+14  0.00000000E+00 -0.44753923E-31
  0.42475248E+14  0.00000000E+00 -0.44593848E-31
  0.42524752E+14  0.00000000E+00 -0.44434820E-31
  0.42574257E+14  0.00000000E+00 -0.44276826E-31
  0.42623762E+14  0.00000000E+00 -0.44119858E-31
  0.42673267E+14  0.00000000E+00 -0.43963903E-31
  0.42722772E+14  0.00000000E+00 -0.43808952E-31
  0.42772277E+14  0.00000000E+00 -0.43654994E-31
  0.42821782E+14  0.00000000E+00 -0.43502019E-31
  0.42871287E+14  0.00000000E+00 -0.43350017E-31
  0.42920792E+14  0.00000000E+00 -0.43198978E-31
  0.42970297E+14  0.00000000E+00 -0.43048893E-31
  0.43019802E+14  0.00000000E+00 -0.42899752E-31
  0.43069307E+14  0.00000000E+00 -0.42751545E-31
  0.43118812E+14  0.00000000E+00 -0.42604264E-31
  0.43168317E+14  0.00000000E+00 -0.42457899E-31
  0.43217822E+14  0.00000000E+00 -0.42312441E-31
  0.43267327E+14  0.00000000E+00 -0.42167880E-31
  0.43316832E+14  0.00000000E+00 -0.42024210E-31
  0.43366337E+14  0.00000000E+00 -0.41881420E-31
  0.43415842E+14  0.00000000E+00 -0.41739502E-31
  0.43465347E+14  0.00000000E+00 -0.41598448E-31
  0.43514851E+14  0.00000000E+00 -0.41458249E-31
  0.43564356E+14  0.00000000E+00 -0.41318898E-31
  0.43613861E+14  0.00000000E+00 -0.41180386E-31
  0.43663366E+14  0.00000000E+00 -0.41042705E-31
  0.43712871E+14  0.00000000E+00 -0.40905848E-31
  0.43762376E+14  0.00000000E+00 -0.40769806E-31
  0.43811881E+14  0.00000000E+00 -0.40634572E-31
  0.43861386E+14  0.00000000E+00 -0.40500139E-31
  0.43910891E+14  0.00000000E+00 -0.40366498E-31
  0.43960396E+14  0.00000000E+00 -0.40233644E-31
  0.44009901E+14  0.00000000E+00 -0.40101567E-31
  0.44059406E+14  0.00000000E+00 -0.39970262E-31
  0.44108911E+14  0.00000000E+00 -0.39839721E-31
  0.44158416E+14  0.00000000E+00 -0.39709938E-31
  0.44207921E+14  0.00000000E+00 -0.39580904E-31
  0.44257426E+14  0.00000000E+00 -0.39452615E-31
  0.44306931E+14  0.00000000E+00 -0.39325062E-31
  0.44356436E+14  0.00000000E+00 -0.39198239E-31
  0.44405941E+14  0.00000000E+00 -0.39072140E-31
  0.44455446E+14  0.00000000E+00 -0.38946759E-31
  0.44504950E+14  0.00000000E+00 -0.38822088E-31
  0.44554455E+14  0.00000000E+00 -0.38698122E-31
  0.44603960E+14  0.00000000E+00 -0.38574854E-31
  0.44653465E+14  0.00000000E+00 -0.38452279E-31
  0.44702970E+14  0.00000000E+00 -0.38330390E-31
  0.44752475E+14  0.00000000E+00 -0.38209181E-31
  0.44801980E+14  0.00000000E+00 -0.38088647E-31
  0.44851485E+14  0.00000000E+00 -0.37968781E-31
  0.44900990E+14  0.00000000E+00 -0.37849577E-31
  0.44950495E+14  0.00000000E+00 -0.37731031E-31
  0.45000000E+14  0.00000000E+00 -0.37613137E-31
  0.45049505E+14  0.00000000E+00 -0.37495888E-31
  0.45099010E+14  0.00000000E+00 -0.37379280E-31
  0.45148515E+14  0.00000000E+00 -0.37263306E-31
  0.45198020E+14  0.00000000E+00 -0.37147963E-31
  0.45247525E+14  0.00000000E+00 -0.37033243E-31
  0.45297030E+14  0.00000000E+00 -0.36919143E-31
  0.45346535E+14  0.00000000E+00 -0.36805657E-31
  0.45396040E+14  0.00000000E+00 -0.36692780E-31
  0.45445545E+14  0.00000000E+00 -0.36580506E-31
  0.45495050E+14  0.00000000E+00 -0.36468831E-31
  0.45544554E+14  0.00000000E+00 -0.36357751E-31
  0.45594059E+14  0.00000000E+00 -0.36247259E-31
  0.45643564E+14  0.00000000E+00 -0.36137351E-31
  0.45693069E+14  0.00000000E+00 -0.36028023E-31
  0.45742574E+14  0.00000000E+00 -0.35919270E-31
  0.45792079E+14  0.00000000E+00 -0.35811087E-31
  0.45841584E+14  0.00000000E+00 -0.35703469E-31
  0.45891089E+14  0.00000000E+00 -0.35596413E-31
  0.45940594E+14  0.00000000E+00 -0.35489913E-31
  0.45990099E+14  0.00000000E+00 -0.35383965E-31
  0.46039604E+14  0.00000000E+00 -0.35278564E-31
  0.46089109E+14  0.00000000E+00 -0.35173707E-31
  0.46138614E+14  0.00000000E+00 -0.35069389E-31
  0.46188119E+14  0.00000000E+00 -0.34965606E-31
  0.46237624E+14  0.00000000E+00 -0.34862353E-31
  0.46287129E+14  0.00000000E+00 -0.34759627E-31
  0.46336634E+14  0.00000000E+00 -0.34657423E-31
  0.46386139E+14  0.00000000E+00 -0.34555737E-31
  0.46435644E+14  0.00000000E+00 -0.34454566E-31
  0.46485149E+14  0.00000000E+00 -0.34353904E-31
  0.46534653E+14  0.00000000E+00 -0.34253749E-31
  0.46584158E+14  0.00000000E+00 -0.34154097E-31
  0.46633663E+14  0.00000000E+00 -0.34054943E-31
  0.46683168E+14  0.00000000E+00 -0.33956284E-31
  0.46732673E+14  0.00000000E+00 -0.33858116E-31
  0.46782178E+14  0.00000000E+00 -0.33760435E-31
  0.46831683E+14  0.00000000E+00 -0.33663238E-31
  0.46881188E+14  0.00000000E+00 -0.33566521E-31
  0.46930693E+14  0.00000000E+00 -0.33470280E-31
  0.46980198E+14  0.00000000E+00 -0.33374513E-31
  0.47029703E+14  0.00000000E+00 -0.33279214E-31
  0.47079208E+14  0.00000000E+00 -0.33184381E-31
  0.47128713E+14  0.00000000E+00 -0.33090011E-31
  0.47178218E+14  0.00000000E+00 -0.32996099E-31
  0.47227723E+14  0.00000000E+00 -0.32902643E-31
  0.47277228E+14  0.00000000E+00 -0.32809639E-31
  0.47326733E+14  0.00000000E+00 -0.32717084E-31
  0.47376238E+14  0.00000000E+00 -0.32624974E-31
  0.47425743E+14  0.00000000E+00 -0.32533307E-31
  0.47475248E+14  0.00000000E+00 -0.32442079E-31
  0.47524752E+14  0.00000000E+00 -0.32351287E-31
  0.47574257E+14  0.00000000E+00 -0.32260927E-31
  0.47623762E+14  0.00000000E+00 -0.32170997E-31
  0.47673267E+14  0.00000000E+00 -0.32081494E-31
  0.47722772E+14  0.00000000E+00 -0.31992414E-31
  0.47772277E+14  0.00000000E+00 -0.31903755E-31
  0.47821782E+14  0.00000000E+00 -0.31815513E-31
  0.47871287E+14  0.00000000E+00 -0.31727686E-31
  0.47920792E+14  0.00000000E+00 -0.31640270E-31
  0.47970297E+14  0.00000000E+00 -0.31553263E-31
  0.48019802E+14  0.00000000E+00 -0.31466662E-31
  0.48069307E+14  0.00000000E+00 -0.31380464E-31
  0.48118812E+14  0.00000000E+00 -0.31294666E-31
  0.48168317E+14  0.00000000E+00 -0.31209265E-31
  0.48217822E+14  0.00000000E+00 -0.31124258E-31
  0.48267327E+14  0.00000000E+00 -0.31039644E-31
  0.48316832E+14  0.00000000E+00 -0.30955418E-31
  0.48366337E+14  0.00000000E+00 -0.30871579E-31
  0.48415842E+14  0.00000000E+00 -0.30788124E-31
  0.48465347E+14  0.00000000E+00 -0.30705050E-31
  0.48514851E+14  0.00000000E+00 -0.30622354E-31
  0.48564356E+14  0.00000000E+00 -0.30540034E-31
  0.48613861E+14  0.00000000E+00 -0.30458088E-31
  0.48663366E+14  0.00000000E+00 -0.30376512E-31
  0.48712871E+14  0.00000000E+00 -0.30295305E-31
  0.48762376E+14  0.00000000E+00 -0.30214463E-31
  0.48811881E+14  0.00000000E+00 -0.30133985E-31
  0.48861386E+14  0.00000000E+00 -0.30053868E-31
  0.48910891E+14  0.00000000E+00 -0.29974109E-31
  0.48960396E+14  0.00000000E+00 -0.29894706E-31
  0.49009901E+14  0.00000000E+00 -0.29815657E-31
  0.49059406E+14  0.00000000E+00 -0.29736959E-31
  0.49108911E+14  0.00000000E+00 -0.29658610E-31
  0.49158416E+14  0.00000000E+00 -0.29580608E-31
  0.49207921E+14  0.00000000E+00 -0.29502951E-31
  0.49257426E+14  0.00000000E+00 -0.29425635E-31
  0.49306931E+14  0.00000000E+00 -0.29348659E-31
  0.49356436E+14  0.00000000E+00 -0.29272021E-31
  0.49405941E+14  0.00000000E+00 -0.29195719E-31
  0.49455446E+14  0.00000000E+00 -0.29119749E-31
  0.49504950E+14  0.00000000E+00 -0.29044111E-31
  0.49554455E+14  0.00000000E+00 -0.28968802E-31
  0.49603960E+14  0.00000000E+00 -0.28893819E-31
  0.49653465E+14  0.00000000E+00 -0.28819161E-31
  0.49702970E+14  0.00000000E+00 -0.28744826E-31
  0.49752475E+14  0.00000000E+00 -0.28670811E-31
  0.49801980E+14  0.00000000E+00 -0.28597115E-31
  0.49851485E+14  0.00000000E+00 -0.28523735E-31
  0.49900990E+14  0.00000000E+00 -0.28450670E-31
  0.49950495E+14  0.00000000E+00 -0.28377917E-31
  0.50000000E+14  0.00000000E+00 -0.28305475E-31
  0.50049505E+14  0.00000000E+00 -0.28233340E-31
  0.50099010E+14  0.00000000E+00 -0.28161513E-31
  0.50148515E+14  0.00000000E+00 -0.28089990E-31
  0.50198020E+14  0.00000000E+00 -0.28018770E-31
  0.50247525E+14  0.00000000E+00 -0.27947850E-31
  0.50297030E+14  0.00000000E+00 -0.27877230E-31
  0.50346535E+14  0.00000000E+00 -0.27806906E-31
  0.50396040E+14  0.00000000E+00 -0.27736878E-31
  0.50445545E+14  0.00000000E+00 -0.27667143E-31
  0.50495050E+14  0.00000000E+00 -0.27597699E-31
  0.50544554E+14  0.00000000E+00 -0.27528545E-31
  0.50594059E+14  0.00000000E+00 -0.27459680E-31
  0.50643564E+14  0.00000000E+00 -0.27391100E-31
  0.50693069E+14  0.00000000E+00 -0.27322805E-31
  0.50742574E+14  0.00000000E+00 -0.27254792E-31
  0.50792079E+14  0.00000000E+00 -0.27187060E-31
  0.50841584E+14  0.00000000E+00 -0.27119608E-31
  0.50891089E+14  0.00000000E+00 -0.27052433E-31
  0.50940594E+14  0.00000000E+00 -0.26985534E-31
  0.50990099E+14  0.00000000E+00 -0.26918909E-31
  0.51039604E+14  0.00000000E+00 -0.26852556E-31
  0.51089109E+14  0.00000000E+00 -0.26786475E-31
  0.51138614E+14  0.00000000E+00 -0.26720662E-31
  0.51188119E+14  0.00000000E+00 -0.26655118E-31
  0.51237624E+14  0.00000000E+00 -0.26589839E-31
  0.51287129E+14  0.00000000E+00 -0.26524825E-31
  0.51336634E+14  0.00000000E+00 -0.26460073E-31
  0.51386139E+14  0.00000000E+00 -0.26395583E-31
  0.51435644E+14  0.00000000E+00 -0.26331353E-31
  0.51485149E+14  0.00000000E+00 -0.26267381E-31
  0.51534653E+14  0.00000000E+00 -0.26203665E-31
  0.51584158E+14  0.00000000E+00 -0.26140205E-31
  0.51633663E+14  0.00000000E+00 -0.26076998E-31
  0.51683168E+14  0.00000000E+00 -0.26014044E-31
  0.51732673E+14  0.00000000E+00 -0.25951340E-31
  0.51782178E+14  0.00000000E+00 -0.25888885E-31
  0.51831683E+14  0.00000000E+00 -0.25826679E-31
  0.51881188E+14  0.00000000E+00 -0.25764718E-31
  0.51930693E+14  0.00000000E+00 -0.25703003E-31
  0.51980198E+14  0.00000000E+00 -0.25641531E-31
  0.52029703E+14  0.00000000E+00 -0.25580300E-31
  0.52079208E+14  0.00000000E+00 -0.25519311E-31
  0.52128713E+14  0.00000000E+00 -0.25458561E-31
  0.52178218E+14  0.00000000E+00 -0.25398049E-31
  0.52227723E+14  0.00000000E+00 -0.25337773E-31
  0.52277228E+14  0.00000000E+00 -0.25277733E-31
  0.52326733E+14  0.00000000E+00 -0.25217926E-31
  0.52376238E+14  0.00000000E+00 -0.25158352E-31
  0.52425743E+14  0.00000000E+00 -0.25099010E-31
  0.52475248E+14  0.00000000E+00 -0.25039897E-31
  0.52524752E+14  0.00000000E+00 -0.24981012E-31
  0.52574257E+14  0.00000000E+00 -0.24922355E-31
  0.52623762E+14  0.00000000E+00 -0.24863924E-31
  0.52673267E+14  0.00000000E+00 -0.24805718E-31
  0.52722772E+14  0.00000000E+00 -0.24747735E-31
  0.52772277E+14  0.00000000E+00 -0.24689975E-31
  0.52821782E+14  0.00000000E+00 -0.24632435E-31
  0.52871287E+14  0.00000000E+00 -0.24575115E-31
  0.52920792E+14  0.00000000E+00 -0.24518014E-31
  0.52970297E+14  0.00000000E+00 -0.24461130E-31
  0.53019802E+14  0.00000000E+00 -0.24404462E-31
  0.53069307E+14  0.00000000E+00 -0.24348009E-31
  0.53118812E+14  0.00000000E+00 -0.24291769E-31
  0.53168317E+14  0.00000000E+00 -0.24235743E-31
  0.53217822E+14  0.00000000E+00 -0.24179927E-31
  0.53267327E+14  0.00000000E+00 -0.24124322E-31
  0.53316832E+14  0.00000000E+00 -0.24068926E-31
  0.53366337E+14  0.00000000E+00 -0.24013738E-31
  0.53415842E+14  0.00000000E+00 -0.23958756E-31
  0.53465347E+14  0.00000000E+00 -0.23903981E-31
  0.53514851E+14  0.00000000E+00 -0.23849409E-31
  0.53564356E+14  0.00000000E+00 -0.23795042E-31
  0.53613861E+14  0.00000000E+00 -0.23740876E-31
  0.53663366E+14  0.00000000E+00 -0.23686912E-31
  0.53712871E+14  0.00000000E+00 -0.23633148E-31
  0.53762376E+14  0.00000000E+00 -0.23579583E-31
  0.53811881E+14  0.00000000E+00 -0.23526215E-31
  0.53861386E+14  0.00000000E+00 -0.23473045E-31
  0.53910891E+14  0.00000000E+00 -0.23420071E-31
  0.53960396E+14  0.00000000E+00 -0.23367292E-31
  0.54009901E+14  0.00000000E+00 -0.23314706E-31
  0.54059406E+14  0.00000000E+00 -0.23262313E-31
  0.54108911E+14  0.00000000E+00 -0.23210112E-31
  0.54158416E+14  0.00000000E+00 -0.23158101E-31
  0.54207921E+14  0.00000000E+00 -0.23106280E-31
  0.54257426E+14  0.00000000E+00 -0.23054648E-31
  0.54306931E+14  0.00000000E+00 -0.23003204E-31
  0.54356436E+14  0.00000000E+00 -0.22951946E-31
  0.54405941E+14  0.00000000E+00 -0.22900874E-31
  0.54455446E+14  0.00000000E+00 -0.22849987E-31
  0.54504950E+14  0.00000000E+00 -0.22799284E-31
  0.54554455E+14  0.00000000E+00 -0.22748763E-31
  0.54603960E+14  0.00000000E+00 -0.22698425E-31
  0.54653465E+14  0.00000000E+00 -0.22648267E-31
  0.54702970E+14  0.00000000E+00 -0.22598289E-31
  0.54752475E+14  0.00000000E+00 -0.22548491E-31
  0.54801980E+14  0.00000000E+00 -0.22498870E-31
  0.54851485E+14  0.00000000E+00 -0.22449427E-31
  0.54900990E+14  0.00000000E+00 -0.22400160E-31
  0.54950495E+14  0.00000000E+00 -0.22351068E-31
  0.55000000E+14  0.00000000E+00 -0.22302151E-31
  0.55049505E+14  0.00000000E+00 -0.22253407E-31
  0.55099010E+14  0.00000000E+00 -0.22204836E-31
  0.55148515E+14  0.00000000E+00 -0.22156437E-31
  0.55198020E+14  0.00000000E+00 -0.22108209E-31
  0.55247525E+14  0.00000000E+00 -0.22060151E-31
  0.55297030E+14  0.00000000E+00 -0.22012262E-31
  0.55346535E+14  0.00000000E+00 -0.21964542E-31
  0.55396040E+14  0.00000000E+00 -0.21916989E-31
  0.55445545E+14  0.00000000E+00 -0.21869603E-31
  0.55495050E+14  0.00000000E+00 -0.21822382E-31
  0.55544554E+14  0.00000000E+00 -0.21775326E-31
  0.55594059E+14  0.00000000E+00 -0.21728435E-31
  0.55643564E+14  0.00000000E+00 -0.21681707E-31
  0.55693069E+14  0.00000000E+00 -0.21635141E-31
  0.55742574E+14  0.00000000E+00 -0.21588737E-31
  0.55792079E+14  0.00000000E+00 -0.21542494E-31
  0.55841584E+14  0.00000000E+00 -0.21496411E-31
  0.55891089E+14  0.00000000E+00 -0.21450487E-31
  0.55940594E+14  0.00000000E+00 -0.21404722E-31
  0.55990099E+14  0.00000000E+00 -0.21359115E-31
  0.56039604E+14  0.00000000E+00 -0.21313664E-31
  0.56089109E+14  0.00000000E+00 -0.21268369E-31
  0.56138614E+14  0.00000000E+00 -0.21223230E-31
  0.56188119E+14  0.00000000E+00 -0.21178246E-31
  0.56237624E+14  0.00000000E+00 -0.21133415E-31
  0.56287129E+14  0.00000000E+00 -0.21088737E-31
  0.56336634E+14  0.00000000E+00 -0.21044212E-31
  0.56386139E+14  0.00000000E+00 -0.20999838E-31
  0.56435644E+14  0.00000000E+00 -0.20955616E-31
  0.56485149E+14  0.00000000E+00 -0.20911543E-31
  0.56534653E+14  0.00000000E+00 -0.20867619E-31
  0.56584158E+14  0.00000000E+00 -0.20823845E-31
  0.56633663E+14  0.00000000E+00 -0.20780218E-31
  0.56683168E+14  0.00000000E+00 -0.20736738E-31
  0.56732673E+14  0.00000000E+00 -0.20693405E-31
  0.56782178E+14  0.00000000E+00 -0.20650218E-31
  0.56831683E+14  0.00000000E+00 -0.20607176E-31
  0.56881188E+14  0.00000000E+00 -0.20564278E-31
  0.56930693E+14  0.00000000E+00 -0.20521524E-31
  0.56980198E+14  0.00000000E+00 -0.20478913E-31
  0.57029703E+14  0.00000000E+00 -0.20436444E-31
  0.57079208E+14  0.00000000E+00 -0.20394117E-31
  0.57128713E+14  0.00000000E+00 -0.20351931E-31
  0.57178218E+14  0.00000000E+00 -0.20309885E-31
  0.57227723E+14  0.00000000E+00 -0.20267979E-31
  0.57277228E+14  0.00000000E+00 -0.20226211E-31
  0.57326733E+14  0.00000000E+00 -0.20184582E-31
  0.57376238E+14  0.00000000E+00 -0.20143091E-31
  0.57425743E+14  0.00000000E+00 -0.20101737E-31
  0.57475248E+14  0.00000000E+00 -0.20060519E-31
  0.57524752E+14  0.00000000E+00 -0.20019436E-31
  0.57574257E+14  0.00000000E+00 -0.19978489E-31
  0.57623762E+14  0.00000000E+00 -0.19937677E-31
  0.57673267E+14  0.00000000E+00 -0.19896998E-31
  0.57722772E+14  0.00000000E+00 -0.19856452E-31
  0.57772277E+14  0.00000000E+00 -0.19816039E-31
  0.57821782E+14  0.00000000E+00 -0.19775757E-31
  0.57871287E+14  0.00000000E+00 -0.19735607E-31
  0.57920792E+14  0.00000000E+00 -0.19695588E-31
  0.57970297E+14  0.00000000E+00 -0.19655699E-31
  0.58019802E+14  0.00000000E+00 -0.19615939E-31
  0.58069307E+14  0.00000000E+00 -0.19576308E-31
  0.58118812E+14  0.00000000E+00 -0.19536806E-31
  0.58168317E+14  0.00000000E+00 -0.19497431E-31
  0.58217822E+14  0.00000000E+00 -0.19458183E-31
  0.58267327E+14  0.00000000E+00 -0.19419062E-31
  0.58316832E+14  0.00000000E+00 -0.19380067E-31
  0.58366337E+14  0.00000000E+00 -0.19341197E-31
  0.58415842E+14  0.00000000E+00 -0.19302452E-31
  0.58465347E+14  0.00000000E+00 -0.19263832E-31
  0.58514851E+14  0.00000000E+00 -0.19225335E-31
  0.58564356E+14  0.00000000E+00 -0.19186961E-31
  0.58613861E+14  0.00000000E+00 -0.19148709E-31
  0.58663366E+14  0.00000000E+00 -0.19110580E-31
  0.58712871E+14  0.00000000E+00 -0.19072572E-31
  0.58762376E+14  0.00000000E+00 -0.19034684E-31
  0.58811881E+14  0.00000000E+00 -0.18996918E-31
  0.58861386E+14  0.00000000E+00 -0.18959271E-31
  0.58910891E+14  0.00000000E+00 -0.18921743E-31
  0.58960396E+14  0.00000000E+00 -0.18884334E-31
  0.59009901E+14  0.00000000E+00 -0.18847043E-31
  0.59059406E+14  0.00000000E+00 -0.18809869E-31
  0.59108911E+14  0.00000000E+00 -0.18772813E-31
  0.59158416E+14  0.00000000E+00 -0.18735874E-31
  0.59207921E+14  0.00000000E+00 -0.18699050E-31
  0.59257426E+14  0.00000000E+00 -0.18662342E-31
  0.59306931E+14  0.00000000E+00 -0.18625749E-31
  0.59356436E+14  0.00000000E+00 -0.18589271E-31
  0.59405941E+14  0.00000000E+00 -0.18552906E-31
  0.59455446E+14  0.00000000E+00 -0.18516655E-31
  0.59504950E+14  0.00000000E+00 -0.18480517E-31
  0.59554455E+14  0.00000000E+00 -0.18444492E-31
  0.59603960E+14  0.00000000E+00 -0.18408579E-31
  0.59653465E+14  0.00000000E+00 -0.18372777E-31
  0.59702970E+14  0.00000000E+00 -0.18337086E-31
  0.59752475E+14  0.00000000E+00 -0.18301505E-31
  0.59801980E+14  0.00000000E+00 -0.18266035E-31
  0.59851485E+14  0.00000000E+00 -0.18230674E-31
  0.59900990E+14  0.00000000E+00 -0.18195423E-31
  0.59950495E+14  0.00000000E+00 -0.18160280E-31
  0.60000000E+14  0.00000000E+00 -0.18125245E-31
  0.60049505E+14  0.00000000E+00 -0.18090318E-31
  0.60099010E+14  0.00000000E+00 -0.18055497E-31
  0.60148515E+14  0.00000000E+00 -0.18020784E-31
  0.60198020E+14  0.00000000E+00 -0.17986177E-31
  0.60247525E+14  0.00000000E+00 -0.17951676E-31
  0.60297030E+14  0.00000000E+00 -0.17917280E-31
  0.60346535E+14  0.00000000E+00 -0.17882989E-31
  0.60396040E+14  0.00000000E+00 -0.17848802E-31
  0.60445545E+14  0.00000000E+00 -0.17814719E-31
  0.60495050E+14  0.00000000E+00 -0.17780740E-31
  0.60544554E+14  0.00000000E+00 -0.17746864E-31
  0.60594059E+14  0.00000000E+00 -0.17713091E-31
  0.60643564E+14  0.00000000E+00 -0.17679419E-31
  0.60693069E+14  0.00000000E+00 -0.17645850E-31
  0.60742574E+14  0.00000000E+00 -0.17612382E-31
  0.60792079E+14  0.00000000E+00 -0.17579015E-31
  0.60841584E+14  0.00000000E+00 -0.17545748E-31
  0.60891089E+14  0.00000000E+00 -0.17512581E-31
  0.60940594E+14  0.00000000E+00 -0.17479514E-31
  0.60990099E+14  0.00000000E+00 -0.17446546E-31
  0.61039604E+14  0.00000000E+00 -0.17413677E-31
  0.61089109E+14  0.00000000E+00 -0.17380906E-31
  0.61138614E+14  0.00000000E+00 -0.17348233E-31
  0.61188119E+14  0.00000000E+00 -0.17315658E-31
  0.61237624E+14  0.00000000E+00 -0.17283180E-31
  0.61287129E+14  0.00000000E+00 -0.17250798E-31
  0.61336634E+14  0.00000000E+00 -0.17218513E-31
  0.61386139E+14  0.00000000E+00 -0.17186324E-31
  0.61435644E+14  0.00000000E+00 -0.17154230E-31
  0.61485149E+14  0.00000000E+00 -0.17122231E-31
  0.61534653E+14  0.00000000E+00 -0.17090327E-31
  0.61584158E+14  0.00000000E+00 -0.17058517E-31
  0.61633663E+14  0.00000000E+00 -0.17026802E-31
  0.61683168E+14  0.00000000E+00 -0.16995179E-31
  0.61732673E+14  0.00000000E+00 -0.16963650E-31
  0.61782178E+14  0.00000000E+00 -0.16932213E-31
  0.61831683E+14  0.00000000E+00 -0.16900869E-31
  0.61881188E+14  0.00000000E+00 -0.16869617E-31
  0.61930693E+14  0.00000000E+00 -0.16838456E-31
  0.61980198E+14  0.00000000E+00 -0.16807387E-31
  0.62029703E+14  0.00000000E+00 -0.16776408E-31
  0.62079208E+14  0.00000000E+00 -0.16745520E-31
  0.62128713E+14  0.00000000E+00 -0.16714722E-31
  0.62178218E+14  0.00000000E+00 -0.16684014E-31
  0.62227723E+14  0.00000000E+00 -0.16653395E-31
  0.62277228E+14  0.00000000E+00 -0.16622865E-31
  0.62326733E+14  0.00000000E+00 -0.16592424E-31
  0.62376238E+14  0.00000000E+00 -0.16562070E-31
  0.62425743E+14  0.00000000E+00 -0.16531805E-31
  0.62475248E+14  0.00000000E+00 -0.16501627E-31
  0.62524752E+14  0.00000000E+00 -0.16471537E-31
  0.62574257E+14  0.00000000E+00 -0.16441533E-31
  0.62623762E+14  0.00000000E+00 -0.16411616E-31
  0.62673267E+14  0.00000000E+00 -0.16381785E-31
  0.62722772E+14  0.00000000E+00 -0.16352039E-31
  0.62772277E+14  0.00000000E+00 -0.16322379E-31
  0.62821782E+14  0.00000000E+00 -0.16292805E-31
  0.62871287E+14  0.00000000E+00 -0.16263314E-31
  0.62920792E+14  0.00000000E+00 -0.16233909E-31
  0.62970297E+14  0.00000000E+00 -0.16204587E-31
  0.63019802E+14  0.00000000E+00 -0.16175349E-31
  0.63069307E+14  0.00000000E+00 -0.16146194E-31
  0.63118812E+14  0.00000000E+00 -0.16117123E-31
  0.63168317E+14  0.00000000E+00 -0.16088134E-31
  0.63217822E+14  0.00000000E+00 -0.16059227E-31
  0.63267327E+14  0.00000000E+00 -0.16030403E-31
  0.63316832E+14  0.00000000E+00 -0.16001660E-31
  0.63366337E+14  0.00000000E+00 -0.15972999E-31
  0.63415842E+14  0.00000000E+00 -0.15944419E-31
  0.63465347E+14  0.00000000E+00 -0.15915919E-31
  0.63514851E+14  0.00000000E+00 -0.15887500E-31
  0.63564356E+14  0.00000000E+00 -0.15859161E-31
  0.63613861E+14  0.00000000E+00 -0.15830902E-31
  0.63663366E+14  0.00000000E+00 -0.15802722E-31
  0.63712871E+14  0.00000000E+00 -0.15774622E-31
  0.63762376E+14  0.00000000E+00 -0.15746600E-31
  0.63811881E+14  0.00000000E+00 -0.15718657E-31
  0.63861386E+14  0.00000000E+00 -0.15690792E-31
  0.63910891E+14  0.00000000E+00 -0.15663005E-31
  0.63960396E+14  0.00000000E+00 -0.15635296E-31
  0.64009901E+14  0.00000000E+00 -0.15607663E-31
  0.64059406E+14  0.00000000E+00 -0.15580108E-31
  0.64108911E+14  0.00000000E+00 -0.15552630E-31
  0.64158416E+14  0.00000000E+00 -0.15525228E-31
  0.64207921E+14  0.00000000E+00 -0.15497902E-31
  0.64257426E+14  0.00000000E+00 -0.15470652E-31
  0.64306931E+14  0.00000000E+00 -0.15443478E-31
  0.64356436E+14  0.00000000E+00 -0.15416379E-31
  0.64405941E+14  0.00000000E+00 -0.15389354E-31
  0.64455446E+14  0.00000000E+00 -0.15362405E-31
  0.64504950E+14  0.00000000E+00 -0.15335529E-31
  0.64554455E+14  0.00000000E+00 -0.15308728E-31
  0.64603960E+14  0.00000000E+00 -0.15282000E-31
  0.64653465E+14  0.00000000E+00 -0.15255346E-31
  0.64702970E+14  0.00000000E+00 -0.15228766E-31
  0.64752475E+14  0.00000000E+00 -0.15202258E-31
  0.64801980E+14  0.00000000E+00 -0.15175823E-31
  0.64851485E+14  0.00000000E+00 -0.15149460E-31
  0.64900990E+14  0.00000000E+00 -0.15123169E-31
  0.64950495E+14  0.00000000E+00 -0.15096950E-31
  0.65000000E+14  0.00000000E+00 -0.15070803E-31
