  0.49504950E+11  0.10729120E-31 -0.33241590E-30
  0.99009901E+11  0.15171376E-31 -0.32822264E-30
  0.14851485E+12  0.24062617E-31 -0.32506609E-30
  0.19801980E+12  0.29327594E-31 -0.32380773E-30
  0.24752475E+12  0.29067719E-31 -0.30540725E-30
  0.29702970E+12  0.27880971E-31 -0.32112722E-30
  0.34653465E+12  0.48431876E-31 -0.31926462E-30
  0.39603960E+12  0.52307884E-31 -0.29555479E-30
  0.44554455E+12  0.36220744E-31 -0.30575372E-30
  0.49504950E+12  0.44117856E-31 -0.31701970E-30
  0.54455446E+12  0.62447094E-31 -0.31480834E-30
  0.59405941E+12  0.69341784E-31 -0.29435345E-30
  0.64356436E+12  0.58296475E-31 -0.29252591E-30
  0.69306931E+12  0.51376710E-31 -0.29568477E-30
  0.74257426E+12  0.59270315E-31 -0.30904545E-30
  0.79207921E+12  0.78325177E-31 -0.30353687E-30
  0.84158416E+12  0.74866111E-31 -0.29683494E-30
  0.89108911E+12  0.77295119E-31 -0.29420013E-30
  0.94059406E+12  0.81233643E-31 -0.29705632E-30
  0.99009901E+12  0.85694995E-31 -0.29209490E-30
  0.10396040E+13  0.82848843E-31 -0.29059404E-30
  0.10891089E+13  0.89560012E-31 -0.29440928E-30
  0.11386139E+13  0.95123038E-31 -0.29338239E-30
  0.11881188E+13  0.99504131E-31 -0.28980546E-30
  0.12376238E+13  0.10288437E-30 -0.28487939E-30
  0.12871287E+13  0.10231950E-30 -0.28490989E-30
  0.13366337E+13  0.10448277E-30 -0.28785428E-30
  0.13861386E+13  0.11157013E-30 -0.28716670E-30
  0.14356436E+13  0.11689230E-30 -0.28710490E-30
  0.14851485E+13  0.12287294E-30 -0.28084283E-30
  0.15346535E+13  0.12419487E-30 -0.27569173E-30
  0.15841584E+13  0.11969986E-30 -0.27252168E-30
  0.16336634E+13  0.11911834E-30 -0.28213729E-30
  0.16831683E+13  0.13239023E-30 -0.28527340E-30
  0.17326733E+13  0.14208329E-30 -0.27799605E-30
  0.17821782E+13  0.14062002E-30 -0.26909268E-30
  0.18316832E+13  0.13765782E-30 -0.27004797E-30
  0.18811881E+13  0.14286776E-30 -0.27394302E-30
  0.19306931E+13  0.14997411E-30 -0.27147869E-30
  0.19801980E+13  0.15197871E-30 -0.26750785E-30
  0.20297030E+13  0.15379873E-30 -0.26677201E-30
  0.20792079E+13  0.15758089E-30 -0.26828392E-30
  0.21287129E+13  0.16471110E-30 -0.26284858E-30
  0.21782178E+13  0.16311913E-30 -0.25891909E-30
  0.22277228E+13  0.16176867E-30 -0.26248884E-30
  0.22772277E+13  0.17009735E-30 -0.26720748E-30
  0.23267327E+13  0.18288237E-30 -0.26059517E-30
  0.23762376E+13  0.18265361E-30 -0.25058116E-30
  0.24257426E+13  0.17687796E-30 -0.24792666E-30
  0.24752475E+13  0.17682578E-30 -0.25440257E-30
  0.25247525E+13  0.18554093E-30 -0.25726456E-30
  0.25742574E+13  0.19390895E-30 -0.25264017E-30
  0.26237624E+13  0.19570158E-30 -0.24605918E-30
  0.26732673E+13  0.19617764E-30 -0.24569668E-30
  0.27227723E+13  0.19935850E-30 -0.24480535E-30
  0.27722772E+13  0.20400831E-30 -0.24327387E-30
  0.28217822E+13  0.20631905E-30 -0.24123988E-30
  0.28712871E+13  0.21004059E-30 -0.24013115E-30
  0.29207921E+13  0.21357612E-30 -0.23713491E-30
  0.29702970E+13  0.21792061E-30 -0.23442328E-30
  0.30198020E+13  0.21754123E-30 -0.23158906E-30
  0.30693069E+13  0.21958943E-30 -0.23202527E-30
  0.31188119E+13  0.22353231E-30 -0.23355463E-30
  0.31683168E+13  0.23215785E-30 -0.23183111E-30
  0.32178218E+13  0.23628696E-30 -0.22415930E-30
  0.32673267E+13  0.23582229E-30 -0.21871653E-30
  0.33168317E+13  0.23335440E-30 -0.21937250E-30
  0.33663366E+13  0.23757176E-30 -0.22269075E-30
  0.34158416E+13  0.24588563E-30 -0.22198838E-30
  0.34653465E+13  0.25074904E-30 -0.21488856E-30
  0.35148515E+13  0.25012134E-30 -0.21085481E-30
  0.35643564E+13  0.25114446E-30 -0.21100780E-30
  0.36138614E+13  0.25618480E-30 -0.21136444E-30
  0.36633663E+13  0.26096238E-30 -0.20745938E-30
  0.37128713E+13  0.26379933E-30 -0.20433376E-30
  0.37623762E+13  0.26543097E-30 -0.20157455E-30
  0.38118812E+13  0.26873432E-30 -0.20014146E-30
  0.38613861E+13  0.27123031E-30 -0.19705503E-30
  0.39108911E+13  0.27312666E-30 -0.19581479E-30
  0.39603960E+13  0.27631671E-30 -0.19569317E-30
  0.40099010E+13  0.28295714E-30 -0.19387618E-30
  0.40594059E+13  0.28804283E-30 -0.18835219E-30
  0.41089109E+13  0.28786157E-30 -0.18254731E-30
  0.41584158E+13  0.28720642E-30 -0.18154048E-30
  0.42079208E+13  0.28958219E-30 -0.18320190E-30
  0.42574257E+13  0.29757901E-30 -0.18260632E-30
  0.43069307E+13  0.30206576E-30 -0.17597203E-30
  0.43564356E+13  0.30221626E-30 -0.17070350E-30
  0.44059406E+13  0.30124276E-30 -0.17172946E-30
  0.44554455E+13  0.30776497E-30 -0.17251281E-30
  0.45049505E+13  0.31429896E-30 -0.16761793E-30
  0.45544554E+13  0.31611472E-30 -0.16098302E-30
  0.46039604E+13  0.31504547E-30 -0.15929218E-30
  0.46534653E+13  0.31842860E-30 -0.15935541E-30
  0.47029703E+13  0.32388267E-30 -0.15627390E-30
  0.47524752E+13  0.32527714E-30 -0.15200961E-30
  0.48019802E+13  0.32686599E-30 -0.15157045E-30
  0.48514851E+13  0.33295404E-30 -0.15045551E-30
  0.49009901E+13  0.33902297E-30 -0.14420438E-30
  0.49504950E+13  0.33766743E-30 -0.13894756E-30
  0.50000000E+13  0.33798454E-30 -0.13854249E-30
  0.50495050E+13  0.34343650E-30 -0.13894470E-30
  0.50990099E+13  0.34983584E-30 -0.13384847E-30
  0.51485149E+13  0.35031510E-30 -0.12794024E-30
  0.51980198E+13  0.35013631E-30 -0.12656186E-30
  0.52475248E+13  0.35477162E-30 -0.12727369E-30
  0.52970297E+13  0.36154901E-30 -0.12358727E-30
  0.53465347E+13  0.36403533E-30 -0.11734294E-30
  0.53960396E+13  0.36523490E-30 -0.11328562E-30
  0.54455446E+13  0.36696775E-30 -0.11165845E-30
  0.54950495E+13  0.37051805E-30 -0.11000297E-30
  0.55445545E+13  0.37459966E-30 -0.10629064E-30
  0.55940594E+13  0.37756167E-30 -0.10209288E-30
  0.56435644E+13  0.37959045E-30 -0.99707916E-31
  0.56930693E+13  0.38329451E-30 -0.97532966E-31
  0.57425743E+13  0.38814195E-30 -0.93086364E-31
  0.57920792E+13  0.39053580E-30 -0.87960740E-31
  0.58415842E+13  0.39180157E-30 -0.85420067E-31
  0.58910891E+13  0.39550727E-30 -0.83698023E-31
  0.59405941E+13  0.40016191E-30 -0.78649351E-31
  0.59900990E+13  0.40143334E-30 -0.73954431E-31
  0.60396040E+13  0.40307951E-30 -0.72860422E-31
  0.60891089E+13  0.40913070E-30 -0.71605966E-31
  0.61386139E+13  0.41482237E-30 -0.64243138E-31
  0.61881188E+13  0.41505713E-30 -0.58158348E-31
  0.62376238E+13  0.41553744E-30 -0.56870598E-31
  0.62871287E+13  0.42128034E-30 -0.55602660E-31
  0.63366337E+13  0.42639909E-30 -0.48960779E-31
  0.63861386E+13  0.42725765E-30 -0.43204429E-31
  0.64356436E+13  0.42817921E-30 -0.42228614E-31
  0.64851485E+13  0.43393222E-30 -0.40408861E-31
  0.65346535E+13  0.43972865E-30 -0.33974358E-31
  0.65841584E+13  0.44116297E-30 -0.27640856E-31
  0.66336634E+13  0.44298574E-30 -0.24796504E-31
  0.66831683E+13  0.44721014E-30 -0.21852991E-31
  0.67326733E+13  0.45148793E-30 -0.16153278E-31
  0.67821782E+13  0.45335750E-30 -0.10978439E-31
  0.68316832E+13  0.45570289E-30 -0.82913635E-32
  0.68811881E+13  0.46117024E-30 -0.54308418E-32
  0.69306931E+13  0.46592911E-30  0.14586169E-32
  0.69801980E+13  0.46779540E-30  0.75358714E-32
  0.70297030E+13  0.46990885E-30  0.10487716E-31
  0.70792079E+13  0.47548262E-30  0.14596989E-31
  0.71287129E+13  0.47917333E-30  0.22017198E-31
  0.71782178E+13  0.47960965E-30  0.27057842E-31
  0.72277228E+13  0.48295635E-30  0.28874858E-31
  0.72772277E+13  0.49009566E-30  0.33853611E-31
  0.73267327E+13  0.49341767E-30  0.42268928E-31
  0.73762376E+13  0.49428460E-30  0.47468511E-31
  0.74257426E+13  0.49831964E-30  0.50398385E-31
  0.74752475E+13  0.50463662E-30  0.57428172E-31
  0.75247525E+13  0.50597113E-30  0.65148779E-31
  0.75742574E+13  0.50728407E-30  0.68948014E-31
  0.76237624E+13  0.51299167E-30  0.72431115E-31
  0.76732673E+13  0.51856006E-30  0.80104623E-31
  0.77227723E+13  0.52084214E-30  0.87918396E-31
  0.77722772E+13  0.52324142E-30  0.92568077E-31
  0.78217822E+13  0.52853367E-30  0.98061837E-31
  0.78712871E+13  0.53295951E-30  0.10706486E-30
  0.79207921E+13  0.53379861E-30  0.11405048E-30
  0.79702970E+13  0.53678380E-30  0.11753647E-30
  0.80198020E+13  0.54396312E-30  0.12416944E-30
  0.80693069E+13  0.54709307E-30  0.13386699E-30
  0.81188119E+13  0.54808094E-30  0.14034888E-30
  0.81683168E+13  0.55367937E-30  0.14510802E-30
  0.82178218E+13  0.55969284E-30  0.15524299E-30
  0.82673267E+13  0.56012296E-30  0.16490854E-30
  0.83168317E+13  0.56184158E-30  0.16921247E-30
  0.83663366E+13  0.56910921E-30  0.17578782E-30
  0.84158416E+13  0.57280330E-30  0.18718009E-30
  0.84653465E+13  0.57341785E-30  0.19472716E-30
  0.85148515E+13  0.57879544E-30  0.20029840E-30
  0.85643564E+13  0.58536506E-30  0.21152029E-30
  0.86138614E+13  0.58600716E-30  0.22281265E-30
  0.86633663E+13  0.58706182E-30  0.22847563E-30
  0.87128713E+13  0.59443981E-30  0.23673492E-30
  0.87623762E+13  0.59730585E-30  0.24916169E-30
  0.88118812E+13  0.59779434E-30  0.25763897E-30
  0.88613861E+13  0.60344861E-30  0.26470507E-30
  0.89108911E+13  0.60955287E-30  0.27787399E-30
  0.89603960E+13  0.60938018E-30  0.28961972E-30
  0.90099010E+13  0.61176552E-30  0.29735904E-30
  0.90594059E+13  0.61826822E-30  0.30835161E-30
  0.91089109E+13  0.61949679E-30  0.32208793E-30
  0.91584158E+13  0.61994433E-30  0.33028695E-30
  0.92079208E+13  0.62735099E-30  0.34052800E-30
  0.92574257E+13  0.62974347E-30  0.35686144E-30
  0.93069307E+13  0.62836460E-30  0.36728013E-30
  0.93564356E+13  0.63504656E-30  0.37710462E-30
  0.94059406E+13  0.63694316E-30  0.39453455E-30
  0.94554455E+13  0.63451106E-30  0.40459164E-30
  0.95049505E+13  0.64200264E-30  0.41468912E-30
  0.95544554E+13  0.64387032E-30  0.43315016E-30
  0.96039604E+13  0.64266079E-30  0.44424986E-30
  0.96534653E+13  0.64802255E-30  0.45775942E-30
  0.97029703E+13  0.64783273E-30  0.47464340E-30
  0.97524752E+13  0.64772024E-30  0.48822994E-30
  0.98019802E+13  0.65025823E-30  0.50003397E-30
  0.98514851E+13  0.65389519E-30  0.51855697E-30
  0.99009901E+13  0.64882797E-30  0.53179080E-30
  0.99504950E+13  0.65703442E-30  0.54545767E-30
  0.10000000E+14  0.65487998E-30  0.56394556E-30
  0.10049505E+14  0.65344539E-30  0.57786690E-30
  0.10099010E+14  0.66000946E-30  0.59144727E-30
  0.10148515E+14  0.65980153E-30  0.60859899E-30
  0.10198020E+14  0.66149784E-30  0.61603758E-30
  0.10247525E+14  0.68293031E-30  0.63135304E-30
  0.10297030E+14  0.69151626E-30  0.66285376E-30
  0.10346535E+14  0.70241510E-30  0.69216924E-30
  0.10396040E+14  0.70146872E-30  0.73199290E-30
  0.10445545E+14  0.69659157E-30  0.76168835E-30
  0.10495050E+14  0.69726625E-30  0.79963705E-30
  0.10544554E+14  0.68348806E-30  0.83253775E-30
  0.10594059E+14  0.67847969E-30  0.86537860E-30
  0.10643564E+14  0.66182867E-30  0.90178589E-30
  0.10693069E+14  0.64899000E-30  0.93250662E-30
  0.10742574E+14  0.63016959E-30  0.96904178E-30
  0.10792079E+14  0.61082311E-30  0.99749841E-30
  0.10841584E+14  0.59106484E-30  0.10317727E-29
  0.10891089E+14  0.56614570E-30  0.10593685E-29
  0.10940594E+14  0.54285282E-30  0.10908294E-29
  0.10990099E+14  0.51517093E-30  0.11190528E-29
  0.11039604E+14  0.48812082E-30  0.11476572E-29
  0.11089109E+14  0.45540510E-30  0.11737371E-29
  0.11138614E+14  0.42337276E-30  0.11991500E-29
  0.11188119E+14  0.38838883E-30  0.12225049E-29
  0.11237624E+14  0.35421336E-30  0.12452743E-29
  0.11287129E+14  0.31663106E-30  0.12654695E-29
  0.11336634E+14  0.27569773E-30  0.12857828E-29
  0.11386139E+14  0.23347824E-30  0.13028645E-29
  0.11435644E+14  0.19209107E-30  0.13177688E-29
  0.11485149E+14  0.14660649E-30  0.13298293E-29
  0.11534653E+14  0.98487163E-31  0.13386168E-29
  0.11584158E+14  0.50349927E-31  0.13466327E-29
  0.11633663E+14  0.11414929E-33  0.13512047E-29
  0.11683168E+14 -0.51486755E-31  0.13505682E-29
  0.11732673E+14 -0.10556259E-30  0.13458236E-29
  0.11782178E+14 -0.16039895E-30  0.13361689E-29
  0.11831683E+14 -0.21577290E-30  0.13210100E-29
  0.11881188E+14 -0.26766404E-30  0.13001937E-29
  0.11930693E+14 -0.32261532E-30  0.12714453E-29
  0.11980198E+14 -0.37091984E-30  0.12425035E-29
  0.12029703E+14 -0.42618617E-30  0.12094255E-29
  0.12079208E+14 -0.48942181E-30  0.11670962E-29
  0.12128713E+14 -0.55850097E-30  0.11032558E-29
  0.12178218E+14 -0.63880444E-30  0.10017297E-29
  0.12227723E+14 -0.72649243E-30  0.76712078E-30
  0.12277228E+14 -0.42597786E-30  0.57826029E-30
  0.12326733E+14 -0.30782997E-30  0.65041004E-30
  0.12376238E+14 -0.24697621E-30  0.69130889E-30
  0.12425743E+14 -0.20725214E-30  0.72479297E-30
  0.12475248E+14 -0.18139385E-30  0.75289724E-30
  0.12524752E+14 -0.16270076E-30  0.78073594E-30
  0.12574257E+14 -0.15092787E-30  0.80412701E-30
  0.12623762E+14 -0.14271011E-30  0.82738791E-30
  0.12673267E+14 -0.13831010E-30  0.84771381E-30
  0.12722772E+14 -0.13427990E-30  0.86865665E-30
  0.12772277E+14 -0.13465347E-30  0.88948756E-30
  0.12821782E+14 -0.13548792E-30  0.90829060E-30
  0.12871287E+14 -0.13909718E-30  0.92846606E-30
  0.12920792E+14 -0.14467192E-30  0.94591703E-30
  0.12970297E+14 -0.14930478E-30  0.96371226E-30
  0.13019802E+14 -0.15587792E-30  0.98289830E-30
  0.13069307E+14 -0.16497138E-30  0.10005269E-29
  0.13118812E+14 -0.17376090E-30  0.10183987E-29
  0.13168317E+14 -0.18405813E-30  0.10360046E-29
  0.13217822E+14 -0.19550670E-30  0.10525461E-29
  0.13267327E+14 -0.20608999E-30  0.10698825E-29
  0.13316832E+14 -0.21851523E-30  0.10881260E-29
  0.13366337E+14 -0.23286132E-30  0.11053329E-29
  0.13415842E+14 -0.24681593E-30  0.11216111E-29
  0.13465347E+14 -0.26077566E-30  0.11386594E-29
  0.13514851E+14 -0.27580281E-30  0.11557669E-29
  0.13564356E+14 -0.29059410E-30  0.11729596E-29
  0.13613861E+14 -0.30583705E-30  0.11912076E-29
  0.13663366E+14 -0.32231094E-30  0.12097053E-29
  0.13712871E+14 -0.33874467E-30  0.12281233E-29
  0.13762376E+14 -0.35458315E-30  0.12479279E-29
  0.13811881E+14 -0.37193783E-30  0.12696304E-29
  0.13861386E+14 -0.39096508E-30  0.12916761E-29
  0.13910891E+14 -0.40966559E-30  0.13134354E-29
  0.13960396E+14 -0.42801180E-30  0.13374224E-29
  0.14009901E+14 -0.44754108E-30  0.13639121E-29
  0.14059406E+14 -0.46855171E-30  0.13915046E-29
  0.14108911E+14 -0.48976185E-30  0.14206032E-29
  0.14158416E+14 -0.51121918E-30  0.14523877E-29
  0.14207921E+14 -0.53368510E-30  0.14873284E-29
  0.14257426E+14 -0.55677921E-30  0.15260502E-29
  0.14306931E+14 -0.58128729E-30  0.15687412E-29
  0.14356436E+14 -0.60675168E-30  0.16162218E-29
  0.14405941E+14 -0.63258905E-30  0.16701071E-29
  0.14455446E+14 -0.65955846E-30  0.17330179E-29
  0.14504950E+14 -0.68924325E-30  0.18061430E-29
  0.14554455E+14 -0.72013351E-30  0.18919958E-29
  0.14603960E+14 -0.75334258E-30  0.19968042E-29
  0.14653465E+14 -0.78914185E-30  0.21273805E-29
  0.14702970E+14 -0.83095516E-30  0.22954631E-29
  0.14752475E+14 -0.87992449E-30  0.25102796E-29
  0.14801980E+14 -0.68901717E-30  0.28190663E-29
  0.14851485E+14 -0.79079559E-30  0.45819015E-29
  0.14900990E+14 -0.39267585E-29  0.40985314E-29
  0.14950495E+14 -0.39236303E-29  0.28247424E-29
  0.15000000E+14 -0.40387324E-29  0.23083390E-29
  0.15049505E+14 -0.41935435E-29  0.18808958E-29
  0.15099010E+14 -0.43856017E-29  0.15079790E-29
  0.15148515E+14 -0.46493838E-29  0.10527470E-29
  0.15198020E+14 -0.49503920E-29  0.41278341E-30
  0.15247525E+14 -0.52182272E-29 -0.11011668E-29
  0.15297030E+14 -0.34045116E-29 -0.14145275E-29
  0.15346535E+14 -0.30363071E-29 -0.11114231E-29
  0.15396040E+14 -0.28557124E-29 -0.10218927E-29
  0.15445545E+14 -0.27175078E-29 -0.99192324E-30
  0.15495050E+14 -0.26088033E-29 -0.10089724E-29
  0.15544554E+14 -0.25094013E-29 -0.10287638E-29
  0.15594059E+14 -0.24101470E-29 -0.10700246E-29
  0.15643564E+14 -0.23292854E-29 -0.10971548E-29
  0.15693069E+14 -0.22478930E-29 -0.11464467E-29
  0.15742574E+14 -0.21704343E-29 -0.12065039E-29
  0.15792079E+14 -0.20656852E-29 -0.12811817E-29
  0.15841584E+14 -0.19084314E-29 -0.13214285E-29
  0.15891089E+14 -0.17809091E-29 -0.13170063E-29
  0.15940594E+14 -0.16693509E-29 -0.12974696E-29
  0.15990099E+14 -0.15745776E-29 -0.12594106E-29
  0.16039604E+14 -0.15012485E-29 -0.12090799E-29
  0.16089109E+14 -0.14461543E-29 -0.11612845E-29
  0.16138614E+14 -0.14265327E-29 -0.11035108E-29
  0.16188119E+14 -0.14251089E-29 -0.10814225E-29
  0.16237624E+14 -0.14376711E-29 -0.10649204E-29
  0.16287129E+14 -0.14374732E-29 -0.10547837E-29
  0.16336634E+14 -0.14648060E-29 -0.10535808E-29
  0.16386139E+14 -0.15054560E-29 -0.10628159E-29
  0.16435644E+14 -0.15790184E-29 -0.10994659E-29
  0.16485149E+14 -0.16746644E-29 -0.11619123E-29
  0.16534653E+14 -0.18754463E-29 -0.13833822E-29
  0.16584158E+14 -0.17000380E-29 -0.17678158E-29
  0.16633663E+14 -0.15067218E-29 -0.19106350E-29
  0.16683168E+14 -0.13861572E-29 -0.20935085E-29
  0.16732673E+14 -0.84865828E-30 -0.24529356E-29
  0.16782178E+14 -0.42229222E-30 -0.21596192E-29
  0.16831683E+14 -0.31315806E-30 -0.18782974E-29
  0.16881188E+14 -0.11357189E-30 -0.16039309E-29
  0.16930693E+14 -0.26992559E-30 -0.14022456E-29
  0.16980198E+14 -0.35176691E-30 -0.13989896E-29
  0.17029703E+14 -0.31639092E-30 -0.13974020E-29
  0.17079208E+14 -0.29005116E-30 -0.13631230E-29
  0.17128713E+14 -0.27351236E-30 -0.13368059E-29
  0.17178218E+14 -0.27505985E-30 -0.13223388E-29
  0.17227723E+14 -0.25658746E-30 -0.13346408E-29
  0.17277228E+14 -0.22248847E-30 -0.14069522E-29
  0.17326733E+14 -0.92342913E-31 -0.15176527E-29
  0.17376238E+14  0.40687854E-30 -0.14771184E-29
  0.17425743E+14  0.56172532E-30 -0.95247764E-30
  0.17475248E+14  0.15469692E-30 -0.71689112E-30
  0.17524752E+14  0.28243134E-31 -0.73726578E-30
  0.17574257E+14 -0.29188174E-31 -0.74613532E-30
  0.17623762E+14 -0.68289114E-31 -0.74961026E-30
  0.17673267E+14 -0.94350411E-31 -0.75542342E-30
  0.17722772E+14 -0.11112174E-30 -0.76172679E-30
  0.17772277E+14 -0.12020070E-30 -0.76941554E-30
  0.17821782E+14 -0.12175098E-30 -0.77845783E-30
  0.17871287E+14 -0.11700926E-30 -0.78706662E-30
  0.17920792E+14 -0.10241385E-30 -0.79603896E-30
  0.17970297E+14 -0.81073456E-31 -0.80595894E-30
  0.18019802E+14 -0.32923468E-31 -0.80376750E-30
  0.18069307E+14  0.25192051E-31 -0.76493265E-30
  0.18118812E+14  0.19257072E-31 -0.66062587E-30
  0.18168317E+14 -0.27223079E-31 -0.64476031E-30
  0.18217822E+14 -0.44292640E-31 -0.64138571E-30
  0.18267327E+14 -0.53439572E-31 -0.63657492E-30
  0.18316832E+14 -0.57772788E-31 -0.63264776E-30
  0.18366337E+14 -0.60214506E-31 -0.62768376E-30
  0.18415842E+14 -0.60886861E-31 -0.62284902E-30
  0.18465347E+14 -0.60214900E-31 -0.61729004E-30
  0.18514851E+14 -0.60455138E-31 -0.61118297E-30
  0.18564356E+14 -0.58961006E-31 -0.60580751E-30
  0.18613861E+14 -0.57860744E-31 -0.59973388E-30
  0.18663366E+14 -0.56931454E-31 -0.59328750E-30
  0.18712871E+14 -0.55380300E-31 -0.58732823E-30
  0.18762376E+14 -0.54702668E-31 -0.58109247E-30
  0.18811881E+14 -0.54333364E-31 -0.57548414E-30
  0.18861386E+14 -0.53902197E-31 -0.56970621E-30
  0.18910891E+14 -0.53830361E-31 -0.56420304E-30
  0.18960396E+14 -0.54616814E-31 -0.55967313E-30
  0.19009901E+14 -0.55827705E-31 -0.55611894E-30
  0.19059406E+14 -0.55833580E-31 -0.55585141E-30
  0.19108911E+14 -0.53340287E-31 -0.55386259E-30
  0.19158416E+14 -0.50901638E-31 -0.55126290E-30
  0.19207921E+14 -0.48665456E-31 -0.54844339E-30
  0.19257426E+14 -0.46402614E-31 -0.54591837E-30
  0.19306931E+14 -0.43861129E-31 -0.54329598E-30
  0.19356436E+14 -0.41379608E-31 -0.54058615E-30
  0.19405941E+14 -0.38986576E-31 -0.53808540E-30
  0.19455446E+14 -0.36301102E-31 -0.53569810E-30
  0.19504950E+14 -0.33596682E-31 -0.53334831E-30
  0.19554455E+14 -0.30937710E-31 -0.53099005E-30
  0.19603960E+14 -0.27989473E-31 -0.52882213E-30
  0.19653465E+14 -0.25121687E-31 -0.52644005E-30
  0.19702970E+14 -0.22233537E-31 -0.52441767E-30
  0.19752475E+14 -0.19208012E-31 -0.52231473E-30
  0.19801980E+14 -0.16019805E-31 -0.52023943E-30
  0.19851485E+14 -0.12915504E-31 -0.51828277E-30
  0.19900990E+14 -0.97873212E-32 -0.51623960E-30
  0.19950495E+14 -0.63586618E-32 -0.51436721E-30
  0.20000000E+14 -0.31404957E-32 -0.51248080E-30
  0.20049505E+14  0.40010115E-33 -0.51065999E-30
  0.20099010E+14  0.39713384E-32 -0.50883438E-30
  0.20148515E+14  0.73838576E-32 -0.50690410E-30
  0.20198020E+14  0.11210184E-31 -0.50516445E-30
  0.20247525E+14  0.14825789E-31 -0.50339838E-30
  0.20297030E+14  0.18570279E-31 -0.50153554E-30
  0.20346535E+14  0.22620244E-31 -0.49983955E-30
  0.20396040E+14  0.26447157E-31 -0.49796037E-30
  0.20445545E+14  0.30507073E-31 -0.49612042E-30
  0.20495050E+14  0.34565309E-31 -0.49433229E-30
  0.20544554E+14  0.38669900E-31 -0.49238180E-30
  0.20594059E+14  0.43047314E-31 -0.49047471E-30
  0.20643564E+14  0.47363638E-31 -0.48856158E-30
  0.20693069E+14  0.51878590E-31 -0.48640981E-30
  0.20742574E+14  0.56501721E-31 -0.48409801E-30
  0.20792079E+14  0.60638581E-31 -0.48176243E-30
  0.20841584E+14  0.64931986E-31 -0.47958767E-30
  0.20891089E+14  0.69434484E-31 -0.47729875E-30
  0.20940594E+14  0.73984735E-31 -0.47498652E-30
  0.20990099E+14  0.78506572E-31 -0.47251857E-30
  0.21039604E+14  0.83157746E-31 -0.47008035E-30
  0.21089109E+14  0.87754410E-31 -0.46745645E-30
  0.21138614E+14  0.92430110E-31 -0.46488085E-30
  0.21188119E+14  0.97202744E-31 -0.46207324E-30
  0.21237624E+14  0.10198939E-30 -0.45926603E-30
  0.21287129E+14  0.10694374E-30 -0.45637155E-30
  0.21336634E+14  0.11193079E-30 -0.45323293E-30
  0.21386139E+14  0.11687486E-30 -0.45002547E-30
  0.21435644E+14  0.12176321E-30 -0.44654089E-30
  0.21485149E+14  0.12654952E-30 -0.44298908E-30
  0.21534653E+14  0.13156579E-30 -0.43934812E-30
  0.21584158E+14  0.13656242E-30 -0.43544809E-30
  0.21633663E+14  0.14141199E-30 -0.43141207E-30
  0.21683168E+14  0.14635167E-30 -0.42706641E-30
  0.21732673E+14  0.15112114E-30 -0.42258596E-30
  0.21782178E+14  0.15568577E-30 -0.41784654E-30
  0.21831683E+14  0.16064014E-30 -0.41283905E-30
  0.21881188E+14  0.16529246E-30 -0.40759413E-30
  0.21930693E+14  0.16960376E-30 -0.40192748E-30
  0.21980198E+14  0.17386410E-30 -0.39608664E-30
  0.22029703E+14  0.17772456E-30 -0.38980295E-30
  0.22079208E+14  0.18131499E-30 -0.38301989E-30
  0.22128713E+14  0.18425065E-30 -0.37577782E-30
  0.22178218E+14  0.18564917E-30 -0.36855144E-30
  0.22227723E+14  0.18641092E-30 -0.36224137E-30
  0.22277228E+14  0.18716953E-30 -0.35673438E-30
  0.22326733E+14  0.18803193E-30 -0.35145269E-30
  0.22376238E+14  0.18891447E-30 -0.34623003E-30
  0.22425743E+14  0.18943779E-30 -0.34153780E-30
  0.22475248E+14  0.19010145E-30 -0.33690343E-30
  0.22524752E+14  0.19073980E-30 -0.33238435E-30
  0.22574257E+14  0.19154621E-30 -0.32802375E-30
  0.22623762E+14  0.19232136E-30 -0.32362743E-30
  0.22673267E+14  0.19286779E-30 -0.31955502E-30
  0.22722772E+14  0.19339022E-30 -0.31550850E-30
  0.22772277E+14  0.19418855E-30 -0.31157216E-30
  0.22821782E+14  0.19466104E-30 -0.30769435E-30
  0.22871287E+14  0.19528703E-30 -0.30380520E-30
  0.22920792E+14  0.19585649E-30 -0.30005096E-30
  0.22970297E+14  0.19635831E-30 -0.29633438E-30
  0.23019802E+14  0.19669371E-30 -0.29273095E-30
  0.23069307E+14  0.19742554E-30 -0.28933720E-30
  0.23118812E+14  0.19802674E-30 -0.28579072E-30
  0.23168317E+14  0.19849045E-30 -0.28230400E-30
  0.23217822E+14  0.19894096E-30 -0.27882890E-30
  0.23267327E+14  0.19930229E-30 -0.27545837E-30
  0.23316832E+14  0.19973269E-30 -0.27225863E-30
  0.23366337E+14  0.20020952E-30 -0.26907706E-30
  0.23415842E+14  0.20070158E-30 -0.26581284E-30
  0.23465347E+14  0.20118698E-30 -0.26258766E-30
  0.23514851E+14  0.20140965E-30 -0.25936055E-30
  0.23564356E+14  0.20176948E-30 -0.25630959E-30
  0.23613861E+14  0.20210969E-30 -0.25337532E-30
  0.23663366E+14  0.20252749E-30 -0.25041600E-30
  0.23712871E+14  0.20299521E-30 -0.24737209E-30
  0.23762376E+14  0.20330567E-30 -0.24430987E-30
  0.23811881E+14  0.20351362E-30 -0.24139598E-30
  0.23861386E+14  0.20375128E-30 -0.23858930E-30
  0.23910891E+14  0.20411696E-30 -0.23585017E-30
  0.23960396E+14  0.20443736E-30 -0.23305864E-30
  0.24009901E+14  0.20487765E-30 -0.23017426E-30
  0.24059406E+14  0.20506964E-30 -0.22735609E-30
  0.24108911E+14  0.20521929E-30 -0.22456909E-30
  0.24158416E+14  0.20539329E-30 -0.22200666E-30
  0.24207921E+14  0.20570821E-30 -0.21940857E-30
  0.24257426E+14  0.20605361E-30 -0.21680109E-30
  0.24306931E+14  0.20629531E-30 -0.21403263E-30
  0.24356436E+14  0.20645829E-30 -0.21137294E-30
  0.24405941E+14  0.20647426E-30 -0.20883160E-30
  0.24455446E+14  0.20671001E-30 -0.20644060E-30
  0.24504950E+14  0.20698724E-30 -0.20399061E-30
  0.24554455E+14  0.20729049E-30 -0.20144241E-30
  0.24603960E+14  0.20746319E-30 -0.19883401E-30
  0.24653465E+14  0.20749940E-30 -0.19632707E-30
  0.24702970E+14  0.20754928E-30 -0.19401099E-30
  0.24752475E+14  0.20771634E-30 -0.19174138E-30
  0.24801980E+14  0.20801484E-30 -0.18941632E-30
  0.24851485E+14  0.20826202E-30 -0.18694185E-30
  0.24900990E+14  0.20834210E-30 -0.18446713E-30
  0.24950495E+14  0.20830161E-30 -0.18212303E-30
  0.25000000E+14  0.20836767E-30 -0.17998273E-30
  0.25049505E+14  0.20855729E-30 -0.17783281E-30
  0.25099010E+14  0.20885113E-30 -0.17554911E-30
  0.25148515E+14  0.20899469E-30 -0.17311707E-30
  0.25198020E+14  0.20894198E-30 -0.17082041E-30
  0.25247525E+14  0.20889161E-30 -0.16871444E-30
  0.25297030E+14  0.20904556E-30 -0.16666727E-30
  0.25346535E+14  0.20925242E-30 -0.16454952E-30
  0.25396040E+14  0.20947444E-30 -0.16226171E-30
  0.25445545E+14  0.20946307E-30 -0.15997497E-30
  0.25495050E+14  0.20937402E-30 -0.15783988E-30
  0.25544554E+14  0.20938948E-30 -0.15593911E-30
  0.25594059E+14  0.20956432E-30 -0.15393322E-30
  0.25643564E+14  0.20986097E-30 -0.15182919E-30
  0.25693069E+14  0.20986284E-30 -0.14954457E-30
  0.25742574E+14  0.20978992E-30 -0.14741906E-30
  0.25792079E+14  0.20967624E-30 -0.14556704E-30
  0.25841584E+14  0.20986583E-30 -0.14369810E-30
  0.25891089E+14  0.21011542E-30 -0.14168789E-30
  0.25940594E+14  0.21020038E-30 -0.13945988E-30
  0.25990099E+14  0.21011582E-30 -0.13737418E-30
  0.26039604E+14  0.20996601E-30 -0.13550373E-30
  0.26089109E+14  0.21006015E-30 -0.13372618E-30
  0.26138614E+14  0.21030187E-30 -0.13185317E-30
  0.26188119E+14  0.21045381E-30 -0.12972183E-30
  0.26237624E+14  0.21038927E-30 -0.12761825E-30
  0.26287129E+14  0.21019092E-30 -0.12577262E-30
  0.26336634E+14  0.21022646E-30 -0.12407244E-30
  0.26386139E+14  0.21049767E-30 -0.12230378E-30
  0.26435644E+14  0.21070733E-30 -0.12016838E-30
  0.26485149E+14  0.21060068E-30 -0.11809821E-30
  0.26534653E+14  0.21038043E-30 -0.11630296E-30
  0.26584158E+14  0.21043115E-30 -0.11467513E-30
  0.26633663E+14  0.21066120E-30 -0.11290177E-30
  0.26683168E+14  0.21086845E-30 -0.11084810E-30
  0.26732673E+14  0.21074708E-30 -0.10882997E-30
  0.26782178E+14  0.21058803E-30 -0.10707039E-30
  0.26831683E+14  0.21060896E-30 -0.10546304E-30
  0.26881188E+14  0.21087124E-30 -0.10371531E-30
  0.26930693E+14  0.21105357E-30 -0.10168325E-30
  0.26980198E+14  0.21091653E-30 -0.99672684E-31
  0.27029703E+14  0.21072653E-30 -0.97986892E-31
  0.27079208E+14  0.21082388E-30 -0.96421465E-31
  0.27128713E+14  0.21114233E-30 -0.94643047E-31
  0.27178218E+14  0.21119004E-30 -0.92555549E-31
  0.27227723E+14  0.21098570E-30 -0.90664880E-31
  0.27277228E+14  0.21085150E-30 -0.89127902E-31
  0.27326733E+14  0.21110514E-30 -0.87495556E-31
  0.27376238E+14  0.21140515E-30 -0.85575352E-31
  0.27425743E+14  0.21128370E-30 -0.83555527E-31
  0.27475248E+14  0.21108214E-30 -0.81821386E-31
  0.27524752E+14  0.21114751E-30 -0.80263675E-31
  0.27574257E+14  0.21139409E-30 -0.78556979E-31
  0.27623762E+14  0.21153877E-30 -0.76529600E-31
  0.27673267E+14  0.21138637E-30 -0.74591094E-31
  0.27722772E+14  0.21121468E-30 -0.73047417E-31
  0.27772277E+14  0.21143499E-30 -0.71487332E-31
  0.27821782E+14  0.21182021E-30 -0.69520575E-31
  0.27871287E+14  0.21165857E-30 -0.67427885E-31
  0.27920792E+14  0.21134593E-30 -0.65773996E-31
  0.27970297E+14  0.21152109E-30 -0.64315934E-31
  0.28019802E+14  0.21197094E-30 -0.62460773E-31
  0.28069307E+14  0.21192185E-30 -0.60268181E-31
  0.28118812E+14  0.21154844E-30 -0.58499005E-31
  0.28168317E+14  0.21163343E-30 -0.57040877E-31
  0.28217822E+14  0.21201998E-30 -0.55283404E-31
  0.28267327E+14  0.21213675E-30 -0.53120430E-31
  0.28316832E+14  0.21185477E-30 -0.51193080E-31
  0.28366337E+14  0.21175535E-30 -0.49659872E-31
  0.28415842E+14  0.21209474E-30 -0.48015944E-31
  0.28465347E+14  0.21236897E-30 -0.45820294E-31
  0.28514851E+14  0.21204389E-30 -0.43738511E-31
  0.28564356E+14  0.21185872E-30 -0.42230910E-31
  0.28613861E+14  0.21226378E-30 -0.40600933E-31
  0.28663366E+14  0.21253634E-30 -0.38273175E-31
  0.28712871E+14  0.21209281E-30 -0.36258328E-31
  0.28762376E+14  0.21203665E-30 -0.34787197E-31
  0.28811881E+14  0.21252876E-30 -0.32922712E-31
  0.28861386E+14  0.21256551E-30 -0.30545379E-31
  0.28910891E+14  0.21210519E-30 -0.28672226E-31
  0.28960396E+14  0.21227042E-30 -0.27075117E-31
  0.29009901E+14  0.21270478E-30 -0.24985086E-31
  0.29059406E+14  0.21249233E-30 -0.22647022E-31
  0.29108911E+14  0.21219001E-30 -0.20859594E-31
  0.29158416E+14  0.21242061E-30 -0.19149506E-31
  0.29207921E+14  0.21275249E-30 -0.16798874E-31
  0.29257426E+14  0.21234839E-30 -0.14501267E-31
  0.29306931E+14  0.21220111E-30 -0.12864694E-31
  0.29356436E+14  0.21271689E-30 -0.10882681E-31
  0.29405941E+14  0.21257277E-30 -0.81672713E-32
  0.29455446E+14  0.21199823E-30 -0.62821299E-32
  0.29504950E+14  0.21233861E-30 -0.46104691E-32
  0.29554455E+14  0.21264706E-30 -0.18691997E-32
  0.29603960E+14  0.21193802E-30  0.41662916E-33
  0.29653465E+14  0.21203678E-30  0.20767271E-32
  0.29702970E+14  0.21250567E-30  0.46457458E-32
  0.29752475E+14  0.21184874E-30  0.71765130E-32
  0.29801980E+14  0.21172506E-30  0.90266037E-32
  0.29851485E+14  0.21216095E-30  0.11466675E-31
  0.29900990E+14  0.21167457E-30  0.14175832E-31
  0.29950495E+14  0.21126530E-30  0.16188545E-31
  0.30000000E+14  0.21169302E-30  0.18552302E-31
  0.30049505E+14  0.21124070E-30  0.21520197E-31
  0.30099010E+14  0.21071891E-30  0.23489560E-31
  0.30148515E+14  0.21121818E-30  0.26067634E-31
  0.30198020E+14  0.21039203E-30  0.29149515E-31
  0.30247525E+14  0.21000144E-30  0.30998388E-31
  0.30297030E+14  0.21042776E-30  0.34002890E-31
  0.30346535E+14  0.20922953E-30  0.36872723E-31
  0.30396040E+14  0.20934995E-30  0.38902275E-31
  0.30445545E+14  0.20926188E-30  0.42433388E-31
  0.30495050E+14  0.20818087E-30  0.44802701E-31
  0.30544554E+14  0.20852173E-30  0.47456215E-31
  0.30594059E+14  0.20748614E-30  0.50817740E-31
  0.30643564E+14  0.20689132E-30  0.53130138E-31
  0.30693069E+14  0.20690012E-30  0.56508216E-31
  0.30742574E+14  0.20554232E-30  0.59357501E-31
  0.30792079E+14  0.20560788E-30  0.62092639E-31
  0.30841584E+14  0.20429058E-30  0.65736087E-31
  0.30891089E+14  0.20368638E-30  0.68038850E-31
  0.30940594E+14  0.20298044E-30  0.71845672E-31
  0.30990099E+14  0.20149833E-30  0.74067529E-31
  0.31039604E+14  0.20136257E-30  0.77799024E-31
  0.31089109E+14  0.19939775E-30  0.80004412E-31
  0.31138614E+14  0.19935332E-30  0.83183875E-31
  0.31188119E+14  0.19719735E-30  0.84233498E-31
  0.31237624E+14  0.20060908E-30  0.86631720E-31
  0.31287129E+14  0.20091321E-30  0.90782261E-31
  0.31336634E+14  0.20199973E-30  0.96614042E-31
  0.31386139E+14  0.20131453E-30  0.10077835E-30
  0.31435644E+14  0.20126679E-30  0.10741803E-30
  0.31485149E+14  0.20043306E-30  0.11240600E-30
  0.31534653E+14  0.19834467E-30  0.11897379E-30
  0.31584158E+14  0.19752895E-30  0.12502757E-30
  0.31633663E+14  0.19480999E-30  0.13099960E-30
  0.31683168E+14  0.19258673E-30  0.13798748E-30
  0.31732673E+14  0.19021775E-30  0.14430408E-30
  0.31782178E+14  0.18540409E-30  0.15083506E-30
  0.31831683E+14  0.18131737E-30  0.15791839E-30
  0.31881188E+14  0.17762692E-30  0.16465704E-30
  0.31930693E+14  0.17356290E-30  0.17172694E-30
  0.31980198E+14  0.16756877E-30  0.17840324E-30
  0.32029703E+14  0.16049254E-30  0.18566139E-30
  0.32079208E+14  0.15393825E-30  0.19299555E-30
  0.32128713E+14  0.14551002E-30  0.20046546E-30
  0.32178218E+14  0.13782922E-30  0.20733868E-30
  0.32227723E+14  0.12768245E-30  0.21561690E-30
  0.32277228E+14  0.11473242E-30  0.22266690E-30
  0.32326733E+14  0.10333462E-30  0.23180672E-30
  0.32376238E+14  0.85542428E-31  0.24271651E-30
  0.32425743E+14  0.58282398E-31  0.25178415E-30
  0.32475248E+14  0.00000000E+00  0.23710536E-30
  0.32524752E+14  0.00000000E+00  0.19846924E-30
  0.32574257E+14  0.00000000E+00  0.18137135E-30
  0.32623762E+14  0.00000000E+00  0.16902993E-30
  0.32673267E+14  0.00000000E+00  0.15924576E-30
  0.32722772E+14  0.00000000E+00  0.15109818E-30
  0.32772277E+14  0.00000000E+00  0.14410217E-30
  0.32821782E+14  0.00000000E+00  0.13796686E-30
  0.32871287E+14  0.00000000E+00  0.13250242E-30
  0.32920792E+14  0.00000000E+00  0.12757734E-30
  0.32970297E+14  0.00000000E+00  0.12309633E-30
  0.33019802E+14  0.00000000E+00  0.11898796E-30
  0.33069307E+14  0.00000000E+00  0.11519712E-30
  0.33118812E+14  0.00000000E+00  0.11168036E-30
  0.33168317E+14  0.00000000E+00  0.10840273E-30
  0.33217822E+14  0.00000000E+00  0.10533568E-30
  0.33267327E+14  0.00000000E+00  0.10245559E-30
  0.33316832E+14  0.00000000E+00  0.99742617E-31
  0.33366337E+14  0.00000000E+00  0.97179982E-31
  0.33415842E+14  0.00000000E+00  0.94753324E-31
  0.33465347E+14  0.00000000E+00  0.92450264E-31
  0.33514851E+14  0.00000000E+00  0.90260052E-31
  0.33564356E+14  0.00000000E+00  0.88173284E-31
  0.33613861E+14  0.00000000E+00  0.86181690E-31
  0.33663366E+14  0.00000000E+00  0.84277952E-31
  0.33712871E+14  0.00000000E+00  0.82455564E-31
  0.33762376E+14  0.00000000E+00  0.80708717E-31
  0.33811881E+14  0.00000000E+00  0.79032197E-31
  0.33861386E+14  0.00000000E+00  0.77421310E-31
  0.33910891E+14  0.00000000E+00  0.75871811E-31
  0.33960396E+14  0.00000000E+00  0.74379853E-31
  0.34009901E+14  0.00000000E+00  0.72941932E-31
  0.34059406E+14  0.00000000E+00  0.71554854E-31
  0.34108911E+14  0.00000000E+00  0.70215692E-31
  0.34158416E+14  0.00000000E+00  0.68921764E-31
  0.34207921E+14  0.00000000E+00  0.67670602E-31
  0.34257426E+14  0.00000000E+00  0.66459929E-31
  0.34306931E+14  0.00000000E+00  0.65287644E-31
  0.34356436E+14  0.00000000E+00  0.64151800E-31
  0.34405941E+14  0.00000000E+00  0.63050592E-31
  0.34455446E+14  0.00000000E+00  0.61982340E-31
  0.34504950E+14  0.00000000E+00  0.60945483E-31
  0.34554455E+14  0.00000000E+00  0.59938565E-31
  0.34603960E+14  0.00000000E+00  0.58960223E-31
  0.34653465E+14  0.00000000E+00  0.58009185E-31
  0.34702970E+14  0.00000000E+00  0.57084259E-31
  0.34752475E+14  0.00000000E+00  0.56184325E-31
  0.34801980E+14  0.00000000E+00  0.55308332E-31
  0.34851485E+14  0.00000000E+00  0.54455292E-31
  0.34900990E+14  0.00000000E+00  0.53624275E-31
  0.34950495E+14  0.00000000E+00  0.52814401E-31
  0.35000000E+14  0.00000000E+00  0.52024844E-31
  0.35049505E+14  0.00000000E+00  0.51254820E-31
  0.35099010E+14  0.00000000E+00  0.50503589E-31
  0.35148515E+14  0.00000000E+00  0.49770450E-31
  0.35198020E+14  0.00000000E+00  0.49054739E-31
  0.35247525E+14  0.00000000E+00  0.48355825E-31
  0.35297030E+14  0.00000000E+00  0.47673111E-31
  0.35346535E+14  0.00000000E+00  0.47006028E-31
  0.35396040E+14  0.00000000E+00  0.46354036E-31
  0.35445545E+14  0.00000000E+00  0.45716620E-31
  0.35495050E+14  0.00000000E+00  0.45093291E-31
  0.35544554E+14  0.00000000E+00  0.44483580E-31
  0.35594059E+14  0.00000000E+00  0.43887043E-31
  0.35643564E+14  0.00000000E+00  0.43303254E-31
  0.35693069E+14  0.00000000E+00  0.42731807E-31
  0.35742574E+14  0.00000000E+00  0.42172314E-31
  0.35792079E+14  0.00000000E+00  0.41624403E-31
  0.35841584E+14  0.00000000E+00  0.41087719E-31
  0.35891089E+14  0.00000000E+00  0.40561921E-31
  0.35940594E+14  0.00000000E+00  0.40046685E-31
  0.35990099E+14  0.00000000E+00  0.39541695E-31
  0.36039604E+14  0.00000000E+00  0.39046654E-31
  0.36089109E+14  0.00000000E+00  0.38561273E-31
  0.36138614E+14  0.00000000E+00  0.38085276E-31
  0.36188119E+14  0.00000000E+00  0.37618397E-31
  0.36237624E+14  0.00000000E+00  0.37160382E-31
  0.36287129E+14  0.00000000E+00  0.36710984E-31
  0.36336634E+14  0.00000000E+00  0.36269968E-31
  0.36386139E+14  0.00000000E+00  0.35837106E-31
  0.36435644E+14  0.00000000E+00  0.35412179E-31
  0.36485149E+14  0.00000000E+00  0.34994978E-31
  0.36534653E+14  0.00000000E+00  0.34585298E-31
  0.36584158E+14  0.00000000E+00  0.34182944E-31
  0.36633663E+14  0.00000000E+00  0.33787727E-31
  0.36683168E+14  0.00000000E+00  0.33399464E-31
  0.36732673E+14  0.00000000E+00  0.33017979E-31
  0.36782178E+14  0.00000000E+00  0.32643104E-31
  0.36831683E+14  0.00000000E+00  0.32274672E-31
  0.36881188E+14  0.00000000E+00  0.31912527E-31
  0.36930693E+14  0.00000000E+00  0.31556514E-31
  0.36980198E+14  0.00000000E+00  0.31206485E-31
  0.37029703E+14  0.00000000E+00  0.30862297E-31
  0.37079208E+14  0.00000000E+00  0.30523811E-31
  0.37128713E+14  0.00000000E+00  0.30190893E-31
  0.37178218E+14  0.00000000E+00  0.29863412E-31
  0.37227723E+14  0.00000000E+00  0.29541242E-31
  0.37277228E+14  0.00000000E+00  0.29224263E-31
  0.37326733E+14  0.00000000E+00  0.28912354E-31
  0.37376238E+14  0.00000000E+00  0.28605402E-31
  0.37425743E+14  0.00000000E+00  0.28303296E-31
  0.37475248E+14  0.00000000E+00  0.28005927E-31
  0.37524752E+14  0.00000000E+00  0.27713191E-31
  0.37574257E+14  0.00000000E+00  0.27424986E-31
  0.37623762E+14  0.00000000E+00  0.27141215E-31
  0.37673267E+14  0.00000000E+00  0.26861780E-31
  0.37722772E+14  0.00000000E+00  0.26586590E-31
  0.37772277E+14  0.00000000E+00  0.26315554E-31
  0.37821782E+14  0.00000000E+00  0.26048585E-31
  0.37871287E+14  0.00000000E+00  0.25785596E-31
  0.37920792E+14  0.00000000E+00  0.25526506E-31
  0.37970297E+14  0.00000000E+00  0.25271233E-31
  0.38019802E+14  0.00000000E+00  0.25019700E-31
  0.38069307E+14  0.00000000E+00  0.24771829E-31
  0.38118812E+14  0.00000000E+00  0.24527548E-31
  0.38168317E+14  0.00000000E+00  0.24286784E-31
  0.38217822E+14  0.00000000E+00  0.24049466E-31
  0.38267327E+14  0.00000000E+00  0.23815526E-31
  0.38316832E+14  0.00000000E+00  0.23584898E-31
  0.38366337E+14  0.00000000E+00  0.23357517E-31
  0.38415842E+14  0.00000000E+00  0.23133319E-31
  0.38465347E+14  0.00000000E+00  0.22912244E-31
  0.38514851E+14  0.00000000E+00  0.22694231E-31
  0.38564356E+14  0.00000000E+00  0.22479221E-31
  0.38613861E+14  0.00000000E+00  0.22267158E-31
  0.38663366E+14  0.00000000E+00  0.22057986E-31
  0.38712871E+14  0.00000000E+00  0.21851651E-31
  0.38762376E+14  0.00000000E+00  0.21648100E-31
  0.38811881E+14  0.00000000E+00  0.21447282E-31
  0.38861386E+14  0.00000000E+00  0.21249146E-31
  0.38910891E+14  0.00000000E+00  0.21053643E-31
  0.38960396E+14  0.00000000E+00  0.20860726E-31
  0.39009901E+14  0.00000000E+00  0.20670347E-31
  0.39059406E+14  0.00000000E+00  0.20482461E-31
  0.39108911E+14  0.00000000E+00  0.20297024E-31
  0.39158416E+14  0.00000000E+00  0.20113991E-31
  0.39207921E+14  0.00000000E+00  0.19933320E-31
  0.39257426E+14  0.00000000E+00  0.19754971E-31
  0.39306931E+14  0.00000000E+00  0.19578901E-31
  0.39356436E+14  0.00000000E+00  0.19405072E-31
  0.39405941E+14  0.00000000E+00  0.19233445E-31
  0.39455446E+14  0.00000000E+00  0.19063982E-31
  0.39504950E+14  0.00000000E+00  0.18896645E-31
  0.39554455E+14  0.00000000E+00  0.18731400E-31
  0.39603960E+14  0.00000000E+00  0.18568209E-31
  0.39653465E+14  0.00000000E+00  0.18407039E-31
  0.39702970E+14  0.00000000E+00  0.18247856E-31
  0.39752475E+14  0.00000000E+00  0.18090627E-31
  0.39801980E+14  0.00000000E+00  0.17935319E-31
  0.39851485E+14  0.00000000E+00  0.17781900E-31
  0.39900990E+14  0.00000000E+00  0.17630340E-31
  0.39950495E+14  0.00000000E+00  0.17480608E-31
  0.40000000E+14  0.00000000E+00  0.17332675E-31
  0.40049505E+14  0.00000000E+00  0.17186511E-31
  0.40099010E+14  0.00000000E+00  0.17042088E-31
  0.40148515E+14  0.00000000E+00  0.16899377E-31
  0.40198020E+14  0.00000000E+00  0.16758353E-31
  0.40247525E+14  0.00000000E+00  0.16618987E-31
  0.40297030E+14  0.00000000E+00  0.16481254E-31
  0.40346535E+14  0.00000000E+00  0.16345128E-31
  0.40396040E+14  0.00000000E+00  0.16210583E-31
  0.40445545E+14  0.00000000E+00  0.16077596E-31
  0.40495050E+14  0.00000000E+00  0.15946142E-31
  0.40544554E+14  0.00000000E+00  0.15816198E-31
  0.40594059E+14  0.00000000E+00  0.15687740E-31
  0.40643564E+14  0.00000000E+00  0.15560745E-31
  0.40693069E+14  0.00000000E+00  0.15435191E-31
  0.40742574E+14  0.00000000E+00  0.15311057E-31
  0.40792079E+14  0.00000000E+00  0.15188321E-31
  0.40841584E+14  0.00000000E+00  0.15066961E-31
  0.40891089E+14  0.00000000E+00  0.14946958E-31
  0.40940594E+14  0.00000000E+00  0.14828291E-31
  0.40990099E+14  0.00000000E+00  0.14710940E-31
  0.41039604E+14  0.00000000E+00  0.14594887E-31
  0.41089109E+14  0.00000000E+00  0.14480111E-31
  0.41138614E+14  0.00000000E+00  0.14366594E-31
  0.41188119E+14  0.00000000E+00  0.14254317E-31
  0.41237624E+14  0.00000000E+00  0.14143264E-31
  0.41287129E+14  0.00000000E+00  0.14033415E-31
  0.41336634E+14  0.00000000E+00  0.13924754E-31
  0.41386139E+14  0.00000000E+00  0.13817264E-31
  0.41435644E+14  0.00000000E+00  0.13710927E-31
  0.41485149E+14  0.00000000E+00  0.13605728E-31
  0.41534653E+14  0.00000000E+00  0.13501650E-31
  0.41584158E+14  0.00000000E+00  0.13398678E-31
  0.41633663E+14  0.00000000E+00  0.13296796E-31
  0.41683168E+14  0.00000000E+00  0.13195988E-31
  0.41732673E+14  0.00000000E+00  0.13096240E-31
  0.41782178E+14  0.00000000E+00  0.12997538E-31
  0.41831683E+14  0.00000000E+00  0.12899865E-31
  0.41881188E+14  0.00000000E+00  0.12803209E-31
  0.41930693E+14  0.00000000E+00  0.12707556E-31
  0.41980198E+14  0.00000000E+00  0.12612890E-31
  0.42029703E+14  0.00000000E+00  0.12519201E-31
  0.42079208E+14  0.00000000E+00  0.12426473E-31
  0.42128713E+14  0.00000000E+00  0.12334693E-31
  0.42178218E+14  0.00000000E+00  0.12243850E-31
  0.42227723E+14  0.00000000E+00  0.12153931E-31
  0.42277228E+14  0.00000000E+00  0.12064923E-31
  0.42326733E+14  0.00000000E+00  0.11976813E-31
  0.42376238E+14  0.00000000E+00  0.11889591E-31
  0.42425743E+14  0.00000000E+00  0.11803244E-31
  0.42475248E+14  0.00000000E+00  0.11717761E-31
  0.42524752E+14  0.00000000E+00  0.11633131E-31
  0.42574257E+14  0.00000000E+00  0.11549342E-31
  0.42623762E+14  0.00000000E+00  0.11466383E-31
  0.42673267E+14  0.00000000E+00  0.11384243E-31
  0.42722772E+14  0.00000000E+00  0.11302913E-31
  0.42772277E+14  0.00000000E+00  0.11222381E-31
  0.42821782E+14  0.00000000E+00  0.11142637E-31
  0.42871287E+14  0.00000000E+00  0.11063671E-31
  0.42920792E+14  0.00000000E+00  0.10985473E-31
  0.42970297E+14  0.00000000E+00  0.10908034E-31
  0.43019802E+14  0.00000000E+00  0.10831343E-31
  0.43069307E+14  0.00000000E+00  0.10755392E-31
  0.43118812E+14  0.00000000E+00  0.10680171E-31
  0.43168317E+14  0.00000000E+00  0.10605670E-31
  0.43217822E+14  0.00000000E+00  0.10531882E-31
  0.43267327E+14  0.00000000E+00  0.10458796E-31
  0.43316832E+14  0.00000000E+00  0.10386404E-31
  0.43366337E+14  0.00000000E+00  0.10314698E-31
  0.43415842E+14  0.00000000E+00  0.10243668E-31
  0.43465347E+14  0.00000000E+00  0.10173308E-31
  0.43514851E+14  0.00000000E+00  0.10103608E-31
  0.43564356E+14  0.00000000E+00  0.10034561E-31
  0.43613861E+14  0.00000000E+00  0.99661575E-32
  0.43663366E+14  0.00000000E+00  0.98983911E-32
  0.43712871E+14  0.00000000E+00  0.98312536E-32
  0.43762376E+14  0.00000000E+00  0.97647374E-32
  0.43811881E+14  0.00000000E+00  0.96988351E-32
  0.43861386E+14  0.00000000E+00  0.96335392E-32
  0.43910891E+14  0.00000000E+00  0.95688426E-32
  0.43960396E+14  0.00000000E+00  0.95047380E-32
  0.44009901E+14  0.00000000E+00  0.94412185E-32
  0.44059406E+14  0.00000000E+00  0.93782770E-32
  0.44108911E+14  0.00000000E+00  0.93159068E-32
  0.44158416E+14  0.00000000E+00  0.92541011E-32
  0.44207921E+14  0.00000000E+00  0.91928532E-32
  0.44257426E+14  0.00000000E+00  0.91321568E-32
  0.44306931E+14  0.00000000E+00  0.90720052E-32
  0.44356436E+14  0.00000000E+00  0.90123922E-32
  0.44405941E+14  0.00000000E+00  0.89533116E-32
  0.44455446E+14  0.00000000E+00  0.88947571E-32
  0.44504950E+14  0.00000000E+00  0.88367226E-32
  0.44554455E+14  0.00000000E+00  0.87792023E-32
  0.44603960E+14  0.00000000E+00  0.87221902E-32
  0.44653465E+14  0.00000000E+00  0.86656804E-32
  0.44702970E+14  0.00000000E+00  0.86096674E-32
  0.44752475E+14  0.00000000E+00  0.85541453E-32
  0.44801980E+14  0.00000000E+00  0.84991087E-32
  0.44851485E+14  0.00000000E+00  0.84445520E-32
  0.44900990E+14  0.00000000E+00  0.83904699E-32
  0.44950495E+14  0.00000000E+00  0.83368569E-32
  0.45000000E+14  0.00000000E+00  0.82837079E-32
  0.45049505E+14  0.00000000E+00  0.82310177E-32
  0.45099010E+14  0.00000000E+00  0.81787812E-32
  0.45148515E+14  0.00000000E+00  0.81269932E-32
  0.45198020E+14  0.00000000E+00  0.80756488E-32
  0.45247525E+14  0.00000000E+00  0.80247432E-32
  0.45297030E+14  0.00000000E+00  0.79742715E-32
  0.45346535E+14  0.00000000E+00  0.79242289E-32
  0.45396040E+14  0.00000000E+00  0.78746107E-32
  0.45445545E+14  0.00000000E+00  0.78254123E-32
  0.45495050E+14  0.00000000E+00  0.77766291E-32
  0.45544554E+14  0.00000000E+00  0.77282565E-32
  0.45594059E+14  0.00000000E+00  0.76802902E-32
  0.45643564E+14  0.00000000E+00  0.76327257E-32
  0.45693069E+14  0.00000000E+00  0.75855588E-32
  0.45742574E+14  0.00000000E+00  0.75387850E-32
  0.45792079E+14  0.00000000E+00  0.74924003E-32
  0.45841584E+14  0.00000000E+00  0.74464004E-32
  0.45891089E+14  0.00000000E+00  0.74007812E-32
  0.45940594E+14  0.00000000E+00  0.73555387E-32
  0.45990099E+14  0.00000000E+00  0.73106689E-32
  0.46039604E+14  0.00000000E+00  0.72661679E-32
  0.46089109E+14  0.00000000E+00  0.72220316E-32
  0.46138614E+14  0.00000000E+00  0.71782564E-32
  0.46188119E+14  0.00000000E+00  0.71348384E-32
  0.46237624E+14  0.00000000E+00  0.70917739E-32
  0.46287129E+14  0.00000000E+00  0.70490591E-32
  0.46336634E+14  0.00000000E+00  0.70066904E-32
  0.46386139E+14  0.00000000E+00  0.69646643E-32
  0.46435644E+14  0.00000000E+00  0.69229771E-32
  0.46485149E+14  0.00000000E+00  0.68816254E-32
  0.46534653E+14  0.00000000E+00  0.68406057E-32
  0.46584158E+14  0.00000000E+00  0.67999146E-32
  0.46633663E+14  0.00000000E+00  0.67595487E-32
  0.46683168E+14  0.00000000E+00  0.67195046E-32
  0.46732673E+14  0.00000000E+00  0.66797792E-32
  0.46782178E+14  0.00000000E+00  0.66403691E-32
  0.46831683E+14  0.00000000E+00  0.66012711E-32
  0.46881188E+14  0.00000000E+00  0.65624821E-32
  0.46930693E+14  0.00000000E+00  0.65239989E-32
  0.46980198E+14  0.00000000E+00  0.64858185E-32
  0.47029703E+14  0.00000000E+00  0.64479378E-32
  0.47079208E+14  0.00000000E+00  0.64103538E-32
  0.47128713E+14  0.00000000E+00  0.63730635E-32
  0.47178218E+14  0.00000000E+00  0.63360640E-32
  0.47227723E+14  0.00000000E+00  0.62993524E-32
  0.47277228E+14  0.00000000E+00  0.62629258E-32
  0.47326733E+14  0.00000000E+00  0.62267814E-32
  0.47376238E+14  0.00000000E+00  0.61909164E-32
  0.47425743E+14  0.00000000E+00  0.61553280E-32
  0.47475248E+14  0.00000000E+00  0.61200136E-32
  0.47524752E+14  0.00000000E+00  0.60849703E-32
  0.47574257E+14  0.00000000E+00  0.60501957E-32
  0.47623762E+14  0.00000000E+00  0.60156869E-32
  0.47673267E+14  0.00000000E+00  0.59814415E-32
  0.47722772E+14  0.00000000E+00  0.59474569E-32
  0.47772277E+14  0.00000000E+00  0.59137305E-32
  0.47821782E+14  0.00000000E+00  0.58802598E-32
  0.47871287E+14  0.00000000E+00  0.58470424E-32
  0.47920792E+14  0.00000000E+00  0.58140759E-32
  0.47970297E+14  0.00000000E+00  0.57813577E-32
  0.48019802E+14  0.00000000E+00  0.57488855E-32
  0.48069307E+14  0.00000000E+00  0.57166570E-32
  0.48118812E+14  0.00000000E+00  0.56846698E-32
  0.48168317E+14  0.00000000E+00  0.56529216E-32
  0.48217822E+14  0.00000000E+00  0.56214102E-32
  0.48267327E+14  0.00000000E+00  0.55901333E-32
  0.48316832E+14  0.00000000E+00  0.55590887E-32
  0.48366337E+14  0.00000000E+00  0.55282741E-32
  0.48415842E+14  0.00000000E+00  0.54976875E-32
  0.48465347E+14  0.00000000E+00  0.54673266E-32
  0.48514851E+14  0.00000000E+00  0.54371893E-32
  0.48564356E+14  0.00000000E+00  0.54072736E-32
  0.48613861E+14  0.00000000E+00  0.53775774E-32
  0.48663366E+14  0.00000000E+00  0.53480986E-32
  0.48712871E+14  0.00000000E+00  0.53188352E-32
  0.48762376E+14  0.00000000E+00  0.52897851E-32
  0.48811881E+14  0.00000000E+00  0.52609466E-32
  0.48861386E+14  0.00000000E+00  0.52323174E-32
  0.48910891E+14  0.00000000E+00  0.52038958E-32
  0.48960396E+14  0.00000000E+00  0.51756799E-32
  0.49009901E+14  0.00000000E+00  0.51476676E-32
  0.49059406E+14  0.00000000E+00  0.51198572E-32
  0.49108911E+14  0.00000000E+00  0.50922468E-32
  0.49158416E+14  0.00000000E+00  0.50648346E-32
  0.49207921E+14  0.00000000E+00  0.50376188E-32
  0.49257426E+14  0.00000000E+00  0.50105976E-32
  0.49306931E+14  0.00000000E+00  0.49837692E-32
  0.49356436E+14  0.00000000E+00  0.49571319E-32
  0.49405941E+14  0.00000000E+00  0.49306839E-32
  0.49455446E+14  0.00000000E+00  0.49044236E-32
  0.49504950E+14  0.00000000E+00  0.48783492E-32
  0.49554455E+14  0.00000000E+00  0.48524591E-32
  0.49603960E+14  0.00000000E+00  0.48267517E-32
  0.49653465E+14  0.00000000E+00  0.48012252E-32
  0.49702970E+14  0.00000000E+00  0.47758781E-32
  0.49752475E+14  0.00000000E+00  0.47507089E-32
  0.49801980E+14  0.00000000E+00  0.47257158E-32
  0.49851485E+14  0.00000000E+00  0.47008973E-32
  0.49900990E+14  0.00000000E+00  0.46762520E-32
  0.49950495E+14  0.00000000E+00  0.46517782E-32
  0.50000000E+14  0.00000000E+00  0.46274745E-32
  0.50049505E+14  0.00000000E+00  0.46033393E-32
  0.50099010E+14  0.00000000E+00  0.45793712E-32
  0.50148515E+14  0.00000000E+00  0.45555687E-32
  0.50198020E+14  0.00000000E+00  0.45319304E-32
  0.50247525E+14  0.00000000E+00  0.45084548E-32
  0.50297030E+14  0.00000000E+00  0.44851405E-32
  0.50346535E+14  0.00000000E+00  0.44619861E-32
  0.50396040E+14  0.00000000E+00  0.44389902E-32
  0.50445545E+14  0.00000000E+00  0.44161515E-32
  0.50495050E+14  0.00000000E+00  0.43934686E-32
  0.50544554E+14  0.00000000E+00  0.43709401E-32
  0.50594059E+14  0.00000000E+00  0.43485647E-32
  0.50643564E+14  0.00000000E+00  0.43263411E-32
  0.50693069E+14  0.00000000E+00  0.43042680E-32
  0.50742574E+14  0.00000000E+00  0.42823442E-32
  0.50792079E+14  0.00000000E+00  0.42605682E-32
  0.50841584E+14  0.00000000E+00  0.42389389E-32
  0.50891089E+14  0.00000000E+00  0.42174551E-32
  0.50940594E+14  0.00000000E+00  0.41961154E-32
  0.50990099E+14  0.00000000E+00  0.41749187E-32
  0.51039604E+14  0.00000000E+00  0.41538638E-32
  0.51089109E+14  0.00000000E+00  0.41329494E-32
  0.51138614E+14  0.00000000E+00  0.41121744E-32
  0.51188119E+14  0.00000000E+00  0.40915376E-32
  0.51237624E+14  0.00000000E+00  0.40710378E-32
  0.51287129E+14  0.00000000E+00  0.40506739E-32
  0.51336634E+14  0.00000000E+00  0.40304448E-32
  0.51386139E+14  0.00000000E+00  0.40103493E-32
  0.51435644E+14  0.00000000E+00  0.39903863E-32
  0.51485149E+14  0.00000000E+00  0.39705547E-32
  0.51534653E+14  0.00000000E+00  0.39508534E-32
  0.51584158E+14  0.00000000E+00  0.39312814E-32
  0.51633663E+14  0.00000000E+00  0.39118375E-32
  0.51683168E+14  0.00000000E+00  0.38925208E-32
  0.51732673E+14  0.00000000E+00  0.38733301E-32
  0.51782178E+14  0.00000000E+00  0.38542645E-32
  0.51831683E+14  0.00000000E+00  0.38353228E-32
  0.51881188E+14  0.00000000E+00  0.38165041E-32
  0.51930693E+14  0.00000000E+00  0.37978074E-32
  0.51980198E+14  0.00000000E+00  0.37792317E-32
  0.52029703E+14  0.00000000E+00  0.37607760E-32
  0.52079208E+14  0.00000000E+00  0.37424393E-32
  0.52128713E+14  0.00000000E+00  0.37242206E-32
  0.52178218E+14  0.00000000E+00  0.37061190E-32
  0.52227723E+14  0.00000000E+00  0.36881336E-32
  0.52277228E+14  0.00000000E+00  0.36702634E-32
  0.52326733E+14  0.00000000E+00  0.36525075E-32
  0.52376238E+14  0.00000000E+00  0.36348649E-32
  0.52425743E+14  0.00000000E+00  0.36173347E-32
  0.52475248E+14  0.00000000E+00  0.35999161E-32
  0.52524752E+14  0.00000000E+00  0.35826082E-32
  0.52574257E+14  0.00000000E+00  0.35654100E-32
  0.52623762E+14  0.00000000E+00  0.35483207E-32
  0.52673267E+14  0.00000000E+00  0.35313394E-32
  0.52722772E+14  0.00000000E+00  0.35144653E-32
  0.52772277E+14  0.00000000E+00  0.34976975E-32
  0.52821782E+14  0.00000000E+00  0.34810352E-32
  0.52871287E+14  0.00000000E+00  0.34644775E-32
  0.52920792E+14  0.00000000E+00  0.34480236E-32
  0.52970297E+14  0.00000000E+00  0.34316727E-32
  0.53019802E+14  0.00000000E+00  0.34154240E-32
  0.53069307E+14  0.00000000E+00  0.33992767E-32
  0.53118812E+14  0.00000000E+00  0.33832299E-32
  0.53168317E+14  0.00000000E+00  0.33672829E-32
  0.53217822E+14  0.00000000E+00  0.33514350E-32
  0.53267327E+14  0.00000000E+00  0.33356853E-32
  0.53316832E+14  0.00000000E+00  0.33200330E-32
  0.53366337E+14  0.00000000E+00  0.33044775E-32
  0.53415842E+14  0.00000000E+00  0.32890180E-32
  0.53465347E+14  0.00000000E+00  0.32736536E-32
  0.53514851E+14  0.00000000E+00  0.32583838E-32
  0.53564356E+14  0.00000000E+00  0.32432077E-32
  0.53613861E+14  0.00000000E+00  0.32281247E-32
  0.53663366E+14  0.00000000E+00  0.32131339E-32
  0.53712871E+14  0.00000000E+00  0.31982348E-32
  0.53762376E+14  0.00000000E+00  0.31834266E-32
  0.53811881E+14  0.00000000E+00  0.31687086E-32
  0.53861386E+14  0.00000000E+00  0.31540801E-32
  0.53910891E+14  0.00000000E+00  0.31395404E-32
  0.53960396E+14  0.00000000E+00  0.31250890E-32
  0.54009901E+14  0.00000000E+00  0.31107249E-32
  0.54059406E+14  0.00000000E+00  0.30964478E-32
  0.54108911E+14  0.00000000E+00  0.30822568E-32
  0.54158416E+14  0.00000000E+00  0.30681513E-32
  0.54207921E+14  0.00000000E+00  0.30541306E-32
  0.54257426E+14  0.00000000E+00  0.30401942E-32
  0.54306931E+14  0.00000000E+00  0.30263414E-32
  0.54356436E+14  0.00000000E+00  0.30125715E-32
  0.54405941E+14  0.00000000E+00  0.29988840E-32
  0.54455446E+14  0.00000000E+00  0.29852782E-32
  0.54504950E+14  0.00000000E+00  0.29717536E-32
  0.54554455E+14  0.00000000E+00  0.29583094E-32
  0.54603960E+14  0.00000000E+00  0.29449451E-32
  0.54653465E+14  0.00000000E+00  0.29316602E-32
  0.54702970E+14  0.00000000E+00  0.29184539E-32
  0.54752475E+14  0.00000000E+00  0.29053258E-32
  0.54801980E+14  0.00000000E+00  0.28922753E-32
  0.54851485E+14  0.00000000E+00  0.28793017E-32
  0.54900990E+14  0.00000000E+00  0.28664045E-32
  0.54950495E+14  0.00000000E+00  0.28535832E-32
  0.55000000E+14  0.00000000E+00  0.28408372E-32
  0.55049505E+14  0.00000000E+00  0.28281659E-32
  0.55099010E+14  0.00000000E+00  0.28155688E-32
  0.55148515E+14  0.00000000E+00  0.28030454E-32
  0.55198020E+14  0.00000000E+00  0.27905950E-32
  0.55247525E+14  0.00000000E+00  0.27782173E-32
  0.55297030E+14  0.00000000E+00  0.27659115E-32
  0.55346535E+14  0.00000000E+00  0.27536773E-32
  0.55396040E+14  0.00000000E+00  0.27415141E-32
  0.55445545E+14  0.00000000E+00  0.27294213E-32
  0.55495050E+14  0.00000000E+00  0.27173986E-32
  0.55544554E+14  0.00000000E+00  0.27054453E-32
  0.55594059E+14  0.00000000E+00  0.26935609E-32
  0.55643564E+14  0.00000000E+00  0.26817450E-32
  0.55693069E+14  0.00000000E+00  0.26699971E-32
  0.55742574E+14  0.00000000E+00  0.26583167E-32
  0.55792079E+14  0.00000000E+00  0.26467032E-32
  0.55841584E+14  0.00000000E+00  0.26351563E-32
  0.55891089E+14  0.00000000E+00  0.26236754E-32
  0.55940594E+14  0.00000000E+00  0.26122601E-32
  0.55990099E+14  0.00000000E+00  0.26009099E-32
  0.56039604E+14  0.00000000E+00  0.25896243E-32
  0.56089109E+14  0.00000000E+00  0.25784029E-32
  0.56138614E+14  0.00000000E+00  0.25672452E-32
  0.56188119E+14  0.00000000E+00  0.25561507E-32
  0.56237624E+14  0.00000000E+00  0.25451191E-32
  0.56287129E+14  0.00000000E+00  0.25341499E-32
  0.56336634E+14  0.00000000E+00  0.25232426E-32
  0.56386139E+14  0.00000000E+00  0.25123967E-32
  0.56435644E+14  0.00000000E+00  0.25016120E-32
  0.56485149E+14  0.00000000E+00  0.24908879E-32
  0.56534653E+14  0.00000000E+00  0.24802239E-32
  0.56584158E+14  0.00000000E+00  0.24696198E-32
  0.56633663E+14  0.00000000E+00  0.24590750E-32
  0.56683168E+14  0.00000000E+00  0.24485892E-32
  0.56732673E+14  0.00000000E+00  0.24381619E-32
  0.56782178E+14  0.00000000E+00  0.24277928E-32
  0.56831683E+14  0.00000000E+00  0.24174814E-32
  0.56881188E+14  0.00000000E+00  0.24072273E-32
  0.56930693E+14  0.00000000E+00  0.23970301E-32
  0.56980198E+14  0.00000000E+00  0.23868894E-32
  0.57029703E+14  0.00000000E+00  0.23768049E-32
  0.57079208E+14  0.00000000E+00  0.23667762E-32
  0.57128713E+14  0.00000000E+00  0.23568028E-32
  0.57178218E+14  0.00000000E+00  0.23468844E-32
  0.57227723E+14  0.00000000E+00  0.23370206E-32
  0.57277228E+14  0.00000000E+00  0.23272111E-32
  0.57326733E+14  0.00000000E+00  0.23174554E-32
  0.57376238E+14  0.00000000E+00  0.23077532E-32
  0.57425743E+14  0.00000000E+00  0.22981041E-32
  0.57475248E+14  0.00000000E+00  0.22885078E-32
  0.57524752E+14  0.00000000E+00  0.22789639E-32
  0.57574257E+14  0.00000000E+00  0.22694720E-32
  0.57623762E+14  0.00000000E+00  0.22600319E-32
  0.57673267E+14  0.00000000E+00  0.22506430E-32
  0.57722772E+14  0.00000000E+00  0.22413052E-32
  0.57772277E+14  0.00000000E+00  0.22320180E-32
  0.57821782E+14  0.00000000E+00  0.22227811E-32
  0.57871287E+14  0.00000000E+00  0.22135942E-32
  0.57920792E+14  0.00000000E+00  0.22044569E-32
  0.57970297E+14  0.00000000E+00  0.21953690E-32
  0.58019802E+14  0.00000000E+00  0.21863299E-32
  0.58069307E+14  0.00000000E+00  0.21773395E-32
  0.58118812E+14  0.00000000E+00  0.21683974E-32
  0.58168317E+14  0.00000000E+00  0.21595033E-32
  0.58217822E+14  0.00000000E+00  0.21506569E-32
  0.58267327E+14  0.00000000E+00  0.21418578E-32
  0.58316832E+14  0.00000000E+00  0.21331057E-32
  0.58366337E+14  0.00000000E+00  0.21244004E-32
  0.58415842E+14  0.00000000E+00  0.21157414E-32
  0.58465347E+14  0.00000000E+00  0.21071286E-32
  0.58514851E+14  0.00000000E+00  0.20985615E-32
  0.58564356E+14  0.00000000E+00  0.20900400E-32
  0.58613861E+14  0.00000000E+00  0.20815636E-32
  0.58663366E+14  0.00000000E+00  0.20731321E-32
  0.58712871E+14  0.00000000E+00  0.20647452E-32
  0.58762376E+14  0.00000000E+00  0.20564026E-32
  0.58811881E+14  0.00000000E+00  0.20481040E-32
  0.58861386E+14  0.00000000E+00  0.20398491E-32
  0.58910891E+14  0.00000000E+00  0.20316377E-32
  0.58960396E+14  0.00000000E+00  0.20234694E-32
  0.59009901E+14  0.00000000E+00  0.20153440E-32
  0.59059406E+14  0.00000000E+00  0.20072611E-32
  0.59108911E+14  0.00000000E+00  0.19992206E-32
  0.59158416E+14  0.00000000E+00  0.19912221E-32
  0.59207921E+14  0.00000000E+00  0.19832653E-32
  0.59257426E+14  0.00000000E+00  0.19753501E-32
  0.59306931E+14  0.00000000E+00  0.19674761E-32
  0.59356436E+14  0.00000000E+00  0.19596430E-32
  0.59405941E+14  0.00000000E+00  0.19518506E-32
  0.59455446E+14  0.00000000E+00  0.19440986E-32
  0.59504950E+14  0.00000000E+00  0.19363868E-32
  0.59554455E+14  0.00000000E+00  0.19287148E-32
  0.59603960E+14  0.00000000E+00  0.19210826E-32
  0.59653465E+14  0.00000000E+00  0.19134897E-32
  0.59702970E+14  0.00000000E+00  0.19059360E-32
  0.59752475E+14  0.00000000E+00  0.18984211E-32
  0.59801980E+14  0.00000000E+00  0.18909449E-32
  0.59851485E+14  0.00000000E+00  0.18835071E-32
  0.59900990E+14  0.00000000E+00  0.18761074E-32
  0.59950495E+14  0.00000000E+00  0.18687456E-32
  0.60000000E+14  0.00000000E+00  0.18614215E-32
  0.60049505E+14  0.00000000E+00  0.18541348E-32
  0.60099010E+14  0.00000000E+00  0.18468853E-32
  0.60148515E+14  0.00000000E+00  0.18396728E-32
  0.60198020E+14  0.00000000E+00  0.18324969E-32
  0.60247525E+14  0.00000000E+00  0.18253576E-32
  0.60297030E+14  0.00000000E+00  0.18182545E-32
  0.60346535E+14  0.00000000E+00  0.18111874E-32
  0.60396040E+14  0.00000000E+00  0.18041561E-32
  0.60445545E+14  0.00000000E+00  0.17971604E-32
  0.60495050E+14  0.00000000E+00  0.17902000E-32
  0.60544554E+14  0.00000000E+00  0.17832748E-32
  0.60594059E+14  0.00000000E+00  0.17763844E-32
  0.60643564E+14  0.00000000E+00  0.17695288E-32
  0.60693069E+14  0.00000000E+00  0.17627076E-32
  0.60742574E+14  0.00000000E+00  0.17559207E-32
  0.60792079E+14  0.00000000E+00  0.17491678E-32
  0.60841584E+14  0.00000000E+00  0.17424487E-32
  0.60891089E+14  0.00000000E+00  0.17357633E-32
  0.60940594E+14  0.00000000E+00  0.17291112E-32
  0.60990099E+14  0.00000000E+00  0.17224924E-32
  0.61039604E+14  0.00000000E+00  0.17159066E-32
  0.61089109E+14  0.00000000E+00  0.17093535E-32
  0.61138614E+14  0.00000000E+00  0.17028331E-32
  0.61188119E+14  0.00000000E+00  0.16963450E-32
  0.61237624E+14  0.00000000E+00  0.16898891E-32
  0.61287129E+14  0.00000000E+00  0.16834652E-32
  0.61336634E+14  0.00000000E+00  0.16770731E-32
  0.61386139E+14  0.00000000E+00  0.16707126E-32
  0.61435644E+14  0.00000000E+00  0.16643835E-32
  0.61485149E+14  0.00000000E+00  0.16580856E-32
  0.61534653E+14  0.00000000E+00  0.16518187E-32
  0.61584158E+14  0.00000000E+00  0.16455827E-32
  0.61633663E+14  0.00000000E+00  0.16393773E-32
  0.61683168E+14  0.00000000E+00  0.16332024E-32
  0.61732673E+14  0.00000000E+00  0.16270577E-32
  0.61782178E+14  0.00000000E+00  0.16209431E-32
  0.61831683E+14  0.00000000E+00  0.16148584E-32
  0.61881188E+14  0.00000000E+00  0.16088034E-32
  0.61930693E+14  0.00000000E+00  0.16027780E-32
  0.61980198E+14  0.00000000E+00  0.15967820E-32
  0.62029703E+14  0.00000000E+00  0.15908151E-32
  0.62079208E+14  0.00000000E+00  0.15848772E-32
  0.62128713E+14  0.00000000E+00  0.15789682E-32
  0.62178218E+14  0.00000000E+00  0.15730878E-32
  0.62227723E+14  0.00000000E+00  0.15672359E-32
  0.62277228E+14  0.00000000E+00  0.15614124E-32
  0.62326733E+14  0.00000000E+00  0.15556169E-32
  0.62376238E+14  0.00000000E+00  0.15498495E-32
  0.62425743E+14  0.00000000E+00  0.15441099E-32
  0.62475248E+14  0.00000000E+00  0.15383979E-32
  0.62524752E+14  0.00000000E+00  0.15327134E-32
  0.62574257E+14  0.00000000E+00  0.15270562E-32
  0.62623762E+14  0.00000000E+00  0.15214261E-32
  0.62673267E+14  0.00000000E+00  0.15158231E-32
  0.62722772E+14  0.00000000E+00  0.15102469E-32
  0.62772277E+14  0.00000000E+00  0.15046973E-32
  0.62821782E+14  0.00000000E+00  0.14991743E-32
  0.62871287E+14  0.00000000E+00  0.14936776E-32
  0.62920792E+14  0.00000000E+00  0.14882071E-32
  0.62970297E+14  0.00000000E+00  0.14827627E-32
  0.63019802E+14  0.00000000E+00  0.14773441E-32
  0.63069307E+14  0.00000000E+00  0.14719513E-32
  0.63118812E+14  0.00000000E+00  0.14665841E-32
  0.63168317E+14  0.00000000E+00  0.14612423E-32
  0.63217822E+14  0.00000000E+00  0.14559258E-32
  0.63267327E+14  0.00000000E+00  0.14506345E-32
  0.63316832E+14  0.00000000E+00  0.14453681E-32
  0.63366337E+14  0.00000000E+00  0.14401266E-32
  0.63415842E+14  0.00000000E+00  0.14349098E-32
  0.63465347E+14  0.00000000E+00  0.14297175E-32
  0.63514851E+14  0.00000000E+00  0.14245497E-32
  0.63564356E+14  0.00000000E+00  0.14194061E-32
  0.63613861E+14  0.00000000E+00  0.14142867E-32
  0.63663366E+14  0.00000000E+00  0.14091912E-32
  0.63712871E+14  0.00000000E+00  0.14041196E-32
  0.63762376E+14  0.00000000E+00  0.13990717E-32
  0.63811881E+14  0.00000000E+00  0.13940474E-32
  0.63861386E+14  0.00000000E+00  0.13890465E-32
  0.63910891E+14  0.00000000E+00  0.13840689E-32
  0.63960396E+14  0.00000000E+00  0.13791145E-32
  0.64009901E+14  0.00000000E+00  0.13741832E-32
  0.64059406E+14  0.00000000E+00  0.13692747E-32
  0.64108911E+14  0.00000000E+00  0.13643890E-32
  0.64158416E+14  0.00000000E+00  0.13595259E-32
  0.64207921E+14  0.00000000E+00  0.13546854E-32
  0.64257426E+14  0.00000000E+00  0.13498672E-32
  0.64306931E+14  0.00000000E+00  0.13450713E-32
  0.64356436E+14  0.00000000E+00  0.13402975E-32
  0.64405941E+14  0.00000000E+00  0.13355457E-32
  0.64455446E+14  0.00000000E+00  0.13308158E-32
  0.64504950E+14  0.00000000E+00  0.13261076E-32
  0.64554455E+14  0.00000000E+00  0.13214211E-32
  0.64603960E+14  0.00000000E+00  0.13167561E-32
  0.64653465E+14  0.00000000E+00  0.13121124E-32
  0.64702970E+14  0.00000000E+00  0.13074900E-32
  0.64752475E+14  0.00000000E+00  0.13028888E-32
  0.64801980E+14  0.00000000E+00  0.12983085E-32
  0.64851485E+14  0.00000000E+00  0.12937492E-32
  0.64900990E+14  0.00000000E+00  0.12892106E-32
  0.64950495E+14  0.00000000E+00  0.12846927E-32
  0.65000000E+14  0.00000000E+00  0.12801954E-32
