  0.49504950E+11  0.11253821E-31 -0.80574071E-31
  0.99009901E+11  0.18012201E-31 -0.71497722E-31
  0.14851485E+12  0.22916363E-31 -0.57495982E-31
  0.19801980E+12  0.15758471E-31 -0.30106678E-31
  0.24752475E+12 -0.14704586E-31 -0.39569335E-31
  0.29702970E+12 -0.21502323E-31 -0.48453775E-31
  0.34653465E+12 -0.27481412E-31 -0.61057723E-31
  0.39603960E+12 -0.18472744E-31 -0.80403297E-31
  0.44554455E+12 -0.27091130E-33 -0.62792176E-31
  0.49504950E+12 -0.65935329E-32 -0.50898985E-31
  0.54455446E+12 -0.22712470E-31 -0.50770140E-31
  0.59405941E+12 -0.28647996E-31 -0.67479547E-31
  0.64356436E+12 -0.18561317E-31 -0.69722796E-31
  0.69306931E+12 -0.12425519E-31 -0.69054949E-31
  0.74257426E+12 -0.14536253E-31 -0.58925219E-31
  0.79207921E+12 -0.27010304E-31 -0.60413347E-31
  0.84158416E+12 -0.25938678E-31 -0.63690712E-31
  0.89108911E+12 -0.30788165E-31 -0.68995144E-31
  0.94059406E+12 -0.30814144E-31 -0.72602054E-31
  0.99009901E+12 -0.27717923E-31 -0.77360071E-31
  0.10396040E+13 -0.20090966E-31 -0.75046268E-31
  0.10891089E+13 -0.26223553E-31 -0.68111776E-31
  0.11386139E+13 -0.33654515E-31 -0.69605316E-31
  0.11881188E+13 -0.37203477E-31 -0.76134098E-31
  0.12376238E+13 -0.34931325E-31 -0.83864101E-31
  0.12871287E+13 -0.30834158E-31 -0.83415300E-31
  0.13366337E+13 -0.29986433E-31 -0.79517014E-31
  0.13861386E+13 -0.35716212E-31 -0.79272973E-31
  0.14356436E+13 -0.39394141E-31 -0.81572904E-31
  0.14851485E+13 -0.42450042E-31 -0.87870238E-31
  0.15346535E+13 -0.40594037E-31 -0.94046323E-31
  0.15841584E+13 -0.34804204E-31 -0.97698321E-31
  0.16336634E+13 -0.30528796E-31 -0.90438019E-31
  0.16831683E+13 -0.38611850E-31 -0.87032280E-31
  0.17326733E+13 -0.46005150E-31 -0.92692004E-31
  0.17821782E+13 -0.45208924E-31 -0.10242716E-30
  0.18316832E+13 -0.39211675E-31 -0.10561043E-30
  0.18811881E+13 -0.37138244E-31 -0.10338661E-30
  0.19306931E+13 -0.39949153E-31 -0.10239776E-30
  0.19801980E+13 -0.42330635E-31 -0.10465302E-30
  0.20297030E+13 -0.44934773E-31 -0.10888746E-30
  0.20792079E+13 -0.44136365E-31 -0.11246338E-30
  0.21287129E+13 -0.44104033E-31 -0.11793189E-30
  0.21782178E+13 -0.38836377E-31 -0.12049697E-30
  0.22277228E+13 -0.36672021E-31 -0.11762771E-30
  0.22772277E+13 -0.40895689E-31 -0.11527899E-30
  0.23267327E+13 -0.48292018E-31 -0.12192400E-30
  0.23762376E+13 -0.45608447E-31 -0.13116362E-30
  0.24257426E+13 -0.38273932E-31 -0.13511088E-30
  0.24752475E+13 -0.34271908E-31 -0.13121558E-30
  0.25247525E+13 -0.38175063E-31 -0.12960288E-30
  0.25742574E+13 -0.42549950E-31 -0.13319501E-30
  0.26237624E+13 -0.42838208E-31 -0.14123483E-30
  0.26732673E+13 -0.39145303E-31 -0.14514560E-30
  0.27227723E+13 -0.35843029E-31 -0.14779930E-30
  0.27722772E+13 -0.34077486E-31 -0.14786626E-30
  0.28217822E+13 -0.33820920E-31 -0.14831336E-30
  0.28712871E+13 -0.36310083E-31 -0.15056240E-30
  0.29207921E+13 -0.36664023E-31 -0.15672151E-30
  0.29702970E+13 -0.34067774E-31 -0.16204045E-30
  0.30198020E+13 -0.28134666E-31 -0.16426283E-30
  0.30693069E+13 -0.26589830E-31 -0.16301092E-30
  0.31188119E+13 -0.28106768E-31 -0.16342665E-30
  0.31683168E+13 -0.31204875E-31 -0.16780698E-30
  0.32178218E+13 -0.29055108E-31 -0.17593824E-30
  0.32673267E+13 -0.23643528E-31 -0.18049548E-30
  0.33168317E+13 -0.17962171E-31 -0.18044943E-30
  0.33663366E+13 -0.17419682E-31 -0.17931232E-30
  0.34158416E+13 -0.19356004E-31 -0.18068155E-30
  0.34653465E+13 -0.19896512E-31 -0.18712352E-30
  0.35148515E+13 -0.15913983E-31 -0.19292886E-30
  0.35643564E+13 -0.10625827E-31 -0.19562244E-30
  0.36138614E+13 -0.74262156E-32 -0.19539108E-30
  0.36633663E+13 -0.68590900E-32 -0.19647853E-30
  0.37128713E+13 -0.75664083E-32 -0.19984034E-30
  0.37623762E+13 -0.53592577E-32 -0.20584570E-30
  0.38118812E+13 -0.40647577E-33 -0.21027557E-30
  0.38613861E+13  0.55158530E-32 -0.21166484E-30
  0.39108911E+13  0.77876480E-32 -0.21138228E-30
  0.39603960E+13  0.83008291E-32 -0.21268667E-30
  0.40099010E+13  0.86269300E-32 -0.21715200E-30
  0.40594059E+13  0.11996609E-31 -0.22258611E-30
  0.41089109E+13  0.17980955E-31 -0.22656933E-30
  0.41584158E+13  0.23309896E-31 -0.22705105E-30
  0.42079208E+13  0.26164865E-31 -0.22712745E-30
  0.42574257E+13  0.26120071E-31 -0.22869649E-30
  0.43069307E+13  0.28201829E-31 -0.23426018E-30
  0.43564356E+13  0.33789482E-31 -0.23961476E-30
  0.44059406E+13  0.41300999E-31 -0.24053369E-30
  0.44554455E+13  0.44325914E-31 -0.23965586E-30
  0.45049505E+13  0.45562625E-31 -0.24130527E-30
  0.45544554E+13  0.47858590E-31 -0.24626069E-30
  0.46039604E+13  0.53712658E-31 -0.25014106E-30
  0.46534653E+13  0.59852211E-31 -0.25196750E-30
  0.47029703E+13  0.64330300E-31 -0.25232883E-30
  0.47524752E+13  0.68300620E-31 -0.25372990E-30
  0.48019802E+13  0.71104662E-31 -0.25520179E-30
  0.48514851E+13  0.74371194E-31 -0.25863378E-30
  0.49009901E+13  0.79780761E-31 -0.26287470E-30
  0.49504950E+13  0.87623953E-31 -0.26418443E-30
  0.50000000E+13  0.92590042E-31 -0.26334795E-30
  0.50495050E+13  0.95074684E-31 -0.26420979E-30
  0.50990099E+13  0.98966809E-31 -0.26806273E-30
  0.51485149E+13  0.10577580E-30 -0.27086637E-30
  0.51980198E+13  0.11264671E-30 -0.27103806E-30
  0.52475248E+13  0.11701761E-30 -0.27103854E-30
  0.52970297E+13  0.12125684E-30 -0.27259472E-30
  0.53465347E+13  0.12652744E-30 -0.27458200E-30
  0.53960396E+13  0.13210014E-30 -0.27654014E-30
  0.54455446E+13  0.13913849E-30 -0.27812826E-30
  0.54950495E+13  0.14589880E-30 -0.27799121E-30
  0.55445545E+13  0.15097159E-30 -0.27716374E-30
  0.55940594E+13  0.15503820E-30 -0.27854862E-30
  0.56435644E+13  0.16132257E-30 -0.28096536E-30
  0.56930693E+13  0.16960897E-30 -0.28158187E-30
  0.57425743E+13  0.17563714E-30 -0.27987418E-30
  0.57920792E+13  0.18012654E-30 -0.28002031E-30
  0.58415842E+13  0.18590412E-30 -0.28187166E-30
  0.58910891E+13  0.19381101E-30 -0.28257811E-30
  0.59405941E+13  0.20111253E-30 -0.28179192E-30
  0.59900990E+13  0.20749317E-30 -0.28061296E-30
  0.60396040E+13  0.21342341E-30 -0.28009233E-30
  0.60891089E+13  0.21930585E-30 -0.27999041E-30
  0.61386139E+13  0.22619997E-30 -0.28058090E-30
  0.61881188E+13  0.23449979E-30 -0.28018006E-30
  0.62376238E+13  0.24231609E-30 -0.27788056E-30
  0.62871287E+13  0.24769373E-30 -0.27600293E-30
  0.63366337E+13  0.25388060E-30 -0.27601463E-30
  0.63861386E+13  0.26168508E-30 -0.27575447E-30
  0.64356436E+13  0.27016926E-30 -0.27362318E-30
  0.64851485E+13  0.27692985E-30 -0.27124058E-30
  0.65346535E+13  0.28357073E-30 -0.26916263E-30
  0.65841584E+13  0.29063830E-30 -0.26786162E-30
  0.66336634E+13  0.29776351E-30 -0.26655108E-30
  0.66831683E+13  0.30665833E-30 -0.26461126E-30
  0.67326733E+13  0.31488115E-30 -0.26094436E-30
  0.67821782E+13  0.32091352E-30 -0.25706778E-30
  0.68316832E+13  0.32753203E-30 -0.25574624E-30
  0.68811881E+13  0.33632144E-30 -0.25410584E-30
  0.69306931E+13  0.34505112E-30 -0.24913904E-30
  0.69801980E+13  0.35143590E-30 -0.24516821E-30
  0.70297030E+13  0.35828342E-30 -0.24295575E-30
  0.70792079E+13  0.36776967E-30 -0.23993616E-30
  0.71287129E+13  0.37584110E-30 -0.23456922E-30
  0.71782178E+13  0.38250924E-30 -0.22998381E-30
  0.72277228E+13  0.39010159E-30 -0.22651585E-30
  0.72772277E+13  0.39845648E-30 -0.22192564E-30
  0.73267327E+13  0.40619344E-30 -0.21677365E-30
  0.73762376E+13  0.41372155E-30 -0.21174839E-30
  0.74257426E+13  0.42146465E-30 -0.20655458E-30
  0.74752475E+13  0.42918289E-30 -0.20118567E-30
  0.75247525E+13  0.43695887E-30 -0.19579444E-30
  0.75742574E+13  0.44514838E-30 -0.18961479E-30
  0.76237624E+13  0.45264120E-30 -0.18341288E-30
  0.76732673E+13  0.46025182E-30 -0.17683265E-30
  0.77227723E+13  0.46786854E-30 -0.16996831E-30
  0.77722772E+13  0.47487639E-30 -0.16357655E-30
  0.78217822E+13  0.48297039E-30 -0.15705436E-30
  0.78712871E+13  0.49134442E-30 -0.14863916E-30
  0.79207921E+13  0.49765123E-30 -0.14052166E-30
  0.79702970E+13  0.50463703E-30 -0.13385092E-30
  0.80198020E+13  0.51338507E-30 -0.12552143E-30
  0.80693069E+13  0.51996209E-30 -0.11581340E-30
  0.81188119E+13  0.52576604E-30 -0.10800093E-30
  0.81683168E+13  0.53409171E-30 -0.99850441E-31
  0.82178218E+13  0.54166856E-30 -0.89301248E-31
  0.82673267E+13  0.54716097E-30 -0.79477616E-31
  0.83168317E+13  0.55372834E-30 -0.70617025E-31
  0.83663366E+13  0.56108882E-30 -0.60468373E-31
  0.84158416E+13  0.56728943E-30 -0.49323227E-31
  0.84653465E+13  0.57294849E-30 -0.38608206E-31
  0.85148515E+13  0.57925481E-30 -0.28348364E-31
  0.85643564E+13  0.58566661E-30 -0.16589897E-31
  0.86138614E+13  0.59083726E-30 -0.42721723E-32
  0.86633663E+13  0.59575770E-30  0.65241045E-32
  0.87128713E+13  0.60289106E-30  0.19010018E-31
  0.87623762E+13  0.60686639E-30  0.32786997E-31
  0.88118812E+13  0.61067156E-30  0.44995446E-31
  0.88613861E+13  0.61628027E-30  0.57549320E-31
  0.89108911E+13  0.62056271E-30  0.72217431E-31
  0.89603960E+13  0.62366451E-30  0.85426325E-31
  0.90099010E+13  0.62826613E-30  0.99532893E-31
  0.90594059E+13  0.63148007E-30  0.11493646E-30
  0.91089109E+13  0.63403417E-30  0.12970589E-30
  0.91584158E+13  0.63646424E-30  0.14452912E-30
  0.92079208E+13  0.63884046E-30  0.16013325E-30
  0.92574257E+13  0.64061343E-30  0.17652175E-30
  0.93069307E+13  0.64131261E-30  0.19276991E-30
  0.93564356E+13  0.64226862E-30  0.20879186E-30
  0.94059406E+13  0.64276436E-30  0.22653663E-30
  0.94554455E+13  0.64116450E-30  0.24370525E-30
  0.95049505E+13  0.64101527E-30  0.26007225E-30
  0.95544554E+13  0.64039434E-30  0.27949971E-30
  0.96039604E+13  0.63631190E-30  0.29827697E-30
  0.96534653E+13  0.63357625E-30  0.31469948E-30
  0.97029703E+13  0.63070132E-30  0.33585741E-30
  0.97524752E+13  0.62282175E-30  0.35424118E-30
  0.98019802E+13  0.62056607E-30  0.37243288E-30
  0.98514851E+13  0.61103999E-30  0.39477005E-30
  0.99009901E+13  0.60300193E-30  0.41344735E-30
  0.99504950E+13  0.59219720E-30  0.43221757E-30
  0.10000000E+14  0.58301592E-30  0.45546913E-30
  0.10049505E+14  0.56633677E-30  0.47264644E-30
  0.10099010E+14  0.55108064E-30  0.49263233E-30
  0.10148515E+14  0.53016850E-30  0.51346165E-30
  0.10198020E+14  0.50557380E-30  0.52947919E-30
  0.10247525E+14  0.47417062E-30  0.53481030E-30
  0.10297030E+14  0.45605583E-30  0.53218288E-30
  0.10346535E+14  0.44076771E-30  0.53063506E-30
  0.10396040E+14  0.43045550E-30  0.53641699E-30
  0.10445545E+14  0.41423872E-30  0.53482654E-30
  0.10495050E+14  0.40708997E-30  0.54123581E-30
  0.10544554E+14  0.38999713E-30  0.54281221E-30
  0.10594059E+14  0.38155450E-30  0.54475572E-30
  0.10643564E+14  0.36609390E-30  0.54848213E-30
  0.10693069E+14  0.35659398E-30  0.54883571E-30
  0.10742574E+14  0.34413683E-30  0.55191609E-30
  0.10792079E+14  0.33297388E-30  0.55185193E-30
  0.10841584E+14  0.32219609E-30  0.55314803E-30
  0.10891089E+14  0.31080667E-30  0.55255463E-30
  0.10940594E+14  0.30119167E-30  0.55256592E-30
  0.10990099E+14  0.28982520E-30  0.55073106E-30
  0.11039604E+14  0.28150864E-30  0.54932417E-30
  0.11089109E+14  0.27218319E-30  0.54655145E-30
  0.11138614E+14  0.26376603E-30  0.54393971E-30
  0.11188119E+14  0.25642686E-30  0.53984088E-30
  0.11237624E+14  0.24921430E-30  0.53563807E-30
  0.11287129E+14  0.24332635E-30  0.53042320E-30
  0.11336634E+14  0.23967006E-30  0.52517055E-30
  0.11386139E+14  0.23678150E-30  0.51882755E-30
  0.11435644E+14  0.23319904E-30  0.51209549E-30
  0.11485149E+14  0.23369941E-30  0.50457003E-30
  0.11534653E+14  0.23600051E-30  0.49771793E-30
  0.11584158E+14  0.24089005E-30  0.48892510E-30
  0.11633663E+14  0.24810226E-30  0.48091384E-30
  0.11683168E+14  0.25827897E-30  0.47323225E-30
  0.11732673E+14  0.27062834E-30  0.46533207E-30
  0.11782178E+14  0.28895197E-30  0.45816930E-30
  0.11831683E+14  0.31193784E-30  0.45226290E-30
  0.11881188E+14  0.34165631E-30  0.44790618E-30
  0.11930693E+14  0.37836798E-30  0.44588895E-30
  0.11980198E+14  0.42659034E-30  0.44882874E-30
  0.12029703E+14  0.49116941E-30  0.46107061E-30
  0.12079208E+14  0.57615421E-30  0.49085864E-30
  0.12128713E+14  0.68529367E-30  0.55374471E-30
  0.12178218E+14  0.83204311E-30  0.68396054E-30
  0.12227723E+14  0.10348091E-29  0.10836846E-29
  0.12277228E+14  0.48770161E-30  0.14643470E-29
  0.12326733E+14  0.25424445E-30  0.13363124E-29
  0.12376238E+14  0.12379975E-30  0.12635127E-29
  0.12425743E+14  0.32197480E-31  0.12037433E-29
  0.12475248E+14 -0.34037274E-31  0.11535613E-29
  0.12524752E+14 -0.88694877E-31  0.11050186E-29
  0.12574257E+14 -0.13149854E-30  0.10639999E-29
  0.12623762E+14 -0.16849248E-30  0.10222950E-29
  0.12673267E+14 -0.19625478E-30  0.98619791E-30
  0.12722772E+14 -0.22301049E-30  0.95033610E-30
  0.12772277E+14 -0.24175736E-30  0.91668554E-30
  0.12821782E+14 -0.26024705E-30  0.88708435E-30
  0.12871287E+14 -0.27496682E-30  0.85558455E-30
  0.12920792E+14 -0.28440185E-30  0.82833858E-30
  0.12970297E+14 -0.29463104E-30  0.80189201E-30
  0.13019802E+14 -0.30083159E-30  0.77573156E-30
  0.13069307E+14 -0.30416392E-30  0.75353712E-30
  0.13118812E+14 -0.30852804E-30  0.73154132E-30
  0.13168317E+14 -0.30933971E-30  0.70983152E-30
  0.13217822E+14 -0.30740905E-30  0.69148849E-30
  0.13267327E+14 -0.30640975E-30  0.67420962E-30
  0.13316832E+14 -0.30300283E-30  0.65758430E-30
  0.13366337E+14 -0.29727986E-30  0.64360709E-30
  0.13415842E+14 -0.29197965E-30  0.63132173E-30
  0.13465347E+14 -0.28492322E-30  0.61958071E-30
  0.13514851E+14 -0.27535444E-30  0.61022338E-30
  0.13564356E+14 -0.26537160E-30  0.60473771E-30
  0.13613861E+14 -0.25602725E-30  0.60097550E-30
  0.13663366E+14 -0.24581148E-30  0.59873342E-30
  0.13712871E+14 -0.23524265E-30  0.59968008E-30
  0.13762376E+14 -0.22571828E-30  0.60245389E-30
  0.13811881E+14 -0.21600572E-30  0.60671161E-30
  0.13861386E+14 -0.20592452E-30  0.61333618E-30
  0.13910891E+14 -0.19652110E-30  0.62243109E-30
  0.13960396E+14 -0.18744305E-30  0.63287961E-30
  0.14009901E+14 -0.17783437E-30  0.64578134E-30
  0.14059406E+14 -0.16862068E-30  0.66216013E-30
  0.14108911E+14 -0.16092621E-30  0.68046335E-30
  0.14158416E+14 -0.15277375E-30  0.70112576E-30
  0.14207921E+14 -0.14449677E-30  0.72570299E-30
  0.14257426E+14 -0.13747035E-30  0.75430377E-30
  0.14306931E+14 -0.13158882E-30  0.78658818E-30
  0.14356436E+14 -0.12579054E-30  0.82321920E-30
  0.14405941E+14 -0.12102587E-30  0.86612578E-30
  0.14455446E+14 -0.11725504E-30  0.91616024E-30
  0.14504950E+14 -0.11527558E-30  0.97511243E-30
  0.14554455E+14 -0.11506460E-30  0.10447732E-29
  0.14603960E+14 -0.11621344E-30  0.11307689E-29
  0.14653465E+14 -0.12065075E-30  0.12406666E-29
  0.14702970E+14 -0.12930767E-30  0.13883967E-29
  0.14752475E+14 -0.14276481E-30  0.16139362E-29
  0.14801980E+14 -0.27751686E-30  0.20631294E-29
  0.14851485E+14 -0.86747239E-30  0.28075728E-29
  0.14900990E+14 -0.25359894E-29  0.18756034E-29
  0.14950495E+14 -0.21801528E-29  0.91545454E-30
  0.15000000E+14 -0.19159100E-29  0.51563990E-30
  0.15049505E+14 -0.16430481E-29  0.25148925E-30
  0.15099010E+14 -0.13235167E-29  0.93285806E-31
  0.15148515E+14 -0.96847148E-30  0.45865962E-31
  0.15198020E+14 -0.49101429E-30  0.20339851E-30
  0.15247525E+14  0.26757723E-31  0.12384534E-29
  0.15297030E+14 -0.13234889E-29  0.13868173E-29
  0.15346535E+14 -0.15095884E-29  0.10228138E-29
  0.15396040E+14 -0.15815105E-29  0.81647483E-30
  0.15445545E+14 -0.15977845E-29  0.67550882E-30
  0.15495050E+14 -0.16190539E-29  0.56358498E-30
  0.15544554E+14 -0.16159917E-29  0.47681836E-30
  0.15594059E+14 -0.16346819E-29  0.39671717E-30
  0.15643564E+14 -0.16334922E-29  0.31808839E-30
  0.15693069E+14 -0.16408361E-29  0.25224352E-30
  0.15742574E+14 -0.16489659E-29  0.19255785E-30
  0.15792079E+14 -0.16596221E-29  0.13562389E-30
  0.15841584E+14 -0.16912751E-29  0.60419894E-31
  0.15891089E+14 -0.17062100E-29 -0.20908061E-31
  0.15940594E+14 -0.17137841E-29 -0.11066092E-30
  0.15990099E+14 -0.17147874E-29 -0.20815858E-30
  0.16039604E+14 -0.17062775E-29 -0.30400899E-30
  0.16089109E+14 -0.16807793E-29 -0.39734109E-30
  0.16138614E+14 -0.16471339E-29 -0.49137866E-30
  0.16188119E+14 -0.15987398E-29 -0.57743668E-30
  0.16237624E+14 -0.15533334E-29 -0.65107787E-30
  0.16287129E+14 -0.15068877E-29 -0.72098650E-30
  0.16336634E+14 -0.14581931E-29 -0.78809226E-30
  0.16386139E+14 -0.14051231E-29 -0.84210921E-30
  0.16435644E+14 -0.13538738E-29 -0.89683920E-30
  0.16485149E+14 -0.13132776E-29 -0.94493782E-30
  0.16534653E+14 -0.13063756E-29 -0.10161690E-29
  0.16584158E+14 -0.12279974E-29 -0.11761789E-29
  0.16633663E+14 -0.11260922E-29 -0.12480417E-29
  0.16683168E+14 -0.10197972E-29 -0.13171873E-29
  0.16732673E+14 -0.86975801E-30 -0.13985458E-29
  0.16782178E+14 -0.76584507E-30 -0.14773670E-29
  0.16831683E+14 -0.30909838E-30 -0.15471802E-29
  0.16881188E+14 -0.27019754E-30 -0.12506394E-29
  0.16930693E+14 -0.22688714E-30 -0.11607922E-29
  0.16980198E+14 -0.16211654E-30 -0.10628900E-29
  0.17029703E+14 -0.16992067E-30 -0.96782170E-30
  0.17079208E+14 -0.17443165E-30 -0.91520862E-30
  0.17128713E+14 -0.17405151E-30 -0.87424012E-30
  0.17178218E+14 -0.16641743E-30 -0.83713694E-30
  0.17227723E+14 -0.17057373E-30 -0.80336711E-30
  0.17277228E+14 -0.18889792E-30 -0.75898295E-30
  0.17326733E+14 -0.24556613E-30 -0.73903026E-30
  0.17376238E+14 -0.42320877E-30 -0.84125099E-30
  0.17425743E+14 -0.20117307E-30 -0.10583879E-29
  0.17475248E+14 -0.15740563E-31 -0.97999089E-30
  0.17524752E+14  0.41489603E-31 -0.88992979E-30
  0.17574257E+14  0.66768589E-31 -0.83072612E-30
  0.17623762E+14  0.85997217E-31 -0.78613003E-30
  0.17673267E+14  0.10158299E-30 -0.74884776E-30
  0.17722772E+14  0.11485669E-30 -0.71842402E-30
  0.17772277E+14  0.12876316E-30 -0.69198167E-30
  0.17821782E+14  0.14322538E-30 -0.66865050E-30
  0.17871287E+14  0.15780600E-30 -0.64820998E-30
  0.17920792E+14  0.17856363E-30 -0.63142498E-30
  0.17970297E+14  0.20381258E-30 -0.61679740E-30
  0.18019802E+14  0.25042280E-30 -0.59326538E-30
  0.18069307E+14  0.30695441E-30 -0.53838045E-30
  0.18118812E+14  0.30226098E-30 -0.41836545E-30
  0.18168317E+14  0.25484388E-30 -0.38479521E-30
  0.18217822E+14  0.23332524E-30 -0.36530340E-30
  0.18267327E+14  0.21991083E-30 -0.34646961E-30
  0.18316832E+14  0.21009799E-30 -0.32930826E-30
  0.18366337E+14  0.20190818E-30 -0.31166701E-30
  0.18415842E+14  0.19356899E-30 -0.29535618E-30
  0.18465347E+14  0.18665923E-30 -0.28001451E-30
  0.18514851E+14  0.17910923E-30 -0.26482451E-30
  0.18564356E+14  0.17254018E-30 -0.25071020E-30
  0.18613861E+14  0.16495234E-30 -0.23690660E-30
  0.18663366E+14  0.15721741E-30 -0.22402164E-30
  0.18712871E+14  0.15013537E-30 -0.21228712E-30
  0.18762376E+14  0.14239025E-30 -0.20066099E-30
  0.18811881E+14  0.13384370E-30 -0.19012161E-30
  0.18861386E+14  0.12534821E-30 -0.18090469E-30
  0.18910891E+14  0.11683673E-30 -0.17233106E-30
  0.18960396E+14  0.10784673E-30 -0.16554840E-30
  0.19009901E+14  0.98625714E-31 -0.16035322E-30
  0.19059406E+14  0.91500339E-31 -0.15872964E-30
  0.19108911E+14  0.87219449E-31 -0.15572832E-30
  0.19158416E+14  0.83657563E-31 -0.15219724E-30
  0.19207921E+14  0.80346947E-31 -0.14803805E-30
  0.19257426E+14  0.77276112E-31 -0.14392643E-30
  0.19306931E+14  0.74737465E-31 -0.13936113E-30
  0.19356436E+14  0.71680330E-31 -0.13412825E-30
  0.19405941E+14  0.68325870E-31 -0.12921201E-30
  0.19455446E+14  0.64995439E-31 -0.12448809E-30
  0.19504950E+14  0.61395412E-31 -0.11947694E-30
  0.19554455E+14  0.57640722E-31 -0.11504912E-30
  0.19603960E+14  0.53999018E-31 -0.11080470E-30
  0.19653465E+14  0.50204057E-31 -0.10650879E-30
  0.19702970E+14  0.46196036E-31 -0.10248036E-30
  0.19752475E+14  0.42515225E-31 -0.98905537E-31
  0.19801980E+14  0.38480847E-31 -0.95059416E-31
  0.19851485E+14  0.34349413E-31 -0.91714322E-31
  0.19900990E+14  0.30536408E-31 -0.88712405E-31
  0.19950495E+14  0.26388593E-31 -0.85463880E-31
  0.20000000E+14  0.22277855E-31 -0.82785802E-31
  0.20049505E+14  0.18200080E-31 -0.80283685E-31
  0.20099010E+14  0.14049879E-31 -0.77760506E-31
  0.20148515E+14  0.99263060E-32 -0.75738885E-31
  0.20198020E+14  0.57599759E-32 -0.73837381E-31
  0.20247525E+14  0.16679046E-32 -0.72014679E-31
  0.20297030E+14 -0.24613729E-32 -0.70636759E-31
  0.20346535E+14 -0.64972444E-32 -0.69374522E-31
  0.20396040E+14 -0.10426074E-31 -0.68255597E-31
  0.20445545E+14 -0.14404011E-31 -0.67519130E-31
  0.20495050E+14 -0.18178696E-31 -0.66804018E-31
  0.20544554E+14 -0.21904075E-31 -0.66383038E-31
  0.20594059E+14 -0.25510348E-31 -0.66098862E-31
  0.20643564E+14 -0.28987303E-31 -0.65667955E-31
  0.20693069E+14 -0.32717802E-31 -0.65338021E-31
  0.20742574E+14 -0.36603946E-31 -0.65720440E-31
  0.20792079E+14 -0.39775818E-31 -0.66138340E-31
  0.20841584E+14 -0.42883846E-31 -0.66422054E-31
  0.20891089E+14 -0.46187809E-31 -0.66805864E-31
  0.20940594E+14 -0.49484219E-31 -0.67383062E-31
  0.20990099E+14 -0.52580472E-31 -0.68172546E-31
  0.21039604E+14 -0.55768446E-31 -0.68925942E-31
  0.21089109E+14 -0.58787086E-31 -0.69967808E-31
  0.21138614E+14 -0.61817464E-31 -0.71087976E-31
  0.21188119E+14 -0.64777601E-31 -0.72443188E-31
  0.21237624E+14 -0.67615354E-31 -0.73873669E-31
  0.21287129E+14 -0.70501207E-31 -0.75422309E-31
  0.21336634E+14 -0.73235086E-31 -0.77197932E-31
  0.21386139E+14 -0.75930031E-31 -0.79064350E-31
  0.21435644E+14 -0.78478221E-31 -0.81253464E-31
  0.21485149E+14 -0.80723468E-31 -0.83486447E-31
  0.21534653E+14 -0.83046525E-31 -0.85778228E-31
  0.21584158E+14 -0.85226928E-31 -0.88305007E-31
  0.21633663E+14 -0.87219681E-31 -0.90886321E-31
  0.21683168E+14 -0.89131117E-31 -0.93718319E-31
  0.21732673E+14 -0.90778646E-31 -0.96638567E-31
  0.21782178E+14 -0.92269574E-31 -0.99609275E-31
  0.21831683E+14 -0.93878982E-31 -0.10280451E-30
  0.21881188E+14 -0.95111452E-31 -0.10616091E-30
  0.21930693E+14 -0.96065780E-31 -0.10965540E-30
  0.21980198E+14 -0.96864739E-31 -0.11321837E-30
  0.22029703E+14 -0.97316771E-31 -0.11691861E-30
  0.22079208E+14 -0.97671213E-31 -0.12077950E-30
  0.22128713E+14 -0.97604830E-31 -0.12496996E-30
  0.22178218E+14 -0.96522443E-31 -0.12899155E-30
  0.22227723E+14 -0.95201186E-31 -0.13243592E-30
  0.22277228E+14 -0.93833135E-31 -0.13549496E-30
  0.22326733E+14 -0.92513235E-31 -0.13830314E-30
  0.22376238E+14 -0.91248577E-31 -0.14117023E-30
  0.22425743E+14 -0.89576148E-31 -0.14382174E-30
  0.22475248E+14 -0.88060397E-31 -0.14622114E-30
  0.22524752E+14 -0.86525422E-31 -0.14868460E-30
  0.22574257E+14 -0.84883733E-31 -0.15084803E-30
  0.22623762E+14 -0.83472044E-31 -0.15311041E-30
  0.22673267E+14 -0.81642561E-31 -0.15535196E-30
  0.22722772E+14 -0.79959050E-31 -0.15729961E-30
  0.22772277E+14 -0.78370162E-31 -0.15941127E-30
  0.22821782E+14 -0.76369741E-31 -0.16120645E-30
  0.22871287E+14 -0.74838901E-31 -0.16312880E-30
  0.22920792E+14 -0.72700252E-31 -0.16504121E-30
  0.22970297E+14 -0.71103022E-31 -0.16671082E-30
  0.23019802E+14 -0.68795679E-31 -0.16858961E-30
  0.23069307E+14 -0.67155436E-31 -0.16985209E-30
  0.23118812E+14 -0.65420504E-31 -0.17187334E-30
  0.23168317E+14 -0.63018850E-31 -0.17313322E-30
  0.23217822E+14 -0.61391135E-31 -0.17466574E-30
  0.23267327E+14 -0.58903525E-31 -0.17641524E-30
  0.23316832E+14 -0.56924498E-31 -0.17739873E-30
  0.23366337E+14 -0.55069962E-31 -0.17890499E-30
  0.23415842E+14 -0.52710777E-31 -0.18037549E-30
  0.23465347E+14 -0.50567752E-31 -0.18144192E-30
  0.23514851E+14 -0.48437459E-31 -0.18264926E-30
  0.23564356E+14 -0.46310452E-31 -0.18393111E-30
  0.23613861E+14 -0.43871255E-31 -0.18500261E-30
  0.23663366E+14 -0.41709502E-31 -0.18595508E-30
  0.23712871E+14 -0.39546067E-31 -0.18708240E-30
  0.23762376E+14 -0.37069472E-31 -0.18816537E-30
  0.23811881E+14 -0.34730314E-31 -0.18891037E-30
  0.23861386E+14 -0.32527097E-31 -0.18977912E-30
  0.23910891E+14 -0.30236096E-31 -0.19074524E-30
  0.23960396E+14 -0.27699847E-31 -0.19160779E-30
  0.24009901E+14 -0.25289898E-31 -0.19226048E-30
  0.24059406E+14 -0.22944314E-31 -0.19292891E-30
  0.24108911E+14 -0.20567945E-31 -0.19370039E-30
  0.24158416E+14 -0.18006539E-31 -0.19426328E-30
  0.24207921E+14 -0.15628281E-31 -0.19479623E-30
  0.24257426E+14 -0.13200694E-31 -0.19540585E-30
  0.24306931E+14 -0.10619442E-31 -0.19597245E-30
  0.24356436E+14 -0.80525366E-32 -0.19627074E-30
  0.24405941E+14 -0.56682939E-32 -0.19662082E-30
  0.24455446E+14 -0.32309507E-32 -0.19707359E-30
  0.24504950E+14 -0.58381511E-33 -0.19751129E-30
  0.24554455E+14  0.20411323E-32 -0.19769162E-30
  0.24603960E+14  0.45471262E-32 -0.19783169E-30
  0.24653465E+14  0.70162399E-32 -0.19804122E-30
  0.24702970E+14  0.96595735E-32 -0.19824148E-30
  0.24752475E+14  0.12211305E-31 -0.19828327E-30
  0.24801980E+14  0.14748732E-31 -0.19836743E-30
  0.24851485E+14  0.17377251E-31 -0.19844917E-30
  0.24900990E+14  0.20092544E-31 -0.19832629E-30
  0.24950495E+14  0.22584624E-31 -0.19814279E-30
  0.25000000E+14  0.25074829E-31 -0.19808801E-30
  0.25049505E+14  0.27692275E-31 -0.19808025E-30
  0.25099010E+14  0.30480129E-31 -0.19783318E-30
  0.25148515E+14  0.33091363E-31 -0.19745907E-30
  0.25198020E+14  0.35599795E-31 -0.19712224E-30
  0.25247525E+14  0.38143278E-31 -0.19689075E-30
  0.25297030E+14  0.40846707E-31 -0.19651393E-30
  0.25346535E+14  0.43457873E-31 -0.19608258E-30
  0.25396040E+14  0.46084034E-31 -0.19560121E-30
  0.25445545E+14  0.48734173E-31 -0.19509997E-30
  0.25495050E+14  0.51317095E-31 -0.19444099E-30
  0.25544554E+14  0.53819506E-31 -0.19388096E-30
  0.25594059E+14  0.56402965E-31 -0.19334638E-30
  0.25643564E+14  0.59197637E-31 -0.19271865E-30
  0.25693069E+14  0.61795311E-31 -0.19181252E-30
  0.25742574E+14  0.64266292E-31 -0.19097749E-30
  0.25792079E+14  0.66739126E-31 -0.19028465E-30
  0.25841584E+14  0.69447180E-31 -0.18951383E-30
  0.25891089E+14  0.72070759E-31 -0.18855698E-30
  0.25940594E+14  0.74607514E-31 -0.18753051E-30
  0.25990099E+14  0.77098658E-31 -0.18656657E-30
  0.26039604E+14  0.79649283E-31 -0.18553841E-30
  0.26089109E+14  0.82159277E-31 -0.18449243E-30
  0.26138614E+14  0.84708469E-31 -0.18343096E-30
  0.26188119E+14  0.87283443E-31 -0.18227226E-30
  0.26237624E+14  0.89819028E-31 -0.18094812E-30
  0.26287129E+14  0.92171093E-31 -0.17969211E-30
  0.26336634E+14  0.94597056E-31 -0.17851393E-30
  0.26386139E+14  0.97206152E-31 -0.17729801E-30
  0.26435644E+14  0.99744380E-31 -0.17576460E-30
  0.26485149E+14  0.10207415E-30 -0.17425872E-30
  0.26534653E+14  0.10435385E-30 -0.17288506E-30
  0.26584158E+14  0.10685286E-30 -0.17150931E-30
  0.26633663E+14  0.10930954E-30 -0.16993707E-30
  0.26683168E+14  0.11170094E-30 -0.16826263E-30
  0.26732673E+14  0.11397144E-30 -0.16662859E-30
  0.26782178E+14  0.11628807E-30 -0.16497307E-30
  0.26831683E+14  0.11858116E-30 -0.16332629E-30
  0.26881188E+14  0.12093578E-30 -0.16162172E-30
  0.26930693E+14  0.12331415E-30 -0.15976784E-30
  0.26980198E+14  0.12548653E-30 -0.15779695E-30
  0.27029703E+14  0.12757412E-30 -0.15598422E-30
  0.27079208E+14  0.12980889E-30 -0.15422784E-30
  0.27128713E+14  0.13220943E-30 -0.15226927E-30
  0.27178218E+14  0.13434460E-30 -0.15006510E-30
  0.27227723E+14  0.13631221E-30 -0.14798731E-30
  0.27277228E+14  0.13834154E-30 -0.14608919E-30
  0.27326733E+14  0.14059100E-30 -0.14401431E-30
  0.27376238E+14  0.14275922E-30 -0.14174784E-30
  0.27425743E+14  0.14467884E-30 -0.13943287E-30
  0.27475248E+14  0.14658537E-30 -0.13722800E-30
  0.27524752E+14  0.14855347E-30 -0.13503516E-30
  0.27574257E+14  0.15058835E-30 -0.13276418E-30
  0.27623762E+14  0.15258420E-30 -0.13028869E-30
  0.27673267E+14  0.15439014E-30 -0.12774820E-30
  0.27722772E+14  0.15608633E-30 -0.12539743E-30
  0.27772277E+14  0.15795726E-30 -0.12305935E-30
  0.27821782E+14  0.15996959E-30 -0.12046042E-30
  0.27871287E+14  0.16161984E-30 -0.11768983E-30
  0.27920792E+14  0.16311344E-30 -0.11512754E-30
  0.27970297E+14  0.16484659E-30 -0.11267661E-30
  0.28019802E+14  0.16669077E-30 -0.10995024E-30
  0.28069307E+14  0.16823930E-30 -0.10703429E-30
  0.28118812E+14  0.16960699E-30 -0.10428528E-30
  0.28168317E+14  0.17116200E-30 -0.10161688E-30
  0.28217822E+14  0.17276890E-30 -0.98783984E-31
  0.28267327E+14  0.17422546E-30 -0.95755658E-31
  0.28316832E+14  0.17548647E-30 -0.92786505E-31
  0.28366337E+14  0.17676167E-30 -0.89942956E-31
  0.28415842E+14  0.17818208E-30 -0.87035819E-31
  0.28465347E+14  0.17955437E-30 -0.83831647E-31
  0.28514851E+14  0.18057038E-30 -0.80651419E-31
  0.28564356E+14  0.18163036E-30 -0.77717784E-31
  0.28613861E+14  0.18293516E-30 -0.74676958E-31
  0.28663366E+14  0.18410191E-30 -0.71244519E-31
  0.28712871E+14  0.18484833E-30 -0.67949074E-31
  0.28762376E+14  0.18573614E-30 -0.64926728E-31
  0.28811881E+14  0.18688632E-30 -0.61656958E-31
  0.28861386E+14  0.18772963E-30 -0.58079410E-31
  0.28910891E+14  0.18825341E-30 -0.54733629E-31
  0.28960396E+14  0.18902235E-30 -0.51523398E-31
  0.29009901E+14  0.18990346E-30 -0.48052319E-31
  0.29059406E+14  0.19043803E-30 -0.44378930E-31
  0.29108911E+14  0.19079239E-30 -0.40933902E-31
  0.29158416E+14  0.19133378E-30 -0.37555777E-31
  0.29207921E+14  0.19191604E-30 -0.33854001E-31
  0.29257426E+14  0.19206665E-30 -0.30117763E-31
  0.29306931E+14  0.19226552E-30 -0.26654681E-31
  0.29356436E+14  0.19266094E-30 -0.23034913E-31
  0.29405941E+14  0.19273051E-30 -0.19111900E-31
  0.29455446E+14  0.19259338E-30 -0.15450967E-31
  0.29504950E+14  0.19267273E-30 -0.11871945E-31
  0.29554455E+14  0.19270456E-30 -0.78553291E-32
  0.29603960E+14  0.19223681E-30 -0.39933124E-32
  0.29653465E+14  0.19201857E-30 -0.37498692E-33
  0.29702970E+14  0.19187408E-30  0.36215567E-32
  0.29752475E+14  0.19118788E-30  0.76523678E-32
  0.29801980E+14  0.19059794E-30  0.11362848E-31
  0.29851485E+14  0.19022580E-30  0.15350883E-31
  0.29900990E+14  0.18930286E-30  0.19528529E-31
  0.29950495E+14  0.18832480E-30  0.23333378E-31
  0.30000000E+14  0.18766022E-30  0.27332153E-31
  0.30049505E+14  0.18647100E-30  0.31565083E-31
  0.30099010E+14  0.18516137E-30  0.35434216E-31
  0.30148515E+14  0.18412672E-30  0.39496427E-31
  0.30198020E+14  0.18257408E-30  0.43778255E-31
  0.30247525E+14  0.18098904E-30  0.47668085E-31
  0.30297030E+14  0.17952038E-30  0.51834045E-31
  0.30346535E+14  0.17753023E-30  0.56045411E-31
  0.30396040E+14  0.17562513E-30  0.59972306E-31
  0.30445545E+14  0.17372974E-30  0.64274758E-31
  0.30495050E+14  0.17131188E-30  0.68353812E-31
  0.30544554E+14  0.16909820E-30  0.72374183E-31
  0.30594059E+14  0.16647298E-30  0.76671614E-31
  0.30643564E+14  0.16364610E-30  0.80580591E-31
  0.30693069E+14  0.16092076E-30  0.84781075E-31
  0.30742574E+14  0.15757319E-30  0.88832731E-31
  0.30792079E+14  0.15441904E-30  0.92791724E-31
  0.30841584E+14  0.15068612E-30  0.96909370E-31
  0.30891089E+14  0.14690631E-30  0.10068613E-30
  0.30940594E+14  0.14282637E-30  0.10467448E-30
  0.30990099E+14  0.13831250E-30  0.10834010E-30
  0.31039604E+14  0.13358965E-30  0.11203569E-30
  0.31089109E+14  0.12814110E-30  0.11548914E-30
  0.31138614E+14  0.12227861E-30  0.11863254E-30
  0.31188119E+14  0.11482452E-30  0.12068035E-30
  0.31237624E+14  0.10987436E-30  0.11984879E-30
  0.31287129E+14  0.10526771E-30  0.12086478E-30
  0.31336634E+14  0.10112289E-30  0.12204970E-30
  0.31386139E+14  0.96083977E-31  0.12292486E-30
  0.31435644E+14  0.91969455E-31  0.12423417E-30
  0.31485149E+14  0.86958896E-31  0.12505823E-30
  0.31534653E+14  0.81743058E-31  0.12607206E-30
  0.31584158E+14  0.76923022E-31  0.12682575E-30
  0.31633663E+14  0.71867135E-31  0.12721699E-30
  0.31683168E+14  0.66449428E-31  0.12746113E-30
  0.31732673E+14  0.60774167E-31  0.12744857E-30
  0.31782178E+14  0.55582574E-31  0.12718647E-30
  0.31831683E+14  0.50173578E-31  0.12645714E-30
  0.31881188E+14  0.44351160E-31  0.12535758E-30
  0.31930693E+14  0.38670192E-31  0.12407957E-30
  0.31980198E+14  0.33250668E-31  0.12221262E-30
  0.32029703E+14  0.27572768E-31  0.12002938E-30
  0.32079208E+14  0.22686528E-31  0.11714795E-30
  0.32128713E+14  0.17207032E-31  0.11408947E-30
  0.32178218E+14  0.12619198E-31  0.10984781E-30
  0.32227723E+14  0.83672236E-32  0.10591910E-30
  0.32277228E+14  0.47683953E-32  0.10132016E-30
  0.32326733E+14  0.12723538E-32  0.96765267E-31
  0.32376238E+14 -0.12531931E-32  0.89847899E-31
  0.32425743E+14 -0.39471209E-32  0.79408789E-31
  0.32475248E+14  0.00000000E+00  0.83350525E-31
  0.32524752E+14  0.00000000E+00  0.77611719E-31
  0.32574257E+14  0.00000000E+00  0.74685302E-31
  0.32623762E+14  0.00000000E+00  0.72071266E-31
  0.32673267E+14  0.00000000E+00  0.69681239E-31
  0.32722772E+14  0.00000000E+00  0.67473521E-31
  0.32772277E+14  0.00000000E+00  0.65420374E-31
  0.32821782E+14  0.00000000E+00  0.63501115E-31
  0.32871287E+14  0.00000000E+00  0.61699497E-31
  0.32920792E+14  0.00000000E+00  0.60002370E-31
  0.32970297E+14  0.00000000E+00  0.58398856E-31
  0.33019802E+14  0.00000000E+00  0.56879817E-31
  0.33069307E+14  0.00000000E+00  0.55437474E-31
  0.33118812E+14  0.00000000E+00  0.54065134E-31
  0.33168317E+14  0.00000000E+00  0.52756982E-31
  0.33217822E+14  0.00000000E+00  0.51507930E-31
  0.33267327E+14  0.00000000E+00  0.50313491E-31
  0.33316832E+14  0.00000000E+00  0.49169684E-31
  0.33366337E+14  0.00000000E+00  0.48072960E-31
  0.33415842E+14  0.00000000E+00  0.47020136E-31
  0.33465347E+14  0.00000000E+00  0.46008345E-31
  0.33514851E+14  0.00000000E+00  0.45034994E-31
  0.33564356E+14  0.00000000E+00  0.44097731E-31
  0.33613861E+14  0.00000000E+00  0.43194412E-31
  0.33663366E+14  0.00000000E+00  0.42323077E-31
  0.33712871E+14  0.00000000E+00  0.41481933E-31
  0.33762376E+14  0.00000000E+00  0.40669329E-31
  0.33811881E+14  0.00000000E+00  0.39883744E-31
  0.33861386E+14  0.00000000E+00  0.39123775E-31
  0.33910891E+14  0.00000000E+00  0.38388122E-31
  0.33960396E+14  0.00000000E+00  0.37675580E-31
  0.34009901E+14  0.00000000E+00  0.36985027E-31
  0.34059406E+14  0.00000000E+00  0.36315421E-31
  0.34108911E+14  0.00000000E+00  0.35665788E-31
  0.34158416E+14  0.00000000E+00  0.35035220E-31
  0.34207921E+14  0.00000000E+00  0.34422864E-31
  0.34257426E+14  0.00000000E+00  0.33827924E-31
  0.34306931E+14  0.00000000E+00  0.33249650E-31
  0.34356436E+14  0.00000000E+00  0.32687341E-31
  0.34405941E+14  0.00000000E+00  0.32140333E-31
  0.34455446E+14  0.00000000E+00  0.31608004E-31
  0.34504950E+14  0.00000000E+00  0.31089765E-31
  0.34554455E+14  0.00000000E+00  0.30585060E-31
  0.34603960E+14  0.00000000E+00  0.30093366E-31
  0.34653465E+14  0.00000000E+00  0.29614184E-31
  0.34702970E+14  0.00000000E+00  0.29147045E-31
  0.34752475E+14  0.00000000E+00  0.28691502E-31
  0.34801980E+14  0.00000000E+00  0.28247132E-31
  0.34851485E+14  0.00000000E+00  0.27813534E-31
  0.34900990E+14  0.00000000E+00  0.27390324E-31
  0.34950495E+14  0.00000000E+00  0.26977140E-31
  0.35000000E+14  0.00000000E+00  0.26573635E-31
  0.35049505E+14  0.00000000E+00  0.26179479E-31
  0.35099010E+14  0.00000000E+00  0.25794359E-31
  0.35148515E+14  0.00000000E+00  0.25417973E-31
  0.35198020E+14  0.00000000E+00  0.25050037E-31
  0.35247525E+14  0.00000000E+00  0.24690275E-31
  0.35297030E+14  0.00000000E+00  0.24338427E-31
  0.35346535E+14  0.00000000E+00  0.23994242E-31
  0.35396040E+14  0.00000000E+00  0.23657481E-31
  0.35445545E+14  0.00000000E+00  0.23327914E-31
  0.35495050E+14  0.00000000E+00  0.23005322E-31
  0.35544554E+14  0.00000000E+00  0.22689493E-31
  0.35594059E+14  0.00000000E+00  0.22380227E-31
  0.35643564E+14  0.00000000E+00  0.22077328E-31
  0.35693069E+14  0.00000000E+00  0.21780610E-31
  0.35742574E+14  0.00000000E+00  0.21489895E-31
  0.35792079E+14  0.00000000E+00  0.21205010E-31
  0.35841584E+14  0.00000000E+00  0.20925790E-31
  0.35891089E+14  0.00000000E+00  0.20652077E-31
  0.35940594E+14  0.00000000E+00  0.20383716E-31
  0.35990099E+14  0.00000000E+00  0.20120560E-31
  0.36039604E+14  0.00000000E+00  0.19862468E-31
  0.36089109E+14  0.00000000E+00  0.19609302E-31
  0.36138614E+14  0.00000000E+00  0.19360931E-31
  0.36188119E+14  0.00000000E+00  0.19117228E-31
  0.36237624E+14  0.00000000E+00  0.18878069E-31
  0.36287129E+14  0.00000000E+00  0.18643336E-31
  0.36336634E+14  0.00000000E+00  0.18412915E-31
  0.36386139E+14  0.00000000E+00  0.18186696E-31
  0.36435644E+14  0.00000000E+00  0.17964572E-31
  0.36485149E+14  0.00000000E+00  0.17746439E-31
  0.36534653E+14  0.00000000E+00  0.17532199E-31
  0.36584158E+14  0.00000000E+00  0.17321754E-31
  0.36633663E+14  0.00000000E+00  0.17115012E-31
  0.36683168E+14  0.00000000E+00  0.16911883E-31
  0.36732673E+14  0.00000000E+00  0.16712278E-31
  0.36782178E+14  0.00000000E+00  0.16516114E-31
  0.36831683E+14  0.00000000E+00  0.16323309E-31
  0.36881188E+14  0.00000000E+00  0.16133783E-31
  0.36930693E+14  0.00000000E+00  0.15947459E-31
  0.36980198E+14  0.00000000E+00  0.15764264E-31
  0.37029703E+14  0.00000000E+00  0.15584125E-31
  0.37079208E+14  0.00000000E+00  0.15406972E-31
  0.37128713E+14  0.00000000E+00  0.15232736E-31
  0.37178218E+14  0.00000000E+00  0.15061353E-31
  0.37227723E+14  0.00000000E+00  0.14892758E-31
  0.37277228E+14  0.00000000E+00  0.14726890E-31
  0.37326733E+14  0.00000000E+00  0.14563687E-31
  0.37376238E+14  0.00000000E+00  0.14403092E-31
  0.37425743E+14  0.00000000E+00  0.14245047E-31
  0.37475248E+14  0.00000000E+00  0.14089497E-31
  0.37524752E+14  0.00000000E+00  0.13936389E-31
  0.37574257E+14  0.00000000E+00  0.13785671E-31
  0.37623762E+14  0.00000000E+00  0.13637291E-31
  0.37673267E+14  0.00000000E+00  0.13491201E-31
  0.37722772E+14  0.00000000E+00  0.13347353E-31
  0.37772277E+14  0.00000000E+00  0.13205699E-31
  0.37821782E+14  0.00000000E+00  0.13066195E-31
  0.37871287E+14  0.00000000E+00  0.12928796E-31
  0.37920792E+14  0.00000000E+00  0.12793459E-31
  0.37970297E+14  0.00000000E+00  0.12660142E-31
  0.38019802E+14  0.00000000E+00  0.12528806E-31
  0.38069307E+14  0.00000000E+00  0.12399409E-31
  0.38118812E+14  0.00000000E+00  0.12271913E-31
  0.38168317E+14  0.00000000E+00  0.12146281E-31
  0.38217822E+14  0.00000000E+00  0.12022476E-31
  0.38267327E+14  0.00000000E+00  0.11900462E-31
  0.38316832E+14  0.00000000E+00  0.11780204E-31
  0.38366337E+14  0.00000000E+00  0.11661669E-31
  0.38415842E+14  0.00000000E+00  0.11544822E-31
  0.38465347E+14  0.00000000E+00  0.11429633E-31
  0.38514851E+14  0.00000000E+00  0.11316068E-31
  0.38564356E+14  0.00000000E+00  0.11204098E-31
  0.38613861E+14  0.00000000E+00  0.11093693E-31
  0.38663366E+14  0.00000000E+00  0.10984822E-31
  0.38712871E+14  0.00000000E+00  0.10877458E-31
  0.38762376E+14  0.00000000E+00  0.10771573E-31
  0.38811881E+14  0.00000000E+00  0.10667140E-31
  0.38861386E+14  0.00000000E+00  0.10564131E-31
  0.38910891E+14  0.00000000E+00  0.10462521E-31
  0.38960396E+14  0.00000000E+00  0.10362285E-31
  0.39009901E+14  0.00000000E+00  0.10263397E-31
  0.39059406E+14  0.00000000E+00  0.10165835E-31
  0.39108911E+14  0.00000000E+00  0.10069573E-31
  0.39158416E+14  0.00000000E+00  0.99745886E-32
  0.39207921E+14  0.00000000E+00  0.98808598E-32
  0.39257426E+14  0.00000000E+00  0.97883642E-32
  0.39306931E+14  0.00000000E+00  0.96970803E-32
  0.39356436E+14  0.00000000E+00  0.96069868E-32
  0.39405941E+14  0.00000000E+00  0.95180633E-32
  0.39455446E+14  0.00000000E+00  0.94302895E-32
  0.39504950E+14  0.00000000E+00  0.93436458E-32
  0.39554455E+14  0.00000000E+00  0.92581128E-32
  0.39603960E+14  0.00000000E+00  0.91736717E-32
  0.39653465E+14  0.00000000E+00  0.90903039E-32
  0.39702970E+14  0.00000000E+00  0.90079915E-32
  0.39752475E+14  0.00000000E+00  0.89267168E-32
  0.39801980E+14  0.00000000E+00  0.88464624E-32
  0.39851485E+14  0.00000000E+00  0.87672114E-32
  0.39900990E+14  0.00000000E+00  0.86889473E-32
  0.39950495E+14  0.00000000E+00  0.86116538E-32
  0.40000000E+14  0.00000000E+00  0.85353150E-32
  0.40049505E+14  0.00000000E+00  0.84599153E-32
  0.40099010E+14  0.00000000E+00  0.83854396E-32
  0.40148515E+14  0.00000000E+00  0.83118728E-32
  0.40198020E+14  0.00000000E+00  0.82392004E-32
  0.40247525E+14  0.00000000E+00  0.81674081E-32
  0.40297030E+14  0.00000000E+00  0.80964818E-32
  0.40346535E+14  0.00000000E+00  0.80264078E-32
  0.40396040E+14  0.00000000E+00  0.79571725E-32
  0.40445545E+14  0.00000000E+00  0.78887629E-32
  0.40495050E+14  0.00000000E+00  0.78211659E-32
  0.40544554E+14  0.00000000E+00  0.77543688E-32
  0.40594059E+14  0.00000000E+00  0.76883593E-32
  0.40643564E+14  0.00000000E+00  0.76231252E-32
  0.40693069E+14  0.00000000E+00  0.75586545E-32
  0.40742574E+14  0.00000000E+00  0.74949354E-32
  0.40792079E+14  0.00000000E+00  0.74319566E-32
  0.40841584E+14  0.00000000E+00  0.73697066E-32
  0.40891089E+14  0.00000000E+00  0.73081746E-32
  0.40940594E+14  0.00000000E+00  0.72473495E-32
  0.40990099E+14  0.00000000E+00  0.71872209E-32
  0.41039604E+14  0.00000000E+00  0.71277782E-32
  0.41089109E+14  0.00000000E+00  0.70690113E-32
  0.41138614E+14  0.00000000E+00  0.70109100E-32
  0.41188119E+14  0.00000000E+00  0.69534646E-32
  0.41237624E+14  0.00000000E+00  0.68966653E-32
  0.41287129E+14  0.00000000E+00  0.68405027E-32
  0.41336634E+14  0.00000000E+00  0.67849674E-32
  0.41386139E+14  0.00000000E+00  0.67300503E-32
  0.41435644E+14  0.00000000E+00  0.66757424E-32
  0.41485149E+14  0.00000000E+00  0.66220350E-32
  0.41534653E+14  0.00000000E+00  0.65689193E-32
  0.41584158E+14  0.00000000E+00  0.65163868E-32
  0.41633663E+14  0.00000000E+00  0.64644293E-32
  0.41683168E+14  0.00000000E+00  0.64130385E-32
  0.41732673E+14  0.00000000E+00  0.63622063E-32
  0.41782178E+14  0.00000000E+00  0.63119249E-32
  0.41831683E+14  0.00000000E+00  0.62621865E-32
  0.41881188E+14  0.00000000E+00  0.62129835E-32
  0.41930693E+14  0.00000000E+00  0.61643084E-32
  0.41980198E+14  0.00000000E+00  0.61161538E-32
  0.42029703E+14  0.00000000E+00  0.60685124E-32
  0.42079208E+14  0.00000000E+00  0.60213773E-32
  0.42128713E+14  0.00000000E+00  0.59747413E-32
  0.42178218E+14  0.00000000E+00  0.59285977E-32
  0.42227723E+14  0.00000000E+00  0.58829396E-32
  0.42277228E+14  0.00000000E+00  0.58377606E-32
  0.42326733E+14  0.00000000E+00  0.57930539E-32
  0.42376238E+14  0.00000000E+00  0.57488133E-32
  0.42425743E+14  0.00000000E+00  0.57050325E-32
  0.42475248E+14  0.00000000E+00  0.56617051E-32
  0.42524752E+14  0.00000000E+00  0.56188253E-32
  0.42574257E+14  0.00000000E+00  0.55763869E-32
  0.42623762E+14  0.00000000E+00  0.55343841E-32
  0.42673267E+14  0.00000000E+00  0.54928111E-32
  0.42722772E+14  0.00000000E+00  0.54516623E-32
  0.42772277E+14  0.00000000E+00  0.54109319E-32
  0.42821782E+14  0.00000000E+00  0.53706146E-32
  0.42871287E+14  0.00000000E+00  0.53307049E-32
  0.42920792E+14  0.00000000E+00  0.52911974E-32
  0.42970297E+14  0.00000000E+00  0.52520870E-32
  0.43019802E+14  0.00000000E+00  0.52133685E-32
  0.43069307E+14  0.00000000E+00  0.51750368E-32
  0.43118812E+14  0.00000000E+00  0.51370869E-32
  0.43168317E+14  0.00000000E+00  0.50995139E-32
  0.43217822E+14  0.00000000E+00  0.50623130E-32
  0.43267327E+14  0.00000000E+00  0.50254795E-32
  0.43316832E+14  0.00000000E+00  0.49890086E-32
  0.43366337E+14  0.00000000E+00  0.49528957E-32
  0.43415842E+14  0.00000000E+00  0.49171364E-32
  0.43465347E+14  0.00000000E+00  0.48817261E-32
  0.43514851E+14  0.00000000E+00  0.48466605E-32
  0.43564356E+14  0.00000000E+00  0.48119352E-32
  0.43613861E+14  0.00000000E+00  0.47775461E-32
  0.43663366E+14  0.00000000E+00  0.47434888E-32
  0.43712871E+14  0.00000000E+00  0.47097593E-32
  0.43762376E+14  0.00000000E+00  0.46763536E-32
  0.43811881E+14  0.00000000E+00  0.46432676E-32
  0.43861386E+14  0.00000000E+00  0.46104974E-32
  0.43910891E+14  0.00000000E+00  0.45780391E-32
  0.43960396E+14  0.00000000E+00  0.45458889E-32
  0.44009901E+14  0.00000000E+00  0.45140430E-32
  0.44059406E+14  0.00000000E+00  0.44824978E-32
  0.44108911E+14  0.00000000E+00  0.44512496E-32
  0.44158416E+14  0.00000000E+00  0.44202948E-32
  0.44207921E+14  0.00000000E+00  0.43896298E-32
  0.44257426E+14  0.00000000E+00  0.43592513E-32
  0.44306931E+14  0.00000000E+00  0.43291557E-32
  0.44356436E+14  0.00000000E+00  0.42993397E-32
  0.44405941E+14  0.00000000E+00  0.42697999E-32
  0.44455446E+14  0.00000000E+00  0.42405330E-32
  0.44504950E+14  0.00000000E+00  0.42115359E-32
  0.44554455E+14  0.00000000E+00  0.41828053E-32
  0.44603960E+14  0.00000000E+00  0.41543382E-32
  0.44653465E+14  0.00000000E+00  0.41261313E-32
  0.44702970E+14  0.00000000E+00  0.40981817E-32
  0.44752475E+14  0.00000000E+00  0.40704863E-32
  0.44801980E+14  0.00000000E+00  0.40430422E-32
  0.44851485E+14  0.00000000E+00  0.40158465E-32
  0.44900990E+14  0.00000000E+00  0.39888963E-32
  0.44950495E+14  0.00000000E+00  0.39621887E-32
  0.45000000E+14  0.00000000E+00  0.39357210E-32
  0.45049505E+14  0.00000000E+00  0.39094904E-32
  0.45099010E+14  0.00000000E+00  0.38834942E-32
  0.45148515E+14  0.00000000E+00  0.38577297E-32
  0.45198020E+14  0.00000000E+00  0.38321943E-32
  0.45247525E+14  0.00000000E+00  0.38068853E-32
  0.45297030E+14  0.00000000E+00  0.37818002E-32
  0.45346535E+14  0.00000000E+00  0.37569365E-32
  0.45396040E+14  0.00000000E+00  0.37322917E-32
  0.45445545E+14  0.00000000E+00  0.37078633E-32
  0.45495050E+14  0.00000000E+00  0.36836489E-32
  0.45544554E+14  0.00000000E+00  0.36596460E-32
  0.45594059E+14  0.00000000E+00  0.36358525E-32
  0.45643564E+14  0.00000000E+00  0.36122658E-32
  0.45693069E+14  0.00000000E+00  0.35888837E-32
  0.45742574E+14  0.00000000E+00  0.35657040E-32
  0.45792079E+14  0.00000000E+00  0.35427243E-32
  0.45841584E+14  0.00000000E+00  0.35199426E-32
  0.45891089E+14  0.00000000E+00  0.34973567E-32
  0.45940594E+14  0.00000000E+00  0.34749643E-32
  0.45990099E+14  0.00000000E+00  0.34527634E-32
  0.46039604E+14  0.00000000E+00  0.34307519E-32
  0.46089109E+14  0.00000000E+00  0.34089277E-32
  0.46138614E+14  0.00000000E+00  0.33872889E-32
  0.46188119E+14  0.00000000E+00  0.33658333E-32
  0.46237624E+14  0.00000000E+00  0.33445590E-32
  0.46287129E+14  0.00000000E+00  0.33234642E-32
  0.46336634E+14  0.00000000E+00  0.33025467E-32
  0.46386139E+14  0.00000000E+00  0.32818049E-32
  0.46435644E+14  0.00000000E+00  0.32612367E-32
  0.46485149E+14  0.00000000E+00  0.32408403E-32
  0.46534653E+14  0.00000000E+00  0.32206139E-32
  0.46584158E+14  0.00000000E+00  0.32005557E-32
  0.46633663E+14  0.00000000E+00  0.31806639E-32
  0.46683168E+14  0.00000000E+00  0.31609368E-32
  0.46732673E+14  0.00000000E+00  0.31413726E-32
  0.46782178E+14  0.00000000E+00  0.31219696E-32
  0.46831683E+14  0.00000000E+00  0.31027262E-32
  0.46881188E+14  0.00000000E+00  0.30836406E-32
  0.46930693E+14  0.00000000E+00  0.30647112E-32
  0.46980198E+14  0.00000000E+00  0.30459365E-32
  0.47029703E+14  0.00000000E+00  0.30273147E-32
  0.47079208E+14  0.00000000E+00  0.30088443E-32
  0.47128713E+14  0.00000000E+00  0.29905238E-32
  0.47178218E+14  0.00000000E+00  0.29723516E-32
  0.47227723E+14  0.00000000E+00  0.29543262E-32
  0.47277228E+14  0.00000000E+00  0.29364460E-32
  0.47326733E+14  0.00000000E+00  0.29187096E-32
  0.47376238E+14  0.00000000E+00  0.29011156E-32
  0.47425743E+14  0.00000000E+00  0.28836624E-32
  0.47475248E+14  0.00000000E+00  0.28663486E-32
  0.47524752E+14  0.00000000E+00  0.28491729E-32
  0.47574257E+14  0.00000000E+00  0.28321339E-32
  0.47623762E+14  0.00000000E+00  0.28152301E-32
  0.47673267E+14  0.00000000E+00  0.27984601E-32
  0.47722772E+14  0.00000000E+00  0.27818228E-32
  0.47772277E+14  0.00000000E+00  0.27653166E-32
  0.47821782E+14  0.00000000E+00  0.27489404E-32
  0.47871287E+14  0.00000000E+00  0.27326928E-32
  0.47920792E+14  0.00000000E+00  0.27165726E-32
  0.47970297E+14  0.00000000E+00  0.27005784E-32
  0.48019802E+14  0.00000000E+00  0.26847090E-32
  0.48069307E+14  0.00000000E+00  0.26689633E-32
  0.48118812E+14  0.00000000E+00  0.26533399E-32
  0.48168317E+14  0.00000000E+00  0.26378377E-32
  0.48217822E+14  0.00000000E+00  0.26224555E-32
  0.48267327E+14  0.00000000E+00  0.26071921E-32
  0.48316832E+14  0.00000000E+00  0.25920463E-32
  0.48366337E+14  0.00000000E+00  0.25770170E-32
  0.48415842E+14  0.00000000E+00  0.25621031E-32
  0.48465347E+14  0.00000000E+00  0.25473035E-32
  0.48514851E+14  0.00000000E+00  0.25326170E-32
  0.48564356E+14  0.00000000E+00  0.25180425E-32
  0.48613861E+14  0.00000000E+00  0.25035791E-32
  0.48663366E+14  0.00000000E+00  0.24892255E-32
  0.48712871E+14  0.00000000E+00  0.24749807E-32
  0.48762376E+14  0.00000000E+00  0.24608438E-32
  0.48811881E+14  0.00000000E+00  0.24468136E-32
  0.48861386E+14  0.00000000E+00  0.24328892E-32
  0.48910891E+14  0.00000000E+00  0.24190696E-32
  0.48960396E+14  0.00000000E+00  0.24053537E-32
  0.49009901E+14  0.00000000E+00  0.23917405E-32
  0.49059406E+14  0.00000000E+00  0.23782292E-32
  0.49108911E+14  0.00000000E+00  0.23648187E-32
  0.49158416E+14  0.00000000E+00  0.23515080E-32
  0.49207921E+14  0.00000000E+00  0.23382964E-32
  0.49257426E+14  0.00000000E+00  0.23251827E-32
  0.49306931E+14  0.00000000E+00  0.23121662E-32
  0.49356436E+14  0.00000000E+00  0.22992458E-32
  0.49405941E+14  0.00000000E+00  0.22864207E-32
  0.49455446E+14  0.00000000E+00  0.22736901E-32
  0.49504950E+14  0.00000000E+00  0.22610530E-32
  0.49554455E+14  0.00000000E+00  0.22485085E-32
  0.49603960E+14  0.00000000E+00  0.22360559E-32
  0.49653465E+14  0.00000000E+00  0.22236942E-32
  0.49702970E+14  0.00000000E+00  0.22114227E-32
  0.49752475E+14  0.00000000E+00  0.21992405E-32
  0.49801980E+14  0.00000000E+00  0.21871467E-32
  0.49851485E+14  0.00000000E+00  0.21751406E-32
  0.49900990E+14  0.00000000E+00  0.21632214E-32
  0.49950495E+14  0.00000000E+00  0.21513883E-32
  0.50000000E+14  0.00000000E+00  0.21396404E-32
  0.50049505E+14  0.00000000E+00  0.21279771E-32
  0.50099010E+14  0.00000000E+00  0.21163975E-32
  0.50148515E+14  0.00000000E+00  0.21049010E-32
  0.50198020E+14  0.00000000E+00  0.20934867E-32
  0.50247525E+14  0.00000000E+00  0.20821539E-32
  0.50297030E+14  0.00000000E+00  0.20709018E-32
  0.50346535E+14  0.00000000E+00  0.20597299E-32
  0.50396040E+14  0.00000000E+00  0.20486372E-32
  0.50445545E+14  0.00000000E+00  0.20376232E-32
  0.50495050E+14  0.00000000E+00  0.20266871E-32
  0.50544554E+14  0.00000000E+00  0.20158283E-32
  0.50594059E+14  0.00000000E+00  0.20050460E-32
  0.50643564E+14  0.00000000E+00  0.19943395E-32
  0.50693069E+14  0.00000000E+00  0.19837083E-32
  0.50742574E+14  0.00000000E+00  0.19731516E-32
  0.50792079E+14  0.00000000E+00  0.19626687E-32
  0.50841584E+14  0.00000000E+00  0.19522591E-32
  0.50891089E+14  0.00000000E+00  0.19419221E-32
  0.50940594E+14  0.00000000E+00  0.19316570E-32
  0.50990099E+14  0.00000000E+00  0.19214633E-32
  0.51039604E+14  0.00000000E+00  0.19113402E-32
  0.51089109E+14  0.00000000E+00  0.19012872E-32
  0.51138614E+14  0.00000000E+00  0.18913037E-32
  0.51188119E+14  0.00000000E+00  0.18813891E-32
  0.51237624E+14  0.00000000E+00  0.18715427E-32
  0.51287129E+14  0.00000000E+00  0.18617640E-32
  0.51336634E+14  0.00000000E+00  0.18520524E-32
  0.51386139E+14  0.00000000E+00  0.18424073E-32
  0.51435644E+14  0.00000000E+00  0.18328282E-32
  0.51485149E+14  0.00000000E+00  0.18233144E-32
  0.51534653E+14  0.00000000E+00  0.18138655E-32
  0.51584158E+14  0.00000000E+00  0.18044808E-32
  0.51633663E+14  0.00000000E+00  0.17951599E-32
  0.51683168E+14  0.00000000E+00  0.17859021E-32
  0.51732673E+14  0.00000000E+00  0.17767069E-32
  0.51782178E+14  0.00000000E+00  0.17675739E-32
  0.51831683E+14  0.00000000E+00  0.17585024E-32
  0.51881188E+14  0.00000000E+00  0.17494920E-32
  0.51930693E+14  0.00000000E+00  0.17405422E-32
  0.51980198E+14  0.00000000E+00  0.17316524E-32
  0.52029703E+14  0.00000000E+00  0.17228221E-32
  0.52079208E+14  0.00000000E+00  0.17140508E-32
  0.52128713E+14  0.00000000E+00  0.17053381E-32
  0.52178218E+14  0.00000000E+00  0.16966834E-32
  0.52227723E+14  0.00000000E+00  0.16880862E-32
  0.52277228E+14  0.00000000E+00  0.16795462E-32
  0.52326733E+14  0.00000000E+00  0.16710628E-32
  0.52376238E+14  0.00000000E+00  0.16626354E-32
  0.52425743E+14  0.00000000E+00  0.16542638E-32
  0.52475248E+14  0.00000000E+00  0.16459474E-32
  0.52524752E+14  0.00000000E+00  0.16376857E-32
  0.52574257E+14  0.00000000E+00  0.16294783E-32
  0.52623762E+14  0.00000000E+00  0.16213248E-32
  0.52673267E+14  0.00000000E+00  0.16132247E-32
  0.52722772E+14  0.00000000E+00  0.16051775E-32
  0.52772277E+14  0.00000000E+00  0.15971829E-32
  0.52821782E+14  0.00000000E+00  0.15892405E-32
  0.52871287E+14  0.00000000E+00  0.15813497E-32
  0.52920792E+14  0.00000000E+00  0.15735101E-32
  0.52970297E+14  0.00000000E+00  0.15657214E-32
  0.53019802E+14  0.00000000E+00  0.15579832E-32
  0.53069307E+14  0.00000000E+00  0.15502949E-32
  0.53118812E+14  0.00000000E+00  0.15426563E-32
  0.53168317E+14  0.00000000E+00  0.15350669E-32
  0.53217822E+14  0.00000000E+00  0.15275264E-32
  0.53267327E+14  0.00000000E+00  0.15200342E-32
  0.53316832E+14  0.00000000E+00  0.15125901E-32
  0.53366337E+14  0.00000000E+00  0.15051937E-32
  0.53415842E+14  0.00000000E+00  0.14978446E-32
  0.53465347E+14  0.00000000E+00  0.14905423E-32
  0.53514851E+14  0.00000000E+00  0.14832865E-32
  0.53564356E+14  0.00000000E+00  0.14760770E-32
  0.53613861E+14  0.00000000E+00  0.14689132E-32
  0.53663366E+14  0.00000000E+00  0.14617948E-32
  0.53712871E+14  0.00000000E+00  0.14547215E-32
  0.53762376E+14  0.00000000E+00  0.14476928E-32
  0.53811881E+14  0.00000000E+00  0.14407086E-32
  0.53861386E+14  0.00000000E+00  0.14337683E-32
  0.53910891E+14  0.00000000E+00  0.14268717E-32
  0.53960396E+14  0.00000000E+00  0.14200184E-32
  0.54009901E+14  0.00000000E+00  0.14132081E-32
  0.54059406E+14  0.00000000E+00  0.14064404E-32
  0.54108911E+14  0.00000000E+00  0.13997150E-32
  0.54158416E+14  0.00000000E+00  0.13930316E-32
  0.54207921E+14  0.00000000E+00  0.13863899E-32
  0.54257426E+14  0.00000000E+00  0.13797894E-32
  0.54306931E+14  0.00000000E+00  0.13732300E-32
  0.54356436E+14  0.00000000E+00  0.13667113E-32
  0.54405941E+14  0.00000000E+00  0.13602329E-32
  0.54455446E+14  0.00000000E+00  0.13537945E-32
  0.54504950E+14  0.00000000E+00  0.13473960E-32
  0.54554455E+14  0.00000000E+00  0.13410368E-32
  0.54603960E+14  0.00000000E+00  0.13347168E-32
  0.54653465E+14  0.00000000E+00  0.13284356E-32
  0.54702970E+14  0.00000000E+00  0.13221930E-32
  0.54752475E+14  0.00000000E+00  0.13159886E-32
  0.54801980E+14  0.00000000E+00  0.13098222E-32
  0.54851485E+14  0.00000000E+00  0.13036934E-32
  0.54900990E+14  0.00000000E+00  0.12976020E-32
  0.54950495E+14  0.00000000E+00  0.12915477E-32
  0.55000000E+14  0.00000000E+00  0.12855302E-32
  0.55049505E+14  0.00000000E+00  0.12795492E-32
  0.55099010E+14  0.00000000E+00  0.12736045E-32
  0.55148515E+14  0.00000000E+00  0.12676958E-32
  0.55198020E+14  0.00000000E+00  0.12618227E-32
  0.55247525E+14  0.00000000E+00  0.12559851E-32
  0.55297030E+14  0.00000000E+00  0.12501827E-32
  0.55346535E+14  0.00000000E+00  0.12444152E-32
  0.55396040E+14  0.00000000E+00  0.12386823E-32
  0.55445545E+14  0.00000000E+00  0.12329838E-32
  0.55495050E+14  0.00000000E+00  0.12273195E-32
  0.55544554E+14  0.00000000E+00  0.12216890E-32
  0.55594059E+14  0.00000000E+00  0.12160921E-32
  0.55643564E+14  0.00000000E+00  0.12105287E-32
  0.55693069E+14  0.00000000E+00  0.12049983E-32
  0.55742574E+14  0.00000000E+00  0.11995008E-32
  0.55792079E+14  0.00000000E+00  0.11940360E-32
  0.55841584E+14  0.00000000E+00  0.11886035E-32
  0.55891089E+14  0.00000000E+00  0.11832032E-32
  0.55940594E+14  0.00000000E+00  0.11778348E-32
  0.55990099E+14  0.00000000E+00  0.11724981E-32
  0.56039604E+14  0.00000000E+00  0.11671929E-32
  0.56089109E+14  0.00000000E+00  0.11619189E-32
  0.56138614E+14  0.00000000E+00  0.11566758E-32
  0.56188119E+14  0.00000000E+00  0.11514635E-32
  0.56237624E+14  0.00000000E+00  0.11462818E-32
  0.56287129E+14  0.00000000E+00  0.11411304E-32
  0.56336634E+14  0.00000000E+00  0.11360090E-32
  0.56386139E+14  0.00000000E+00  0.11309176E-32
  0.56435644E+14  0.00000000E+00  0.11258558E-32
  0.56485149E+14  0.00000000E+00  0.11208235E-32
  0.56534653E+14  0.00000000E+00  0.11158203E-32
  0.56584158E+14  0.00000000E+00  0.11108462E-32
  0.56633663E+14  0.00000000E+00  0.11059010E-32
  0.56683168E+14  0.00000000E+00  0.11009843E-32
  0.56732673E+14  0.00000000E+00  0.10960960E-32
  0.56782178E+14  0.00000000E+00  0.10912359E-32
  0.56831683E+14  0.00000000E+00  0.10864038E-32
  0.56881188E+14  0.00000000E+00  0.10815995E-32
  0.56930693E+14  0.00000000E+00  0.10768228E-32
  0.56980198E+14  0.00000000E+00  0.10720734E-32
  0.57029703E+14  0.00000000E+00  0.10673513E-32
  0.57079208E+14  0.00000000E+00  0.10626562E-32
  0.57128713E+14  0.00000000E+00  0.10579879E-32
  0.57178218E+14  0.00000000E+00  0.10533462E-32
  0.57227723E+14  0.00000000E+00  0.10487309E-32
  0.57277228E+14  0.00000000E+00  0.10441419E-32
  0.57326733E+14  0.00000000E+00  0.10395790E-32
  0.57376238E+14  0.00000000E+00  0.10350419E-32
  0.57425743E+14  0.00000000E+00  0.10305306E-32
  0.57475248E+14  0.00000000E+00  0.10260447E-32
  0.57524752E+14  0.00000000E+00  0.10215842E-32
  0.57574257E+14  0.00000000E+00  0.10171488E-32
  0.57623762E+14  0.00000000E+00  0.10127384E-32
  0.57673267E+14  0.00000000E+00  0.10083529E-32
  0.57722772E+14  0.00000000E+00  0.10039919E-32
  0.57772277E+14  0.00000000E+00  0.99965543E-33
  0.57821782E+14  0.00000000E+00  0.99534324E-33
  0.57871287E+14  0.00000000E+00  0.99105516E-33
  0.57920792E+14  0.00000000E+00  0.98679105E-33
  0.57970297E+14  0.00000000E+00  0.98255072E-33
  0.58019802E+14  0.00000000E+00  0.97833401E-33
  0.58069307E+14  0.00000000E+00  0.97414076E-33
  0.58118812E+14  0.00000000E+00  0.96997081E-33
  0.58168317E+14  0.00000000E+00  0.96582400E-33
  0.58217822E+14  0.00000000E+00  0.96170016E-33
  0.58267327E+14  0.00000000E+00  0.95759915E-33
  0.58316832E+14  0.00000000E+00  0.95352079E-33
  0.58366337E+14  0.00000000E+00  0.94946494E-33
  0.58415842E+14  0.00000000E+00  0.94543145E-33
  0.58465347E+14  0.00000000E+00  0.94142015E-33
  0.58514851E+14  0.00000000E+00  0.93743091E-33
  0.58564356E+14  0.00000000E+00  0.93346356E-33
  0.58613861E+14  0.00000000E+00  0.92951796E-33
  0.58663366E+14  0.00000000E+00  0.92559396E-33
  0.58712871E+14  0.00000000E+00  0.92169141E-33
  0.58762376E+14  0.00000000E+00  0.91781017E-33
  0.58811881E+14  0.00000000E+00  0.91395010E-33
  0.58861386E+14  0.00000000E+00  0.91011105E-33
  0.58910891E+14  0.00000000E+00  0.90629287E-33
  0.58960396E+14  0.00000000E+00  0.90249544E-33
  0.59009901E+14  0.00000000E+00  0.89871860E-33
  0.59059406E+14  0.00000000E+00  0.89496222E-33
  0.59108911E+14  0.00000000E+00  0.89122616E-33
  0.59158416E+14  0.00000000E+00  0.88751030E-33
  0.59207921E+14  0.00000000E+00  0.88381448E-33
  0.59257426E+14  0.00000000E+00  0.88013857E-33
  0.59306931E+14  0.00000000E+00  0.87648245E-33
  0.59356436E+14  0.00000000E+00  0.87284599E-33
  0.59405941E+14  0.00000000E+00  0.86922904E-33
  0.59455446E+14  0.00000000E+00  0.86563148E-33
  0.59504950E+14  0.00000000E+00  0.86205319E-33
  0.59554455E+14  0.00000000E+00  0.85849403E-33
  0.59603960E+14  0.00000000E+00  0.85495387E-33
  0.59653465E+14  0.00000000E+00  0.85143260E-33
  0.59702970E+14  0.00000000E+00  0.84793008E-33
  0.59752475E+14  0.00000000E+00  0.84444620E-33
  0.59801980E+14  0.00000000E+00  0.84098083E-33
  0.59851485E+14  0.00000000E+00  0.83753384E-33
  0.59900990E+14  0.00000000E+00  0.83410512E-33
  0.59950495E+14  0.00000000E+00  0.83069455E-33
  0.60000000E+14  0.00000000E+00  0.82730200E-33
  0.60049505E+14  0.00000000E+00  0.82392737E-33
  0.60099010E+14  0.00000000E+00  0.82057053E-33
  0.60148515E+14  0.00000000E+00  0.81723136E-33
  0.60198020E+14  0.00000000E+00  0.81390976E-33
  0.60247525E+14  0.00000000E+00  0.81060560E-33
  0.60297030E+14  0.00000000E+00  0.80731878E-33
  0.60346535E+14  0.00000000E+00  0.80404918E-33
  0.60396040E+14  0.00000000E+00  0.80079669E-33
  0.60445545E+14  0.00000000E+00  0.79756119E-33
  0.60495050E+14  0.00000000E+00  0.79434259E-33
  0.60544554E+14  0.00000000E+00  0.79114076E-33
  0.60594059E+14  0.00000000E+00  0.78795560E-33
  0.60643564E+14  0.00000000E+00  0.78478701E-33
  0.60693069E+14  0.00000000E+00  0.78163487E-33
  0.60742574E+14  0.00000000E+00  0.77849909E-33
  0.60792079E+14  0.00000000E+00  0.77537955E-33
  0.60841584E+14  0.00000000E+00  0.77227615E-33
  0.60891089E+14  0.00000000E+00  0.76918879E-33
  0.60940594E+14  0.00000000E+00  0.76611737E-33
  0.60990099E+14  0.00000000E+00  0.76306178E-33
  0.61039604E+14  0.00000000E+00  0.76002192E-33
  0.61089109E+14  0.00000000E+00  0.75699770E-33
  0.61138614E+14  0.00000000E+00  0.75398901E-33
  0.61188119E+14  0.00000000E+00  0.75099575E-33
  0.61237624E+14  0.00000000E+00  0.74801783E-33
  0.61287129E+14  0.00000000E+00  0.74505515E-33
  0.61336634E+14  0.00000000E+00  0.74210762E-33
  0.61386139E+14  0.00000000E+00  0.73917513E-33
  0.61435644E+14  0.00000000E+00  0.73625759E-33
  0.61485149E+14  0.00000000E+00  0.73335491E-33
  0.61534653E+14  0.00000000E+00  0.73046699E-33
  0.61584158E+14  0.00000000E+00  0.72759375E-33
  0.61633663E+14  0.00000000E+00  0.72473508E-33
  0.61683168E+14  0.00000000E+00  0.72189090E-33
  0.61732673E+14  0.00000000E+00  0.71906112E-33
  0.61782178E+14  0.00000000E+00  0.71624565E-33
  0.61831683E+14  0.00000000E+00  0.71344439E-33
  0.61881188E+14  0.00000000E+00  0.71065726E-33
  0.61930693E+14  0.00000000E+00  0.70788417E-33
  0.61980198E+14  0.00000000E+00  0.70512504E-33
  0.62029703E+14  0.00000000E+00  0.70237977E-33
  0.62079208E+14  0.00000000E+00  0.69964828E-33
  0.62128713E+14  0.00000000E+00  0.69693049E-33
  0.62178218E+14  0.00000000E+00  0.69422630E-33
  0.62227723E+14  0.00000000E+00  0.69153564E-33
  0.62277228E+14  0.00000000E+00  0.68885843E-33
  0.62326733E+14  0.00000000E+00  0.68619457E-33
  0.62376238E+14  0.00000000E+00  0.68354399E-33
  0.62425743E+14  0.00000000E+00  0.68090660E-33
  0.62475248E+14  0.00000000E+00  0.67828232E-33
  0.62524752E+14  0.00000000E+00  0.67567108E-33
  0.62574257E+14  0.00000000E+00  0.67307280E-33
  0.62623762E+14  0.00000000E+00  0.67048738E-33
  0.62673267E+14  0.00000000E+00  0.66791476E-33
  0.62722772E+14  0.00000000E+00  0.66535486E-33
  0.62772277E+14  0.00000000E+00  0.66280760E-33
  0.62821782E+14  0.00000000E+00  0.66027290E-33
  0.62871287E+14  0.00000000E+00  0.65775068E-33
  0.62920792E+14  0.00000000E+00  0.65524087E-33
  0.62970297E+14  0.00000000E+00  0.65274340E-33
  0.63019802E+14  0.00000000E+00  0.65025819E-33
  0.63069307E+14  0.00000000E+00  0.64778516E-33
  0.63118812E+14  0.00000000E+00  0.64532424E-33
  0.63168317E+14  0.00000000E+00  0.64287536E-33
  0.63217822E+14  0.00000000E+00  0.64043844E-33
  0.63267327E+14  0.00000000E+00  0.63801342E-33
  0.63316832E+14  0.00000000E+00  0.63560022E-33
  0.63366337E+14  0.00000000E+00  0.63319877E-33
  0.63415842E+14  0.00000000E+00  0.63080900E-33
  0.63465347E+14  0.00000000E+00  0.62843083E-33
  0.63514851E+14  0.00000000E+00  0.62606421E-33
  0.63564356E+14  0.00000000E+00  0.62370906E-33
  0.63613861E+14  0.00000000E+00  0.62136531E-33
  0.63663366E+14  0.00000000E+00  0.61903289E-33
  0.63712871E+14  0.00000000E+00  0.61671174E-33
  0.63762376E+14  0.00000000E+00  0.61440179E-33
  0.63811881E+14  0.00000000E+00  0.61210298E-33
  0.63861386E+14  0.00000000E+00  0.60981522E-33
  0.63910891E+14  0.00000000E+00  0.60753847E-33
  0.63960396E+14  0.00000000E+00  0.60527265E-33
  0.64009901E+14  0.00000000E+00  0.60301771E-33
  0.64059406E+14  0.00000000E+00  0.60077357E-33
  0.64108911E+14  0.00000000E+00  0.59854017E-33
  0.64158416E+14  0.00000000E+00  0.59631745E-33
  0.64207921E+14  0.00000000E+00  0.59410535E-33
  0.64257426E+14  0.00000000E+00  0.59190379E-33
  0.64306931E+14  0.00000000E+00  0.58971273E-33
  0.64356436E+14  0.00000000E+00  0.58753210E-33
  0.64405941E+14  0.00000000E+00  0.58536184E-33
  0.64455446E+14  0.00000000E+00  0.58320189E-33
  0.64504950E+14  0.00000000E+00  0.58105218E-33
  0.64554455E+14  0.00000000E+00  0.57891266E-33
  0.64603960E+14  0.00000000E+00  0.57678326E-33
  0.64653465E+14  0.00000000E+00  0.57466394E-33
  0.64702970E+14  0.00000000E+00  0.57255462E-33
  0.64752475E+14  0.00000000E+00  0.57045526E-33
  0.64801980E+14  0.00000000E+00  0.56836579E-33
  0.64851485E+14  0.00000000E+00  0.56628615E-33
  0.64900990E+14  0.00000000E+00  0.56421630E-33
  0.64950495E+14  0.00000000E+00  0.56215616E-33
  0.65000000E+14  0.00000000E+00  0.56010570E-33
