  0.49504950E+11  0.10624527E-31 -0.12941910E-30
  0.99009901E+11  0.14606342E-31 -0.12408680E-30
  0.14851485E+12  0.24334608E-31 -0.11767536E-30
  0.19801980E+12  0.25417615E-31 -0.10267319E-30
  0.24752475E+12  0.12414691E-31 -0.90887940E-31
  0.29702970E+12  0.19419279E-32 -0.10127363E-30
  0.34653465E+12  0.44498888E-32 -0.10881341E-30
  0.39603960E+12  0.11852997E-31 -0.10997960E-30
  0.44554455E+12  0.15709624E-31 -0.11139858E-30
  0.49504950E+12  0.20093154E-31 -0.10469576E-30
  0.54455446E+12  0.17382270E-31 -0.99099242E-31
  0.59405941E+12  0.12240979E-31 -0.99427444E-31
  0.64356436E+12  0.11101895E-31 -0.10383751E-30
  0.69306931E+12  0.14488608E-31 -0.10651684E-30
  0.74257426E+12  0.20108613E-31 -0.10549713E-30
  0.79207921E+12  0.21350736E-31 -0.10006562E-30
  0.84158416E+12  0.16722231E-31 -0.97880792E-31
  0.89108911E+12  0.13997904E-31 -0.10130730E-30
  0.94059406E+12  0.16397676E-31 -0.10490166E-30
  0.99009901E+12  0.20263904E-31 -0.10579500E-30
  0.10396040E+13  0.23449986E-31 -0.10334968E-30
  0.10891089E+13  0.23979445E-31 -0.10065658E-30
  0.11386139E+13  0.22322334E-31 -0.98881265E-31
  0.11881188E+13  0.20545371E-31 -0.10081341E-30
  0.12376238E+13  0.21208916E-31 -0.10203907E-30
  0.12871287E+13  0.23759137E-31 -0.10410207E-30
  0.13366337E+13  0.27358945E-31 -0.10264903E-30
  0.13861386E+13  0.27830794E-31 -0.99632274E-31
  0.14356436E+13  0.25394691E-31 -0.98516289E-31
  0.14851485E+13  0.24419136E-31 -0.10133957E-30
  0.15346535E+13  0.26466024E-31 -0.10333800E-30
  0.15841584E+13  0.29787317E-31 -0.10341258E-30
  0.16336634E+13  0.31367617E-31 -0.10151859E-30
  0.16831683E+13  0.31494626E-31 -0.99800549E-31
  0.17326733E+13  0.30084550E-31 -0.99701651E-31
  0.17821782E+13  0.30530940E-31 -0.10143746E-30
  0.18316832E+13  0.31667943E-31 -0.10249998E-30
  0.18811881E+13  0.34493835E-31 -0.10304869E-30
  0.19306931E+13  0.36530326E-31 -0.10101804E-30
  0.19801980E+13  0.36087051E-31 -0.99485727E-31
  0.20297030E+13  0.34582991E-31 -0.99493840E-31
  0.20792079E+13  0.35022977E-31 -0.10196907E-30
  0.21287129E+13  0.37387238E-31 -0.10334563E-30
  0.21782178E+13  0.40615638E-31 -0.10268316E-30
  0.22277228E+13  0.41413827E-31 -0.10057161E-30
  0.22772277E+13  0.40877983E-31 -0.99735935E-31
  0.23267327E+13  0.40373488E-31 -0.10062783E-30
  0.23762376E+13  0.41705652E-31 -0.10191976E-30
  0.24257426E+13  0.43433052E-31 -0.10249510E-30
  0.24752475E+13  0.45816717E-31 -0.10181759E-30
  0.25247525E+13  0.46614356E-31 -0.10009532E-30
  0.25742574E+13  0.45824125E-31 -0.99718192E-31
  0.26237624E+13  0.45655315E-31 -0.10100128E-30
  0.26732673E+13  0.47387828E-31 -0.10281185E-30
  0.27227723E+13  0.50341898E-31 -0.10309895E-30
  0.27722772E+13  0.52576143E-31 -0.10114882E-30
  0.28217822E+13  0.52363309E-31 -0.99633745E-31
  0.28712871E+13  0.51671833E-31 -0.99760727E-31
  0.29207921E+13  0.52413584E-31 -0.10141351E-30
  0.29702970E+13  0.54552108E-31 -0.10214164E-30
  0.30198020E+13  0.56917650E-31 -0.10175790E-30
  0.30693069E+13  0.58052190E-31 -0.10041621E-30
  0.31188119E+13  0.58160970E-31 -0.99442557E-31
  0.31683168E+13  0.57860362E-31 -0.10033854E-30
  0.32178218E+13  0.59221246E-31 -0.10142376E-30
  0.32673267E+13  0.61769886E-31 -0.10223365E-30
  0.33168317E+13  0.64429080E-31 -0.10096562E-30
  0.33663366E+13  0.65120639E-31 -0.99112600E-31
  0.34158416E+13  0.64550175E-31 -0.98712409E-31
  0.34653465E+13  0.64730221E-31 -0.10010034E-30
  0.35148515E+13  0.66872893E-31 -0.10125294E-30
  0.35643564E+13  0.69723576E-31 -0.10099578E-30
  0.36138614E+13  0.71240792E-31 -0.99241597E-31
  0.36633663E+13  0.71701873E-31 -0.98193455E-31
  0.37128713E+13  0.71232936E-31 -0.98396391E-31
  0.37623762E+13  0.72685822E-31 -0.99620871E-31
  0.38118812E+13  0.74807128E-31 -0.10028806E-30
  0.38613861E+13  0.77645569E-31 -0.99437958E-31
  0.39108911E+13  0.78842434E-31 -0.97773333E-31
  0.39603960E+13  0.78938192E-31 -0.96689792E-31
  0.40099010E+13  0.78894121E-31 -0.97671330E-31
  0.40594059E+13  0.80836500E-31 -0.98707413E-31
  0.41089109E+13  0.83739642E-31 -0.98585796E-31
  0.41584158E+13  0.85735234E-31 -0.96753898E-31
  0.42079208E+13  0.86170160E-31 -0.95446590E-31
  0.42574257E+13  0.85942167E-31 -0.95401205E-31
  0.43069307E+13  0.87264650E-31 -0.96546779E-31
  0.43564356E+13  0.89565862E-31 -0.96939825E-31
  0.44059406E+13  0.92426564E-31 -0.96134639E-31
  0.44554455E+13  0.93803852E-31 -0.94420673E-31
  0.45049505E+13  0.94258906E-31 -0.93259369E-31
  0.45544554E+13  0.94562454E-31 -0.93658688E-31
  0.46039604E+13  0.96304491E-31 -0.94348281E-31
  0.46534653E+13  0.99139732E-31 -0.94078119E-31
  0.47029703E+13  0.10105606E-30 -0.92313553E-31
  0.47524752E+13  0.10157198E-30 -0.90913825E-31
  0.48019802E+13  0.10177492E-30 -0.90964801E-31
  0.48514851E+13  0.10348103E-30 -0.91712135E-31
  0.49009901E+13  0.10609817E-30 -0.91577702E-31
  0.49504950E+13  0.10839735E-30 -0.90060598E-31
  0.50000000E+13  0.10957134E-30 -0.88573100E-31
  0.50495050E+13  0.11004924E-30 -0.87735609E-31
  0.50990099E+13  0.11122153E-30 -0.87880624E-31
  0.51485149E+13  0.11310050E-30 -0.87987248E-31
  0.51980198E+13  0.11574040E-30 -0.87027396E-31
  0.52475248E+13  0.11720429E-30 -0.85406130E-31
  0.52970297E+13  0.11791314E-30 -0.84153188E-31
  0.53465347E+13  0.11874409E-30 -0.84383161E-31
  0.53960396E+13  0.12092161E-30 -0.84311801E-31
  0.54455446E+13  0.12361149E-30 -0.83150740E-31
  0.54950495E+13  0.12481465E-30 -0.81269428E-31
  0.55445545E+13  0.12564853E-30 -0.80255084E-31
  0.55940594E+13  0.12672101E-30 -0.80188286E-31
  0.56435644E+13  0.12887994E-30 -0.79788051E-31
  0.56930693E+13  0.13117105E-30 -0.78577115E-31
  0.57425743E+13  0.13271435E-30 -0.76876294E-31
  0.57920792E+13  0.13364204E-30 -0.75473307E-31
  0.58415842E+13  0.13451103E-30 -0.75061027E-31
  0.58910891E+13  0.13637633E-30 -0.74877838E-31
  0.59405941E+13  0.13911434E-30 -0.73742864E-31
  0.59900990E+13  0.14073542E-30 -0.71509642E-31
  0.60396040E+13  0.14129203E-30 -0.69906842E-31
  0.60891089E+13  0.14205785E-30 -0.69897605E-31
  0.61386139E+13  0.14449762E-30 -0.69570609E-31
  0.61881188E+13  0.14722993E-30 -0.67839450E-31
  0.62376238E+13  0.14841254E-30 -0.65426702E-31
  0.62871287E+13  0.14910949E-30 -0.63945493E-31
  0.63366337E+13  0.15000432E-30 -0.63501011E-31
  0.63861386E+13  0.15203285E-30 -0.62914649E-31
  0.64356436E+13  0.15451343E-30 -0.61581298E-31
  0.64851485E+13  0.15617466E-30 -0.59264750E-31
  0.65346535E+13  0.15688007E-30 -0.57318406E-31
  0.65841584E+13  0.15753446E-30 -0.56749804E-31
  0.66336634E+13  0.15980120E-30 -0.56226976E-31
  0.66831683E+13  0.16244393E-30 -0.54184635E-31
  0.67326733E+13  0.16361915E-30 -0.51583751E-31
  0.67821782E+13  0.16390481E-30 -0.50154578E-31
  0.68316832E+13  0.16536957E-30 -0.49479138E-31
  0.68811881E+13  0.16751159E-30 -0.48197180E-31
  0.69306931E+13  0.16921945E-30 -0.46032376E-31
  0.69801980E+13  0.17040649E-30 -0.44038438E-31
  0.70297030E+13  0.17130567E-30 -0.42617547E-31
  0.70792079E+13  0.17277700E-30 -0.41405749E-31
  0.71287129E+13  0.17497891E-30 -0.39695748E-31
  0.71782178E+13  0.17632710E-30 -0.37216509E-31
  0.72277228E+13  0.17685479E-30 -0.35268595E-31
  0.72772277E+13  0.17796173E-30 -0.34429840E-31
  0.73267327E+13  0.18022314E-30 -0.32977928E-31
  0.73762376E+13  0.18201237E-30 -0.30196737E-31
  0.74257426E+13  0.18252089E-30 -0.27812179E-31
  0.74752475E+13  0.18316400E-30 -0.26575694E-31
  0.75247525E+13  0.18484505E-30 -0.25298591E-31
  0.75742574E+13  0.18684212E-30 -0.23126882E-31
  0.76237624E+13  0.18795877E-30 -0.20526433E-31
  0.76732673E+13  0.18845301E-30 -0.18460814E-31
  0.77227723E+13  0.18950433E-30 -0.17134009E-31
  0.77722772E+13  0.19147689E-30 -0.15380903E-31
  0.78217822E+13  0.19274474E-30 -0.12659382E-31
  0.78712871E+13  0.19325245E-30 -0.10325056E-31
  0.79207921E+13  0.19421021E-30 -0.88516586E-32
  0.79702970E+13  0.19576806E-30 -0.68565717E-32
  0.80198020E+13  0.19672427E-30 -0.42893985E-32
  0.80693069E+13  0.19735976E-30 -0.22599634E-32
  0.81188119E+13  0.19849332E-30 -0.63744600E-33
  0.81683168E+13  0.20000077E-30  0.14860047E-32
  0.82178218E+13  0.20107655E-30  0.42120146E-32
  0.82673267E+13  0.20147307E-30  0.66854147E-32
  0.83168317E+13  0.20208152E-30  0.82325746E-32
  0.83663366E+13  0.20362467E-30  0.10157866E-31
  0.84158416E+13  0.20464782E-30  0.12924269E-31
  0.84653465E+13  0.20491011E-30  0.15149405E-31
  0.85148515E+13  0.20575902E-30  0.16911572E-31
  0.85643564E+13  0.20695964E-30  0.19253640E-31
  0.86138614E+13  0.20760623E-30  0.21691154E-31
  0.86633663E+13  0.20816014E-30  0.23622246E-31
  0.87128713E+13  0.20908640E-30  0.25659927E-31
  0.87623762E+13  0.21002933E-30  0.28198862E-31
  0.88118812E+13  0.21034977E-30  0.30477302E-31
  0.88613861E+13  0.21099087E-30  0.32302142E-31
  0.89108911E+13  0.21193739E-30  0.34372920E-31
  0.89603960E+13  0.21259593E-30  0.36798067E-31
  0.90099010E+13  0.21312181E-30  0.38866561E-31
  0.90594059E+13  0.21391699E-30  0.40915402E-31
  0.91089109E+13  0.21440421E-30  0.43077909E-31
  0.91584158E+13  0.21471373E-30  0.45019149E-31
  0.92079208E+13  0.21570381E-30  0.46816043E-31
  0.92574257E+13  0.21662953E-30  0.48891293E-31
  0.93069307E+13  0.21706225E-30  0.51100586E-31
  0.93564356E+13  0.21746765E-30  0.52964422E-31
  0.94059406E+13  0.21832377E-30  0.54694457E-31
  0.94554455E+13  0.21887659E-30  0.56690478E-31
  0.95049505E+13  0.21954690E-30  0.58158504E-31
  0.95544554E+13  0.22059288E-30  0.59784895E-31
  0.96039604E+13  0.22116582E-30  0.61774435E-31
  0.96534653E+13  0.22206350E-30  0.62843924E-31
  0.97029703E+13  0.22347184E-30  0.64669408E-31
  0.97524752E+13  0.22415335E-30  0.65958288E-31
  0.98019802E+13  0.22553160E-30  0.67206557E-31
  0.98514851E+13  0.22658607E-30  0.68389707E-31
  0.99009901E+13  0.22857765E-30  0.69304235E-31
  0.99504950E+13  0.22986686E-30  0.70454795E-31
  0.10000000E+14  0.23235353E-30  0.70972829E-31
  0.10049505E+14  0.23468649E-30  0.71570060E-31
  0.10099010E+14  0.23737264E-30  0.72423183E-31
  0.10148515E+14  0.24104832E-30  0.72408063E-31
  0.10198020E+14  0.24595352E-30  0.72326951E-31
  0.10247525E+14  0.25626968E-30  0.72886795E-31
  0.10297030E+14  0.26296329E-30  0.80695915E-31
  0.10346535E+14  0.26732060E-30  0.87641693E-31
  0.10396040E+14  0.27058894E-30  0.94280377E-31
  0.10445545E+14  0.27328300E-30  0.10059651E-30
  0.10495050E+14  0.27526501E-30  0.10629117E-30
  0.10544554E+14  0.27753065E-30  0.11206141E-30
  0.10594059E+14  0.27988505E-30  0.11783888E-30
  0.10643564E+14  0.28194878E-30  0.12365316E-30
  0.10693069E+14  0.28367774E-30  0.12938661E-30
  0.10742574E+14  0.28542087E-30  0.13517705E-30
  0.10792079E+14  0.28719978E-30  0.14088108E-30
  0.10841584E+14  0.28877513E-30  0.14677092E-30
  0.10891089E+14  0.29072461E-30  0.15255446E-30
  0.10940594E+14  0.29247996E-30  0.15880050E-30
  0.10990099E+14  0.29373611E-30  0.16481299E-30
  0.11039604E+14  0.29566878E-30  0.17105025E-30
  0.11089109E+14  0.29719585E-30  0.17779493E-30
  0.11138614E+14  0.29864872E-30  0.18428089E-30
  0.11188119E+14  0.30016005E-30  0.19114686E-30
  0.11237624E+14  0.30141059E-30  0.19822670E-30
  0.11287129E+14  0.30278048E-30  0.20533279E-30
  0.11336634E+14  0.30416727E-30  0.21287011E-30
  0.11386139E+14  0.30518787E-30  0.22073793E-30
  0.11435644E+14  0.30591358E-30  0.22871180E-30
  0.11485149E+14  0.30662265E-30  0.23678948E-30
  0.11534653E+14  0.30730125E-30  0.24522540E-30
  0.11584158E+14  0.30772138E-30  0.25382895E-30
  0.11633663E+14  0.30791257E-30  0.26287253E-30
  0.11683168E+14  0.30770502E-30  0.27225679E-30
  0.11732673E+14  0.30701168E-30  0.28155133E-30
  0.11782178E+14  0.30629082E-30  0.29111767E-30
  0.11831683E+14  0.30530013E-30  0.30102741E-30
  0.11881188E+14  0.30376843E-30  0.31104865E-30
  0.11930693E+14  0.30177425E-30  0.32136376E-30
  0.11980198E+14  0.29926208E-30  0.33168155E-30
  0.12029703E+14  0.29639400E-30  0.34179919E-30
  0.12079208E+14  0.29321212E-30  0.35214779E-30
  0.12128713E+14  0.28943873E-30  0.36247907E-30
  0.12178218E+14  0.28544160E-30  0.37249795E-30
  0.12227723E+14  0.28121887E-30  0.38260178E-30
  0.12277228E+14  0.27668959E-30  0.39274357E-30
  0.12326733E+14  0.27198384E-30  0.40280461E-30
  0.12376238E+14  0.26697870E-30  0.41331625E-30
  0.12425743E+14  0.26094322E-30  0.42371188E-30
  0.12475248E+14  0.25498049E-30  0.43367612E-30
  0.12524752E+14  0.24873611E-30  0.44401950E-30
  0.12574257E+14  0.24150769E-30  0.45435498E-30
  0.12623762E+14  0.23408519E-30  0.46409472E-30
  0.12673267E+14  0.22645822E-30  0.47393701E-30
  0.12722772E+14  0.21806540E-30  0.48350180E-30
  0.12772277E+14  0.20969966E-30  0.49279282E-30
  0.12821782E+14  0.20086976E-30  0.50225604E-30
  0.12871287E+14  0.19132676E-30  0.51129355E-30
  0.12920792E+14  0.18159628E-30  0.51988361E-30
  0.12970297E+14  0.17159866E-30  0.52833683E-30
  0.13019802E+14  0.16145063E-30  0.53646735E-30
  0.13069307E+14  0.15084222E-30  0.54458050E-30
  0.13118812E+14  0.13965229E-30  0.55221457E-30
  0.13168317E+14  0.12856171E-30  0.55930206E-30
  0.13217822E+14  0.11716238E-30  0.56653034E-30
  0.13267327E+14  0.10519108E-30  0.57303308E-30
  0.13316832E+14  0.93336524E-31  0.57927226E-30
  0.13366337E+14  0.81056324E-31  0.58538314E-30
  0.13415842E+14  0.68515606E-31  0.59074222E-30
  0.13465347E+14  0.56076923E-31  0.59588595E-30
  0.13514851E+14  0.43179516E-31  0.60063585E-30
  0.13564356E+14  0.30414651E-31  0.60475908E-30
  0.13613861E+14  0.17725507E-31  0.60876373E-30
  0.13663366E+14  0.47505185E-32  0.61225091E-30
  0.13712871E+14 -0.80833772E-32  0.61548082E-30
  0.13762376E+14 -0.21019320E-31  0.61831619E-30
  0.13811881E+14 -0.33701143E-31  0.62082514E-30
  0.13861386E+14 -0.46515877E-31  0.62338227E-30
  0.13910891E+14 -0.59579173E-31  0.62517769E-30
  0.13960396E+14 -0.72185939E-31  0.62681216E-30
  0.14009901E+14 -0.84936041E-31  0.62832601E-30
  0.14059406E+14 -0.97490582E-31  0.62947019E-30
  0.14108911E+14 -0.11015556E-30  0.63056308E-30
  0.14158416E+14 -0.12278962E-30  0.63102942E-30
  0.14207921E+14 -0.13505579E-30  0.63142905E-30
  0.14257426E+14 -0.14742459E-30  0.63167899E-30
  0.14306931E+14 -0.15965107E-30  0.63152295E-30
  0.14356436E+14 -0.17183120E-30  0.63105595E-30
  0.14405941E+14 -0.18345862E-30  0.63029756E-30
  0.14455446E+14 -0.19525485E-30  0.62939328E-30
  0.14504950E+14 -0.20688170E-30  0.62757279E-30
  0.14554455E+14 -0.21782387E-30  0.62546505E-30
  0.14603960E+14 -0.22905646E-30  0.62224028E-30
  0.14653465E+14 -0.23930290E-30  0.61714775E-30
  0.14702970E+14 -0.24892362E-30  0.60973241E-30
  0.14752475E+14 -0.25790718E-30  0.59562544E-30
  0.14801980E+14 -0.25599607E-30  0.56254596E-30
  0.14851485E+14 -0.20863437E-30  0.51149297E-30
  0.14900990E+14 -0.70171060E-31  0.55992735E-30
  0.14950495E+14 -0.46844966E-31  0.68601926E-30
  0.15000000E+14 -0.56416980E-31  0.79245264E-30
  0.15049505E+14 -0.99056507E-31  0.91370707E-30
  0.15099010E+14 -0.19944216E-30  0.10183671E-29
  0.15148515E+14 -0.32067996E-30  0.11010196E-29
  0.15198020E+14 -0.50776305E-30  0.11491879E-29
  0.15247525E+14 -0.72701059E-30  0.10693445E-29
  0.15297030E+14 -0.75098656E-30  0.91424683E-30
  0.15346535E+14 -0.78206782E-30  0.87757866E-30
  0.15396040E+14 -0.82838932E-30  0.84157957E-30
  0.15445545E+14 -0.87708637E-30  0.79934574E-30
  0.15495050E+14 -0.92594740E-30  0.75266850E-30
  0.15544554E+14 -0.97321228E-30  0.70447173E-30
  0.15594059E+14 -0.10177506E-29  0.64612524E-30
  0.15643564E+14 -0.10563195E-29  0.58983635E-30
  0.15693069E+14 -0.10970804E-29  0.52084535E-30
  0.15742574E+14 -0.11258431E-29  0.44744408E-30
  0.15792079E+14 -0.11479921E-29  0.36855282E-30
  0.15841584E+14 -0.11556002E-29  0.29003728E-30
  0.15891089E+14 -0.11612219E-29  0.20718952E-30
  0.15940594E+14 -0.11446439E-29  0.12282396E-30
  0.15990099E+14 -0.11173474E-29  0.49983640E-31
  0.16039604E+14 -0.10903222E-29 -0.16303107E-31
  0.16089109E+14 -0.10550861E-29 -0.80251941E-31
  0.16138614E+14 -0.10195314E-29 -0.13920865E-30
  0.16188119E+14 -0.97233944E-30 -0.19789979E-30
  0.16237624E+14 -0.91386356E-30 -0.24605229E-30
  0.16287129E+14 -0.85775488E-30 -0.28999375E-30
  0.16336634E+14 -0.79158787E-30 -0.32576387E-30
  0.16386139E+14 -0.71470860E-30 -0.35404050E-30
  0.16435644E+14 -0.62851519E-30 -0.36861095E-30
  0.16485149E+14 -0.52777910E-30 -0.37938522E-30
  0.16534653E+14 -0.40634009E-30 -0.36225626E-30
  0.16584158E+14 -0.27153615E-30 -0.26200657E-30
  0.16633663E+14 -0.16274793E-30 -0.12077494E-30
  0.16683168E+14 -0.72690328E-31  0.10957096E-30
  0.16732673E+14 -0.42168392E-30  0.57504733E-30
  0.16782178E+14 -0.70668845E-30  0.48623892E-30
  0.16831683E+14 -0.97386032E-30  0.42899500E-30
  0.16881188E+14 -0.13090694E-29  0.11154223E-30
  0.16930693E+14 -0.12008945E-29 -0.28726957E-30
  0.16980198E+14 -0.99149123E-30 -0.46117693E-30
  0.17029703E+14 -0.84772833E-30 -0.49841377E-30
  0.17079208E+14 -0.74212325E-30 -0.54032859E-30
  0.17128713E+14 -0.64546243E-30 -0.57507143E-30
  0.17178218E+14 -0.50074447E-30 -0.60078009E-30
  0.17227723E+14 -0.37579961E-30 -0.62438549E-30
  0.17277228E+14 -0.11636624E-30 -0.46263958E-30
  0.17326733E+14 -0.20484738E-30 -0.23831904E-30
  0.17376238E+14 -0.15981252E-30 -0.20913740E-30
  0.17425743E+14 -0.14903644E-30  0.24492486E-31
  0.17475248E+14 -0.43903465E-30  0.57919807E-31
  0.17524752E+14 -0.50981628E-30 -0.17581957E-31
  0.17574257E+14 -0.54488029E-30 -0.63763310E-31
  0.17623762E+14 -0.56650896E-30 -0.98820366E-31
  0.17673267E+14 -0.58644087E-30 -0.12906231E-30
  0.17722772E+14 -0.59944041E-30 -0.15886839E-30
  0.17772277E+14 -0.61322559E-30 -0.18791609E-30
  0.17821782E+14 -0.62177906E-30 -0.21557974E-30
  0.17871287E+14 -0.63398349E-30 -0.24529551E-30
  0.17920792E+14 -0.64750481E-30 -0.27514869E-30
  0.17970297E+14 -0.68232810E-30 -0.31286130E-30
  0.18019802E+14 -0.68529048E-30 -0.43030077E-30
  0.18069307E+14 -0.63208484E-30 -0.49341400E-30
  0.18118812E+14 -0.55371431E-30 -0.56842867E-30
  0.18168317E+14 -0.46603373E-30 -0.56297210E-30
  0.18217822E+14 -0.41309295E-30 -0.54785110E-30
  0.18267327E+14 -0.37402683E-30 -0.53299405E-30
  0.18316832E+14 -0.34282877E-30 -0.51827002E-30
  0.18366337E+14 -0.31704142E-30 -0.50469266E-30
  0.18415842E+14 -0.29610469E-30 -0.49072764E-30
  0.18465347E+14 -0.27770650E-30 -0.47851591E-30
  0.18514851E+14 -0.26319306E-30 -0.46561032E-30
  0.18564356E+14 -0.24935203E-30 -0.45445849E-30
  0.18613861E+14 -0.24029409E-30 -0.44378203E-30
  0.18663366E+14 -0.23125612E-30 -0.43416225E-30
  0.18712871E+14 -0.22404835E-30 -0.42493274E-30
  0.18762376E+14 -0.21926599E-30 -0.41774579E-30
  0.18811881E+14 -0.21604271E-30 -0.41140107E-30
  0.18861386E+14 -0.21384437E-30 -0.40684963E-30
  0.18910891E+14 -0.21327302E-30 -0.40429067E-30
  0.18960396E+14 -0.21218658E-30 -0.40474705E-30
  0.19009901E+14 -0.21344349E-30 -0.40917795E-30
  0.19059406E+14 -0.20897800E-30 -0.42314596E-30
  0.19108911E+14 -0.19529443E-30 -0.43018408E-30
  0.19158416E+14 -0.18154198E-30 -0.43432908E-30
  0.19207921E+14 -0.16817505E-30 -0.43766316E-30
  0.19257426E+14 -0.15277581E-30 -0.44030984E-30
  0.19306931E+14 -0.13391886E-30 -0.43948366E-30
  0.19356436E+14 -0.11756487E-30 -0.43358216E-30
  0.19405941E+14 -0.10451203E-30 -0.42655040E-30
  0.19455446E+14 -0.92955161E-31 -0.41934814E-30
  0.19504950E+14 -0.82721994E-31 -0.41255979E-30
  0.19554455E+14 -0.73659000E-31 -0.40551147E-30
  0.19603960E+14 -0.65224430E-31 -0.39851058E-30
  0.19653465E+14 -0.57387496E-31 -0.39183217E-30
  0.19702970E+14 -0.50195351E-31 -0.38519130E-30
  0.19752475E+14 -0.43687901E-31 -0.37842206E-30
  0.19801980E+14 -0.37431915E-31 -0.37213163E-30
  0.19851485E+14 -0.31718249E-31 -0.36579883E-30
  0.19900990E+14 -0.26499978E-31 -0.35954366E-30
  0.19950495E+14 -0.21428500E-31 -0.35365311E-30
  0.20000000E+14 -0.16824372E-31 -0.34770313E-30
  0.20049505E+14 -0.12469317E-31 -0.34195101E-30
  0.20099010E+14 -0.82989637E-32 -0.33644361E-30
  0.20148515E+14 -0.45863791E-32 -0.33094772E-30
  0.20198020E+14 -0.88879086E-33 -0.32568102E-30
  0.20247525E+14  0.24714005E-32 -0.32061398E-30
  0.20297030E+14  0.56007174E-32 -0.31556857E-30
  0.20346535E+14  0.86769157E-32 -0.31078362E-30
  0.20396040E+14  0.11465576E-31 -0.30614013E-30
  0.20445545E+14  0.14151101E-31 -0.30161702E-30
  0.20495050E+14  0.16718754E-31 -0.29729088E-30
  0.20544554E+14  0.19153606E-31 -0.29305686E-30
  0.20594059E+14  0.21595405E-31 -0.28899809E-30
  0.20643564E+14  0.23960529E-31 -0.28511078E-30
  0.20693069E+14  0.26335671E-31 -0.28122544E-30
  0.20742574E+14  0.28632868E-31 -0.27730772E-30
  0.20792079E+14  0.30583082E-31 -0.27355602E-30
  0.20841584E+14  0.32578159E-31 -0.27003240E-30
  0.20891089E+14  0.34560633E-31 -0.26653562E-30
  0.20940594E+14  0.36533438E-31 -0.26310390E-30
  0.20990099E+14  0.38399563E-31 -0.25975090E-30
  0.21039604E+14  0.40306264E-31 -0.25649260E-30
  0.21089109E+14  0.42082475E-31 -0.25325520E-30
  0.21138614E+14  0.43896540E-31 -0.25013229E-30
  0.21188119E+14  0.45686266E-31 -0.24700726E-30
  0.21237624E+14  0.47388177E-31 -0.24398129E-30
  0.21287129E+14  0.49154227E-31 -0.24102269E-30
  0.21336634E+14  0.50872539E-31 -0.23800155E-30
  0.21386139E+14  0.52580805E-31 -0.23511336E-30
  0.21435644E+14  0.54237971E-31 -0.23217632E-30
  0.21485149E+14  0.55818492E-31 -0.22928190E-30
  0.21534653E+14  0.57483091E-31 -0.22642582E-30
  0.21584158E+14  0.59084909E-31 -0.22354727E-30
  0.21633663E+14  0.60607286E-31 -0.22072733E-30
  0.21683168E+14  0.62183608E-31 -0.21784205E-30
  0.21732673E+14  0.63702858E-31 -0.21500597E-30
  0.21782178E+14  0.65163520E-31 -0.21213562E-30
  0.21831683E+14  0.66706444E-31 -0.20924476E-30
  0.21881188E+14  0.68179599E-31 -0.20635112E-30
  0.21930693E+14  0.69502992E-31 -0.20333365E-30
  0.21980198E+14  0.70825918E-31 -0.20036589E-30
  0.22029703E+14  0.72095387E-31 -0.19731746E-30
  0.22079208E+14  0.73247798E-31 -0.19412746E-30
  0.22128713E+14  0.74270246E-31 -0.19087703E-30
  0.22178218E+14  0.74822307E-31 -0.18756591E-30
  0.22227723E+14  0.75140931E-31 -0.18457200E-30
  0.22277228E+14  0.75493296E-31 -0.18190809E-30
  0.22326733E+14  0.75915799E-31 -0.17923845E-30
  0.22376238E+14  0.76267531E-31 -0.17663151E-30
  0.22425743E+14  0.76559106E-31 -0.17423512E-30
  0.22475248E+14  0.76847960E-31 -0.17179367E-30
  0.22524752E+14  0.77096883E-31 -0.16948205E-30
  0.22574257E+14  0.77460397E-31 -0.16724256E-30
  0.22623762E+14  0.77720724E-31 -0.16498487E-30
  0.22673267E+14  0.78031907E-31 -0.16290003E-30
  0.22722772E+14  0.78241510E-31 -0.16071238E-30
  0.22772277E+14  0.78460079E-31 -0.15870575E-30
  0.22821782E+14  0.78744860E-31 -0.15666381E-30
  0.22871287E+14  0.78916075E-31 -0.15468732E-30
  0.22920792E+14  0.79234316E-31 -0.15277889E-30
  0.22970297E+14  0.79361949E-31 -0.15079469E-30
  0.23019802E+14  0.79525158E-31 -0.14901646E-30
  0.23069307E+14  0.79786169E-31 -0.14716465E-30
  0.23118812E+14  0.79909075E-31 -0.14541812E-30
  0.23168317E+14  0.80188129E-31 -0.14363804E-30
  0.23217822E+14  0.80308637E-31 -0.14188863E-30
  0.23267327E+14  0.80491799E-31 -0.14019652E-30
  0.23316832E+14  0.80631872E-31 -0.13851289E-30
  0.23366337E+14  0.80788193E-31 -0.13692503E-30
  0.23415842E+14  0.80955122E-31 -0.13529099E-30
  0.23465347E+14  0.81105639E-31 -0.13370821E-30
  0.23514851E+14  0.81224310E-31 -0.13213054E-30
  0.23564356E+14  0.81359095E-31 -0.13060781E-30
  0.23613861E+14  0.81469876E-31 -0.12912668E-30
  0.23663366E+14  0.81620408E-31 -0.12765183E-30
  0.23712871E+14  0.81757808E-31 -0.12618828E-30
  0.23762376E+14  0.81875782E-31 -0.12472898E-30
  0.23811881E+14  0.81958531E-31 -0.12331470E-30
  0.23861386E+14  0.82062209E-31 -0.12194460E-30
  0.23910891E+14  0.82174926E-31 -0.12058704E-30
  0.23960396E+14  0.82285807E-31 -0.11924645E-30
  0.24009901E+14  0.82410565E-31 -0.11790430E-30
  0.24059406E+14  0.82495546E-31 -0.11658549E-30
  0.24108911E+14  0.82564392E-31 -0.11530535E-30
  0.24158416E+14  0.82666724E-31 -0.11405403E-30
  0.24207921E+14  0.82773986E-31 -0.11280957E-30
  0.24257426E+14  0.82872227E-31 -0.11157761E-30
  0.24306931E+14  0.82964633E-31 -0.11034374E-30
  0.24356436E+14  0.83033723E-31 -0.10913487E-30
  0.24405941E+14  0.83102015E-31 -0.10796959E-30
  0.24455446E+14  0.83192371E-31 -0.10682821E-30
  0.24504950E+14  0.83297381E-31 -0.10568185E-30
  0.24554455E+14  0.83386284E-31 -0.10454075E-30
  0.24603960E+14  0.83468042E-31 -0.10341180E-30
  0.24653465E+14  0.83533143E-31 -0.10231340E-30
  0.24702970E+14  0.83617043E-31 -0.10124503E-30
  0.24752475E+14  0.83707760E-31 -0.10018415E-30
  0.24801980E+14  0.83808752E-31 -0.99122837E-31
  0.24851485E+14  0.83899235E-31 -0.98057882E-31
  0.24900990E+14  0.83974445E-31 -0.97014229E-31
  0.24950495E+14  0.84031724E-31 -0.96002791E-31
  0.25000000E+14  0.84124141E-31 -0.95019585E-31
  0.25049505E+14  0.84227066E-31 -0.94028994E-31
  0.25099010E+14  0.84331774E-31 -0.93039827E-31
  0.25148515E+14  0.84418610E-31 -0.92054203E-31
  0.25198020E+14  0.84490580E-31 -0.91094209E-31
  0.25247525E+14  0.84575460E-31 -0.90161724E-31
  0.25297030E+14  0.84683898E-31 -0.89237314E-31
  0.25346535E+14  0.84800712E-31 -0.88308651E-31
  0.25396040E+14  0.84902004E-31 -0.87372129E-31
  0.25445545E+14  0.84994751E-31 -0.86448618E-31
  0.25495050E+14  0.85072188E-31 -0.85552563E-31
  0.25544554E+14  0.85180802E-31 -0.84688209E-31
  0.25594059E+14  0.85301282E-31 -0.83818537E-31
  0.25643564E+14  0.85434952E-31 -0.82938300E-31
  0.25693069E+14  0.85541488E-31 -0.82052871E-31
  0.25742574E+14  0.85643176E-31 -0.81191342E-31
  0.25792079E+14  0.85747524E-31 -0.80363222E-31
  0.25841584E+14  0.85883525E-31 -0.79538165E-31
  0.25891089E+14  0.86029786E-31 -0.78704080E-31
  0.25940594E+14  0.86172767E-31 -0.77849604E-31
  0.25990099E+14  0.86289319E-31 -0.77005762E-31
  0.26039604E+14  0.86392476E-31 -0.76201000E-31
  0.26089109E+14  0.86532810E-31 -0.75419299E-31
  0.26138614E+14  0.86698932E-31 -0.74627446E-31
  0.26188119E+14  0.86864776E-31 -0.73808866E-31
  0.26237624E+14  0.87007037E-31 -0.72993797E-31
  0.26287129E+14  0.87133035E-31 -0.72200713E-31
  0.26336634E+14  0.87277564E-31 -0.71443082E-31
  0.26386139E+14  0.87462428E-31 -0.70683048E-31
  0.26435644E+14  0.87661990E-31 -0.69889198E-31
  0.26485149E+14  0.87832261E-31 -0.69078965E-31
  0.26534653E+14  0.87968962E-31 -0.68291012E-31
  0.26584158E+14  0.88119565E-31 -0.67551825E-31
  0.26633663E+14  0.88315308E-31 -0.66815772E-31
  0.26683168E+14  0.88536919E-31 -0.66045213E-31
  0.26732673E+14  0.88729159E-31 -0.65253345E-31
  0.26782178E+14  0.88903177E-31 -0.64478052E-31
  0.26831683E+14  0.89071497E-31 -0.63736922E-31
  0.26881188E+14  0.89289852E-31 -0.63008165E-31
  0.26930693E+14  0.89527663E-31 -0.62247932E-31
  0.26980198E+14  0.89753416E-31 -0.61457321E-31
  0.27029703E+14  0.89942243E-31 -0.60675605E-31
  0.27079208E+14  0.90131252E-31 -0.59927555E-31
  0.27128713E+14  0.90355488E-31 -0.59204770E-31
  0.27178218E+14  0.90615131E-31 -0.58444259E-31
  0.27227723E+14  0.90852909E-31 -0.57657053E-31
  0.27277228E+14  0.91067472E-31 -0.56885645E-31
  0.27326733E+14  0.91294798E-31 -0.56133218E-31
  0.27376238E+14  0.91553086E-31 -0.55384127E-31
  0.27425743E+14  0.91815265E-31 -0.54606495E-31
  0.27475248E+14  0.92072250E-31 -0.53819334E-31
  0.27524752E+14  0.92318230E-31 -0.53034128E-31
  0.27574257E+14  0.92571428E-31 -0.52252602E-31
  0.27623762E+14  0.92828282E-31 -0.51474903E-31
  0.27673267E+14  0.93101650E-31 -0.50687791E-31
  0.27722772E+14  0.93367693E-31 -0.49897758E-31
  0.27772277E+14  0.93649003E-31 -0.49101926E-31
  0.27821782E+14  0.93935800E-31 -0.48293999E-31
  0.27871287E+14  0.94212299E-31 -0.47472380E-31
  0.27920792E+14  0.94485888E-31 -0.46661802E-31
  0.27970297E+14  0.94777922E-31 -0.45854986E-31
  0.28019802E+14  0.95099404E-31 -0.45025094E-31
  0.28069307E+14  0.95394049E-31 -0.44143330E-31
  0.28118812E+14  0.95641023E-31 -0.43294348E-31
  0.28168317E+14  0.95928120E-31 -0.42486458E-31
  0.28217822E+14  0.96270682E-31 -0.41641767E-31
  0.28267327E+14  0.96594979E-31 -0.40738393E-31
  0.28316832E+14  0.96875510E-31 -0.39834381E-31
  0.28366337E+14  0.97152925E-31 -0.38967712E-31
  0.28415842E+14  0.97482307E-31 -0.38101753E-31
  0.28465347E+14  0.97836809E-31 -0.37181301E-31
  0.28514851E+14  0.98147572E-31 -0.36205558E-31
  0.28564356E+14  0.98398914E-31 -0.35270935E-31
  0.28613861E+14  0.98707445E-31 -0.34383014E-31
  0.28663366E+14  0.99073713E-31 -0.33428753E-31
  0.28712871E+14  0.99383086E-31 -0.32422128E-31
  0.28762376E+14  0.99669324E-31 -0.31438779E-31
  0.28811881E+14  0.99977626E-31 -0.30476909E-31
  0.28861386E+14  0.10032752E-30 -0.29459449E-31
  0.28910891E+14  0.10062784E-30 -0.28415952E-31
  0.28960396E+14  0.10092636E-30 -0.27380868E-31
  0.29009901E+14  0.10124731E-30 -0.26318294E-31
  0.29059406E+14  0.10152630E-30 -0.25247881E-31
  0.29108911E+14  0.10182379E-30 -0.24177524E-31
  0.29158416E+14  0.10214499E-30 -0.23080716E-31
  0.29207921E+14  0.10244599E-30 -0.21948856E-31
  0.29257426E+14  0.10272372E-30 -0.20791917E-31
  0.29306931E+14  0.10299129E-30 -0.19655541E-31
  0.29356436E+14  0.10330828E-30 -0.18506493E-31
  0.29405941E+14  0.10359400E-30 -0.17240961E-31
  0.29455446E+14  0.10378480E-30 -0.16030197E-31
  0.29504950E+14  0.10405409E-30 -0.14862340E-31
  0.29554455E+14  0.10436822E-30 -0.13586173E-31
  0.29603960E+14  0.10457581E-30 -0.12253965E-31
  0.29653465E+14  0.10476607E-30 -0.11003958E-31
  0.29702970E+14  0.10505810E-30 -0.97051789E-32
  0.29752475E+14  0.10525197E-30 -0.83005417E-32
  0.29801980E+14  0.10541849E-30 -0.69347700E-32
  0.29851485E+14  0.10560200E-30 -0.55730157E-32
  0.29900990E+14  0.10578628E-30 -0.41557041E-32
  0.29950495E+14  0.10591110E-30 -0.26884752E-32
  0.30000000E+14  0.10605354E-30 -0.12571545E-32
  0.30049505E+14  0.10619529E-30  0.26458176E-33
  0.30099010E+14  0.10626245E-30  0.17665152E-32
  0.30148515E+14  0.10634337E-30  0.33249710E-32
  0.30198020E+14  0.10637792E-30  0.48992296E-32
  0.30247525E+14  0.10639318E-30  0.64708625E-32
  0.30297030E+14  0.10644476E-30  0.80969632E-32
  0.30346535E+14  0.10635665E-30  0.97710416E-32
  0.30396040E+14  0.10630980E-30  0.11415233E-31
  0.30445545E+14  0.10624130E-30  0.13163886E-31
  0.30495050E+14  0.10604603E-30  0.14886906E-31
  0.30544554E+14  0.10595875E-30  0.16591187E-31
  0.30594059E+14  0.10570959E-30  0.18419734E-31
  0.30643564E+14  0.10542800E-30  0.20178745E-31
  0.30693069E+14  0.10518695E-30  0.22015593E-31
  0.30742574E+14  0.10475294E-30  0.23852176E-31
  0.30792079E+14  0.10438027E-30  0.25659680E-31
  0.30841584E+14  0.10389648E-30  0.27540985E-31
  0.30891089E+14  0.10335647E-30  0.29359474E-31
  0.30940594E+14  0.10275363E-30  0.31180577E-31
  0.30990099E+14  0.10202510E-30  0.32924358E-31
  0.31039604E+14  0.10134838E-30  0.34620041E-31
  0.31089109E+14  0.10049437E-30  0.36153099E-31
  0.31138614E+14  0.99602673E-31  0.37414941E-31
  0.31188119E+14  0.98516560E-31  0.37527494E-31
  0.31237624E+14  0.10118074E-30  0.37883408E-31
  0.31287129E+14  0.10230555E-30  0.40999956E-31
  0.31336634E+14  0.10302010E-30  0.44447770E-31
  0.31386139E+14  0.10265929E-30  0.47593543E-31
  0.31435644E+14  0.10277245E-30  0.51418366E-31
  0.31485149E+14  0.10187985E-30  0.54928197E-31
  0.31534653E+14  0.10045946E-30  0.58761772E-31
  0.31584158E+14  0.99185319E-31  0.62515900E-31
  0.31633663E+14  0.97558637E-31  0.66112389E-31
  0.31683168E+14  0.95460539E-31  0.69779126E-31
  0.31732673E+14  0.92895935E-31  0.73346977E-31
  0.31782178E+14  0.90240132E-31  0.76875985E-31
  0.31831683E+14  0.87368216E-31  0.80260996E-31
  0.31881188E+14  0.84032835E-31  0.83467904E-31
  0.31930693E+14  0.80571486E-31  0.86736656E-31
  0.31980198E+14  0.76794702E-31  0.89623849E-31
  0.32029703E+14  0.72353903E-31  0.92549420E-31
  0.32079208E+14  0.68401403E-31  0.95133580E-31
  0.32128713E+14  0.63267498E-31  0.97789318E-31
  0.32178218E+14  0.58701774E-31  0.99592147E-31
  0.32227723E+14  0.53420265E-31  0.10224644E-30
  0.32277228E+14  0.47445038E-31  0.10415798E-30
  0.32326733E+14  0.41546933E-31  0.10699903E-30
  0.32376238E+14  0.33688811E-31  0.10894880E-30
  0.32425743E+14  0.21846609E-31  0.10847993E-30
  0.32475248E+14  0.00000000E+00  0.10781070E-30
  0.32524752E+14  0.00000000E+00  0.89448318E-31
  0.32574257E+14  0.00000000E+00  0.81933390E-31
  0.32623762E+14  0.00000000E+00  0.76463864E-31
  0.32673267E+14  0.00000000E+00  0.72091548E-31
  0.32722772E+14  0.00000000E+00  0.68425355E-31
  0.32772277E+14  0.00000000E+00  0.65259632E-31
  0.32821782E+14  0.00000000E+00  0.62470696E-31
  0.32871287E+14  0.00000000E+00  0.59977458E-31
  0.32920792E+14  0.00000000E+00  0.57723437E-31
  0.32970297E+14  0.00000000E+00  0.55667495E-31
  0.33019802E+14  0.00000000E+00  0.53778605E-31
  0.33069307E+14  0.00000000E+00  0.52032721E-31
  0.33118812E+14  0.00000000E+00  0.50410777E-31
  0.33168317E+14  0.00000000E+00  0.48897374E-31
  0.33217822E+14  0.00000000E+00  0.47479875E-31
  0.33267327E+14  0.00000000E+00  0.46147768E-31
  0.33316832E+14  0.00000000E+00  0.44892209E-31
  0.33366337E+14  0.00000000E+00  0.43705674E-31
  0.33415842E+14  0.00000000E+00  0.42581711E-31
  0.33465347E+14  0.00000000E+00  0.41514738E-31
  0.33514851E+14  0.00000000E+00  0.40499892E-31
  0.33564356E+14  0.00000000E+00  0.39532907E-31
  0.33613861E+14  0.00000000E+00  0.38610023E-31
  0.33663366E+14  0.00000000E+00  0.37727904E-31
  0.33712871E+14  0.00000000E+00  0.36883577E-31
  0.33762376E+14  0.00000000E+00  0.36074382E-31
  0.33811881E+14  0.00000000E+00  0.35297925E-31
  0.33861386E+14  0.00000000E+00  0.34552050E-31
  0.33910891E+14  0.00000000E+00  0.33834800E-31
  0.33960396E+14  0.00000000E+00  0.33144402E-31
  0.34009901E+14  0.00000000E+00  0.32479236E-31
  0.34059406E+14  0.00000000E+00  0.31837823E-31
  0.34108911E+14  0.00000000E+00  0.31218809E-31
  0.34158416E+14  0.00000000E+00  0.30620948E-31
  0.34207921E+14  0.00000000E+00  0.30043093E-31
  0.34257426E+14  0.00000000E+00  0.29484187E-31
  0.34306931E+14  0.00000000E+00  0.28943250E-31
  0.34356436E+14  0.00000000E+00  0.28419375E-31
  0.34405941E+14  0.00000000E+00  0.27911719E-31
  0.34455446E+14  0.00000000E+00  0.27419501E-31
  0.34504950E+14  0.00000000E+00  0.26941988E-31
  0.34554455E+14  0.00000000E+00  0.26478500E-31
  0.34603960E+14  0.00000000E+00  0.26028400E-31
  0.34653465E+14  0.00000000E+00  0.25591092E-31
  0.34702970E+14  0.00000000E+00  0.25166017E-31
  0.34752475E+14  0.00000000E+00  0.24752651E-31
  0.34801980E+14  0.00000000E+00  0.24350499E-31
  0.34851485E+14  0.00000000E+00  0.23959099E-31
  0.34900990E+14  0.00000000E+00  0.23578013E-31
  0.34950495E+14  0.00000000E+00  0.23206829E-31
  0.35000000E+14  0.00000000E+00  0.22845158E-31
  0.35049505E+14  0.00000000E+00  0.22492631E-31
  0.35099010E+14  0.00000000E+00  0.22148901E-31
  0.35148515E+14  0.00000000E+00  0.21813637E-31
  0.35198020E+14  0.00000000E+00  0.21486528E-31
  0.35247525E+14  0.00000000E+00  0.21167276E-31
  0.35297030E+14  0.00000000E+00  0.20855600E-31
  0.35346535E+14  0.00000000E+00  0.20551233E-31
  0.35396040E+14  0.00000000E+00  0.20253919E-31
  0.35445545E+14  0.00000000E+00  0.19963417E-31
  0.35495050E+14  0.00000000E+00  0.19679495E-31
  0.35544554E+14  0.00000000E+00  0.19401934E-31
  0.35594059E+14  0.00000000E+00  0.19130524E-31
  0.35643564E+14  0.00000000E+00  0.18865063E-31
  0.35693069E+14  0.00000000E+00  0.18605362E-31
  0.35742574E+14  0.00000000E+00  0.18351236E-31
  0.35792079E+14  0.00000000E+00  0.18102510E-31
  0.35841584E+14  0.00000000E+00  0.17859018E-31
  0.35891089E+14  0.00000000E+00  0.17620599E-31
  0.35940594E+14  0.00000000E+00  0.17387099E-31
  0.35990099E+14  0.00000000E+00  0.17158370E-31
  0.36039604E+14  0.00000000E+00  0.16934272E-31
  0.36089109E+14  0.00000000E+00  0.16714669E-31
  0.36138614E+14  0.00000000E+00  0.16499430E-31
  0.36188119E+14  0.00000000E+00  0.16288431E-31
  0.36237624E+14  0.00000000E+00  0.16081551E-31
  0.36287129E+14  0.00000000E+00  0.15878674E-31
  0.36336634E+14  0.00000000E+00  0.15679690E-31
  0.36386139E+14  0.00000000E+00  0.15484492E-31
  0.36435644E+14  0.00000000E+00  0.15292976E-31
  0.36485149E+14  0.00000000E+00  0.15105043E-31
  0.36534653E+14  0.00000000E+00  0.14920597E-31
  0.36584158E+14  0.00000000E+00  0.14739547E-31
  0.36633663E+14  0.00000000E+00  0.14561803E-31
  0.36683168E+14  0.00000000E+00  0.14387280E-31
  0.36732673E+14  0.00000000E+00  0.14215895E-31
  0.36782178E+14  0.00000000E+00  0.14047567E-31
  0.36831683E+14  0.00000000E+00  0.13882220E-31
  0.36881188E+14  0.00000000E+00  0.13719780E-31
  0.36930693E+14  0.00000000E+00  0.13560173E-31
  0.36980198E+14  0.00000000E+00  0.13403331E-31
  0.37029703E+14  0.00000000E+00  0.13249185E-31
  0.37079208E+14  0.00000000E+00  0.13097671E-31
  0.37128713E+14  0.00000000E+00  0.12948726E-31
  0.37178218E+14  0.00000000E+00  0.12802288E-31
  0.37227723E+14  0.00000000E+00  0.12658299E-31
  0.37277228E+14  0.00000000E+00  0.12516701E-31
  0.37326733E+14  0.00000000E+00  0.12377439E-31
  0.37376238E+14  0.00000000E+00  0.12240458E-31
  0.37425743E+14  0.00000000E+00  0.12105707E-31
  0.37475248E+14  0.00000000E+00  0.11973136E-31
  0.37524752E+14  0.00000000E+00  0.11842694E-31
  0.37574257E+14  0.00000000E+00  0.11714335E-31
  0.37623762E+14  0.00000000E+00  0.11588012E-31
  0.37673267E+14  0.00000000E+00  0.11463681E-31
  0.37722772E+14  0.00000000E+00  0.11341298E-31
  0.37772277E+14  0.00000000E+00  0.11220821E-31
  0.37821782E+14  0.00000000E+00  0.11102208E-31
  0.37871287E+14  0.00000000E+00  0.10985420E-31
  0.37920792E+14  0.00000000E+00  0.10870419E-31
  0.37970297E+14  0.00000000E+00  0.10757166E-31
  0.38019802E+14  0.00000000E+00  0.10645625E-31
  0.38069307E+14  0.00000000E+00  0.10535760E-31
  0.38118812E+14  0.00000000E+00  0.10427537E-31
  0.38168317E+14  0.00000000E+00  0.10320921E-31
  0.38217822E+14  0.00000000E+00  0.10215881E-31
  0.38267327E+14  0.00000000E+00  0.10112384E-31
  0.38316832E+14  0.00000000E+00  0.10010399E-31
  0.38366337E+14  0.00000000E+00  0.99098961E-32
  0.38415842E+14  0.00000000E+00  0.98108456E-32
  0.38465347E+14  0.00000000E+00  0.97132188E-32
  0.38514851E+14  0.00000000E+00  0.96169880E-32
  0.38564356E+14  0.00000000E+00  0.95221257E-32
  0.38613861E+14  0.00000000E+00  0.94286055E-32
  0.38663366E+14  0.00000000E+00  0.93364015E-32
  0.38712871E+14  0.00000000E+00  0.92454886E-32
  0.38762376E+14  0.00000000E+00  0.91558420E-32
  0.38811881E+14  0.00000000E+00  0.90674380E-32
  0.38861386E+14  0.00000000E+00  0.89802529E-32
  0.38910891E+14  0.00000000E+00  0.88942642E-32
  0.38960396E+14  0.00000000E+00  0.88094495E-32
  0.39009901E+14  0.00000000E+00  0.87257871E-32
  0.39059406E+14  0.00000000E+00  0.86432558E-32
  0.39108911E+14  0.00000000E+00  0.85618349E-32
  0.39158416E+14  0.00000000E+00  0.84815042E-32
  0.39207921E+14  0.00000000E+00  0.84022441E-32
  0.39257426E+14  0.00000000E+00  0.83240351E-32
  0.39306931E+14  0.00000000E+00  0.82468587E-32
  0.39356436E+14  0.00000000E+00  0.81706963E-32
  0.39405941E+14  0.00000000E+00  0.80955300E-32
  0.39455446E+14  0.00000000E+00  0.80213423E-32
  0.39504950E+14  0.00000000E+00  0.79481161E-32
  0.39554455E+14  0.00000000E+00  0.78758345E-32
  0.39603960E+14  0.00000000E+00  0.78044812E-32
  0.39653465E+14  0.00000000E+00  0.77340403E-32
  0.39702970E+14  0.00000000E+00  0.76644960E-32
  0.39752475E+14  0.00000000E+00  0.75958331E-32
  0.39801980E+14  0.00000000E+00  0.75280365E-32
  0.39851485E+14  0.00000000E+00  0.74610917E-32
  0.39900990E+14  0.00000000E+00  0.73949843E-32
  0.39950495E+14  0.00000000E+00  0.73297003E-32
  0.40000000E+14  0.00000000E+00  0.72652260E-32
  0.40049505E+14  0.00000000E+00  0.72015479E-32
  0.40099010E+14  0.00000000E+00  0.71386530E-32
  0.40148515E+14  0.00000000E+00  0.70765284E-32
  0.40198020E+14  0.00000000E+00  0.70151615E-32
  0.40247525E+14  0.00000000E+00  0.69545399E-32
  0.40297030E+14  0.00000000E+00  0.68946517E-32
  0.40346535E+14  0.00000000E+00  0.68354850E-32
  0.40396040E+14  0.00000000E+00  0.67770282E-32
  0.40445545E+14  0.00000000E+00  0.67192700E-32
  0.40495050E+14  0.00000000E+00  0.66621993E-32
  0.40544554E+14  0.00000000E+00  0.66058053E-32
  0.40594059E+14  0.00000000E+00  0.65500772E-32
  0.40643564E+14  0.00000000E+00  0.64950046E-32
  0.40693069E+14  0.00000000E+00  0.64405774E-32
  0.40742574E+14  0.00000000E+00  0.63867854E-32
  0.40792079E+14  0.00000000E+00  0.63336189E-32
  0.40841584E+14  0.00000000E+00  0.62810682E-32
  0.40891089E+14  0.00000000E+00  0.62291239E-32
  0.40940594E+14  0.00000000E+00  0.61777767E-32
  0.40990099E+14  0.00000000E+00  0.61270175E-32
  0.41039604E+14  0.00000000E+00  0.60768374E-32
  0.41089109E+14  0.00000000E+00  0.60272277E-32
  0.41138614E+14  0.00000000E+00  0.59781799E-32
  0.41188119E+14  0.00000000E+00  0.59296855E-32
  0.41237624E+14  0.00000000E+00  0.58817363E-32
  0.41287129E+14  0.00000000E+00  0.58343241E-32
  0.41336634E+14  0.00000000E+00  0.57874412E-32
  0.41386139E+14  0.00000000E+00  0.57410796E-32
  0.41435644E+14  0.00000000E+00  0.56952318E-32
  0.41485149E+14  0.00000000E+00  0.56498902E-32
  0.41534653E+14  0.00000000E+00  0.56050475E-32
  0.41584158E+14  0.00000000E+00  0.55606964E-32
  0.41633663E+14  0.00000000E+00  0.55168300E-32
  0.41683168E+14  0.00000000E+00  0.54734412E-32
  0.41732673E+14  0.00000000E+00  0.54305231E-32
  0.41782178E+14  0.00000000E+00  0.53880692E-32
  0.41831683E+14  0.00000000E+00  0.53460727E-32
  0.41881188E+14  0.00000000E+00  0.53045272E-32
  0.41930693E+14  0.00000000E+00  0.52634264E-32
  0.41980198E+14  0.00000000E+00  0.52227641E-32
  0.42029703E+14  0.00000000E+00  0.51825340E-32
  0.42079208E+14  0.00000000E+00  0.51427302E-32
  0.42128713E+14  0.00000000E+00  0.51033467E-32
  0.42178218E+14  0.00000000E+00  0.50643778E-32
  0.42227723E+14  0.00000000E+00  0.50258177E-32
  0.42277228E+14  0.00000000E+00  0.49876608E-32
  0.42326733E+14  0.00000000E+00  0.49499017E-32
  0.42376238E+14  0.00000000E+00  0.49125348E-32
  0.42425743E+14  0.00000000E+00  0.48755549E-32
  0.42475248E+14  0.00000000E+00  0.48389567E-32
  0.42524752E+14  0.00000000E+00  0.48027351E-32
  0.42574257E+14  0.00000000E+00  0.47668850E-32
  0.42623762E+14  0.00000000E+00  0.47314014E-32
  0.42673267E+14  0.00000000E+00  0.46962795E-32
  0.42722772E+14  0.00000000E+00  0.46615145E-32
  0.42772277E+14  0.00000000E+00  0.46271015E-32
  0.42821782E+14  0.00000000E+00  0.45930361E-32
  0.42871287E+14  0.00000000E+00  0.45593136E-32
  0.42920792E+14  0.00000000E+00  0.45259294E-32
  0.42970297E+14  0.00000000E+00  0.44928793E-32
  0.43019802E+14  0.00000000E+00  0.44601588E-32
  0.43069307E+14  0.00000000E+00  0.44277637E-32
  0.43118812E+14  0.00000000E+00  0.43956897E-32
  0.43168317E+14  0.00000000E+00  0.43639327E-32
  0.43217822E+14  0.00000000E+00  0.43324887E-32
  0.43267327E+14  0.00000000E+00  0.43013536E-32
  0.43316832E+14  0.00000000E+00  0.42705236E-32
  0.43366337E+14  0.00000000E+00  0.42399946E-32
  0.43415842E+14  0.00000000E+00  0.42097629E-32
  0.43465347E+14  0.00000000E+00  0.41798248E-32
  0.43514851E+14  0.00000000E+00  0.41501765E-32
  0.43564356E+14  0.00000000E+00  0.41208144E-32
  0.43613861E+14  0.00000000E+00  0.40917349E-32
  0.43663366E+14  0.00000000E+00  0.40629346E-32
  0.43712871E+14  0.00000000E+00  0.40344098E-32
  0.43762376E+14  0.00000000E+00  0.40061573E-32
  0.43811881E+14  0.00000000E+00  0.39781736E-32
  0.43861386E+14  0.00000000E+00  0.39504554E-32
  0.43910891E+14  0.00000000E+00  0.39229995E-32
  0.43960396E+14  0.00000000E+00  0.38958027E-32
  0.44009901E+14  0.00000000E+00  0.38688618E-32
  0.44059406E+14  0.00000000E+00  0.38421736E-32
  0.44108911E+14  0.00000000E+00  0.38157352E-32
  0.44158416E+14  0.00000000E+00  0.37895434E-32
  0.44207921E+14  0.00000000E+00  0.37635954E-32
  0.44257426E+14  0.00000000E+00  0.37378882E-32
  0.44306931E+14  0.00000000E+00  0.37124189E-32
  0.44356436E+14  0.00000000E+00  0.36871847E-32
  0.44405941E+14  0.00000000E+00  0.36621827E-32
  0.44455446E+14  0.00000000E+00  0.36374102E-32
  0.44504950E+14  0.00000000E+00  0.36128645E-32
  0.44554455E+14  0.00000000E+00  0.35885430E-32
  0.44603960E+14  0.00000000E+00  0.35644429E-32
  0.44653465E+14  0.00000000E+00  0.35405617E-32
  0.44702970E+14  0.00000000E+00  0.35168968E-32
  0.44752475E+14  0.00000000E+00  0.34934456E-32
  0.44801980E+14  0.00000000E+00  0.34702058E-32
  0.44851485E+14  0.00000000E+00  0.34471749E-32
  0.44900990E+14  0.00000000E+00  0.34243503E-32
  0.44950495E+14  0.00000000E+00  0.34017298E-32
  0.45000000E+14  0.00000000E+00  0.33793110E-32
  0.45049505E+14  0.00000000E+00  0.33570917E-32
  0.45099010E+14  0.00000000E+00  0.33350694E-32
  0.45148515E+14  0.00000000E+00  0.33132420E-32
  0.45198020E+14  0.00000000E+00  0.32916072E-32
  0.45247525E+14  0.00000000E+00  0.32701629E-32
  0.45297030E+14  0.00000000E+00  0.32489068E-32
  0.45346535E+14  0.00000000E+00  0.32278370E-32
  0.45396040E+14  0.00000000E+00  0.32069513E-32
  0.45445545E+14  0.00000000E+00  0.31862475E-32
  0.45495050E+14  0.00000000E+00  0.31657238E-32
  0.45544554E+14  0.00000000E+00  0.31453780E-32
  0.45594059E+14  0.00000000E+00  0.31252083E-32
  0.45643564E+14  0.00000000E+00  0.31052125E-32
  0.45693069E+14  0.00000000E+00  0.30853889E-32
  0.45742574E+14  0.00000000E+00  0.30657355E-32
  0.45792079E+14  0.00000000E+00  0.30462505E-32
  0.45841584E+14  0.00000000E+00  0.30269319E-32
  0.45891089E+14  0.00000000E+00  0.30077780E-32
  0.45940594E+14  0.00000000E+00  0.29887870E-32
  0.45990099E+14  0.00000000E+00  0.29699571E-32
  0.46039604E+14  0.00000000E+00  0.29512865E-32
  0.46089109E+14  0.00000000E+00  0.29327736E-32
  0.46138614E+14  0.00000000E+00  0.29144166E-32
  0.46188119E+14  0.00000000E+00  0.28962138E-32
  0.46237624E+14  0.00000000E+00  0.28781636E-32
  0.46287129E+14  0.00000000E+00  0.28602643E-32
  0.46336634E+14  0.00000000E+00  0.28425144E-32
  0.46386139E+14  0.00000000E+00  0.28249122E-32
  0.46435644E+14  0.00000000E+00  0.28074561E-32
  0.46485149E+14  0.00000000E+00  0.27901447E-32
  0.46534653E+14  0.00000000E+00  0.27729764E-32
  0.46584158E+14  0.00000000E+00  0.27559496E-32
  0.46633663E+14  0.00000000E+00  0.27390629E-32
  0.46683168E+14  0.00000000E+00  0.27223148E-32
  0.46732673E+14  0.00000000E+00  0.27057039E-32
  0.46782178E+14  0.00000000E+00  0.26892287E-32
  0.46831683E+14  0.00000000E+00  0.26728877E-32
  0.46881188E+14  0.00000000E+00  0.26566797E-32
  0.46930693E+14  0.00000000E+00  0.26406032E-32
  0.46980198E+14  0.00000000E+00  0.26246569E-32
  0.47029703E+14  0.00000000E+00  0.26088394E-32
  0.47079208E+14  0.00000000E+00  0.25931494E-32
  0.47128713E+14  0.00000000E+00  0.25775856E-32
  0.47178218E+14  0.00000000E+00  0.25621467E-32
  0.47227723E+14  0.00000000E+00  0.25468313E-32
  0.47277228E+14  0.00000000E+00  0.25316384E-32
  0.47326733E+14  0.00000000E+00  0.25165665E-32
  0.47376238E+14  0.00000000E+00  0.25016145E-32
  0.47425743E+14  0.00000000E+00  0.24867812E-32
  0.47475248E+14  0.00000000E+00  0.24720653E-32
  0.47524752E+14  0.00000000E+00  0.24574657E-32
  0.47574257E+14  0.00000000E+00  0.24429812E-32
  0.47623762E+14  0.00000000E+00  0.24286107E-32
  0.47673267E+14  0.00000000E+00  0.24143529E-32
  0.47722772E+14  0.00000000E+00  0.24002069E-32
  0.47772277E+14  0.00000000E+00  0.23861714E-32
  0.47821782E+14  0.00000000E+00  0.23722454E-32
  0.47871287E+14  0.00000000E+00  0.23584278E-32
  0.47920792E+14  0.00000000E+00  0.23447175E-32
  0.47970297E+14  0.00000000E+00  0.23311134E-32
  0.48019802E+14  0.00000000E+00  0.23176146E-32
  0.48069307E+14  0.00000000E+00  0.23042199E-32
  0.48118812E+14  0.00000000E+00  0.22909284E-32
  0.48168317E+14  0.00000000E+00  0.22777390E-32
  0.48217822E+14  0.00000000E+00  0.22646507E-32
  0.48267327E+14  0.00000000E+00  0.22516627E-32
  0.48316832E+14  0.00000000E+00  0.22387738E-32
  0.48366337E+14  0.00000000E+00  0.22259831E-32
  0.48415842E+14  0.00000000E+00  0.22132897E-32
  0.48465347E+14  0.00000000E+00  0.22006926E-32
  0.48514851E+14  0.00000000E+00  0.21881909E-32
  0.48564356E+14  0.00000000E+00  0.21757837E-32
  0.48613861E+14  0.00000000E+00  0.21634702E-32
  0.48663366E+14  0.00000000E+00  0.21512492E-32
  0.48712871E+14  0.00000000E+00  0.21391201E-32
  0.48762376E+14  0.00000000E+00  0.21270820E-32
  0.48811881E+14  0.00000000E+00  0.21151338E-32
  0.48861386E+14  0.00000000E+00  0.21032749E-32
  0.48910891E+14  0.00000000E+00  0.20915044E-32
  0.48960396E+14  0.00000000E+00  0.20798214E-32
  0.49009901E+14  0.00000000E+00  0.20682251E-32
  0.49059406E+14  0.00000000E+00  0.20567146E-32
  0.49108911E+14  0.00000000E+00  0.20452893E-32
  0.49158416E+14  0.00000000E+00  0.20339482E-32
  0.49207921E+14  0.00000000E+00  0.20226907E-32
  0.49257426E+14  0.00000000E+00  0.20115159E-32
  0.49306931E+14  0.00000000E+00  0.20004230E-32
  0.49356436E+14  0.00000000E+00  0.19894113E-32
  0.49405941E+14  0.00000000E+00  0.19784800E-32
  0.49455446E+14  0.00000000E+00  0.19676285E-32
  0.49504950E+14  0.00000000E+00  0.19568559E-32
  0.49554455E+14  0.00000000E+00  0.19461615E-32
  0.49603960E+14  0.00000000E+00  0.19355447E-32
  0.49653465E+14  0.00000000E+00  0.19250046E-32
  0.49702970E+14  0.00000000E+00  0.19145406E-32
  0.49752475E+14  0.00000000E+00  0.19041521E-32
  0.49801980E+14  0.00000000E+00  0.18938383E-32
  0.49851485E+14  0.00000000E+00  0.18835985E-32
  0.49900990E+14  0.00000000E+00  0.18734320E-32
  0.49950495E+14  0.00000000E+00  0.18633383E-32
  0.50000000E+14  0.00000000E+00  0.18533166E-32
  0.50049505E+14  0.00000000E+00  0.18433663E-32
  0.50099010E+14  0.00000000E+00  0.18334868E-32
  0.50148515E+14  0.00000000E+00  0.18236774E-32
  0.50198020E+14  0.00000000E+00  0.18139375E-32
  0.50247525E+14  0.00000000E+00  0.18042664E-32
  0.50297030E+14  0.00000000E+00  0.17946636E-32
  0.50346535E+14  0.00000000E+00  0.17851284E-32
  0.50396040E+14  0.00000000E+00  0.17756603E-32
  0.50445545E+14  0.00000000E+00  0.17662586E-32
  0.50495050E+14  0.00000000E+00  0.17569228E-32
  0.50544554E+14  0.00000000E+00  0.17476522E-32
  0.50594059E+14  0.00000000E+00  0.17384464E-32
  0.50643564E+14  0.00000000E+00  0.17293047E-32
  0.50693069E+14  0.00000000E+00  0.17202265E-32
  0.50742574E+14  0.00000000E+00  0.17112114E-32
  0.50792079E+14  0.00000000E+00  0.17022587E-32
  0.50841584E+14  0.00000000E+00  0.16933679E-32
  0.50891089E+14  0.00000000E+00  0.16845385E-32
  0.50940594E+14  0.00000000E+00  0.16757699E-32
  0.50990099E+14  0.00000000E+00  0.16670617E-32
  0.51039604E+14  0.00000000E+00  0.16584132E-32
  0.51089109E+14  0.00000000E+00  0.16498240E-32
  0.51138614E+14  0.00000000E+00  0.16412935E-32
  0.51188119E+14  0.00000000E+00  0.16328213E-32
  0.51237624E+14  0.00000000E+00  0.16244069E-32
  0.51287129E+14  0.00000000E+00  0.16160497E-32
  0.51336634E+14  0.00000000E+00  0.16077492E-32
  0.51386139E+14  0.00000000E+00  0.15995051E-32
  0.51435644E+14  0.00000000E+00  0.15913167E-32
  0.51485149E+14  0.00000000E+00  0.15831837E-32
  0.51534653E+14  0.00000000E+00  0.15751055E-32
  0.51584158E+14  0.00000000E+00  0.15670817E-32
  0.51633663E+14  0.00000000E+00  0.15591118E-32
  0.51683168E+14  0.00000000E+00  0.15511954E-32
  0.51732673E+14  0.00000000E+00  0.15433320E-32
  0.51782178E+14  0.00000000E+00  0.15355212E-32
  0.51831683E+14  0.00000000E+00  0.15277625E-32
  0.51881188E+14  0.00000000E+00  0.15200554E-32
  0.51930693E+14  0.00000000E+00  0.15123997E-32
  0.51980198E+14  0.00000000E+00  0.15047947E-32
  0.52029703E+14  0.00000000E+00  0.14972402E-32
  0.52079208E+14  0.00000000E+00  0.14897357E-32
  0.52128713E+14  0.00000000E+00  0.14822807E-32
  0.52178218E+14  0.00000000E+00  0.14748749E-32
  0.52227723E+14  0.00000000E+00  0.14675178E-32
  0.52277228E+14  0.00000000E+00  0.14602091E-32
  0.52326733E+14  0.00000000E+00  0.14529483E-32
  0.52376238E+14  0.00000000E+00  0.14457350E-32
  0.52425743E+14  0.00000000E+00  0.14385689E-32
  0.52475248E+14  0.00000000E+00  0.14314496E-32
  0.52524752E+14  0.00000000E+00  0.14243767E-32
  0.52574257E+14  0.00000000E+00  0.14173498E-32
  0.52623762E+14  0.00000000E+00  0.14103685E-32
  0.52673267E+14  0.00000000E+00  0.14034325E-32
  0.52722772E+14  0.00000000E+00  0.13965414E-32
  0.52772277E+14  0.00000000E+00  0.13896947E-32
  0.52821782E+14  0.00000000E+00  0.13828923E-32
  0.52871287E+14  0.00000000E+00  0.13761337E-32
  0.52920792E+14  0.00000000E+00  0.13694185E-32
  0.52970297E+14  0.00000000E+00  0.13627464E-32
  0.53019802E+14  0.00000000E+00  0.13561171E-32
  0.53069307E+14  0.00000000E+00  0.13495302E-32
  0.53118812E+14  0.00000000E+00  0.13429853E-32
  0.53168317E+14  0.00000000E+00  0.13364822E-32
  0.53217822E+14  0.00000000E+00  0.13300205E-32
  0.53267327E+14  0.00000000E+00  0.13235999E-32
  0.53316832E+14  0.00000000E+00  0.13172200E-32
  0.53366337E+14  0.00000000E+00  0.13108805E-32
  0.53415842E+14  0.00000000E+00  0.13045811E-32
  0.53465347E+14  0.00000000E+00  0.12983215E-32
  0.53514851E+14  0.00000000E+00  0.12921013E-32
  0.53564356E+14  0.00000000E+00  0.12859203E-32
  0.53613861E+14  0.00000000E+00  0.12797782E-32
  0.53663366E+14  0.00000000E+00  0.12736746E-32
  0.53712871E+14  0.00000000E+00  0.12676092E-32
  0.53762376E+14  0.00000000E+00  0.12615817E-32
  0.53811881E+14  0.00000000E+00  0.12555919E-32
  0.53861386E+14  0.00000000E+00  0.12496395E-32
  0.53910891E+14  0.00000000E+00  0.12437240E-32
  0.53960396E+14  0.00000000E+00  0.12378454E-32
  0.54009901E+14  0.00000000E+00  0.12320032E-32
  0.54059406E+14  0.00000000E+00  0.12261972E-32
  0.54108911E+14  0.00000000E+00  0.12204271E-32
  0.54158416E+14  0.00000000E+00  0.12146926E-32
  0.54207921E+14  0.00000000E+00  0.12089935E-32
  0.54257426E+14  0.00000000E+00  0.12033295E-32
  0.54306931E+14  0.00000000E+00  0.11977003E-32
  0.54356436E+14  0.00000000E+00  0.11921056E-32
  0.54405941E+14  0.00000000E+00  0.11865452E-32
  0.54455446E+14  0.00000000E+00  0.11810189E-32
  0.54504950E+14  0.00000000E+00  0.11755263E-32
  0.54554455E+14  0.00000000E+00  0.11700671E-32
  0.54603960E+14  0.00000000E+00  0.11646413E-32
  0.54653465E+14  0.00000000E+00  0.11592484E-32
  0.54702970E+14  0.00000000E+00  0.11538882E-32
  0.54752475E+14  0.00000000E+00  0.11485606E-32
  0.54801980E+14  0.00000000E+00  0.11432652E-32
  0.54851485E+14  0.00000000E+00  0.11380018E-32
  0.54900990E+14  0.00000000E+00  0.11327701E-32
  0.54950495E+14  0.00000000E+00  0.11275700E-32
  0.55000000E+14  0.00000000E+00  0.11224011E-32
  0.55049505E+14  0.00000000E+00  0.11172633E-32
  0.55099010E+14  0.00000000E+00  0.11121563E-32
  0.55148515E+14  0.00000000E+00  0.11070798E-32
  0.55198020E+14  0.00000000E+00  0.11020338E-32
  0.55247525E+14  0.00000000E+00  0.10970178E-32
  0.55297030E+14  0.00000000E+00  0.10920318E-32
  0.55346535E+14  0.00000000E+00  0.10870754E-32
  0.55396040E+14  0.00000000E+00  0.10821485E-32
  0.55445545E+14  0.00000000E+00  0.10772508E-32
  0.55495050E+14  0.00000000E+00  0.10723821E-32
  0.55544554E+14  0.00000000E+00  0.10675423E-32
  0.55594059E+14  0.00000000E+00  0.10627310E-32
  0.55643564E+14  0.00000000E+00  0.10579481E-32
  0.55693069E+14  0.00000000E+00  0.10531934E-32
  0.55742574E+14  0.00000000E+00  0.10484667E-32
  0.55792079E+14  0.00000000E+00  0.10437677E-32
  0.55841584E+14  0.00000000E+00  0.10390962E-32
  0.55891089E+14  0.00000000E+00  0.10344522E-32
  0.55940594E+14  0.00000000E+00  0.10298352E-32
  0.55990099E+14  0.00000000E+00  0.10252453E-32
  0.56039604E+14  0.00000000E+00  0.10206821E-32
  0.56089109E+14  0.00000000E+00  0.10161454E-32
  0.56138614E+14  0.00000000E+00  0.10116351E-32
  0.56188119E+14  0.00000000E+00  0.10071510E-32
  0.56237624E+14  0.00000000E+00  0.10026929E-32
  0.56287129E+14  0.00000000E+00  0.99826065E-33
  0.56336634E+14  0.00000000E+00  0.99385396E-33
  0.56386139E+14  0.00000000E+00  0.98947271E-33
  0.56435644E+14  0.00000000E+00  0.98511670E-33
  0.56485149E+14  0.00000000E+00  0.98078576E-33
  0.56534653E+14  0.00000000E+00  0.97647971E-33
  0.56584158E+14  0.00000000E+00  0.97219836E-33
  0.56633663E+14  0.00000000E+00  0.96794155E-33
  0.56683168E+14  0.00000000E+00  0.96370909E-33
  0.56732673E+14  0.00000000E+00  0.95950082E-33
  0.56782178E+14  0.00000000E+00  0.95531655E-33
  0.56831683E+14  0.00000000E+00  0.95115612E-33
  0.56881188E+14  0.00000000E+00  0.94701936E-33
  0.56930693E+14  0.00000000E+00  0.94290610E-33
  0.56980198E+14  0.00000000E+00  0.93881618E-33
  0.57029703E+14  0.00000000E+00  0.93474943E-33
  0.57079208E+14  0.00000000E+00  0.93070568E-33
  0.57128713E+14  0.00000000E+00  0.92668478E-33
  0.57178218E+14  0.00000000E+00  0.92268656E-33
  0.57227723E+14  0.00000000E+00  0.91871087E-33
  0.57277228E+14  0.00000000E+00  0.91475754E-33
  0.57326733E+14  0.00000000E+00  0.91082642E-33
  0.57376238E+14  0.00000000E+00  0.90691735E-33
  0.57425743E+14  0.00000000E+00  0.90303018E-33
  0.57475248E+14  0.00000000E+00  0.89916475E-33
  0.57524752E+14  0.00000000E+00  0.89532093E-33
  0.57574257E+14  0.00000000E+00  0.89149854E-33
  0.57623762E+14  0.00000000E+00  0.88769745E-33
  0.57673267E+14  0.00000000E+00  0.88391751E-33
  0.57722772E+14  0.00000000E+00  0.88015857E-33
  0.57772277E+14  0.00000000E+00  0.87642048E-33
  0.57821782E+14  0.00000000E+00  0.87270311E-33
  0.57871287E+14  0.00000000E+00  0.86900630E-33
  0.57920792E+14  0.00000000E+00  0.86532993E-33
  0.57970297E+14  0.00000000E+00  0.86167383E-33
  0.58019802E+14  0.00000000E+00  0.85803789E-33
  0.58069307E+14  0.00000000E+00  0.85442195E-33
  0.58118812E+14  0.00000000E+00  0.85082588E-33
  0.58168317E+14  0.00000000E+00  0.84724955E-33
  0.58217822E+14  0.00000000E+00  0.84369282E-33
  0.58267327E+14  0.00000000E+00  0.84015556E-33
  0.58316832E+14  0.00000000E+00  0.83663763E-33
  0.58366337E+14  0.00000000E+00  0.83313891E-33
  0.58415842E+14  0.00000000E+00  0.82965925E-33
  0.58465347E+14  0.00000000E+00  0.82619854E-33
  0.58514851E+14  0.00000000E+00  0.82275665E-33
  0.58564356E+14  0.00000000E+00  0.81933344E-33
  0.58613861E+14  0.00000000E+00  0.81592879E-33
  0.58663366E+14  0.00000000E+00  0.81254258E-33
  0.58712871E+14  0.00000000E+00  0.80917468E-33
  0.58762376E+14  0.00000000E+00  0.80582497E-33
  0.58811881E+14  0.00000000E+00  0.80249333E-33
  0.58861386E+14  0.00000000E+00  0.79917963E-33
  0.58910891E+14  0.00000000E+00  0.79588375E-33
  0.58960396E+14  0.00000000E+00  0.79260558E-33
  0.59009901E+14  0.00000000E+00  0.78934500E-33
  0.59059406E+14  0.00000000E+00  0.78610189E-33
  0.59108911E+14  0.00000000E+00  0.78287613E-33
  0.59158416E+14  0.00000000E+00  0.77966761E-33
  0.59207921E+14  0.00000000E+00  0.77647622E-33
  0.59257426E+14  0.00000000E+00  0.77330183E-33
  0.59306931E+14  0.00000000E+00  0.77014434E-33
  0.59356436E+14  0.00000000E+00  0.76700364E-33
  0.59405941E+14  0.00000000E+00  0.76387961E-33
  0.59455446E+14  0.00000000E+00  0.76077215E-33
  0.59504950E+14  0.00000000E+00  0.75768114E-33
  0.59554455E+14  0.00000000E+00  0.75460648E-33
  0.59603960E+14  0.00000000E+00  0.75154806E-33
  0.59653465E+14  0.00000000E+00  0.74850577E-33
  0.59702970E+14  0.00000000E+00  0.74547951E-33
  0.59752475E+14  0.00000000E+00  0.74246917E-33
  0.59801980E+14  0.00000000E+00  0.73947465E-33
  0.59851485E+14  0.00000000E+00  0.73649585E-33
  0.59900990E+14  0.00000000E+00  0.73353265E-33
  0.59950495E+14  0.00000000E+00  0.73058497E-33
  0.60000000E+14  0.00000000E+00  0.72765270E-33
  0.60049505E+14  0.00000000E+00  0.72473574E-33
  0.60099010E+14  0.00000000E+00  0.72183399E-33
  0.60148515E+14  0.00000000E+00  0.71894735E-33
  0.60198020E+14  0.00000000E+00  0.71607573E-33
  0.60247525E+14  0.00000000E+00  0.71321902E-33
  0.60297030E+14  0.00000000E+00  0.71037714E-33
  0.60346535E+14  0.00000000E+00  0.70754998E-33
  0.60396040E+14  0.00000000E+00  0.70473745E-33
  0.60445545E+14  0.00000000E+00  0.70193946E-33
  0.60495050E+14  0.00000000E+00  0.69915591E-33
  0.60544554E+14  0.00000000E+00  0.69638672E-33
  0.60594059E+14  0.00000000E+00  0.69363178E-33
  0.60643564E+14  0.00000000E+00  0.69089101E-33
  0.60693069E+14  0.00000000E+00  0.68816432E-33
  0.60742574E+14  0.00000000E+00  0.68545162E-33
  0.60792079E+14  0.00000000E+00  0.68275282E-33
  0.60841584E+14  0.00000000E+00  0.68006782E-33
  0.60891089E+14  0.00000000E+00  0.67739655E-33
  0.60940594E+14  0.00000000E+00  0.67473892E-33
  0.60990099E+14  0.00000000E+00  0.67209484E-33
  0.61039604E+14  0.00000000E+00  0.66946421E-33
  0.61089109E+14  0.00000000E+00  0.66684697E-33
  0.61138614E+14  0.00000000E+00  0.66424303E-33
  0.61188119E+14  0.00000000E+00  0.66165229E-33
  0.61237624E+14  0.00000000E+00  0.65907468E-33
  0.61287129E+14  0.00000000E+00  0.65651012E-33
  0.61336634E+14  0.00000000E+00  0.65395851E-33
  0.61386139E+14  0.00000000E+00  0.65141979E-33
  0.61435644E+14  0.00000000E+00  0.64889388E-33
  0.61485149E+14  0.00000000E+00  0.64638068E-33
  0.61534653E+14  0.00000000E+00  0.64388012E-33
  0.61584158E+14  0.00000000E+00  0.64139213E-33
  0.61633663E+14  0.00000000E+00  0.63891662E-33
  0.61683168E+14  0.00000000E+00  0.63645352E-33
  0.61732673E+14  0.00000000E+00  0.63400275E-33
  0.61782178E+14  0.00000000E+00  0.63156423E-33
  0.61831683E+14  0.00000000E+00  0.62913789E-33
  0.61881188E+14  0.00000000E+00  0.62672365E-33
  0.61930693E+14  0.00000000E+00  0.62432143E-33
  0.61980198E+14  0.00000000E+00  0.62193117E-33
  0.62029703E+14  0.00000000E+00  0.61955279E-33
  0.62079208E+14  0.00000000E+00  0.61718622E-33
  0.62128713E+14  0.00000000E+00  0.61483138E-33
  0.62178218E+14  0.00000000E+00  0.61248820E-33
  0.62227723E+14  0.00000000E+00  0.61015661E-33
  0.62277228E+14  0.00000000E+00  0.60783653E-33
  0.62326733E+14  0.00000000E+00  0.60552791E-33
  0.62376238E+14  0.00000000E+00  0.60323066E-33
  0.62425743E+14  0.00000000E+00  0.60094473E-33
  0.62475248E+14  0.00000000E+00  0.59867003E-33
  0.62524752E+14  0.00000000E+00  0.59640650E-33
  0.62574257E+14  0.00000000E+00  0.59415408E-33
  0.62623762E+14  0.00000000E+00  0.59191269E-33
  0.62673267E+14  0.00000000E+00  0.58968227E-33
  0.62722772E+14  0.00000000E+00  0.58746275E-33
  0.62772277E+14  0.00000000E+00  0.58525407E-33
  0.62821782E+14  0.00000000E+00  0.58305616E-33
  0.62871287E+14  0.00000000E+00  0.58086896E-33
  0.62920792E+14  0.00000000E+00  0.57869240E-33
  0.62970297E+14  0.00000000E+00  0.57652641E-33
  0.63019802E+14  0.00000000E+00  0.57437094E-33
  0.63069307E+14  0.00000000E+00  0.57222592E-33
  0.63118812E+14  0.00000000E+00  0.57009128E-33
  0.63168317E+14  0.00000000E+00  0.56796697E-33
  0.63217822E+14  0.00000000E+00  0.56585293E-33
  0.63267327E+14  0.00000000E+00  0.56374908E-33
  0.63316832E+14  0.00000000E+00  0.56165538E-33
  0.63366337E+14  0.00000000E+00  0.55957176E-33
  0.63415842E+14  0.00000000E+00  0.55749815E-33
  0.63465347E+14  0.00000000E+00  0.55543451E-33
  0.63514851E+14  0.00000000E+00  0.55338077E-33
  0.63564356E+14  0.00000000E+00  0.55133687E-33
  0.63613861E+14  0.00000000E+00  0.54930276E-33
  0.63663366E+14  0.00000000E+00  0.54727838E-33
  0.63712871E+14  0.00000000E+00  0.54526366E-33
  0.63762376E+14  0.00000000E+00  0.54325855E-33
  0.63811881E+14  0.00000000E+00  0.54126300E-33
  0.63861386E+14  0.00000000E+00  0.53927695E-33
  0.63910891E+14  0.00000000E+00  0.53730034E-33
  0.63960396E+14  0.00000000E+00  0.53533312E-33
  0.64009901E+14  0.00000000E+00  0.53337523E-33
  0.64059406E+14  0.00000000E+00  0.53142661E-33
  0.64108911E+14  0.00000000E+00  0.52948722E-33
  0.64158416E+14  0.00000000E+00  0.52755700E-33
  0.64207921E+14  0.00000000E+00  0.52563589E-33
  0.64257426E+14  0.00000000E+00  0.52372385E-33
  0.64306931E+14  0.00000000E+00  0.52182081E-33
  0.64356436E+14  0.00000000E+00  0.51992673E-33
  0.64405941E+14  0.00000000E+00  0.51804156E-33
  0.64455446E+14  0.00000000E+00  0.51616524E-33
  0.64504950E+14  0.00000000E+00  0.51429772E-33
  0.64554455E+14  0.00000000E+00  0.51243895E-33
  0.64603960E+14  0.00000000E+00  0.51058888E-33
  0.64653465E+14  0.00000000E+00  0.50874746E-33
  0.64702970E+14  0.00000000E+00  0.50691463E-33
  0.64752475E+14  0.00000000E+00  0.50509036E-33
  0.64801980E+14  0.00000000E+00  0.50327459E-33
  0.64851485E+14  0.00000000E+00  0.50146727E-33
  0.64900990E+14  0.00000000E+00  0.49966835E-33
  0.64950495E+14  0.00000000E+00  0.49787779E-33
  0.65000000E+14  0.00000000E+00  0.49609553E-33
