  0.49504950E+11  0.11253821E-31 -0.93880059E-31
  0.99009901E+11  0.18012200E-31 -0.84804097E-31
  0.14851485E+12  0.22916358E-31 -0.70803009E-31
  0.19801980E+12  0.15757860E-31 -0.43413794E-31
  0.24752475E+12 -0.14707109E-31 -0.52879577E-31
  0.29702970E+12 -0.21505120E-31 -0.61766667E-31
  0.34653465E+12 -0.27484801E-31 -0.74373278E-31
  0.39603960E+12 -0.18477343E-31 -0.93720478E-31
  0.44554455E+12 -0.28083797E-33 -0.76113622E-31
  0.49504950E+12 -0.66052185E-32 -0.64226924E-31
  0.54455446E+12 -0.22726099E-31 -0.64104114E-31
  0.59405941E+12 -0.28662613E-31 -0.80817046E-31
  0.64356436E+12 -0.18584480E-31 -0.83064173E-31
  0.69306931E+12 -0.12455539E-31 -0.82407513E-31
  0.74257426E+12 -0.14570962E-31 -0.72288311E-31
  0.79207921E+12 -0.27047643E-31 -0.73784407E-31
  0.84158416E+12 -0.25984977E-31 -0.77069173E-31
  0.89108911E+12 -0.30843554E-31 -0.82384808E-31
  0.94059406E+12 -0.30879174E-31 -0.86004680E-31
  0.99009901E+12 -0.27791239E-31 -0.90773916E-31
  0.10396040E+13 -0.20179224E-31 -0.88475976E-31
  0.10891089E+13 -0.26323289E-31 -0.81559370E-31
  0.11386139E+13 -0.33763328E-31 -0.83072237E-31
  0.11881188E+13 -0.37321719E-31 -0.89611476E-31
  0.12376238E+13 -0.35072452E-31 -0.97360341E-31
  0.12871287E+13 -0.30993514E-31 -0.96935142E-31
  0.13366337E+13 -0.30163771E-31 -0.93065436E-31
  0.13861386E+13 -0.35905612E-31 -0.92847372E-31
  0.14356436E+13 -0.39599129E-31 -0.95169816E-31
  0.14851485E+13 -0.42674613E-31 -0.10148977E-30
  0.15346535E+13 -0.40845032E-31 -0.10769326E-30
  0.15841584E+13 -0.35083545E-31 -0.11138003E-30
  0.16336634E+13 -0.30832775E-31 -0.10415994E-30
  0.16831683E+13 -0.38933571E-31 -0.10079601E-30
  0.17326733E+13 -0.46342516E-31 -0.10648879E-30
  0.17821782E+13 -0.45578597E-31 -0.11625351E-30
  0.18316832E+13 -0.39616992E-31 -0.11948044E-30
  0.18811881E+13 -0.37579252E-31 -0.11730926E-30
  0.19306931E+13 -0.40414115E-31 -0.11637883E-30
  0.19801980E+13 -0.42817698E-31 -0.11868329E-30
  0.20297030E+13 -0.45449913E-31 -0.12296690E-30
  0.20792079E+13 -0.44687658E-31 -0.12659051E-30
  0.21287129E+13 -0.44695475E-31 -0.13211812E-30
  0.21782178E+13 -0.39475635E-31 -0.13475336E-30
  0.22277228E+13 -0.37340376E-31 -0.13196495E-30
  0.22772277E+13 -0.41584383E-31 -0.12968966E-30
  0.23267327E+13 -0.49006457E-31 -0.13639330E-30
  0.23762376E+13 -0.46372587E-31 -0.14569712E-30
  0.24257426E+13 -0.39089461E-31 -0.14972565E-30
  0.24752475E+13 -0.35135690E-31 -0.14593370E-30
  0.25247525E+13 -0.39062399E-31 -0.14442284E-30
  0.25742574E+13 -0.43459032E-31 -0.14810347E-30
  0.26237624E+13 -0.43782636E-31 -0.15622012E-30
  0.26732673E+13 -0.40147625E-31 -0.16022181E-30
  0.27227723E+13 -0.36901448E-31 -0.16298985E-30
  0.27722772E+13 -0.35176065E-31 -0.16319121E-30
  0.28217822E+13 -0.34938533E-31 -0.16375991E-30
  0.28712871E+13 -0.37450559E-31 -0.16611718E-30
  0.29207921E+13 -0.37846013E-31 -0.17238190E-30
  0.29702970E+13 -0.35307613E-31 -0.17782350E-30
  0.30198020E+13 -0.29429904E-31 -0.18019049E-30
  0.30693069E+13 -0.27918487E-31 -0.17910371E-30
  0.31188119E+13 -0.29446409E-31 -0.17967616E-30
  0.31683168E+13 -0.32556828E-31 -0.18418602E-30
  0.32178218E+13 -0.30450126E-31 -0.19244612E-30
  0.32673267E+13 -0.25102686E-31 -0.19716075E-30
  0.33168317E+13 -0.19469260E-31 -0.19731088E-30
  0.33663366E+13 -0.18935832E-31 -0.19637274E-30
  0.34158416E+13 -0.20868214E-31 -0.19791419E-30
  0.34653465E+13 -0.21424960E-31 -0.20451355E-30
  0.35148515E+13 -0.17486590E-31 -0.21048774E-30
  0.35643564E+13 -0.12249566E-31 -0.21338751E-30
  0.36138614E+13 -0.90724560E-32 -0.21339188E-30
  0.36633663E+13 -0.84938888E-32 -0.21471040E-30
  0.37128713E+13 -0.91775337E-32 -0.21826818E-30
  0.37623762E+13 -0.69868207E-32 -0.22446191E-30
  0.38118812E+13 -0.20736233E-32 -0.22910613E-30
  0.38613861E+13  0.38210026E-32 -0.23075634E-30
  0.39108911E+13  0.61070420E-32 -0.23074570E-30
  0.39603960E+13  0.66557555E-32 -0.23231084E-30
  0.40099010E+13  0.70188594E-32 -0.23700360E-30
  0.40594059E+13  0.10393087E-31 -0.24266406E-30
  0.41089109E+13  0.16355576E-31 -0.24690807E-30
  0.41584158E+13  0.21684432E-31 -0.24770805E-30
  0.42079208E+13  0.24605376E-31 -0.24810394E-30
  0.42574257E+13  0.24643882E-31 -0.24994075E-30
  0.43069307E+13  0.26760317E-31 -0.25575305E-30
  0.43564356E+13  0.32353595E-31 -0.26140139E-30
  0.44059406E+13  0.39900760E-31 -0.26265572E-30
  0.44554455E+13  0.42996759E-31 -0.26212006E-30
  0.45049505E+13  0.44325750E-31 -0.26410159E-30
  0.45544554E+13  0.46723221E-31 -0.26937440E-30
  0.46039604E+13  0.52664044E-31 -0.27354926E-30
  0.46534653E+13  0.58846105E-31 -0.27570105E-30
  0.47029703E+13  0.63388294E-31 -0.27645488E-30
  0.47524752E+13  0.67510959E-31 -0.27826993E-30
  0.48019802E+13  0.70487263E-31 -0.28006727E-30
  0.48514851E+13  0.73861878E-31 -0.28381437E-30
  0.49009901E+13  0.79344547E-31 -0.28843406E-30
  0.49504950E+13  0.87346250E-31 -0.29017275E-30
  0.50000000E+13  0.92484560E-31 -0.28972612E-30
  0.50495050E+13  0.95150861E-31 -0.29097327E-30
  0.50990099E+13  0.99215381E-31 -0.29523258E-30
  0.51485149E+13  0.10623600E-30 -0.29841019E-30
  0.51980198E+13  0.11325919E-30 -0.29897778E-30
  0.52475248E+13  0.11781046E-30 -0.29943736E-30
  0.52970297E+13  0.12232963E-30 -0.30147040E-30
  0.53465347E+13  0.12788820E-30 -0.30382157E-30
  0.53960396E+13  0.13366674E-30 -0.30616243E-30
  0.54455446E+13  0.14090050E-30 -0.30823116E-30
  0.54950495E+13  0.14798883E-30 -0.30858905E-30
  0.55445545E+13  0.15338957E-30 -0.30817542E-30
  0.55940594E+13  0.15773866E-30 -0.30997676E-30
  0.56435644E+13  0.16433295E-30 -0.31287480E-30
  0.56930693E+13  0.17296540E-30 -0.31394414E-30
  0.57425743E+13  0.17932796E-30 -0.31269111E-30
  0.57920792E+13  0.18417143E-30 -0.31334524E-30
  0.58415842E+13  0.19040036E-30 -0.31565987E-30
  0.58910891E+13  0.19871381E-30 -0.31676795E-30
  0.59405941E+13  0.20634404E-30 -0.31644468E-30
  0.59900990E+13  0.21316695E-30 -0.31583597E-30
  0.60396040E+13  0.21962471E-30 -0.31579569E-30
  0.60891089E+13  0.22600261E-30 -0.31608604E-30
  0.61386139E+13  0.23330457E-30 -0.31715158E-30
  0.61881188E+13  0.24211423E-30 -0.31726517E-30
  0.62376238E+13  0.25049690E-30 -0.31545752E-30
  0.62871287E+13  0.25640762E-30 -0.31405130E-30
  0.63366337E+13  0.26321282E-30 -0.31454992E-30
  0.63861386E+13  0.27160939E-30 -0.31471267E-30
  0.64356436E+13  0.28064445E-30 -0.31301999E-30
  0.64851485E+13  0.28799800E-30 -0.31119690E-30
  0.65346535E+13  0.29537421E-30 -0.30961070E-30
  0.65841584E+13  0.30316265E-30 -0.30870044E-30
  0.66336634E+13  0.31090269E-30 -0.30781496E-30
  0.66831683E+13  0.32051581E-30 -0.30637574E-30
  0.67326733E+13  0.32950843E-30 -0.30317792E-30
  0.67821782E+13  0.33632154E-30 -0.29971392E-30
  0.68316832E+13  0.34374567E-30 -0.29885181E-30
  0.68811881E+13  0.35335424E-30 -0.29760127E-30
  0.69306931E+13  0.36288676E-30 -0.29303984E-30
  0.69801980E+13  0.37011410E-30 -0.28954217E-30
  0.70297030E+13  0.37793443E-30 -0.28771896E-30
  0.70792079E+13  0.38832393E-30 -0.28502083E-30
  0.71287129E+13  0.39723853E-30 -0.28005576E-30
  0.71782178E+13  0.40493468E-30 -0.27590797E-30
  0.72277228E+13  0.41356837E-30 -0.27274573E-30
  0.72772277E+13  0.42288972E-30 -0.26844602E-30
  0.73267327E+13  0.43165266E-30 -0.26368405E-30
  0.73762376E+13  0.44028925E-30 -0.25896808E-30
  0.74257426E+13  0.44912413E-30 -0.25404090E-30
  0.74752475E+13  0.45796144E-30 -0.24898431E-30
  0.75247525E+13  0.46691933E-30 -0.24381691E-30
  0.75742574E+13  0.47625147E-30 -0.23783367E-30
  0.76237624E+13  0.48488710E-30 -0.23192268E-30
  0.76732673E+13  0.49382931E-30 -0.22557032E-30
  0.77227723E+13  0.50271275E-30 -0.21879951E-30
  0.77722772E+13  0.51092141E-30 -0.21256807E-30
  0.78217822E+13  0.52037666E-30 -0.20622891E-30
  0.78712871E+13  0.53012874E-30 -0.19787132E-30
  0.79207921E+13  0.53774400E-30 -0.18982489E-30
  0.79702970E+13  0.54615962E-30 -0.18325756E-30
  0.80198020E+13  0.55636559E-30 -0.17489621E-30
  0.80693069E+13  0.56434595E-30 -0.16514912E-30
  0.81188119E+13  0.57163343E-30 -0.15735912E-30
  0.81683168E+13  0.58148555E-30 -0.14908687E-30
  0.82178218E+13  0.59056310E-30 -0.13839905E-30
  0.82673267E+13  0.59761817E-30 -0.12851334E-30
  0.83168317E+13  0.60581578E-30 -0.11942253E-30
  0.83663366E+13  0.61473821E-30 -0.10900577E-30
  0.84158416E+13  0.62254891E-30 -0.97649749E-31
  0.84653465E+13  0.62990871E-30 -0.86635962E-31
  0.85148515E+13  0.63788323E-30 -0.75995076E-31
  0.85643564E+13  0.64600089E-30 -0.63880587E-31
  0.86138614E+13  0.65292413E-30 -0.51076643E-31
  0.86633663E+13  0.65954061E-30 -0.39791287E-31
  0.87128713E+13  0.66845912E-30 -0.26826516E-31
  0.87623762E+13  0.67425532E-30 -0.12436482E-31
  0.88118812E+13  0.67985060E-30  0.44410588E-33
  0.88613861E+13  0.68726269E-30  0.13610683E-31
  0.89108911E+13  0.69349975E-30  0.29055943E-31
  0.89603960E+13  0.69839108E-30  0.43147546E-31
  0.90099010E+13  0.70482667E-30  0.58024967E-31
  0.90594059E+13  0.71004886E-30  0.74345483E-31
  0.91089109E+13  0.71448123E-30  0.90216911E-31
  0.91584158E+13  0.71877507E-30  0.10598358E-30
  0.92079208E+13  0.72314462E-30  0.12272536E-30
  0.92574257E+13  0.72678270E-30  0.14038645E-30
  0.93069307E+13  0.72936121E-30  0.15775857E-30
  0.93564356E+13  0.73244135E-30  0.17511111E-30
  0.94059406E+13  0.73474141E-30  0.19437589E-30
  0.94554455E+13  0.73509826E-30  0.21283552E-30
  0.95049505E+13  0.73709502E-30  0.23084731E-30
  0.95544554E+13  0.73814116E-30  0.25195639E-30
  0.96039604E+13  0.73616150E-30  0.27224001E-30
  0.96534653E+13  0.73539703E-30  0.29067457E-30
  0.97029703E+13  0.73421644E-30  0.31354426E-30
  0.97524752E+13  0.72842677E-30  0.33391168E-30
  0.98019802E+13  0.72797260E-30  0.35409092E-30
  0.98514851E+13  0.72026690E-30  0.37863115E-30
  0.99009901E+13  0.71388299E-30  0.39937575E-30
  0.99504950E+13  0.70502019E-30  0.42048752E-30
  0.10000000E+14  0.69733487E-30  0.44597921E-30
  0.10049505E+14  0.68232735E-30  0.46563665E-30
  0.10099010E+14  0.66856638E-30  0.48795431E-30
  0.10148515E+14  0.64912204E-30  0.51129967E-30
  0.10198020E+14  0.62541989E-30  0.52977656E-30
  0.10247525E+14  0.59399377E-30  0.53684990E-30
  0.10297030E+14  0.57785289E-30  0.53418205E-30
  0.10346535E+14  0.56557156E-30  0.53363342E-30
  0.10396040E+14  0.55886295E-30  0.54097155E-30
  0.10445545E+14  0.54653480E-30  0.54184571E-30
  0.10495050E+14  0.54326044E-30  0.55166879E-30
  0.10544554E+14  0.52999828E-30  0.55715308E-30
  0.10594059E+14  0.52491297E-30  0.56343169E-30
  0.10643564E+14  0.51261474E-30  0.57220417E-30
  0.10693069E+14  0.50630270E-30  0.57784178E-30
  0.10742574E+14  0.49640483E-30  0.58664123E-30
  0.10792079E+14  0.48758524E-30  0.59266942E-30
  0.10841584E+14  0.47865077E-30  0.60049035E-30
  0.10891089E+14  0.46869268E-30  0.60652548E-30
  0.10940594E+14  0.46017679E-30  0.61350128E-30
  0.10990099E+14  0.44934682E-30  0.61861164E-30
  0.11039604E+14  0.44136442E-30  0.62449027E-30
  0.11089109E+14  0.43164049E-30  0.62913503E-30
  0.11138614E+14  0.42243045E-30  0.63378991E-30
  0.11188119E+14  0.41397010E-30  0.63721737E-30
  0.11237624E+14  0.40500482E-30  0.64039781E-30
  0.11287129E+14  0.39709940E-30  0.64249811E-30
  0.11336634E+14  0.39089752E-30  0.64467064E-30
  0.11386139E+14  0.38489996E-30  0.64546711E-30
  0.11435644E+14  0.37803640E-30  0.64573805E-30
  0.11485149E+14  0.37465457E-30  0.64515968E-30
  0.11534653E+14  0.37269593E-30  0.64488665E-30
  0.11584158E+14  0.37315801E-30  0.64251047E-30
  0.11633663E+14  0.37535393E-30  0.64071109E-30
  0.11683168E+14  0.38036549E-30  0.63874234E-30
  0.11732673E+14  0.38721542E-30  0.63634639E-30
  0.11782178E+14  0.39996389E-30  0.63426746E-30
  0.11831683E+14  0.41694321E-30  0.63301788E-30
  0.11881188E+14  0.44108726E-30  0.63290038E-30
  0.11930693E+14  0.47194956E-30  0.63471634E-30
  0.11980198E+14  0.51467809E-30  0.64111656E-30
  0.12029703E+14  0.57417619E-30  0.65628035E-30
  0.12079208E+14  0.65497013E-30  0.68918775E-30
  0.12128713E+14  0.76073603E-30  0.75525137E-30
  0.12178218E+14  0.90601334E-30  0.88996757E-30
  0.12227723E+14  0.11087185E-29  0.12985008E-29
  0.12277228E+14  0.55384948E-30  0.16935480E-29
  0.12326733E+14  0.30843568E-30  0.15739617E-29
  0.12376238E+14  0.16590783E-30  0.15074628E-29
  0.12425743E+14  0.62081905E-31  0.14523649E-29
  0.12475248E+14 -0.16483637E-31  0.14055843E-29
  0.12524752E+14 -0.83146534E-31  0.13595474E-29
  0.12574257E+14 -0.13826271E-30  0.13201189E-29
  0.12623762E+14 -0.18731351E-30  0.12791126E-29
  0.12673267E+14 -0.22691651E-30  0.12430705E-29
  0.12722772E+14 -0.26562007E-30  0.12065895E-29
  0.12772277E+14 -0.29605098E-30  0.11715957E-29
  0.12821782E+14 -0.32603030E-30  0.11400921E-29
  0.12871287E+14 -0.35212187E-30  0.11060183E-29
  0.12920792E+14 -0.37258725E-30  0.10757670E-29
  0.12970297E+14 -0.39386156E-30  0.10457501E-29
  0.13019802E+14 -0.41071643E-30  0.10153179E-29
  0.13069307E+14 -0.42435677E-30  0.98859862E-30
  0.13118812E+14 -0.43898973E-30  0.96153300E-30
  0.13168317E+14 -0.44958154E-30  0.93416827E-30
  0.13217822E+14 -0.45705327E-30  0.90997991E-30
  0.13267327E+14 -0.46536387E-30  0.88621000E-30
  0.13316832E+14 -0.47065490E-30  0.86283384E-30
  0.13366337E+14 -0.47335128E-30  0.84187360E-30
  0.13415842E+14 -0.47603658E-30  0.82215380E-30
  0.13465347E+14 -0.47633587E-30  0.80299218E-30
  0.13514851E+14 -0.47381744E-30  0.78637164E-30
  0.13564356E+14 -0.47118687E-30  0.77393254E-30
  0.13613861E+14 -0.46944521E-30  0.76276756E-30
  0.13663366E+14 -0.46695549E-30  0.75239630E-30
  0.13712871E+14 -0.46367294E-30  0.74488252E-30
  0.13762376E+14 -0.46162677E-30  0.73880855E-30
  0.13811881E+14 -0.45914195E-30  0.73355607E-30
  0.13861386E+14 -0.45594939E-30  0.73019372E-30
  0.13910891E+14 -0.45340362E-30  0.72857836E-30
  0.13960396E+14 -0.45065372E-30  0.72803057E-30
  0.14009901E+14 -0.44742039E-30  0.72912671E-30
  0.14059406E+14 -0.44381363E-30  0.73278302E-30
  0.14108911E+14 -0.44126873E-30  0.73831148E-30
  0.14158416E+14 -0.43809299E-30  0.74487351E-30
  0.14207921E+14 -0.43371413E-30  0.75477456E-30
  0.14257426E+14 -0.43005116E-30  0.76814320E-30
  0.14306931E+14 -0.42674331E-30  0.78411159E-30
  0.14356436E+14 -0.42246819E-30  0.80366536E-30
  0.14405941E+14 -0.41746428E-30  0.82873608E-30
  0.14455446E+14 -0.41281044E-30  0.86030327E-30
  0.14504950E+14 -0.40786930E-30  0.89914119E-30
  0.14554455E+14 -0.40177541E-30  0.94879764E-30
  0.14603960E+14 -0.39534599E-30  0.10137372E-29
  0.14653465E+14 -0.38749755E-30  0.11018316E-29
  0.14702970E+14 -0.37853028E-30  0.12294605E-29
  0.14752475E+14 -0.36686271E-30  0.14385043E-29
  0.14801980E+14 -0.49172999E-30  0.18941920E-29
  0.14851485E+14 -0.10890350E-29  0.25459466E-29
  0.14900990E+14 -0.24815779E-29  0.17028648E-29
  0.14950495E+14 -0.23073234E-29  0.89093413E-30
  0.15000000E+14 -0.21026242E-29  0.45261084E-30
  0.15049505E+14 -0.18470019E-29  0.17994082E-30
  0.15099010E+14 -0.15840061E-29 -0.13459206E-31
  0.15148515E+14 -0.12057210E-29 -0.10818320E-30
  0.15198020E+14 -0.74089660E-30  0.27814866E-31
  0.15247525E+14 -0.21336374E-30  0.10196113E-29
  0.15297030E+14 -0.15466627E-29  0.11489694E-29
  0.15346535E+14 -0.17270783E-29  0.74933160E-30
  0.15396040E+14 -0.17662783E-29  0.52626459E-30
  0.15445545E+14 -0.17717333E-29  0.35620798E-30
  0.15495050E+14 -0.17536156E-29  0.22936682E-30
  0.15544554E+14 -0.17304310E-29  0.12104795E-30
  0.15594059E+14 -0.17065229E-29  0.30717733E-31
  0.15643564E+14 -0.16766682E-29 -0.46030758E-31
  0.15693069E+14 -0.16622992E-29 -0.12161330E-30
  0.15742574E+14 -0.16319106E-29 -0.19232452E-30
  0.15792079E+14 -0.16113900E-29 -0.26136977E-30
  0.15841584E+14 -0.15799139E-29 -0.32579755E-30
  0.15891089E+14 -0.15520846E-29 -0.38374310E-30
  0.15940594E+14 -0.15233977E-29 -0.44347036E-30
  0.15990099E+14 -0.14934984E-29 -0.50038571E-30
  0.16039604E+14 -0.14658592E-29 -0.55669554E-30
  0.16089109E+14 -0.14342444E-29 -0.61333227E-30
  0.16138614E+14 -0.14058928E-29 -0.66781393E-30
  0.16188119E+14 -0.13762771E-29 -0.72697502E-30
  0.16237624E+14 -0.13426907E-29 -0.78541719E-30
  0.16287129E+14 -0.13099791E-29 -0.84669458E-30
  0.16336634E+14 -0.12725654E-29 -0.91209138E-30
  0.16386139E+14 -0.12300609E-29 -0.97999904E-30
  0.16435644E+14 -0.11812046E-29 -0.10516633E-29
  0.16485149E+14 -0.11272951E-29 -0.11259513E-29
  0.16534653E+14 -0.10775192E-29 -0.12213194E-29
  0.16584158E+14 -0.92309372E-30 -0.13312516E-29
  0.16633663E+14 -0.80447056E-30 -0.13482600E-29
  0.16683168E+14 -0.68721005E-30 -0.13570610E-29
  0.16732673E+14 -0.72775331E-30 -0.13302113E-29
  0.16782178E+14 -0.66527296E-30 -0.15900601E-29
  0.16831683E+14 -0.13279422E-30 -0.17688030E-29
  0.16881188E+14  0.20602686E-31 -0.15506756E-29
  0.16930693E+14  0.23316946E-30 -0.14346066E-29
  0.16980198E+14  0.41890883E-30 -0.12267718E-29
  0.17029703E+14  0.44228182E-30 -0.10282490E-29
  0.17079208E+14  0.47447466E-30 -0.88826790E-30
  0.17128713E+14  0.50775871E-30 -0.74973265E-30
  0.17178218E+14  0.53015018E-30 -0.60755151E-30
  0.17227723E+14  0.54286273E-30 -0.45187769E-30
  0.17277228E+14  0.53896252E-30 -0.23815003E-30
  0.17326733E+14  0.31950037E-30 -0.28166103E-31
  0.17376238E+14  0.17227247E-30 -0.24918947E-32
  0.17425743E+14 -0.30571593E-31 -0.18982839E-31
  0.17475248E+14 -0.97164410E-31 -0.10976650E-30
  0.17524752E+14 -0.11948002E-30 -0.15334374E-30
  0.17574257E+14 -0.13936495E-30 -0.17825241E-30
  0.17623762E+14 -0.15386302E-30 -0.19448214E-30
  0.17673267E+14 -0.17196979E-30 -0.20524022E-30
  0.17722772E+14 -0.18671924E-30 -0.21643550E-30
  0.17772277E+14 -0.20412924E-30 -0.22687217E-30
  0.17821782E+14 -0.21853354E-30 -0.23557466E-30
  0.17871287E+14 -0.23874749E-30 -0.24715330E-30
  0.17920792E+14 -0.26107144E-30 -0.25970009E-30
  0.17970297E+14 -0.30388126E-30 -0.27886773E-30
  0.18019802E+14 -0.32399405E-30 -0.37255894E-30
  0.18069307E+14 -0.29329860E-30 -0.42520415E-30
  0.18118812E+14 -0.23148846E-30 -0.49544203E-30
  0.18168317E+14 -0.15637143E-30 -0.48429528E-30
  0.18217822E+14 -0.11577871E-30 -0.46311357E-30
  0.18267327E+14 -0.88166999E-31 -0.44337884E-30
  0.18316832E+14 -0.67458598E-31 -0.42342366E-30
  0.18366337E+14 -0.52058532E-31 -0.40506315E-30
  0.18415842E+14 -0.40808896E-31 -0.38645372E-30
  0.18465347E+14 -0.32353323E-31 -0.37018021E-30
  0.18514851E+14 -0.26324059E-31 -0.35340402E-30
  0.18564356E+14 -0.21484245E-31 -0.33815067E-30
  0.18613861E+14 -0.20823145E-31 -0.32377363E-30
  0.18663366E+14 -0.20163192E-31 -0.31063778E-30
  0.18712871E+14 -0.20920627E-31 -0.29812137E-30
  0.18762376E+14 -0.23863264E-31 -0.28748575E-30
  0.18811881E+14 -0.28091648E-31 -0.27765395E-30
  0.18861386E+14 -0.33836309E-31 -0.26972039E-30
  0.18910891E+14 -0.40511559E-31 -0.26406417E-30
  0.18960396E+14 -0.47392555E-31 -0.26132323E-30
  0.19009901E+14 -0.56294631E-31 -0.26248286E-30
  0.19059406E+14 -0.58956610E-31 -0.27344164E-30
  0.19108911E+14 -0.53143081E-31 -0.27752734E-30
  0.19158416E+14 -0.47287956E-31 -0.27863635E-30
  0.19207921E+14 -0.41598526E-31 -0.27849967E-30
  0.19257426E+14 -0.35324412E-31 -0.27687069E-30
  0.19306931E+14 -0.29245709E-31 -0.27346074E-30
  0.19356436E+14 -0.24456742E-31 -0.26918269E-30
  0.19405941E+14 -0.20445704E-31 -0.26459343E-30
  0.19455446E+14 -0.17097737E-31 -0.25976538E-30
  0.19504950E+14 -0.14252828E-31 -0.25525452E-30
  0.19554455E+14 -0.11761664E-31 -0.25056853E-30
  0.19603960E+14 -0.96803967E-32 -0.24589584E-30
  0.19653465E+14 -0.78051693E-32 -0.24153825E-30
  0.19702970E+14 -0.60893539E-32 -0.23706013E-30
  0.19752475E+14 -0.48053264E-32 -0.23257138E-30
  0.19801980E+14 -0.37042308E-32 -0.22843608E-30
  0.19851485E+14 -0.26605235E-32 -0.22425094E-30
  0.19900990E+14 -0.19449621E-32 -0.22017613E-30
  0.19950495E+14 -0.13345256E-32 -0.21633419E-30
  0.20000000E+14 -0.80359301E-33 -0.21245450E-30
  0.20049505E+14 -0.55487134E-33 -0.20873847E-30
  0.20099010E+14 -0.37361580E-33 -0.20521655E-30
  0.20148515E+14 -0.26235563E-33 -0.20177972E-30
  0.20198020E+14 -0.35110748E-33 -0.19845245E-30
  0.20247525E+14 -0.45356275E-33 -0.19528256E-30
  0.20297030E+14 -0.68104888E-33 -0.19222270E-30
  0.20346535E+14 -0.10400245E-32 -0.18927655E-30
  0.20396040E+14 -0.14121882E-32 -0.18652036E-30
  0.20445545E+14 -0.18696661E-32 -0.18386145E-30
  0.20495050E+14 -0.23718015E-32 -0.18132239E-30
  0.20544554E+14 -0.29190026E-32 -0.17893825E-30
  0.20594059E+14 -0.35190096E-32 -0.17666323E-30
  0.20643564E+14 -0.41260470E-32 -0.17447956E-30
  0.20693069E+14 -0.47953838E-32 -0.17242846E-30
  0.20742574E+14 -0.55149310E-32 -0.17051032E-30
  0.20792079E+14 -0.61609688E-32 -0.16867402E-30
  0.20841584E+14 -0.68434573E-32 -0.16689824E-30
  0.20891089E+14 -0.76280940E-32 -0.16521738E-30
  0.20940594E+14 -0.84446181E-32 -0.16364571E-30
  0.20990099E+14 -0.92574116E-32 -0.16222045E-30
  0.21039604E+14 -0.10119267E-31 -0.16085436E-30
  0.21089109E+14 -0.10990720E-31 -0.15964548E-30
  0.21138614E+14 -0.11863765E-31 -0.15852590E-30
  0.21188119E+14 -0.12757475E-31 -0.15753488E-30
  0.21237624E+14 -0.13672274E-31 -0.15664457E-30
  0.21287129E+14 -0.14604961E-31 -0.15587190E-30
  0.21336634E+14 -0.15521710E-31 -0.15522657E-30
  0.21386139E+14 -0.16421735E-31 -0.15469525E-30
  0.21435644E+14 -0.17276764E-31 -0.15431059E-30
  0.21485149E+14 -0.18090566E-31 -0.15399539E-30
  0.21534653E+14 -0.18949904E-31 -0.15381133E-30
  0.21584158E+14 -0.19741788E-31 -0.15377838E-30
  0.21633663E+14 -0.20470347E-31 -0.15381309E-30
  0.21683168E+14 -0.21184861E-31 -0.15400584E-30
  0.21732673E+14 -0.21791669E-31 -0.15430161E-30
  0.21782178E+14 -0.22340960E-31 -0.15469699E-30
  0.21831683E+14 -0.22931836E-31 -0.15525776E-30
  0.21881188E+14 -0.23341144E-31 -0.15592880E-30
  0.21930693E+14 -0.23659359E-31 -0.15671093E-30
  0.21980198E+14 -0.23887994E-31 -0.15763487E-30
  0.22029703E+14 -0.23900486E-31 -0.15869142E-30
  0.22079208E+14 -0.23829612E-31 -0.15988486E-30
  0.22128713E+14 -0.23487683E-31 -0.16130122E-30
  0.22178218E+14 -0.22514339E-31 -0.16265426E-30
  0.22227723E+14 -0.21383275E-31 -0.16363503E-30
  0.22277228E+14 -0.20179490E-31 -0.16440530E-30
  0.22326733E+14 -0.19015863E-31 -0.16495656E-30
  0.22376238E+14 -0.17940421E-31 -0.16551690E-30
  0.22425743E+14 -0.16693251E-31 -0.16597661E-30
  0.22475248E+14 -0.15562792E-31 -0.16633320E-30
  0.22524752E+14 -0.14405828E-31 -0.16677299E-30
  0.22574257E+14 -0.13148243E-31 -0.16702852E-30
  0.22623762E+14 -0.12066193E-31 -0.16729805E-30
  0.22673267E+14 -0.10789193E-31 -0.16757884E-30
  0.22722772E+14 -0.96561972E-32 -0.16772144E-30
  0.22772277E+14 -0.85524535E-32 -0.16804440E-30
  0.22821782E+14 -0.71534050E-32 -0.16814168E-30
  0.22871287E+14 -0.60728946E-32 -0.16831428E-30
  0.22920792E+14 -0.46350003E-32 -0.16844767E-30
  0.22970297E+14 -0.36543169E-32 -0.16847576E-30
  0.23019802E+14 -0.21757246E-32 -0.16874551E-30
  0.23069307E+14 -0.11002009E-32 -0.16860828E-30
  0.23118812E+14  0.35229844E-34 -0.16897808E-30
  0.23168317E+14  0.16193345E-32 -0.16880108E-30
  0.23217822E+14  0.25945703E-32 -0.16883318E-30
  0.23267327E+14  0.41407952E-32 -0.16907047E-30
  0.23316832E+14  0.53582836E-32 -0.16884847E-30
  0.23366337E+14  0.65419795E-32 -0.16898166E-30
  0.23415842E+14  0.80414455E-32 -0.16903985E-30
  0.23465347E+14  0.93427506E-32 -0.16885108E-30
  0.23514851E+14  0.10596960E-31 -0.16879464E-30
  0.23564356E+14  0.11862800E-31 -0.16884970E-30
  0.23613861E+14  0.13353770E-31 -0.16879268E-30
  0.23663366E+14  0.14691809E-31 -0.16864784E-30
  0.23712871E+14  0.16015304E-31 -0.16859412E-30
  0.23762376E+14  0.17491924E-31 -0.16852619E-30
  0.23811881E+14  0.18863745E-31 -0.16829278E-30
  0.23861386E+14  0.20173707E-31 -0.16817882E-30
  0.23910891E+14  0.21565443E-31 -0.16811751E-30
  0.23960396E+14  0.23103670E-31 -0.16798551E-30
  0.24009901E+14  0.24546531E-31 -0.16771119E-30
  0.24059406E+14  0.25902915E-31 -0.16748291E-30
  0.24108911E+14  0.27292994E-31 -0.16736308E-30
  0.24158416E+14  0.28822778E-31 -0.16713382E-30
  0.24207921E+14  0.30253830E-31 -0.16687567E-30
  0.24257426E+14  0.31703432E-31 -0.16667120E-30
  0.24306931E+14  0.33244695E-31 -0.16643415E-30
  0.24356436E+14  0.34753073E-31 -0.16605578E-30
  0.24405941E+14  0.36155748E-31 -0.16573921E-30
  0.24455446E+14  0.37608515E-31 -0.16550347E-30
  0.24504950E+14  0.39209431E-31 -0.16524840E-30
  0.24554455E+14  0.40776722E-31 -0.16482602E-30
  0.24603960E+14  0.42251685E-31 -0.16439491E-30
  0.24653465E+14  0.43701255E-31 -0.16403994E-30
  0.24702970E+14  0.45279119E-31 -0.16370011E-30
  0.24752475E+14  0.46806702E-31 -0.16326184E-30
  0.24801980E+14  0.48338890E-31 -0.16285523E-30
  0.24851485E+14  0.49924041E-31 -0.16243922E-30
  0.24900990E+14  0.51555840E-31 -0.16190471E-30
  0.24950495E+14  0.53030681E-31 -0.16134680E-30
  0.25000000E+14  0.54521079E-31 -0.16090350E-30
  0.25049505E+14  0.56113132E-31 -0.16048944E-30
  0.25099010E+14  0.57824579E-31 -0.15990989E-30
  0.25148515E+14  0.59394706E-31 -0.15924248E-30
  0.25198020E+14  0.60887343E-31 -0.15863416E-30
  0.25247525E+14  0.62414834E-31 -0.15811917E-30
  0.25297030E+14  0.64076654E-31 -0.15751748E-30
  0.25346535E+14  0.65685316E-31 -0.15687390E-30
  0.25396040E+14  0.67305037E-31 -0.15618796E-30
  0.25445545E+14  0.68925527E-31 -0.15549541E-30
  0.25495050E+14  0.70490331E-31 -0.15471421E-30
  0.25544554E+14  0.72018661E-31 -0.15403573E-30
  0.25594059E+14  0.73626885E-31 -0.15337221E-30
  0.25643564E+14  0.75401985E-31 -0.15262735E-30
  0.25693069E+14  0.76995289E-31 -0.15167730E-30
  0.25742574E+14  0.78497605E-31 -0.15081409E-30
  0.25792079E+14  0.80010028E-31 -0.15008904E-30
  0.25841584E+14  0.81736628E-31 -0.14931214E-30
  0.25891089E+14  0.83410795E-31 -0.14838305E-30
  0.25940594E+14  0.85010331E-31 -0.14738334E-30
  0.25990099E+14  0.86550102E-31 -0.14645626E-30
  0.26039604E+14  0.88141720E-31 -0.14551684E-30
  0.26089109E+14  0.89739021E-31 -0.14458034E-30
  0.26138614E+14  0.91390998E-31 -0.14362239E-30
  0.26188119E+14  0.93055853E-31 -0.14255780E-30
  0.26237624E+14  0.94655697E-31 -0.14138541E-30
  0.26287129E+14  0.96108464E-31 -0.14031096E-30
  0.26336634E+14  0.97666258E-31 -0.13932738E-30
  0.26386139E+14  0.99402935E-31 -0.13829970E-30
  0.26435644E+14  0.10108267E-30 -0.13698395E-30
  0.26485149E+14  0.10255822E-30 -0.13569949E-30
  0.26534653E+14  0.10398313E-30 -0.13456978E-30
  0.26584158E+14  0.10563512E-30 -0.13346892E-30
  0.26633663E+14  0.10728374E-30 -0.13219708E-30
  0.26683168E+14  0.10888686E-30 -0.13080294E-30
  0.26732673E+14  0.11034807E-30 -0.12944965E-30
  0.26782178E+14  0.11183787E-30 -0.12812515E-30
  0.26831683E+14  0.11335303E-30 -0.12684610E-30
  0.26881188E+14  0.11496261E-30 -0.12550451E-30
  0.26930693E+14  0.11659533E-30 -0.12400150E-30
  0.26980198E+14  0.11801675E-30 -0.12240313E-30
  0.27029703E+14  0.11935714E-30 -0.12098855E-30
  0.27079208E+14  0.12087126E-30 -0.11965207E-30
  0.27128713E+14  0.12257028E-30 -0.11812566E-30
  0.27178218E+14  0.12403136E-30 -0.11635141E-30
  0.27227723E+14  0.12531453E-30 -0.11470214E-30
  0.27277228E+14  0.12665846E-30 -0.11326127E-30
  0.27326733E+14  0.12824259E-30 -0.11167774E-30
  0.27376238E+14  0.12978703E-30 -0.10990196E-30
  0.27425743E+14  0.13108676E-30 -0.10806684E-30
  0.27475248E+14  0.13236619E-30 -0.10635931E-30
  0.27524752E+14  0.13372387E-30 -0.10469277E-30
  0.27574257E+14  0.13517945E-30 -0.10295756E-30
  0.27623762E+14  0.13661033E-30 -0.10101524E-30
  0.27673267E+14  0.13785396E-30 -0.99013172E-31
  0.27722772E+14  0.13899368E-30 -0.97223633E-31
  0.27772277E+14  0.14033909E-30 -0.95460648E-31
  0.27821782E+14  0.14184333E-30 -0.93438173E-31
  0.27871287E+14  0.14299381E-30 -0.91241739E-31
  0.27920792E+14  0.14398913E-30 -0.89271936E-31
  0.27970297E+14  0.14524773E-30 -0.87433526E-31
  0.28019802E+14  0.14664658E-30 -0.85324724E-31
  0.28069307E+14  0.14776239E-30 -0.83010482E-31
  0.28118812E+14  0.14868590E-30 -0.80881645E-31
  0.28168317E+14  0.14981947E-30 -0.78860234E-31
  0.28217822E+14  0.15104538E-30 -0.76681983E-31
  0.28267327E+14  0.15213365E-30 -0.74288828E-31
  0.28316832E+14  0.15302911E-30 -0.71962319E-31
  0.28366337E+14  0.15393890E-30 -0.69779594E-31
  0.28415842E+14  0.15502699E-30 -0.67552742E-31
  0.28465347E+14  0.15610127E-30 -0.65026893E-31
  0.28514851E+14  0.15682092E-30 -0.62499050E-31
  0.28564356E+14  0.15757160E-30 -0.60247878E-31
  0.28613861E+14  0.15860708E-30 -0.57915478E-31
  0.28663366E+14  0.15953604E-30 -0.55175002E-31
  0.28712871E+14  0.16004694E-30 -0.52570171E-31
  0.28762376E+14  0.16071771E-30 -0.50248109E-31
  0.28811881E+14  0.16166348E-30 -0.47682850E-31
  0.28861386E+14  0.16232419E-30 -0.44810931E-31
  0.28910891E+14  0.16267201E-30 -0.42181220E-31
  0.28960396E+14  0.16329817E-30 -0.39687576E-31
  0.29009901E+14  0.16405083E-30 -0.36925396E-31
  0.29059406E+14  0.16444519E-30 -0.33973670E-31
  0.29108911E+14  0.16470223E-30 -0.31265782E-31
  0.29158416E+14  0.16517745E-30 -0.28618896E-31
  0.29207921E+14  0.16570018E-30 -0.25636785E-31
  0.29257426E+14  0.16580693E-30 -0.22610344E-31
  0.29306931E+14  0.16594783E-30 -0.19888675E-31
  0.29356436E+14  0.16635775E-30 -0.17025759E-31
  0.29405941E+14  0.16645150E-30 -0.13795529E-31
  0.29455446E+14  0.16629231E-30 -0.10871337E-31
  0.29504950E+14  0.16642757E-30 -0.80548640E-32
  0.29554455E+14  0.16654651E-30 -0.47714910E-32
  0.29603960E+14  0.16615905E-30 -0.16213350E-32
  0.29653465E+14  0.16602307E-30  0.12578847E-32
  0.29702970E+14  0.16600968E-30  0.45137530E-32
  0.29752475E+14  0.16545748E-30  0.78158834E-32
  0.29801980E+14  0.16503175E-30  0.10804910E-31
  0.29851485E+14  0.16481761E-30  0.14061866E-31
  0.29900990E+14  0.16410735E-30  0.17480888E-31
  0.29950495E+14  0.16335937E-30  0.20580021E-31
  0.30000000E+14  0.16291823E-30  0.23848909E-31
  0.30049505E+14  0.16199766E-30  0.27369644E-31
  0.30099010E+14  0.16096971E-30  0.30499879E-31
  0.30148515E+14  0.16024814E-30  0.33855068E-31
  0.30198020E+14  0.15900438E-30  0.37417803E-31
  0.30247525E+14  0.15776799E-30  0.40566238E-31
  0.30297030E+14  0.15672167E-30  0.44037013E-31
  0.30346535E+14  0.15508672E-30  0.47551441E-31
  0.30396040E+14  0.15363616E-30  0.50747645E-31
  0.30445545E+14  0.15219100E-30  0.54364413E-31
  0.30495050E+14  0.15022501E-30  0.57733353E-31
  0.30544554E+14  0.14857409E-30  0.61027333E-31
  0.30594059E+14  0.14647452E-30  0.64649401E-31
  0.30643564E+14  0.14422129E-30  0.67858284E-31
  0.30693069E+14  0.14214058E-30  0.71361467E-31
  0.30742574E+14  0.13943080E-30  0.74712813E-31
  0.30792079E+14  0.13701053E-30  0.77966746E-31
  0.30841584E+14  0.13403015E-30  0.81410202E-31
  0.30891089E+14  0.13107562E-30  0.84485988E-31
  0.30940594E+14  0.12786439E-30  0.87773059E-31
  0.30990099E+14  0.12433633E-30  0.90729406E-31
  0.31039604E+14  0.12071679E-30  0.93719152E-31
  0.31089109E+14  0.11654069E-30  0.96420453E-31
  0.31138614E+14  0.11217665E-30  0.98823071E-31
  0.31188119E+14  0.10679907E-30  0.10005425E-30
  0.31237624E+14  0.10455241E-30  0.99898531E-31
  0.31287129E+14  0.10156386E-30  0.10199057E-30
  0.31336634E+14  0.98648459E-31  0.10423015E-30
  0.31386139E+14  0.94631147E-31  0.10605423E-30
  0.31435644E+14  0.91366851E-31  0.10837307E-30
  0.31485149E+14  0.87086130E-31  0.11014512E-30
  0.31534653E+14  0.82430786E-31  0.11209559E-30
  0.31584158E+14  0.78066994E-31  0.11375509E-30
  0.31633663E+14  0.73407846E-31  0.11502927E-30
  0.31683168E+14  0.68300017E-31  0.11612167E-30
  0.31732673E+14  0.62838055E-31  0.11692150E-30
  0.31782178E+14  0.57774247E-31  0.11744284E-30
  0.31831683E+14  0.52444476E-31  0.11745877E-30
  0.31881188E+14  0.46640738E-31  0.11706068E-30
  0.31930693E+14  0.40923341E-31  0.11644049E-30
  0.31980198E+14  0.35404632E-31  0.11518276E-30
  0.32029703E+14  0.29578686E-31  0.11356111E-30
  0.32079208E+14  0.24520320E-31  0.11118518E-30
  0.32128713E+14  0.18815521E-31  0.10857285E-30
  0.32178218E+14  0.13995456E-31  0.10471202E-30
  0.32227723E+14  0.94772947E-32  0.10111150E-30
  0.32277228E+14  0.55979461E-32  0.96757268E-31
  0.32326733E+14  0.18326932E-32  0.92382182E-31
  0.32376238E+14 -0.95793452E-33  0.85554937E-31
  0.32425743E+14 -0.38678313E-32  0.75119102E-31
  0.32475248E+14  0.00000000E+00  0.78997436E-31
  0.32524752E+14  0.00000000E+00  0.73281344E-31
  0.32574257E+14  0.00000000E+00  0.70412872E-31
  0.32623762E+14  0.00000000E+00  0.67871042E-31
  0.32673267E+14  0.00000000E+00  0.65560274E-31
  0.32722772E+14  0.00000000E+00  0.63435245E-31
  0.32772277E+14  0.00000000E+00  0.61466155E-31
  0.32821782E+14  0.00000000E+00  0.59631063E-31
  0.32871287E+14  0.00000000E+00  0.57912928E-31
  0.32920792E+14  0.00000000E+00  0.56298084E-31
  0.32970297E+14  0.00000000E+00  0.54775321E-31
  0.33019802E+14  0.00000000E+00  0.53335290E-31
  0.33069307E+14  0.00000000E+00  0.51970079E-31
  0.33118812E+14  0.00000000E+00  0.50672919E-31
  0.33168317E+14  0.00000000E+00  0.49437964E-31
  0.33217822E+14  0.00000000E+00  0.48260116E-31
  0.33267327E+14  0.00000000E+00  0.47134902E-31
  0.33316832E+14  0.00000000E+00  0.46058370E-31
  0.33366337E+14  0.00000000E+00  0.45027006E-31
  0.33415842E+14  0.00000000E+00  0.44037671E-31
  0.33465347E+14  0.00000000E+00  0.43087545E-31
  0.33514851E+14  0.00000000E+00  0.42174090E-31
  0.33564356E+14  0.00000000E+00  0.41295002E-31
  0.33613861E+14  0.00000000E+00  0.40448194E-31
  0.33663366E+14  0.00000000E+00  0.39631759E-31
  0.33712871E+14  0.00000000E+00  0.38843954E-31
  0.33762376E+14  0.00000000E+00  0.38083184E-31
  0.33811881E+14  0.00000000E+00  0.37347977E-31
  0.33861386E+14  0.00000000E+00  0.36636980E-31
  0.33910891E+14  0.00000000E+00  0.35948942E-31
  0.33960396E+14  0.00000000E+00  0.35282704E-31
  0.34009901E+14  0.00000000E+00  0.34637190E-31
  0.34059406E+14  0.00000000E+00  0.34011401E-31
  0.34108911E+14  0.00000000E+00  0.33404406E-31
  0.34158416E+14  0.00000000E+00  0.32815337E-31
  0.34207921E+14  0.00000000E+00  0.32243381E-31
  0.34257426E+14  0.00000000E+00  0.31687778E-31
  0.34306931E+14  0.00000000E+00  0.31147816E-31
  0.34356436E+14  0.00000000E+00  0.30622827E-31
  0.34405941E+14  0.00000000E+00  0.30112182E-31
  0.34455446E+14  0.00000000E+00  0.29615290E-31
  0.34504950E+14  0.00000000E+00  0.29131594E-31
  0.34554455E+14  0.00000000E+00  0.28660566E-31
  0.34603960E+14  0.00000000E+00  0.28201712E-31
  0.34653465E+14  0.00000000E+00  0.27754562E-31
  0.34702970E+14  0.00000000E+00  0.27318670E-31
  0.34752475E+14  0.00000000E+00  0.26893618E-31
  0.34801980E+14  0.00000000E+00  0.26479004E-31
  0.34851485E+14  0.00000000E+00  0.26074451E-31
  0.34900990E+14  0.00000000E+00  0.25679599E-31
  0.34950495E+14  0.00000000E+00  0.25294106E-31
  0.35000000E+14  0.00000000E+00  0.24917647E-31
  0.35049505E+14  0.00000000E+00  0.24549910E-31
  0.35099010E+14  0.00000000E+00  0.24190603E-31
  0.35148515E+14  0.00000000E+00  0.23839441E-31
  0.35198020E+14  0.00000000E+00  0.23496158E-31
  0.35247525E+14  0.00000000E+00  0.23160497E-31
  0.35297030E+14  0.00000000E+00  0.22832212E-31
  0.35346535E+14  0.00000000E+00  0.22511068E-31
  0.35396040E+14  0.00000000E+00  0.22196843E-31
  0.35445545E+14  0.00000000E+00  0.21889320E-31
  0.35495050E+14  0.00000000E+00  0.21588295E-31
  0.35544554E+14  0.00000000E+00  0.21293570E-31
  0.35594059E+14  0.00000000E+00  0.21004957E-31
  0.35643564E+14  0.00000000E+00  0.20722274E-31
  0.35693069E+14  0.00000000E+00  0.20445346E-31
  0.35742574E+14  0.00000000E+00  0.20174008E-31
  0.35792079E+14  0.00000000E+00  0.19908098E-31
  0.35841584E+14  0.00000000E+00  0.19647462E-31
  0.35891089E+14  0.00000000E+00  0.19391952E-31
  0.35940594E+14  0.00000000E+00  0.19141424E-31
  0.35990099E+14  0.00000000E+00  0.18895742E-31
  0.36039604E+14  0.00000000E+00  0.18654772E-31
  0.36089109E+14  0.00000000E+00  0.18418388E-31
  0.36138614E+14  0.00000000E+00  0.18186466E-31
  0.36188119E+14  0.00000000E+00  0.17958888E-31
  0.36237624E+14  0.00000000E+00  0.17735540E-31
  0.36287129E+14  0.00000000E+00  0.17516310E-31
  0.36336634E+14  0.00000000E+00  0.17301094E-31
  0.36386139E+14  0.00000000E+00  0.17089787E-31
  0.36435644E+14  0.00000000E+00  0.16882291E-31
  0.36485149E+14  0.00000000E+00  0.16678510E-31
  0.36534653E+14  0.00000000E+00  0.16478351E-31
  0.36584158E+14  0.00000000E+00  0.16281724E-31
  0.36633663E+14  0.00000000E+00  0.16088542E-31
  0.36683168E+14  0.00000000E+00  0.15898723E-31
  0.36732673E+14  0.00000000E+00  0.15712184E-31
  0.36782178E+14  0.00000000E+00  0.15528847E-31
  0.36831683E+14  0.00000000E+00  0.15348636E-31
  0.36881188E+14  0.00000000E+00  0.15171477E-31
  0.36930693E+14  0.00000000E+00  0.14997298E-31
  0.36980198E+14  0.00000000E+00  0.14826032E-31
  0.37029703E+14  0.00000000E+00  0.14657609E-31
  0.37079208E+14  0.00000000E+00  0.14491966E-31
  0.37128713E+14  0.00000000E+00  0.14329039E-31
  0.37178218E+14  0.00000000E+00  0.14168767E-31
  0.37227723E+14  0.00000000E+00  0.14011091E-31
  0.37277228E+14  0.00000000E+00  0.13855952E-31
  0.37326733E+14  0.00000000E+00  0.13703295E-31
  0.37376238E+14  0.00000000E+00  0.13553066E-31
  0.37425743E+14  0.00000000E+00  0.13405212E-31
  0.37475248E+14  0.00000000E+00  0.13259681E-31
  0.37524752E+14  0.00000000E+00  0.13116424E-31
  0.37574257E+14  0.00000000E+00  0.12975391E-31
  0.37623762E+14  0.00000000E+00  0.12836537E-31
  0.37673267E+14  0.00000000E+00  0.12699815E-31
  0.37722772E+14  0.00000000E+00  0.12565180E-31
  0.37772277E+14  0.00000000E+00  0.12432590E-31
  0.37821782E+14  0.00000000E+00  0.12302002E-31
  0.37871287E+14  0.00000000E+00  0.12173375E-31
  0.37920792E+14  0.00000000E+00  0.12046669E-31
  0.37970297E+14  0.00000000E+00  0.11921845E-31
  0.38019802E+14  0.00000000E+00  0.11798865E-31
  0.38069307E+14  0.00000000E+00  0.11677693E-31
  0.38118812E+14  0.00000000E+00  0.11558293E-31
  0.38168317E+14  0.00000000E+00  0.11440629E-31
  0.38217822E+14  0.00000000E+00  0.11324668E-31
  0.38267327E+14  0.00000000E+00  0.11210375E-31
  0.38316832E+14  0.00000000E+00  0.11097720E-31
  0.38366337E+14  0.00000000E+00  0.10986670E-31
  0.38415842E+14  0.00000000E+00  0.10877194E-31
  0.38465347E+14  0.00000000E+00  0.10769263E-31
  0.38514851E+14  0.00000000E+00  0.10662847E-31
  0.38564356E+14  0.00000000E+00  0.10557918E-31
  0.38613861E+14  0.00000000E+00  0.10454447E-31
  0.38663366E+14  0.00000000E+00  0.10352408E-31
  0.38712871E+14  0.00000000E+00  0.10251773E-31
  0.38762376E+14  0.00000000E+00  0.10152518E-31
  0.38811881E+14  0.00000000E+00  0.10054616E-31
  0.38861386E+14  0.00000000E+00  0.99580437E-32
  0.38910891E+14  0.00000000E+00  0.98627759E-32
  0.38960396E+14  0.00000000E+00  0.97687895E-32
  0.39009901E+14  0.00000000E+00  0.96760613E-32
  0.39059406E+14  0.00000000E+00  0.95845690E-32
  0.39108911E+14  0.00000000E+00  0.94942904E-32
  0.39158416E+14  0.00000000E+00  0.94052043E-32
  0.39207921E+14  0.00000000E+00  0.93172895E-32
  0.39257426E+14  0.00000000E+00  0.92305256E-32
  0.39306931E+14  0.00000000E+00  0.91448925E-32
  0.39356436E+14  0.00000000E+00  0.90603706E-32
  0.39405941E+14  0.00000000E+00  0.89769408E-32
  0.39455446E+14  0.00000000E+00  0.88945842E-32
  0.39504950E+14  0.00000000E+00  0.88132827E-32
  0.39554455E+14  0.00000000E+00  0.87330181E-32
  0.39603960E+14  0.00000000E+00  0.86537730E-32
  0.39653465E+14  0.00000000E+00  0.85755302E-32
  0.39702970E+14  0.00000000E+00  0.84982730E-32
  0.39752475E+14  0.00000000E+00  0.84219848E-32
  0.39801980E+14  0.00000000E+00  0.83466495E-32
  0.39851485E+14  0.00000000E+00  0.82722515E-32
  0.39900990E+14  0.00000000E+00  0.81987754E-32
  0.39950495E+14  0.00000000E+00  0.81262059E-32
  0.40000000E+14  0.00000000E+00  0.80545283E-32
  0.40049505E+14  0.00000000E+00  0.79837282E-32
  0.40099010E+14  0.00000000E+00  0.79137914E-32
  0.40148515E+14  0.00000000E+00  0.78447040E-32
  0.40198020E+14  0.00000000E+00  0.77764524E-32
  0.40247525E+14  0.00000000E+00  0.77090232E-32
  0.40297030E+14  0.00000000E+00  0.76424034E-32
  0.40346535E+14  0.00000000E+00  0.75765803E-32
  0.40396040E+14  0.00000000E+00  0.75115412E-32
  0.40445545E+14  0.00000000E+00  0.74472739E-32
  0.40495050E+14  0.00000000E+00  0.73837663E-32
  0.40544554E+14  0.00000000E+00  0.73210067E-32
  0.40594059E+14  0.00000000E+00  0.72589835E-32
  0.40643564E+14  0.00000000E+00  0.71976852E-32
  0.40693069E+14  0.00000000E+00  0.71371009E-32
  0.40742574E+14  0.00000000E+00  0.70772196E-32
  0.40792079E+14  0.00000000E+00  0.70180305E-32
  0.40841584E+14  0.00000000E+00  0.69595233E-32
  0.40891089E+14  0.00000000E+00  0.69016875E-32
  0.40940594E+14  0.00000000E+00  0.68445132E-32
  0.40990099E+14  0.00000000E+00  0.67879903E-32
  0.41039604E+14  0.00000000E+00  0.67321093E-32
  0.41089109E+14  0.00000000E+00  0.66768605E-32
  0.41138614E+14  0.00000000E+00  0.66222345E-32
  0.41188119E+14  0.00000000E+00  0.65682223E-32
  0.41237624E+14  0.00000000E+00  0.65148148E-32
  0.41287129E+14  0.00000000E+00  0.64620032E-32
  0.41336634E+14  0.00000000E+00  0.64097788E-32
  0.41386139E+14  0.00000000E+00  0.63581329E-32
  0.41435644E+14  0.00000000E+00  0.63070574E-32
  0.41485149E+14  0.00000000E+00  0.62565440E-32
  0.41534653E+14  0.00000000E+00  0.62065846E-32
  0.41584158E+14  0.00000000E+00  0.61571712E-32
  0.41633663E+14  0.00000000E+00  0.61082962E-32
  0.41683168E+14  0.00000000E+00  0.60599518E-32
  0.41732673E+14  0.00000000E+00  0.60121307E-32
  0.41782178E+14  0.00000000E+00  0.59648253E-32
  0.41831683E+14  0.00000000E+00  0.59180284E-32
  0.41881188E+14  0.00000000E+00  0.58717331E-32
  0.41930693E+14  0.00000000E+00  0.58259322E-32
  0.41980198E+14  0.00000000E+00  0.57806189E-32
  0.42029703E+14  0.00000000E+00  0.57357864E-32
  0.42079208E+14  0.00000000E+00  0.56914282E-32
  0.42128713E+14  0.00000000E+00  0.56475377E-32
  0.42178218E+14  0.00000000E+00  0.56041085E-32
  0.42227723E+14  0.00000000E+00  0.55611343E-32
  0.42277228E+14  0.00000000E+00  0.55186089E-32
  0.42326733E+14  0.00000000E+00  0.54765263E-32
  0.42376238E+14  0.00000000E+00  0.54348805E-32
  0.42425743E+14  0.00000000E+00  0.53936656E-32
  0.42475248E+14  0.00000000E+00  0.53528758E-32
  0.42524752E+14  0.00000000E+00  0.53125055E-32
  0.42574257E+14  0.00000000E+00  0.52725490E-32
  0.42623762E+14  0.00000000E+00  0.52330009E-32
  0.42673267E+14  0.00000000E+00  0.51938557E-32
  0.42722772E+14  0.00000000E+00  0.51551082E-32
  0.42772277E+14  0.00000000E+00  0.51167531E-32
  0.42821782E+14  0.00000000E+00  0.50787854E-32
  0.42871287E+14  0.00000000E+00  0.50411998E-32
  0.42920792E+14  0.00000000E+00  0.50039916E-32
  0.42970297E+14  0.00000000E+00  0.49671557E-32
  0.43019802E+14  0.00000000E+00  0.49306873E-32
  0.43069307E+14  0.00000000E+00  0.48945818E-32
  0.43118812E+14  0.00000000E+00  0.48588345E-32
  0.43168317E+14  0.00000000E+00  0.48234407E-32
  0.43217822E+14  0.00000000E+00  0.47883960E-32
  0.43267327E+14  0.00000000E+00  0.47536959E-32
  0.43316832E+14  0.00000000E+00  0.47193361E-32
  0.43366337E+14  0.00000000E+00  0.46853123E-32
  0.43415842E+14  0.00000000E+00  0.46516201E-32
  0.43465347E+14  0.00000000E+00  0.46182556E-32
  0.43514851E+14  0.00000000E+00  0.45852145E-32
  0.43564356E+14  0.00000000E+00  0.45524928E-32
  0.43613861E+14  0.00000000E+00  0.45200865E-32
  0.43663366E+14  0.00000000E+00  0.44879918E-32
  0.43712871E+14  0.00000000E+00  0.44562048E-32
  0.43762376E+14  0.00000000E+00  0.44247216E-32
  0.43811881E+14  0.00000000E+00  0.43935386E-32
  0.43861386E+14  0.00000000E+00  0.43626520E-32
  0.43910891E+14  0.00000000E+00  0.43320583E-32
  0.43960396E+14  0.00000000E+00  0.43017539E-32
  0.44009901E+14  0.00000000E+00  0.42717353E-32
  0.44059406E+14  0.00000000E+00  0.42419989E-32
  0.44108911E+14  0.00000000E+00  0.42125414E-32
  0.44158416E+14  0.00000000E+00  0.41833595E-32
  0.44207921E+14  0.00000000E+00  0.41544498E-32
  0.44257426E+14  0.00000000E+00  0.41258091E-32
  0.44306931E+14  0.00000000E+00  0.40974341E-32
  0.44356436E+14  0.00000000E+00  0.40693217E-32
  0.44405941E+14  0.00000000E+00  0.40414688E-32
  0.44455446E+14  0.00000000E+00  0.40138723E-32
  0.44504950E+14  0.00000000E+00  0.39865292E-32
  0.44554455E+14  0.00000000E+00  0.39594364E-32
  0.44603960E+14  0.00000000E+00  0.39325912E-32
  0.44653465E+14  0.00000000E+00  0.39059905E-32
  0.44702970E+14  0.00000000E+00  0.38796315E-32
  0.44752475E+14  0.00000000E+00  0.38535115E-32
  0.44801980E+14  0.00000000E+00  0.38276275E-32
  0.44851485E+14  0.00000000E+00  0.38019770E-32
  0.44900990E+14  0.00000000E+00  0.37765571E-32
  0.44950495E+14  0.00000000E+00  0.37513653E-32
  0.45000000E+14  0.00000000E+00  0.37263990E-32
  0.45049505E+14  0.00000000E+00  0.37016555E-32
  0.45099010E+14  0.00000000E+00  0.36771323E-32
  0.45148515E+14  0.00000000E+00  0.36528269E-32
  0.45198020E+14  0.00000000E+00  0.36287369E-32
  0.45247525E+14  0.00000000E+00  0.36048597E-32
  0.45297030E+14  0.00000000E+00  0.35811931E-32
  0.45346535E+14  0.00000000E+00  0.35577345E-32
  0.45396040E+14  0.00000000E+00  0.35344818E-32
  0.45445545E+14  0.00000000E+00  0.35114325E-32
  0.45495050E+14  0.00000000E+00  0.34885844E-32
  0.45544554E+14  0.00000000E+00  0.34659353E-32
  0.45594059E+14  0.00000000E+00  0.34434830E-32
  0.45643564E+14  0.00000000E+00  0.34212252E-32
  0.45693069E+14  0.00000000E+00  0.33991599E-32
  0.45742574E+14  0.00000000E+00  0.33772848E-32
  0.45792079E+14  0.00000000E+00  0.33555980E-32
  0.45841584E+14  0.00000000E+00  0.33340973E-32
  0.45891089E+14  0.00000000E+00  0.33127807E-32
  0.45940594E+14  0.00000000E+00  0.32916462E-32
  0.45990099E+14  0.00000000E+00  0.32706919E-32
  0.46039604E+14  0.00000000E+00  0.32499157E-32
  0.46089109E+14  0.00000000E+00  0.32293157E-32
  0.46138614E+14  0.00000000E+00  0.32088901E-32
  0.46188119E+14  0.00000000E+00  0.31886369E-32
  0.46237624E+14  0.00000000E+00  0.31685543E-32
  0.46287129E+14  0.00000000E+00  0.31486405E-32
  0.46336634E+14  0.00000000E+00  0.31288937E-32
  0.46386139E+14  0.00000000E+00  0.31093121E-32
  0.46435644E+14  0.00000000E+00  0.30898938E-32
  0.46485149E+14  0.00000000E+00  0.30706373E-32
  0.46534653E+14  0.00000000E+00  0.30515408E-32
  0.46584158E+14  0.00000000E+00  0.30326025E-32
  0.46633663E+14  0.00000000E+00  0.30138209E-32
  0.46683168E+14  0.00000000E+00  0.29951942E-32
  0.46732673E+14  0.00000000E+00  0.29767209E-32
  0.46782178E+14  0.00000000E+00  0.29583994E-32
  0.46831683E+14  0.00000000E+00  0.29402280E-32
  0.46881188E+14  0.00000000E+00  0.29222052E-32
  0.46930693E+14  0.00000000E+00  0.29043295E-32
  0.46980198E+14  0.00000000E+00  0.28865993E-32
  0.47029703E+14  0.00000000E+00  0.28690131E-32
  0.47079208E+14  0.00000000E+00  0.28515695E-32
  0.47128713E+14  0.00000000E+00  0.28342670E-32
  0.47178218E+14  0.00000000E+00  0.28171041E-32
  0.47227723E+14  0.00000000E+00  0.28000794E-32
  0.47277228E+14  0.00000000E+00  0.27831915E-32
  0.47326733E+14  0.00000000E+00  0.27664390E-32
  0.47376238E+14  0.00000000E+00  0.27498205E-32
  0.47425743E+14  0.00000000E+00  0.27333347E-32
  0.47475248E+14  0.00000000E+00  0.27169802E-32
  0.47524752E+14  0.00000000E+00  0.27007557E-32
  0.47574257E+14  0.00000000E+00  0.26846599E-32
  0.47623762E+14  0.00000000E+00  0.26686914E-32
  0.47673267E+14  0.00000000E+00  0.26528491E-32
  0.47722772E+14  0.00000000E+00  0.26371317E-32
  0.47772277E+14  0.00000000E+00  0.26215378E-32
  0.47821782E+14  0.00000000E+00  0.26060663E-32
  0.47871287E+14  0.00000000E+00  0.25907160E-32
  0.47920792E+14  0.00000000E+00  0.25754856E-32
  0.47970297E+14  0.00000000E+00  0.25603740E-32
  0.48019802E+14  0.00000000E+00  0.25453801E-32
  0.48069307E+14  0.00000000E+00  0.25305025E-32
  0.48118812E+14  0.00000000E+00  0.25157403E-32
  0.48168317E+14  0.00000000E+00  0.25010922E-32
  0.48217822E+14  0.00000000E+00  0.24865572E-32
  0.48267327E+14  0.00000000E+00  0.24721341E-32
  0.48316832E+14  0.00000000E+00  0.24578218E-32
  0.48366337E+14  0.00000000E+00  0.24436194E-32
  0.48415842E+14  0.00000000E+00  0.24295257E-32
  0.48465347E+14  0.00000000E+00  0.24155396E-32
  0.48514851E+14  0.00000000E+00  0.24016602E-32
  0.48564356E+14  0.00000000E+00  0.23878863E-32
  0.48613861E+14  0.00000000E+00  0.23742170E-32
  0.48663366E+14  0.00000000E+00  0.23606514E-32
  0.48712871E+14  0.00000000E+00  0.23471883E-32
  0.48762376E+14  0.00000000E+00  0.23338268E-32
  0.48811881E+14  0.00000000E+00  0.23205659E-32
  0.48861386E+14  0.00000000E+00  0.23074048E-32
  0.48910891E+14  0.00000000E+00  0.22943423E-32
  0.48960396E+14  0.00000000E+00  0.22813777E-32
  0.49009901E+14  0.00000000E+00  0.22685099E-32
  0.49059406E+14  0.00000000E+00  0.22557382E-32
  0.49108911E+14  0.00000000E+00  0.22430614E-32
  0.49158416E+14  0.00000000E+00  0.22304789E-32
  0.49207921E+14  0.00000000E+00  0.22179896E-32
  0.49257426E+14  0.00000000E+00  0.22055927E-32
  0.49306931E+14  0.00000000E+00  0.21932874E-32
  0.49356436E+14  0.00000000E+00  0.21810728E-32
  0.49405941E+14  0.00000000E+00  0.21689481E-32
  0.49455446E+14  0.00000000E+00  0.21569123E-32
  0.49504950E+14  0.00000000E+00  0.21449648E-32
  0.49554455E+14  0.00000000E+00  0.21331046E-32
  0.49603960E+14  0.00000000E+00  0.21213311E-32
  0.49653465E+14  0.00000000E+00  0.21096433E-32
  0.49702970E+14  0.00000000E+00  0.20980405E-32
  0.49752475E+14  0.00000000E+00  0.20865219E-32
  0.49801980E+14  0.00000000E+00  0.20750868E-32
  0.49851485E+14  0.00000000E+00  0.20637343E-32
  0.49900990E+14  0.00000000E+00  0.20524638E-32
  0.49950495E+14  0.00000000E+00  0.20412745E-32
  0.50000000E+14  0.00000000E+00  0.20301656E-32
  0.50049505E+14  0.00000000E+00  0.20191364E-32
  0.50099010E+14  0.00000000E+00  0.20081863E-32
  0.50148515E+14  0.00000000E+00  0.19973144E-32
  0.50198020E+14  0.00000000E+00  0.19865201E-32
  0.50247525E+14  0.00000000E+00  0.19758027E-32
  0.50297030E+14  0.00000000E+00  0.19651615E-32
  0.50346535E+14  0.00000000E+00  0.19545958E-32
  0.50396040E+14  0.00000000E+00  0.19441050E-32
  0.50445545E+14  0.00000000E+00  0.19336884E-32
  0.50495050E+14  0.00000000E+00  0.19233452E-32
  0.50544554E+14  0.00000000E+00  0.19130750E-32
  0.50594059E+14  0.00000000E+00  0.19028769E-32
  0.50643564E+14  0.00000000E+00  0.18927504E-32
  0.50693069E+14  0.00000000E+00  0.18826949E-32
  0.50742574E+14  0.00000000E+00  0.18727097E-32
  0.50792079E+14  0.00000000E+00  0.18627943E-32
  0.50841584E+14  0.00000000E+00  0.18529479E-32
  0.50891089E+14  0.00000000E+00  0.18431700E-32
  0.50940594E+14  0.00000000E+00  0.18334600E-32
  0.50990099E+14  0.00000000E+00  0.18238173E-32
  0.51039604E+14  0.00000000E+00  0.18142413E-32
  0.51089109E+14  0.00000000E+00  0.18047314E-32
  0.51138614E+14  0.00000000E+00  0.17952871E-32
  0.51188119E+14  0.00000000E+00  0.17859078E-32
  0.51237624E+14  0.00000000E+00  0.17765929E-32
  0.51287129E+14  0.00000000E+00  0.17673419E-32
  0.51336634E+14  0.00000000E+00  0.17581542E-32
  0.51386139E+14  0.00000000E+00  0.17490294E-32
  0.51435644E+14  0.00000000E+00  0.17399667E-32
  0.51485149E+14  0.00000000E+00  0.17309658E-32
  0.51534653E+14  0.00000000E+00  0.17220260E-32
  0.51584158E+14  0.00000000E+00  0.17131469E-32
  0.51633663E+14  0.00000000E+00  0.17043280E-32
  0.51683168E+14  0.00000000E+00  0.16955687E-32
  0.51732673E+14  0.00000000E+00  0.16868685E-32
  0.51782178E+14  0.00000000E+00  0.16782269E-32
  0.51831683E+14  0.00000000E+00  0.16696435E-32
  0.51881188E+14  0.00000000E+00  0.16611177E-32
  0.51930693E+14  0.00000000E+00  0.16526491E-32
  0.51980198E+14  0.00000000E+00  0.16442371E-32
  0.52029703E+14  0.00000000E+00  0.16358814E-32
  0.52079208E+14  0.00000000E+00  0.16275813E-32
  0.52128713E+14  0.00000000E+00  0.16193366E-32
  0.52178218E+14  0.00000000E+00  0.16111466E-32
  0.52227723E+14  0.00000000E+00  0.16030110E-32
  0.52277228E+14  0.00000000E+00  0.15949293E-32
  0.52326733E+14  0.00000000E+00  0.15869010E-32
  0.52376238E+14  0.00000000E+00  0.15789258E-32
  0.52425743E+14  0.00000000E+00  0.15710031E-32
  0.52475248E+14  0.00000000E+00  0.15631325E-32
  0.52524752E+14  0.00000000E+00  0.15553137E-32
  0.52574257E+14  0.00000000E+00  0.15475461E-32
  0.52623762E+14  0.00000000E+00  0.15398293E-32
  0.52673267E+14  0.00000000E+00  0.15321630E-32
  0.52722772E+14  0.00000000E+00  0.15245468E-32
  0.52772277E+14  0.00000000E+00  0.15169801E-32
  0.52821782E+14  0.00000000E+00  0.15094627E-32
  0.52871287E+14  0.00000000E+00  0.15019941E-32
  0.52920792E+14  0.00000000E+00  0.14945739E-32
  0.52970297E+14  0.00000000E+00  0.14872017E-32
  0.53019802E+14  0.00000000E+00  0.14798771E-32
  0.53069307E+14  0.00000000E+00  0.14725998E-32
  0.53118812E+14  0.00000000E+00  0.14653694E-32
  0.53168317E+14  0.00000000E+00  0.14581855E-32
  0.53217822E+14  0.00000000E+00  0.14510476E-32
  0.53267327E+14  0.00000000E+00  0.14439556E-32
  0.53316832E+14  0.00000000E+00  0.14369089E-32
  0.53366337E+14  0.00000000E+00  0.14299072E-32
  0.53415842E+14  0.00000000E+00  0.14229501E-32
  0.53465347E+14  0.00000000E+00  0.14160374E-32
  0.53514851E+14  0.00000000E+00  0.14091686E-32
  0.53564356E+14  0.00000000E+00  0.14023435E-32
  0.53613861E+14  0.00000000E+00  0.13955615E-32
  0.53663366E+14  0.00000000E+00  0.13888225E-32
  0.53712871E+14  0.00000000E+00  0.13821261E-32
  0.53762376E+14  0.00000000E+00  0.13754718E-32
  0.53811881E+14  0.00000000E+00  0.13688595E-32
  0.53861386E+14  0.00000000E+00  0.13622888E-32
  0.53910891E+14  0.00000000E+00  0.13557593E-32
  0.53960396E+14  0.00000000E+00  0.13492707E-32
  0.54009901E+14  0.00000000E+00  0.13428228E-32
  0.54059406E+14  0.00000000E+00  0.13364151E-32
  0.54108911E+14  0.00000000E+00  0.13300474E-32
  0.54158416E+14  0.00000000E+00  0.13237193E-32
  0.54207921E+14  0.00000000E+00  0.13174306E-32
  0.54257426E+14  0.00000000E+00  0.13111809E-32
  0.54306931E+14  0.00000000E+00  0.13049700E-32
  0.54356436E+14  0.00000000E+00  0.12987975E-32
  0.54405941E+14  0.00000000E+00  0.12926632E-32
  0.54455446E+14  0.00000000E+00  0.12865667E-32
  0.54504950E+14  0.00000000E+00  0.12805078E-32
  0.54554455E+14  0.00000000E+00  0.12744861E-32
  0.54603960E+14  0.00000000E+00  0.12685015E-32
  0.54653465E+14  0.00000000E+00  0.12625535E-32
  0.54702970E+14  0.00000000E+00  0.12566419E-32
  0.54752475E+14  0.00000000E+00  0.12507665E-32
  0.54801980E+14  0.00000000E+00  0.12449270E-32
  0.54851485E+14  0.00000000E+00  0.12391230E-32
  0.54900990E+14  0.00000000E+00  0.12333544E-32
  0.54950495E+14  0.00000000E+00  0.12276208E-32
  0.55000000E+14  0.00000000E+00  0.12219221E-32
  0.55049505E+14  0.00000000E+00  0.12162578E-32
  0.55099010E+14  0.00000000E+00  0.12106278E-32
  0.55148515E+14  0.00000000E+00  0.12050318E-32
  0.55198020E+14  0.00000000E+00  0.11994696E-32
  0.55247525E+14  0.00000000E+00  0.11939408E-32
  0.55297030E+14  0.00000000E+00  0.11884453E-32
  0.55346535E+14  0.00000000E+00  0.11829828E-32
  0.55396040E+14  0.00000000E+00  0.11775531E-32
  0.55445545E+14  0.00000000E+00  0.11721558E-32
  0.55495050E+14  0.00000000E+00  0.11667908E-32
  0.55544554E+14  0.00000000E+00  0.11614579E-32
  0.55594059E+14  0.00000000E+00  0.11561567E-32
  0.55643564E+14  0.00000000E+00  0.11508870E-32
  0.55693069E+14  0.00000000E+00  0.11456487E-32
  0.55742574E+14  0.00000000E+00  0.11404415E-32
  0.55792079E+14  0.00000000E+00  0.11352651E-32
  0.55841584E+14  0.00000000E+00  0.11301193E-32
  0.55891089E+14  0.00000000E+00  0.11250039E-32
  0.55940594E+14  0.00000000E+00  0.11199187E-32
  0.55990099E+14  0.00000000E+00  0.11148635E-32
  0.56039604E+14  0.00000000E+00  0.11098380E-32
  0.56089109E+14  0.00000000E+00  0.11048420E-32
  0.56138614E+14  0.00000000E+00  0.10998753E-32
  0.56188119E+14  0.00000000E+00  0.10949377E-32
  0.56237624E+14  0.00000000E+00  0.10900289E-32
  0.56287129E+14  0.00000000E+00  0.10851489E-32
  0.56336634E+14  0.00000000E+00  0.10802972E-32
  0.56386139E+14  0.00000000E+00  0.10754739E-32
  0.56435644E+14  0.00000000E+00  0.10706785E-32
  0.56485149E+14  0.00000000E+00  0.10659110E-32
  0.56534653E+14  0.00000000E+00  0.10611712E-32
  0.56584158E+14  0.00000000E+00  0.10564588E-32
  0.56633663E+14  0.00000000E+00  0.10517736E-32
  0.56683168E+14  0.00000000E+00  0.10471155E-32
  0.56732673E+14  0.00000000E+00  0.10424842E-32
  0.56782178E+14  0.00000000E+00  0.10378796E-32
  0.56831683E+14  0.00000000E+00  0.10333014E-32
  0.56881188E+14  0.00000000E+00  0.10287496E-32
  0.56930693E+14  0.00000000E+00  0.10242238E-32
  0.56980198E+14  0.00000000E+00  0.10197239E-32
  0.57029703E+14  0.00000000E+00  0.10152498E-32
  0.57079208E+14  0.00000000E+00  0.10108012E-32
  0.57128713E+14  0.00000000E+00  0.10063779E-32
  0.57178218E+14  0.00000000E+00  0.10019799E-32
  0.57227723E+14  0.00000000E+00  0.99760679E-33
  0.57277228E+14  0.00000000E+00  0.99325854E-33
  0.57326733E+14  0.00000000E+00  0.98893494E-33
  0.57376238E+14  0.00000000E+00  0.98463581E-33
  0.57425743E+14  0.00000000E+00  0.98036098E-33
  0.57475248E+14  0.00000000E+00  0.97611028E-33
  0.57524752E+14  0.00000000E+00  0.97188354E-33
  0.57574257E+14  0.00000000E+00  0.96768060E-33
  0.57623762E+14  0.00000000E+00  0.96350128E-33
  0.57673267E+14  0.00000000E+00  0.95934543E-33
  0.57722772E+14  0.00000000E+00  0.95521287E-33
  0.57772277E+14  0.00000000E+00  0.95110345E-33
  0.57821782E+14  0.00000000E+00  0.94701701E-33
  0.57871287E+14  0.00000000E+00  0.94295338E-33
  0.57920792E+14  0.00000000E+00  0.93891240E-33
  0.57970297E+14  0.00000000E+00  0.93489393E-33
  0.58019802E+14  0.00000000E+00  0.93089780E-33
  0.58069307E+14  0.00000000E+00  0.92692387E-33
  0.58118812E+14  0.00000000E+00  0.92297197E-33
  0.58168317E+14  0.00000000E+00  0.91904195E-33
  0.58217822E+14  0.00000000E+00  0.91513367E-33
  0.58267327E+14  0.00000000E+00  0.91124698E-33
  0.58316832E+14  0.00000000E+00  0.90738172E-33
  0.58366337E+14  0.00000000E+00  0.90353776E-33
  0.58415842E+14  0.00000000E+00  0.89971494E-33
  0.58465347E+14  0.00000000E+00  0.89591312E-33
  0.58514851E+14  0.00000000E+00  0.89213216E-33
  0.58564356E+14  0.00000000E+00  0.88837192E-33
  0.58613861E+14  0.00000000E+00  0.88463224E-33
  0.58663366E+14  0.00000000E+00  0.88091301E-33
  0.58712871E+14  0.00000000E+00  0.87721407E-33
  0.58762376E+14  0.00000000E+00  0.87353529E-33
  0.58811881E+14  0.00000000E+00  0.86987653E-33
  0.58861386E+14  0.00000000E+00  0.86623766E-33
  0.58910891E+14  0.00000000E+00  0.86261854E-33
  0.58960396E+14  0.00000000E+00  0.85901905E-33
  0.59009901E+14  0.00000000E+00  0.85543904E-33
  0.59059406E+14  0.00000000E+00  0.85187839E-33
  0.59108911E+14  0.00000000E+00  0.84833696E-33
  0.59158416E+14  0.00000000E+00  0.84481464E-33
  0.59207921E+14  0.00000000E+00  0.84131128E-33
  0.59257426E+14  0.00000000E+00  0.83782677E-33
  0.59306931E+14  0.00000000E+00  0.83436098E-33
  0.59356436E+14  0.00000000E+00  0.83091378E-33
  0.59405941E+14  0.00000000E+00  0.82748506E-33
  0.59455446E+14  0.00000000E+00  0.82407468E-33
  0.59504950E+14  0.00000000E+00  0.82068252E-33
  0.59554455E+14  0.00000000E+00  0.81730847E-33
  0.59603960E+14  0.00000000E+00  0.81395240E-33
  0.59653465E+14  0.00000000E+00  0.81061421E-33
  0.59702970E+14  0.00000000E+00  0.80729375E-33
  0.59752475E+14  0.00000000E+00  0.80399094E-33
  0.59801980E+14  0.00000000E+00  0.80070563E-33
  0.59851485E+14  0.00000000E+00  0.79743773E-33
  0.59900990E+14  0.00000000E+00  0.79418711E-33
  0.59950495E+14  0.00000000E+00  0.79095366E-33
  0.60000000E+14  0.00000000E+00  0.78773727E-33
  0.60049505E+14  0.00000000E+00  0.78453784E-33
  0.60099010E+14  0.00000000E+00  0.78135524E-33
  0.60148515E+14  0.00000000E+00  0.77818937E-33
  0.60198020E+14  0.00000000E+00  0.77504011E-33
  0.60247525E+14  0.00000000E+00  0.77190737E-33
  0.60297030E+14  0.00000000E+00  0.76879103E-33
  0.60346535E+14  0.00000000E+00  0.76569099E-33
  0.60396040E+14  0.00000000E+00  0.76260714E-33
  0.60445545E+14  0.00000000E+00  0.75953938E-33
  0.60495050E+14  0.00000000E+00  0.75648760E-33
  0.60544554E+14  0.00000000E+00  0.75345170E-33
  0.60594059E+14  0.00000000E+00  0.75043158E-33
  0.60643564E+14  0.00000000E+00  0.74742713E-33
  0.60693069E+14  0.00000000E+00  0.74443826E-33
  0.60742574E+14  0.00000000E+00  0.74146487E-33
  0.60792079E+14  0.00000000E+00  0.73850685E-33
  0.60841584E+14  0.00000000E+00  0.73556411E-33
  0.60891089E+14  0.00000000E+00  0.73263655E-33
  0.60940594E+14  0.00000000E+00  0.72972407E-33
  0.60990099E+14  0.00000000E+00  0.72682657E-33
  0.61039604E+14  0.00000000E+00  0.72394397E-33
  0.61089109E+14  0.00000000E+00  0.72107617E-33
  0.61138614E+14  0.00000000E+00  0.71822307E-33
  0.61188119E+14  0.00000000E+00  0.71538457E-33
  0.61237624E+14  0.00000000E+00  0.71256060E-33
  0.61287129E+14  0.00000000E+00  0.70975104E-33
  0.61336634E+14  0.00000000E+00  0.70695582E-33
  0.61386139E+14  0.00000000E+00  0.70417485E-33
  0.61435644E+14  0.00000000E+00  0.70140803E-33
  0.61485149E+14  0.00000000E+00  0.69865527E-33
  0.61534653E+14  0.00000000E+00  0.69591648E-33
  0.61584158E+14  0.00000000E+00  0.69319159E-33
  0.61633663E+14  0.00000000E+00  0.69048049E-33
  0.61683168E+14  0.00000000E+00  0.68778311E-33
  0.61732673E+14  0.00000000E+00  0.68509936E-33
  0.61782178E+14  0.00000000E+00  0.68242915E-33
  0.61831683E+14  0.00000000E+00  0.67977240E-33
  0.61881188E+14  0.00000000E+00  0.67712903E-33
  0.61930693E+14  0.00000000E+00  0.67449894E-33
  0.61980198E+14  0.00000000E+00  0.67188207E-33
  0.62029703E+14  0.00000000E+00  0.66927832E-33
  0.62079208E+14  0.00000000E+00  0.66668761E-33
  0.62128713E+14  0.00000000E+00  0.66410987E-33
  0.62178218E+14  0.00000000E+00  0.66154502E-33
  0.62227723E+14  0.00000000E+00  0.65899297E-33
  0.62277228E+14  0.00000000E+00  0.65645364E-33
  0.62326733E+14  0.00000000E+00  0.65392696E-33
  0.62376238E+14  0.00000000E+00  0.65141285E-33
  0.62425743E+14  0.00000000E+00  0.64891124E-33
  0.62475248E+14  0.00000000E+00  0.64642204E-33
  0.62524752E+14  0.00000000E+00  0.64394517E-33
  0.62574257E+14  0.00000000E+00  0.64148057E-33
  0.62623762E+14  0.00000000E+00  0.63902816E-33
  0.62673267E+14  0.00000000E+00  0.63658786E-33
  0.62722772E+14  0.00000000E+00  0.63415960E-33
  0.62772277E+14  0.00000000E+00  0.63174331E-33
  0.62821782E+14  0.00000000E+00  0.62933891E-33
  0.62871287E+14  0.00000000E+00  0.62694634E-33
  0.62920792E+14  0.00000000E+00  0.62456551E-33
  0.62970297E+14  0.00000000E+00  0.62219636E-33
  0.63019802E+14  0.00000000E+00  0.61983882E-33
  0.63069307E+14  0.00000000E+00  0.61749281E-33
  0.63118812E+14  0.00000000E+00  0.61515827E-33
  0.63168317E+14  0.00000000E+00  0.61283513E-33
  0.63217822E+14  0.00000000E+00  0.61052332E-33
  0.63267327E+14  0.00000000E+00  0.60822277E-33
  0.63316832E+14  0.00000000E+00  0.60593342E-33
  0.63366337E+14  0.00000000E+00  0.60365519E-33
  0.63415842E+14  0.00000000E+00  0.60138801E-33
  0.63465347E+14  0.00000000E+00  0.59913183E-33
  0.63514851E+14  0.00000000E+00  0.59688658E-33
  0.63564356E+14  0.00000000E+00  0.59465219E-33
  0.63613861E+14  0.00000000E+00  0.59242860E-33
  0.63663366E+14  0.00000000E+00  0.59021574E-33
  0.63712871E+14  0.00000000E+00  0.58801354E-33
  0.63762376E+14  0.00000000E+00  0.58582195E-33
  0.63811881E+14  0.00000000E+00  0.58364091E-33
  0.63861386E+14  0.00000000E+00  0.58147034E-33
  0.63910891E+14  0.00000000E+00  0.57931019E-33
  0.63960396E+14  0.00000000E+00  0.57716039E-33
  0.64009901E+14  0.00000000E+00  0.57502089E-33
  0.64059406E+14  0.00000000E+00  0.57289162E-33
  0.64108911E+14  0.00000000E+00  0.57077253E-33
  0.64158416E+14  0.00000000E+00  0.56866355E-33
  0.64207921E+14  0.00000000E+00  0.56656462E-33
  0.64257426E+14  0.00000000E+00  0.56447568E-33
  0.64306931E+14  0.00000000E+00  0.56239668E-33
  0.64356436E+14  0.00000000E+00  0.56032756E-33
  0.64405941E+14  0.00000000E+00  0.55826825E-33
  0.64455446E+14  0.00000000E+00  0.55621871E-33
  0.64504950E+14  0.00000000E+00  0.55417887E-33
  0.64554455E+14  0.00000000E+00  0.55214868E-33
  0.64603960E+14  0.00000000E+00  0.55012808E-33
  0.64653465E+14  0.00000000E+00  0.54811701E-33
  0.64702970E+14  0.00000000E+00  0.54611543E-33
  0.64752475E+14  0.00000000E+00  0.54412327E-33
  0.64801980E+14  0.00000000E+00  0.54214048E-33
  0.64851485E+14  0.00000000E+00  0.54016700E-33
  0.64900990E+14  0.00000000E+00  0.53820279E-33
  0.64950495E+14  0.00000000E+00  0.53624779E-33
  0.65000000E+14  0.00000000E+00  0.53430194E-33
