  0.49504950E+11  0.10624557E-31  0.29286037E-32
  0.99009901E+11  0.14606480E-31  0.83068124E-32
  0.14851485E+12  0.24335200E-31  0.14815943E-31
  0.19801980E+12  0.25386969E-31  0.30011710E-31
  0.24752475E+12  0.12283506E-31  0.41886864E-31
  0.29702970E+12  0.18085918E-32  0.31674619E-31
  0.34653465E+12  0.43087515E-32  0.24369501E-31
  0.39603960E+12  0.11694127E-31  0.23524241E-31
  0.44554455E+12  0.15444745E-31  0.22432410E-31
  0.49504950E+12  0.19758286E-31  0.29490087E-31
  0.54455446E+12  0.16947774E-31  0.35450145E-31
  0.59405941E+12  0.11778291E-31  0.35565034E-31
  0.64356436E+12  0.10456482E-31  0.31708079E-31
  0.69306931E+12  0.13679127E-31  0.29446651E-31
  0.74257426E+12  0.19168569E-31  0.30979885E-31
  0.79207921E+12  0.20305765E-31  0.37003554E-31
  0.84158416E+12  0.15404067E-31  0.39863314E-31
  0.89108911E+12  0.12515118E-31  0.37039179E-31
  0.94059406E+12  0.14642379E-31  0.34124378E-31
  0.99009901E+12  0.18296519E-31  0.33961650E-31
  0.10396040E+13  0.21126292E-31  0.37082850E-31
  0.10891089E+13  0.21364102E-31  0.40495431E-31
  0.11386139E+13  0.19502320E-31  0.43043586E-31
  0.11881188E+13  0.17484064E-31  0.42162762E-31
  0.12376238E+13  0.17535407E-31  0.41797336E-31
  0.12871287E+13  0.19606536E-31  0.40528572E-31
  0.13366337E+13  0.22769488E-31  0.42788167E-31
  0.13861386E+13  0.22931613E-31  0.46704664E-31
  0.14356436E+13  0.19978244E-31  0.48931448E-31
  0.14851485E+13  0.18503003E-31  0.47188542E-31
  0.15346535E+13  0.19884016E-31  0.46192670E-31
  0.15841584E+13  0.22549513E-31  0.47112801E-31
  0.16336634E+13  0.23406052E-31  0.50084515E-31
  0.16831683E+13  0.23012984E-31  0.52660695E-31
  0.17326733E+13  0.21189297E-31  0.54005546E-31
  0.17821782E+13  0.20813115E-31  0.53743528E-31
  0.18316832E+13  0.20857033E-31  0.53943275E-31
  0.18811881E+13  0.22626005E-31  0.54314269E-31
  0.19306931E+13  0.23925700E-31  0.57188066E-31
  0.19801980E+13  0.22994650E-31  0.59995233E-31
  0.20297030E+13  0.20531277E-31  0.61496149E-31
  0.20792079E+13  0.19844368E-31  0.60442266E-31
  0.21287129E+13  0.21036307E-31  0.60314974E-31
  0.21782178E+13  0.22945760E-31  0.62078331E-31
  0.22277228E+13  0.22720344E-31  0.65244890E-31
  0.22772277E+13  0.21415479E-31  0.67229132E-31
  0.23267327E+13  0.19978094E-31  0.68053334E-31
  0.23762376E+13  0.19800080E-31  0.68425683E-31
  0.24257426E+13  0.19756257E-31  0.69294597E-31
  0.24752475E+13  0.20508350E-31  0.70703562E-31
  0.25247525E+13  0.20398214E-31  0.73357997E-31
  0.25742574E+13  0.18733790E-31  0.75360694E-31
  0.26237624E+13  0.16926147E-31  0.76012053E-31
  0.26732673E+13  0.16730828E-31  0.75744606E-31
  0.27227723E+13  0.17688024E-31  0.76677505E-31
  0.27722772E+13  0.18209581E-31  0.79345220E-31
  0.28217822E+13  0.16762990E-31  0.82030544E-31
  0.28712871E+13  0.14887171E-31  0.83428678E-31
  0.29207921E+13  0.13805303E-31  0.83805169E-31
  0.29702970E+13  0.13605659E-31  0.84726823E-31
  0.30198020E+13  0.13281795E-31  0.86218880E-31
  0.30693069E+13  0.12730895E-31  0.88009395E-31
  0.31188119E+13  0.11564873E-31  0.90153998E-31
  0.31683168E+13  0.97768233E-32  0.91333615E-31
  0.32178218E+13  0.84981278E-32  0.92033781E-31
  0.32673267E+13  0.81774822E-32  0.92642449E-31
  0.33168317E+13  0.81992597E-32  0.94434302E-31
  0.33663366E+13  0.72226883E-32  0.96895102E-31
  0.34158416E+13  0.49757131E-32  0.98775757E-31
  0.34653465E+13  0.32037361E-32  0.99340868E-31
  0.35148515E+13  0.23309583E-32  0.10008924E-30
  0.35643564E+13  0.17643053E-32  0.10151687E-30
  0.36138614E+13  0.45078836E-33  0.10327595E-30
  0.36633663E+13 -0.92273785E-33  0.10494354E-30
  0.37128713E+13 -0.29953690E-32  0.10626557E-30
  0.37623762E+13 -0.42920631E-32  0.10723770E-30
  0.38118812E+13 -0.59172678E-32  0.10813060E-30
  0.38613861E+13 -0.67813517E-32  0.10926577E-30
  0.39108911E+13 -0.80576807E-32  0.11100462E-30
  0.39603960E+13 -0.98573100E-32  0.11290349E-30
  0.40099010E+13 -0.12265201E-31  0.11380473E-30
  0.40594059E+13 -0.13827475E-31  0.11457226E-30
  0.41089109E+13 -0.15161009E-31  0.11560469E-30
  0.41584158E+13 -0.16653236E-31  0.11727540E-30
  0.42079208E+13 -0.18869720E-31  0.11858011E-30
  0.42574257E+13 -0.21066817E-31  0.11957672E-30
  0.43069307E+13 -0.22835888E-31  0.12038026E-30
  0.43564356E+13 -0.24692558E-31  0.12142949E-30
  0.44059406E+13 -0.26525749E-31  0.12234361E-30
  0.44554455E+13 -0.28289054E-31  0.12348418E-30
  0.45049505E+13 -0.30339451E-31  0.12478348E-30
  0.45544554E+13 -0.32772268E-31  0.12591478E-30
  0.46039604E+13 -0.35061322E-31  0.12659001E-30
  0.46534653E+13 -0.37096856E-31  0.12733134E-30
  0.47029703E+13 -0.39119223E-31  0.12832929E-30
  0.47524752E+13 -0.41581881E-31  0.12937328E-30
  0.48019802E+13 -0.44091882E-31  0.12999911E-30
  0.48514851E+13 -0.46244894E-31  0.13055755E-30
  0.49009901E+13 -0.48488962E-31  0.13132824E-30
  0.49504950E+13 -0.50935949E-31  0.13215950E-30
  0.50000000E+13 -0.53293698E-31  0.13272234E-30
  0.50495050E+13 -0.55693063E-31  0.13341348E-30
  0.50990099E+13 -0.58155329E-31  0.13413909E-30
  0.51485149E+13 -0.60989345E-31  0.13476117E-30
  0.51980198E+13 -0.63601810E-31  0.13508068E-30
  0.52475248E+13 -0.66141086E-31  0.13547135E-30
  0.52970297E+13 -0.68692425E-31  0.13595186E-30
  0.53465347E+13 -0.71460426E-31  0.13631577E-30
  0.53960396E+13 -0.74196018E-31  0.13659136E-30
  0.54455446E+13 -0.76884665E-31  0.13678740E-30
  0.54950495E+13 -0.79544685E-31  0.13708671E-30
  0.55445545E+13 -0.82404337E-31  0.13721223E-30
  0.55940594E+13 -0.85113502E-31  0.13741138E-30
  0.56435644E+13 -0.88011526E-31  0.13760637E-30
  0.56930693E+13 -0.91067858E-31  0.13766933E-30
  0.57425743E+13 -0.93969088E-31  0.13750593E-30
  0.57920792E+13 -0.96822270E-31  0.13731416E-30
  0.58415842E+13 -0.99565933E-31  0.13730657E-30
  0.58910891E+13 -0.10271693E-30  0.13735175E-30
  0.59405941E+13 -0.10600975E-30  0.13696258E-30
  0.59900990E+13 -0.10893694E-30  0.13633844E-30
  0.60396040E+13 -0.11160090E-30  0.13593290E-30
  0.60891089E+13 -0.11448426E-30  0.13587335E-30
  0.61386139E+13 -0.11780719E-30  0.13565321E-30
  0.61881188E+13 -0.12119251E-30  0.13496245E-30
  0.62376238E+13 -0.12417178E-30  0.13415717E-30
  0.62871287E+13 -0.12714195E-30  0.13347273E-30
  0.63366337E+13 -0.13013982E-30  0.13296483E-30
  0.63861386E+13 -0.13340798E-30  0.13245036E-30
  0.64356436E+13 -0.13696419E-30  0.13160118E-30
  0.64851485E+13 -0.14018933E-30  0.13026841E-30
  0.65346535E+13 -0.14292234E-30  0.12901263E-30
  0.65841584E+13 -0.14561062E-30  0.12845201E-30
  0.66336634E+13 -0.14920416E-30  0.12789730E-30
  0.66831683E+13 -0.15296143E-30  0.12644973E-30
  0.67326733E+13 -0.15597243E-30  0.12476619E-30
  0.67821782E+13 -0.15864430E-30  0.12364237E-30
  0.68316832E+13 -0.16195864E-30  0.12273574E-30
  0.68811881E+13 -0.16557816E-30  0.12139775E-30
  0.69306931E+13 -0.16883680E-30  0.11959146E-30
  0.69801980E+13 -0.17190623E-30  0.11783675E-30
  0.70297030E+13 -0.17475559E-30  0.11634950E-30
  0.70792079E+13 -0.17788448E-30  0.11503220E-30
  0.71287129E+13 -0.18168991E-30  0.11335668E-30
  0.71782178E+13 -0.18486201E-30  0.11104192E-30
  0.72277228E+13 -0.18741618E-30  0.10904604E-30
  0.72772277E+13 -0.19041361E-30  0.10784499E-30
  0.73267327E+13 -0.19431242E-30  0.10611063E-30
  0.73762376E+13 -0.19776944E-30  0.10328465E-30
  0.74257426E+13 -0.20028437E-30  0.10080443E-30
  0.74752475E+13 -0.20298847E-30  0.99130385E-31
  0.75247525E+13 -0.20645824E-30  0.97291139E-31
  0.75742574E+13 -0.21014491E-30  0.94623965E-31
  0.76237624E+13 -0.21296071E-30  0.91661940E-31
  0.76732673E+13 -0.21531456E-30  0.89214434E-31
  0.77227723E+13 -0.21830770E-30  0.87341355E-31
  0.77722772E+13 -0.22215033E-30  0.84885031E-31
  0.78217822E+13 -0.22504780E-30  0.81460405E-31
  0.78712871E+13 -0.22727313E-30  0.78636336E-31
  0.79207921E+13 -0.23027462E-30  0.76602238E-31
  0.79702970E+13 -0.23389195E-30  0.73665784E-31
  0.80198020E+13 -0.23655447E-30  0.69929975E-31
  0.80693069E+13 -0.23871263E-30  0.67009782E-31
  0.81188119E+13 -0.24158588E-30  0.64623976E-31
  0.81683168E+13 -0.24508711E-30  0.61523159E-31
  0.82178218E+13 -0.24775310E-30  0.57507561E-31
  0.82673267E+13 -0.24960643E-30  0.54126249E-31
  0.83168317E+13 -0.25216415E-30  0.51731321E-31
  0.83663366E+13 -0.25586262E-30  0.48406205E-31
  0.84158416E+13 -0.25831519E-30  0.43959456E-31
  0.84653465E+13 -0.25983099E-30  0.40652282E-31
  0.85148515E+13 -0.26264682E-30  0.37834718E-31
  0.85643564E+13 -0.26583980E-30  0.33660621E-31
  0.86138614E+13 -0.26760740E-30  0.29387572E-31
  0.86633663E+13 -0.26945546E-30  0.26432137E-31
  0.87128713E+13 -0.27242682E-30  0.22921076E-31
  0.87623762E+13 -0.27492217E-30  0.18110081E-31
  0.88118812E+13 -0.27606662E-30  0.14218620E-31
  0.88613861E+13 -0.27851345E-30  0.11133271E-31
  0.89108911E+13 -0.28136645E-30  0.67336241E-32
  0.89603960E+13 -0.28274922E-30  0.20092148E-32
  0.90099010E+13 -0.28448014E-30 -0.13433187E-32
  0.90594059E+13 -0.28741174E-30 -0.56405662E-32
  0.91089109E+13 -0.28866963E-30 -0.10697675E-31
  0.91584158E+13 -0.28954322E-30 -0.14281968E-31
  0.92079208E+13 -0.29245256E-30 -0.18319875E-31
  0.92574257E+13 -0.29406376E-30 -0.23508578E-31
  0.93069307E+13 -0.29478999E-30 -0.27481260E-31
  0.93564356E+13 -0.29708409E-30 -0.31810144E-31
  0.94059406E+13 -0.29834329E-30 -0.36910609E-31
  0.94554455E+13 -0.29924690E-30 -0.40968273E-31
  0.95049505E+13 -0.30141874E-30 -0.45640691E-31
  0.95544554E+13 -0.30188752E-30 -0.50591533E-31
  0.96039604E+13 -0.30308840E-30 -0.54893725E-31
  0.96534653E+13 -0.30446601E-30 -0.59869214E-31
  0.97029703E+13 -0.30537805E-30 -0.64528037E-31
  0.97524752E+13 -0.30683817E-30 -0.69353721E-31
  0.98019802E+13 -0.30663163E-30 -0.74333809E-31
  0.98514851E+13 -0.30795610E-30 -0.78722713E-31
  0.99009901E+13 -0.30823707E-30 -0.84135991E-31
  0.99504950E+13 -0.30909892E-30 -0.88827250E-31
  0.10000000E+14 -0.30850866E-30 -0.93639780E-31
  0.10049505E+14 -0.30940517E-30 -0.99162977E-31
  0.10099010E+14 -0.30921259E-30 -0.10428150E-30
  0.10148515E+14 -0.30803833E-30 -0.10963398E-30
  0.10198020E+14 -0.30630640E-30 -0.11474088E-30
  0.10247525E+14 -0.29978962E-30 -0.11904433E-30
  0.10297030E+14 -0.29808173E-30 -0.11649417E-30
  0.10346535E+14 -0.29910855E-30 -0.11540197E-30
  0.10396040E+14 -0.30177290E-30 -0.11539076E-30
  0.10445545E+14 -0.30419402E-30 -0.11618268E-30
  0.10495050E+14 -0.30877243E-30 -0.11747965E-30
  0.10544554E+14 -0.31275745E-30 -0.12015260E-30
  0.10594059E+14 -0.31796731E-30 -0.12322214E-30
  0.10643564E+14 -0.32332961E-30 -0.12715233E-30
  0.10693069E+14 -0.32784867E-30 -0.13157860E-30
  0.10742574E+14 -0.33264905E-30 -0.13643414E-30
  0.10792079E+14 -0.33751695E-30 -0.14252743E-30
  0.10841584E+14 -0.34216738E-30 -0.14854132E-30
  0.10891089E+14 -0.34742875E-30 -0.15545968E-30
  0.10940594E+14 -0.35200465E-30 -0.16316059E-30
  0.10990099E+14 -0.35576562E-30 -0.17091390E-30
  0.11039604E+14 -0.36024181E-30 -0.17917678E-30
  0.11089109E+14 -0.36444951E-30 -0.18847693E-30
  0.11138614E+14 -0.36762227E-30 -0.19777800E-30
  0.11188119E+14 -0.37098857E-30 -0.20748254E-30
  0.11237624E+14 -0.37396253E-30 -0.21803108E-30
  0.11287129E+14 -0.37628672E-30 -0.22846344E-30
  0.11336634E+14 -0.37888887E-30 -0.23932174E-30
  0.11386139E+14 -0.38074088E-30 -0.25125195E-30
  0.11435644E+14 -0.38157551E-30 -0.26296486E-30
  0.11485149E+14 -0.38267897E-30 -0.27485699E-30
  0.11534653E+14 -0.38315607E-30 -0.28759485E-30
  0.11584158E+14 -0.38279816E-30 -0.30004141E-30
  0.11633663E+14 -0.38255870E-30 -0.31300002E-30
  0.11683168E+14 -0.38131757E-30 -0.32673612E-30
  0.11732673E+14 -0.37910631E-30 -0.33996246E-30
  0.11782178E+14 -0.37704640E-30 -0.35341410E-30
  0.11831683E+14 -0.37429073E-30 -0.36762701E-30
  0.11881188E+14 -0.37043753E-30 -0.38148815E-30
  0.11930693E+14 -0.36642158E-30 -0.39567250E-30
  0.11980198E+14 -0.36148826E-30 -0.41030929E-30
  0.12029703E+14 -0.35550968E-30 -0.42458429E-30
  0.12079208E+14 -0.34921862E-30 -0.43903694E-30
  0.12128713E+14 -0.34165436E-30 -0.45393143E-30
  0.12178218E+14 -0.33295185E-30 -0.46814746E-30
  0.12227723E+14 -0.32324665E-30 -0.48214557E-30
  0.12277228E+14 -0.31239886E-30 -0.49553287E-30
  0.12326733E+14 -0.30091735E-30 -0.50761627E-30
  0.12376238E+14 -0.28935838E-30 -0.51924086E-30
  0.12425743E+14 -0.27702308E-30 -0.53018649E-30
  0.12475248E+14 -0.26467484E-30 -0.54031873E-30
  0.12524752E+14 -0.25217781E-30 -0.55003360E-30
  0.12574257E+14 -0.23904043E-30 -0.55934596E-30
  0.12623762E+14 -0.22592385E-30 -0.56781191E-30
  0.12673267E+14 -0.21254069E-30 -0.57593580E-30
  0.12722772E+14 -0.19883012E-30 -0.58322204E-30
  0.12772277E+14 -0.18543069E-30 -0.59008274E-30
  0.12821782E+14 -0.17167158E-30 -0.59680718E-30
  0.12871287E+14 -0.15751117E-30 -0.60258158E-30
  0.12920792E+14 -0.14373019E-30 -0.60782101E-30
  0.12970297E+14 -0.12979677E-30 -0.61278353E-30
  0.13019802E+14 -0.11587086E-30 -0.61710151E-30
  0.13069307E+14 -0.10206089E-30 -0.62109291E-30
  0.13118812E+14 -0.88020695E-31 -0.62469545E-30
  0.13168317E+14 -0.74234988E-31 -0.62756345E-30
  0.13217822E+14 -0.60654058E-31 -0.63026997E-30
  0.13267327E+14 -0.46969224E-31 -0.63251551E-30
  0.13316832E+14 -0.33534455E-31 -0.63442053E-30
  0.13366337E+14 -0.20162340E-31 -0.63606616E-30
  0.13415842E+14 -0.69322950E-32 -0.63722379E-30
  0.13465347E+14  0.60094597E-32 -0.63829737E-30
  0.13514851E+14  0.19070977E-31 -0.63913063E-30
  0.13564356E+14  0.31894325E-31 -0.63958224E-30
  0.13613861E+14  0.44545565E-31 -0.64002225E-30
  0.13663366E+14  0.57433448E-31 -0.64013425E-30
  0.13712871E+14  0.70096008E-31 -0.63988061E-30
  0.13762376E+14  0.82562568E-31 -0.63941176E-30
  0.13811881E+14  0.94968906E-31 -0.63874921E-30
  0.13861386E+14  0.10726036E-30 -0.63791593E-30
  0.13910891E+14  0.11958078E-30 -0.63668164E-30
  0.13960396E+14  0.13157969E-30 -0.63518443E-30
  0.14009901E+14  0.14333954E-30 -0.63356295E-30
  0.14059406E+14  0.15503053E-30 -0.63176518E-30
  0.14108911E+14  0.16658135E-30 -0.62976454E-30
  0.14158416E+14  0.17795410E-30 -0.62741954E-30
  0.14207921E+14  0.18894460E-30 -0.62488004E-30
  0.14257426E+14  0.19966341E-30 -0.62243983E-30
  0.14306931E+14  0.21035528E-30 -0.61964053E-30
  0.14356436E+14  0.22055863E-30 -0.61660797E-30
  0.14405941E+14  0.23039479E-30 -0.61361927E-30
  0.14455446E+14  0.24001486E-30 -0.61046799E-30
  0.14504950E+14  0.24927607E-30 -0.60704565E-30
  0.14554455E+14  0.25782863E-30 -0.60350065E-30
  0.14603960E+14  0.26613104E-30 -0.59983925E-30
  0.14653465E+14  0.27367303E-30 -0.59537235E-30
  0.14702970E+14  0.28014625E-30 -0.59050613E-30
  0.14752475E+14  0.28610170E-30 -0.58340883E-30
  0.14801980E+14  0.29083149E-30 -0.56753776E-30
  0.14851485E+14  0.26419641E-30 -0.53928591E-30
  0.14900990E+14  0.18040716E-30 -0.58355909E-30
  0.14950495E+14  0.20013320E-30 -0.66702249E-30
  0.15000000E+14  0.24206354E-30 -0.71957806E-30
  0.15049505E+14  0.30182564E-30 -0.75884938E-30
  0.15099010E+14  0.37103949E-30 -0.76031663E-30
  0.15148515E+14  0.43178492E-30 -0.73773876E-30
  0.15198020E+14  0.45915314E-30 -0.68422626E-30
  0.15247525E+14  0.37405141E-30 -0.65989156E-30
  0.15297030E+14  0.41564868E-30 -0.79552885E-30
  0.15346535E+14  0.50972458E-30 -0.79592087E-30
  0.15396040E+14  0.56874149E-30 -0.78392688E-30
  0.15445545E+14  0.63283391E-30 -0.76100433E-30
  0.15495050E+14  0.66870476E-30 -0.72770591E-30
  0.15544554E+14  0.71526293E-30 -0.69817333E-30
  0.15594059E+14  0.73640005E-30 -0.65967218E-30
  0.15643564E+14  0.76247830E-30 -0.63606786E-30
  0.15693069E+14  0.78161921E-30 -0.60151069E-30
  0.15742574E+14  0.79224657E-30 -0.58292033E-30
  0.15792079E+14  0.81425234E-30 -0.55836666E-30
  0.15841584E+14  0.81944970E-30 -0.55060719E-30
  0.15891089E+14  0.84538950E-30 -0.54603103E-30
  0.15940594E+14  0.88120379E-30 -0.53906501E-30
  0.15990099E+14  0.92028997E-30 -0.52329187E-30
  0.16039604E+14  0.95602795E-30 -0.49705989E-30
  0.16089109E+14  0.99371460E-30 -0.47097752E-30
  0.16138614E+14  0.10350818E-29 -0.43870304E-30
  0.16188119E+14  0.10768949E-29 -0.40824074E-30
  0.16237624E+14  0.11195267E-29 -0.36698366E-30
  0.16287129E+14  0.11595032E-29 -0.32219915E-30
  0.16336634E+14  0.12010690E-29 -0.27302081E-30
  0.16386139E+14  0.12494331E-29 -0.21415396E-30
  0.16435644E+14  0.12978503E-29 -0.15180412E-30
  0.16485149E+14  0.13574581E-29 -0.81683673E-31
  0.16534653E+14  0.14406754E-29  0.76369423E-32
  0.16584158E+14  0.15276786E-29  0.17951281E-30
  0.16633663E+14  0.15756745E-29  0.39046495E-30
  0.16683168E+14  0.16010450E-29  0.67397331E-30
  0.16732673E+14  0.12454865E-29  0.11751743E-29
  0.16782178E+14  0.90223701E-30  0.11947162E-29
  0.16831683E+14  0.56786007E-30  0.12299151E-29
  0.16881188E+14  0.13294326E-30  0.10774585E-29
  0.16930693E+14 -0.49333579E-31  0.75401471E-30
  0.16980198E+14 -0.13131246E-30  0.44718604E-30
  0.17029703E+14 -0.27152016E-31  0.23407026E-30
  0.17079208E+14  0.27463234E-31  0.92514837E-31
  0.17128713E+14  0.82354275E-31 -0.55328443E-31
  0.17178218E+14  0.21175336E-30 -0.19779504E-30
  0.17227723E+14  0.34964603E-30 -0.35148096E-30
  0.17277228E+14  0.67138283E-30 -0.33090190E-30
  0.17326733E+14  0.72048705E-30 -0.21344056E-30
  0.17376238E+14  0.93698794E-30 -0.26338977E-30
  0.17425743E+14  0.13061474E-29  0.78422893E-31
  0.17475248E+14  0.10051998E-29  0.35295767E-30
  0.17524752E+14  0.91957511E-30  0.39437466E-30
  0.17574257E+14  0.87245686E-30  0.43664072E-30
  0.17623762E+14  0.82897506E-30  0.48150351E-30
  0.17673267E+14  0.79161053E-30  0.52064575E-30
  0.17722772E+14  0.75104061E-30  0.55714618E-30
  0.17772277E+14  0.71529798E-30  0.59081323E-30
  0.17821782E+14  0.67527876E-30  0.62141673E-30
  0.17871287E+14  0.63432738E-30  0.65208303E-30
  0.17920792E+14  0.59223683E-30  0.67944417E-30
  0.17970297E+14  0.52848526E-30  0.70292938E-30
  0.18019802E+14  0.49163417E-30  0.65375634E-30
  0.18069307E+14  0.53220710E-30  0.66730169E-30
  0.18118812E+14  0.50247579E-30  0.81877404E-30
  0.18168317E+14  0.36922126E-30  0.82831744E-30
  0.18217822E+14  0.29232486E-30  0.80916921E-30
  0.18267327E+14  0.23394092E-30  0.78803746E-30
  0.18316832E+14  0.18306950E-30  0.76631826E-30
  0.18366337E+14  0.14019873E-30  0.74304416E-30
  0.18415842E+14  0.10022903E-30  0.72092628E-30
  0.18465347E+14  0.65628577E-31  0.69628123E-30
  0.18514851E+14  0.32855211E-31  0.67330704E-30
  0.18564356E+14  0.39746907E-32  0.64796237E-30
  0.18613861E+14 -0.23804135E-31  0.62326395E-30
  0.18663366E+14 -0.48221463E-31  0.59780807E-30
  0.18712871E+14 -0.70605299E-31  0.57242626E-30
  0.18762376E+14 -0.91656264E-31  0.54561154E-30
  0.18811881E+14 -0.11140939E-30  0.51904703E-30
  0.18861386E+14 -0.12901037E-30  0.49101801E-30
  0.18910891E+14 -0.14539263E-30  0.46235522E-30
  0.18960396E+14 -0.15881121E-30  0.43196937E-30
  0.19009901E+14 -0.17186456E-30  0.39861618E-30
  0.19059406E+14 -0.17697712E-30  0.35777260E-30
  0.19108911E+14 -0.17178645E-30  0.32597185E-30
  0.19158416E+14 -0.16563233E-30  0.29801999E-30
  0.19207921E+14 -0.15862967E-30  0.27223460E-30
  0.19257426E+14 -0.14895280E-30  0.24851983E-30
  0.19306931E+14 -0.13512897E-30  0.22890007E-30
  0.19356436E+14 -0.12283650E-30  0.21544587E-30
  0.19405941E+14 -0.11345777E-30  0.20431784E-30
  0.19455446E+14 -0.10503841E-30  0.19363215E-30
  0.19504950E+14 -0.97076254E-31  0.18361391E-30
  0.19554455E+14 -0.90010281E-31  0.17497587E-30
  0.19603960E+14 -0.83325060E-31  0.16655719E-30
  0.19653465E+14 -0.76571119E-31  0.15862993E-30
  0.19702970E+14 -0.70250255E-31  0.15153176E-30
  0.19752475E+14 -0.64345142E-31  0.14484436E-30
  0.19801980E+14 -0.58182800E-31  0.13842246E-30
  0.19851485E+14 -0.52290595E-31  0.13290627E-30
  0.19900990E+14 -0.46971382E-31  0.12758349E-30
  0.19950495E+14 -0.41332985E-31  0.12240421E-30
  0.20000000E+14 -0.36017916E-31  0.11804173E-30
  0.20049505E+14 -0.30815420E-31  0.11373884E-30
  0.20099010E+14 -0.25538088E-31  0.10966952E-30
  0.20148515E+14 -0.20514892E-31  0.10635131E-30
  0.20198020E+14 -0.15590699E-31  0.10304407E-30
  0.20247525E+14 -0.10746029E-31  0.99876543E-31
  0.20297030E+14 -0.60309373E-32  0.97356316E-31
  0.20346535E+14 -0.13949336E-32  0.94812495E-31
  0.20396040E+14  0.30708380E-32  0.92381164E-31
  0.20445545E+14  0.76183385E-32  0.90599814E-31
  0.20495050E+14  0.11892934E-31  0.88692584E-31
  0.20544554E+14  0.16251353E-31  0.86956434E-31
  0.20594059E+14  0.20670854E-31  0.85790661E-31
  0.20643564E+14  0.24754133E-31  0.84252926E-31
  0.20693069E+14  0.29590202E-31  0.82809655E-31
  0.20742574E+14  0.34633964E-31  0.82974400E-31
  0.20792079E+14  0.38466599E-31  0.83206761E-31
  0.20841584E+14  0.42034598E-31  0.83245925E-31
  0.20891089E+14  0.45781522E-31  0.83366416E-31
  0.20940594E+14  0.49583985E-31  0.83807862E-31
  0.20990099E+14  0.52932466E-31  0.84519137E-31
  0.21039604E+14  0.56489855E-31  0.85129404E-31
  0.21089109E+14  0.59639980E-31  0.86217075E-31
  0.21138614E+14  0.62737830E-31  0.87374716E-31
  0.21188119E+14  0.65667375E-31  0.88624035E-31
  0.21237624E+14  0.68482539E-31  0.89989980E-31
  0.21287129E+14  0.71371611E-31  0.91526569E-31
  0.21336634E+14  0.73843467E-31  0.93417445E-31
  0.21386139E+14  0.76266155E-31  0.95180588E-31
  0.21435644E+14  0.78541856E-31  0.97238635E-31
  0.21485149E+14  0.80527657E-31  0.99271597E-31
  0.21534653E+14  0.82617156E-31  0.10153522E-30
  0.21584158E+14  0.84321742E-31  0.10405425E-30
  0.21633663E+14  0.85739523E-31  0.10635075E-30
  0.21683168E+14  0.87220013E-31  0.10887484E-30
  0.21732673E+14  0.88441524E-31  0.11148097E-30
  0.21782178E+14  0.89573513E-31  0.11415268E-30
  0.21831683E+14  0.90582364E-31  0.11702927E-30
  0.21881188E+14  0.91163195E-31  0.11986749E-30
  0.21930693E+14  0.91613099E-31  0.12269161E-30
  0.21980198E+14  0.92036305E-31  0.12564351E-30
  0.22029703E+14  0.92018140E-31  0.12870163E-30
  0.22079208E+14  0.91923276E-31  0.13175386E-30
  0.22128713E+14  0.91553815E-31  0.13495915E-30
  0.22178218E+14  0.90408454E-31  0.13791377E-30
  0.22227723E+14  0.89348188E-31  0.14050474E-30
  0.22277228E+14  0.88190612E-31  0.14301677E-30
  0.22326733E+14  0.86923548E-31  0.14525045E-30
  0.22376238E+14  0.85734283E-31  0.14749955E-30
  0.22425743E+14  0.84176033E-31  0.14954113E-30
  0.22475248E+14  0.82939030E-31  0.15134998E-30
  0.22524752E+14  0.81713850E-31  0.15345744E-30
  0.22574257E+14  0.80063417E-31  0.15521362E-30
  0.22623762E+14  0.78755736E-31  0.15697051E-30
  0.22673267E+14  0.77040484E-31  0.15876834E-30
  0.22722772E+14  0.75614712E-31  0.16016580E-30
  0.22772277E+14  0.74329740E-31  0.16196613E-30
  0.22821782E+14  0.72431447E-31  0.16344331E-30
  0.22871287E+14  0.71075022E-31  0.16495178E-30
  0.22920792E+14  0.69040922E-31  0.16657366E-30
  0.22970297E+14  0.67637680E-31  0.16770192E-30
  0.23019802E+14  0.65800054E-31  0.16932238E-30
  0.23069307E+14  0.64166825E-31  0.17038230E-30
  0.23118812E+14  0.62686709E-31  0.17194372E-30
  0.23168317E+14  0.60492366E-31  0.17310488E-30
  0.23217822E+14  0.58897874E-31  0.17418738E-30
  0.23267327E+14  0.56983931E-31  0.17550901E-30
  0.23316832E+14  0.55163871E-31  0.17650428E-30
  0.23366337E+14  0.53366653E-31  0.17771347E-30
  0.23415842E+14  0.51384507E-31  0.17879681E-30
  0.23465347E+14  0.49453949E-31  0.17978079E-30
  0.23514851E+14  0.47515739E-31  0.18071647E-30
  0.23564356E+14  0.45655277E-31  0.18168721E-30
  0.23613861E+14  0.43618289E-31  0.18268353E-30
  0.23663366E+14  0.41575942E-31  0.18353496E-30
  0.23712871E+14  0.39575541E-31  0.18437301E-30
  0.23762376E+14  0.37512422E-31  0.18517896E-30
  0.23811881E+14  0.35477927E-31  0.18591352E-30
  0.23861386E+14  0.33449140E-31  0.18668310E-30
  0.23910891E+14  0.31353462E-31  0.18743265E-30
  0.23960396E+14  0.29219381E-31  0.18813439E-30
  0.24009901E+14  0.27047967E-31  0.18874452E-30
  0.24059406E+14  0.24946654E-31  0.18930046E-30
  0.24108911E+14  0.22844558E-31  0.18991665E-30
  0.24158416E+14  0.20648548E-31  0.19049601E-30
  0.24207921E+14  0.18432318E-31  0.19099606E-30
  0.24257426E+14  0.16235043E-31  0.19145391E-30
  0.24306931E+14  0.14017725E-31  0.19188048E-30
  0.24356436E+14  0.11818915E-31  0.19226626E-30
  0.24405941E+14  0.96056603E-32  0.19265209E-30
  0.24455446E+14  0.73690812E-32  0.19301392E-30
  0.24504950E+14  0.50897134E-32  0.19334614E-30
  0.24554455E+14  0.27831313E-32  0.19359601E-30
  0.24603960E+14  0.52201975E-33  0.19379169E-30
  0.24653465E+14 -0.17134301E-32  0.19400596E-30
  0.24702970E+14 -0.40245335E-32  0.19422712E-30
  0.24752475E+14 -0.63716504E-32  0.19435797E-30
  0.24801980E+14 -0.86828895E-32  0.19443914E-30
  0.24851485E+14 -0.11008092E-31  0.19449621E-30
  0.24900990E+14 -0.13327625E-31  0.19452313E-30
  0.24950495E+14 -0.15645409E-31  0.19452193E-30
  0.25000000E+14 -0.17982351E-31  0.19451139E-30
  0.25049505E+14 -0.20350358E-31  0.19445321E-30
  0.25099010E+14 -0.22724122E-31  0.19434608E-30
  0.25148515E+14 -0.25091985E-31  0.19418212E-30
  0.25198020E+14 -0.27425336E-31  0.19400327E-30
  0.25247525E+14 -0.29778710E-31  0.19382887E-30
  0.25297030E+14 -0.32189474E-31  0.19361004E-30
  0.25346535E+14 -0.34591203E-31  0.19331235E-30
  0.25396040E+14 -0.36958902E-31  0.19297837E-30
  0.25445545E+14 -0.39328661E-31  0.19264296E-30
  0.25495050E+14 -0.41718074E-31  0.19226393E-30
  0.25544554E+14 -0.44102476E-31  0.19185538E-30
  0.25594059E+14 -0.46493045E-31  0.19141743E-30
  0.25643564E+14 -0.48909178E-31  0.19094158E-30
  0.25693069E+14 -0.51306944E-31  0.19039109E-30
  0.25742574E+14 -0.53675734E-31  0.18983026E-30
  0.25792079E+14 -0.56052590E-31  0.18926321E-30
  0.25841584E+14 -0.58468925E-31  0.18866090E-30
  0.25891089E+14 -0.60878380E-31  0.18798626E-30
  0.25940594E+14 -0.63271637E-31  0.18726889E-30
  0.25990099E+14 -0.65641015E-31  0.18653063E-30
  0.26039604E+14 -0.68020485E-31  0.18577702E-30
  0.26089109E+14 -0.70409794E-31  0.18498259E-30
  0.26138614E+14 -0.72800131E-31  0.18414423E-30
  0.26188119E+14 -0.75182611E-31  0.18326396E-30
  0.26237624E+14 -0.77560450E-31  0.18234128E-30
  0.26287129E+14 -0.79911428E-31  0.18138588E-30
  0.26336634E+14 -0.82259295E-31  0.18042044E-30
  0.26386139E+14 -0.84638167E-31  0.17942617E-30
  0.26435644E+14 -0.87024004E-31  0.17834983E-30
  0.26485149E+14 -0.89361866E-31  0.17722680E-30
  0.26534653E+14 -0.91670024E-31  0.17610034E-30
  0.26584158E+14 -0.94007236E-31  0.17496170E-30
  0.26633663E+14 -0.96352144E-31  0.17376185E-30
  0.26683168E+14 -0.98684061E-31  0.17250292E-30
  0.26732673E+14 -0.10098274E-30  0.17121358E-30
  0.26782178E+14 -0.10327610E-30  0.16989698E-30
  0.26831683E+14 -0.10555594E-30  0.16855529E-30
  0.26881188E+14 -0.10784605E-30  0.16718192E-30
  0.26930693E+14 -0.11014308E-30  0.16575275E-30
  0.26980198E+14 -0.11240918E-30  0.16425450E-30
  0.27029703E+14 -0.11462727E-30  0.16274502E-30
  0.27079208E+14 -0.11685579E-30  0.16123071E-30
  0.27128713E+14 -0.11911364E-30  0.15966893E-30
  0.27178218E+14 -0.12134660E-30  0.15801907E-30
  0.27227723E+14 -0.12352703E-30  0.15633749E-30
  0.27277228E+14 -0.12568163E-30  0.15465403E-30
  0.27326733E+14 -0.12786402E-30  0.15294181E-30
  0.27376238E+14 -0.13004373E-30  0.15117064E-30
  0.27425743E+14 -0.13219444E-30  0.14933809E-30
  0.27475248E+14 -0.13430742E-30  0.14746834E-30
  0.27524752E+14 -0.13639341E-30  0.14558652E-30
  0.27574257E+14 -0.13849084E-30  0.14367981E-30
  0.27623762E+14 -0.14059821E-30  0.14170319E-30
  0.27673267E+14 -0.14265864E-30  0.13965934E-30
  0.27722772E+14 -0.14466810E-30  0.13759531E-30
  0.27772277E+14 -0.14666376E-30  0.13552265E-30
  0.27821782E+14 -0.14868958E-30  0.13341049E-30
  0.27871287E+14 -0.15068449E-30  0.13121095E-30
  0.27920792E+14 -0.15261797E-30  0.12897333E-30
  0.27970297E+14 -0.15453343E-30  0.12673589E-30
  0.28019802E+14 -0.15645969E-30  0.12444993E-30
  0.28069307E+14 -0.15835680E-30  0.12209897E-30
  0.28118812E+14 -0.16021699E-30  0.11969992E-30
  0.28168317E+14 -0.16204660E-30  0.11727617E-30
  0.28217822E+14 -0.16385387E-30  0.11480817E-30
  0.28267327E+14 -0.16564359E-30  0.11229554E-30
  0.28316832E+14 -0.16739629E-30  0.10972914E-30
  0.28366337E+14 -0.16911316E-30  0.10713676E-30
  0.28415842E+14 -0.17081554E-30  0.10450978E-30
  0.28465347E+14 -0.17250742E-30  0.10180736E-30
  0.28514851E+14 -0.17412453E-30  0.99064716E-31
  0.28564356E+14 -0.17571925E-30  0.96304787E-31
  0.28613861E+14 -0.17731761E-30  0.93500209E-31
  0.28663366E+14 -0.17887957E-30  0.90603903E-31
  0.28712871E+14 -0.18035207E-30  0.87659726E-31
  0.28762376E+14 -0.18178531E-30  0.84738364E-31
  0.28811881E+14 -0.18325556E-30  0.81759097E-31
  0.28861386E+14 -0.18467232E-30  0.78666635E-31
  0.28910891E+14 -0.18598729E-30  0.75551738E-31
  0.28960396E+14 -0.18727697E-30  0.72438464E-31
  0.29009901E+14 -0.18858645E-30  0.69264977E-31
  0.29059406E+14 -0.18984632E-30  0.65986264E-31
  0.29108911E+14 -0.19098930E-30  0.62658293E-31
  0.29158416E+14 -0.19210119E-30  0.59351339E-31
  0.29207921E+14 -0.19323237E-30  0.55977354E-31
  0.29257426E+14 -0.19426355E-30  0.52491032E-31
  0.29306931E+14 -0.19522833E-30  0.49000298E-31
  0.29356436E+14 -0.19616642E-30  0.45480924E-31
  0.29405941E+14 -0.19705605E-30  0.41879853E-31
  0.29455446E+14 -0.19789601E-30  0.38205702E-31
  0.29504950E+14 -0.19864487E-30  0.34518524E-31
  0.29554455E+14 -0.19936716E-30  0.30741721E-31
  0.29603960E+14 -0.19997950E-30  0.26915923E-31
  0.29653465E+14 -0.20058314E-30  0.23074398E-31
  0.29702970E+14 -0.20110918E-30  0.19139499E-31
  0.29752475E+14 -0.20153013E-30  0.15135185E-31
  0.29801980E+14 -0.20189670E-30  0.11123092E-31
  0.29851485E+14 -0.20223528E-30  0.70305191E-32
  0.29900990E+14 -0.20243550E-30  0.28132235E-32
  0.29950495E+14 -0.20252132E-30 -0.13807260E-32
  0.30000000E+14 -0.20264740E-30 -0.56407677E-32
  0.30049505E+14 -0.20260708E-30 -0.10029825E-31
  0.30099010E+14 -0.20240706E-30 -0.14425373E-31
  0.30148515E+14 -0.20223342E-30 -0.18855615E-31
  0.30198020E+14 -0.20194088E-30 -0.23470639E-31
  0.30247525E+14 -0.20145454E-30 -0.28059242E-31
  0.30297030E+14 -0.20095150E-30 -0.32723438E-31
  0.30346535E+14 -0.20030377E-30 -0.37512268E-31
  0.30396040E+14 -0.19945733E-30 -0.42313439E-31
  0.30445545E+14 -0.19863028E-30 -0.47228012E-31
  0.30495050E+14 -0.19757452E-30 -0.52233556E-31
  0.30544554E+14 -0.19638237E-30 -0.57294547E-31
  0.30594059E+14 -0.19508258E-30 -0.62481069E-31
  0.30643564E+14 -0.19354376E-30 -0.67700479E-31
  0.30693069E+14 -0.19189590E-30 -0.73045981E-31
  0.30742574E+14 -0.19002314E-30 -0.78546162E-31
  0.30792079E+14 -0.18794209E-30 -0.84059984E-31
  0.30841584E+14 -0.18567425E-30 -0.89783460E-31
  0.30891089E+14 -0.18313032E-30 -0.95542825E-31
  0.30940594E+14 -0.18046316E-30 -0.10153216E-30
  0.30990099E+14 -0.17738390E-30 -0.10769352E-30
  0.31039604E+14 -0.17405561E-30 -0.11404389E-30
  0.31089109E+14 -0.17000771E-30 -0.12071282E-30
  0.31138614E+14 -0.16582668E-30 -0.12778376E-30
  0.31188119E+14 -0.16107949E-30 -0.13618330E-30
  0.31237624E+14 -0.15173222E-30 -0.14429246E-30
  0.31287129E+14 -0.14282733E-30 -0.14913953E-30
  0.31336634E+14 -0.13403551E-30 -0.15317363E-30
  0.31386139E+14 -0.12539549E-30 -0.15703883E-30
  0.31435644E+14 -0.11594385E-30 -0.15965121E-30
  0.31485149E+14 -0.10671608E-30 -0.16197669E-30
  0.31534653E+14 -0.98229952E-31 -0.16345267E-30
  0.31584158E+14 -0.89159964E-31 -0.16437446E-30
  0.31633663E+14 -0.79519249E-31 -0.16476547E-30
  0.31683168E+14 -0.70335334E-31 -0.16453941E-30
  0.31732673E+14 -0.61552239E-31 -0.16368893E-30
  0.31782178E+14 -0.52638023E-31 -0.16213307E-30
  0.31831683E+14 -0.43580815E-31 -0.15988883E-30
  0.31881188E+14 -0.34688582E-31 -0.15703882E-30
  0.31930693E+14 -0.26183042E-31 -0.15352610E-30
  0.31980198E+14 -0.18053258E-31 -0.14921741E-30
  0.32029703E+14 -0.99819528E-32 -0.14406929E-30
  0.32079208E+14 -0.24592441E-32 -0.13837451E-30
  0.32128713E+14  0.44530326E-32 -0.13146312E-30
  0.32178218E+14  0.10815351E-31 -0.12427816E-30
  0.32227723E+14  0.16542230E-31 -0.11564708E-30
  0.32277228E+14  0.20993384E-31 -0.10611294E-30
  0.32326733E+14  0.24292299E-31 -0.94708234E-31
  0.32376238E+14  0.24834116E-31 -0.82704495E-31
  0.32425743E+14  0.19441405E-31 -0.71709978E-31
  0.32475248E+14  0.00000000E+00 -0.59991160E-31
  0.32524752E+14  0.00000000E+00 -0.69306411E-31
  0.32574257E+14  0.00000000E+00 -0.69482322E-31
  0.32623762E+14  0.00000000E+00 -0.68604888E-31
  0.32673267E+14  0.00000000E+00 -0.67340149E-31
  0.32722772E+14  0.00000000E+00 -0.65917828E-31
  0.32772277E+14  0.00000000E+00 -0.64438232E-31
  0.32821782E+14  0.00000000E+00 -0.62950712E-31
  0.32871287E+14  0.00000000E+00 -0.61481130E-31
  0.32920792E+14  0.00000000E+00 -0.60043373E-31
  0.32970297E+14  0.00000000E+00 -0.58644800E-31
  0.33019802E+14  0.00000000E+00 -0.57289037E-31
  0.33069307E+14  0.00000000E+00 -0.55977515E-31
  0.33118812E+14  0.00000000E+00 -0.54710348E-31
  0.33168317E+14  0.00000000E+00 -0.53486860E-31
  0.33217822E+14  0.00000000E+00 -0.52305903E-31
  0.33267327E+14  0.00000000E+00 -0.51166058E-31
  0.33316832E+14  0.00000000E+00 -0.50065767E-31
  0.33366337E+14  0.00000000E+00 -0.49003408E-31
  0.33415842E+14  0.00000000E+00 -0.47977353E-31
  0.33465347E+14  0.00000000E+00 -0.46985996E-31
  0.33514851E+14  0.00000000E+00 -0.46027778E-31
  0.33564356E+14  0.00000000E+00 -0.45101196E-31
  0.33613861E+14  0.00000000E+00 -0.44204810E-31
  0.33663366E+14  0.00000000E+00 -0.43337251E-31
  0.33712871E+14  0.00000000E+00 -0.42497213E-31
  0.33762376E+14  0.00000000E+00 -0.41683463E-31
  0.33811881E+14  0.00000000E+00 -0.40894828E-31
  0.33861386E+14  0.00000000E+00 -0.40130202E-31
  0.33910891E+14  0.00000000E+00 -0.39388536E-31
  0.33960396E+14  0.00000000E+00 -0.38668840E-31
  0.34009901E+14  0.00000000E+00 -0.37970177E-31
  0.34059406E+14  0.00000000E+00 -0.37291663E-31
  0.34108911E+14  0.00000000E+00 -0.36632458E-31
  0.34158416E+14  0.00000000E+00 -0.35991770E-31
  0.34207921E+14  0.00000000E+00 -0.35368848E-31
  0.34257426E+14  0.00000000E+00 -0.34762983E-31
  0.34306931E+14  0.00000000E+00 -0.34173499E-31
  0.34356436E+14  0.00000000E+00 -0.33599759E-31
  0.34405941E+14  0.00000000E+00 -0.33041156E-31
  0.34455446E+14  0.00000000E+00 -0.32497115E-31
  0.34504950E+14  0.00000000E+00 -0.31967090E-31
  0.34554455E+14  0.00000000E+00 -0.31450562E-31
  0.34603960E+14  0.00000000E+00 -0.30947038E-31
  0.34653465E+14  0.00000000E+00 -0.30456046E-31
  0.34702970E+14  0.00000000E+00 -0.29977140E-31
  0.34752475E+14  0.00000000E+00 -0.29509895E-31
  0.34801980E+14  0.00000000E+00 -0.29053903E-31
  0.34851485E+14  0.00000000E+00 -0.28608777E-31
  0.34900990E+14  0.00000000E+00 -0.28174148E-31
  0.34950495E+14  0.00000000E+00 -0.27749663E-31
  0.35000000E+14  0.00000000E+00 -0.27334984E-31
  0.35049505E+14  0.00000000E+00 -0.26929789E-31
  0.35099010E+14  0.00000000E+00 -0.26533770E-31
  0.35148515E+14  0.00000000E+00 -0.26146632E-31
  0.35198020E+14  0.00000000E+00 -0.25768093E-31
  0.35247525E+14  0.00000000E+00 -0.25397881E-31
  0.35297030E+14  0.00000000E+00 -0.25035738E-31
  0.35346535E+14  0.00000000E+00 -0.24681416E-31
  0.35396040E+14  0.00000000E+00 -0.24334676E-31
  0.35445545E+14  0.00000000E+00 -0.23995288E-31
  0.35495050E+14  0.00000000E+00 -0.23663035E-31
  0.35544554E+14  0.00000000E+00 -0.23337704E-31
  0.35594059E+14  0.00000000E+00 -0.23019093E-31
  0.35643564E+14  0.00000000E+00 -0.22707007E-31
  0.35693069E+14  0.00000000E+00 -0.22401259E-31
  0.35742574E+14  0.00000000E+00 -0.22101669E-31
  0.35792079E+14  0.00000000E+00 -0.21808062E-31
  0.35841584E+14  0.00000000E+00 -0.21520273E-31
  0.35891089E+14  0.00000000E+00 -0.21238139E-31
  0.35940594E+14  0.00000000E+00 -0.20961507E-31
  0.35990099E+14  0.00000000E+00 -0.20690226E-31
  0.36039604E+14  0.00000000E+00 -0.20424153E-31
  0.36089109E+14  0.00000000E+00 -0.20163148E-31
  0.36138614E+14  0.00000000E+00 -0.19907078E-31
  0.36188119E+14  0.00000000E+00 -0.19655812E-31
  0.36237624E+14  0.00000000E+00 -0.19409226E-31
  0.36287129E+14  0.00000000E+00 -0.19167200E-31
  0.36336634E+14  0.00000000E+00 -0.18929616E-31
  0.36386139E+14  0.00000000E+00 -0.18696362E-31
  0.36435644E+14  0.00000000E+00 -0.18467328E-31
  0.36485149E+14  0.00000000E+00 -0.18242410E-31
  0.36534653E+14  0.00000000E+00 -0.18021506E-31
  0.36584158E+14  0.00000000E+00 -0.17804516E-31
  0.36633663E+14  0.00000000E+00 -0.17591346E-31
  0.36683168E+14  0.00000000E+00 -0.17381902E-31
  0.36732673E+14  0.00000000E+00 -0.17176096E-31
  0.36782178E+14  0.00000000E+00 -0.16973841E-31
  0.36831683E+14  0.00000000E+00 -0.16775052E-31
  0.36881188E+14  0.00000000E+00 -0.16579649E-31
  0.36930693E+14  0.00000000E+00 -0.16387552E-31
  0.36980198E+14  0.00000000E+00 -0.16198684E-31
  0.37029703E+14  0.00000000E+00 -0.16012972E-31
  0.37079208E+14  0.00000000E+00 -0.15830344E-31
  0.37128713E+14  0.00000000E+00 -0.15650729E-31
  0.37178218E+14  0.00000000E+00 -0.15474060E-31
  0.37227723E+14  0.00000000E+00 -0.15300271E-31
  0.37277228E+14  0.00000000E+00 -0.15129299E-31
  0.37326733E+14  0.00000000E+00 -0.14961080E-31
  0.37376238E+14  0.00000000E+00 -0.14795555E-31
  0.37425743E+14  0.00000000E+00 -0.14632664E-31
  0.37475248E+14  0.00000000E+00 -0.14472352E-31
  0.37524752E+14  0.00000000E+00 -0.14314563E-31
  0.37574257E+14  0.00000000E+00 -0.14159243E-31
  0.37623762E+14  0.00000000E+00 -0.14006339E-31
  0.37673267E+14  0.00000000E+00 -0.13855801E-31
  0.37722772E+14  0.00000000E+00 -0.13707579E-31
  0.37772277E+14  0.00000000E+00 -0.13561625E-31
  0.37821782E+14  0.00000000E+00 -0.13417893E-31
  0.37871287E+14  0.00000000E+00 -0.13276336E-31
  0.37920792E+14  0.00000000E+00 -0.13136909E-31
  0.37970297E+14  0.00000000E+00 -0.12999571E-31
  0.38019802E+14  0.00000000E+00 -0.12864278E-31
  0.38069307E+14  0.00000000E+00 -0.12730990E-31
  0.38118812E+14  0.00000000E+00 -0.12599667E-31
  0.38168317E+14  0.00000000E+00 -0.12470269E-31
  0.38217822E+14  0.00000000E+00 -0.12342759E-31
  0.38267327E+14  0.00000000E+00 -0.12217100E-31
  0.38316832E+14  0.00000000E+00 -0.12093256E-31
  0.38366337E+14  0.00000000E+00 -0.11971191E-31
  0.38415842E+14  0.00000000E+00 -0.11850871E-31
  0.38465347E+14  0.00000000E+00 -0.11732263E-31
  0.38514851E+14  0.00000000E+00 -0.11615335E-31
  0.38564356E+14  0.00000000E+00 -0.11500053E-31
  0.38613861E+14  0.00000000E+00 -0.11386388E-31
  0.38663366E+14  0.00000000E+00 -0.11274309E-31
  0.38712871E+14  0.00000000E+00 -0.11163787E-31
  0.38762376E+14  0.00000000E+00 -0.11054792E-31
  0.38811881E+14  0.00000000E+00 -0.10947297E-31
  0.38861386E+14  0.00000000E+00 -0.10841273E-31
  0.38910891E+14  0.00000000E+00 -0.10736695E-31
  0.38960396E+14  0.00000000E+00 -0.10633535E-31
  0.39009901E+14  0.00000000E+00 -0.10531768E-31
  0.39059406E+14  0.00000000E+00 -0.10431370E-31
  0.39108911E+14  0.00000000E+00 -0.10332315E-31
  0.39158416E+14  0.00000000E+00 -0.10234579E-31
  0.39207921E+14  0.00000000E+00 -0.10138140E-31
  0.39257426E+14  0.00000000E+00 -0.10042975E-31
  0.39306931E+14  0.00000000E+00 -0.99490607E-32
  0.39356436E+14  0.00000000E+00 -0.98563758E-32
  0.39405941E+14  0.00000000E+00 -0.97648988E-32
  0.39455446E+14  0.00000000E+00 -0.96746089E-32
  0.39504950E+14  0.00000000E+00 -0.95854856E-32
  0.39554455E+14  0.00000000E+00 -0.94975091E-32
  0.39603960E+14  0.00000000E+00 -0.94106597E-32
  0.39653465E+14  0.00000000E+00 -0.93249184E-32
  0.39702970E+14  0.00000000E+00 -0.92402665E-32
  0.39752475E+14  0.00000000E+00 -0.91566856E-32
  0.39801980E+14  0.00000000E+00 -0.90741578E-32
  0.39851485E+14  0.00000000E+00 -0.89926657E-32
  0.39900990E+14  0.00000000E+00 -0.89121920E-32
  0.39950495E+14  0.00000000E+00 -0.88327199E-32
  0.40000000E+14  0.00000000E+00 -0.87542331E-32
  0.40049505E+14  0.00000000E+00 -0.86767153E-32
  0.40099010E+14  0.00000000E+00 -0.86001508E-32
  0.40148515E+14  0.00000000E+00 -0.85245242E-32
  0.40198020E+14  0.00000000E+00 -0.84498204E-32
  0.40247525E+14  0.00000000E+00 -0.83760244E-32
  0.40297030E+14  0.00000000E+00 -0.83031219E-32
  0.40346535E+14  0.00000000E+00 -0.82310985E-32
  0.40396040E+14  0.00000000E+00 -0.81599403E-32
  0.40445545E+14  0.00000000E+00 -0.80896337E-32
  0.40495050E+14  0.00000000E+00 -0.80201652E-32
  0.40544554E+14  0.00000000E+00 -0.79515218E-32
  0.40594059E+14  0.00000000E+00 -0.78836905E-32
  0.40643564E+14  0.00000000E+00 -0.78166588E-32
  0.40693069E+14  0.00000000E+00 -0.77504143E-32
  0.40742574E+14  0.00000000E+00 -0.76849449E-32
  0.40792079E+14  0.00000000E+00 -0.76202387E-32
  0.40841584E+14  0.00000000E+00 -0.75562839E-32
  0.40891089E+14  0.00000000E+00 -0.74930693E-32
  0.40940594E+14  0.00000000E+00 -0.74305836E-32
  0.40990099E+14  0.00000000E+00 -0.73688157E-32
  0.41039604E+14  0.00000000E+00 -0.73077549E-32
  0.41089109E+14  0.00000000E+00 -0.72473906E-32
  0.41138614E+14  0.00000000E+00 -0.71877124E-32
  0.41188119E+14  0.00000000E+00 -0.71287101E-32
  0.41237624E+14  0.00000000E+00 -0.70703737E-32
  0.41287129E+14  0.00000000E+00 -0.70126934E-32
  0.41336634E+14  0.00000000E+00 -0.69556596E-32
  0.41386139E+14  0.00000000E+00 -0.68992627E-32
  0.41435644E+14  0.00000000E+00 -0.68434936E-32
  0.41485149E+14  0.00000000E+00 -0.67883431E-32
  0.41534653E+14  0.00000000E+00 -0.67338022E-32
  0.41584158E+14  0.00000000E+00 -0.66798622E-32
  0.41633663E+14  0.00000000E+00 -0.66265144E-32
  0.41683168E+14  0.00000000E+00 -0.65737504E-32
  0.41732673E+14  0.00000000E+00 -0.65215618E-32
  0.41782178E+14  0.00000000E+00 -0.64699405E-32
  0.41831683E+14  0.00000000E+00 -0.64188784E-32
  0.41881188E+14  0.00000000E+00 -0.63683678E-32
  0.41930693E+14  0.00000000E+00 -0.63184007E-32
  0.41980198E+14  0.00000000E+00 -0.62689697E-32
  0.42029703E+14  0.00000000E+00 -0.62200672E-32
  0.42079208E+14  0.00000000E+00 -0.61716858E-32
  0.42128713E+14  0.00000000E+00 -0.61238185E-32
  0.42178218E+14  0.00000000E+00 -0.60764581E-32
  0.42227723E+14  0.00000000E+00 -0.60295975E-32
  0.42277228E+14  0.00000000E+00 -0.59832301E-32
  0.42326733E+14  0.00000000E+00 -0.59373490E-32
  0.42376238E+14  0.00000000E+00 -0.58919475E-32
  0.42425743E+14  0.00000000E+00 -0.58470194E-32
  0.42475248E+14  0.00000000E+00 -0.58025580E-32
  0.42524752E+14  0.00000000E+00 -0.57585571E-32
  0.42574257E+14  0.00000000E+00 -0.57150106E-32
  0.42623762E+14  0.00000000E+00 -0.56719124E-32
  0.42673267E+14  0.00000000E+00 -0.56292565E-32
  0.42722772E+14  0.00000000E+00 -0.55870370E-32
  0.42772277E+14  0.00000000E+00 -0.55452481E-32
  0.42821782E+14  0.00000000E+00 -0.55038842E-32
  0.42871287E+14  0.00000000E+00 -0.54629397E-32
  0.42920792E+14  0.00000000E+00 -0.54224090E-32
  0.42970297E+14  0.00000000E+00 -0.53822868E-32
  0.43019802E+14  0.00000000E+00 -0.53425677E-32
  0.43069307E+14  0.00000000E+00 -0.53032466E-32
  0.43118812E+14  0.00000000E+00 -0.52643181E-32
  0.43168317E+14  0.00000000E+00 -0.52257774E-32
  0.43217822E+14  0.00000000E+00 -0.51876194E-32
  0.43267327E+14  0.00000000E+00 -0.51498392E-32
  0.43316832E+14  0.00000000E+00 -0.51124319E-32
  0.43366337E+14  0.00000000E+00 -0.50753928E-32
  0.43415842E+14  0.00000000E+00 -0.50387173E-32
  0.43465347E+14  0.00000000E+00 -0.50024008E-32
  0.43514851E+14  0.00000000E+00 -0.49664386E-32
  0.43564356E+14  0.00000000E+00 -0.49308264E-32
  0.43613861E+14  0.00000000E+00 -0.48955598E-32
  0.43663366E+14  0.00000000E+00 -0.48606344E-32
  0.43712871E+14  0.00000000E+00 -0.48260460E-32
  0.43762376E+14  0.00000000E+00 -0.47917904E-32
  0.43811881E+14  0.00000000E+00 -0.47578635E-32
  0.43861386E+14  0.00000000E+00 -0.47242612E-32
  0.43910891E+14  0.00000000E+00 -0.46909795E-32
  0.43960396E+14  0.00000000E+00 -0.46580145E-32
  0.44009901E+14  0.00000000E+00 -0.46253624E-32
  0.44059406E+14  0.00000000E+00 -0.45930192E-32
  0.44108911E+14  0.00000000E+00 -0.45609813E-32
  0.44158416E+14  0.00000000E+00 -0.45292449E-32
  0.44207921E+14  0.00000000E+00 -0.44978063E-32
  0.44257426E+14  0.00000000E+00 -0.44666621E-32
  0.44306931E+14  0.00000000E+00 -0.44358086E-32
  0.44356436E+14  0.00000000E+00 -0.44052424E-32
  0.44405941E+14  0.00000000E+00 -0.43749601E-32
  0.44455446E+14  0.00000000E+00 -0.43449581E-32
  0.44504950E+14  0.00000000E+00 -0.43152333E-32
  0.44554455E+14  0.00000000E+00 -0.42857824E-32
  0.44603960E+14  0.00000000E+00 -0.42566020E-32
  0.44653465E+14  0.00000000E+00 -0.42276891E-32
  0.44702970E+14  0.00000000E+00 -0.41990404E-32
  0.44752475E+14  0.00000000E+00 -0.41706528E-32
  0.44801980E+14  0.00000000E+00 -0.41425234E-32
  0.44851485E+14  0.00000000E+00 -0.41146491E-32
  0.44900990E+14  0.00000000E+00 -0.40870270E-32
  0.44950495E+14  0.00000000E+00 -0.40596541E-32
  0.45000000E+14  0.00000000E+00 -0.40325275E-32
  0.45049505E+14  0.00000000E+00 -0.40056444E-32
  0.45099010E+14  0.00000000E+00 -0.39790020E-32
  0.45148515E+14  0.00000000E+00 -0.39525976E-32
  0.45198020E+14  0.00000000E+00 -0.39264284E-32
  0.45247525E+14  0.00000000E+00 -0.39004918E-32
  0.45297030E+14  0.00000000E+00 -0.38747850E-32
  0.45346535E+14  0.00000000E+00 -0.38493056E-32
  0.45396040E+14  0.00000000E+00 -0.38240508E-32
  0.45445545E+14  0.00000000E+00 -0.37990183E-32
  0.45495050E+14  0.00000000E+00 -0.37742055E-32
  0.45544554E+14  0.00000000E+00 -0.37496099E-32
  0.45594059E+14  0.00000000E+00 -0.37252291E-32
  0.45643564E+14  0.00000000E+00 -0.37010607E-32
  0.45693069E+14  0.00000000E+00 -0.36771023E-32
  0.45742574E+14  0.00000000E+00 -0.36533517E-32
  0.45792079E+14  0.00000000E+00 -0.36298064E-32
  0.45841584E+14  0.00000000E+00 -0.36064643E-32
  0.45891089E+14  0.00000000E+00 -0.35833232E-32
  0.45940594E+14  0.00000000E+00 -0.35603807E-32
  0.45990099E+14  0.00000000E+00 -0.35376347E-32
  0.46039604E+14  0.00000000E+00 -0.35150831E-32
  0.46089109E+14  0.00000000E+00 -0.34927238E-32
  0.46138614E+14  0.00000000E+00 -0.34705546E-32
  0.46188119E+14  0.00000000E+00 -0.34485735E-32
  0.46237624E+14  0.00000000E+00 -0.34267785E-32
  0.46287129E+14  0.00000000E+00 -0.34051676E-32
  0.46336634E+14  0.00000000E+00 -0.33837387E-32
  0.46386139E+14  0.00000000E+00 -0.33624900E-32
  0.46435644E+14  0.00000000E+00 -0.33414195E-32
  0.46485149E+14  0.00000000E+00 -0.33205252E-32
  0.46534653E+14  0.00000000E+00 -0.32998054E-32
  0.46584158E+14  0.00000000E+00 -0.32792581E-32
  0.46633663E+14  0.00000000E+00 -0.32588816E-32
  0.46683168E+14  0.00000000E+00 -0.32386740E-32
  0.46732673E+14  0.00000000E+00 -0.32186335E-32
  0.46782178E+14  0.00000000E+00 -0.31987585E-32
  0.46831683E+14  0.00000000E+00 -0.31790470E-32
  0.46881188E+14  0.00000000E+00 -0.31594976E-32
  0.46930693E+14  0.00000000E+00 -0.31401083E-32
  0.46980198E+14  0.00000000E+00 -0.31208776E-32
  0.47029703E+14  0.00000000E+00 -0.31018039E-32
  0.47079208E+14  0.00000000E+00 -0.30828854E-32
  0.47128713E+14  0.00000000E+00 -0.30641207E-32
  0.47178218E+14  0.00000000E+00 -0.30455080E-32
  0.47227723E+14  0.00000000E+00 -0.30270459E-32
  0.47277228E+14  0.00000000E+00 -0.30087328E-32
  0.47326733E+14  0.00000000E+00 -0.29905671E-32
  0.47376238E+14  0.00000000E+00 -0.29725474E-32
  0.47425743E+14  0.00000000E+00 -0.29546721E-32
  0.47475248E+14  0.00000000E+00 -0.29369399E-32
  0.47524752E+14  0.00000000E+00 -0.29193492E-32
  0.47574257E+14  0.00000000E+00 -0.29018986E-32
  0.47623762E+14  0.00000000E+00 -0.28845867E-32
  0.47673267E+14  0.00000000E+00 -0.28674121E-32
  0.47722772E+14  0.00000000E+00 -0.28503734E-32
  0.47772277E+14  0.00000000E+00 -0.28334692E-32
  0.47821782E+14  0.00000000E+00 -0.28166983E-32
  0.47871287E+14  0.00000000E+00 -0.28000592E-32
  0.47920792E+14  0.00000000E+00 -0.27835507E-32
  0.47970297E+14  0.00000000E+00 -0.27671714E-32
  0.48019802E+14  0.00000000E+00 -0.27509201E-32
  0.48069307E+14  0.00000000E+00 -0.27347955E-32
  0.48118812E+14  0.00000000E+00 -0.27187964E-32
  0.48168317E+14  0.00000000E+00 -0.27029215E-32
  0.48217822E+14  0.00000000E+00 -0.26871696E-32
  0.48267327E+14  0.00000000E+00 -0.26715395E-32
  0.48316832E+14  0.00000000E+00 -0.26560300E-32
  0.48366337E+14  0.00000000E+00 -0.26406399E-32
  0.48415842E+14  0.00000000E+00 -0.26253680E-32
  0.48465347E+14  0.00000000E+00 -0.26102133E-32
  0.48514851E+14  0.00000000E+00 -0.25951745E-32
  0.48564356E+14  0.00000000E+00 -0.25802506E-32
  0.48613861E+14  0.00000000E+00 -0.25654404E-32
  0.48663366E+14  0.00000000E+00 -0.25507428E-32
  0.48712871E+14  0.00000000E+00 -0.25361568E-32
  0.48762376E+14  0.00000000E+00 -0.25216813E-32
  0.48811881E+14  0.00000000E+00 -0.25073152E-32
  0.48861386E+14  0.00000000E+00 -0.24930575E-32
  0.48910891E+14  0.00000000E+00 -0.24789071E-32
  0.48960396E+14  0.00000000E+00 -0.24648631E-32
  0.49009901E+14  0.00000000E+00 -0.24509243E-32
  0.49059406E+14  0.00000000E+00 -0.24370899E-32
  0.49108911E+14  0.00000000E+00 -0.24233588E-32
  0.49158416E+14  0.00000000E+00 -0.24097301E-32
  0.49207921E+14  0.00000000E+00 -0.23962028E-32
  0.49257426E+14  0.00000000E+00 -0.23827759E-32
  0.49306931E+14  0.00000000E+00 -0.23694485E-32
  0.49356436E+14  0.00000000E+00 -0.23562196E-32
  0.49405941E+14  0.00000000E+00 -0.23430884E-32
  0.49455446E+14  0.00000000E+00 -0.23300540E-32
  0.49504950E+14  0.00000000E+00 -0.23171153E-32
  0.49554455E+14  0.00000000E+00 -0.23042716E-32
  0.49603960E+14  0.00000000E+00 -0.22915220E-32
  0.49653465E+14  0.00000000E+00 -0.22788656E-32
  0.49702970E+14  0.00000000E+00 -0.22663015E-32
  0.49752475E+14  0.00000000E+00 -0.22538289E-32
  0.49801980E+14  0.00000000E+00 -0.22414470E-32
  0.49851485E+14  0.00000000E+00 -0.22291548E-32
  0.49900990E+14  0.00000000E+00 -0.22169517E-32
  0.49950495E+14  0.00000000E+00 -0.22048367E-32
  0.50000000E+14  0.00000000E+00 -0.21928091E-32
  0.50049505E+14  0.00000000E+00 -0.21808681E-32
  0.50099010E+14  0.00000000E+00 -0.21690129E-32
  0.50148515E+14  0.00000000E+00 -0.21572427E-32
  0.50198020E+14  0.00000000E+00 -0.21455568E-32
  0.50247525E+14  0.00000000E+00 -0.21339544E-32
  0.50297030E+14  0.00000000E+00 -0.21224346E-32
  0.50346535E+14  0.00000000E+00 -0.21109969E-32
  0.50396040E+14  0.00000000E+00 -0.20996405E-32
  0.50445545E+14  0.00000000E+00 -0.20883646E-32
  0.50495050E+14  0.00000000E+00 -0.20771685E-32
  0.50544554E+14  0.00000000E+00 -0.20660515E-32
  0.50594059E+14  0.00000000E+00 -0.20550129E-32
  0.50643564E+14  0.00000000E+00 -0.20440520E-32
  0.50693069E+14  0.00000000E+00 -0.20331682E-32
  0.50742574E+14  0.00000000E+00 -0.20223606E-32
  0.50792079E+14  0.00000000E+00 -0.20116288E-32
  0.50841584E+14  0.00000000E+00 -0.20009719E-32
  0.50891089E+14  0.00000000E+00 -0.19903893E-32
  0.50940594E+14  0.00000000E+00 -0.19798805E-32
  0.50990099E+14  0.00000000E+00 -0.19694446E-32
  0.51039604E+14  0.00000000E+00 -0.19590812E-32
  0.51089109E+14  0.00000000E+00 -0.19487895E-32
  0.51138614E+14  0.00000000E+00 -0.19385690E-32
  0.51188119E+14  0.00000000E+00 -0.19284190E-32
  0.51237624E+14  0.00000000E+00 -0.19183389E-32
  0.51287129E+14  0.00000000E+00 -0.19083281E-32
  0.51336634E+14  0.00000000E+00 -0.18983861E-32
  0.51386139E+14  0.00000000E+00 -0.18885121E-32
  0.51435644E+14  0.00000000E+00 -0.18787057E-32
  0.51485149E+14  0.00000000E+00 -0.18689662E-32
  0.51534653E+14  0.00000000E+00 -0.18592931E-32
  0.51584158E+14  0.00000000E+00 -0.18496857E-32
  0.51633663E+14  0.00000000E+00 -0.18401437E-32
  0.51683168E+14  0.00000000E+00 -0.18306663E-32
  0.51732673E+14  0.00000000E+00 -0.18212530E-32
  0.51782178E+14  0.00000000E+00 -0.18119034E-32
  0.51831683E+14  0.00000000E+00 -0.18026168E-32
  0.51881188E+14  0.00000000E+00 -0.17933927E-32
  0.51930693E+14  0.00000000E+00 -0.17842306E-32
  0.51980198E+14  0.00000000E+00 -0.17751299E-32
  0.52029703E+14  0.00000000E+00 -0.17660902E-32
  0.52079208E+14  0.00000000E+00 -0.17571110E-32
  0.52128713E+14  0.00000000E+00 -0.17481916E-32
  0.52178218E+14  0.00000000E+00 -0.17393317E-32
  0.52227723E+14  0.00000000E+00 -0.17305308E-32
  0.52277228E+14  0.00000000E+00 -0.17217882E-32
  0.52326733E+14  0.00000000E+00 -0.17131036E-32
  0.52376238E+14  0.00000000E+00 -0.17044765E-32
  0.52425743E+14  0.00000000E+00 -0.16959064E-32
  0.52475248E+14  0.00000000E+00 -0.16873928E-32
  0.52524752E+14  0.00000000E+00 -0.16789352E-32
  0.52574257E+14  0.00000000E+00 -0.16705332E-32
  0.52623762E+14  0.00000000E+00 -0.16621864E-32
  0.52673267E+14  0.00000000E+00 -0.16538942E-32
  0.52722772E+14  0.00000000E+00 -0.16456563E-32
  0.52772277E+14  0.00000000E+00 -0.16374722E-32
  0.52821782E+14  0.00000000E+00 -0.16293414E-32
  0.52871287E+14  0.00000000E+00 -0.16212635E-32
  0.52920792E+14  0.00000000E+00 -0.16132381E-32
  0.52970297E+14  0.00000000E+00 -0.16052647E-32
  0.53019802E+14  0.00000000E+00 -0.15973429E-32
  0.53069307E+14  0.00000000E+00 -0.15894724E-32
  0.53118812E+14  0.00000000E+00 -0.15816527E-32
  0.53168317E+14  0.00000000E+00 -0.15738833E-32
  0.53217822E+14  0.00000000E+00 -0.15661639E-32
  0.53267327E+14  0.00000000E+00 -0.15584941E-32
  0.53316832E+14  0.00000000E+00 -0.15508735E-32
  0.53366337E+14  0.00000000E+00 -0.15433016E-32
  0.53415842E+14  0.00000000E+00 -0.15357782E-32
  0.53465347E+14  0.00000000E+00 -0.15283027E-32
  0.53514851E+14  0.00000000E+00 -0.15208749E-32
  0.53564356E+14  0.00000000E+00 -0.15134943E-32
  0.53613861E+14  0.00000000E+00 -0.15061605E-32
  0.53663366E+14  0.00000000E+00 -0.14988733E-32
  0.53712871E+14  0.00000000E+00 -0.14916322E-32
  0.53762376E+14  0.00000000E+00 -0.14844368E-32
  0.53811881E+14  0.00000000E+00 -0.14772868E-32
  0.53861386E+14  0.00000000E+00 -0.14701819E-32
  0.53910891E+14  0.00000000E+00 -0.14631216E-32
  0.53960396E+14  0.00000000E+00 -0.14561057E-32
  0.54009901E+14  0.00000000E+00 -0.14491337E-32
  0.54059406E+14  0.00000000E+00 -0.14422054E-32
  0.54108911E+14  0.00000000E+00 -0.14353204E-32
  0.54158416E+14  0.00000000E+00 -0.14284783E-32
  0.54207921E+14  0.00000000E+00 -0.14216789E-32
  0.54257426E+14  0.00000000E+00 -0.14149218E-32
  0.54306931E+14  0.00000000E+00 -0.14082066E-32
  0.54356436E+14  0.00000000E+00 -0.14015330E-32
  0.54405941E+14  0.00000000E+00 -0.13949008E-32
  0.54455446E+14  0.00000000E+00 -0.13883096E-32
  0.54504950E+14  0.00000000E+00 -0.13817590E-32
  0.54554455E+14  0.00000000E+00 -0.13752488E-32
  0.54603960E+14  0.00000000E+00 -0.13687787E-32
  0.54653465E+14  0.00000000E+00 -0.13623483E-32
  0.54702970E+14  0.00000000E+00 -0.13559573E-32
  0.54752475E+14  0.00000000E+00 -0.13496055E-32
  0.54801980E+14  0.00000000E+00 -0.13432925E-32
  0.54851485E+14  0.00000000E+00 -0.13370181E-32
  0.54900990E+14  0.00000000E+00 -0.13307819E-32
  0.54950495E+14  0.00000000E+00 -0.13245836E-32
  0.55000000E+14  0.00000000E+00 -0.13184231E-32
  0.55049505E+14  0.00000000E+00 -0.13122999E-32
  0.55099010E+14  0.00000000E+00 -0.13062138E-32
  0.55148515E+14  0.00000000E+00 -0.13001645E-32
  0.55198020E+14  0.00000000E+00 -0.12941518E-32
  0.55247525E+14  0.00000000E+00 -0.12881753E-32
  0.55297030E+14  0.00000000E+00 -0.12822348E-32
  0.55346535E+14  0.00000000E+00 -0.12763301E-32
  0.55396040E+14  0.00000000E+00 -0.12704608E-32
  0.55445545E+14  0.00000000E+00 -0.12646267E-32
  0.55495050E+14  0.00000000E+00 -0.12588275E-32
  0.55544554E+14  0.00000000E+00 -0.12530630E-32
  0.55594059E+14  0.00000000E+00 -0.12473329E-32
  0.55643564E+14  0.00000000E+00 -0.12416369E-32
  0.55693069E+14  0.00000000E+00 -0.12359748E-32
  0.55742574E+14  0.00000000E+00 -0.12303464E-32
  0.55792079E+14  0.00000000E+00 -0.12247514E-32
  0.55841584E+14  0.00000000E+00 -0.12191895E-32
  0.55891089E+14  0.00000000E+00 -0.12136605E-32
  0.55940594E+14  0.00000000E+00 -0.12081642E-32
  0.55990099E+14  0.00000000E+00 -0.12027003E-32
  0.56039604E+14  0.00000000E+00 -0.11972686E-32
  0.56089109E+14  0.00000000E+00 -0.11918688E-32
  0.56138614E+14  0.00000000E+00 -0.11865007E-32
  0.56188119E+14  0.00000000E+00 -0.11811642E-32
  0.56237624E+14  0.00000000E+00 -0.11758588E-32
  0.56287129E+14  0.00000000E+00 -0.11705845E-32
  0.56336634E+14  0.00000000E+00 -0.11653410E-32
  0.56386139E+14  0.00000000E+00 -0.11601280E-32
  0.56435644E+14  0.00000000E+00 -0.11549454E-32
  0.56485149E+14  0.00000000E+00 -0.11497930E-32
  0.56534653E+14  0.00000000E+00 -0.11446704E-32
  0.56584158E+14  0.00000000E+00 -0.11395775E-32
  0.56633663E+14  0.00000000E+00 -0.11345141E-32
  0.56683168E+14  0.00000000E+00 -0.11294800E-32
  0.56732673E+14  0.00000000E+00 -0.11244749E-32
  0.56782178E+14  0.00000000E+00 -0.11194987E-32
  0.56831683E+14  0.00000000E+00 -0.11145511E-32
  0.56881188E+14  0.00000000E+00 -0.11096320E-32
  0.56930693E+14  0.00000000E+00 -0.11047411E-32
  0.56980198E+14  0.00000000E+00 -0.10998782E-32
  0.57029703E+14  0.00000000E+00 -0.10950432E-32
  0.57079208E+14  0.00000000E+00 -0.10902357E-32
  0.57128713E+14  0.00000000E+00 -0.10854557E-32
  0.57178218E+14  0.00000000E+00 -0.10807030E-32
  0.57227723E+14  0.00000000E+00 -0.10759773E-32
  0.57277228E+14  0.00000000E+00 -0.10712785E-32
  0.57326733E+14  0.00000000E+00 -0.10666063E-32
  0.57376238E+14  0.00000000E+00 -0.10619606E-32
  0.57425743E+14  0.00000000E+00 -0.10573412E-32
  0.57475248E+14  0.00000000E+00 -0.10527479E-32
  0.57524752E+14  0.00000000E+00 -0.10481805E-32
  0.57574257E+14  0.00000000E+00 -0.10436389E-32
  0.57623762E+14  0.00000000E+00 -0.10391228E-32
  0.57673267E+14  0.00000000E+00 -0.10346321E-32
  0.57722772E+14  0.00000000E+00 -0.10301666E-32
  0.57772277E+14  0.00000000E+00 -0.10257261E-32
  0.57821782E+14  0.00000000E+00 -0.10213105E-32
  0.57871287E+14  0.00000000E+00 -0.10169196E-32
  0.57920792E+14  0.00000000E+00 -0.10125532E-32
  0.57970297E+14  0.00000000E+00 -0.10082111E-32
  0.58019802E+14  0.00000000E+00 -0.10038932E-32
  0.58069307E+14  0.00000000E+00 -0.99959924E-33
  0.58118812E+14  0.00000000E+00 -0.99532916E-33
  0.58168317E+14  0.00000000E+00 -0.99108276E-33
  0.58217822E+14  0.00000000E+00 -0.98685987E-33
  0.58267327E+14  0.00000000E+00 -0.98266032E-33
  0.58316832E+14  0.00000000E+00 -0.97848396E-33
  0.58366337E+14  0.00000000E+00 -0.97433063E-33
  0.58415842E+14  0.00000000E+00 -0.97020016E-33
  0.58465347E+14  0.00000000E+00 -0.96609242E-33
  0.58514851E+14  0.00000000E+00 -0.96200723E-33
  0.58564356E+14  0.00000000E+00 -0.95794444E-33
  0.58613861E+14  0.00000000E+00 -0.95390391E-33
  0.58663366E+14  0.00000000E+00 -0.94988548E-33
  0.58712871E+14  0.00000000E+00 -0.94588900E-33
  0.58762376E+14  0.00000000E+00 -0.94191432E-33
  0.58811881E+14  0.00000000E+00 -0.93796130E-33
  0.58861386E+14  0.00000000E+00 -0.93402978E-33
  0.58910891E+14  0.00000000E+00 -0.93011962E-33
  0.58960396E+14  0.00000000E+00 -0.92623069E-33
  0.59009901E+14  0.00000000E+00 -0.92236283E-33
  0.59059406E+14  0.00000000E+00 -0.91851590E-33
  0.59108911E+14  0.00000000E+00 -0.91468976E-33
  0.59158416E+14  0.00000000E+00 -0.91088428E-33
  0.59207921E+14  0.00000000E+00 -0.90709931E-33
  0.59257426E+14  0.00000000E+00 -0.90333472E-33
  0.59306931E+14  0.00000000E+00 -0.89959037E-33
  0.59356436E+14  0.00000000E+00 -0.89586613E-33
  0.59405941E+14  0.00000000E+00 -0.89216186E-33
  0.59455446E+14  0.00000000E+00 -0.88847743E-33
  0.59504950E+14  0.00000000E+00 -0.88481271E-33
  0.59554455E+14  0.00000000E+00 -0.88116756E-33
  0.59603960E+14  0.00000000E+00 -0.87754186E-33
  0.59653465E+14  0.00000000E+00 -0.87393548E-33
  0.59702970E+14  0.00000000E+00 -0.87034829E-33
  0.59752475E+14  0.00000000E+00 -0.86678016E-33
  0.59801980E+14  0.00000000E+00 -0.86323097E-33
  0.59851485E+14  0.00000000E+00 -0.85970060E-33
  0.59900990E+14  0.00000000E+00 -0.85618891E-33
  0.59950495E+14  0.00000000E+00 -0.85269580E-33
  0.60000000E+14  0.00000000E+00 -0.84922113E-33
  0.60049505E+14  0.00000000E+00 -0.84576478E-33
  0.60099010E+14  0.00000000E+00 -0.84232664E-33
  0.60148515E+14  0.00000000E+00 -0.83890658E-33
  0.60198020E+14  0.00000000E+00 -0.83550449E-33
  0.60247525E+14  0.00000000E+00 -0.83212025E-33
  0.60297030E+14  0.00000000E+00 -0.82875375E-33
  0.60346535E+14  0.00000000E+00 -0.82540487E-33
  0.60396040E+14  0.00000000E+00 -0.82207349E-33
  0.60445545E+14  0.00000000E+00 -0.81875951E-33
  0.60495050E+14  0.00000000E+00 -0.81546280E-33
  0.60544554E+14  0.00000000E+00 -0.81218326E-33
  0.60594059E+14  0.00000000E+00 -0.80892078E-33
  0.60643564E+14  0.00000000E+00 -0.80567525E-33
  0.60693069E+14  0.00000000E+00 -0.80244655E-33
  0.60742574E+14  0.00000000E+00 -0.79923458E-33
  0.60792079E+14  0.00000000E+00 -0.79603924E-33
  0.60841584E+14  0.00000000E+00 -0.79286041E-33
  0.60891089E+14  0.00000000E+00 -0.78969799E-33
  0.60940594E+14  0.00000000E+00 -0.78655188E-33
  0.60990099E+14  0.00000000E+00 -0.78342197E-33
  0.61039604E+14  0.00000000E+00 -0.78030815E-33
  0.61089109E+14  0.00000000E+00 -0.77721033E-33
  0.61138614E+14  0.00000000E+00 -0.77412841E-33
  0.61188119E+14  0.00000000E+00 -0.77106227E-33
  0.61237624E+14  0.00000000E+00 -0.76801183E-33
  0.61287129E+14  0.00000000E+00 -0.76497698E-33
  0.61336634E+14  0.00000000E+00 -0.76195763E-33
  0.61386139E+14  0.00000000E+00 -0.75895367E-33
  0.61435644E+14  0.00000000E+00 -0.75596501E-33
  0.61485149E+14  0.00000000E+00 -0.75299155E-33
  0.61534653E+14  0.00000000E+00 -0.75003320E-33
  0.61584158E+14  0.00000000E+00 -0.74708986E-33
  0.61633663E+14  0.00000000E+00 -0.74416143E-33
  0.61683168E+14  0.00000000E+00 -0.74124784E-33
  0.61732673E+14  0.00000000E+00 -0.73834897E-33
  0.61782178E+14  0.00000000E+00 -0.73546474E-33
  0.61831683E+14  0.00000000E+00 -0.73259506E-33
  0.61881188E+14  0.00000000E+00 -0.72973983E-33
  0.61930693E+14  0.00000000E+00 -0.72689897E-33
  0.61980198E+14  0.00000000E+00 -0.72407239E-33
  0.62029703E+14  0.00000000E+00 -0.72126000E-33
  0.62079208E+14  0.00000000E+00 -0.71846170E-33
  0.62128713E+14  0.00000000E+00 -0.71567742E-33
  0.62178218E+14  0.00000000E+00 -0.71290706E-33
  0.62227723E+14  0.00000000E+00 -0.71015055E-33
  0.62277228E+14  0.00000000E+00 -0.70740778E-33
  0.62326733E+14  0.00000000E+00 -0.70467869E-33
  0.62376238E+14  0.00000000E+00 -0.70196318E-33
  0.62425743E+14  0.00000000E+00 -0.69926117E-33
  0.62475248E+14  0.00000000E+00 -0.69657259E-33
  0.62524752E+14  0.00000000E+00 -0.69389733E-33
  0.62574257E+14  0.00000000E+00 -0.69123533E-33
  0.62623762E+14  0.00000000E+00 -0.68858651E-33
  0.62673267E+14  0.00000000E+00 -0.68595077E-33
  0.62722772E+14  0.00000000E+00 -0.68332805E-33
  0.62772277E+14  0.00000000E+00 -0.68071826E-33
  0.62821782E+14  0.00000000E+00 -0.67812133E-33
  0.62871287E+14  0.00000000E+00 -0.67553717E-33
  0.62920792E+14  0.00000000E+00 -0.67296570E-33
  0.62970297E+14  0.00000000E+00 -0.67040686E-33
  0.63019802E+14  0.00000000E+00 -0.66786057E-33
  0.63069307E+14  0.00000000E+00 -0.66532674E-33
  0.63118812E+14  0.00000000E+00 -0.66280530E-33
  0.63168317E+14  0.00000000E+00 -0.66029619E-33
  0.63217822E+14  0.00000000E+00 -0.65779931E-33
  0.63267327E+14  0.00000000E+00 -0.65531461E-33
  0.63316832E+14  0.00000000E+00 -0.65284200E-33
  0.63366337E+14  0.00000000E+00 -0.65038142E-33
  0.63415842E+14  0.00000000E+00 -0.64793278E-33
  0.63465347E+14  0.00000000E+00 -0.64549603E-33
  0.63514851E+14  0.00000000E+00 -0.64307109E-33
  0.63564356E+14  0.00000000E+00 -0.64065788E-33
  0.63613861E+14  0.00000000E+00 -0.63825634E-33
  0.63663366E+14  0.00000000E+00 -0.63586640E-33
  0.63712871E+14  0.00000000E+00 -0.63348799E-33
  0.63762376E+14  0.00000000E+00 -0.63112103E-33
  0.63811881E+14  0.00000000E+00 -0.62876547E-33
  0.63861386E+14  0.00000000E+00 -0.62642124E-33
  0.63910891E+14  0.00000000E+00 -0.62408826E-33
  0.63960396E+14  0.00000000E+00 -0.62176647E-33
  0.64009901E+14  0.00000000E+00 -0.61945580E-33
  0.64059406E+14  0.00000000E+00 -0.61715619E-33
  0.64108911E+14  0.00000000E+00 -0.61486758E-33
  0.64158416E+14  0.00000000E+00 -0.61258989E-33
  0.64207921E+14  0.00000000E+00 -0.61032307E-33
  0.64257426E+14  0.00000000E+00 -0.60806704E-33
  0.64306931E+14  0.00000000E+00 -0.60582176E-33
  0.64356436E+14  0.00000000E+00 -0.60358714E-33
  0.64405941E+14  0.00000000E+00 -0.60136313E-33
  0.64455446E+14  0.00000000E+00 -0.59914968E-33
  0.64504950E+14  0.00000000E+00 -0.59694671E-33
  0.64554455E+14  0.00000000E+00 -0.59475416E-33
  0.64603960E+14  0.00000000E+00 -0.59257198E-33
  0.64653465E+14  0.00000000E+00 -0.59040010E-33
  0.64702970E+14  0.00000000E+00 -0.58823846E-33
  0.64752475E+14  0.00000000E+00 -0.58608701E-33
  0.64801980E+14  0.00000000E+00 -0.58394569E-33
  0.64851485E+14  0.00000000E+00 -0.58181443E-33
  0.64900990E+14  0.00000000E+00 -0.57969318E-33
  0.64950495E+14  0.00000000E+00 -0.57758187E-33
  0.65000000E+14  0.00000000E+00 -0.57548046E-33
