  0.49504950E+11  0.11253841E-31  0.17253482E-30
  0.99009901E+11  0.18012291E-31  0.18167378E-30
  0.14851485E+12  0.22916749E-31  0.19580310E-30
  0.19801980E+12  0.15758624E-31  0.22339095E-30
  0.24752475E+12 -0.14754955E-31  0.21422432E-30
  0.29702970E+12 -0.21620623E-31  0.20561574E-30
  0.34653465E+12 -0.27647354E-31  0.19333956E-30
  0.39603960E+12 -0.18641599E-31  0.17436963E-30
  0.44554455E+12 -0.46615830E-33  0.19253336E-30
  0.49504950E+12 -0.68491934E-32  0.20500431E-30
  0.54455446E+12 -0.23125050E-31  0.20577814E-30
  0.59405941E+12 -0.29215122E-31  0.18963474E-30
  0.64356436E+12 -0.19162844E-31  0.18811703E-30
  0.69306931E+12 -0.13136690E-31  0.18961608E-30
  0.74257426E+12 -0.15504907E-31  0.20062140E-30
  0.79207921E+12 -0.28199915E-31  0.19996057E-30
  0.84158416E+12 -0.27197763E-31  0.19762212E-30
  0.89108911E+12 -0.32355859E-31  0.19337334E-30
  0.94059406E+12 -0.32675919E-31  0.19085887E-30
  0.99009901E+12 -0.29924501E-31  0.18719862E-30
  0.10396040E+13 -0.22562252E-31  0.19057204E-30
  0.10891089E+13 -0.28961552E-31  0.19876743E-30
  0.11386139E+13 -0.36737880E-31  0.19865122E-30
  0.11881188E+13 -0.40823238E-31  0.19352505E-30
  0.12376238E+13 -0.39069149E-31  0.18714166E-30
  0.12871287E+13 -0.35437763E-31  0.18905436E-30
  0.13366337E+13 -0.35124781E-31  0.19432490E-30
  0.13861386E+13 -0.41373800E-31  0.19615180E-30
  0.14356436E+13 -0.45551750E-31  0.19551240E-30
  0.14851485E+13 -0.49391503E-31  0.19092183E-30
  0.15346535E+13 -0.48240308E-31  0.18637499E-30
  0.15841584E+13 -0.43168081E-31  0.18448310E-30
  0.16336634E+13 -0.39567511E-31  0.19342736E-30
  0.16831683E+13 -0.48548790E-31  0.19885351E-30
  0.17326733E+13 -0.56797368E-31  0.19504108E-30
  0.17821782E+13 -0.56891371E-31  0.18725244E-30
  0.18316832E+13 -0.51783117E-31  0.18616204E-30
  0.18811881E+13 -0.51087006E-31  0.19063637E-30
  0.19306931E+13 -0.55093233E-31  0.19329387E-30
  0.19801980E+13 -0.58376734E-31  0.19291481E-30
  0.20297030E+13 -0.61688808E-31  0.19110749E-30
  0.20792079E+13 -0.62305174E-31  0.19033928E-30
  0.21287129E+13 -0.64167769E-31  0.18699857E-30
  0.21782178E+13 -0.60486656E-31  0.18626007E-30
  0.22277228E+13 -0.59086907E-31  0.19117105E-30
  0.22772277E+13 -0.64538605E-31  0.19651186E-30
  0.23267327E+13 -0.74063945E-31  0.19256855E-30
  0.23762376E+13 -0.73303656E-31  0.18543232E-30
  0.24257426E+13 -0.67306026E-31  0.18362530E-30
  0.24752475E+13 -0.64885593E-31  0.19044520E-30
  0.25247525E+13 -0.70978249E-31  0.19482953E-30
  0.25742574E+13 -0.77451921E-31  0.19334887E-30
  0.26237624E+13 -0.79128867E-31  0.18782000E-30
  0.26732673E+13 -0.77337465E-31  0.18728228E-30
  0.27227723E+13 -0.76980083E-31  0.18771350E-30
  0.27722772E+13 -0.78122316E-31  0.18957650E-30
  0.28217822E+13 -0.79440521E-31  0.19111697E-30
  0.28712871E+13 -0.83253484E-31  0.19220232E-30
  0.29207921E+13 -0.86485052E-31  0.18984665E-30
  0.29702970E+13 -0.87625236E-31  0.18736481E-30
  0.30198020E+13 -0.84381901E-31  0.18708418E-30
  0.30693069E+13 -0.84772943E-31  0.19096762E-30
  0.31188119E+13 -0.88907146E-31  0.19391750E-30
  0.31683168E+13 -0.95246093E-31  0.19286039E-30
  0.32178218E+13 -0.96361215E-31  0.18754495E-30
  0.32673267E+13 -0.93909956E-31  0.18578925E-30
  0.33168317E+13 -0.91597194E-31  0.18875456E-30
  0.33663366E+13 -0.94406833E-31  0.19288118E-30
  0.34158416E+13 -0.99585065E-31  0.19422734E-30
  0.34653465E+13 -0.10316326E-30  0.19108066E-30
  0.35148515E+13 -0.10287522E-30  0.18878797E-30
  0.35643564E+13 -0.10193005E-30  0.18930124E-30
  0.36138614E+13 -0.10301950E-30  0.19216742E-30
  0.36633663E+13 -0.10619799E-30  0.19329268E-30
  0.37128713E+13 -0.10992431E-30  0.19303597E-30
  0.37623762E+13 -0.11154005E-30  0.19086493E-30
  0.38118812E+13 -0.11152419E-30  0.19033035E-30
  0.38613861E+13 -0.11114087E-30  0.19127686E-30
  0.39108911E+13 -0.11287797E-30  0.19364205E-30
  0.39603960E+13 -0.11587281E-30  0.19524749E-30
  0.40099010E+13 -0.11997832E-30  0.19507644E-30
  0.40594059E+13 -0.12267264E-30  0.19316905E-30
  0.41089109E+13 -0.12211730E-30  0.19127720E-30
  0.41584158E+13 -0.12138777E-30  0.19291514E-30
  0.42079208E+13 -0.12284515E-30  0.19641262E-30
  0.42574257E+13 -0.12873321E-30  0.19831305E-30
  0.43069307E+13 -0.13226053E-30  0.19527731E-30
  0.43564356E+13 -0.13193161E-30  0.19273249E-30
  0.44059406E+13 -0.13000920E-30  0.19544100E-30
  0.44554455E+13 -0.13389686E-30  0.19918620E-30
  0.45049505E+13 -0.13883571E-30  0.19897482E-30
  0.45544554E+13 -0.14095950E-30  0.19643369E-30
  0.46039604E+13 -0.14059093E-30  0.19692421E-30
  0.46534653E+13 -0.14251224E-30  0.19882932E-30
  0.47029703E+13 -0.14588394E-30  0.19955017E-30
  0.47524752E+13 -0.14734860E-30  0.19947219E-30
  0.48019802E+13 -0.14939927E-30  0.20143618E-30
  0.48514851E+13 -0.15398432E-30  0.20225871E-30
  0.49009901E+13 -0.15751957E-30  0.20008342E-30
  0.49504950E+13 -0.15642409E-30  0.19951900E-30
  0.50000000E+13 -0.15751698E-30  0.20265145E-30
  0.50495050E+13 -0.16243831E-30  0.20520896E-30
  0.50990099E+13 -0.16728657E-30  0.20379264E-30
  0.51485149E+13 -0.16791554E-30  0.20230326E-30
  0.51980198E+13 -0.16857970E-30  0.20428642E-30
  0.52475248E+13 -0.17251304E-30  0.20708721E-30
  0.52970297E+13 -0.17769914E-30  0.20707475E-30
  0.53465347E+13 -0.17994665E-30  0.20591755E-30
  0.53960396E+13 -0.18226704E-30  0.20603482E-30
  0.54455446E+13 -0.18441375E-30  0.20711637E-30
  0.54950495E+13 -0.18741325E-30  0.20843697E-30
  0.55445545E+13 -0.19097902E-30  0.20952216E-30
  0.55940594E+13 -0.19492183E-30  0.20953739E-30
  0.56435644E+13 -0.19787307E-30  0.21003888E-30
  0.56930693E+13 -0.20072098E-30  0.21080605E-30
  0.57425743E+13 -0.20505280E-30  0.21168856E-30
  0.57920792E+13 -0.20883160E-30  0.21161610E-30
  0.58415842E+13 -0.21204185E-30  0.21195545E-30
  0.58910891E+13 -0.21532297E-30  0.21317442E-30
  0.59405941E+13 -0.21992718E-30  0.21316556E-30
  0.59900990E+13 -0.22304883E-30  0.21318980E-30
  0.60396040E+13 -0.22642943E-30  0.21469628E-30
  0.60891089E+13 -0.23179165E-30  0.21647743E-30
  0.61386139E+13 -0.23727679E-30  0.21501599E-30
  0.61881188E+13 -0.24006884E-30  0.21413428E-30
  0.62376238E+13 -0.24263142E-30  0.21579622E-30
  0.62871287E+13 -0.24875530E-30  0.21793873E-30
  0.63366337E+13 -0.25471313E-30  0.21672922E-30
  0.63861386E+13 -0.25829763E-30  0.21556676E-30
  0.64356436E+13 -0.26153176E-30  0.21735210E-30
  0.64851485E+13 -0.26760285E-30  0.21878778E-30
  0.65346535E+13 -0.27411195E-30  0.21784197E-30
  0.65841584E+13 -0.27822127E-30  0.21660666E-30
  0.66336634E+13 -0.28258422E-30  0.21742998E-30
  0.66831683E+13 -0.28850701E-30  0.21818943E-30
  0.67326733E+13 -0.29462569E-30  0.21739755E-30
  0.67821782E+13 -0.29937746E-30  0.21686296E-30
  0.68316832E+13 -0.30466570E-30  0.21762988E-30
  0.68811881E+13 -0.31184558E-30  0.21828337E-30
  0.69306931E+13 -0.31856354E-30  0.21630972E-30
  0.69801980E+13 -0.32365244E-30  0.21518565E-30
  0.70297030E+13 -0.32927774E-30  0.21573804E-30
  0.70792079E+13 -0.33697926E-30  0.21547829E-30
  0.71287129E+13 -0.34350953E-30  0.21334500E-30
  0.71782178E+13 -0.34856886E-30  0.21253920E-30
  0.72277228E+13 -0.35555895E-30  0.21338379E-30
  0.72772277E+13 -0.36423163E-30  0.21219255E-30
  0.73267327E+13 -0.37114846E-30  0.20963304E-30
  0.73762376E+13 -0.37740946E-30  0.20845999E-30
  0.74257426E+13 -0.38504894E-30  0.20793087E-30
  0.74752475E+13 -0.39361454E-30  0.20565165E-30
  0.75247525E+13 -0.40035866E-30  0.20330828E-30
  0.75742574E+13 -0.40773213E-30  0.20211732E-30
  0.76237624E+13 -0.41622496E-30  0.20082052E-30
  0.76732673E+13 -0.42499761E-30  0.19817000E-30
  0.77227723E+13 -0.43324028E-30  0.19508970E-30
  0.77722772E+13 -0.44114431E-30  0.19311358E-30
  0.78217822E+13 -0.45038673E-30  0.19067810E-30
  0.78712871E+13 -0.45975230E-30  0.18647350E-30
  0.79207921E+13 -0.46720225E-30  0.18307348E-30
  0.79702970E+13 -0.47625068E-30  0.18164252E-30
  0.80198020E+13 -0.48772798E-30  0.17763093E-30
  0.80693069E+13 -0.49631312E-30  0.17198122E-30
  0.81188119E+13 -0.50432232E-30  0.16883126E-30
  0.81683168E+13 -0.51594599E-30  0.16578014E-30
  0.82178218E+13 -0.52690923E-30  0.15892590E-30
  0.82673267E+13 -0.53451268E-30  0.15336723E-30
  0.83168317E+13 -0.54440719E-30  0.15022470E-30
  0.83663366E+13 -0.55703945E-30  0.14503638E-30
  0.84158416E+13 -0.56740875E-30  0.13732641E-30
  0.84653465E+13 -0.57666185E-30  0.13130337E-30
  0.85148515E+13 -0.58837737E-30  0.12639215E-30
  0.85643564E+13 -0.60145495E-30  0.11829927E-30
  0.86138614E+13 -0.61107657E-30  0.10878713E-30
  0.86633663E+13 -0.62035707E-30  0.10315156E-30
  0.87128713E+13 -0.63473966E-30  0.96100308E-31
  0.87623762E+13 -0.64635068E-30  0.85011790E-31
  0.88118812E+13 -0.65569086E-30  0.76395761E-31
  0.88613861E+13 -0.66902428E-30  0.69217642E-31
  0.89108911E+13 -0.68344983E-30  0.57062162E-31
  0.89603960E+13 -0.69325695E-30  0.45356805E-31
  0.90099010E+13 -0.70505201E-30  0.36076542E-31
  0.90594059E+13 -0.71971813E-30  0.24269250E-31
  0.91089109E+13 -0.73124937E-30  0.98215282E-32
  0.91584158E+13 -0.74192337E-30 -0.11260690E-32
  0.92079208E+13 -0.75743807E-30 -0.13567674E-31
  0.92574257E+13 -0.76998879E-30 -0.31235465E-31
  0.93069307E+13 -0.78014188E-30 -0.44744861E-31
  0.93564356E+13 -0.79639189E-30 -0.58799666E-31
  0.94059406E+13 -0.80823515E-30 -0.79047771E-31
  0.94554455E+13 -0.81826998E-30 -0.93407057E-31
  0.95049505E+13 -0.83588228E-30 -0.11048982E-30
  0.95544554E+13 -0.84742244E-30 -0.13312590E-30
  0.96039604E+13 -0.85958303E-30 -0.15033566E-30
  0.96534653E+13 -0.87451346E-30 -0.17314685E-30
  0.97029703E+13 -0.88440773E-30 -0.19471585E-30
  0.97524752E+13 -0.89878433E-30 -0.21801039E-30
  0.98019802E+13 -0.91125492E-30 -0.24118811E-30
  0.98514851E+13 -0.92734762E-30 -0.26886882E-30
  0.99009901E+13 -0.93436871E-30 -0.29507434E-30
  0.99504950E+13 -0.95350845E-30 -0.32276600E-30
  0.10000000E+14 -0.96322668E-30 -0.35478794E-30
  0.10049505E+14 -0.97530400E-30 -0.38666118E-30
  0.10099010E+14 -0.99230654E-30 -0.41988827E-30
  0.10148515E+14 -0.10054912E-29 -0.45870495E-30
  0.10198020E+14 -0.10205583E-29 -0.49694173E-30
  0.10247525E+14 -0.10448963E-29 -0.55477208E-30
  0.10297030E+14 -0.10399198E-29 -0.62182185E-30
  0.10346535E+14 -0.10307522E-29 -0.67934240E-30
  0.10396040E+14 -0.10137634E-29 -0.73911174E-30
  0.10445545E+14 -0.99316478E-30 -0.78988069E-30
  0.10495050E+14 -0.97235858E-30 -0.84261571E-30
  0.10544554E+14 -0.94365252E-30 -0.89044406E-30
  0.10594059E+14 -0.91685287E-30 -0.93584404E-30
  0.10643564E+14 -0.88414885E-30 -0.98173447E-30
  0.10693069E+14 -0.85071132E-30 -0.10235041E-29
  0.10742574E+14 -0.81486682E-30 -0.10659666E-29
  0.10792079E+14 -0.77860849E-30 -0.11027904E-29
  0.10841584E+14 -0.74027166E-30 -0.11418210E-29
  0.10891089E+14 -0.69759178E-30 -0.11748425E-29
  0.10940594E+14 -0.65479146E-30 -0.12096528E-29
  0.10990099E+14 -0.61127738E-30 -0.12413526E-29
  0.11039604E+14 -0.56555124E-30 -0.12717091E-29
  0.11089109E+14 -0.51594097E-30 -0.12992425E-29
  0.11138614E+14 -0.46579701E-30 -0.13259093E-29
  0.11188119E+14 -0.41305797E-30 -0.13499813E-29
  0.11237624E+14 -0.36231015E-30 -0.13726416E-29
  0.11287129E+14 -0.30660263E-30 -0.13919697E-29
  0.11336634E+14 -0.24679670E-30 -0.14113119E-29
  0.11386139E+14 -0.18645811E-30 -0.14276340E-29
  0.11435644E+14 -0.12867185E-30 -0.14412830E-29
  0.11485149E+14 -0.63265537E-31 -0.14524444E-29
  0.11534653E+14  0.52714114E-32 -0.14590679E-29
  0.11584158E+14  0.75492052E-31 -0.14663602E-29
  0.11633663E+14  0.14885803E-30 -0.14691380E-29
  0.11683168E+14  0.22546514E-30 -0.14667377E-29
  0.11732673E+14  0.30637456E-30 -0.14606715E-29
  0.11782178E+14  0.39160796E-30 -0.14498187E-29
  0.11831683E+14  0.48334316E-30 -0.14326835E-29
  0.11881188E+14  0.58026906E-30 -0.14092679E-29
  0.11930693E+14  0.68885002E-30 -0.13758861E-29
  0.11980198E+14  0.80889305E-30 -0.13316635E-29
  0.12029703E+14  0.94882249E-30 -0.12526009E-29
  0.12079208E+14  0.10890833E-29 -0.11426466E-29
  0.12128713E+14  0.12368914E-29 -0.98891380E-30
  0.12178218E+14  0.14036794E-29 -0.75539834E-30
  0.12227723E+14  0.15809214E-29 -0.24682150E-30
  0.12277228E+14  0.96473835E-30  0.17430062E-30
  0.12326733E+14  0.70637782E-30  0.62937036E-31
  0.12376238E+14  0.56232283E-30  0.95205908E-32
  0.12425743E+14  0.45948087E-30 -0.31411681E-31
  0.12475248E+14  0.38415968E-30 -0.63184592E-31
  0.12524752E+14  0.32151645E-30 -0.95283735E-31
  0.12574257E+14  0.27120045E-30 -0.12010414E-30
  0.12623762E+14  0.22714463E-30 -0.14731150E-30
  0.12673267E+14  0.19184296E-30 -0.16950346E-30
  0.12722772E+14  0.15685514E-30 -0.19316434E-30
  0.12772277E+14  0.12982430E-30 -0.21700107E-30
  0.12821782E+14  0.10341623E-30 -0.23781526E-30
  0.12871287E+14  0.81127193E-31 -0.26222037E-30
  0.12920792E+14  0.63653663E-31 -0.28289172E-30
  0.12970297E+14  0.44431474E-31 -0.30476439E-30
  0.13019802E+14  0.29513470E-31 -0.32877712E-30
  0.13069307E+14  0.18243233E-31 -0.34997657E-30
  0.13118812E+14  0.57201703E-32 -0.37262020E-30
  0.13168317E+14 -0.26968502E-32 -0.39623485E-30
  0.13217822E+14 -0.84750092E-32 -0.41747642E-30
  0.13267327E+14 -0.15870840E-31 -0.44010356E-30
  0.13316832E+14 -0.19503380E-31 -0.46430380E-30
  0.13366337E+14 -0.19602135E-31 -0.48649027E-30
  0.13415842E+14 -0.20593256E-31 -0.50795976E-30
  0.13465347E+14 -0.19425163E-31 -0.53090117E-30
  0.13514851E+14 -0.14674387E-31 -0.55244362E-30
  0.13564356E+14 -0.10258690E-31 -0.57108916E-30
  0.13613861E+14 -0.61512065E-32 -0.59039373E-30
  0.13663366E+14 -0.42660017E-33 -0.60951364E-30
  0.13712871E+14  0.53603494E-32 -0.62670477E-30
  0.13762376E+14  0.93861685E-32 -0.64472192E-30
  0.13811881E+14  0.14712709E-31 -0.66433414E-30
  0.13861386E+14  0.21789258E-31 -0.68322267E-30
  0.13910891E+14  0.27465180E-31 -0.70128154E-30
  0.13960396E+14  0.32763163E-31 -0.72130474E-30
  0.14009901E+14  0.39161050E-31 -0.74259785E-30
  0.14059406E+14  0.46184528E-31 -0.76389556E-30
  0.14108911E+14  0.52464542E-31 -0.78604142E-30
  0.14158416E+14  0.58745095E-31 -0.81023870E-30
  0.14207921E+14  0.65745934E-31 -0.83608160E-30
  0.14257426E+14  0.72545495E-31 -0.86354848E-30
  0.14306931E+14  0.79142151E-31 -0.89382058E-30
  0.14356436E+14  0.86142370E-31 -0.92728663E-30
  0.14405941E+14  0.92970999E-31 -0.96407270E-30
  0.14455446E+14  0.99139608E-31 -0.10058285E-29
  0.14504950E+14  0.10525069E-30 -0.10545810E-29
  0.14554455E+14  0.11177649E-30 -0.11109706E-29
  0.14603960E+14  0.11710883E-30 -0.11779470E-29
  0.14653465E+14  0.12077934E-30 -0.12617783E-29
  0.14702970E+14  0.12430362E-30 -0.13693798E-29
  0.14752475E+14  0.12532210E-30 -0.15109644E-29
  0.14801980E+14  0.22517538E-31 -0.17357146E-29
  0.14851485E+14  0.10689314E-30 -0.26278820E-29
  0.14900990E+14  0.15679113E-29 -0.25214679E-29
  0.14950495E+14  0.17649357E-29 -0.19832851E-29
  0.15000000E+14  0.18974467E-29 -0.16979438E-29
  0.15049505E+14  0.20230581E-29 -0.14873109E-29
  0.15099010E+14  0.21861283E-29 -0.12925163E-29
  0.15148515E+14  0.23623683E-29 -0.10607546E-29
  0.15198020E+14  0.26193192E-29 -0.72753887E-30
  0.15247525E+14  0.29219720E-29  0.33190608E-30
  0.15297030E+14  0.15653135E-29  0.37278058E-30
  0.15346535E+14  0.14858341E-29  0.52841114E-31
  0.15396040E+14  0.15023977E-29 -0.39929902E-31
  0.15445545E+14  0.15452853E-29 -0.38001215E-31
  0.15495050E+14  0.15613559E-29  0.15622504E-31
  0.15544554E+14  0.15744397E-29  0.87889117E-31
  0.15594059E+14  0.15675771E-29  0.17772322E-30
  0.15643564E+14  0.15290639E-29  0.27029484E-30
  0.15693069E+14  0.14937769E-29  0.36433641E-30
  0.15742574E+14  0.14200791E-29  0.43571681E-30
  0.15792079E+14  0.13574409E-29  0.50004747E-30
  0.15841584E+14  0.13026273E-29  0.56367972E-30
  0.15891089E+14  0.12246633E-29  0.63303542E-30
  0.15940594E+14  0.11341183E-29  0.69409654E-30
  0.15990099E+14  0.10381642E-29  0.73074641E-30
  0.16039604E+14  0.93823108E-30  0.75903250E-30
  0.16089109E+14  0.83836378E-30  0.77449394E-30
  0.16138614E+14  0.73359759E-30  0.77587661E-30
  0.16188119E+14  0.62526935E-30  0.75517234E-30
  0.16237624E+14  0.53147904E-30  0.71465187E-30
  0.16287129E+14  0.45035233E-30  0.66593791E-30
  0.16336634E+14  0.38097901E-30  0.60350647E-30
  0.16386139E+14  0.32793937E-30  0.53246377E-30
  0.16435644E+14  0.29338967E-30  0.44477003E-30
  0.16485149E+14  0.30411099E-30  0.34674948E-30
  0.16534653E+14  0.45797548E-30  0.31825578E-30
  0.16584158E+14  0.35765228E-30  0.46729287E-30
  0.16633663E+14  0.24016792E-30  0.42172617E-30
  0.16683168E+14  0.18002389E-30  0.35455852E-30
  0.16732673E+14  0.31432591E-32  0.31000393E-30
  0.16782178E+14 -0.69242297E-31 -0.24192940E-31
  0.16831683E+14  0.36817980E-30 -0.30287229E-30
  0.16881188E+14  0.44531477E-30 -0.10991298E-30
  0.16930693E+14  0.48375185E-30 -0.77399083E-31
  0.16980198E+14  0.51857557E-30 -0.53314231E-31
  0.17029703E+14  0.54414057E-30 -0.48656206E-31
  0.17079208E+14  0.57591335E-30 -0.42301981E-31
  0.17128713E+14  0.61522665E-30 -0.40873795E-31
  0.17178218E+14  0.66261785E-30 -0.27193158E-31
  0.17227723E+14  0.71895436E-30 -0.43208382E-32
  0.17277228E+14  0.78806363E-30  0.69382776E-31
  0.17326733E+14  0.69712824E-30  0.15732663E-30
  0.17376238E+14  0.71610492E-30  0.74054083E-31
  0.17425743E+14  0.87191042E-30  0.11781611E-30
  0.17475248E+14  0.82216011E-30  0.22755850E-30
  0.17524752E+14  0.80799393E-30  0.27018236E-30
  0.17574257E+14  0.80028635E-30  0.30507238E-30
  0.17623762E+14  0.78919438E-30  0.34266433E-30
  0.17673267E+14  0.77970129E-30  0.37754849E-30
  0.17722772E+14  0.76360389E-30  0.41088132E-30
  0.17772277E+14  0.75170574E-30  0.44320451E-30
  0.17821782E+14  0.73409980E-30  0.47510768E-30
  0.17871287E+14  0.71359688E-30  0.50768537E-30
  0.17920792E+14  0.69320626E-30  0.53761526E-30
  0.17970297E+14  0.65330857E-30  0.56657381E-30
  0.18019802E+14  0.63740353E-30  0.53333044E-30
  0.18069307E+14  0.69193895E-30  0.55961279E-30
  0.18118812E+14  0.67570675E-30  0.72307027E-30
  0.18168317E+14  0.55492748E-30  0.74749713E-30
  0.18217822E+14  0.48702251E-30  0.74250451E-30
  0.18267327E+14  0.43675234E-30  0.73546785E-30
  0.18316832E+14  0.39288853E-30  0.72764547E-30
  0.18366337E+14  0.35572406E-30  0.71913967E-30
  0.18415842E+14  0.31959613E-30  0.71083896E-30
  0.18465347E+14  0.28802049E-30  0.69993477E-30
  0.18514851E+14  0.25777940E-30  0.69026060E-30
  0.18564356E+14  0.23030820E-30  0.67866320E-30
  0.18613861E+14  0.20287532E-30  0.66720318E-30
  0.18663366E+14  0.17763726E-30  0.65450161E-30
  0.18712871E+14  0.15447451E-30  0.64124446E-30
  0.18762376E+14  0.13163678E-30  0.62710672E-30
  0.18811881E+14  0.10947264E-30  0.61266890E-30
  0.18861386E+14  0.88203136E-31  0.59640375E-30
  0.18910891E+14  0.68188456E-31  0.57908645E-30
  0.18960396E+14  0.49834947E-31  0.55955801E-30
  0.19009901E+14  0.31582686E-31  0.53717169E-30
  0.19059406E+14  0.20935071E-31  0.50676856E-30
  0.19108911E+14  0.19448468E-31  0.48461634E-30
  0.19158416E+14  0.18704025E-31  0.46625419E-30
  0.19207921E+14  0.18389014E-31  0.45039227E-30
  0.19257426E+14  0.18881459E-31  0.43679323E-30
  0.19306931E+14  0.19564302E-31  0.42538902E-30
  0.19356436E+14  0.19484495E-31  0.41557241E-30
  0.19405941E+14  0.18902106E-31  0.40661638E-30
  0.19455446E+14  0.18144596E-31  0.39821579E-30
  0.19504950E+14  0.17288457E-31  0.39035923E-30
  0.19554455E+14  0.16077045E-31  0.38302829E-30
  0.19603960E+14  0.14904070E-31  0.37586002E-30
  0.19653465E+14  0.13909847E-31  0.36902863E-30
  0.19702970E+14  0.12842184E-31  0.36266876E-30
  0.19752475E+14  0.11752257E-31  0.35658670E-30
  0.19801980E+14  0.10619932E-31  0.35073776E-30
  0.19851485E+14  0.95594581E-32  0.34512872E-30
  0.19900990E+14  0.85119828E-32  0.33968666E-30
  0.19950495E+14  0.75353428E-32  0.33449385E-30
  0.20000000E+14  0.66042641E-32  0.32959119E-30
  0.20049505E+14  0.55998647E-32  0.32482681E-30
  0.20099010E+14  0.46450514E-32  0.32019894E-30
  0.20148515E+14  0.37897654E-32  0.31573232E-30
  0.20198020E+14  0.29046100E-32  0.31144541E-30
  0.20247525E+14  0.21163854E-32  0.30732056E-30
  0.20297030E+14  0.13121803E-32  0.30334956E-30
  0.20346535E+14  0.49849672E-33  0.29950608E-30
  0.20396040E+14 -0.22746730E-33  0.29574264E-30
  0.20445545E+14 -0.94052939E-33  0.29212030E-30
  0.20495050E+14 -0.15831519E-32  0.28863965E-30
  0.20544554E+14 -0.22026017E-32  0.28525514E-30
  0.20594059E+14 -0.28012556E-32  0.28199168E-30
  0.20643564E+14 -0.33135320E-32  0.27884507E-30
  0.20693069E+14 -0.37792158E-32  0.27579218E-30
  0.20742574E+14 -0.41657219E-32  0.27292352E-30
  0.20792079E+14 -0.44815437E-32  0.27025700E-30
  0.20841584E+14 -0.48388254E-32  0.26777120E-30
  0.20891089E+14 -0.52530834E-32  0.26545136E-30
  0.20940594E+14 -0.57271755E-32  0.26327219E-30
  0.20990099E+14 -0.62592743E-32  0.26114933E-30
  0.21039604E+14 -0.67808197E-32  0.25915716E-30
  0.21089109E+14 -0.74139223E-32  0.25725896E-30
  0.21138614E+14 -0.80720834E-32  0.25543070E-30
  0.21188119E+14 -0.87684817E-32  0.25367295E-30
  0.21237624E+14 -0.95727057E-32  0.25199362E-30
  0.21287129E+14 -0.10414804E-31  0.25034020E-30
  0.21336634E+14 -0.11318518E-31  0.24876716E-30
  0.21386139E+14 -0.12271082E-31  0.24719959E-30
  0.21435644E+14 -0.13242970E-31  0.24563499E-30
  0.21485149E+14 -0.14253085E-31  0.24412905E-30
  0.21534653E+14 -0.15355816E-31  0.24264488E-30
  0.21584158E+14 -0.16513580E-31  0.24114623E-30
  0.21633663E+14 -0.17692500E-31  0.23965372E-30
  0.21683168E+14 -0.18945866E-31  0.23813086E-30
  0.21732673E+14 -0.20194604E-31  0.23657200E-30
  0.21782178E+14 -0.21431748E-31  0.23498802E-30
  0.21831683E+14 -0.22812447E-31  0.23334633E-30
  0.21881188E+14 -0.24148599E-31  0.23165227E-30
  0.21930693E+14 -0.25471801E-31  0.22988790E-30
  0.21980198E+14 -0.26813286E-31  0.22803990E-30
  0.22029703E+14 -0.28057991E-31  0.22605357E-30
  0.22079208E+14 -0.29238863E-31  0.22392437E-30
  0.22128713E+14 -0.30217573E-31  0.22165103E-30
  0.22178218E+14 -0.30732825E-31  0.21939511E-30
  0.22227723E+14 -0.31065804E-31  0.21749288E-30
  0.22277228E+14 -0.31423247E-31  0.21582948E-30
  0.22326733E+14 -0.31821844E-31  0.21427922E-30
  0.22376238E+14 -0.32258348E-31  0.21278760E-30
  0.22425743E+14 -0.32642111E-31  0.21147242E-30
  0.22475248E+14 -0.33095181E-31  0.21019920E-30
  0.22524752E+14 -0.33583641E-31  0.20897785E-30
  0.22574257E+14 -0.34164333E-31  0.20776271E-30
  0.22623762E+14 -0.34712235E-31  0.20657041E-30
  0.22673267E+14 -0.35242495E-31  0.20549597E-30
  0.22722772E+14 -0.35784074E-31  0.20444362E-30
  0.22772277E+14 -0.36450280E-31  0.20343934E-30
  0.22821782E+14 -0.37068211E-31  0.20242497E-30
  0.22871287E+14 -0.37711184E-31  0.20139423E-30
  0.22920792E+14 -0.38372627E-31  0.20044136E-30
  0.22970297E+14 -0.39009280E-31  0.19948726E-30
  0.23019802E+14 -0.39642740E-31  0.19860248E-30
  0.23069307E+14 -0.40422391E-31  0.19774452E-30
  0.23118812E+14 -0.41165682E-31  0.19686088E-30
  0.23168317E+14 -0.41916732E-31  0.19597270E-30
  0.23217822E+14 -0.42635505E-31  0.19508308E-30
  0.23267327E+14 -0.43360278E-31  0.19427876E-30
  0.23316832E+14 -0.44154668E-31  0.19348243E-30
  0.23366337E+14 -0.44946179E-31  0.19269143E-30
  0.23415842E+14 -0.45788406E-31  0.19189519E-30
  0.23465347E+14 -0.46641492E-31  0.19105999E-30
  0.23514851E+14 -0.47393725E-31  0.19023900E-30
  0.23564356E+14 -0.48201269E-31  0.18949715E-30
  0.23613861E+14 -0.49068005E-31  0.18878324E-30
  0.23663366E+14 -0.49947968E-31  0.18803537E-30
  0.23712871E+14 -0.50855732E-31  0.18727043E-30
  0.23762376E+14 -0.51743148E-31  0.18649550E-30
  0.23811881E+14 -0.52608622E-31  0.18573619E-30
  0.23861386E+14 -0.53467934E-31  0.18501787E-30
  0.23910891E+14 -0.54394963E-31  0.18434276E-30
  0.23960396E+14 -0.55353254E-31  0.18363732E-30
  0.24009901E+14 -0.56354781E-31  0.18286074E-30
  0.24059406E+14 -0.57260780E-31  0.18209920E-30
  0.24108911E+14 -0.58160423E-31  0.18136531E-30
  0.24158416E+14 -0.59100773E-31  0.18069404E-30
  0.24207921E+14 -0.60087012E-31  0.18000202E-30
  0.24257426E+14 -0.61104010E-31  0.17931217E-30
  0.24306931E+14 -0.62118148E-31  0.17855319E-30
  0.24356436E+14 -0.63114930E-31  0.17778855E-30
  0.24405941E+14 -0.64034168E-31  0.17705746E-30
  0.24455446E+14 -0.65036037E-31  0.17640440E-30
  0.24504950E+14 -0.66099882E-31  0.17573507E-30
  0.24554455E+14 -0.67198388E-31  0.17498433E-30
  0.24603960E+14 -0.68229500E-31  0.17418491E-30
  0.24653465E+14 -0.69209982E-31  0.17342998E-30
  0.24702970E+14 -0.70216267E-31  0.17274560E-30
  0.24752475E+14 -0.71273044E-31  0.17206088E-30
  0.24801980E+14 -0.72385997E-31  0.17135712E-30
  0.24851485E+14 -0.73513752E-31  0.17058871E-30
  0.24900990E+14 -0.74597551E-31  0.16977712E-30
  0.24950495E+14 -0.75609703E-31  0.16898865E-30
  0.25000000E+14 -0.76649726E-31  0.16829719E-30
  0.25049505E+14 -0.77770520E-31  0.16761581E-30
  0.25099010E+14 -0.78977477E-31  0.16684431E-30
  0.25148515E+14 -0.80109790E-31  0.16597502E-30
  0.25198020E+14 -0.81151713E-31  0.16515169E-30
  0.25247525E+14 -0.82191907E-31  0.16441737E-30
  0.25297030E+14 -0.83351609E-31  0.16369196E-30
  0.25346535E+14 -0.84533581E-31  0.16292128E-30
  0.25396040E+14 -0.85737793E-31  0.16206379E-30
  0.25445545E+14 -0.86855649E-31  0.16119271E-30
  0.25495050E+14 -0.87943183E-31  0.16034248E-30
  0.25544554E+14 -0.89051435E-31  0.15959246E-30
  0.25594059E+14 -0.90245775E-31  0.15880978E-30
  0.25643564E+14 -0.91536123E-31  0.15796476E-30
  0.25693069E+14 -0.92689239E-31  0.15698697E-30
  0.25742574E+14 -0.93786498E-31  0.15607291E-30
  0.25792079E+14 -0.94870995E-31  0.15528796E-30
  0.25841584E+14 -0.96124597E-31  0.15448739E-30
  0.25891089E+14 -0.97406993E-31  0.15358628E-30
  0.25940594E+14 -0.98614336E-31  0.15256832E-30
  0.25990099E+14 -0.99741936E-31  0.15161234E-30
  0.26039604E+14 -0.10086652E-30  0.15072635E-30
  0.26089109E+14 -0.10208877E-30  0.14986282E-30
  0.26138614E+14 -0.10338157E-30  0.14894730E-30
  0.26188119E+14 -0.10464869E-30  0.14789830E-30
  0.26237624E+14 -0.10582065E-30  0.14682642E-30
  0.26287129E+14 -0.10691053E-30  0.14586503E-30
  0.26336634E+14 -0.10812143E-30  0.14497246E-30
  0.26386139E+14 -0.10946787E-30  0.14403457E-30
  0.26435644E+14 -0.11079094E-30  0.14287104E-30
  0.26485149E+14 -0.11193539E-30  0.14172485E-30
  0.26534653E+14 -0.11302665E-30  0.14072059E-30
  0.26584158E+14 -0.11429402E-30  0.13977943E-30
  0.26633663E+14 -0.11563640E-30  0.13871927E-30
  0.26683168E+14 -0.11695477E-30  0.13749917E-30
  0.26732673E+14 -0.11810221E-30  0.13629668E-30
  0.26782178E+14 -0.11924294E-30  0.13520515E-30
  0.26831683E+14 -0.12048419E-30  0.13417445E-30
  0.26881188E+14 -0.12184402E-30  0.13305218E-30
  0.26930693E+14 -0.12318144E-30  0.13176093E-30
  0.26980198E+14 -0.12433445E-30  0.13044041E-30
  0.27029703E+14 -0.12544195E-30  0.12929290E-30
  0.27079208E+14 -0.12672338E-30  0.12820972E-30
  0.27128713E+14 -0.12815717E-30  0.12697204E-30
  0.27178218E+14 -0.12942187E-30  0.12551780E-30
  0.27227723E+14 -0.13052128E-30  0.12415952E-30
  0.27277228E+14 -0.13165693E-30  0.12300269E-30
  0.27326733E+14 -0.13303158E-30  0.12177382E-30
  0.27376238E+14 -0.13443061E-30  0.12035181E-30
  0.27425743E+14 -0.13559863E-30  0.11884648E-30
  0.27475248E+14 -0.13671152E-30  0.11747520E-30
  0.27524752E+14 -0.13794803E-30  0.11618948E-30
  0.27574257E+14 -0.13930154E-30  0.11482370E-30
  0.27623762E+14 -0.14063084E-30  0.11324721E-30
  0.27673267E+14 -0.14178121E-30  0.11165610E-30
  0.27722772E+14 -0.14287832E-30  0.11026386E-30
  0.27772277E+14 -0.14417702E-30  0.10888093E-30
  0.27821782E+14 -0.14561085E-30  0.10727196E-30
  0.27871287E+14 -0.14675418E-30  0.10552594E-30
  0.27920792E+14 -0.14777707E-30  0.10398316E-30
  0.27970297E+14 -0.14905099E-30  0.10255450E-30
  0.28019802E+14 -0.15047977E-30  0.10089159E-30
  0.28069307E+14 -0.15165244E-30  0.99026126E-31
  0.28118812E+14 -0.15265395E-30  0.97344649E-31
  0.28168317E+14 -0.15387851E-30  0.95792759E-31
  0.28217822E+14 -0.15523609E-30  0.94068834E-31
  0.28267327E+14 -0.15645552E-30  0.92124873E-31
  0.28316832E+14 -0.15748149E-30  0.90272644E-31
  0.28366337E+14 -0.15857991E-30  0.88590564E-31
  0.28415842E+14 -0.15989610E-30  0.86836508E-31
  0.28465347E+14 -0.16119190E-30  0.84764411E-31
  0.28514851E+14 -0.16214270E-30  0.82717647E-31
  0.28564356E+14 -0.16316397E-30  0.80960731E-31
  0.28613861E+14 -0.16450538E-30  0.79114594E-31
  0.28663366E+14 -0.16576637E-30  0.76844643E-31
  0.28712871E+14 -0.16660962E-30  0.74707688E-31
  0.28762376E+14 -0.16763726E-30  0.72878752E-31
  0.28811881E+14 -0.16899489E-30  0.70805777E-31
  0.28861386E+14 -0.17009282E-30  0.68398947E-31
  0.28910891E+14 -0.17088752E-30  0.66235873E-31
  0.28960396E+14 -0.17199896E-30  0.64210404E-31
  0.29009901E+14 -0.17326465E-30  0.61903977E-31
  0.29059406E+14 -0.17419471E-30  0.59410503E-31
  0.29108911E+14 -0.17502903E-30  0.57146133E-31
  0.29158416E+14 -0.17610386E-30  0.54936975E-31
  0.29207921E+14 -0.17726106E-30  0.52381444E-31
  0.29257426E+14 -0.17802091E-30  0.49768219E-31
  0.29306931E+14 -0.17886678E-30  0.47480652E-31
  0.29356436E+14 -0.18005010E-30  0.45002096E-31
  0.29405941E+14 -0.18088681E-30  0.42098622E-31
  0.29455446E+14 -0.18148432E-30  0.39573383E-31
  0.29504950E+14 -0.18252303E-30  0.37137679E-31
  0.29554455E+14 -0.18352359E-30  0.34092610E-31
  0.29603960E+14 -0.18395671E-30  0.31264705E-31
  0.29653465E+14 -0.18483075E-30  0.28737439E-31
  0.29702970E+14 -0.18585010E-30  0.25670834E-31
  0.29752475E+14 -0.18625476E-30  0.22587528E-31
  0.29801980E+14 -0.18691425E-30  0.19831585E-31
  0.29851485E+14 -0.18784936E-30  0.16727801E-31
  0.29900990E+14 -0.18827747E-30  0.13398823E-31
  0.29950495E+14 -0.18866765E-30  0.10422095E-31
  0.30000000E+14 -0.18952413E-30  0.72379186E-32
  0.30049505E+14 -0.18988065E-30  0.36513007E-32
  0.30099010E+14 -0.19011259E-30  0.53711397E-33
  0.30148515E+14 -0.19089014E-30 -0.28963926E-32
  0.30198020E+14 -0.19096233E-30 -0.67139111E-32
  0.30247525E+14 -0.19114714E-30 -0.99199157E-32
  0.30297030E+14 -0.19175510E-30 -0.13760648E-31
  0.30346535E+14 -0.19149849E-30 -0.17615047E-31
  0.30396040E+14 -0.19181015E-30 -0.21092939E-31
  0.30445545E+14 -0.19203284E-30 -0.25409850E-31
  0.30495050E+14 -0.19166314E-30 -0.29209638E-31
  0.30544554E+14 -0.19194582E-30 -0.33241881E-31
  0.30594059E+14 -0.19150118E-30 -0.37697065E-31
  0.30643564E+14 -0.19119297E-30 -0.41703585E-31
  0.30693069E+14 -0.19111770E-30 -0.46360577E-31
  0.30742574E+14 -0.19029273E-30 -0.50875219E-31
  0.30792079E+14 -0.19006048E-30 -0.55407031E-31
  0.30841584E+14 -0.18909625E-30 -0.60555241E-31
  0.30891089E+14 -0.18835672E-30 -0.65150863E-31
  0.30940594E+14 -0.18755953E-30 -0.70710940E-31
  0.30990099E+14 -0.18617299E-30 -0.75701240E-31
  0.31039604E+14 -0.18541361E-30 -0.81700964E-31
  0.31089109E+14 -0.18334639E-30 -0.87320171E-31
  0.31138614E+14 -0.18239482E-30 -0.93993302E-31
  0.31188119E+14 -0.18056763E-30 -0.10150311E-30
  0.31237624E+14 -0.17574076E-30 -0.11084066E-30
  0.31287129E+14 -0.16958194E-30 -0.11687550E-30
  0.31336634E+14 -0.16379906E-30 -0.12285461E-30
  0.31386139E+14 -0.15767134E-30 -0.12801903E-30
  0.31435644E+14 -0.15064265E-30 -0.13294505E-30
  0.31485149E+14 -0.14386365E-30 -0.13699722E-30
  0.31534653E+14 -0.13731259E-30 -0.14091371E-30
  0.31584158E+14 -0.13063216E-30 -0.14412010E-30
  0.31633663E+14 -0.12254919E-30 -0.14695578E-30
  0.31683168E+14 -0.11533990E-30 -0.14971772E-30
  0.31732673E+14 -0.10860020E-30 -0.15166748E-30
  0.31782178E+14 -0.10041739E-30 -0.15313498E-30
  0.31831683E+14 -0.92490589E-31 -0.15437082E-30
  0.31881188E+14 -0.85065816E-31 -0.15502567E-30
  0.31930693E+14 -0.77803240E-31 -0.15525903E-30
  0.31980198E+14 -0.69943445E-31 -0.15479936E-30
  0.32029703E+14 -0.61831627E-31 -0.15391410E-30
  0.32079208E+14 -0.54106786E-31 -0.15278914E-30
  0.32128713E+14 -0.46493970E-31 -0.15064492E-30
  0.32178218E+14 -0.39254251E-31 -0.14847714E-30
  0.32227723E+14 -0.31519779E-31 -0.14531440E-30
  0.32277228E+14 -0.23671155E-31 -0.14111884E-30
  0.32326733E+14 -0.17333604E-31 -0.13586221E-30
  0.32376238E+14 -0.10779617E-31 -0.13154275E-30
  0.32425743E+14 -0.64968295E-32 -0.12908522E-30
  0.32475248E+14  0.00000000E+00 -0.11138469E-30
  0.32524752E+14  0.00000000E+00 -0.10700101E-30
  0.32574257E+14  0.00000000E+00 -0.10165490E-30
  0.32623762E+14  0.00000000E+00 -0.97083464E-31
  0.32673267E+14  0.00000000E+00 -0.93070047E-31
  0.32722772E+14  0.00000000E+00 -0.89481158E-31
  0.32772277E+14  0.00000000E+00 -0.86229761E-31
  0.32821782E+14  0.00000000E+00 -0.83255317E-31
  0.32871287E+14  0.00000000E+00 -0.80513554E-31
  0.32920792E+14  0.00000000E+00 -0.77970837E-31
  0.32970297E+14  0.00000000E+00 -0.75600843E-31
  0.33019802E+14  0.00000000E+00 -0.73382475E-31
  0.33069307E+14  0.00000000E+00 -0.71298498E-31
  0.33118812E+14  0.00000000E+00 -0.69334605E-31
  0.33168317E+14  0.00000000E+00 -0.67478759E-31
  0.33217822E+14  0.00000000E+00 -0.65720714E-31
  0.33267327E+14  0.00000000E+00 -0.64051665E-31
  0.33316832E+14  0.00000000E+00 -0.62463976E-31
  0.33366337E+14  0.00000000E+00 -0.60950976E-31
  0.33415842E+14  0.00000000E+00 -0.59506796E-31
  0.33465347E+14  0.00000000E+00 -0.58126244E-31
  0.33514851E+14  0.00000000E+00 -0.56804696E-31
  0.33564356E+14  0.00000000E+00 -0.55538021E-31
  0.33613861E+14  0.00000000E+00 -0.54322505E-31
  0.33663366E+14  0.00000000E+00 -0.53154800E-31
  0.33712871E+14  0.00000000E+00 -0.52031872E-31
  0.33762376E+14  0.00000000E+00 -0.50950966E-31
  0.33811881E+14  0.00000000E+00 -0.49909571E-31
  0.33861386E+14  0.00000000E+00 -0.48905391E-31
  0.33910891E+14  0.00000000E+00 -0.47936319E-31
  0.33960396E+14  0.00000000E+00 -0.47000422E-31
  0.34009901E+14  0.00000000E+00 -0.46095915E-31
  0.34059406E+14  0.00000000E+00 -0.45221151E-31
  0.34108911E+14  0.00000000E+00 -0.44374607E-31
  0.34158416E+14  0.00000000E+00 -0.43554869E-31
  0.34207921E+14  0.00000000E+00 -0.42760624E-31
  0.34257426E+14  0.00000000E+00 -0.41990648E-31
  0.34306931E+14  0.00000000E+00 -0.41243803E-31
  0.34356436E+14  0.00000000E+00 -0.40519022E-31
  0.34405941E+14  0.00000000E+00 -0.39815311E-31
  0.34455446E+14  0.00000000E+00 -0.39131736E-31
  0.34504950E+14  0.00000000E+00 -0.38467423E-31
  0.34554455E+14  0.00000000E+00 -0.37821550E-31
  0.34603960E+14  0.00000000E+00 -0.37193343E-31
  0.34653465E+14  0.00000000E+00 -0.36582075E-31
  0.34702970E+14  0.00000000E+00 -0.35987059E-31
  0.34752475E+14  0.00000000E+00 -0.35407649E-31
  0.34801980E+14  0.00000000E+00 -0.34843233E-31
  0.34851485E+14  0.00000000E+00 -0.34293231E-31
  0.34900990E+14  0.00000000E+00 -0.33757097E-31
  0.34950495E+14  0.00000000E+00 -0.33234311E-31
  0.35000000E+14  0.00000000E+00 -0.32724382E-31
  0.35049505E+14  0.00000000E+00 -0.32226841E-31
  0.35099010E+14  0.00000000E+00 -0.31741246E-31
  0.35148515E+14  0.00000000E+00 -0.31267175E-31
  0.35198020E+14  0.00000000E+00 -0.30804225E-31
  0.35247525E+14  0.00000000E+00 -0.30352015E-31
  0.35297030E+14  0.00000000E+00 -0.29910181E-31
  0.35346535E+14  0.00000000E+00 -0.29478374E-31
  0.35396040E+14  0.00000000E+00 -0.29056264E-31
  0.35445545E+14  0.00000000E+00 -0.28643533E-31
  0.35495050E+14  0.00000000E+00 -0.28239880E-31
  0.35544554E+14  0.00000000E+00 -0.27845014E-31
  0.35594059E+14  0.00000000E+00 -0.27458660E-31
  0.35643564E+14  0.00000000E+00 -0.27080553E-31
  0.35693069E+14  0.00000000E+00 -0.26710438E-31
  0.35742574E+14  0.00000000E+00 -0.26348073E-31
  0.35792079E+14  0.00000000E+00 -0.25993224E-31
  0.35841584E+14  0.00000000E+00 -0.25645668E-31
  0.35891089E+14  0.00000000E+00 -0.25305191E-31
  0.35940594E+14  0.00000000E+00 -0.24971586E-31
  0.35990099E+14  0.00000000E+00 -0.24644654E-31
  0.36039604E+14  0.00000000E+00 -0.24324207E-31
  0.36089109E+14  0.00000000E+00 -0.24010060E-31
  0.36138614E+14  0.00000000E+00 -0.23702038E-31
  0.36188119E+14  0.00000000E+00 -0.23399971E-31
  0.36237624E+14  0.00000000E+00 -0.23103696E-31
  0.36287129E+14  0.00000000E+00 -0.22813056E-31
  0.36336634E+14  0.00000000E+00 -0.22527899E-31
  0.36386139E+14  0.00000000E+00 -0.22248079E-31
  0.36435644E+14  0.00000000E+00 -0.21973456E-31
  0.36485149E+14  0.00000000E+00 -0.21703893E-31
  0.36534653E+14  0.00000000E+00 -0.21439259E-31
  0.36584158E+14  0.00000000E+00 -0.21179429E-31
  0.36633663E+14  0.00000000E+00 -0.20924278E-31
  0.36683168E+14  0.00000000E+00 -0.20673690E-31
  0.36732673E+14  0.00000000E+00 -0.20427551E-31
  0.36782178E+14  0.00000000E+00 -0.20185749E-31
  0.36831683E+14  0.00000000E+00 -0.19948178E-31
  0.36881188E+14  0.00000000E+00 -0.19714735E-31
  0.36930693E+14  0.00000000E+00 -0.19485319E-31
  0.36980198E+14  0.00000000E+00 -0.19259835E-31
  0.37029703E+14  0.00000000E+00 -0.19038189E-31
  0.37079208E+14  0.00000000E+00 -0.18820289E-31
  0.37128713E+14  0.00000000E+00 -0.18606048E-31
  0.37178218E+14  0.00000000E+00 -0.18395381E-31
  0.37227723E+14  0.00000000E+00 -0.18188205E-31
  0.37277228E+14  0.00000000E+00 -0.17984441E-31
  0.37326733E+14  0.00000000E+00 -0.17784010E-31
  0.37376238E+14  0.00000000E+00 -0.17586838E-31
  0.37425743E+14  0.00000000E+00 -0.17392851E-31
  0.37475248E+14  0.00000000E+00 -0.17201979E-31
  0.37524752E+14  0.00000000E+00 -0.17014152E-31
  0.37574257E+14  0.00000000E+00 -0.16829305E-31
  0.37623762E+14  0.00000000E+00 -0.16647371E-31
  0.37673267E+14  0.00000000E+00 -0.16468288E-31
  0.37722772E+14  0.00000000E+00 -0.16291994E-31
  0.37772277E+14  0.00000000E+00 -0.16118431E-31
  0.37821782E+14  0.00000000E+00 -0.15947540E-31
  0.37871287E+14  0.00000000E+00 -0.15779265E-31
  0.37920792E+14  0.00000000E+00 -0.15613551E-31
  0.37970297E+14  0.00000000E+00 -0.15450346E-31
  0.38019802E+14  0.00000000E+00 -0.15289596E-31
  0.38069307E+14  0.00000000E+00 -0.15131253E-31
  0.38118812E+14  0.00000000E+00 -0.14975266E-31
  0.38168317E+14  0.00000000E+00 -0.14821588E-31
  0.38217822E+14  0.00000000E+00 -0.14670173E-31
  0.38267327E+14  0.00000000E+00 -0.14520975E-31
  0.38316832E+14  0.00000000E+00 -0.14373951E-31
  0.38366337E+14  0.00000000E+00 -0.14229057E-31
  0.38415842E+14  0.00000000E+00 -0.14086251E-31
  0.38465347E+14  0.00000000E+00 -0.13945493E-31
  0.38514851E+14  0.00000000E+00 -0.13806742E-31
  0.38564356E+14  0.00000000E+00 -0.13669961E-31
  0.38613861E+14  0.00000000E+00 -0.13535112E-31
  0.38663366E+14  0.00000000E+00 -0.13402157E-31
  0.38712871E+14  0.00000000E+00 -0.13271060E-31
  0.38762376E+14  0.00000000E+00 -0.13141787E-31
  0.38811881E+14  0.00000000E+00 -0.13014304E-31
  0.38861386E+14  0.00000000E+00 -0.12888576E-31
  0.38910891E+14  0.00000000E+00 -0.12764572E-31
  0.38960396E+14  0.00000000E+00 -0.12642260E-31
  0.39009901E+14  0.00000000E+00 -0.12521608E-31
  0.39059406E+14  0.00000000E+00 -0.12402587E-31
  0.39108911E+14  0.00000000E+00 -0.12285166E-31
  0.39158416E+14  0.00000000E+00 -0.12169317E-31
  0.39207921E+14  0.00000000E+00 -0.12055012E-31
  0.39257426E+14  0.00000000E+00 -0.11942223E-31
  0.39306931E+14  0.00000000E+00 -0.11830923E-31
  0.39356436E+14  0.00000000E+00 -0.11721086E-31
  0.39405941E+14  0.00000000E+00 -0.11612686E-31
  0.39455446E+14  0.00000000E+00 -0.11505698E-31
  0.39504950E+14  0.00000000E+00 -0.11400097E-31
  0.39554455E+14  0.00000000E+00 -0.11295860E-31
  0.39603960E+14  0.00000000E+00 -0.11192962E-31
  0.39653465E+14  0.00000000E+00 -0.11091382E-31
  0.39702970E+14  0.00000000E+00 -0.10991095E-31
  0.39752475E+14  0.00000000E+00 -0.10892082E-31
  0.39801980E+14  0.00000000E+00 -0.10794319E-31
  0.39851485E+14  0.00000000E+00 -0.10697786E-31
  0.39900990E+14  0.00000000E+00 -0.10602462E-31
  0.39950495E+14  0.00000000E+00 -0.10508328E-31
  0.40000000E+14  0.00000000E+00 -0.10415363E-31
  0.40049505E+14  0.00000000E+00 -0.10323548E-31
  0.40099010E+14  0.00000000E+00 -0.10232865E-31
  0.40148515E+14  0.00000000E+00 -0.10143294E-31
  0.40198020E+14  0.00000000E+00 -0.10054818E-31
  0.40247525E+14  0.00000000E+00 -0.99674183E-32
  0.40297030E+14  0.00000000E+00 -0.98810786E-32
  0.40346535E+14  0.00000000E+00 -0.97957815E-32
  0.40396040E+14  0.00000000E+00 -0.97115102E-32
  0.40445545E+14  0.00000000E+00 -0.96282485E-32
  0.40495050E+14  0.00000000E+00 -0.95459804E-32
  0.40544554E+14  0.00000000E+00 -0.94646901E-32
  0.40594059E+14  0.00000000E+00 -0.93843623E-32
  0.40643564E+14  0.00000000E+00 -0.93049821E-32
  0.40693069E+14  0.00000000E+00 -0.92265345E-32
  0.40742574E+14  0.00000000E+00 -0.91490052E-32
  0.40792079E+14  0.00000000E+00 -0.90723800E-32
  0.40841584E+14  0.00000000E+00 -0.89966450E-32
  0.40891089E+14  0.00000000E+00 -0.89217866E-32
  0.40940594E+14  0.00000000E+00 -0.88477914E-32
  0.40990099E+14  0.00000000E+00 -0.87746462E-32
  0.41039604E+14  0.00000000E+00 -0.87023383E-32
  0.41089109E+14  0.00000000E+00 -0.86308550E-32
  0.41138614E+14  0.00000000E+00 -0.85601840E-32
  0.41188119E+14  0.00000000E+00 -0.84903132E-32
  0.41237624E+14  0.00000000E+00 -0.84212306E-32
  0.41287129E+14  0.00000000E+00 -0.83529245E-32
  0.41336634E+14  0.00000000E+00 -0.82853835E-32
  0.41386139E+14  0.00000000E+00 -0.82185964E-32
  0.41435644E+14  0.00000000E+00 -0.81525522E-32
  0.41485149E+14  0.00000000E+00 -0.80872398E-32
  0.41534653E+14  0.00000000E+00 -0.80226489E-32
  0.41584158E+14  0.00000000E+00 -0.79587689E-32
  0.41633663E+14  0.00000000E+00 -0.78955895E-32
  0.41683168E+14  0.00000000E+00 -0.78331007E-32
  0.41732673E+14  0.00000000E+00 -0.77712927E-32
  0.41782178E+14  0.00000000E+00 -0.77101556E-32
  0.41831683E+14  0.00000000E+00 -0.76496801E-32
  0.41881188E+14  0.00000000E+00 -0.75898567E-32
  0.41930693E+14  0.00000000E+00 -0.75306763E-32
  0.41980198E+14  0.00000000E+00 -0.74721298E-32
  0.42029703E+14  0.00000000E+00 -0.74142083E-32
  0.42079208E+14  0.00000000E+00 -0.73569032E-32
  0.42128713E+14  0.00000000E+00 -0.73002059E-32
  0.42178218E+14  0.00000000E+00 -0.72441080E-32
  0.42227723E+14  0.00000000E+00 -0.71886011E-32
  0.42277228E+14  0.00000000E+00 -0.71336773E-32
  0.42326733E+14  0.00000000E+00 -0.70793285E-32
  0.42376238E+14  0.00000000E+00 -0.70255469E-32
  0.42425743E+14  0.00000000E+00 -0.69723247E-32
  0.42475248E+14  0.00000000E+00 -0.69196544E-32
  0.42524752E+14  0.00000000E+00 -0.68675285E-32
  0.42574257E+14  0.00000000E+00 -0.68159398E-32
  0.42623762E+14  0.00000000E+00 -0.67648810E-32
  0.42673267E+14  0.00000000E+00 -0.67143450E-32
  0.42722772E+14  0.00000000E+00 -0.66643249E-32
  0.42772277E+14  0.00000000E+00 -0.66148139E-32
  0.42821782E+14  0.00000000E+00 -0.65658052E-32
  0.42871287E+14  0.00000000E+00 -0.65172921E-32
  0.42920792E+14  0.00000000E+00 -0.64692683E-32
  0.42970297E+14  0.00000000E+00 -0.64217272E-32
  0.43019802E+14  0.00000000E+00 -0.63746626E-32
  0.43069307E+14  0.00000000E+00 -0.63280683E-32
  0.43118812E+14  0.00000000E+00 -0.62819383E-32
  0.43168317E+14  0.00000000E+00 -0.62362664E-32
  0.43217822E+14  0.00000000E+00 -0.61910468E-32
  0.43267327E+14  0.00000000E+00 -0.61462737E-32
  0.43316832E+14  0.00000000E+00 -0.61019415E-32
  0.43366337E+14  0.00000000E+00 -0.60580444E-32
  0.43415842E+14  0.00000000E+00 -0.60145769E-32
  0.43465347E+14  0.00000000E+00 -0.59715337E-32
  0.43514851E+14  0.00000000E+00 -0.59289093E-32
  0.43564356E+14  0.00000000E+00 -0.58866984E-32
  0.43613861E+14  0.00000000E+00 -0.58448960E-32
  0.43663366E+14  0.00000000E+00 -0.58034969E-32
  0.43712871E+14  0.00000000E+00 -0.57624960E-32
  0.43762376E+14  0.00000000E+00 -0.57218884E-32
  0.43811881E+14  0.00000000E+00 -0.56816692E-32
  0.43861386E+14  0.00000000E+00 -0.56418337E-32
  0.43910891E+14  0.00000000E+00 -0.56023771E-32
  0.43960396E+14  0.00000000E+00 -0.55632947E-32
  0.44009901E+14  0.00000000E+00 -0.55245821E-32
  0.44059406E+14  0.00000000E+00 -0.54862346E-32
  0.44108911E+14  0.00000000E+00 -0.54482478E-32
  0.44158416E+14  0.00000000E+00 -0.54106174E-32
  0.44207921E+14  0.00000000E+00 -0.53733390E-32
  0.44257426E+14  0.00000000E+00 -0.53364084E-32
  0.44306931E+14  0.00000000E+00 -0.52998214E-32
  0.44356436E+14  0.00000000E+00 -0.52635740E-32
  0.44405941E+14  0.00000000E+00 -0.52276619E-32
  0.44455446E+14  0.00000000E+00 -0.51920814E-32
  0.44504950E+14  0.00000000E+00 -0.51568283E-32
  0.44554455E+14  0.00000000E+00 -0.51218989E-32
  0.44603960E+14  0.00000000E+00 -0.50872893E-32
  0.44653465E+14  0.00000000E+00 -0.50529957E-32
  0.44702970E+14  0.00000000E+00 -0.50190144E-32
  0.44752475E+14  0.00000000E+00 -0.49853419E-32
  0.44801980E+14  0.00000000E+00 -0.49519744E-32
  0.44851485E+14  0.00000000E+00 -0.49189084E-32
  0.44900990E+14  0.00000000E+00 -0.48861405E-32
  0.44950495E+14  0.00000000E+00 -0.48536671E-32
  0.45000000E+14  0.00000000E+00 -0.48214849E-32
  0.45049505E+14  0.00000000E+00 -0.47895905E-32
  0.45099010E+14  0.00000000E+00 -0.47579806E-32
  0.45148515E+14  0.00000000E+00 -0.47266520E-32
  0.45198020E+14  0.00000000E+00 -0.46956014E-32
  0.45247525E+14  0.00000000E+00 -0.46648257E-32
  0.45297030E+14  0.00000000E+00 -0.46343218E-32
  0.45346535E+14  0.00000000E+00 -0.46040865E-32
  0.45396040E+14  0.00000000E+00 -0.45741169E-32
  0.45445545E+14  0.00000000E+00 -0.45444100E-32
  0.45495050E+14  0.00000000E+00 -0.45149628E-32
  0.45544554E+14  0.00000000E+00 -0.44857724E-32
  0.45594059E+14  0.00000000E+00 -0.44568359E-32
  0.45643564E+14  0.00000000E+00 -0.44281505E-32
  0.45693069E+14  0.00000000E+00 -0.43997134E-32
  0.45742574E+14  0.00000000E+00 -0.43715219E-32
  0.45792079E+14  0.00000000E+00 -0.43435732E-32
  0.45841584E+14  0.00000000E+00 -0.43158647E-32
  0.45891089E+14  0.00000000E+00 -0.42883938E-32
  0.45940594E+14  0.00000000E+00 -0.42611578E-32
  0.45990099E+14  0.00000000E+00 -0.42341541E-32
  0.46039604E+14  0.00000000E+00 -0.42073802E-32
  0.46089109E+14  0.00000000E+00 -0.41808337E-32
  0.46138614E+14  0.00000000E+00 -0.41545121E-32
  0.46188119E+14  0.00000000E+00 -0.41284128E-32
  0.46237624E+14  0.00000000E+00 -0.41025336E-32
  0.46287129E+14  0.00000000E+00 -0.40768720E-32
  0.46336634E+14  0.00000000E+00 -0.40514258E-32
  0.46386139E+14  0.00000000E+00 -0.40261925E-32
  0.46435644E+14  0.00000000E+00 -0.40011700E-32
  0.46485149E+14  0.00000000E+00 -0.39763560E-32
  0.46534653E+14  0.00000000E+00 -0.39517483E-32
  0.46584158E+14  0.00000000E+00 -0.39273446E-32
  0.46633663E+14  0.00000000E+00 -0.39031428E-32
  0.46683168E+14  0.00000000E+00 -0.38791409E-32
  0.46732673E+14  0.00000000E+00 -0.38553366E-32
  0.46782178E+14  0.00000000E+00 -0.38317279E-32
  0.46831683E+14  0.00000000E+00 -0.38083128E-32
  0.46881188E+14  0.00000000E+00 -0.37850893E-32
  0.46930693E+14  0.00000000E+00 -0.37620553E-32
  0.46980198E+14  0.00000000E+00 -0.37392088E-32
  0.47029703E+14  0.00000000E+00 -0.37165480E-32
  0.47079208E+14  0.00000000E+00 -0.36940709E-32
  0.47128713E+14  0.00000000E+00 -0.36717756E-32
  0.47178218E+14  0.00000000E+00 -0.36496603E-32
  0.47227723E+14  0.00000000E+00 -0.36277230E-32
  0.47277228E+14  0.00000000E+00 -0.36059620E-32
  0.47326733E+14  0.00000000E+00 -0.35843754E-32
  0.47376238E+14  0.00000000E+00 -0.35629616E-32
  0.47425743E+14  0.00000000E+00 -0.35417186E-32
  0.47475248E+14  0.00000000E+00 -0.35206449E-32
  0.47524752E+14  0.00000000E+00 -0.34997386E-32
  0.47574257E+14  0.00000000E+00 -0.34789981E-32
  0.47623762E+14  0.00000000E+00 -0.34584217E-32
  0.47673267E+14  0.00000000E+00 -0.34380077E-32
  0.47722772E+14  0.00000000E+00 -0.34177546E-32
  0.47772277E+14  0.00000000E+00 -0.33976608E-32
  0.47821782E+14  0.00000000E+00 -0.33777245E-32
  0.47871287E+14  0.00000000E+00 -0.33579443E-32
  0.47920792E+14  0.00000000E+00 -0.33383186E-32
  0.47970297E+14  0.00000000E+00 -0.33188459E-32
  0.48019802E+14  0.00000000E+00 -0.32995246E-32
  0.48069307E+14  0.00000000E+00 -0.32803533E-32
  0.48118812E+14  0.00000000E+00 -0.32613305E-32
  0.48168317E+14  0.00000000E+00 -0.32424548E-32
  0.48217822E+14  0.00000000E+00 -0.32237246E-32
  0.48267327E+14  0.00000000E+00 -0.32051385E-32
  0.48316832E+14  0.00000000E+00 -0.31866952E-32
  0.48366337E+14  0.00000000E+00 -0.31683933E-32
  0.48415842E+14  0.00000000E+00 -0.31502314E-32
  0.48465347E+14  0.00000000E+00 -0.31322081E-32
  0.48514851E+14  0.00000000E+00 -0.31143220E-32
  0.48564356E+14  0.00000000E+00 -0.30965720E-32
  0.48613861E+14  0.00000000E+00 -0.30789566E-32
  0.48663366E+14  0.00000000E+00 -0.30614745E-32
  0.48712871E+14  0.00000000E+00 -0.30441245E-32
  0.48762376E+14  0.00000000E+00 -0.30269054E-32
  0.48811881E+14  0.00000000E+00 -0.30098158E-32
  0.48861386E+14  0.00000000E+00 -0.29928545E-32
  0.48910891E+14  0.00000000E+00 -0.29760203E-32
  0.48960396E+14  0.00000000E+00 -0.29593121E-32
  0.49009901E+14  0.00000000E+00 -0.29427285E-32
  0.49059406E+14  0.00000000E+00 -0.29262685E-32
  0.49108911E+14  0.00000000E+00 -0.29099308E-32
  0.49158416E+14  0.00000000E+00 -0.28937144E-32
  0.49207921E+14  0.00000000E+00 -0.28776180E-32
  0.49257426E+14  0.00000000E+00 -0.28616406E-32
  0.49306931E+14  0.00000000E+00 -0.28457810E-32
  0.49356436E+14  0.00000000E+00 -0.28300382E-32
  0.49405941E+14  0.00000000E+00 -0.28144110E-32
  0.49455446E+14  0.00000000E+00 -0.27988984E-32
  0.49504950E+14  0.00000000E+00 -0.27834993E-32
  0.49554455E+14  0.00000000E+00 -0.27682127E-32
  0.49603960E+14  0.00000000E+00 -0.27530375E-32
  0.49653465E+14  0.00000000E+00 -0.27379727E-32
  0.49702970E+14  0.00000000E+00 -0.27230173E-32
  0.49752475E+14  0.00000000E+00 -0.27081703E-32
  0.49801980E+14  0.00000000E+00 -0.26934307E-32
  0.49851485E+14  0.00000000E+00 -0.26787974E-32
  0.49900990E+14  0.00000000E+00 -0.26642696E-32
  0.49950495E+14  0.00000000E+00 -0.26498463E-32
  0.50000000E+14  0.00000000E+00 -0.26355266E-32
  0.50049505E+14  0.00000000E+00 -0.26213094E-32
  0.50099010E+14  0.00000000E+00 -0.26071938E-32
  0.50148515E+14  0.00000000E+00 -0.25931790E-32
  0.50198020E+14  0.00000000E+00 -0.25792641E-32
  0.50247525E+14  0.00000000E+00 -0.25654481E-32
  0.50297030E+14  0.00000000E+00 -0.25517301E-32
  0.50346535E+14  0.00000000E+00 -0.25381093E-32
  0.50396040E+14  0.00000000E+00 -0.25245849E-32
  0.50445545E+14  0.00000000E+00 -0.25111558E-32
  0.50495050E+14  0.00000000E+00 -0.24978214E-32
  0.50544554E+14  0.00000000E+00 -0.24845807E-32
  0.50594059E+14  0.00000000E+00 -0.24714329E-32
  0.50643564E+14  0.00000000E+00 -0.24583773E-32
  0.50693069E+14  0.00000000E+00 -0.24454129E-32
  0.50742574E+14  0.00000000E+00 -0.24325390E-32
  0.50792079E+14  0.00000000E+00 -0.24197548E-32
  0.50841584E+14  0.00000000E+00 -0.24070595E-32
  0.50891089E+14  0.00000000E+00 -0.23944523E-32
  0.50940594E+14  0.00000000E+00 -0.23819325E-32
  0.50990099E+14  0.00000000E+00 -0.23694993E-32
  0.51039604E+14  0.00000000E+00 -0.23571519E-32
  0.51089109E+14  0.00000000E+00 -0.23448895E-32
  0.51138614E+14  0.00000000E+00 -0.23327116E-32
  0.51188119E+14  0.00000000E+00 -0.23206172E-32
  0.51237624E+14  0.00000000E+00 -0.23086057E-32
  0.51287129E+14  0.00000000E+00 -0.22966765E-32
  0.51336634E+14  0.00000000E+00 -0.22848286E-32
  0.51386139E+14  0.00000000E+00 -0.22730616E-32
  0.51435644E+14  0.00000000E+00 -0.22613746E-32
  0.51485149E+14  0.00000000E+00 -0.22497670E-32
  0.51534653E+14  0.00000000E+00 -0.22382382E-32
  0.51584158E+14  0.00000000E+00 -0.22267874E-32
  0.51633663E+14  0.00000000E+00 -0.22154139E-32
  0.51683168E+14  0.00000000E+00 -0.22041172E-32
  0.51732673E+14  0.00000000E+00 -0.21928965E-32
  0.51782178E+14  0.00000000E+00 -0.21817513E-32
  0.51831683E+14  0.00000000E+00 -0.21706808E-32
  0.51881188E+14  0.00000000E+00 -0.21596845E-32
  0.51930693E+14  0.00000000E+00 -0.21487617E-32
  0.51980198E+14  0.00000000E+00 -0.21379119E-32
  0.52029703E+14  0.00000000E+00 -0.21271343E-32
  0.52079208E+14  0.00000000E+00 -0.21164284E-32
  0.52128713E+14  0.00000000E+00 -0.21057936E-32
  0.52178218E+14  0.00000000E+00 -0.20952294E-32
  0.52227723E+14  0.00000000E+00 -0.20847350E-32
  0.52277228E+14  0.00000000E+00 -0.20743100E-32
  0.52326733E+14  0.00000000E+00 -0.20639537E-32
  0.52376238E+14  0.00000000E+00 -0.20536656E-32
  0.52425743E+14  0.00000000E+00 -0.20434451E-32
  0.52475248E+14  0.00000000E+00 -0.20332917E-32
  0.52524752E+14  0.00000000E+00 -0.20232048E-32
  0.52574257E+14  0.00000000E+00 -0.20131839E-32
  0.52623762E+14  0.00000000E+00 -0.20032284E-32
  0.52673267E+14  0.00000000E+00 -0.19933378E-32
  0.52722772E+14  0.00000000E+00 -0.19835115E-32
  0.52772277E+14  0.00000000E+00 -0.19737490E-32
  0.52821782E+14  0.00000000E+00 -0.19640499E-32
  0.52871287E+14  0.00000000E+00 -0.19544136E-32
  0.52920792E+14  0.00000000E+00 -0.19448395E-32
  0.52970297E+14  0.00000000E+00 -0.19353272E-32
  0.53019802E+14  0.00000000E+00 -0.19258762E-32
  0.53069307E+14  0.00000000E+00 -0.19164860E-32
  0.53118812E+14  0.00000000E+00 -0.19071561E-32
  0.53168317E+14  0.00000000E+00 -0.18978860E-32
  0.53217822E+14  0.00000000E+00 -0.18886752E-32
  0.53267327E+14  0.00000000E+00 -0.18795232E-32
  0.53316832E+14  0.00000000E+00 -0.18704297E-32
  0.53366337E+14  0.00000000E+00 -0.18613940E-32
  0.53415842E+14  0.00000000E+00 -0.18524158E-32
  0.53465347E+14  0.00000000E+00 -0.18434946E-32
  0.53514851E+14  0.00000000E+00 -0.18346299E-32
  0.53564356E+14  0.00000000E+00 -0.18258213E-32
  0.53613861E+14  0.00000000E+00 -0.18170683E-32
  0.53663366E+14  0.00000000E+00 -0.18083706E-32
  0.53712871E+14  0.00000000E+00 -0.17997276E-32
  0.53762376E+14  0.00000000E+00 -0.17911389E-32
  0.53811881E+14  0.00000000E+00 -0.17826042E-32
  0.53861386E+14  0.00000000E+00 -0.17741229E-32
  0.53910891E+14  0.00000000E+00 -0.17656947E-32
  0.53960396E+14  0.00000000E+00 -0.17573191E-32
  0.54009901E+14  0.00000000E+00 -0.17489958E-32
  0.54059406E+14  0.00000000E+00 -0.17407243E-32
  0.54108911E+14  0.00000000E+00 -0.17325042E-32
  0.54158416E+14  0.00000000E+00 -0.17243352E-32
  0.54207921E+14  0.00000000E+00 -0.17162167E-32
  0.54257426E+14  0.00000000E+00 -0.17081485E-32
  0.54306931E+14  0.00000000E+00 -0.17001301E-32
  0.54356436E+14  0.00000000E+00 -0.16921612E-32
  0.54405941E+14  0.00000000E+00 -0.16842414E-32
  0.54455446E+14  0.00000000E+00 -0.16763703E-32
  0.54504950E+14  0.00000000E+00 -0.16685474E-32
  0.54554455E+14  0.00000000E+00 -0.16607726E-32
  0.54603960E+14  0.00000000E+00 -0.16530453E-32
  0.54653465E+14  0.00000000E+00 -0.16453652E-32
  0.54702970E+14  0.00000000E+00 -0.16377320E-32
  0.54752475E+14  0.00000000E+00 -0.16301453E-32
  0.54801980E+14  0.00000000E+00 -0.16226047E-32
  0.54851485E+14  0.00000000E+00 -0.16151100E-32
  0.54900990E+14  0.00000000E+00 -0.16076607E-32
  0.54950495E+14  0.00000000E+00 -0.16002564E-32
  0.55000000E+14  0.00000000E+00 -0.15928970E-32
  0.55049505E+14  0.00000000E+00 -0.15855819E-32
  0.55099010E+14  0.00000000E+00 -0.15783110E-32
  0.55148515E+14  0.00000000E+00 -0.15710838E-32
  0.55198020E+14  0.00000000E+00 -0.15639000E-32
  0.55247525E+14  0.00000000E+00 -0.15567593E-32
  0.55297030E+14  0.00000000E+00 -0.15496614E-32
  0.55346535E+14  0.00000000E+00 -0.15426060E-32
  0.55396040E+14  0.00000000E+00 -0.15355926E-32
  0.55445545E+14  0.00000000E+00 -0.15286211E-32
  0.55495050E+14  0.00000000E+00 -0.15216912E-32
  0.55544554E+14  0.00000000E+00 -0.15148024E-32
  0.55594059E+14  0.00000000E+00 -0.15079545E-32
  0.55643564E+14  0.00000000E+00 -0.15011472E-32
  0.55693069E+14  0.00000000E+00 -0.14943802E-32
  0.55742574E+14  0.00000000E+00 -0.14876532E-32
  0.55792079E+14  0.00000000E+00 -0.14809659E-32
  0.55841584E+14  0.00000000E+00 -0.14743180E-32
  0.55891089E+14  0.00000000E+00 -0.14677092E-32
  0.55940594E+14  0.00000000E+00 -0.14611393E-32
  0.55990099E+14  0.00000000E+00 -0.14546079E-32
  0.56039604E+14  0.00000000E+00 -0.14481147E-32
  0.56089109E+14  0.00000000E+00 -0.14416596E-32
  0.56138614E+14  0.00000000E+00 -0.14352421E-32
  0.56188119E+14  0.00000000E+00 -0.14288621E-32
  0.56237624E+14  0.00000000E+00 -0.14225192E-32
  0.56287129E+14  0.00000000E+00 -0.14162132E-32
  0.56336634E+14  0.00000000E+00 -0.14099438E-32
  0.56386139E+14  0.00000000E+00 -0.14037108E-32
  0.56435644E+14  0.00000000E+00 -0.13975139E-32
  0.56485149E+14  0.00000000E+00 -0.13913528E-32
  0.56534653E+14  0.00000000E+00 -0.13852273E-32
  0.56584158E+14  0.00000000E+00 -0.13791370E-32
  0.56633663E+14  0.00000000E+00 -0.13730819E-32
  0.56683168E+14  0.00000000E+00 -0.13670615E-32
  0.56732673E+14  0.00000000E+00 -0.13610758E-32
  0.56782178E+14  0.00000000E+00 -0.13551243E-32
  0.56831683E+14  0.00000000E+00 -0.13492069E-32
  0.56881188E+14  0.00000000E+00 -0.13433233E-32
  0.56930693E+14  0.00000000E+00 -0.13374733E-32
  0.56980198E+14  0.00000000E+00 -0.13316566E-32
  0.57029703E+14  0.00000000E+00 -0.13258731E-32
  0.57079208E+14  0.00000000E+00 -0.13201224E-32
  0.57128713E+14  0.00000000E+00 -0.13144043E-32
  0.57178218E+14  0.00000000E+00 -0.13087187E-32
  0.57227723E+14  0.00000000E+00 -0.13030652E-32
  0.57277228E+14  0.00000000E+00 -0.12974437E-32
  0.57326733E+14  0.00000000E+00 -0.12918539E-32
  0.57376238E+14  0.00000000E+00 -0.12862956E-32
  0.57425743E+14  0.00000000E+00 -0.12807686E-32
  0.57475248E+14  0.00000000E+00 -0.12752727E-32
  0.57524752E+14  0.00000000E+00 -0.12698076E-32
  0.57574257E+14  0.00000000E+00 -0.12643731E-32
  0.57623762E+14  0.00000000E+00 -0.12589691E-32
  0.57673267E+14  0.00000000E+00 -0.12535952E-32
  0.57722772E+14  0.00000000E+00 -0.12482514E-32
  0.57772277E+14  0.00000000E+00 -0.12429373E-32
  0.57821782E+14  0.00000000E+00 -0.12376528E-32
  0.57871287E+14  0.00000000E+00 -0.12323977E-32
  0.57920792E+14  0.00000000E+00 -0.12271717E-32
  0.57970297E+14  0.00000000E+00 -0.12219747E-32
  0.58019802E+14  0.00000000E+00 -0.12168065E-32
  0.58069307E+14  0.00000000E+00 -0.12116668E-32
  0.58118812E+14  0.00000000E+00 -0.12065555E-32
  0.58168317E+14  0.00000000E+00 -0.12014724E-32
  0.58217822E+14  0.00000000E+00 -0.11964173E-32
  0.58267327E+14  0.00000000E+00 -0.11913899E-32
  0.58316832E+14  0.00000000E+00 -0.11863902E-32
  0.58366337E+14  0.00000000E+00 -0.11814179E-32
  0.58415842E+14  0.00000000E+00 -0.11764728E-32
  0.58465347E+14  0.00000000E+00 -0.11715547E-32
  0.58514851E+14  0.00000000E+00 -0.11666635E-32
  0.58564356E+14  0.00000000E+00 -0.11617990E-32
  0.58613861E+14  0.00000000E+00 -0.11569610E-32
  0.58663366E+14  0.00000000E+00 -0.11521492E-32
  0.58712871E+14  0.00000000E+00 -0.11473636E-32
  0.58762376E+14  0.00000000E+00 -0.11426040E-32
  0.58811881E+14  0.00000000E+00 -0.11378702E-32
  0.58861386E+14  0.00000000E+00 -0.11331619E-32
  0.58910891E+14  0.00000000E+00 -0.11284791E-32
  0.58960396E+14  0.00000000E+00 -0.11238216E-32
  0.59009901E+14  0.00000000E+00 -0.11191891E-32
  0.59059406E+14  0.00000000E+00 -0.11145816E-32
  0.59108911E+14  0.00000000E+00 -0.11099989E-32
  0.59158416E+14  0.00000000E+00 -0.11054407E-32
  0.59207921E+14  0.00000000E+00 -0.11009070E-32
  0.59257426E+14  0.00000000E+00 -0.10963975E-32
  0.59306931E+14  0.00000000E+00 -0.10919121E-32
  0.59356436E+14  0.00000000E+00 -0.10874507E-32
  0.59405941E+14  0.00000000E+00 -0.10830131E-32
  0.59455446E+14  0.00000000E+00 -0.10785991E-32
  0.59504950E+14  0.00000000E+00 -0.10742086E-32
  0.59554455E+14  0.00000000E+00 -0.10698414E-32
  0.59603960E+14  0.00000000E+00 -0.10654974E-32
  0.59653465E+14  0.00000000E+00 -0.10611763E-32
  0.59702970E+14  0.00000000E+00 -0.10568782E-32
  0.59752475E+14  0.00000000E+00 -0.10526027E-32
  0.59801980E+14  0.00000000E+00 -0.10483498E-32
  0.59851485E+14  0.00000000E+00 -0.10441193E-32
  0.59900990E+14  0.00000000E+00 -0.10399111E-32
  0.59950495E+14  0.00000000E+00 -0.10357250E-32
  0.60000000E+14  0.00000000E+00 -0.10315609E-32
  0.60049505E+14  0.00000000E+00 -0.10274186E-32
  0.60099010E+14  0.00000000E+00 -0.10232980E-32
  0.60148515E+14  0.00000000E+00 -0.10191990E-32
  0.60198020E+14  0.00000000E+00 -0.10151213E-32
  0.60247525E+14  0.00000000E+00 -0.10110649E-32
  0.60297030E+14  0.00000000E+00 -0.10070297E-32
  0.60346535E+14  0.00000000E+00 -0.10030154E-32
  0.60396040E+14  0.00000000E+00 -0.99902205E-33
  0.60445545E+14  0.00000000E+00 -0.99504939E-33
  0.60495050E+14  0.00000000E+00 -0.99109732E-33
  0.60544554E+14  0.00000000E+00 -0.98716570E-33
  0.60594059E+14  0.00000000E+00 -0.98325441E-33
  0.60643564E+14  0.00000000E+00 -0.97936332E-33
  0.60693069E+14  0.00000000E+00 -0.97549230E-33
  0.60742574E+14  0.00000000E+00 -0.97164122E-33
  0.60792079E+14  0.00000000E+00 -0.96780994E-33
  0.60841584E+14  0.00000000E+00 -0.96399835E-33
  0.60891089E+14  0.00000000E+00 -0.96020632E-33
  0.60940594E+14  0.00000000E+00 -0.95643372E-33
  0.60990099E+14  0.00000000E+00 -0.95268044E-33
  0.61039604E+14  0.00000000E+00 -0.94894634E-33
  0.61089109E+14  0.00000000E+00 -0.94523131E-33
  0.61138614E+14  0.00000000E+00 -0.94153522E-33
  0.61188119E+14  0.00000000E+00 -0.93785796E-33
  0.61237624E+14  0.00000000E+00 -0.93419940E-33
  0.61287129E+14  0.00000000E+00 -0.93055943E-33
  0.61336634E+14  0.00000000E+00 -0.92693794E-33
  0.61386139E+14  0.00000000E+00 -0.92333480E-33
  0.61435644E+14  0.00000000E+00 -0.91974989E-33
  0.61485149E+14  0.00000000E+00 -0.91618312E-33
  0.61534653E+14  0.00000000E+00 -0.91263435E-33
  0.61584158E+14  0.00000000E+00 -0.90910348E-33
  0.61633663E+14  0.00000000E+00 -0.90559040E-33
  0.61683168E+14  0.00000000E+00 -0.90209499E-33
  0.61732673E+14  0.00000000E+00 -0.89861715E-33
  0.61782178E+14  0.00000000E+00 -0.89515676E-33
  0.61831683E+14  0.00000000E+00 -0.89171372E-33
  0.61881188E+14  0.00000000E+00 -0.88828792E-33
  0.61930693E+14  0.00000000E+00 -0.88487925E-33
  0.61980198E+14  0.00000000E+00 -0.88148760E-33
  0.62029703E+14  0.00000000E+00 -0.87811288E-33
  0.62079208E+14  0.00000000E+00 -0.87475497E-33
  0.62128713E+14  0.00000000E+00 -0.87141377E-33
  0.62178218E+14  0.00000000E+00 -0.86808918E-33
  0.62227723E+14  0.00000000E+00 -0.86478109E-33
  0.62277228E+14  0.00000000E+00 -0.86148941E-33
  0.62326733E+14  0.00000000E+00 -0.85821403E-33
  0.62376238E+14  0.00000000E+00 -0.85495486E-33
  0.62425743E+14  0.00000000E+00 -0.85171178E-33
  0.62475248E+14  0.00000000E+00 -0.84848472E-33
  0.62524752E+14  0.00000000E+00 -0.84527356E-33
  0.62574257E+14  0.00000000E+00 -0.84207821E-33
  0.62623762E+14  0.00000000E+00 -0.83889857E-33
  0.62673267E+14  0.00000000E+00 -0.83573456E-33
  0.62722772E+14  0.00000000E+00 -0.83258606E-33
  0.62772277E+14  0.00000000E+00 -0.82945299E-33
  0.62821782E+14  0.00000000E+00 -0.82633526E-33
  0.62871287E+14  0.00000000E+00 -0.82323277E-33
  0.62920792E+14  0.00000000E+00 -0.82014543E-33
  0.62970297E+14  0.00000000E+00 -0.81707315E-33
  0.63019802E+14  0.00000000E+00 -0.81401583E-33
  0.63069307E+14  0.00000000E+00 -0.81097339E-33
  0.63118812E+14  0.00000000E+00 -0.80794573E-33
  0.63168317E+14  0.00000000E+00 -0.80493278E-33
  0.63217822E+14  0.00000000E+00 -0.80193443E-33
  0.63267327E+14  0.00000000E+00 -0.79895060E-33
  0.63316832E+14  0.00000000E+00 -0.79598121E-33
  0.63366337E+14  0.00000000E+00 -0.79302616E-33
  0.63415842E+14  0.00000000E+00 -0.79008538E-33
  0.63465347E+14  0.00000000E+00 -0.78715877E-33
  0.63514851E+14  0.00000000E+00 -0.78424626E-33
  0.63564356E+14  0.00000000E+00 -0.78134775E-33
  0.63613861E+14  0.00000000E+00 -0.77846317E-33
  0.63663366E+14  0.00000000E+00 -0.77559243E-33
  0.63712871E+14  0.00000000E+00 -0.77273545E-33
  0.63762376E+14  0.00000000E+00 -0.76989214E-33
  0.63811881E+14  0.00000000E+00 -0.76706243E-33
  0.63861386E+14  0.00000000E+00 -0.76424624E-33
  0.63910891E+14  0.00000000E+00 -0.76144349E-33
  0.63960396E+14  0.00000000E+00 -0.75865409E-33
  0.64009901E+14  0.00000000E+00 -0.75587797E-33
  0.64059406E+14  0.00000000E+00 -0.75311505E-33
  0.64108911E+14  0.00000000E+00 -0.75036525E-33
  0.64158416E+14  0.00000000E+00 -0.74762850E-33
  0.64207921E+14  0.00000000E+00 -0.74490471E-33
  0.64257426E+14  0.00000000E+00 -0.74219382E-33
  0.64306931E+14  0.00000000E+00 -0.73949574E-33
  0.64356436E+14  0.00000000E+00 -0.73681040E-33
  0.64405941E+14  0.00000000E+00 -0.73413773E-33
  0.64455446E+14  0.00000000E+00 -0.73147766E-33
  0.64504950E+14  0.00000000E+00 -0.72883010E-33
  0.64554455E+14  0.00000000E+00 -0.72619500E-33
  0.64603960E+14  0.00000000E+00 -0.72357226E-33
  0.64653465E+14  0.00000000E+00 -0.72096183E-33
  0.64702970E+14  0.00000000E+00 -0.71836363E-33
  0.64752475E+14  0.00000000E+00 -0.71577759E-33
  0.64801980E+14  0.00000000E+00 -0.71320364E-33
  0.64851485E+14  0.00000000E+00 -0.71064171E-33
  0.64900990E+14  0.00000000E+00 -0.70809173E-33
  0.64950495E+14  0.00000000E+00 -0.70555363E-33
  0.65000000E+14  0.00000000E+00 -0.70302734E-33
