  0.93273543E+11 -0.12736852E-29  0.34568125E-29
  0.18654709E+12 -0.12749097E-29  0.25545996E-29
  0.27982063E+12 -0.12785301E-29  0.21335213E-29
  0.37309417E+12 -0.12795611E-29  0.18471394E-29
  0.46636771E+12 -0.12747231E-29  0.16243486E-29
  0.55964126E+12 -0.12644803E-29  0.14355588E-29
  0.65291480E+12 -0.12371851E-29  0.12830484E-29
  0.74618834E+12 -0.12120960E-29  0.11526131E-29
  0.83946188E+12 -0.11076232E-29  0.95744192E-30
  0.93273543E+12 -0.12103009E-29  0.11518195E-29
  0.10260090E+13 -0.11907354E-29  0.92860783E-30
  0.11192825E+13 -0.11771367E-29  0.82629311E-30
  0.12125561E+13 -0.10888675E-29  0.73827170E-30
  0.13058296E+13 -0.11238314E-29  0.72521711E-30
  0.13991031E+13 -0.11214425E-29  0.63912945E-30
  0.14923767E+13 -0.11077814E-29  0.49934087E-30
  0.15856502E+13 -0.90489395E-30  0.52478069E-30
  0.16789238E+13 -0.10160431E-29  0.58329865E-30
  0.17721973E+13 -0.10964782E-29  0.53991184E-30
  0.18654709E+13 -0.10892518E-29  0.41882539E-30
  0.19587444E+13 -0.10716572E-29  0.33601649E-30
  0.20520179E+13 -0.10310170E-29  0.14382766E-30
  0.21452915E+13 -0.75789937E-30  0.30501639E-30
  0.22385650E+13 -0.93138645E-30  0.35859748E-30
  0.23318386E+13 -0.95574963E-30  0.30348556E-30
  0.24251121E+13 -0.10192657E-29  0.19819564E-30
  0.25183857E+13 -0.97994372E-30 -0.85122322E-32
  0.26116592E+13 -0.61330748E-30  0.46116129E-31
  0.27049327E+13 -0.76940628E-30  0.29291354E-30
  0.27982063E+13 -0.94175946E-30  0.18725305E-30
  0.28914798E+13 -0.95150734E-30  0.71784286E-31
  0.29847534E+13 -0.86424007E-30 -0.16858685E-30
  0.30780269E+13 -0.52189063E-30 -0.46923250E-31
  0.31713004E+13 -0.66205412E-30  0.21613167E-30
  0.32645740E+13 -0.86297285E-30  0.10988913E-30
  0.33578475E+13 -0.91239779E-30 -0.10268183E-30
  0.34511211E+13 -0.61848719E-30 -0.24935768E-30
  0.35443946E+13 -0.43580657E-30 -0.26563643E-31
  0.36376682E+13 -0.66536464E-30  0.15388034E-30
  0.37309417E+13 -0.80270815E-30 -0.15181236E-31
  0.38242152E+13 -0.70961369E-30 -0.26060882E-30
  0.39174888E+13 -0.43780804E-30 -0.20827156E-30
  0.40107623E+13 -0.38830531E-30  0.55794155E-31
  0.41040359E+13 -0.68160359E-30  0.61924524E-31
  0.41973094E+13 -0.74316621E-30 -0.19455867E-30
  0.42905830E+13 -0.46527544E-30 -0.27607605E-30
  0.43838565E+13 -0.31270162E-30 -0.11705330E-30
  0.44771300E+13 -0.47017798E-30  0.90376773E-31
  0.45704036E+13 -0.65500211E-30 -0.82067621E-31
  0.46636771E+13 -0.45477905E-30 -0.27508065E-30
  0.47569507E+13 -0.29653778E-30 -0.17812393E-30
  0.48502242E+13 -0.26430695E-30  0.35835668E-31
  0.49434978E+13 -0.53403473E-30  0.27902836E-31
  0.50367713E+13 -0.46254148E-30 -0.22416469E-30
  0.51300448E+13 -0.28318791E-30 -0.17819386E-30
  0.52233184E+13 -0.21403721E-30 -0.35607273E-31
  0.53165919E+13 -0.40162666E-30  0.10276046E-30
  0.54098655E+13 -0.47056810E-30 -0.12029040E-30
  0.55031390E+13 -0.27535793E-30 -0.15657196E-30
  0.55964126E+13 -0.19477533E-30 -0.38316636E-31
  0.56896861E+13 -0.24723585E-30  0.11663066E-30
  0.57829596E+13 -0.44766923E-30 -0.16001660E-31
  0.58762332E+13 -0.26401183E-30 -0.10512440E-30
  0.59695067E+13 -0.16623445E-30 -0.38630528E-32
  0.60627803E+13 -0.18363075E-30  0.12757412E-30
  0.61560538E+13 -0.37549475E-30  0.10444523E-30
  0.62493274E+13 -0.27401324E-30 -0.21110487E-31
  0.63426009E+13 -0.17112963E-30  0.42471701E-31
  0.64358744E+13 -0.17277333E-30  0.15150252E-30
  0.65291480E+13 -0.30030840E-30  0.21082756E-30
  0.66224215E+13 -0.28164602E-30  0.78412752E-31
  0.67156951E+13 -0.19125835E-30  0.12008717E-30
  0.68089686E+13 -0.17353135E-30  0.21153360E-30
  0.69022422E+13 -0.25315517E-30  0.28663140E-30
  0.69955157E+13 -0.29609019E-30  0.20716915E-30
  0.70887892E+13 -0.23147494E-30  0.21089939E-30
  0.71820628E+13 -0.20561521E-30  0.27481707E-30
  0.72753363E+13 -0.22032765E-30  0.35624608E-30
  0.73686099E+13 -0.32172218E-30  0.35345463E-30
  0.74618834E+13 -0.29146705E-30  0.34046744E-30
  0.75551570E+13 -0.28643882E-30  0.36646003E-30
  0.76484305E+13 -0.27610077E-30  0.41584770E-30
  0.77417040E+13 -0.34911908E-30  0.46747525E-30
  0.78349776E+13 -0.35882872E-30  0.47858136E-30
  0.79282511E+13 -0.37940343E-30  0.48547235E-30
  0.80215247E+13 -0.37558413E-30  0.50382244E-30
  0.81147982E+13 -0.41113663E-30  0.56891501E-30
  0.82080717E+13 -0.44847692E-30  0.59717317E-30
  0.83013453E+13 -0.49306948E-30  0.60784108E-30
  0.83946188E+13 -0.50125973E-30  0.62453161E-30
  0.84878924E+13 -0.53310980E-30  0.67658007E-30
  0.85811659E+13 -0.58405466E-30  0.70213031E-30
  0.86744395E+13 -0.63077863E-30  0.71652259E-30
  0.87677130E+13 -0.65790051E-30  0.74704060E-30
  0.88609865E+13 -0.70210628E-30  0.79994470E-30
  0.89542601E+13 -0.78690219E-30  0.81460826E-30
  0.90475336E+13 -0.82846061E-30  0.81373201E-30
  0.91408072E+13 -0.85950509E-30  0.85059552E-30
  0.92340807E+13 -0.92523067E-30  0.90311196E-30
  0.93273543E+13 -0.10226723E-29  0.91214306E-30
  0.94206278E+13 -0.10886611E-29  0.92426588E-30
  0.95139013E+13 -0.11499828E-29  0.94635670E-30
  0.96071749E+13 -0.12349104E-29  0.97383666E-30
  0.97004484E+13 -0.13284846E-29  0.99193291E-30
  0.97937220E+13 -0.14245225E-29  0.10058329E-29
  0.98869955E+13 -0.15291520E-29  0.10223599E-29
  0.99802691E+13 -0.16454877E-29  0.10251178E-29
  0.10073543E+14 -0.17616742E-29  0.10376136E-29
  0.10166816E+14 -0.19034607E-29  0.10541836E-29
  0.10260090E+14 -0.20764601E-29  0.10565501E-29
  0.10353363E+14 -0.22730825E-29  0.10558450E-29
  0.10446637E+14 -0.25407661E-29  0.10787772E-29
  0.10539910E+14 -0.33725204E-29  0.77709110E-30
  0.10633184E+14 -0.30777291E-29  0.18781787E-30
  0.10726457E+14 -0.29828190E-29 -0.43320901E-31
  0.10819731E+14 -0.29634413E-29 -0.21436423E-30
  0.10913004E+14 -0.28707672E-29 -0.37315696E-30
  0.11006278E+14 -0.28372224E-29 -0.50405416E-30
  0.11099552E+14 -0.27736742E-29 -0.62060818E-30
  0.11192825E+14 -0.27577783E-29 -0.71324512E-30
  0.11286099E+14 -0.27182027E-29 -0.82783389E-30
  0.11379372E+14 -0.26647908E-29 -0.89694952E-30
  0.11472646E+14 -0.26346331E-29 -0.99291774E-30
  0.11565919E+14 -0.25908808E-29 -0.10810944E-29
  0.11659193E+14 -0.25691400E-29 -0.11394353E-29
  0.11752466E+14 -0.25483880E-29 -0.12219576E-29
  0.11845740E+14 -0.25004160E-29 -0.12984145E-29
  0.11939013E+14 -0.24936863E-29 -0.13493824E-29
  0.12032287E+14 -0.24734037E-29 -0.14358316E-29
  0.12125561E+14 -0.24078310E-29 -0.14956975E-29
  0.12218834E+14 -0.24201339E-29 -0.15505749E-29
  0.12312108E+14 -0.23969552E-29 -0.16383346E-29
  0.12405381E+14 -0.23759892E-29 -0.16718294E-29
  0.12498655E+14 -0.23555196E-29 -0.17593258E-29
  0.12591928E+14 -0.23313527E-29 -0.18035014E-29
  0.12685202E+14 -0.23285345E-29 -0.18926426E-29
  0.12778475E+14 -0.22902295E-29 -0.19374813E-29
  0.12871749E+14 -0.23089214E-29 -0.20102343E-29
  0.12965022E+14 -0.22835175E-29 -0.20875485E-29
  0.13058296E+14 -0.22966002E-29 -0.21558506E-29
  0.13151570E+14 -0.22662900E-29 -0.22323518E-29
  0.13244843E+14 -0.22906925E-29 -0.22971523E-29
  0.13338117E+14 -0.22660736E-29 -0.24121164E-29
  0.13431390E+14 -0.22915835E-29 -0.24859213E-29
  0.13524664E+14 -0.22326553E-29 -0.25276550E-29
  0.13617937E+14 -0.22947556E-29 -0.26472181E-29
  0.13711211E+14 -0.24264343E-29 -0.27581198E-29
  0.13804484E+14 -0.24139990E-29 -0.29722323E-29
  0.13897758E+14 -0.24464888E-29 -0.32074421E-29
  0.13991031E+14 -0.24623231E-29 -0.35487205E-29
  0.14084305E+14 -0.22500648E-29 -0.39416606E-29
  0.14177578E+14 -0.20652263E-29 -0.41002571E-29
  0.14270852E+14 -0.18972678E-29 -0.43191077E-29
  0.14364126E+14 -0.16141603E-29 -0.44791723E-29
  0.14457399E+14 -0.12821766E-29 -0.46484597E-29
  0.14550673E+14 -0.97674422E-30 -0.47725246E-29
  0.14643946E+14 -0.58589052E-30 -0.45853690E-29
  0.14737220E+14 -0.69234489E-30 -0.47151397E-29
  0.14830493E+14 -0.37816602E-30 -0.48556494E-29
  0.14923767E+14 -0.16918387E-31 -0.49457600E-29
  0.15017040E+14  0.34043456E-30 -0.49222129E-29
  0.15110314E+14  0.69664453E-30 -0.48141227E-29
  0.15203587E+14  0.99651517E-30 -0.46433507E-29
  0.15296861E+14  0.12311314E-29 -0.44358270E-29
  0.15390135E+14  0.14439619E-29 -0.42148246E-29
  0.15483408E+14  0.15973907E-29 -0.39662771E-29
  0.15576682E+14  0.17009478E-29 -0.37090597E-29
  0.15669955E+14  0.17431792E-29 -0.34547692E-29
  0.15763229E+14  0.17440621E-29 -0.32171508E-29
  0.15856502E+14  0.17051590E-29 -0.29805334E-29
  0.15949776E+14  0.15875342E-29 -0.27442759E-29
  0.16043049E+14  0.14041919E-29 -0.25659900E-29
  0.16136323E+14  0.11336917E-29 -0.24236910E-29
  0.16229596E+14  0.70015353E-30 -0.24021337E-29
  0.16322870E+14 -0.99335338E-31 -0.30818767E-29
  0.16416143E+14  0.73934197E-30 -0.37496381E-29
  0.16509417E+14  0.11028931E-29 -0.36967042E-29
  0.16602691E+14  0.13074913E-29 -0.36734367E-29
  0.16695964E+14  0.14636050E-29 -0.36279422E-29
  0.16789238E+14  0.16349267E-29 -0.35954942E-29
  0.16882511E+14  0.17935359E-29 -0.35401103E-29
  0.16975785E+14  0.19285349E-29 -0.34670668E-29
  0.17069058E+14  0.20626154E-29 -0.33922935E-29
  0.17162332E+14  0.21957722E-29 -0.32889112E-29
  0.17255605E+14  0.23161110E-29 -0.31435565E-29
  0.17348879E+14  0.23806392E-29 -0.29765285E-29
  0.17442152E+14  0.24385084E-29 -0.27799764E-29
  0.17535426E+14  0.23832279E-29 -0.25004094E-29
  0.17628700E+14  0.20724427E-29 -0.23218639E-29
  0.17721973E+14  0.18002971E-29 -0.23877130E-29
  0.17815247E+14  0.16131798E-29 -0.25455046E-29
  0.17908520E+14  0.14713570E-29 -0.27279532E-29
  0.18001794E+14  0.14242945E-29 -0.29827270E-29
  0.18095067E+14  0.14115001E-29 -0.32149658E-29
  0.18188341E+14  0.14177797E-29 -0.35178688E-29
  0.18281614E+14  0.15004727E-29 -0.38596994E-29
  0.18374888E+14  0.16534073E-29 -0.41976799E-29
  0.18468161E+14  0.18079621E-29 -0.45465019E-29
  0.18561435E+14  0.21022205E-29 -0.49314179E-29
  0.18654709E+14  0.24733350E-29 -0.53320015E-29
  0.18747982E+14  0.29375279E-29 -0.57553131E-29
  0.18841256E+14  0.35764575E-29 -0.61752456E-29
  0.18934529E+14  0.43038719E-29 -0.66318149E-29
  0.19027803E+14  0.53039770E-29 -0.70607155E-29
  0.19121076E+14  0.66151530E-29 -0.75632887E-29
  0.19214350E+14  0.85772217E-29 -0.80029249E-29
  0.19307623E+14  0.12353162E-28 -0.84161143E-29
  0.19400897E+14  0.15363868E-28 -0.13512819E-29
  0.19494170E+14  0.13425813E-28  0.19925723E-29
  0.19587444E+14  0.10712840E-28  0.36090669E-29
  0.19680717E+14  0.90464338E-29  0.36298375E-29
  0.19773991E+14  0.83600440E-29  0.37222827E-29
  0.19867265E+14  0.77083230E-29  0.39631320E-29
  0.19960538E+14  0.74616047E-29  0.42808981E-29
  0.20053812E+14  0.66568867E-29  0.49798860E-29
  0.20147085E+14  0.58906721E-29  0.52455652E-29
  0.20240359E+14  0.53152831E-29  0.56032095E-29
  0.20333632E+14  0.44144993E-29  0.59575940E-29
  0.20426906E+14  0.31445894E-29  0.55536488E-29
  0.20520179E+14  0.26671085E-29  0.50750737E-29
  0.20613453E+14  0.22767814E-29  0.47678445E-29
  0.20706726E+14  0.19768078E-29  0.44830449E-29
  0.20800000E+14  0.17095982E-29  0.42438490E-29
  0.20893274E+14  0.14750532E-29  0.39765813E-29
  0.20986547E+14  0.13934659E-29  0.37279576E-29
  0.21079821E+14  0.12327104E-29  0.36112110E-29
  0.21173094E+14  0.11012649E-29  0.34708858E-29
  0.21266368E+14  0.96745938E-30  0.33750688E-29
  0.21359641E+14  0.79152637E-30  0.32505304E-29
  0.21452915E+14  0.65997519E-30  0.31094157E-29
  0.21546188E+14  0.53434093E-30  0.29636089E-29
  0.21639462E+14  0.43458221E-30  0.28226164E-29
  0.21732735E+14  0.33100437E-30  0.26846244E-29
  0.21826009E+14  0.26427769E-30  0.25465211E-29
  0.21919283E+14  0.19070357E-30  0.24322094E-29
  0.22012556E+14  0.13565595E-30  0.22987832E-29
  0.22105830E+14  0.93040836E-31  0.21913815E-29
  0.22199103E+14  0.54392037E-31  0.20761683E-29
  0.22292377E+14  0.19428580E-31  0.19827647E-29
  0.22385650E+14 -0.98229438E-32  0.18749971E-29
  0.22478924E+14 -0.34476812E-31  0.17845972E-29
  0.22572197E+14 -0.40847692E-31  0.16896164E-29
  0.22665471E+14 -0.69923853E-31  0.16016186E-29
  0.22758744E+14 -0.77574524E-31  0.15252748E-29
  0.22852018E+14 -0.77403227E-31  0.14433986E-29
  0.22945291E+14 -0.98146071E-31  0.13663409E-29
  0.23038565E+14 -0.84257143E-31  0.12970579E-29
  0.23131839E+14 -0.80712644E-31  0.12286567E-29
  0.23225112E+14 -0.62970536E-31  0.11651961E-29
  0.23318386E+14 -0.44034679E-31  0.11105171E-29
  0.23411659E+14 -0.12476014E-31  0.10657458E-29
  0.23504933E+14  0.00000000E+00  0.10499945E-29
  0.23598206E+14  0.00000000E+00  0.10225089E-29
  0.23691480E+14  0.00000000E+00  0.99274316E-30
  0.23784753E+14  0.00000000E+00  0.96285678E-30
  0.23878027E+14  0.00000000E+00  0.93348993E-30
  0.23971300E+14  0.00000000E+00  0.90488481E-30
  0.24064574E+14  0.00000000E+00  0.87713196E-30
  0.24157848E+14  0.00000000E+00  0.85025354E-30
  0.24251121E+14  0.00000000E+00  0.82423819E-30
  0.24344395E+14  0.00000000E+00  0.79905746E-30
  0.24437668E+14  0.00000000E+00  0.77467424E-30
  0.24530942E+14  0.00000000E+00  0.75104733E-30
  0.24624215E+14  0.00000000E+00  0.72813403E-30
  0.24717489E+14  0.00000000E+00  0.70589155E-30
  0.24810762E+14  0.00000000E+00  0.68427787E-30
  0.24904036E+14  0.00000000E+00  0.66325213E-30
  0.24997309E+14  0.00000000E+00  0.64277494E-30
  0.25090583E+14  0.00000000E+00  0.62280838E-30
  0.25183857E+14  0.00000000E+00  0.60331603E-30
  0.25277130E+14  0.00000000E+00  0.58426294E-30
  0.25370404E+14  0.00000000E+00  0.56561550E-30
  0.25463677E+14  0.00000000E+00  0.54734137E-30
  0.25556951E+14  0.00000000E+00  0.52940934E-30
  0.25650224E+14  0.00000000E+00  0.51178922E-30
  0.25743498E+14  0.00000000E+00  0.49445169E-30
  0.25836771E+14  0.00000000E+00  0.47736824E-30
  0.25930045E+14  0.00000000E+00  0.46051093E-30
  0.26023318E+14  0.00000000E+00  0.44385237E-30
  0.26116592E+14  0.00000000E+00  0.42736553E-30
  0.26209865E+14  0.00000000E+00  0.41102360E-30
  0.26303139E+14  0.00000000E+00  0.39479990E-30
  0.26396413E+14  0.00000000E+00  0.37866770E-30
  0.26489686E+14  0.00000000E+00  0.36260011E-30
  0.26582960E+14  0.00000000E+00  0.34656989E-30
  0.26676233E+14  0.00000000E+00  0.33054933E-30
  0.26769507E+14  0.00000000E+00  0.31451006E-30
  0.26862780E+14  0.00000000E+00  0.29842286E-30
  0.26956054E+14  0.00000000E+00  0.28225748E-30
  0.27049327E+14  0.00000000E+00  0.26598241E-30
  0.27142601E+14  0.00000000E+00  0.24956464E-30
  0.27235874E+14  0.00000000E+00  0.23296939E-30
  0.27329148E+14  0.00000000E+00  0.21615982E-30
  0.27422422E+14  0.00000000E+00  0.19909665E-30
  0.27515695E+14  0.00000000E+00  0.18173780E-30
  0.27608969E+14  0.00000000E+00  0.16403794E-30
  0.27702242E+14  0.00000000E+00  0.14594792E-30
  0.27795516E+14  0.00000000E+00  0.12741424E-30
  0.27888789E+14  0.00000000E+00  0.10837827E-30
  0.27982063E+14  0.00000000E+00  0.88775437E-31
  0.28075336E+14  0.00000000E+00  0.68534236E-31
  0.28168610E+14  0.00000000E+00  0.47575020E-31
  0.28261883E+14  0.00000000E+00  0.25808582E-31
  0.28355157E+14  0.00000000E+00  0.31344130E-32
  0.28448430E+14  0.00000000E+00 -0.20561415E-31
  0.28541704E+14  0.00000000E+00 -0.45408848E-31
  0.28634978E+14  0.00000000E+00 -0.71557079E-31
  0.28728251E+14  0.00000000E+00 -0.99178570E-31
  0.28821525E+14  0.00000000E+00 -0.12847413E-30
  0.28914798E+14  0.00000000E+00 -0.15967937E-30
  0.29008072E+14  0.00000000E+00 -0.19307294E-30
  0.29101345E+14  0.00000000E+00 -0.22898726E-30
  0.29194619E+14  0.00000000E+00 -0.26782242E-30
  0.29287892E+14  0.00000000E+00 -0.31006450E-30
  0.29381166E+14  0.00000000E+00 -0.35630960E-30
  0.29474439E+14  0.00000000E+00 -0.40729550E-30
  0.29567713E+14  0.00000000E+00 -0.46394244E-30
  0.29660987E+14  0.00000000E+00 -0.52740303E-30
  0.29754260E+14  0.00000000E+00 -0.59911445E-30
  0.29847534E+14  0.00000000E+00 -0.68082055E-30
  0.29940807E+14  0.00000000E+00 -0.77444210E-30
  0.30034081E+14  0.00000000E+00 -0.88132498E-30
  0.30127354E+14  0.00000000E+00 -0.99883203E-30
  0.30220628E+14  0.00000000E+00 -0.11030005E-29
  0.30313901E+14  0.00000000E+00 -0.93217997E-30
  0.30407175E+14 -0.25807779E-29 -0.66797149E-30
  0.30500448E+14 -0.33996318E-29 -0.72736520E-29
  0.30593722E+14  0.50663217E-29 -0.10058115E-28
  0.30686996E+14  0.11124717E-28 -0.46249104E-29
  0.30780269E+14  0.11639992E-28  0.25728830E-29
  0.30873543E+14  0.80020681E-29  0.85172728E-29
  0.30966816E+14  0.46785009E-30  0.12062728E-28
  0.31060090E+14 -0.71270318E-29  0.53387809E-29
  0.31153363E+14 -0.64716817E-29 -0.86112702E-31
  0.31246637E+14 -0.45719111E-29 -0.33253045E-29
  0.31339910E+14 -0.21503585E-29 -0.50727505E-29
  0.31433184E+14  0.37503382E-30 -0.57097194E-29
  0.31526457E+14  0.26811634E-29 -0.54685491E-29
  0.31619731E+14  0.46970509E-29 -0.45346257E-29
  0.31713004E+14  0.64393245E-29 -0.28941595E-29
  0.31806278E+14  0.76381927E-29 -0.19686696E-30
  0.31899552E+14  0.48118155E-29  0.32931231E-29
  0.31992825E+14  0.33698093E-29  0.24802557E-29
  0.32086099E+14  0.27496517E-29  0.22038656E-29
  0.32179372E+14  0.23717087E-29  0.20224039E-29
  0.32272646E+14  0.21225660E-29  0.18794737E-29
  0.32365919E+14  0.19363079E-29  0.17603112E-29
  0.32459193E+14  0.18060234E-29  0.16719928E-29
  0.32552466E+14  0.17279103E-29  0.15823341E-29
  0.32645740E+14  0.16701310E-29  0.15167939E-29
  0.32739013E+14  0.16543775E-29  0.14706681E-29
  0.32832287E+14  0.16496235E-29  0.14372409E-29
  0.32925561E+14  0.16616956E-29  0.14285704E-29
  0.33018834E+14  0.16860381E-29  0.14383396E-29
  0.33112108E+14  0.17158927E-29  0.14710329E-29
  0.33205381E+14  0.17468464E-29  0.15254604E-29
  0.33298655E+14  0.17813663E-29  0.15953971E-29
  0.33391928E+14  0.18118939E-29  0.16919570E-29
  0.33485202E+14  0.18319254E-29  0.18135056E-29
  0.33578475E+14  0.18455355E-29  0.19641380E-29
  0.33671749E+14  0.18144291E-29  0.21561678E-29
  0.33765022E+14  0.17182957E-29  0.23413068E-29
  0.33858296E+14  0.15875370E-29  0.25020848E-29
  0.33951570E+14  0.14332183E-29  0.26387881E-29
  0.34044843E+14  0.12613309E-29  0.27500931E-29
  0.34138117E+14  0.10817166E-29  0.28401539E-29
  0.34231390E+14  0.88613218E-30  0.29091131E-29
  0.34324664E+14  0.68642425E-30  0.29521785E-29
  0.34417937E+14  0.47730578E-30  0.29659852E-29
  0.34511211E+14  0.28717954E-30  0.29632800E-29
  0.34604484E+14  0.72670068E-31  0.29418815E-29
  0.34697758E+14 -0.13210245E-30  0.28957638E-29
  0.34791031E+14 -0.34196512E-30  0.28018777E-29
  0.34884305E+14 -0.52875426E-30  0.26805764E-29
  0.34977578E+14 -0.68382222E-30  0.25236942E-29
  0.35070852E+14 -0.79929962E-30  0.23369749E-29
  0.35164126E+14 -0.83638633E-30  0.21464273E-29
  0.35257399E+14 -0.84345704E-30  0.20128432E-29
  0.35350673E+14 -0.85003659E-30  0.19079737E-29
  0.35443946E+14 -0.85384042E-30  0.18176598E-29
  0.35537220E+14 -0.86416689E-30  0.17403133E-29
  0.35630493E+14 -0.87988764E-30  0.16721985E-29
  0.35723767E+14 -0.91279097E-30  0.15965454E-29
  0.35817040E+14 -0.92642357E-30  0.15066001E-29
  0.35910314E+14 -0.92958191E-30  0.14242717E-29
  0.36003587E+14 -0.92813266E-30  0.13475336E-29
  0.36096861E+14 -0.92169031E-30  0.12753861E-29
  0.36190135E+14 -0.91108060E-30  0.12088280E-29
  0.36283408E+14 -0.89870872E-30  0.11464771E-29
  0.36376682E+14 -0.88435391E-30  0.10887132E-29
  0.36469955E+14 -0.86703604E-30  0.10342404E-29
  0.36563229E+14 -0.84990441E-30  0.98377263E-30
  0.36656502E+14 -0.83056456E-30  0.93702779E-30
  0.36749776E+14 -0.81142494E-30  0.89265409E-30
  0.36843049E+14 -0.78977216E-30  0.85253692E-30
  0.36936323E+14 -0.76847567E-30  0.81416048E-30
  0.37029596E+14 -0.74587499E-30  0.77942876E-30
  0.37122870E+14 -0.72387111E-30  0.74630739E-30
  0.37216143E+14 -0.70038777E-30  0.71694645E-30
  0.37309417E+14 -0.67749129E-30  0.68847715E-30
  0.37402691E+14 -0.65336508E-30  0.66342683E-30
  0.37495964E+14 -0.62974710E-30  0.63996979E-30
  0.37589238E+14 -0.60484468E-30  0.61973124E-30
  0.37682511E+14 -0.58182527E-30  0.60109673E-30
  0.37775785E+14 -0.55710618E-30  0.58486624E-30
  0.37869058E+14 -0.53402646E-30  0.57087760E-30
  0.37962332E+14 -0.51048702E-30  0.55865195E-30
  0.38055605E+14 -0.48819803E-30  0.54856300E-30
  0.38148879E+14 -0.46565472E-30  0.53992551E-30
  0.38242152E+14 -0.44455899E-30  0.53384637E-30
  0.38335426E+14 -0.42401070E-30  0.52816723E-30
  0.38428700E+14 -0.40361804E-30  0.52511030E-30
  0.38521973E+14 -0.38465733E-30  0.52280772E-30
  0.38615247E+14 -0.36591068E-30  0.52247549E-30
  0.38708520E+14 -0.34889428E-30  0.52296668E-30
  0.38801794E+14 -0.33157915E-30  0.52451608E-30
  0.38895067E+14 -0.31624856E-30  0.52815458E-30
  0.38988341E+14 -0.30185254E-30  0.53156510E-30
  0.39081614E+14 -0.28745660E-30  0.53674189E-30
  0.39174888E+14 -0.27506681E-30  0.54291067E-30
  0.39268161E+14 -0.26342698E-30  0.54947963E-30
  0.39361435E+14 -0.25255668E-30  0.55688101E-30
  0.39454709E+14 -0.24272090E-30  0.56536409E-30
  0.39547982E+14 -0.23455278E-30  0.57427916E-30
  0.39641256E+14 -0.22688379E-30  0.58327708E-30
  0.39734529E+14 -0.22001487E-30  0.59365234E-30
  0.39827803E+14 -0.21513174E-30  0.60408016E-30
  0.39921076E+14 -0.21058138E-30  0.61447811E-30
  0.40014350E+14 -0.20703637E-30  0.62586912E-30
  0.40107623E+14 -0.20514357E-30  0.63740418E-30
  0.40200897E+14 -0.20395575E-30  0.64867205E-30
  0.40294170E+14 -0.20349644E-30  0.66058705E-30
  0.40387444E+14 -0.20468788E-30  0.67269496E-30
  0.40480717E+14 -0.20664094E-30  0.68437819E-30
  0.40573991E+14 -0.20931252E-30  0.69646647E-30
  0.40667265E+14 -0.21348202E-30  0.70849170E-30
  0.40760538E+14 -0.21839910E-30  0.72026086E-30
  0.40853812E+14 -0.22437683E-30  0.73199817E-30
  0.40947085E+14 -0.23109928E-30  0.74354524E-30
  0.41040359E+14 -0.23896423E-30  0.75506736E-30
  0.41133632E+14 -0.24776409E-30  0.76593638E-30
  0.41226906E+14 -0.25721544E-30  0.77686133E-30
  0.41320179E+14 -0.26806322E-30  0.78738184E-30
  0.41413453E+14 -0.27917492E-30  0.79730339E-30
  0.41506726E+14 -0.29145080E-30  0.80721374E-30
  0.41600000E+14 -0.30450509E-30  0.81610738E-30
  0.41693274E+14 -0.31801047E-30  0.82517800E-30
  0.41786547E+14 -0.33330128E-30  0.83338850E-30
  0.41879821E+14 -0.34797676E-30  0.84065471E-30
  0.41973094E+14 -0.36397175E-30  0.84849380E-30
  0.42066368E+14 -0.38132294E-30  0.85443942E-30
  0.42159641E+14 -0.39783546E-30  0.86015647E-30
  0.42252915E+14 -0.41629546E-30  0.86601801E-30
  0.42346188E+14 -0.43505948E-30  0.86995418E-30
  0.42439462E+14 -0.45353514E-30  0.87382654E-30
  0.42532735E+14 -0.47343458E-30  0.87708293E-30
  0.42626009E+14 -0.49387432E-30  0.87932655E-30
  0.42719283E+14 -0.51453010E-30  0.88042060E-30
  0.42812556E+14 -0.53487656E-30  0.88143656E-30
  0.42905830E+14 -0.55703038E-30  0.88169199E-30
  0.42999103E+14 -0.57864194E-30  0.87955319E-30
  0.43092377E+14 -0.59991723E-30  0.87880010E-30
  0.43185650E+14 -0.62423618E-30  0.87611100E-30
  0.43278924E+14 -0.64571993E-30  0.87109221E-30
  0.43372197E+14 -0.66791884E-30  0.86823801E-30
  0.43465471E+14 -0.69284076E-30  0.86217559E-30
  0.43558744E+14 -0.71461608E-30  0.85507081E-30
  0.43652018E+14 -0.73839093E-30  0.84915991E-30
  0.43745291E+14 -0.76284645E-30  0.84002960E-30
  0.43838565E+14 -0.78521428E-30  0.83051721E-30
  0.43931839E+14 -0.80879258E-30  0.82111077E-30
  0.44025112E+14 -0.83328058E-30  0.80953611E-30
  0.44118386E+14 -0.85578754E-30  0.79678866E-30
  0.44211659E+14 -0.87877816E-30  0.78485759E-30
  0.44304933E+14 -0.90378773E-30  0.77022272E-30
  0.44398206E+14 -0.92500608E-30  0.75412956E-30
  0.44491480E+14 -0.94797712E-30  0.74005899E-30
  0.44584753E+14 -0.97247719E-30  0.72116971E-30
  0.44678027E+14 -0.99230267E-30  0.70303191E-30
  0.44771300E+14 -0.10158187E-29  0.68586732E-30
  0.44864574E+14 -0.10376645E-29  0.66339027E-30
  0.44957848E+14 -0.10565545E-29  0.64386880E-30
  0.45051121E+14 -0.10800548E-29  0.62220199E-30
  0.45144395E+14 -0.10989028E-29  0.59713263E-30
  0.45237668E+14 -0.11181505E-29  0.57538868E-30
  0.45330942E+14 -0.11394417E-29  0.54965067E-30
  0.45424215E+14 -0.11561975E-29  0.52297871E-30
  0.45517489E+14 -0.11744668E-29  0.49764430E-30
  0.45610762E+14 -0.11929013E-29  0.46872426E-30
  0.45704036E+14 -0.12078029E-29  0.43976998E-30
  0.45797309E+14 -0.12245159E-29  0.41167676E-30
  0.45890583E+14 -0.12404060E-29  0.37907834E-30
  0.45983857E+14 -0.12522755E-29  0.34873343E-30
  0.46077130E+14 -0.12686083E-29  0.31707279E-30
  0.46170404E+14 -0.12790667E-29  0.28156134E-30
  0.46263677E+14 -0.12903469E-29  0.25027191E-30
  0.46356951E+14 -0.13027050E-29  0.21311707E-30
  0.46450224E+14 -0.13088848E-29  0.17774988E-30
  0.46543498E+14 -0.13200903E-29  0.14248346E-30
  0.46636771E+14 -0.13261086E-29  0.10259180E-30
  0.46730045E+14 -0.13315744E-29  0.66759990E-31
  0.46823318E+14 -0.13381450E-29  0.26161215E-31
  0.46916592E+14 -0.13388065E-29 -0.13627612E-31
  0.47009865E+14 -0.13433378E-29 -0.53119579E-31
  0.47103139E+14 -0.13431069E-29 -0.96456529E-31
  0.47196413E+14 -0.13417558E-29 -0.13658011E-30
  0.47289686E+14 -0.13411129E-29 -0.18157586E-30
  0.47382960E+14 -0.13352768E-29 -0.22467396E-30
  0.47476233E+14 -0.13328699E-29 -0.26886127E-30
  0.47569507E+14 -0.13234167E-29 -0.31636150E-30
  0.47662780E+14 -0.13153669E-29 -0.36145589E-30
  0.47756054E+14 -0.13050847E-29 -0.41215225E-30
  0.47849327E+14 -0.12915370E-29 -0.46072806E-30
  0.47942601E+14 -0.12795921E-29 -0.51775278E-30
  0.48035874E+14 -0.12487724E-29 -0.57945422E-30
  0.48129148E+14 -0.12143775E-29 -0.63239290E-30
  0.48222422E+14 -0.11697683E-29 -0.67896256E-30
  0.48315695E+14 -0.11293238E-29 -0.72025189E-30
  0.48408969E+14 -0.10835262E-29 -0.76019878E-30
  0.48502242E+14 -0.10382451E-29 -0.79408017E-30
  0.48595516E+14 -0.99089184E-30 -0.82705584E-30
  0.48688789E+14 -0.94472642E-30 -0.85409339E-30
  0.48782063E+14 -0.89803346E-30 -0.88157207E-30
  0.48875336E+14 -0.84902268E-30 -0.90237534E-30
  0.48968610E+14 -0.79582891E-30 -0.92204902E-30
  0.49061883E+14 -0.74280738E-30 -0.93776436E-30
  0.49155157E+14 -0.69165482E-30 -0.95245012E-30
  0.49248430E+14 -0.64450240E-30 -0.96203945E-30
  0.49341704E+14 -0.59216328E-30 -0.96909992E-30
  0.49434978E+14 -0.53899101E-30 -0.97356414E-30
  0.49528251E+14 -0.48688150E-30 -0.97618935E-30
  0.49621525E+14 -0.43760258E-30 -0.97520854E-30
  0.49714798E+14 -0.38840969E-30 -0.97078473E-30
  0.49808072E+14 -0.33706306E-30 -0.96316477E-30
  0.49901345E+14 -0.28723495E-30 -0.95423072E-30
  0.49994619E+14 -0.24042975E-30 -0.94164085E-30
  0.50087892E+14 -0.19316344E-30 -0.92583909E-30
  0.50181166E+14 -0.14798105E-30 -0.90832464E-30
  0.50274439E+14 -0.10270282E-30 -0.88670307E-30
  0.50367713E+14 -0.59509526E-31 -0.86336297E-30
  0.50460987E+14 -0.19460883E-31 -0.83788409E-30
  0.50554260E+14  0.19651578E-31 -0.80810238E-30
  0.50647534E+14  0.56939293E-31 -0.77677445E-30
  0.50740807E+14  0.90367917E-31 -0.74313379E-30
  0.50834081E+14  0.12201775E-30 -0.70554550E-30
  0.50927354E+14  0.15331929E-30 -0.66522584E-30
  0.51020628E+14  0.18187101E-30 -0.62394826E-30
  0.51113901E+14  0.20698499E-30 -0.57952176E-30
  0.51207175E+14  0.22932860E-30 -0.53099013E-30
  0.51300448E+14  0.23521147E-30 -0.48299364E-30
  0.51393722E+14  0.23126269E-30 -0.43141525E-30
  0.51486996E+14  0.23996598E-30 -0.37180913E-30
  0.51580269E+14  0.22227596E-30 -0.32492336E-30
  0.51673543E+14  0.21830792E-30 -0.26512411E-30
  0.51766816E+14  0.18363906E-30 -0.20811731E-30
  0.51860090E+14  0.70733613E-31 -0.16987336E-30
  0.51953363E+14  0.00000000E+00 -0.14019015E-30
  0.52046637E+14  0.00000000E+00 -0.21838466E-30
  0.52139910E+14  0.00000000E+00 -0.23408754E-30
  0.52233184E+14  0.00000000E+00 -0.24099375E-30
  0.52326457E+14  0.00000000E+00 -0.24377732E-30
  0.52419731E+14  0.00000000E+00 -0.24424921E-30
  0.52513004E+14  0.00000000E+00 -0.24330355E-30
  0.52606278E+14  0.00000000E+00 -0.24144343E-30
  0.52699552E+14  0.00000000E+00 -0.23897625E-30
  0.52792825E+14  0.00000000E+00 -0.23610082E-30
  0.52886099E+14  0.00000000E+00 -0.23295111E-30
  0.52979372E+14  0.00000000E+00 -0.22962019E-30
  0.53072646E+14  0.00000000E+00 -0.22617424E-30
  0.53165919E+14  0.00000000E+00 -0.22266116E-30
  0.53259193E+14  0.00000000E+00 -0.21911607E-30
  0.53352466E+14  0.00000000E+00 -0.21556496E-30
  0.53445740E+14  0.00000000E+00 -0.21202719E-30
  0.53539013E+14  0.00000000E+00 -0.20851722E-30
  0.53632287E+14  0.00000000E+00 -0.20504582E-30
  0.53725561E+14  0.00000000E+00 -0.20162098E-30
  0.53818834E+14  0.00000000E+00 -0.19824857E-30
  0.53912108E+14  0.00000000E+00 -0.19493284E-30
  0.54005381E+14  0.00000000E+00 -0.19167674E-30
  0.54098655E+14  0.00000000E+00 -0.18848227E-30
  0.54191928E+14  0.00000000E+00 -0.18535065E-30
  0.54285202E+14  0.00000000E+00 -0.18228248E-30
  0.54378475E+14  0.00000000E+00 -0.17927792E-30
  0.54471749E+14  0.00000000E+00 -0.17633675E-30
  0.54565022E+14  0.00000000E+00 -0.17345846E-30
  0.54658296E+14  0.00000000E+00 -0.17064231E-30
  0.54751570E+14  0.00000000E+00 -0.16788741E-30
  0.54844843E+14  0.00000000E+00 -0.16519274E-30
  0.54938117E+14  0.00000000E+00 -0.16255716E-30
  0.55031390E+14  0.00000000E+00 -0.15997948E-30
  0.55124664E+14  0.00000000E+00 -0.15745844E-30
  0.55217937E+14  0.00000000E+00 -0.15499279E-30
  0.55311211E+14  0.00000000E+00 -0.15258121E-30
  0.55404484E+14  0.00000000E+00 -0.15022240E-30
  0.55497758E+14  0.00000000E+00 -0.14791506E-30
  0.55591031E+14  0.00000000E+00 -0.14565789E-30
  0.55684305E+14  0.00000000E+00 -0.14344961E-30
  0.55777578E+14  0.00000000E+00 -0.14128896E-30
  0.55870852E+14  0.00000000E+00 -0.13917469E-30
  0.55964126E+14  0.00000000E+00 -0.13710559E-30
  0.56057399E+14  0.00000000E+00 -0.13508046E-30
  0.56150673E+14  0.00000000E+00 -0.13309813E-30
  0.56243946E+14  0.00000000E+00 -0.13115746E-30
  0.56337220E+14  0.00000000E+00 -0.12925736E-30
  0.56430493E+14  0.00000000E+00 -0.12739674E-30
  0.56523767E+14  0.00000000E+00 -0.12557454E-30
  0.56617040E+14  0.00000000E+00 -0.12378975E-30
  0.56710314E+14  0.00000000E+00 -0.12204137E-30
  0.56803587E+14  0.00000000E+00 -0.12032845E-30
  0.56896861E+14  0.00000000E+00 -0.11865004E-30
  0.56990135E+14  0.00000000E+00 -0.11700523E-30
  0.57083408E+14  0.00000000E+00 -0.11539316E-30
  0.57176682E+14  0.00000000E+00 -0.11381296E-30
  0.57269955E+14  0.00000000E+00 -0.11226381E-30
  0.57363229E+14  0.00000000E+00 -0.11074490E-30
  0.57456502E+14  0.00000000E+00 -0.10925545E-30
  0.57549776E+14  0.00000000E+00 -0.10779471E-30
  0.57643049E+14  0.00000000E+00 -0.10636195E-30
  0.57736323E+14  0.00000000E+00 -0.10495646E-30
  0.57829596E+14  0.00000000E+00 -0.10357755E-30
  0.57922870E+14  0.00000000E+00 -0.10222455E-30
  0.58016143E+14  0.00000000E+00 -0.10089682E-30
  0.58109417E+14  0.00000000E+00 -0.99593729E-31
  0.58202691E+14  0.00000000E+00 -0.98314671E-31
  0.58295964E+14  0.00000000E+00 -0.97059057E-31
  0.58389238E+14  0.00000000E+00 -0.95826314E-31
  0.58482511E+14  0.00000000E+00 -0.94615888E-31
  0.58575785E+14  0.00000000E+00 -0.93427242E-31
  0.58669058E+14  0.00000000E+00 -0.92259853E-31
  0.58762332E+14  0.00000000E+00 -0.91113216E-31
  0.58855605E+14  0.00000000E+00 -0.89986839E-31
  0.58948879E+14  0.00000000E+00 -0.88880244E-31
  0.59042152E+14  0.00000000E+00 -0.87792970E-31
  0.59135426E+14  0.00000000E+00 -0.86724567E-31
  0.59228700E+14  0.00000000E+00 -0.85674599E-31
  0.59321973E+14  0.00000000E+00 -0.84642641E-31
  0.59415247E+14  0.00000000E+00 -0.83628283E-31
  0.59508520E+14  0.00000000E+00 -0.82631124E-31
  0.59601794E+14  0.00000000E+00 -0.81650777E-31
  0.59695067E+14  0.00000000E+00 -0.80686863E-31
  0.59788341E+14  0.00000000E+00 -0.79739017E-31
  0.59881614E+14  0.00000000E+00 -0.78806882E-31
  0.59974888E+14  0.00000000E+00 -0.77890110E-31
  0.60068161E+14  0.00000000E+00 -0.76988366E-31
  0.60161435E+14  0.00000000E+00 -0.76101322E-31
  0.60254709E+14  0.00000000E+00 -0.75228659E-31
  0.60347982E+14  0.00000000E+00 -0.74370067E-31
  0.60441256E+14  0.00000000E+00 -0.73525244E-31
  0.60534529E+14  0.00000000E+00 -0.72693898E-31
  0.60627803E+14  0.00000000E+00 -0.71875743E-31
  0.60721076E+14  0.00000000E+00 -0.71070500E-31
  0.60814350E+14  0.00000000E+00 -0.70277900E-31
  0.60907623E+14  0.00000000E+00 -0.69497678E-31
  0.61000897E+14  0.00000000E+00 -0.68729580E-31
  0.61094170E+14  0.00000000E+00 -0.67973354E-31
  0.61187444E+14  0.00000000E+00 -0.67228757E-31
  0.61280717E+14  0.00000000E+00 -0.66495553E-31
  0.61373991E+14  0.00000000E+00 -0.65773510E-31
  0.61467265E+14  0.00000000E+00 -0.65062405E-31
  0.61560538E+14  0.00000000E+00 -0.64362016E-31
  0.61653812E+14  0.00000000E+00 -0.63672132E-31
  0.61747085E+14  0.00000000E+00 -0.62992542E-31
  0.61840359E+14  0.00000000E+00 -0.62323045E-31
  0.61933632E+14  0.00000000E+00 -0.61663442E-31
  0.62026906E+14  0.00000000E+00 -0.61013539E-31
  0.62120179E+14  0.00000000E+00 -0.60373150E-31
  0.62213453E+14  0.00000000E+00 -0.59742089E-31
  0.62306726E+14  0.00000000E+00 -0.59120177E-31
  0.62400000E+14  0.00000000E+00 -0.58507240E-31
  0.62493274E+14  0.00000000E+00 -0.57903106E-31
  0.62586547E+14  0.00000000E+00 -0.57307609E-31
  0.62679821E+14  0.00000000E+00 -0.56720587E-31
  0.62773094E+14  0.00000000E+00 -0.56141879E-31
  0.62866368E+14  0.00000000E+00 -0.55571333E-31
  0.62959641E+14  0.00000000E+00 -0.55008795E-31
  0.63052915E+14  0.00000000E+00 -0.54454118E-31
  0.63146188E+14  0.00000000E+00 -0.53907157E-31
  0.63239462E+14  0.00000000E+00 -0.53367772E-31
  0.63332735E+14  0.00000000E+00 -0.52835825E-31
  0.63426009E+14  0.00000000E+00 -0.52311180E-31
  0.63519283E+14  0.00000000E+00 -0.51793707E-31
  0.63612556E+14  0.00000000E+00 -0.51283276E-31
  0.63705830E+14  0.00000000E+00 -0.50779762E-31
  0.63799103E+14  0.00000000E+00 -0.50283041E-31
  0.63892377E+14  0.00000000E+00 -0.49792995E-31
  0.63985650E+14  0.00000000E+00 -0.49309504E-31
  0.64078924E+14  0.00000000E+00 -0.48832455E-31
  0.64172197E+14  0.00000000E+00 -0.48361735E-31
  0.64265471E+14  0.00000000E+00 -0.47897233E-31
  0.64358744E+14  0.00000000E+00 -0.47438844E-31
  0.64452018E+14  0.00000000E+00 -0.46986460E-31
  0.64545291E+14  0.00000000E+00 -0.46539980E-31
  0.64638565E+14  0.00000000E+00 -0.46099302E-31
  0.64731839E+14  0.00000000E+00 -0.45664329E-31
  0.64825112E+14  0.00000000E+00 -0.45234963E-31
  0.64918386E+14  0.00000000E+00 -0.44811111E-31
  0.65011659E+14  0.00000000E+00 -0.44392679E-31
  0.65104933E+14  0.00000000E+00 -0.43979578E-31
  0.65198206E+14  0.00000000E+00 -0.43571719E-31
  0.65291480E+14  0.00000000E+00 -0.43169015E-31
  0.65384753E+14  0.00000000E+00 -0.42771381E-31
  0.65478027E+14  0.00000000E+00 -0.42378735E-31
  0.65571300E+14  0.00000000E+00 -0.41990994E-31
  0.65664574E+14  0.00000000E+00 -0.41608078E-31
  0.65757848E+14  0.00000000E+00 -0.41229911E-31
  0.65851121E+14  0.00000000E+00 -0.40856415E-31
  0.65944395E+14  0.00000000E+00 -0.40487514E-31
  0.66037668E+14  0.00000000E+00 -0.40123136E-31
  0.66130942E+14  0.00000000E+00 -0.39763209E-31
  0.66224215E+14  0.00000000E+00 -0.39407662E-31
  0.66317489E+14  0.00000000E+00 -0.39056425E-31
  0.66410762E+14  0.00000000E+00 -0.38709431E-31
  0.66504036E+14  0.00000000E+00 -0.38366613E-31
  0.66597309E+14  0.00000000E+00 -0.38027906E-31
  0.66690583E+14  0.00000000E+00 -0.37693246E-31
  0.66783857E+14  0.00000000E+00 -0.37362571E-31
  0.66877130E+14  0.00000000E+00 -0.37035819E-31
  0.66970404E+14  0.00000000E+00 -0.36712929E-31
  0.67063677E+14  0.00000000E+00 -0.36393843E-31
  0.67156951E+14  0.00000000E+00 -0.36078502E-31
  0.67250224E+14  0.00000000E+00 -0.35766850E-31
  0.67343498E+14  0.00000000E+00 -0.35458830E-31
  0.67436771E+14  0.00000000E+00 -0.35154389E-31
  0.67530045E+14  0.00000000E+00 -0.34853472E-31
  0.67623318E+14  0.00000000E+00 -0.34556026E-31
  0.67716592E+14  0.00000000E+00 -0.34262000E-31
  0.67809865E+14  0.00000000E+00 -0.33971342E-31
  0.67903139E+14  0.00000000E+00 -0.33684004E-31
  0.67996413E+14  0.00000000E+00 -0.33399936E-31
  0.68089686E+14  0.00000000E+00 -0.33119090E-31
  0.68182960E+14  0.00000000E+00 -0.32841420E-31
  0.68276233E+14  0.00000000E+00 -0.32566877E-31
  0.68369507E+14  0.00000000E+00 -0.32295418E-31
  0.68462780E+14  0.00000000E+00 -0.32026997E-31
  0.68556054E+14  0.00000000E+00 -0.31761571E-31
  0.68649327E+14  0.00000000E+00 -0.31499097E-31
  0.68742601E+14  0.00000000E+00 -0.31239532E-31
  0.68835874E+14  0.00000000E+00 -0.30982835E-31
  0.68929148E+14  0.00000000E+00 -0.30728965E-31
  0.69022422E+14  0.00000000E+00 -0.30477882E-31
  0.69115695E+14  0.00000000E+00 -0.30229547E-31
  0.69208969E+14  0.00000000E+00 -0.29983921E-31
  0.69302242E+14  0.00000000E+00 -0.29740965E-31
  0.69395516E+14  0.00000000E+00 -0.29500643E-31
  0.69488789E+14  0.00000000E+00 -0.29262918E-31
  0.69582063E+14  0.00000000E+00 -0.29027755E-31
  0.69675336E+14  0.00000000E+00 -0.28795116E-31
  0.69768610E+14  0.00000000E+00 -0.28564968E-31
  0.69861883E+14  0.00000000E+00 -0.28337277E-31
  0.69955157E+14  0.00000000E+00 -0.28112008E-31
  0.70048430E+14  0.00000000E+00 -0.27889129E-31
  0.70141704E+14  0.00000000E+00 -0.27668607E-31
  0.70234978E+14  0.00000000E+00 -0.27450411E-31
  0.70328251E+14  0.00000000E+00 -0.27234508E-31
  0.70421525E+14  0.00000000E+00 -0.27020868E-31
  0.70514798E+14  0.00000000E+00 -0.26809461E-31
  0.70608072E+14  0.00000000E+00 -0.26600256E-31
  0.70701345E+14  0.00000000E+00 -0.26393225E-31
  0.70794619E+14  0.00000000E+00 -0.26188338E-31
  0.70887892E+14  0.00000000E+00 -0.25985566E-31
  0.70981166E+14  0.00000000E+00 -0.25784883E-31
  0.71074439E+14  0.00000000E+00 -0.25586260E-31
  0.71167713E+14  0.00000000E+00 -0.25389671E-31
  0.71260987E+14  0.00000000E+00 -0.25195088E-31
  0.71354260E+14  0.00000000E+00 -0.25002486E-31
  0.71447534E+14  0.00000000E+00 -0.24811839E-31
  0.71540807E+14  0.00000000E+00 -0.24623121E-31
  0.71634081E+14  0.00000000E+00 -0.24436308E-31
  0.71727354E+14  0.00000000E+00 -0.24251375E-31
  0.71820628E+14  0.00000000E+00 -0.24068297E-31
  0.71913901E+14  0.00000000E+00 -0.23887052E-31
  0.72007175E+14  0.00000000E+00 -0.23707616E-31
  0.72100448E+14  0.00000000E+00 -0.23529965E-31
  0.72193722E+14  0.00000000E+00 -0.23354077E-31
  0.72286996E+14  0.00000000E+00 -0.23179930E-31
  0.72380269E+14  0.00000000E+00 -0.23007501E-31
  0.72473543E+14  0.00000000E+00 -0.22836770E-31
  0.72566816E+14  0.00000000E+00 -0.22667715E-31
  0.72660090E+14  0.00000000E+00 -0.22500314E-31
  0.72753363E+14  0.00000000E+00 -0.22334548E-31
  0.72846637E+14  0.00000000E+00 -0.22170396E-31
  0.72939910E+14  0.00000000E+00 -0.22007837E-31
  0.73033184E+14  0.00000000E+00 -0.21846853E-31
  0.73126457E+14  0.00000000E+00 -0.21687424E-31
  0.73219731E+14  0.00000000E+00 -0.21529530E-31
  0.73313004E+14  0.00000000E+00 -0.21373153E-31
  0.73406278E+14  0.00000000E+00 -0.21218275E-31
  0.73499552E+14  0.00000000E+00 -0.21064877E-31
  0.73592825E+14  0.00000000E+00 -0.20912941E-31
  0.73686099E+14  0.00000000E+00 -0.20762450E-31
  0.73779372E+14  0.00000000E+00 -0.20613385E-31
  0.73872646E+14  0.00000000E+00 -0.20465730E-31
  0.73965919E+14  0.00000000E+00 -0.20319469E-31
  0.74059193E+14  0.00000000E+00 -0.20174583E-31
  0.74152466E+14  0.00000000E+00 -0.20031057E-31
  0.74245740E+14  0.00000000E+00 -0.19888875E-31
  0.74339013E+14  0.00000000E+00 -0.19748021E-31
  0.74432287E+14  0.00000000E+00 -0.19608478E-31
  0.74525561E+14  0.00000000E+00 -0.19470232E-31
  0.74618834E+14  0.00000000E+00 -0.19333267E-31
  0.74712108E+14  0.00000000E+00 -0.19197568E-31
  0.74805381E+14  0.00000000E+00 -0.19063120E-31
  0.74898655E+14  0.00000000E+00 -0.18929909E-31
  0.74991928E+14  0.00000000E+00 -0.18797921E-31
  0.75085202E+14  0.00000000E+00 -0.18667140E-31
  0.75178475E+14  0.00000000E+00 -0.18537553E-31
  0.75271749E+14  0.00000000E+00 -0.18409147E-31
  0.75365022E+14  0.00000000E+00 -0.18281907E-31
  0.75458296E+14  0.00000000E+00 -0.18155820E-31
  0.75551570E+14  0.00000000E+00 -0.18030873E-31
  0.75644843E+14  0.00000000E+00 -0.17907054E-31
  0.75738117E+14  0.00000000E+00 -0.17784348E-31
  0.75831390E+14  0.00000000E+00 -0.17662744E-31
  0.75924664E+14  0.00000000E+00 -0.17542229E-31
  0.76017937E+14  0.00000000E+00 -0.17422790E-31
  0.76111211E+14  0.00000000E+00 -0.17304416E-31
  0.76204484E+14  0.00000000E+00 -0.17187094E-31
  0.76297758E+14  0.00000000E+00 -0.17070813E-31
  0.76391031E+14  0.00000000E+00 -0.16955560E-31
  0.76484305E+14  0.00000000E+00 -0.16841326E-31
  0.76577578E+14  0.00000000E+00 -0.16728097E-31
  0.76670852E+14  0.00000000E+00 -0.16615863E-31
  0.76764126E+14  0.00000000E+00 -0.16504614E-31
  0.76857399E+14  0.00000000E+00 -0.16394337E-31
  0.76950673E+14  0.00000000E+00 -0.16285022E-31
  0.77043946E+14  0.00000000E+00 -0.16176660E-31
  0.77137220E+14  0.00000000E+00 -0.16069238E-31
  0.77230493E+14  0.00000000E+00 -0.15962748E-31
  0.77323767E+14  0.00000000E+00 -0.15857178E-31
  0.77417040E+14  0.00000000E+00 -0.15752519E-31
  0.77510314E+14  0.00000000E+00 -0.15648761E-31
  0.77603587E+14  0.00000000E+00 -0.15545894E-31
  0.77696861E+14  0.00000000E+00 -0.15443908E-31
  0.77790135E+14  0.00000000E+00 -0.15342795E-31
  0.77883408E+14  0.00000000E+00 -0.15242543E-31
  0.77976682E+14  0.00000000E+00 -0.15143145E-31
  0.78069955E+14  0.00000000E+00 -0.15044592E-31
  0.78163229E+14  0.00000000E+00 -0.14946873E-31
  0.78256502E+14  0.00000000E+00 -0.14849980E-31
  0.78349776E+14  0.00000000E+00 -0.14753905E-31
  0.78443049E+14  0.00000000E+00 -0.14658639E-31
  0.78536323E+14  0.00000000E+00 -0.14564173E-31
  0.78629596E+14  0.00000000E+00 -0.14470498E-31
  0.78722870E+14  0.00000000E+00 -0.14377607E-31
  0.78816143E+14  0.00000000E+00 -0.14285491E-31
  0.78909417E+14  0.00000000E+00 -0.14194143E-31
  0.79002691E+14  0.00000000E+00 -0.14103553E-31
  0.79095964E+14  0.00000000E+00 -0.14013714E-31
  0.79189238E+14  0.00000000E+00 -0.13924618E-31
  0.79282511E+14  0.00000000E+00 -0.13836258E-31
  0.79375785E+14  0.00000000E+00 -0.13748626E-31
  0.79469058E+14  0.00000000E+00 -0.13661714E-31
  0.79562332E+14  0.00000000E+00 -0.13575515E-31
  0.79655605E+14  0.00000000E+00 -0.13490022E-31
  0.79748879E+14  0.00000000E+00 -0.13405227E-31
  0.79842152E+14  0.00000000E+00 -0.13321123E-31
  0.79935426E+14  0.00000000E+00 -0.13237703E-31
  0.80028700E+14  0.00000000E+00 -0.13154961E-31
  0.80121973E+14  0.00000000E+00 -0.13072889E-31
  0.80215247E+14  0.00000000E+00 -0.12991480E-31
  0.80308520E+14  0.00000000E+00 -0.12910728E-31
  0.80401794E+14  0.00000000E+00 -0.12830626E-31
  0.80495067E+14  0.00000000E+00 -0.12751167E-31
  0.80588341E+14  0.00000000E+00 -0.12672345E-31
  0.80681614E+14  0.00000000E+00 -0.12594155E-31
  0.80774888E+14  0.00000000E+00 -0.12516588E-31
  0.80868161E+14  0.00000000E+00 -0.12439640E-31
  0.80961435E+14  0.00000000E+00 -0.12363303E-31
  0.81054709E+14  0.00000000E+00 -0.12287572E-31
  0.81147982E+14  0.00000000E+00 -0.12212441E-31
  0.81241256E+14  0.00000000E+00 -0.12137904E-31
  0.81334529E+14  0.00000000E+00 -0.12063955E-31
  0.81427803E+14  0.00000000E+00 -0.11990588E-31
  0.81521076E+14  0.00000000E+00 -0.11917797E-31
  0.81614350E+14  0.00000000E+00 -0.11845577E-31
  0.81707623E+14  0.00000000E+00 -0.11773923E-31
  0.81800897E+14  0.00000000E+00 -0.11702828E-31
  0.81894170E+14  0.00000000E+00 -0.11632287E-31
  0.81987444E+14  0.00000000E+00 -0.11562295E-31
  0.82080717E+14  0.00000000E+00 -0.11492846E-31
  0.82173991E+14  0.00000000E+00 -0.11423936E-31
  0.82267265E+14  0.00000000E+00 -0.11355558E-31
  0.82360538E+14  0.00000000E+00 -0.11287708E-31
  0.82453812E+14  0.00000000E+00 -0.11220381E-31
  0.82547085E+14  0.00000000E+00 -0.11153572E-31
  0.82640359E+14  0.00000000E+00 -0.11087275E-31
  0.82733632E+14  0.00000000E+00 -0.11021486E-31
  0.82826906E+14  0.00000000E+00 -0.10956200E-31
  0.82920179E+14  0.00000000E+00 -0.10891413E-31
  0.83013453E+14  0.00000000E+00 -0.10827118E-31
  0.83106726E+14  0.00000000E+00 -0.10763313E-31
  0.83200000E+14  0.00000000E+00 -0.10699991E-31
  0.83293274E+14  0.00000000E+00 -0.10637149E-31
  0.83386547E+14  0.00000000E+00 -0.10574781E-31
  0.83479821E+14  0.00000000E+00 -0.10512885E-31
  0.83573094E+14  0.00000000E+00 -0.10451454E-31
  0.83666368E+14  0.00000000E+00 -0.10390485E-31
  0.83759641E+14  0.00000000E+00 -0.10329973E-31
  0.83852915E+14  0.00000000E+00 -0.10269915E-31
  0.83946188E+14  0.00000000E+00 -0.10210305E-31
  0.84039462E+14  0.00000000E+00 -0.10151140E-31
  0.84132735E+14  0.00000000E+00 -0.10092415E-31
  0.84226009E+14  0.00000000E+00 -0.10034127E-31
  0.84319283E+14  0.00000000E+00 -0.99762715E-32
  0.84412556E+14  0.00000000E+00 -0.99188441E-32
  0.84505830E+14  0.00000000E+00 -0.98618412E-32
  0.84599103E+14  0.00000000E+00 -0.98052589E-32
  0.84692377E+14  0.00000000E+00 -0.97490932E-32
  0.84785650E+14  0.00000000E+00 -0.96933404E-32
  0.84878924E+14  0.00000000E+00 -0.96379967E-32
  0.84972197E+14  0.00000000E+00 -0.95830583E-32
  0.85065471E+14  0.00000000E+00 -0.95285216E-32
  0.85158744E+14  0.00000000E+00 -0.94743829E-32
  0.85252018E+14  0.00000000E+00 -0.94206385E-32
  0.85345291E+14  0.00000000E+00 -0.93672850E-32
  0.85438565E+14  0.00000000E+00 -0.93143187E-32
  0.85531839E+14  0.00000000E+00 -0.92617363E-32
  0.85625112E+14  0.00000000E+00 -0.92095341E-32
  0.85718386E+14  0.00000000E+00 -0.91577088E-32
  0.85811659E+14  0.00000000E+00 -0.91062571E-32
  0.85904933E+14  0.00000000E+00 -0.90551755E-32
  0.85998206E+14  0.00000000E+00 -0.90044608E-32
  0.86091480E+14  0.00000000E+00 -0.89541096E-32
  0.86184753E+14  0.00000000E+00 -0.89041189E-32
  0.86278027E+14  0.00000000E+00 -0.88544852E-32
  0.86371300E+14  0.00000000E+00 -0.88052055E-32
  0.86464574E+14  0.00000000E+00 -0.87562767E-32
  0.86557848E+14  0.00000000E+00 -0.87076956E-32
  0.86651121E+14  0.00000000E+00 -0.86594591E-32
  0.86744395E+14  0.00000000E+00 -0.86115643E-32
  0.86837668E+14  0.00000000E+00 -0.85640081E-32
  0.86930942E+14  0.00000000E+00 -0.85167876E-32
  0.87024215E+14  0.00000000E+00 -0.84698997E-32
  0.87117489E+14  0.00000000E+00 -0.84233417E-32
  0.87210762E+14  0.00000000E+00 -0.83771106E-32
  0.87304036E+14  0.00000000E+00 -0.83312036E-32
  0.87397309E+14  0.00000000E+00 -0.82856178E-32
  0.87490583E+14  0.00000000E+00 -0.82403505E-32
  0.87583857E+14  0.00000000E+00 -0.81953989E-32
  0.87677130E+14  0.00000000E+00 -0.81507603E-32
  0.87770404E+14  0.00000000E+00 -0.81064319E-32
  0.87863677E+14  0.00000000E+00 -0.80624112E-32
  0.87956951E+14  0.00000000E+00 -0.80186954E-32
  0.88050224E+14  0.00000000E+00 -0.79752819E-32
  0.88143498E+14  0.00000000E+00 -0.79321682E-32
  0.88236771E+14  0.00000000E+00 -0.78893517E-32
  0.88330045E+14  0.00000000E+00 -0.78468298E-32
  0.88423318E+14  0.00000000E+00 -0.78046000E-32
  0.88516592E+14  0.00000000E+00 -0.77626599E-32
  0.88609865E+14  0.00000000E+00 -0.77210069E-32
  0.88703139E+14  0.00000000E+00 -0.76796387E-32
  0.88796413E+14  0.00000000E+00 -0.76385529E-32
  0.88889686E+14  0.00000000E+00 -0.75977470E-32
  0.88982960E+14  0.00000000E+00 -0.75572186E-32
  0.89076233E+14  0.00000000E+00 -0.75169655E-32
  0.89169507E+14  0.00000000E+00 -0.74769854E-32
  0.89262780E+14  0.00000000E+00 -0.74372759E-32
  0.89356054E+14  0.00000000E+00 -0.73978347E-32
  0.89449327E+14  0.00000000E+00 -0.73586597E-32
  0.89542601E+14  0.00000000E+00 -0.73197487E-32
  0.89635874E+14  0.00000000E+00 -0.72810993E-32
  0.89729148E+14  0.00000000E+00 -0.72427094E-32
  0.89822422E+14  0.00000000E+00 -0.72045769E-32
  0.89915695E+14  0.00000000E+00 -0.71666997E-32
  0.90008969E+14  0.00000000E+00 -0.71290756E-32
  0.90102242E+14  0.00000000E+00 -0.70917025E-32
  0.90195516E+14  0.00000000E+00 -0.70545784E-32
  0.90288789E+14  0.00000000E+00 -0.70177013E-32
  0.90382063E+14  0.00000000E+00 -0.69810690E-32
  0.90475336E+14  0.00000000E+00 -0.69446795E-32
  0.90568610E+14  0.00000000E+00 -0.69085310E-32
  0.90661883E+14  0.00000000E+00 -0.68726214E-32
  0.90755157E+14  0.00000000E+00 -0.68369487E-32
  0.90848430E+14  0.00000000E+00 -0.68015111E-32
  0.90941704E+14  0.00000000E+00 -0.67663066E-32
  0.91034978E+14  0.00000000E+00 -0.67313333E-32
  0.91128251E+14  0.00000000E+00 -0.66965893E-32
  0.91221525E+14  0.00000000E+00 -0.66620729E-32
  0.91314798E+14  0.00000000E+00 -0.66277821E-32
  0.91408072E+14  0.00000000E+00 -0.65937151E-32
  0.91501345E+14  0.00000000E+00 -0.65598702E-32
  0.91594619E+14  0.00000000E+00 -0.65262455E-32
  0.91687892E+14  0.00000000E+00 -0.64928393E-32
  0.91781166E+14  0.00000000E+00 -0.64596498E-32
  0.91874439E+14  0.00000000E+00 -0.64266753E-32
  0.91967713E+14  0.00000000E+00 -0.63939140E-32
  0.92060987E+14  0.00000000E+00 -0.63613643E-32
  0.92154260E+14  0.00000000E+00 -0.63290245E-32
  0.92247534E+14  0.00000000E+00 -0.62968929E-32
  0.92340807E+14  0.00000000E+00 -0.62649678E-32
  0.92434081E+14  0.00000000E+00 -0.62332477E-32
  0.92527354E+14  0.00000000E+00 -0.62017309E-32
  0.92620628E+14  0.00000000E+00 -0.61704157E-32
  0.92713901E+14  0.00000000E+00 -0.61393007E-32
  0.92807175E+14  0.00000000E+00 -0.61083842E-32
  0.92900448E+14  0.00000000E+00 -0.60776646E-32
  0.92993722E+14  0.00000000E+00 -0.60471405E-32
  0.93086996E+14  0.00000000E+00 -0.60168102E-32
  0.93180269E+14  0.00000000E+00 -0.59866723E-32
  0.93273543E+14  0.00000000E+00 -0.59567252E-32
  0.93366816E+14  0.00000000E+00 -0.59269676E-32
  0.93460090E+14  0.00000000E+00 -0.58973978E-32
  0.93553363E+14  0.00000000E+00 -0.58680145E-32
  0.93646637E+14  0.00000000E+00 -0.58388161E-32
  0.93739910E+14  0.00000000E+00 -0.58098013E-32
  0.93833184E+14  0.00000000E+00 -0.57809686E-32
  0.93926457E+14  0.00000000E+00 -0.57523167E-32
  0.94019731E+14  0.00000000E+00 -0.57238441E-32
  0.94113004E+14  0.00000000E+00 -0.56955494E-32
  0.94206278E+14  0.00000000E+00 -0.56674313E-32
  0.94299552E+14  0.00000000E+00 -0.56394885E-32
  0.94392825E+14  0.00000000E+00 -0.56117195E-32
  0.94486099E+14  0.00000000E+00 -0.55841230E-32
  0.94579372E+14  0.00000000E+00 -0.55566978E-32
  0.94672646E+14  0.00000000E+00 -0.55294425E-32
  0.94765919E+14  0.00000000E+00 -0.55023558E-32
  0.94859193E+14  0.00000000E+00 -0.54754365E-32
  0.94952466E+14  0.00000000E+00 -0.54486833E-32
  0.95045740E+14  0.00000000E+00 -0.54220948E-32
  0.95139013E+14  0.00000000E+00 -0.53956699E-32
  0.95232287E+14  0.00000000E+00 -0.53694073E-32
  0.95325561E+14  0.00000000E+00 -0.53433059E-32
  0.95418834E+14  0.00000000E+00 -0.53173643E-32
  0.95512108E+14  0.00000000E+00 -0.52915814E-32
  0.95605381E+14  0.00000000E+00 -0.52659559E-32
  0.95698655E+14  0.00000000E+00 -0.52404868E-32
  0.95791928E+14  0.00000000E+00 -0.52151728E-32
  0.95885202E+14  0.00000000E+00 -0.51900128E-32
  0.95978475E+14  0.00000000E+00 -0.51650056E-32
  0.96071749E+14  0.00000000E+00 -0.51401501E-32
  0.96165022E+14  0.00000000E+00 -0.51154451E-32
  0.96258296E+14  0.00000000E+00 -0.50908896E-32
  0.96351570E+14  0.00000000E+00 -0.50664823E-32
  0.96444843E+14  0.00000000E+00 -0.50422223E-32
  0.96538117E+14  0.00000000E+00 -0.50181084E-32
  0.96631390E+14  0.00000000E+00 -0.49941396E-32
  0.96724664E+14  0.00000000E+00 -0.49703147E-32
  0.96817937E+14  0.00000000E+00 -0.49466328E-32
  0.96911211E+14  0.00000000E+00 -0.49230927E-32
  0.97004484E+14  0.00000000E+00 -0.48996934E-32
  0.97097758E+14  0.00000000E+00 -0.48764339E-32
  0.97191031E+14  0.00000000E+00 -0.48533132E-32
  0.97284305E+14  0.00000000E+00 -0.48303302E-32
  0.97377578E+14  0.00000000E+00 -0.48074840E-32
  0.97470852E+14  0.00000000E+00 -0.47847735E-32
  0.97564126E+14  0.00000000E+00 -0.47621977E-32
  0.97657399E+14  0.00000000E+00 -0.47397557E-32
  0.97750673E+14  0.00000000E+00 -0.47174465E-32
  0.97843946E+14  0.00000000E+00 -0.46952691E-32
  0.97937220E+14  0.00000000E+00 -0.46732226E-32
  0.98030493E+14  0.00000000E+00 -0.46513060E-32
  0.98123767E+14  0.00000000E+00 -0.46295184E-32
  0.98217040E+14  0.00000000E+00 -0.46078589E-32
  0.98310314E+14  0.00000000E+00 -0.45863265E-32
  0.98403587E+14  0.00000000E+00 -0.45649203E-32
  0.98496861E+14  0.00000000E+00 -0.45436395E-32
  0.98590135E+14  0.00000000E+00 -0.45224830E-32
  0.98683408E+14  0.00000000E+00 -0.45014501E-32
  0.98776682E+14  0.00000000E+00 -0.44805398E-32
  0.98869955E+14  0.00000000E+00 -0.44597513E-32
  0.98963229E+14  0.00000000E+00 -0.44390837E-32
  0.99056502E+14  0.00000000E+00 -0.44185361E-32
  0.99149776E+14  0.00000000E+00 -0.43981077E-32
  0.99243049E+14  0.00000000E+00 -0.43777976E-32
  0.99336323E+14  0.00000000E+00 -0.43576050E-32
  0.99429596E+14  0.00000000E+00 -0.43375291E-32
  0.99522870E+14  0.00000000E+00 -0.43175689E-32
  0.99616143E+14  0.00000000E+00 -0.42977239E-32
  0.99709417E+14  0.00000000E+00 -0.42779930E-32
  0.99802691E+14  0.00000000E+00 -0.42583755E-32
  0.99895964E+14  0.00000000E+00 -0.42388706E-32
  0.99989238E+14  0.00000000E+00 -0.42194775E-32
  0.10008251E+15  0.00000000E+00 -0.42001955E-32
  0.10017578E+15  0.00000000E+00 -0.41810237E-32
  0.10026906E+15  0.00000000E+00 -0.41619614E-32
  0.10036233E+15  0.00000000E+00 -0.41430077E-32
  0.10045561E+15  0.00000000E+00 -0.41241621E-32
  0.10054888E+15  0.00000000E+00 -0.41054236E-32
  0.10064215E+15  0.00000000E+00 -0.40867916E-32
  0.10073543E+15  0.00000000E+00 -0.40682653E-32
  0.10082870E+15  0.00000000E+00 -0.40498440E-32
  0.10092197E+15  0.00000000E+00 -0.40315269E-32
  0.10101525E+15  0.00000000E+00 -0.40133134E-32
  0.10110852E+15  0.00000000E+00 -0.39952027E-32
  0.10120179E+15  0.00000000E+00 -0.39771940E-32
  0.10129507E+15  0.00000000E+00 -0.39592868E-32
  0.10138834E+15  0.00000000E+00 -0.39414803E-32
  0.10148161E+15  0.00000000E+00 -0.39237738E-32
  0.10157489E+15  0.00000000E+00 -0.39061666E-32
  0.10166816E+15  0.00000000E+00 -0.38886581E-32
  0.10176143E+15  0.00000000E+00 -0.38712475E-32
  0.10185471E+15  0.00000000E+00 -0.38539342E-32
  0.10194798E+15  0.00000000E+00 -0.38367176E-32
  0.10204126E+15  0.00000000E+00 -0.38195969E-32
  0.10213453E+15  0.00000000E+00 -0.38025716E-32
  0.10222780E+15  0.00000000E+00 -0.37856409E-32
  0.10232108E+15  0.00000000E+00 -0.37688043E-32
  0.10241435E+15  0.00000000E+00 -0.37520610E-32
  0.10250762E+15  0.00000000E+00 -0.37354105E-32
  0.10260090E+15  0.00000000E+00 -0.37188521E-32
  0.10269417E+15  0.00000000E+00 -0.37023853E-32
  0.10278744E+15  0.00000000E+00 -0.36860093E-32
  0.10288072E+15  0.00000000E+00 -0.36697236E-32
  0.10297399E+15  0.00000000E+00 -0.36535276E-32
  0.10306726E+15  0.00000000E+00 -0.36374206E-32
  0.10316054E+15  0.00000000E+00 -0.36214021E-32
  0.10325381E+15  0.00000000E+00 -0.36054715E-32
  0.10334709E+15  0.00000000E+00 -0.35896282E-32
  0.10344036E+15  0.00000000E+00 -0.35738715E-32
  0.10353363E+15  0.00000000E+00 -0.35582010E-32
  0.10362691E+15  0.00000000E+00 -0.35426161E-32
  0.10372018E+15  0.00000000E+00 -0.35271161E-32
  0.10381345E+15  0.00000000E+00 -0.35117005E-32
  0.10390673E+15  0.00000000E+00 -0.34963688E-32
  0.10400000E+15  0.00000000E+00 -0.34811204E-32
