  0.93273543E+11 -0.18391130E-29  0.56874221E-29
  0.18654709E+12 -0.18395097E-29  0.43873883E-29
  0.27982063E+12 -0.18418194E-29  0.37884721E-29
  0.37309417E+12 -0.18466826E-29  0.33929459E-29
  0.46636771E+12 -0.18532838E-29  0.30910547E-29
  0.55964126E+12 -0.18580290E-29  0.28376719E-29
  0.65291480E+12 -0.18439160E-29  0.26282078E-29
  0.74618834E+12 -0.18397722E-29  0.24506015E-29
  0.83946188E+12 -0.17640291E-29  0.22078042E-29
  0.93273543E+12 -0.18643810E-29  0.23401176E-29
  0.10260090E+13 -0.18590366E-29  0.20874173E-29
  0.11192825E+13 -0.18636462E-29  0.19372859E-29
  0.12125561E+13 -0.17712090E-29  0.18155942E-29
  0.13058296E+13 -0.18190950E-29  0.17709432E-29
  0.13991031E+13 -0.18330730E-29  0.16558563E-29
  0.14923767E+13 -0.17920304E-29  0.14631667E-29
  0.15856502E+13 -0.16714103E-29  0.15413972E-29
  0.16789238E+13 -0.17586553E-29  0.15154781E-29
  0.17721973E+13 -0.18505200E-29  0.14478306E-29
  0.18654709E+13 -0.18498223E-29  0.13022247E-29
  0.19587444E+13 -0.18525937E-29  0.11639835E-29
  0.20520179E+13 -0.17084209E-29  0.10309633E-29
  0.21452915E+13 -0.16541273E-29  0.11392212E-29
  0.22385650E+13 -0.17316219E-29  0.11314833E-29
  0.23318386E+13 -0.17869785E-29  0.10535481E-29
  0.24251121E+13 -0.18569511E-29  0.89026398E-30
  0.25183857E+13 -0.17171874E-29  0.70378708E-30
  0.26116592E+13 -0.15222243E-29  0.82621695E-30
  0.27049327E+13 -0.16533061E-29  0.91946089E-30
  0.27982063E+13 -0.18189322E-29  0.81474831E-30
  0.28914798E+13 -0.18361709E-29  0.61578892E-30
  0.29847534E+13 -0.16243701E-29  0.43141524E-30
  0.30780269E+13 -0.14603609E-29  0.59768112E-30
  0.31713004E+13 -0.15961426E-29  0.73114457E-30
  0.32645740E+13 -0.17964133E-29  0.57945932E-30
  0.33578475E+13 -0.17819254E-29  0.31187463E-30
  0.34511211E+13 -0.14437384E-29  0.26632051E-30
  0.35443946E+13 -0.14212753E-29  0.45860894E-30
  0.36376682E+13 -0.16368673E-29  0.54565474E-30
  0.37309417E+13 -0.17805807E-29  0.29605408E-30
  0.38242152E+13 -0.15663496E-29  0.28288056E-31
  0.39174888E+13 -0.13427764E-29  0.17532252E-30
  0.40107623E+13 -0.13741145E-29  0.39004190E-30
  0.41040359E+13 -0.16959189E-29  0.31289458E-30
  0.41973094E+13 -0.17043810E-29 -0.43795449E-31
  0.42905830E+13 -0.13311390E-29 -0.73012532E-31
  0.43838565E+13 -0.12562173E-29  0.10880061E-30
  0.44771300E+13 -0.14709278E-29  0.27745979E-30
  0.45704036E+13 -0.16772706E-29 -0.20768469E-31
  0.46636771E+13 -0.13613473E-29 -0.25742595E-30
  0.47569507E+13 -0.12043901E-29 -0.10818612E-30
  0.48502242E+13 -0.12035483E-29  0.11604893E-30
  0.49434978E+13 -0.15691015E-29  0.37323442E-31
  0.50367713E+13 -0.14216721E-29 -0.34655338E-30
  0.51300448E+13 -0.11736069E-29 -0.28421962E-30
  0.52233184E+13 -0.11002613E-29 -0.11916157E-30
  0.53165919E+13 -0.13648865E-29  0.41585336E-31
  0.54098655E+13 -0.14794129E-29 -0.34168715E-30
  0.55031390E+13 -0.11684033E-29 -0.41803058E-30
  0.55964126E+13 -0.10451394E-29 -0.30488949E-30
  0.56896861E+13 -0.10857039E-29 -0.80932615E-31
  0.57829596E+13 -0.14460951E-29 -0.30338480E-30
  0.58762332E+13 -0.11460236E-29 -0.50684281E-30
  0.59695067E+13 -0.10090845E-29 -0.43671292E-30
  0.60627803E+13 -0.93456261E-30 -0.25905128E-30
  0.61560538E+13 -0.12591909E-29 -0.26065849E-30
  0.62493274E+13 -0.11327252E-29 -0.54900703E-30
  0.63426009E+13 -0.96358595E-30 -0.51937724E-30
  0.64358744E+13 -0.87783939E-30 -0.43791671E-30
  0.65291480E+13 -0.10372912E-29 -0.27183041E-30
  0.66224215E+13 -0.10808316E-29 -0.55174084E-30
  0.67156951E+13 -0.90869601E-30 -0.58058072E-30
  0.68089686E+13 -0.83161891E-30 -0.52173358E-30
  0.69022422E+13 -0.84319181E-30 -0.38587473E-30
  0.69955157E+13 -0.98252064E-30 -0.52780551E-30
  0.70887892E+13 -0.85077274E-30 -0.61352113E-30
  0.71820628E+13 -0.76909505E-30 -0.57629016E-30
  0.72753363E+13 -0.71591936E-30 -0.47901275E-30
  0.73686099E+13 -0.86716292E-30 -0.52050896E-30
  0.74618834E+13 -0.79448226E-30 -0.62268768E-30
  0.75551570E+13 -0.69314709E-30 -0.60852380E-30
  0.76484305E+13 -0.65110509E-30 -0.54538085E-30
  0.77417040E+13 -0.77208146E-30 -0.52587496E-30
  0.78349776E+13 -0.71631683E-30 -0.62909715E-30
  0.79282511E+13 -0.62465416E-30 -0.64086124E-30
  0.80215247E+13 -0.56978159E-30 -0.59573074E-30
  0.81147982E+13 -0.63248750E-30 -0.52830754E-30
  0.82080717E+13 -0.63019140E-30 -0.61109124E-30
  0.83013453E+13 -0.55988379E-30 -0.64792027E-30
  0.83946188E+13 -0.50452280E-30 -0.61607257E-30
  0.84878924E+13 -0.50302679E-30 -0.54881186E-30
  0.85811659E+13 -0.54038005E-30 -0.58907856E-30
  0.86744395E+13 -0.50554833E-30 -0.62955988E-30
  0.87677130E+13 -0.44365105E-30 -0.61693407E-30
  0.88609865E+13 -0.40784641E-30 -0.54939804E-30
  0.89542601E+13 -0.46209353E-30 -0.57007014E-30
  0.90475336E+13 -0.45013124E-30 -0.60215665E-30
  0.91408072E+13 -0.38927935E-30 -0.59773947E-30
  0.92340807E+13 -0.35891113E-30 -0.54947547E-30
  0.93273543E+13 -0.40049764E-30 -0.54500564E-30
  0.94206278E+13 -0.39119112E-30 -0.57347955E-30
  0.95139013E+13 -0.34682527E-30 -0.57370904E-30
  0.96071749E+13 -0.32863671E-30 -0.53971591E-30
  0.97004484E+13 -0.35730412E-30 -0.52074576E-30
  0.97937220E+13 -0.35803919E-30 -0.54674769E-30
  0.98869955E+13 -0.33087044E-30 -0.55364485E-30
  0.99802691E+13 -0.30935899E-30 -0.53504409E-30
  0.10073543E+14 -0.33657741E-30 -0.50514203E-30
  0.10166816E+14 -0.35224669E-30 -0.52762260E-30
  0.10260090E+14 -0.33370588E-30 -0.55462969E-30
  0.10353363E+14 -0.32711403E-30 -0.54702753E-30
  0.10446637E+14 -0.36159019E-30 -0.53879116E-30
  0.10539910E+14 -0.38291116E-30 -0.60154779E-30
  0.10633184E+14 -0.32570363E-30 -0.66872960E-30
  0.10726457E+14 -0.26922971E-30 -0.67321128E-30
  0.10819731E+14 -0.24213422E-30 -0.65942903E-30
  0.10913004E+14 -0.21941191E-30 -0.67208050E-30
  0.11006278E+14 -0.17712371E-30 -0.68814273E-30
  0.11099552E+14 -0.13070077E-30 -0.67741039E-30
  0.11192825E+14 -0.10753723E-30 -0.64982148E-30
  0.11286099E+14 -0.89418228E-31 -0.64755731E-30
  0.11379372E+14 -0.49229916E-31 -0.65108386E-30
  0.11472646E+14 -0.12898428E-31 -0.62404233E-30
  0.11565919E+14  0.14950393E-33 -0.59357707E-30
  0.11659193E+14  0.17250392E-31 -0.58251645E-30
  0.11752466E+14  0.49096522E-31 -0.57511822E-30
  0.11845740E+14  0.79662966E-31 -0.54185630E-30
  0.11939013E+14  0.84737485E-31 -0.50206054E-30
  0.12032287E+14  0.88728725E-31 -0.48627394E-30
  0.12125561E+14  0.11619761E-30 -0.47576870E-30
  0.12218834E+14  0.14259332E-30 -0.43290230E-30
  0.12312108E+14  0.14083213E-30 -0.39213707E-30
  0.12405381E+14  0.12981934E-30 -0.36626286E-30
  0.12498655E+14  0.15003805E-30 -0.34625281E-30
  0.12591928E+14  0.16261862E-30 -0.30104740E-30
  0.12685202E+14  0.15418828E-30 -0.25819269E-30
  0.12778475E+14  0.13781543E-30 -0.22732175E-30
  0.12871749E+14  0.14818953E-30 -0.19757013E-30
  0.12965022E+14  0.14132403E-30 -0.14842572E-30
  0.13058296E+14  0.12978848E-30 -0.10577950E-30
  0.13151570E+14  0.12103686E-30 -0.71843866E-31
  0.13244843E+14  0.12226560E-30 -0.20242494E-31
  0.13338117E+14  0.12533848E-30  0.33461950E-31
  0.13431390E+14  0.14401970E-30  0.10220822E-30
  0.13524664E+14  0.20092964E-30  0.23488819E-30
  0.13617937E+14  0.19639477E-30  0.49224737E-30
  0.13711211E+14  0.40107753E-31  0.78112359E-30
  0.13804484E+14 -0.14278882E-30  0.99460507E-30
  0.13897758E+14 -0.50543947E-30  0.13160990E-29
  0.13991031E+14 -0.96626090E-30  0.14712995E-29
  0.14084305E+14 -0.15682405E-29  0.16099052E-29
  0.14177578E+14 -0.23616006E-29  0.16189916E-29
  0.14270852E+14 -0.33135504E-29  0.13026936E-29
  0.14364126E+14 -0.42397585E-29  0.65502386E-30
  0.14457399E+14 -0.50826681E-29 -0.44703150E-30
  0.14550673E+14 -0.57658032E-29 -0.20888432E-29
  0.14643946E+14 -0.57311509E-29 -0.44345769E-29
  0.14737220E+14 -0.30124556E-29 -0.68291622E-29
  0.14830493E+14 -0.11356546E-29 -0.61286580E-29
  0.14923767E+14 -0.20113474E-30 -0.56833832E-29
  0.15017040E+14  0.46717537E-30 -0.53646578E-29
  0.15110314E+14  0.10325932E-29 -0.51026258E-29
  0.15203587E+14  0.15143726E-29 -0.48584325E-29
  0.15296861E+14  0.19399938E-29 -0.46498023E-29
  0.15390135E+14  0.23672645E-29 -0.44411299E-29
  0.15483408E+14  0.27901300E-29 -0.42436590E-29
  0.15576682E+14  0.31960176E-29 -0.40249324E-29
  0.15669955E+14  0.36279546E-29 -0.38131271E-29
  0.15763229E+14  0.40687363E-29 -0.35853901E-29
  0.15856502E+14  0.45666762E-29 -0.33249352E-29
  0.15949776E+14  0.51044558E-29 -0.30331701E-29
  0.16043049E+14  0.57797512E-29 -0.26919271E-29
  0.16136323E+14  0.67244663E-29 -0.22042315E-29
  0.16229596E+14  0.79167353E-29 -0.10841403E-29
  0.16322870E+14  0.95585629E-29  0.19726345E-29
  0.16416143E+14  0.63275996E-29  0.41384064E-29
  0.16509417E+14  0.49470141E-29  0.41400666E-29
  0.16602691E+14  0.41040150E-29  0.42310255E-29
  0.16695964E+14  0.34147637E-29  0.42822437E-29
  0.16789238E+14  0.27746266E-29  0.42986389E-29
  0.16882511E+14  0.22094723E-29  0.43027004E-29
  0.16975785E+14  0.16956007E-29  0.42634277E-29
  0.17069058E+14  0.12180238E-29  0.41835191E-29
  0.17162332E+14  0.77081547E-30  0.40735903E-29
  0.17255605E+14  0.37261500E-30  0.39272449E-29
  0.17348879E+14 -0.25372174E-31  0.37316072E-29
  0.17442152E+14 -0.31460068E-30  0.34468030E-29
  0.17535426E+14 -0.49952346E-30  0.32509949E-29
  0.17628700E+14 -0.69830517E-30  0.30505209E-29
  0.17721973E+14 -0.84998069E-30  0.28746980E-29
  0.17815247E+14 -0.10192370E-29  0.27235463E-29
  0.17908520E+14 -0.11698494E-29  0.25378584E-29
  0.18001794E+14 -0.12911562E-29  0.23564566E-29
  0.18095067E+14 -0.13906656E-29  0.21873924E-29
  0.18188341E+14 -0.14811401E-29  0.20288677E-29
  0.18281614E+14 -0.15553544E-29  0.18708327E-29
  0.18374888E+14 -0.16317021E-29  0.17246682E-29
  0.18468161E+14 -0.16996555E-29  0.15885150E-29
  0.18561435E+14 -0.17610771E-29  0.14501438E-29
  0.18654709E+14 -0.18303943E-29  0.13159979E-29
  0.18747982E+14 -0.18907229E-29  0.11932859E-29
  0.18841256E+14 -0.19385439E-29  0.10722809E-29
  0.18934529E+14 -0.20054349E-29  0.94436175E-30
  0.19027803E+14 -0.21347645E-29  0.80203762E-30
  0.19121076E+14 -0.22238206E-29  0.73381458E-30
  0.19214350E+14 -0.24779676E-29  0.61582901E-30
  0.19307623E+14 -0.31783637E-29  0.57854556E-30
  0.19400897E+14 -0.29370949E-29 -0.19146483E-29
  0.19494170E+14 -0.13447886E-29 -0.14812805E-29
  0.19587444E+14 -0.14585629E-29 -0.94718575E-30
  0.19680717E+14 -0.14018922E-29 -0.10478430E-29
  0.19773991E+14 -0.12795444E-29 -0.11092428E-29
  0.19867265E+14 -0.11500624E-29 -0.11952544E-29
  0.19960538E+14 -0.98213237E-30 -0.12486411E-29
  0.20053812E+14 -0.84410445E-30 -0.12759560E-29
  0.20147085E+14 -0.71523226E-30 -0.13106599E-29
  0.20240359E+14 -0.59508886E-30 -0.13733219E-29
  0.20333632E+14 -0.47350815E-30 -0.14458059E-29
  0.20426906E+14 -0.25304813E-30 -0.15661461E-29
  0.20520179E+14  0.84845228E-31 -0.15291793E-29
  0.20613453E+14  0.32835164E-30 -0.14080777E-29
  0.20706726E+14  0.53112787E-30 -0.12484110E-29
  0.20800000E+14  0.67996099E-30 -0.10177300E-29
  0.20893274E+14  0.74131986E-30 -0.75356918E-30
  0.20986547E+14  0.44291152E-30 -0.54646811E-30
  0.21079821E+14  0.52739384E-30 -0.67547932E-30
  0.21173094E+14  0.60004533E-30 -0.63754928E-30
  0.21266368E+14  0.65065585E-30 -0.57054870E-30
  0.21359641E+14  0.70870079E-30 -0.51538937E-30
  0.21452915E+14  0.77238238E-30 -0.42615662E-30
  0.21546188E+14  0.80650550E-30 -0.33022525E-30
  0.21639462E+14  0.83755234E-30 -0.23258603E-30
  0.21732735E+14  0.83881952E-30 -0.13500357E-30
  0.21826009E+14  0.84670384E-30 -0.46891098E-31
  0.21919283E+14  0.82775988E-30  0.60717935E-31
  0.22012556E+14  0.80330692E-30  0.13665230E-30
  0.22105830E+14  0.77442103E-30  0.22474299E-30
  0.22199103E+14  0.73135873E-30  0.29720147E-30
  0.22292377E+14  0.68111043E-30  0.37926057E-30
  0.22385650E+14  0.62271075E-30  0.43804339E-30
  0.22478924E+14  0.55796268E-30  0.49178130E-30
  0.22572197E+14  0.50821497E-30  0.53301628E-30
  0.22665471E+14  0.42676588E-30  0.56883915E-30
  0.22758744E+14  0.35848392E-30  0.59204125E-30
  0.22852018E+14  0.31537654E-30  0.61152179E-30
  0.22945291E+14  0.23061314E-30  0.61150092E-30
  0.23038565E+14  0.15912838E-30  0.60169513E-30
  0.23131839E+14  0.92108623E-31  0.58809452E-30
  0.23225112E+14  0.38368136E-31  0.54532786E-30
  0.23318386E+14 -0.49499382E-32  0.49425666E-30
  0.23411659E+14 -0.99945255E-32  0.43455390E-30
  0.23504933E+14  0.00000000E+00  0.41170311E-30
  0.23598206E+14  0.00000000E+00  0.39428136E-30
  0.23691480E+14  0.00000000E+00  0.38028548E-30
  0.23784753E+14  0.00000000E+00  0.36914563E-30
  0.23878027E+14  0.00000000E+00  0.36024091E-30
  0.23971300E+14  0.00000000E+00  0.35311635E-30
  0.24064574E+14  0.00000000E+00  0.34744157E-30
  0.24157848E+14  0.00000000E+00  0.34297189E-30
  0.24251121E+14  0.00000000E+00  0.33952209E-30
  0.24344395E+14  0.00000000E+00  0.33694934E-30
  0.24437668E+14  0.00000000E+00  0.33514176E-30
  0.24530942E+14  0.00000000E+00  0.33401061E-30
  0.24624215E+14  0.00000000E+00  0.33348484E-30
  0.24717489E+14  0.00000000E+00  0.33350715E-30
  0.24810762E+14  0.00000000E+00  0.33403111E-30
  0.24904036E+14  0.00000000E+00  0.33501906E-30
  0.24997309E+14  0.00000000E+00  0.33644045E-30
  0.25090583E+14  0.00000000E+00  0.33827065E-30
  0.25183857E+14  0.00000000E+00  0.34048995E-30
  0.25277130E+14  0.00000000E+00  0.34308288E-30
  0.25370404E+14  0.00000000E+00  0.34603757E-30
  0.25463677E+14  0.00000000E+00  0.34934534E-30
  0.25556951E+14  0.00000000E+00  0.35300031E-30
  0.25650224E+14  0.00000000E+00  0.35699915E-30
  0.25743498E+14  0.00000000E+00  0.36134084E-30
  0.25836771E+14  0.00000000E+00  0.36602654E-30
  0.25930045E+14  0.00000000E+00  0.37105944E-30
  0.26023318E+14  0.00000000E+00  0.37644469E-30
  0.26116592E+14  0.00000000E+00  0.38218937E-30
  0.26209865E+14  0.00000000E+00  0.38830246E-30
  0.26303139E+14  0.00000000E+00  0.39479485E-30
  0.26396413E+14  0.00000000E+00  0.40167940E-30
  0.26489686E+14  0.00000000E+00  0.40897099E-30
  0.26582960E+14  0.00000000E+00  0.41668661E-30
  0.26676233E+14  0.00000000E+00  0.42484548E-30
  0.26769507E+14  0.00000000E+00  0.43346925E-30
  0.26862780E+14  0.00000000E+00  0.44258209E-30
  0.26956054E+14  0.00000000E+00  0.45221101E-30
  0.27049327E+14  0.00000000E+00  0.46238603E-30
  0.27142601E+14  0.00000000E+00  0.47314053E-30
  0.27235874E+14  0.00000000E+00  0.48451162E-30
  0.27329148E+14  0.00000000E+00  0.49654049E-30
  0.27422422E+14  0.00000000E+00  0.50927296E-30
  0.27515695E+14  0.00000000E+00  0.52276001E-30
  0.27608969E+14  0.00000000E+00  0.53705843E-30
  0.27702242E+14  0.00000000E+00  0.55223163E-30
  0.27795516E+14  0.00000000E+00  0.56835052E-30
  0.27888789E+14  0.00000000E+00  0.58549462E-30
  0.27982063E+14  0.00000000E+00  0.60375331E-30
  0.28075336E+14  0.00000000E+00  0.62322739E-30
  0.28168610E+14  0.00000000E+00  0.64403088E-30
  0.28261883E+14  0.00000000E+00  0.66629329E-30
  0.28355157E+14  0.00000000E+00  0.69016225E-30
  0.28448430E+14  0.00000000E+00  0.71580682E-30
  0.28541704E+14  0.00000000E+00  0.74342157E-30
  0.28634978E+14  0.00000000E+00  0.77323161E-30
  0.28728251E+14  0.00000000E+00  0.80549890E-30
  0.28821525E+14  0.00000000E+00  0.84053031E-30
  0.28914798E+14  0.00000000E+00  0.87868794E-30
  0.29008072E+14  0.00000000E+00  0.92040248E-30
  0.29101345E+14  0.00000000E+00  0.96619092E-30
  0.29194619E+14  0.00000000E+00  0.10166803E-29
  0.29287892E+14  0.00000000E+00  0.10726400E-29
  0.29381166E+14  0.00000000E+00  0.11350272E-29
  0.29474439E+14  0.00000000E+00  0.12050514E-29
  0.29567713E+14  0.00000000E+00  0.12842702E-29
  0.29660987E+14  0.00000000E+00  0.13747351E-29
  0.29754260E+14  0.00000000E+00  0.14792241E-29
  0.29847534E+14  0.00000000E+00  0.16016318E-29
  0.29940807E+14  0.00000000E+00  0.17476698E-29
  0.30034081E+14  0.00000000E+00  0.19262321E-29
  0.30127354E+14  0.00000000E+00  0.21523810E-29
  0.30220628E+14  0.00000000E+00  0.24549012E-29
  0.30313901E+14  0.00000000E+00  0.28427149E-29
  0.30407175E+14 -0.23459995E-30  0.41206743E-29
  0.30500448E+14 -0.19688151E-29  0.44275776E-29
  0.30593722E+14 -0.29654115E-29  0.37637565E-29
  0.30686996E+14 -0.32912647E-29  0.28921307E-29
  0.30780269E+14 -0.31484537E-29  0.23998650E-29
  0.30873543E+14 -0.29913530E-29  0.22536207E-29
  0.30966816E+14 -0.26614510E-29  0.22051563E-29
  0.31060090E+14 -0.26786305E-29  0.37008033E-29
  0.31153363E+14 -0.42909507E-29  0.41183929E-29
  0.31246637E+14 -0.57287332E-29  0.36999695E-29
  0.31339910E+14 -0.68992783E-29  0.28234998E-29
  0.31433184E+14 -0.77627596E-29  0.16766009E-29
  0.31526457E+14 -0.83308488E-29  0.35320690E-30
  0.31619731E+14 -0.85930679E-29 -0.11061998E-29
  0.31713004E+14 -0.85321074E-29 -0.26591206E-29
  0.31806278E+14 -0.80568050E-29 -0.42261147E-29
  0.31899552E+14 -0.69720327E-29 -0.56195395E-29
  0.31992825E+14 -0.57448926E-29 -0.64039887E-29
  0.32086099E+14 -0.45837135E-29 -0.68914806E-29
  0.32179372E+14 -0.34837573E-29 -0.71843562E-29
  0.32272646E+14 -0.24201515E-29 -0.73106605E-29
  0.32365919E+14 -0.14217396E-29 -0.72960993E-29
  0.32459193E+14 -0.46050971E-30 -0.71569816E-29
  0.32552466E+14  0.42565270E-30 -0.69034998E-29
  0.32645740E+14  0.12418873E-29 -0.65515994E-29
  0.32739013E+14  0.19801439E-29 -0.61106280E-29
  0.32832287E+14  0.26470534E-29 -0.55811580E-29
  0.32925561E+14  0.32099351E-29 -0.49889017E-29
  0.33018834E+14  0.37168746E-29 -0.43229821E-29
  0.33112108E+14  0.41081180E-29 -0.35978962E-29
  0.33205381E+14  0.43548750E-29 -0.28238425E-29
  0.33298655E+14  0.45242048E-29 -0.20143743E-29
  0.33391928E+14  0.45316020E-29 -0.11423944E-29
  0.33485202E+14  0.43550504E-29 -0.23603488E-30
  0.33578475E+14  0.38495232E-29  0.69052461E-30
  0.33671749E+14  0.29276766E-29  0.10748214E-29
  0.33765022E+14  0.23776960E-29  0.11226500E-29
  0.33858296E+14  0.19689905E-29  0.11554281E-29
  0.33951570E+14  0.16315618E-29  0.11729747E-29
  0.34044843E+14  0.13395381E-29  0.11751647E-29
  0.34138117E+14  0.10819105E-29  0.11651549E-29
  0.34231390E+14  0.85304639E-30  0.11413961E-29
  0.34324664E+14  0.64877136E-30  0.11083019E-29
  0.34417937E+14  0.46203497E-30  0.10688352E-29
  0.34511211E+14  0.28986217E-30  0.10232738E-29
  0.34604484E+14  0.12332415E-30  0.96892628E-30
  0.34697758E+14 -0.31267457E-31  0.90342586E-30
  0.34791031E+14 -0.17715998E-30  0.80810806E-30
  0.34884305E+14 -0.29734391E-30  0.71000173E-30
  0.34977578E+14 -0.39885398E-30  0.59599442E-30
  0.35070852E+14 -0.47500357E-30  0.46442968E-30
  0.35164126E+14 -0.49580121E-30  0.32807625E-30
  0.35257399E+14 -0.49334032E-30  0.23626266E-30
  0.35350673E+14 -0.49097406E-30  0.16594786E-30
  0.35443946E+14 -0.48620189E-30  0.10698640E-30
  0.35537220E+14 -0.48399871E-30  0.57061615E-31
  0.35630493E+14 -0.48264261E-30  0.14069750E-31
  0.35723767E+14 -0.48350514E-30 -0.25165389E-31
  0.35817040E+14 -0.48406729E-30 -0.63408031E-31
  0.35910314E+14 -0.48333848E-30 -0.99253953E-31
  0.36003587E+14 -0.48170224E-30 -0.13302891E-30
  0.36096861E+14 -0.47906516E-30 -0.16506793E-30
  0.36190135E+14 -0.47515359E-30 -0.19510094E-30
  0.36283408E+14 -0.47052644E-30 -0.22338950E-30
  0.36376682E+14 -0.46512835E-30 -0.25012044E-30
  0.36469955E+14 -0.45874722E-30 -0.27548066E-30
  0.36563229E+14 -0.45186724E-30 -0.29925535E-30
  0.36656502E+14 -0.44452129E-30 -0.32187673E-30
  0.36749776E+14 -0.43664850E-30 -0.34328881E-30
  0.36843049E+14 -0.42797769E-30 -0.36345758E-30
  0.36936323E+14 -0.41907309E-30 -0.38248165E-30
  0.37029596E+14 -0.40961280E-30 -0.40064368E-30
  0.37122870E+14 -0.40012771E-30 -0.41764092E-30
  0.37216143E+14 -0.39007423E-30 -0.43368606E-30
  0.37309417E+14 -0.38004518E-30 -0.44899152E-30
  0.37402691E+14 -0.36971794E-30 -0.46351913E-30
  0.37495964E+14 -0.35936575E-30 -0.47723822E-30
  0.37589238E+14 -0.34859042E-30 -0.49058288E-30
  0.37682511E+14 -0.33784872E-30 -0.50310129E-30
  0.37775785E+14 -0.32666111E-30 -0.51507407E-30
  0.37869058E+14 -0.31569819E-30 -0.52641825E-30
  0.37962332E+14 -0.30426384E-30 -0.53756587E-30
  0.38055605E+14 -0.29250479E-30 -0.54773576E-30
  0.38148879E+14 -0.28103113E-30 -0.55758622E-30
  0.38242152E+14 -0.26901376E-30 -0.56688665E-30
  0.38335426E+14 -0.25724535E-30 -0.57573875E-30
  0.38428700E+14 -0.24500718E-30 -0.58421061E-30
  0.38521973E+14 -0.23275559E-30 -0.59196609E-30
  0.38615247E+14 -0.22058384E-30 -0.59949387E-30
  0.38708520E+14 -0.20799122E-30 -0.60648886E-30
  0.38801794E+14 -0.19566027E-30 -0.61293727E-30
  0.38895067E+14 -0.18317339E-30 -0.61926798E-30
  0.38988341E+14 -0.17034033E-30 -0.62502209E-30
  0.39081614E+14 -0.15774867E-30 -0.63017481E-30
  0.39174888E+14 -0.14510158E-30 -0.63529948E-30
  0.39268161E+14 -0.13214034E-30 -0.63981981E-30
  0.39361435E+14 -0.11949128E-30 -0.64388001E-30
  0.39454709E+14 -0.10673436E-30 -0.64789957E-30
  0.39547982E+14 -0.93663771E-31 -0.65132369E-30
  0.39641256E+14 -0.80930662E-31 -0.65430725E-30
  0.39734529E+14 -0.68075534E-31 -0.65719214E-30
  0.39827803E+14 -0.55097057E-31 -0.65961337E-30
  0.39921076E+14 -0.42264321E-31 -0.66160676E-30
  0.40014350E+14 -0.29508692E-31 -0.66348296E-30
  0.40107623E+14 -0.16514417E-31 -0.66497998E-30
  0.40200897E+14 -0.36595587E-32 -0.66596879E-30
  0.40294170E+14  0.90262427E-32 -0.66685201E-30
  0.40387444E+14  0.21966778E-31 -0.66747074E-30
  0.40480717E+14  0.34723512E-31 -0.66752978E-30
  0.40573991E+14  0.47315778E-31 -0.66754200E-30
  0.40667265E+14  0.60143413E-31 -0.66724900E-30
  0.40760538E+14  0.72841461E-31 -0.66648018E-30
  0.40853812E+14  0.85350028E-31 -0.66557141E-30
  0.40947085E+14  0.97970636E-31 -0.66442837E-30
  0.41040359E+14  0.11052358E-30 -0.66289780E-30
  0.41133632E+14  0.12293957E-30 -0.66110139E-30
  0.41226906E+14  0.13534219E-30 -0.65915061E-30
  0.41320179E+14  0.14780909E-30 -0.65684613E-30
  0.41413453E+14  0.16002254E-30 -0.65421400E-30
  0.41506726E+14  0.17221728E-30 -0.65147385E-30
  0.41600000E+14  0.18445041E-30 -0.64839389E-30
  0.41693274E+14  0.19650742E-30 -0.64501957E-30
  0.41786547E+14  0.20853902E-30 -0.64148452E-30
  0.41879821E+14  0.22049545E-30 -0.63761453E-30
  0.41973094E+14  0.23232657E-30 -0.63354867E-30
  0.42066368E+14  0.24415221E-30 -0.62919781E-30
  0.42159641E+14  0.25579184E-30 -0.62459666E-30
  0.42252915E+14  0.26741825E-30 -0.61984322E-30
  0.42346188E+14  0.27899994E-30 -0.61472342E-30
  0.42439462E+14  0.29033627E-30 -0.60937767E-30
  0.42532735E+14  0.30168389E-30 -0.60389041E-30
  0.42626009E+14  0.31296647E-30 -0.59806365E-30
  0.42719283E+14  0.32405323E-30 -0.59197919E-30
  0.42812556E+14  0.33500014E-30 -0.58576894E-30
  0.42905830E+14  0.34599207E-30 -0.57929534E-30
  0.42999103E+14  0.35678907E-30 -0.57241568E-30
  0.43092377E+14  0.36733478E-30 -0.56549234E-30
  0.43185650E+14  0.37804445E-30 -0.55835182E-30
  0.43278924E+14  0.38845378E-30 -0.55070749E-30
  0.43372197E+14  0.39854843E-30 -0.54312990E-30
  0.43465471E+14  0.40891258E-30 -0.53527895E-30
  0.43558744E+14  0.41891258E-30 -0.52691401E-30
  0.43652018E+14  0.42864345E-30 -0.51863568E-30
  0.43745291E+14  0.43856346E-30 -0.51003901E-30
  0.43838565E+14  0.44808966E-30 -0.50101752E-30
  0.43931839E+14  0.45738912E-30 -0.49200745E-30
  0.44025112E+14  0.46679648E-30 -0.48274844E-30
  0.44118386E+14  0.47586952E-30 -0.47301818E-30
  0.44211659E+14  0.48463435E-30 -0.46327182E-30
  0.44304933E+14  0.49352488E-30 -0.45332954E-30
  0.44398206E+14  0.50207716E-30 -0.44285999E-30
  0.44491480E+14  0.51029786E-30 -0.43250187E-30
  0.44584753E+14  0.51868737E-30 -0.42179262E-30
  0.44678027E+14  0.52655084E-30 -0.41063515E-30
  0.44771300E+14  0.53417669E-30 -0.39962365E-30
  0.44864574E+14  0.54193336E-30 -0.38811769E-30
  0.44957848E+14  0.54899499E-30 -0.37633522E-30
  0.45051121E+14  0.55611518E-30 -0.36466294E-30
  0.45144395E+14  0.56309617E-30 -0.35236150E-30
  0.45237668E+14  0.56946539E-30 -0.34000853E-30
  0.45330942E+14  0.57589626E-30 -0.32755439E-30
  0.45424215E+14  0.58198506E-30 -0.31455600E-30
  0.45517489E+14  0.58754832E-30 -0.30161104E-30
  0.45610762E+14  0.59319427E-30 -0.28842422E-30
  0.45704036E+14  0.59829447E-30 -0.27475875E-30
  0.45797309E+14  0.60295378E-30 -0.26120199E-30
  0.45890583E+14  0.60770863E-30 -0.24721464E-30
  0.45983857E+14  0.61161722E-30 -0.23298336E-30
  0.46077130E+14  0.61550387E-30 -0.21885631E-30
  0.46170404E+14  0.61899256E-30 -0.20403500E-30
  0.46263677E+14  0.62174898E-30 -0.18942826E-30
  0.46356951E+14  0.62464009E-30 -0.17450457E-30
  0.46450224E+14  0.62663540E-30 -0.15917263E-30
  0.46543498E+14  0.62837952E-30 -0.14406849E-30
  0.46636771E+14  0.62975679E-30 -0.12832763E-30
  0.46730045E+14  0.63031109E-30 -0.11278019E-30
  0.46823318E+14  0.63068080E-30 -0.97054586E-31
  0.46916592E+14  0.63017861E-30 -0.80907812E-31
  0.47009865E+14  0.62916116E-30 -0.65078565E-31
  0.47103139E+14  0.62767688E-30 -0.48718797E-31
  0.47196413E+14  0.62527464E-30 -0.32617760E-31
  0.47289686E+14  0.62223496E-30 -0.16490920E-31
  0.47382960E+14  0.61825222E-30 -0.16351519E-33
  0.47476233E+14  0.61344379E-30  0.15685696E-31
  0.47569507E+14  0.60768178E-30  0.31766346E-31
  0.47662780E+14  0.60034110E-30  0.46851028E-31
  0.47756054E+14  0.59252034E-30  0.61437132E-31
  0.47849327E+14  0.58190516E-30  0.74826424E-31
  0.47942601E+14  0.56876727E-30  0.83688815E-31
  0.48035874E+14  0.56451584E-30  0.85526799E-31
  0.48129148E+14  0.56319907E-30  0.93607556E-31
  0.48222422E+14  0.56270281E-30  0.10598510E-30
  0.48315695E+14  0.55968600E-30  0.11768888E-30
  0.48408969E+14  0.55591103E-30  0.13123758E-30
  0.48502242E+14  0.55140247E-30  0.14411666E-30
  0.48595516E+14  0.54600267E-30  0.15788291E-30
  0.48688789E+14  0.53827544E-30  0.17138458E-30
  0.48782063E+14  0.52896285E-30  0.18453661E-30
  0.48875336E+14  0.52053357E-30  0.19742178E-30
  0.48968610E+14  0.51376996E-30  0.21111239E-30
  0.49061883E+14  0.50648569E-30  0.22308745E-30
  0.49155157E+14  0.49589464E-30  0.23501694E-30
  0.49248430E+14  0.48324745E-30  0.24703451E-30
  0.49341704E+14  0.47361557E-30  0.25930480E-30
  0.49434978E+14  0.46379552E-30  0.26993259E-30
  0.49528251E+14  0.45131795E-30  0.28053206E-30
  0.49621525E+14  0.43859646E-30  0.29090709E-30
  0.49714798E+14  0.42675834E-30  0.30129137E-30
  0.49808072E+14  0.41457012E-30  0.31026322E-30
  0.49901345E+14  0.39922244E-30  0.31855962E-30
  0.49994619E+14  0.38570108E-30  0.32818357E-30
  0.50087892E+14  0.37357285E-30  0.33554289E-30
  0.50181166E+14  0.35936266E-30  0.34289997E-30
  0.50274439E+14  0.34388197E-30  0.34951079E-30
  0.50367713E+14  0.32735053E-30  0.35595906E-30
  0.50460987E+14  0.31159165E-30  0.36160165E-30
  0.50554260E+14  0.29696801E-30  0.36666074E-30
  0.50647534E+14  0.28307232E-30  0.37090484E-30
  0.50740807E+14  0.26696650E-30  0.37487856E-30
  0.50834081E+14  0.25101867E-30  0.37873516E-30
  0.50927354E+14  0.23470393E-30  0.38191620E-30
  0.51020628E+14  0.21858131E-30  0.38393715E-30
  0.51113901E+14  0.20170172E-30  0.38535720E-30
  0.51207175E+14  0.18860828E-30  0.38648255E-30
  0.51300448E+14  0.16433827E-30  0.38596662E-30
  0.51393722E+14  0.13825935E-30  0.38371032E-30
  0.51486996E+14  0.13277065E-30  0.38958203E-30
  0.51580269E+14  0.96992496E-31  0.37554357E-30
  0.51673543E+14  0.88346381E-31  0.37425802E-30
  0.51766816E+14  0.63812235E-31  0.37286319E-30
  0.51860090E+14  0.21964236E-32  0.33906254E-30
  0.51953363E+14  0.00000000E+00  0.35082132E-30
  0.52046637E+14  0.00000000E+00  0.30079016E-30
  0.52139910E+14  0.00000000E+00  0.28095732E-30
  0.52233184E+14  0.00000000E+00  0.26553004E-30
  0.52326457E+14  0.00000000E+00  0.25260243E-30
  0.52419731E+14  0.00000000E+00  0.24137383E-30
  0.52513004E+14  0.00000000E+00  0.23140707E-30
  0.52606278E+14  0.00000000E+00  0.22242880E-30
  0.52699552E+14  0.00000000E+00  0.21425319E-30
  0.52792825E+14  0.00000000E+00  0.20674640E-30
  0.52886099E+14  0.00000000E+00  0.19980797E-30
  0.52979372E+14  0.00000000E+00  0.19336001E-30
  0.53072646E+14  0.00000000E+00  0.18734062E-30
  0.53165919E+14  0.00000000E+00  0.18169957E-30
  0.53259193E+14  0.00000000E+00  0.17639540E-30
  0.53352466E+14  0.00000000E+00  0.17139344E-30
  0.53445740E+14  0.00000000E+00  0.16666429E-30
  0.53539013E+14  0.00000000E+00  0.16218281E-30
  0.53632287E+14  0.00000000E+00  0.15792724E-30
  0.53725561E+14  0.00000000E+00  0.15387867E-30
  0.53818834E+14  0.00000000E+00  0.15002049E-30
  0.53912108E+14  0.00000000E+00  0.14633804E-30
  0.54005381E+14  0.00000000E+00  0.14281832E-30
  0.54098655E+14  0.00000000E+00  0.13944970E-30
  0.54191928E+14  0.00000000E+00  0.13622179E-30
  0.54285202E+14  0.00000000E+00  0.13312519E-30
  0.54378475E+14  0.00000000E+00  0.13015144E-30
  0.54471749E+14  0.00000000E+00  0.12729284E-30
  0.54565022E+14  0.00000000E+00  0.12454240E-30
  0.54658296E+14  0.00000000E+00  0.12189371E-30
  0.54751570E+14  0.00000000E+00  0.11934092E-30
  0.54844843E+14  0.00000000E+00  0.11687866E-30
  0.54938117E+14  0.00000000E+00  0.11450197E-30
  0.55031390E+14  0.00000000E+00  0.11220629E-30
  0.55124664E+14  0.00000000E+00  0.10998739E-30
  0.55217937E+14  0.00000000E+00  0.10784136E-30
  0.55311211E+14  0.00000000E+00  0.10576457E-30
  0.55404484E+14  0.00000000E+00  0.10375364E-30
  0.55497758E+14  0.00000000E+00  0.10180541E-30
  0.55591031E+14  0.00000000E+00  0.99916950E-31
  0.55684305E+14  0.00000000E+00  0.98085508E-31
  0.55777578E+14  0.00000000E+00  0.96308513E-31
  0.55870852E+14  0.00000000E+00  0.94583554E-31
  0.55964126E+14  0.00000000E+00  0.92908366E-31
  0.56057399E+14  0.00000000E+00  0.91280822E-31
  0.56150673E+14  0.00000000E+00  0.89698920E-31
  0.56243946E+14  0.00000000E+00  0.88160772E-31
  0.56337220E+14  0.00000000E+00  0.86664601E-31
  0.56430493E+14  0.00000000E+00  0.85208724E-31
  0.56523767E+14  0.00000000E+00  0.83791555E-31
  0.56617040E+14  0.00000000E+00  0.82411591E-31
  0.56710314E+14  0.00000000E+00  0.81067408E-31
  0.56803587E+14  0.00000000E+00  0.79757659E-31
  0.56896861E+14  0.00000000E+00  0.78481062E-31
  0.56990135E+14  0.00000000E+00  0.77236404E-31
  0.57083408E+14  0.00000000E+00  0.76022530E-31
  0.57176682E+14  0.00000000E+00  0.74838342E-31
  0.57269955E+14  0.00000000E+00  0.73682794E-31
  0.57363229E+14  0.00000000E+00  0.72554891E-31
  0.57456502E+14  0.00000000E+00  0.71453686E-31
  0.57549776E+14  0.00000000E+00  0.70378272E-31
  0.57643049E+14  0.00000000E+00  0.69327786E-31
  0.57736323E+14  0.00000000E+00  0.68301405E-31
  0.57829596E+14  0.00000000E+00  0.67298339E-31
  0.57922870E+14  0.00000000E+00  0.66317835E-31
  0.58016143E+14  0.00000000E+00  0.65359173E-31
  0.58109417E+14  0.00000000E+00  0.64421662E-31
  0.58202691E+14  0.00000000E+00  0.63504642E-31
  0.58295964E+14  0.00000000E+00  0.62607479E-31
  0.58389238E+14  0.00000000E+00  0.61729566E-31
  0.58482511E+14  0.00000000E+00  0.60870320E-31
  0.58575785E+14  0.00000000E+00  0.60029183E-31
  0.58669058E+14  0.00000000E+00  0.59205618E-31
  0.58762332E+14  0.00000000E+00  0.58399109E-31
  0.58855605E+14  0.00000000E+00  0.57609161E-31
  0.58948879E+14  0.00000000E+00  0.56835297E-31
  0.59042152E+14  0.00000000E+00  0.56077059E-31
  0.59135426E+14  0.00000000E+00  0.55334006E-31
  0.59228700E+14  0.00000000E+00  0.54605713E-31
  0.59321973E+14  0.00000000E+00  0.53891772E-31
  0.59415247E+14  0.00000000E+00  0.53191788E-31
  0.59508520E+14  0.00000000E+00  0.52505382E-31
  0.59601794E+14  0.00000000E+00  0.51832188E-31
  0.59695067E+14  0.00000000E+00  0.51171853E-31
  0.59788341E+14  0.00000000E+00  0.50524036E-31
  0.59881614E+14  0.00000000E+00  0.49888408E-31
  0.59974888E+14  0.00000000E+00  0.49264652E-31
  0.60068161E+14  0.00000000E+00  0.48652461E-31
  0.60161435E+14  0.00000000E+00  0.48051539E-31
  0.60254709E+14  0.00000000E+00  0.47461600E-31
  0.60347982E+14  0.00000000E+00  0.46882367E-31
  0.60441256E+14  0.00000000E+00  0.46313573E-31
  0.60534529E+14  0.00000000E+00  0.45754957E-31
  0.60627803E+14  0.00000000E+00  0.45206271E-31
  0.60721076E+14  0.00000000E+00  0.44667272E-31
  0.60814350E+14  0.00000000E+00  0.44137724E-31
  0.60907623E+14  0.00000000E+00  0.43617400E-31
  0.61000897E+14  0.00000000E+00  0.43106081E-31
  0.61094170E+14  0.00000000E+00  0.42603553E-31
  0.61187444E+14  0.00000000E+00  0.42109609E-31
  0.61280717E+14  0.00000000E+00  0.41624049E-31
  0.61373991E+14  0.00000000E+00  0.41146678E-31
  0.61467265E+14  0.00000000E+00  0.40677308E-31
  0.61560538E+14  0.00000000E+00  0.40215756E-31
  0.61653812E+14  0.00000000E+00  0.39761844E-31
  0.61747085E+14  0.00000000E+00  0.39315401E-31
  0.61840359E+14  0.00000000E+00  0.38876259E-31
  0.61933632E+14  0.00000000E+00  0.38444255E-31
  0.62026906E+14  0.00000000E+00  0.38019233E-31
  0.62120179E+14  0.00000000E+00  0.37601039E-31
  0.62213453E+14  0.00000000E+00  0.37189523E-31
  0.62306726E+14  0.00000000E+00  0.36784542E-31
  0.62400000E+14  0.00000000E+00  0.36385955E-31
  0.62493274E+14  0.00000000E+00  0.35993625E-31
  0.62586547E+14  0.00000000E+00  0.35607419E-31
  0.62679821E+14  0.00000000E+00  0.35227208E-31
  0.62773094E+14  0.00000000E+00  0.34852866E-31
  0.62866368E+14  0.00000000E+00  0.34484271E-31
  0.62959641E+14  0.00000000E+00  0.34121304E-31
  0.63052915E+14  0.00000000E+00  0.33763848E-31
  0.63146188E+14  0.00000000E+00  0.33411791E-31
  0.63239462E+14  0.00000000E+00  0.33065024E-31
  0.63332735E+14  0.00000000E+00  0.32723438E-31
  0.63426009E+14  0.00000000E+00  0.32386930E-31
  0.63519283E+14  0.00000000E+00  0.32055399E-31
  0.63612556E+14  0.00000000E+00  0.31728745E-31
  0.63705830E+14  0.00000000E+00  0.31406871E-31
  0.63799103E+14  0.00000000E+00  0.31089685E-31
  0.63892377E+14  0.00000000E+00  0.30777095E-31
  0.63985650E+14  0.00000000E+00  0.30469010E-31
  0.64078924E+14  0.00000000E+00  0.30165345E-31
  0.64172197E+14  0.00000000E+00  0.29866013E-31
  0.64265471E+14  0.00000000E+00  0.29570933E-31
  0.64358744E+14  0.00000000E+00  0.29280023E-31
  0.64452018E+14  0.00000000E+00  0.28993205E-31
  0.64545291E+14  0.00000000E+00  0.28710402E-31
  0.64638565E+14  0.00000000E+00  0.28431538E-31
  0.64731839E+14  0.00000000E+00  0.28156540E-31
  0.64825112E+14  0.00000000E+00  0.27885337E-31
  0.64918386E+14  0.00000000E+00  0.27617859E-31
  0.65011659E+14  0.00000000E+00  0.27354037E-31
  0.65104933E+14  0.00000000E+00  0.27093805E-31
  0.65198206E+14  0.00000000E+00  0.26837098E-31
  0.65291480E+14  0.00000000E+00  0.26583852E-31
  0.65384753E+14  0.00000000E+00  0.26334005E-31
  0.65478027E+14  0.00000000E+00  0.26087497E-31
  0.65571300E+14  0.00000000E+00  0.25844268E-31
  0.65664574E+14  0.00000000E+00  0.25604259E-31
  0.65757848E+14  0.00000000E+00  0.25367415E-31
  0.65851121E+14  0.00000000E+00  0.25133680E-31
  0.65944395E+14  0.00000000E+00  0.24902999E-31
  0.66037668E+14  0.00000000E+00  0.24675321E-31
  0.66130942E+14  0.00000000E+00  0.24450592E-31
  0.66224215E+14  0.00000000E+00  0.24228762E-31
  0.66317489E+14  0.00000000E+00  0.24009782E-31
  0.66410762E+14  0.00000000E+00  0.23793603E-31
  0.66504036E+14  0.00000000E+00  0.23580178E-31
  0.66597309E+14  0.00000000E+00  0.23369460E-31
  0.66690583E+14  0.00000000E+00  0.23161404E-31
  0.66783857E+14  0.00000000E+00  0.22955964E-31
  0.66877130E+14  0.00000000E+00  0.22753099E-31
  0.66970404E+14  0.00000000E+00  0.22552765E-31
  0.67063677E+14  0.00000000E+00  0.22354920E-31
  0.67156951E+14  0.00000000E+00  0.22159523E-31
  0.67250224E+14  0.00000000E+00  0.21966535E-31
  0.67343498E+14  0.00000000E+00  0.21775916E-31
  0.67436771E+14  0.00000000E+00  0.21587628E-31
  0.67530045E+14  0.00000000E+00  0.21401634E-31
  0.67623318E+14  0.00000000E+00  0.21217896E-31
  0.67716592E+14  0.00000000E+00  0.21036378E-31
  0.67809865E+14  0.00000000E+00  0.20857045E-31
  0.67903139E+14  0.00000000E+00  0.20679863E-31
  0.67996413E+14  0.00000000E+00  0.20504797E-31
  0.68089686E+14  0.00000000E+00  0.20331814E-31
  0.68182960E+14  0.00000000E+00  0.20160881E-31
  0.68276233E+14  0.00000000E+00  0.19991967E-31
  0.68369507E+14  0.00000000E+00  0.19825041E-31
  0.68462780E+14  0.00000000E+00  0.19660070E-31
  0.68556054E+14  0.00000000E+00  0.19497026E-31
  0.68649327E+14  0.00000000E+00  0.19335879E-31
  0.68742601E+14  0.00000000E+00  0.19176599E-31
  0.68835874E+14  0.00000000E+00  0.19019159E-31
  0.68929148E+14  0.00000000E+00  0.18863531E-31
  0.69022422E+14  0.00000000E+00  0.18709686E-31
  0.69115695E+14  0.00000000E+00  0.18557599E-31
  0.69208969E+14  0.00000000E+00  0.18407242E-31
  0.69302242E+14  0.00000000E+00  0.18258591E-31
  0.69395516E+14  0.00000000E+00  0.18111620E-31
  0.69488789E+14  0.00000000E+00  0.17966303E-31
  0.69582063E+14  0.00000000E+00  0.17822617E-31
  0.69675336E+14  0.00000000E+00  0.17680537E-31
  0.69768610E+14  0.00000000E+00  0.17540041E-31
  0.69861883E+14  0.00000000E+00  0.17401104E-31
  0.69955157E+14  0.00000000E+00  0.17263705E-31
  0.70048430E+14  0.00000000E+00  0.17127821E-31
  0.70141704E+14  0.00000000E+00  0.16993430E-31
  0.70234978E+14  0.00000000E+00  0.16860511E-31
  0.70328251E+14  0.00000000E+00  0.16729042E-31
  0.70421525E+14  0.00000000E+00  0.16599003E-31
  0.70514798E+14  0.00000000E+00  0.16470375E-31
  0.70608072E+14  0.00000000E+00  0.16343135E-31
  0.70701345E+14  0.00000000E+00  0.16217266E-31
  0.70794619E+14  0.00000000E+00  0.16092748E-31
  0.70887892E+14  0.00000000E+00  0.15969562E-31
  0.70981166E+14  0.00000000E+00  0.15847689E-31
  0.71074439E+14  0.00000000E+00  0.15727111E-31
  0.71167713E+14  0.00000000E+00  0.15607810E-31
  0.71260987E+14  0.00000000E+00  0.15489769E-31
  0.71354260E+14  0.00000000E+00  0.15372970E-31
  0.71447534E+14  0.00000000E+00  0.15257396E-31
  0.71540807E+14  0.00000000E+00  0.15143031E-31
  0.71634081E+14  0.00000000E+00  0.15029857E-31
  0.71727354E+14  0.00000000E+00  0.14917860E-31
  0.71820628E+14  0.00000000E+00  0.14807022E-31
  0.71913901E+14  0.00000000E+00  0.14697328E-31
  0.72007175E+14  0.00000000E+00  0.14588764E-31
  0.72100448E+14  0.00000000E+00  0.14481313E-31
  0.72193722E+14  0.00000000E+00  0.14374961E-31
  0.72286996E+14  0.00000000E+00  0.14269693E-31
  0.72380269E+14  0.00000000E+00  0.14165496E-31
  0.72473543E+14  0.00000000E+00  0.14062354E-31
  0.72566816E+14  0.00000000E+00  0.13960254E-31
  0.72660090E+14  0.00000000E+00  0.13859182E-31
  0.72753363E+14  0.00000000E+00  0.13759125E-31
  0.72846637E+14  0.00000000E+00  0.13660070E-31
  0.72939910E+14  0.00000000E+00  0.13562003E-31
  0.73033184E+14  0.00000000E+00  0.13464912E-31
  0.73126457E+14  0.00000000E+00  0.13368784E-31
  0.73219731E+14  0.00000000E+00  0.13273607E-31
  0.73313004E+14  0.00000000E+00  0.13179368E-31
  0.73406278E+14  0.00000000E+00  0.13086056E-31
  0.73499552E+14  0.00000000E+00  0.12993659E-31
  0.73592825E+14  0.00000000E+00  0.12902165E-31
  0.73686099E+14  0.00000000E+00  0.12811562E-31
  0.73779372E+14  0.00000000E+00  0.12721840E-31
  0.73872646E+14  0.00000000E+00  0.12632987E-31
  0.73965919E+14  0.00000000E+00  0.12544993E-31
  0.74059193E+14  0.00000000E+00  0.12457847E-31
  0.74152466E+14  0.00000000E+00  0.12371537E-31
  0.74245740E+14  0.00000000E+00  0.12286054E-31
  0.74339013E+14  0.00000000E+00  0.12201388E-31
  0.74432287E+14  0.00000000E+00  0.12117528E-31
  0.74525561E+14  0.00000000E+00  0.12034465E-31
  0.74618834E+14  0.00000000E+00  0.11952188E-31
  0.74712108E+14  0.00000000E+00  0.11870688E-31
  0.74805381E+14  0.00000000E+00  0.11789956E-31
  0.74898655E+14  0.00000000E+00  0.11709982E-31
  0.74991928E+14  0.00000000E+00  0.11630757E-31
  0.75085202E+14  0.00000000E+00  0.11552272E-31
  0.75178475E+14  0.00000000E+00  0.11474518E-31
  0.75271749E+14  0.00000000E+00  0.11397486E-31
  0.75365022E+14  0.00000000E+00  0.11321168E-31
  0.75458296E+14  0.00000000E+00  0.11245554E-31
  0.75551570E+14  0.00000000E+00  0.11170638E-31
  0.75644843E+14  0.00000000E+00  0.11096409E-31
  0.75738117E+14  0.00000000E+00  0.11022861E-31
  0.75831390E+14  0.00000000E+00  0.10949985E-31
  0.75924664E+14  0.00000000E+00  0.10877773E-31
  0.76017937E+14  0.00000000E+00  0.10806217E-31
  0.76111211E+14  0.00000000E+00  0.10735311E-31
  0.76204484E+14  0.00000000E+00  0.10665045E-31
  0.76297758E+14  0.00000000E+00  0.10595413E-31
  0.76391031E+14  0.00000000E+00  0.10526407E-31
  0.76484305E+14  0.00000000E+00  0.10458020E-31
  0.76577578E+14  0.00000000E+00  0.10390245E-31
  0.76670852E+14  0.00000000E+00  0.10323075E-31
  0.76764126E+14  0.00000000E+00  0.10256503E-31
  0.76857399E+14  0.00000000E+00  0.10190522E-31
  0.76950673E+14  0.00000000E+00  0.10125125E-31
  0.77043946E+14  0.00000000E+00  0.10060305E-31
  0.77137220E+14  0.00000000E+00  0.99960567E-32
  0.77230493E+14  0.00000000E+00  0.99323729E-32
  0.77323767E+14  0.00000000E+00  0.98692471E-32
  0.77417040E+14  0.00000000E+00  0.98066733E-32
  0.77510314E+14  0.00000000E+00  0.97446451E-32
  0.77603587E+14  0.00000000E+00  0.96831564E-32
  0.77696861E+14  0.00000000E+00  0.96222013E-32
  0.77790135E+14  0.00000000E+00  0.95617737E-32
  0.77883408E+14  0.00000000E+00  0.95018678E-32
  0.77976682E+14  0.00000000E+00  0.94424777E-32
  0.78069955E+14  0.00000000E+00  0.93835979E-32
  0.78163229E+14  0.00000000E+00  0.93252226E-32
  0.78256502E+14  0.00000000E+00  0.92673462E-32
  0.78349776E+14  0.00000000E+00  0.92099634E-32
  0.78443049E+14  0.00000000E+00  0.91530687E-32
  0.78536323E+14  0.00000000E+00  0.90966568E-32
  0.78629596E+14  0.00000000E+00  0.90407224E-32
  0.78722870E+14  0.00000000E+00  0.89852603E-32
  0.78816143E+14  0.00000000E+00  0.89302654E-32
  0.78909417E+14  0.00000000E+00  0.88757326E-32
  0.79002691E+14  0.00000000E+00  0.88216571E-32
  0.79095964E+14  0.00000000E+00  0.87680337E-32
  0.79189238E+14  0.00000000E+00  0.87148578E-32
  0.79282511E+14  0.00000000E+00  0.86621244E-32
  0.79375785E+14  0.00000000E+00  0.86098290E-32
  0.79469058E+14  0.00000000E+00  0.85579667E-32
  0.79562332E+14  0.00000000E+00  0.85065331E-32
  0.79655605E+14  0.00000000E+00  0.84555235E-32
  0.79748879E+14  0.00000000E+00  0.84049335E-32
  0.79842152E+14  0.00000000E+00  0.83547587E-32
  0.79935426E+14  0.00000000E+00  0.83049947E-32
  0.80028700E+14  0.00000000E+00  0.82556372E-32
  0.80121973E+14  0.00000000E+00  0.82066818E-32
  0.80215247E+14  0.00000000E+00  0.81581246E-32
  0.80308520E+14  0.00000000E+00  0.81099612E-32
  0.80401794E+14  0.00000000E+00  0.80621875E-32
  0.80495067E+14  0.00000000E+00  0.80147997E-32
  0.80588341E+14  0.00000000E+00  0.79677936E-32
  0.80681614E+14  0.00000000E+00  0.79211653E-32
  0.80774888E+14  0.00000000E+00  0.78749110E-32
  0.80868161E+14  0.00000000E+00  0.78290267E-32
  0.80961435E+14  0.00000000E+00  0.77835088E-32
  0.81054709E+14  0.00000000E+00  0.77383534E-32
  0.81147982E+14  0.00000000E+00  0.76935568E-32
  0.81241256E+14  0.00000000E+00  0.76491155E-32
  0.81334529E+14  0.00000000E+00  0.76050258E-32
  0.81427803E+14  0.00000000E+00  0.75612842E-32
  0.81521076E+14  0.00000000E+00  0.75178871E-32
  0.81614350E+14  0.00000000E+00  0.74748311E-32
  0.81707623E+14  0.00000000E+00  0.74321127E-32
  0.81800897E+14  0.00000000E+00  0.73897285E-32
  0.81894170E+14  0.00000000E+00  0.73476753E-32
  0.81987444E+14  0.00000000E+00  0.73059497E-32
  0.82080717E+14  0.00000000E+00  0.72645484E-32
  0.82173991E+14  0.00000000E+00  0.72234682E-32
  0.82267265E+14  0.00000000E+00  0.71827060E-32
  0.82360538E+14  0.00000000E+00  0.71422585E-32
  0.82453812E+14  0.00000000E+00  0.71021228E-32
  0.82547085E+14  0.00000000E+00  0.70622957E-32
  0.82640359E+14  0.00000000E+00  0.70227741E-32
  0.82733632E+14  0.00000000E+00  0.69835552E-32
  0.82826906E+14  0.00000000E+00  0.69446359E-32
  0.82920179E+14  0.00000000E+00  0.69060133E-32
  0.83013453E+14  0.00000000E+00  0.68676845E-32
  0.83106726E+14  0.00000000E+00  0.68296467E-32
  0.83200000E+14  0.00000000E+00  0.67918970E-32
  0.83293274E+14  0.00000000E+00  0.67544327E-32
  0.83386547E+14  0.00000000E+00  0.67172510E-32
  0.83479821E+14  0.00000000E+00  0.66803492E-32
  0.83573094E+14  0.00000000E+00  0.66437245E-32
  0.83666368E+14  0.00000000E+00  0.66073745E-32
  0.83759641E+14  0.00000000E+00  0.65712963E-32
  0.83852915E+14  0.00000000E+00  0.65354875E-32
  0.83946188E+14  0.00000000E+00  0.64999454E-32
  0.84039462E+14  0.00000000E+00  0.64646675E-32
  0.84132735E+14  0.00000000E+00  0.64296513E-32
  0.84226009E+14  0.00000000E+00  0.63948944E-32
  0.84319283E+14  0.00000000E+00  0.63603943E-32
  0.84412556E+14  0.00000000E+00  0.63261486E-32
  0.84505830E+14  0.00000000E+00  0.62921548E-32
  0.84599103E+14  0.00000000E+00  0.62584106E-32
  0.84692377E+14  0.00000000E+00  0.62249138E-32
  0.84785650E+14  0.00000000E+00  0.61916619E-32
  0.84878924E+14  0.00000000E+00  0.61586527E-32
  0.84972197E+14  0.00000000E+00  0.61258839E-32
  0.85065471E+14  0.00000000E+00  0.60933533E-32
  0.85158744E+14  0.00000000E+00  0.60610587E-32
  0.85252018E+14  0.00000000E+00  0.60289979E-32
  0.85345291E+14  0.00000000E+00  0.59971688E-32
  0.85438565E+14  0.00000000E+00  0.59655692E-32
  0.85531839E+14  0.00000000E+00  0.59341970E-32
  0.85625112E+14  0.00000000E+00  0.59030502E-32
  0.85718386E+14  0.00000000E+00  0.58721266E-32
  0.85811659E+14  0.00000000E+00  0.58414243E-32
  0.85904933E+14  0.00000000E+00  0.58109411E-32
  0.85998206E+14  0.00000000E+00  0.57806752E-32
  0.86091480E+14  0.00000000E+00  0.57506246E-32
  0.86184753E+14  0.00000000E+00  0.57207872E-32
  0.86278027E+14  0.00000000E+00  0.56911613E-32
  0.86371300E+14  0.00000000E+00  0.56617448E-32
  0.86464574E+14  0.00000000E+00  0.56325359E-32
  0.86557848E+14  0.00000000E+00  0.56035327E-32
  0.86651121E+14  0.00000000E+00  0.55747334E-32
  0.86744395E+14  0.00000000E+00  0.55461361E-32
  0.86837668E+14  0.00000000E+00  0.55177391E-32
  0.86930942E+14  0.00000000E+00  0.54895406E-32
  0.87024215E+14  0.00000000E+00  0.54615388E-32
  0.87117489E+14  0.00000000E+00  0.54337319E-32
  0.87210762E+14  0.00000000E+00  0.54061183E-32
  0.87304036E+14  0.00000000E+00  0.53786962E-32
  0.87397309E+14  0.00000000E+00  0.53514639E-32
  0.87490583E+14  0.00000000E+00  0.53244198E-32
  0.87583857E+14  0.00000000E+00  0.52975622E-32
  0.87677130E+14  0.00000000E+00  0.52708895E-32
  0.87770404E+14  0.00000000E+00  0.52444000E-32
  0.87863677E+14  0.00000000E+00  0.52180922E-32
  0.87956951E+14  0.00000000E+00  0.51919645E-32
  0.88050224E+14  0.00000000E+00  0.51660153E-32
  0.88143498E+14  0.00000000E+00  0.51402430E-32
  0.88236771E+14  0.00000000E+00  0.51146462E-32
  0.88330045E+14  0.00000000E+00  0.50892233E-32
  0.88423318E+14  0.00000000E+00  0.50639727E-32
  0.88516592E+14  0.00000000E+00  0.50388931E-32
  0.88609865E+14  0.00000000E+00  0.50139830E-32
  0.88703139E+14  0.00000000E+00  0.49892408E-32
  0.88796413E+14  0.00000000E+00  0.49646653E-32
  0.88889686E+14  0.00000000E+00  0.49402548E-32
  0.88982960E+14  0.00000000E+00  0.49160081E-32
  0.89076233E+14  0.00000000E+00  0.48919237E-32
  0.89169507E+14  0.00000000E+00  0.48680002E-32
  0.89262780E+14  0.00000000E+00  0.48442363E-32
  0.89356054E+14  0.00000000E+00  0.48206307E-32
  0.89449327E+14  0.00000000E+00  0.47971820E-32
  0.89542601E+14  0.00000000E+00  0.47738888E-32
  0.89635874E+14  0.00000000E+00  0.47507499E-32
  0.89729148E+14  0.00000000E+00  0.47277639E-32
  0.89822422E+14  0.00000000E+00  0.47049297E-32
  0.89915695E+14  0.00000000E+00  0.46822458E-32
  0.90008969E+14  0.00000000E+00  0.46597111E-32
  0.90102242E+14  0.00000000E+00  0.46373243E-32
  0.90195516E+14  0.00000000E+00  0.46150842E-32
  0.90288789E+14  0.00000000E+00  0.45929896E-32
  0.90382063E+14  0.00000000E+00  0.45710392E-32
  0.90475336E+14  0.00000000E+00  0.45492318E-32
  0.90568610E+14  0.00000000E+00  0.45275663E-32
  0.90661883E+14  0.00000000E+00  0.45060416E-32
  0.90755157E+14  0.00000000E+00  0.44846563E-32
  0.90848430E+14  0.00000000E+00  0.44634095E-32
  0.90941704E+14  0.00000000E+00  0.44422999E-32
  0.91034978E+14  0.00000000E+00  0.44213265E-32
  0.91128251E+14  0.00000000E+00  0.44004881E-32
  0.91221525E+14  0.00000000E+00  0.43797835E-32
  0.91314798E+14  0.00000000E+00  0.43592119E-32
  0.91408072E+14  0.00000000E+00  0.43387719E-32
  0.91501345E+14  0.00000000E+00  0.43184627E-32
  0.91594619E+14  0.00000000E+00  0.42982831E-32
  0.91687892E+14  0.00000000E+00  0.42782320E-32
  0.91781166E+14  0.00000000E+00  0.42583085E-32
  0.91874439E+14  0.00000000E+00  0.42385114E-32
  0.91967713E+14  0.00000000E+00  0.42188399E-32
  0.92060987E+14  0.00000000E+00  0.41992928E-32
  0.92154260E+14  0.00000000E+00  0.41798693E-32
  0.92247534E+14  0.00000000E+00  0.41605682E-32
  0.92340807E+14  0.00000000E+00  0.41413886E-32
  0.92434081E+14  0.00000000E+00  0.41223295E-32
  0.92527354E+14  0.00000000E+00  0.41033901E-32
  0.92620628E+14  0.00000000E+00  0.40845692E-32
  0.92713901E+14  0.00000000E+00  0.40658661E-32
  0.92807175E+14  0.00000000E+00  0.40472797E-32
  0.92900448E+14  0.00000000E+00  0.40288092E-32
  0.92993722E+14  0.00000000E+00  0.40104536E-32
  0.93086996E+14  0.00000000E+00  0.39922119E-32
  0.93180269E+14  0.00000000E+00  0.39740834E-32
  0.93273543E+14  0.00000000E+00  0.39560672E-32
  0.93366816E+14  0.00000000E+00  0.39381623E-32
  0.93460090E+14  0.00000000E+00  0.39203678E-32
  0.93553363E+14  0.00000000E+00  0.39026830E-32
  0.93646637E+14  0.00000000E+00  0.38851069E-32
  0.93739910E+14  0.00000000E+00  0.38676388E-32
  0.93833184E+14  0.00000000E+00  0.38502777E-32
  0.93926457E+14  0.00000000E+00  0.38330229E-32
  0.94019731E+14  0.00000000E+00  0.38158734E-32
  0.94113004E+14  0.00000000E+00  0.37988286E-32
  0.94206278E+14  0.00000000E+00  0.37818876E-32
  0.94299552E+14  0.00000000E+00  0.37650496E-32
  0.94392825E+14  0.00000000E+00  0.37483138E-32
  0.94486099E+14  0.00000000E+00  0.37316794E-32
  0.94579372E+14  0.00000000E+00  0.37151456E-32
  0.94672646E+14  0.00000000E+00  0.36987117E-32
  0.94765919E+14  0.00000000E+00  0.36823769E-32
  0.94859193E+14  0.00000000E+00  0.36661405E-32
  0.94952466E+14  0.00000000E+00  0.36500016E-32
  0.95045740E+14  0.00000000E+00  0.36339597E-32
  0.95139013E+14  0.00000000E+00  0.36180138E-32
  0.95232287E+14  0.00000000E+00  0.36021633E-32
  0.95325561E+14  0.00000000E+00  0.35864076E-32
  0.95418834E+14  0.00000000E+00  0.35707457E-32
  0.95512108E+14  0.00000000E+00  0.35551771E-32
  0.95605381E+14  0.00000000E+00  0.35397011E-32
  0.95698655E+14  0.00000000E+00  0.35243169E-32
  0.95791928E+14  0.00000000E+00  0.35090239E-32
  0.95885202E+14  0.00000000E+00  0.34938213E-32
  0.95978475E+14  0.00000000E+00  0.34787086E-32
  0.96071749E+14  0.00000000E+00  0.34636849E-32
  0.96165022E+14  0.00000000E+00  0.34487498E-32
  0.96258296E+14  0.00000000E+00  0.34339024E-32
  0.96351570E+14  0.00000000E+00  0.34191422E-32
  0.96444843E+14  0.00000000E+00  0.34044685E-32
  0.96538117E+14  0.00000000E+00  0.33898807E-32
  0.96631390E+14  0.00000000E+00  0.33753781E-32
  0.96724664E+14  0.00000000E+00  0.33609601E-32
  0.96817937E+14  0.00000000E+00  0.33466260E-32
  0.96911211E+14  0.00000000E+00  0.33323753E-32
  0.97004484E+14  0.00000000E+00  0.33182074E-32
  0.97097758E+14  0.00000000E+00  0.33041216E-32
  0.97191031E+14  0.00000000E+00  0.32901174E-32
  0.97284305E+14  0.00000000E+00  0.32761940E-32
  0.97377578E+14  0.00000000E+00  0.32623511E-32
  0.97470852E+14  0.00000000E+00  0.32485878E-32
  0.97564126E+14  0.00000000E+00  0.32349038E-32
  0.97657399E+14  0.00000000E+00  0.32212984E-32
  0.97750673E+14  0.00000000E+00  0.32077710E-32
  0.97843946E+14  0.00000000E+00  0.31943210E-32
  0.97937220E+14  0.00000000E+00  0.31809480E-32
  0.98030493E+14  0.00000000E+00  0.31676513E-32
  0.98123767E+14  0.00000000E+00  0.31544305E-32
  0.98217040E+14  0.00000000E+00  0.31412848E-32
  0.98310314E+14  0.00000000E+00  0.31282139E-32
  0.98403587E+14  0.00000000E+00  0.31152172E-32
  0.98496861E+14  0.00000000E+00  0.31022941E-32
  0.98590135E+14  0.00000000E+00  0.30894441E-32
  0.98683408E+14  0.00000000E+00  0.30766668E-32
  0.98776682E+14  0.00000000E+00  0.30639615E-32
  0.98869955E+14  0.00000000E+00  0.30513277E-32
  0.98963229E+14  0.00000000E+00  0.30387651E-32
  0.99056502E+14  0.00000000E+00  0.30262729E-32
  0.99149776E+14  0.00000000E+00  0.30138508E-32
  0.99243049E+14  0.00000000E+00  0.30014983E-32
  0.99336323E+14  0.00000000E+00  0.29892148E-32
  0.99429596E+14  0.00000000E+00  0.29769999E-32
  0.99522870E+14  0.00000000E+00  0.29648531E-32
  0.99616143E+14  0.00000000E+00  0.29527739E-32
  0.99709417E+14  0.00000000E+00  0.29407619E-32
  0.99802691E+14  0.00000000E+00  0.29288164E-32
  0.99895964E+14  0.00000000E+00  0.29169372E-32
  0.99989238E+14  0.00000000E+00  0.29051238E-32
  0.10008251E+15  0.00000000E+00  0.28933756E-32
  0.10017578E+15  0.00000000E+00  0.28816922E-32
  0.10026906E+15  0.00000000E+00  0.28700732E-32
  0.10036233E+15  0.00000000E+00  0.28585180E-32
  0.10045561E+15  0.00000000E+00  0.28470264E-32
  0.10054888E+15  0.00000000E+00  0.28355978E-32
  0.10064215E+15  0.00000000E+00  0.28242318E-32
  0.10073543E+15  0.00000000E+00  0.28129280E-32
  0.10082870E+15  0.00000000E+00  0.28016859E-32
  0.10092197E+15  0.00000000E+00  0.27905051E-32
  0.10101525E+15  0.00000000E+00  0.27793852E-32
  0.10110852E+15  0.00000000E+00  0.27683258E-32
  0.10120179E+15  0.00000000E+00  0.27573264E-32
  0.10129507E+15  0.00000000E+00  0.27463867E-32
  0.10138834E+15  0.00000000E+00  0.27355062E-32
  0.10148161E+15  0.00000000E+00  0.27246845E-32
  0.10157489E+15  0.00000000E+00  0.27139213E-32
  0.10166816E+15  0.00000000E+00  0.27032161E-32
  0.10176143E+15  0.00000000E+00  0.26925685E-32
  0.10185471E+15  0.00000000E+00  0.26819781E-32
  0.10194798E+15  0.00000000E+00  0.26714447E-32
  0.10204126E+15  0.00000000E+00  0.26609676E-32
  0.10213453E+15  0.00000000E+00  0.26505467E-32
  0.10222780E+15  0.00000000E+00  0.26401815E-32
  0.10232108E+15  0.00000000E+00  0.26298716E-32
  0.10241435E+15  0.00000000E+00  0.26196167E-32
  0.10250762E+15  0.00000000E+00  0.26094163E-32
  0.10260090E+15  0.00000000E+00  0.25992702E-32
  0.10269417E+15  0.00000000E+00  0.25891780E-32
  0.10278744E+15  0.00000000E+00  0.25791392E-32
  0.10288072E+15  0.00000000E+00  0.25691536E-32
  0.10297399E+15  0.00000000E+00  0.25592208E-32
  0.10306726E+15  0.00000000E+00  0.25493404E-32
  0.10316054E+15  0.00000000E+00  0.25395121E-32
  0.10325381E+15  0.00000000E+00  0.25297355E-32
  0.10334709E+15  0.00000000E+00  0.25200103E-32
  0.10344036E+15  0.00000000E+00  0.25103362E-32
  0.10353363E+15  0.00000000E+00  0.25007128E-32
  0.10362691E+15  0.00000000E+00  0.24911397E-32
  0.10372018E+15  0.00000000E+00  0.24816168E-32
  0.10381345E+15  0.00000000E+00  0.24721435E-32
  0.10390673E+15  0.00000000E+00  0.24627196E-32
  0.10400000E+15  0.00000000E+00  0.24533448E-32
