  0.93273543E+11  0.80978981E-30 -0.10311864E-28
  0.18654709E+12  0.81385773E-30 -0.97594969E-29
  0.27982063E+12  0.83165706E-30 -0.95300096E-29
  0.37309417E+12  0.87800475E-30 -0.94023024E-29
  0.46636771E+12  0.95378623E-30 -0.92876716E-29
  0.55964126E+12  0.10135931E-29 -0.91510604E-29
  0.65291480E+12  0.99689811E-30 -0.90402561E-29
  0.74618834E+12  0.99588302E-30 -0.90343678E-29
  0.83946188E+12  0.94054399E-30 -0.88515723E-29
  0.93273543E+12  0.12627715E-29 -0.93248020E-29
  0.10260090E+13  0.12481507E-29 -0.90216748E-29
  0.11192825E+13  0.13274540E-29 -0.90211517E-29
  0.12125561E+13  0.14890499E-29 -0.89329551E-29
  0.13058296E+13  0.14899115E-29 -0.88215360E-29
  0.13991031E+13  0.15753873E-29 -0.87418501E-29
  0.14923767E+13  0.15431778E-29 -0.85241288E-29
  0.15856502E+13  0.12761912E-29 -0.87915002E-29
  0.16789238E+13  0.15907900E-29 -0.89276912E-29
  0.17721973E+13  0.18401771E-29 -0.88756995E-29
  0.18654709E+13  0.18888919E-29 -0.87288308E-29
  0.19587444E+13  0.19997186E-29 -0.85778394E-29
  0.20520179E+13  0.18181583E-29 -0.83367828E-29
  0.21452915E+13  0.16280504E-29 -0.87789998E-29
  0.22385650E+13  0.20745537E-29 -0.88525069E-29
  0.23318386E+13  0.21953601E-29 -0.86971041E-29
  0.24251121E+13  0.23865469E-29 -0.85169956E-29
  0.25183857E+13  0.22805903E-29 -0.81579057E-29
  0.26116592E+13  0.17628949E-29 -0.84604598E-29
  0.27049327E+13  0.22293164E-29 -0.88762219E-29
  0.27982063E+13  0.26525735E-29 -0.86310118E-29
  0.28914798E+13  0.26813500E-29 -0.83728400E-29
  0.29847534E+13  0.25019335E-29 -0.80819201E-29
  0.30780269E+13  0.21635210E-29 -0.83719374E-29
  0.31713004E+13  0.24844814E-29 -0.88011654E-29
  0.32645740E+13  0.30080741E-29 -0.85751579E-29
  0.33578475E+13  0.31135000E-29 -0.80716773E-29
  0.34511211E+13  0.24879906E-29 -0.79740684E-29
  0.35443946E+13  0.24399088E-29 -0.84871921E-29
  0.36376682E+13  0.30234985E-29 -0.87449621E-29
  0.37309417E+13  0.33854534E-29 -0.83404949E-29
  0.38242152E+13  0.31675168E-29 -0.78095341E-29
  0.39174888E+13  0.27053229E-29 -0.80529658E-29
  0.40107623E+13  0.27812694E-29 -0.86410817E-29
  0.41040359E+13  0.36091381E-29 -0.85641198E-29
  0.41973094E+13  0.37391505E-29 -0.78597065E-29
  0.42905830E+13  0.30643190E-29 -0.78197487E-29
  0.43838565E+13  0.29642861E-29 -0.82456291E-29
  0.44771300E+13  0.34995752E-29 -0.86765582E-29
  0.45704036E+13  0.40627190E-29 -0.81294023E-29
  0.46636771E+13  0.35260685E-29 -0.76153419E-29
  0.47569507E+13  0.32154431E-29 -0.79704234E-29
  0.48502242E+13  0.33254361E-29 -0.85415326E-29
  0.49434978E+13  0.42329833E-29 -0.83892711E-29
  0.50367713E+13  0.39871632E-29 -0.76178713E-29
  0.51300448E+13  0.35846432E-29 -0.78178133E-29
  0.52233184E+13  0.35373348E-29 -0.81986243E-29
  0.53165919E+13  0.42221324E-29 -0.85779503E-29
  0.54098655E+13  0.45636058E-29 -0.77758358E-29
  0.55031390E+13  0.39672036E-29 -0.76431839E-29
  0.55964126E+13  0.38079710E-29 -0.79881861E-29
  0.56896861E+13  0.40845373E-29 -0.84901363E-29
  0.57829596E+13  0.49202395E-29 -0.79785663E-29
  0.58762332E+13  0.43565428E-29 -0.76129352E-29
  0.59695067E+13  0.41803395E-29 -0.78341111E-29
  0.60627803E+13  0.41756270E-29 -0.82432891E-29
  0.61560538E+13  0.50095414E-29 -0.82169417E-29
  0.62493274E+13  0.47992384E-29 -0.76224976E-29
  0.63426009E+13  0.45098867E-29 -0.77438084E-29
  0.64358744E+13  0.44934551E-29 -0.80213320E-29
  0.65291480E+13  0.50423500E-29 -0.83363055E-29
  0.66224215E+13  0.51706602E-29 -0.77074319E-29
  0.67156951E+13  0.49056127E-29 -0.77171091E-29
  0.68089686E+13  0.48710669E-29 -0.78870459E-29
  0.69022422E+13  0.50611529E-29 -0.82130498E-29
  0.69955157E+13  0.54855038E-29 -0.78879629E-29
  0.70887892E+13  0.53106232E-29 -0.77178143E-29
  0.71820628E+13  0.52387333E-29 -0.78395830E-29
  0.72753363E+13  0.52944544E-29 -0.80907042E-29
  0.73686099E+13  0.57616626E-29 -0.79695166E-29
  0.74618834E+13  0.56955400E-29 -0.78003092E-29
  0.75551570E+13  0.56573388E-29 -0.78448293E-29
  0.76484305E+13  0.56966415E-29 -0.79682661E-29
  0.77417040E+13  0.60939666E-29 -0.80320345E-29
  0.78349776E+13  0.61000683E-29 -0.78528209E-29
  0.79282511E+13  0.60851413E-29 -0.78253621E-29
  0.80215247E+13  0.61004746E-29 -0.79151512E-29
  0.81147982E+13  0.64030214E-29 -0.80596221E-29
  0.82080717E+13  0.65051599E-29 -0.78980747E-29
  0.83013453E+13  0.65463204E-29 -0.78586599E-29
  0.83946188E+13  0.65972697E-29 -0.79039447E-29
  0.84878924E+13  0.67259314E-29 -0.80409474E-29
  0.85811659E+13  0.69677144E-29 -0.79820437E-29
  0.86744395E+13  0.70866265E-29 -0.78941304E-29
  0.87677130E+13  0.71157150E-29 -0.79117798E-29
  0.88609865E+13  0.72131853E-29 -0.80685602E-29
  0.89542601E+13  0.75114205E-29 -0.80057840E-29
  0.90475336E+13  0.76335965E-29 -0.79632711E-29
  0.91408072E+13  0.77377384E-29 -0.79835342E-29
  0.92340807E+13  0.78789313E-29 -0.80564418E-29
  0.93273543E+13  0.81477263E-29 -0.80542260E-29
  0.94206278E+13  0.83412702E-29 -0.80280197E-29
  0.95139013E+13  0.84832272E-29 -0.80248766E-29
  0.96071749E+13  0.86763363E-29 -0.80911704E-29
  0.97004484E+13  0.89855150E-29 -0.81116408E-29
  0.97937220E+13  0.92147229E-29 -0.80840702E-29
  0.98869955E+13  0.94645056E-29 -0.80990470E-29
  0.99802691E+13  0.97550718E-29 -0.81211323E-29
  0.10073543E+14  0.10106313E-28 -0.81716945E-29
  0.10166816E+14  0.10507690E-28 -0.81843066E-29
  0.10260090E+14  0.10961385E-28 -0.81653948E-29
  0.10353363E+14  0.11473103E-28 -0.82061480E-29
  0.10446637E+14  0.12287322E-28 -0.83434018E-29
  0.10539910E+14  0.14645305E-28 -0.75572411E-29
  0.10633184E+14  0.14022965E-28 -0.57130819E-29
  0.10726457E+14  0.13758430E-28 -0.49936942E-29
  0.10819731E+14  0.13604937E-28 -0.44180764E-29
  0.10913004E+14  0.13435571E-28 -0.39615666E-29
  0.11006278E+14  0.13267118E-28 -0.35208309E-29
  0.11099552E+14  0.13102636E-28 -0.31366977E-29
  0.11192825E+14  0.12936832E-28 -0.28440770E-29
  0.11286099E+14  0.12839911E-28 -0.25380667E-29
  0.11379372E+14  0.12660477E-28 -0.22505245E-29
  0.11472646E+14  0.12518204E-28 -0.20152902E-29
  0.11565919E+14  0.12392506E-28 -0.17626586E-29
  0.11659193E+14  0.12249033E-28 -0.15611708E-29
  0.11752466E+14  0.12156579E-28 -0.13634680E-29
  0.11845740E+14  0.12005441E-28 -0.11297265E-29
  0.11939013E+14  0.11877616E-28 -0.99498890E-30
  0.12032287E+14  0.11795326E-28 -0.81969276E-30
  0.12125561E+14  0.11640758E-28 -0.64785146E-30
  0.12218834E+14  0.11553213E-28 -0.49086671E-30
  0.12312108E+14  0.11427390E-28 -0.34577295E-30
  0.12405381E+14  0.11343013E-28 -0.26502732E-30
  0.12498655E+14  0.11256872E-28 -0.81435911E-31
  0.12591928E+14  0.11111895E-28  0.34793943E-31
  0.12685202E+14  0.11057191E-28  0.12708244E-30
  0.12778475E+14  0.10968513E-28  0.25178104E-30
  0.12871749E+14  0.10882030E-28  0.36910479E-30
  0.12965022E+14  0.10783305E-28  0.47629724E-30
  0.13058296E+14  0.10739758E-28  0.56912582E-30
  0.13151570E+14  0.10663751E-28  0.67076620E-30
  0.13244843E+14  0.10605040E-28  0.79584263E-30
  0.13338117E+14  0.10500021E-28  0.88690421E-30
  0.13431390E+14  0.10548100E-28  0.99688135E-30
  0.13524664E+14  0.10404091E-28  0.11283030E-29
  0.13617937E+14  0.10305736E-28  0.12945886E-29
  0.13711211E+14  0.10319340E-28  0.13745610E-29
  0.13804484E+14  0.10099472E-28  0.15502798E-29
  0.13897758E+14  0.10070056E-28  0.16433099E-29
  0.13991031E+14  0.99531737E-29  0.19242774E-29
  0.14084305E+14  0.96139662E-29  0.21504920E-29
  0.14177578E+14  0.93734437E-29  0.19712127E-29
  0.14270852E+14  0.92895938E-29  0.18726922E-29
  0.14364126E+14  0.92241504E-29  0.17701969E-29
  0.14457399E+14  0.91407292E-29  0.17200995E-29
  0.14550673E+14  0.91634118E-29  0.16950552E-29
  0.14643946E+14  0.92408351E-29  0.13966754E-29
  0.14737220E+14  0.99077728E-29  0.18347119E-29
  0.14830493E+14  0.96031817E-29  0.23348937E-29
  0.14923767E+14  0.93194975E-29  0.25599700E-29
  0.15017040E+14  0.90236161E-29  0.26943818E-29
  0.15110314E+14  0.87405964E-29  0.27105384E-29
  0.15203587E+14  0.84668994E-29  0.26950883E-29
  0.15296861E+14  0.82049858E-29  0.25734469E-29
  0.15390135E+14  0.80053333E-29  0.24166337E-29
  0.15483408E+14  0.78328618E-29  0.22050861E-29
  0.15576682E+14  0.77268701E-29  0.19627642E-29
  0.15669955E+14  0.76726336E-29  0.16618773E-29
  0.15763229E+14  0.76980415E-29  0.13307541E-29
  0.15856502E+14  0.78203334E-29  0.98023821E-30
  0.15949776E+14  0.80756819E-29  0.58495876E-30
  0.16043049E+14  0.84816931E-29  0.15339157E-30
  0.16136323E+14  0.93882665E-29 -0.25383363E-30
  0.16229596E+14  0.10594589E-28 -0.43991713E-33
  0.16322870E+14  0.12157601E-28  0.16184249E-29
  0.16416143E+14  0.10644307E-28  0.29542293E-29
  0.16509417E+14  0.10062511E-28  0.30001037E-29
  0.16602691E+14  0.97962120E-29  0.31245436E-29
  0.16695964E+14  0.94464861E-29  0.31084649E-29
  0.16789238E+14  0.91928659E-29  0.28785670E-29
  0.16882511E+14  0.91440400E-29  0.26705871E-29
  0.16975785E+14  0.92286844E-29  0.25204997E-29
  0.17069058E+14  0.93536904E-29  0.23792826E-29
  0.17162332E+14  0.95254624E-29  0.23091920E-29
  0.17255605E+14  0.97796255E-29  0.23001272E-29
  0.17348879E+14  0.10031967E-28  0.23731402E-29
  0.17442152E+14  0.10179207E-28  0.25096663E-29
  0.17535426E+14  0.10162199E-28  0.27012085E-29
  0.17628700E+14  0.97336148E-29  0.22531535E-29
  0.17721973E+14  0.10632968E-28  0.13165889E-29
  0.17815247E+14  0.11892051E-28  0.15061877E-29
  0.17908520E+14  0.12783651E-28  0.20838358E-29
  0.18001794E+14  0.13446842E-28  0.27879391E-29
  0.18095067E+14  0.13959493E-28  0.35737746E-29
  0.18188341E+14  0.14299279E-28  0.44509406E-29
  0.18281614E+14  0.14545313E-28  0.53403936E-29
  0.18374888E+14  0.14687874E-28  0.62851533E-29
  0.18468161E+14  0.14748972E-28  0.71704044E-29
  0.18561435E+14  0.14711017E-28  0.81022589E-29
  0.18654709E+14  0.14536551E-28  0.90879399E-29
  0.18747982E+14  0.14294147E-28  0.99876098E-29
  0.18841256E+14  0.13920154E-28  0.10979394E-28
  0.18934529E+14  0.13512423E-28  0.11966968E-28
  0.19027803E+14  0.12986094E-28  0.12994287E-28
  0.19121076E+14  0.12334193E-28  0.14090593E-28
  0.19214350E+14  0.11516188E-28  0.15401485E-28
  0.19307623E+14  0.87942111E-29  0.17461765E-28
  0.19400897E+14  0.65347579E-29  0.15843185E-28
  0.19494170E+14  0.55767450E-29  0.15148959E-28
  0.19587444E+14  0.49199382E-29  0.14497029E-28
  0.19680717E+14  0.42761820E-29  0.14045501E-28
  0.19773991E+14  0.38142033E-29  0.13588300E-28
  0.19867265E+14  0.34205890E-29  0.13142864E-28
  0.19960538E+14  0.32318761E-29  0.12834081E-28
  0.20053812E+14  0.27398803E-29  0.12669709E-28
  0.20147085E+14  0.24072385E-29  0.12306436E-28
  0.20240359E+14  0.22548235E-29  0.12090258E-28
  0.20333632E+14  0.20010215E-29  0.12152357E-28
  0.20426906E+14  0.12013721E-29  0.11821919E-28
  0.20520179E+14  0.89269254E-30  0.11373887E-28
  0.20613453E+14  0.65398201E-30  0.10995946E-28
  0.20706726E+14  0.45613668E-30  0.10658155E-28
  0.20800000E+14  0.27605813E-30  0.10337750E-28
  0.20893274E+14  0.11107131E-30  0.10046993E-28
  0.20986547E+14 -0.12331292E-30  0.97221728E-29
  0.21079821E+14 -0.15519735E-30  0.93566523E-29
  0.21173094E+14 -0.19290674E-30  0.90937144E-29
  0.21266368E+14 -0.23445158E-30  0.88582435E-29
  0.21359641E+14 -0.28862794E-30  0.86636919E-29
  0.21452915E+14 -0.36459360E-30  0.84648924E-29
  0.21546188E+14 -0.42955136E-30  0.82626657E-29
  0.21639462E+14 -0.49414651E-30  0.80605944E-29
  0.21732735E+14 -0.53835683E-30  0.78599156E-29
  0.21826009E+14 -0.59104765E-30  0.76716201E-29
  0.21919283E+14 -0.61792317E-30  0.74666004E-29
  0.22012556E+14 -0.63730924E-30  0.72873437E-29
  0.22105830E+14 -0.65020918E-30  0.71018793E-29
  0.22199103E+14 -0.65509454E-30  0.69274417E-29
  0.22292377E+14 -0.64486480E-30  0.67503545E-29
  0.22385650E+14 -0.63124366E-30  0.65914175E-29
  0.22478924E+14 -0.60084301E-30  0.64380003E-29
  0.22572197E+14 -0.57958029E-30  0.62928222E-29
  0.22665471E+14 -0.53204717E-30  0.61571732E-29
  0.22758744E+14 -0.47986520E-30  0.60307693E-29
  0.22852018E+14 -0.44691801E-30  0.59154588E-29
  0.22945291E+14 -0.37576540E-30  0.58152977E-29
  0.23038565E+14 -0.30634162E-30  0.57247295E-29
  0.23131839E+14 -0.23777920E-30  0.56461281E-29
  0.23225112E+14 -0.15850222E-30  0.55894620E-29
  0.23318386E+14 -0.81623740E-31  0.55553991E-29
  0.23411659E+14 -0.15190091E-31  0.55576809E-29
  0.23504933E+14  0.00000000E+00  0.55760672E-29
  0.23598206E+14  0.00000000E+00  0.55656794E-29
  0.23691480E+14  0.00000000E+00  0.55466665E-29
  0.23784753E+14  0.00000000E+00  0.55239834E-29
  0.23878027E+14  0.00000000E+00  0.54996350E-29
  0.23971300E+14  0.00000000E+00  0.54746749E-29
  0.24064574E+14  0.00000000E+00  0.54497285E-29
  0.24157848E+14  0.00000000E+00  0.54251951E-29
  0.24251121E+14  0.00000000E+00  0.54013425E-29
  0.24344395E+14  0.00000000E+00  0.53783567E-29
  0.24437668E+14  0.00000000E+00  0.53563700E-29
  0.24530942E+14  0.00000000E+00  0.53354794E-29
  0.24624215E+14  0.00000000E+00  0.53157567E-29
  0.24717489E+14  0.00000000E+00  0.52972569E-29
  0.24810762E+14  0.00000000E+00  0.52800226E-29
  0.24904036E+14  0.00000000E+00  0.52640879E-29
  0.24997309E+14  0.00000000E+00  0.52494812E-29
  0.25090583E+14  0.00000000E+00  0.52362265E-29
  0.25183857E+14  0.00000000E+00  0.52243458E-29
  0.25277130E+14  0.00000000E+00  0.52138593E-29
  0.25370404E+14  0.00000000E+00  0.52047869E-29
  0.25463677E+14  0.00000000E+00  0.51971488E-29
  0.25556951E+14  0.00000000E+00  0.51909657E-29
  0.25650224E+14  0.00000000E+00  0.51862599E-29
  0.25743498E+14  0.00000000E+00  0.51830553E-29
  0.25836771E+14  0.00000000E+00  0.51813780E-29
  0.25930045E+14  0.00000000E+00  0.51812567E-29
  0.26023318E+14  0.00000000E+00  0.51827227E-29
  0.26116592E+14  0.00000000E+00  0.51858108E-29
  0.26209865E+14  0.00000000E+00  0.51905594E-29
  0.26303139E+14  0.00000000E+00  0.51970107E-29
  0.26396413E+14  0.00000000E+00  0.52052113E-29
  0.26489686E+14  0.00000000E+00  0.52152126E-29
  0.26582960E+14  0.00000000E+00  0.52270715E-29
  0.26676233E+14  0.00000000E+00  0.52408503E-29
  0.26769507E+14  0.00000000E+00  0.52566178E-29
  0.26862780E+14  0.00000000E+00  0.52744500E-29
  0.26956054E+14  0.00000000E+00  0.52944302E-29
  0.27049327E+14  0.00000000E+00  0.53166506E-29
  0.27142601E+14  0.00000000E+00  0.53412127E-29
  0.27235874E+14  0.00000000E+00  0.53682284E-29
  0.27329148E+14  0.00000000E+00  0.53978215E-29
  0.27422422E+14  0.00000000E+00  0.54301290E-29
  0.27515695E+14  0.00000000E+00  0.54653023E-29
  0.27608969E+14  0.00000000E+00  0.55035098E-29
  0.27702242E+14  0.00000000E+00  0.55449386E-29
  0.27795516E+14  0.00000000E+00  0.55897971E-29
  0.27888789E+14  0.00000000E+00  0.56383183E-29
  0.27982063E+14  0.00000000E+00  0.56907631E-29
  0.28075336E+14  0.00000000E+00  0.57474248E-29
  0.28168610E+14  0.00000000E+00  0.58086342E-29
  0.28261883E+14  0.00000000E+00  0.58747659E-29
  0.28355157E+14  0.00000000E+00  0.59462458E-29
  0.28448430E+14  0.00000000E+00  0.60235602E-29
  0.28541704E+14  0.00000000E+00  0.61072677E-29
  0.28634978E+14  0.00000000E+00  0.61980134E-29
  0.28728251E+14  0.00000000E+00  0.62965470E-29
  0.28821525E+14  0.00000000E+00  0.64037460E-29
  0.28914798E+14  0.00000000E+00  0.65206457E-29
  0.29008072E+14  0.00000000E+00  0.66484783E-29
  0.29101345E+14  0.00000000E+00  0.67887255E-29
  0.29194619E+14  0.00000000E+00  0.69431887E-29
  0.29287892E+14  0.00000000E+00  0.71140873E-29
  0.29381166E+14  0.00000000E+00  0.73041971E-29
  0.29474439E+14  0.00000000E+00  0.75170506E-29
  0.29567713E+14  0.00000000E+00  0.77572377E-29
  0.29660987E+14  0.00000000E+00  0.80308727E-29
  0.29754260E+14  0.00000000E+00  0.83463522E-29
  0.29847534E+14  0.00000000E+00  0.87156583E-29
  0.29940807E+14  0.00000000E+00  0.91567719E-29
  0.30034081E+14  0.00000000E+00  0.96986276E-29
  0.30127354E+14  0.00000000E+00  0.10393056E-28
  0.30220628E+14  0.00000000E+00  0.11353343E-28
  0.30313901E+14  0.00000000E+00  0.13475468E-28
  0.30407175E+14 -0.16930222E-29  0.13540948E-28
  0.30500448E+14 -0.19038113E-29  0.18055490E-28
  0.30593722E+14 -0.98156461E-29  0.19817599E-28
  0.30686996E+14 -0.15568856E-28  0.14666904E-28
  0.30780269E+14 -0.16556738E-28  0.79995472E-29
  0.30873543E+14 -0.13783158E-28  0.24107318E-29
  0.30966816E+14 -0.77429048E-29 -0.88224011E-30
  0.31060090E+14 -0.17611730E-29  0.40565404E-29
  0.31153363E+14 -0.22862946E-29  0.82007777E-29
  0.31246637E+14 -0.39020596E-29  0.10771806E-28
  0.31339910E+14 -0.61458037E-29  0.12172776E-28
  0.31433184E+14 -0.86130372E-29  0.12649704E-28
  0.31526457E+14 -0.11012229E-28  0.12408812E-28
  0.31619731E+14 -0.13372937E-28  0.11531454E-28
  0.31713004E+14 -0.15791265E-28  0.99679192E-29
  0.31806278E+14 -0.18277882E-28  0.71694934E-29
  0.31899552E+14 -0.17106472E-28  0.12480419E-29
  0.31992825E+14 -0.14377058E-28  0.43344180E-30
  0.32086099E+14 -0.13031222E-28  0.14353785E-30
  0.32179372E+14 -0.12157775E-28 -0.57468750E-31
  0.32272646E+14 -0.11535609E-28 -0.19524441E-30
  0.32365919E+14 -0.11065495E-28 -0.33380552E-30
  0.32459193E+14 -0.10729409E-28 -0.47137204E-30
  0.32552466E+14 -0.10499489E-28 -0.62314888E-30
  0.32645740E+14 -0.10328006E-28 -0.79855603E-30
  0.32739013E+14 -0.10184429E-28 -0.10294037E-29
  0.32832287E+14 -0.10093053E-28 -0.12787901E-29
  0.32925561E+14 -0.10002581E-28 -0.16010094E-29
  0.33018834E+14 -0.99304694E-29 -0.19525690E-29
  0.33112108E+14 -0.98360945E-29 -0.23630665E-29
  0.33205381E+14 -0.96813279E-29 -0.28329501E-29
  0.33298655E+14 -0.95137537E-29 -0.33405019E-29
  0.33391928E+14 -0.92687543E-29 -0.39136756E-29
  0.33485202E+14 -0.89090409E-29 -0.45369972E-29
  0.33578475E+14 -0.83424921E-29 -0.52191760E-29
  0.33671749E+14 -0.74540364E-29 -0.55706414E-29
  0.33765022E+14 -0.67838472E-29 -0.57042906E-29
  0.33858296E+14 -0.61594773E-29 -0.58087142E-29
  0.33951570E+14 -0.55665333E-29 -0.58891027E-29
  0.34044843E+14 -0.49800060E-29 -0.59337982E-29
  0.34138117E+14 -0.43837950E-29 -0.59395003E-29
  0.34231390E+14 -0.37623290E-29 -0.59234131E-29
  0.34324664E+14 -0.31184313E-29 -0.58659235E-29
  0.34417937E+14 -0.22985810E-29 -0.57062693E-29
  0.34511211E+14 -0.14124885E-29 -0.52124575E-29
  0.34604484E+14 -0.73188379E-30 -0.42789688E-29
  0.34697758E+14 -0.52871933E-30 -0.31019704E-29
  0.34791031E+14 -0.11626499E-29 -0.20490706E-29
  0.34884305E+14 -0.20147840E-29 -0.16611960E-29
  0.34977578E+14 -0.28253034E-29 -0.17090922E-29
  0.35070852E+14 -0.36336124E-29 -0.22809967E-29
  0.35164126E+14 -0.28015899E-29 -0.40378072E-29
  0.35257399E+14 -0.21532437E-29 -0.36324593E-29
  0.35350673E+14 -0.18678927E-29 -0.33916226E-29
  0.35443946E+14 -0.15758235E-29 -0.32282089E-29
  0.35537220E+14 -0.14235711E-29 -0.30503842E-29
  0.35630493E+14 -0.13015223E-29 -0.28889852E-29
  0.35723767E+14 -0.12047192E-29 -0.27443890E-29
  0.35817040E+14 -0.11242064E-29 -0.26143619E-29
  0.35910314E+14 -0.10546679E-29 -0.24954949E-29
  0.36003587E+14 -0.99502554E-30 -0.23876368E-29
  0.36096861E+14 -0.94178849E-30 -0.22868485E-29
  0.36190135E+14 -0.89389702E-30 -0.21924446E-29
  0.36283408E+14 -0.84784831E-30 -0.21043090E-29
  0.36376682E+14 -0.80703561E-30 -0.20221014E-29
  0.36469955E+14 -0.76897227E-30 -0.19434823E-29
  0.36563229E+14 -0.73223779E-30 -0.18693247E-29
  0.36656502E+14 -0.69877553E-30 -0.17988983E-29
  0.36749776E+14 -0.66693362E-30 -0.17314858E-29
  0.36843049E+14 -0.63616147E-30 -0.16671576E-29
  0.36936323E+14 -0.60750533E-30 -0.16053626E-29
  0.37029596E+14 -0.57954308E-30 -0.15459290E-29
  0.37122870E+14 -0.55369592E-30 -0.14889413E-29
  0.37216143E+14 -0.52802119E-30 -0.14336482E-29
  0.37309417E+14 -0.50393678E-30 -0.13806814E-29
  0.37402691E+14 -0.47997899E-30 -0.13289929E-29
  0.37495964E+14 -0.45715428E-30 -0.12788994E-29
  0.37589238E+14 -0.43440858E-30 -0.12294431E-29
  0.37682511E+14 -0.41343170E-30 -0.11813754E-29
  0.37775785E+14 -0.39220173E-30 -0.11340080E-29
  0.37869058E+14 -0.37240471E-30 -0.10873350E-29
  0.37962332E+14 -0.35315420E-30 -0.10411973E-29
  0.38055605E+14 -0.33529775E-30 -0.99597138E-30
  0.38148879E+14 -0.31745803E-30 -0.95123205E-30
  0.38242152E+14 -0.30147020E-30 -0.90644859E-30
  0.38335426E+14 -0.28606159E-30 -0.86301963E-30
  0.38428700E+14 -0.27151528E-30 -0.81924374E-30
  0.38521973E+14 -0.25814379E-30 -0.77647019E-30
  0.38615247E+14 -0.24555789E-30 -0.73332509E-30
  0.38708520E+14 -0.23456172E-30 -0.69144270E-30
  0.38801794E+14 -0.22326114E-30 -0.64956192E-30
  0.38895067E+14 -0.21469370E-30 -0.60739341E-30
  0.38988341E+14 -0.20661087E-30 -0.56695683E-30
  0.39081614E+14 -0.19890745E-30 -0.52569257E-30
  0.39174888E+14 -0.19335260E-30 -0.48523240E-30
  0.39268161E+14 -0.18820158E-30 -0.44534044E-30
  0.39361435E+14 -0.18452733E-30 -0.40562646E-30
  0.39454709E+14 -0.18164723E-30 -0.36639923E-30
  0.39547982E+14 -0.18022683E-30 -0.32730974E-30
  0.39641256E+14 -0.18011150E-30 -0.28936991E-30
  0.39734529E+14 -0.18028476E-30 -0.25132864E-30
  0.39827803E+14 -0.18258854E-30 -0.21349113E-30
  0.39921076E+14 -0.18567206E-30 -0.17717083E-30
  0.40014350E+14 -0.18926245E-30 -0.14067990E-30
  0.40107623E+14 -0.19501358E-30 -0.10435914E-30
  0.40200897E+14 -0.20154717E-30 -0.69773781E-31
  0.40294170E+14 -0.20835018E-30 -0.35012561E-31
  0.40387444E+14 -0.21760378E-30 -0.60927515E-33
  0.40480717E+14 -0.22735832E-30  0.32099007E-31
  0.40573991E+14 -0.23744292E-30  0.64989295E-31
  0.40667265E+14 -0.25002921E-30  0.97083912E-31
  0.40760538E+14 -0.26289786E-30  0.12784134E-30
  0.40853812E+14 -0.27655411E-30  0.15841849E-30
  0.40947085E+14 -0.29193049E-30  0.18798321E-30
  0.41040359E+14 -0.30791339E-30  0.21661220E-30
  0.41133632E+14 -0.32475019E-30  0.24447143E-30
  0.41226906E+14 -0.34295883E-30  0.27152218E-30
  0.41320179E+14 -0.36214091E-30  0.29737075E-30
  0.41413453E+14 -0.38157153E-30  0.32253920E-30
  0.41506726E+14 -0.40276994E-30  0.34679400E-30
  0.41600000E+14 -0.42432501E-30  0.36928977E-30
  0.41693274E+14 -0.44639395E-30  0.39197914E-30
  0.41786547E+14 -0.47080508E-30  0.41281041E-30
  0.41879821E+14 -0.49410671E-30  0.43206372E-30
  0.41973094E+14 -0.51891563E-30  0.45192965E-30
  0.42066368E+14 -0.54548992E-30  0.46880223E-30
  0.42159641E+14 -0.57077312E-30  0.48497547E-30
  0.42252915E+14 -0.59828195E-30  0.50125026E-30
  0.42346188E+14 -0.62629077E-30  0.51453262E-30
  0.42439462E+14 -0.65368786E-30  0.52737814E-30
  0.42532735E+14 -0.68273471E-30  0.53939549E-30
  0.42626009E+14 -0.71245694E-30  0.54951156E-30
  0.42719283E+14 -0.74220689E-30  0.55801117E-30
  0.42812556E+14 -0.77163850E-30  0.56625138E-30
  0.42905830E+14 -0.80311433E-30  0.57292012E-30
  0.42999103E+14 -0.83381215E-30  0.57658853E-30
  0.43092377E+14 -0.86414040E-30  0.58163212E-30
  0.43185650E+14 -0.89786277E-30  0.58378803E-30
  0.43278924E+14 -0.92822549E-30  0.58309183E-30
  0.43372197E+14 -0.95943762E-30  0.58457617E-30
  0.43465471E+14 -0.99357916E-30  0.58177588E-30
  0.43558744E+14 -0.10240684E-29  0.57764356E-30
  0.43652018E+14 -0.10568764E-29  0.57448513E-30
  0.43745291E+14 -0.10901160E-29  0.56713357E-30
  0.43838565E+14 -0.11210700E-29  0.55921464E-30
  0.43931839E+14 -0.11533343E-29  0.55093342E-30
  0.44025112E+14 -0.11862541E-29  0.53981989E-30
  0.44118386E+14 -0.12171344E-29  0.52713559E-30
  0.44211659E+14 -0.12482749E-29  0.51489592E-30
  0.44304933E+14 -0.12814464E-29  0.49934525E-30
  0.44398206E+14 -0.13104443E-29  0.48175929E-30
  0.44491480E+14 -0.13411044E-29  0.46611002E-30
  0.44584753E+14 -0.13732002E-29  0.44477082E-30
  0.44678027E+14 -0.14002256E-29  0.42387396E-30
  0.44771300E+14 -0.14309421E-29  0.40362935E-30
  0.44864574E+14 -0.14595240E-29  0.37734133E-30
  0.44957848E+14 -0.14849468E-29  0.35386024E-30
  0.45051121E+14 -0.15149150E-29  0.32753644E-30
  0.45144395E+14 -0.15396181E-29  0.29749441E-30
  0.45237668E+14 -0.15647588E-29  0.27041721E-30
  0.45330942E+14 -0.15913986E-29  0.23873314E-30
  0.45424215E+14 -0.16132275E-29  0.20595613E-30
  0.45517489E+14 -0.16363112E-29  0.17386550E-30
  0.45610762E+14 -0.16589383E-29  0.13792218E-30
  0.45704036E+14 -0.16780466E-29  0.10163894E-30
  0.45797309E+14 -0.16982626E-29  0.65615641E-31
  0.45890583E+14 -0.17173796E-29  0.24931537E-31
  0.45983857E+14 -0.17320231E-29 -0.13929042E-31
  0.46077130E+14 -0.17506674E-29 -0.54555088E-31
  0.46170404E+14 -0.17628942E-29 -0.99175429E-31
  0.46263677E+14 -0.17758113E-29 -0.13998088E-30
  0.46356951E+14 -0.17887004E-29 -0.18707301E-30
  0.46450224E+14 -0.17952175E-29 -0.23232806E-30
  0.46543498E+14 -0.18064237E-29 -0.27818185E-30
  0.46636771E+14 -0.18113623E-29 -0.32858872E-30
  0.46730045E+14 -0.18157390E-29 -0.37516008E-30
  0.46823318E+14 -0.18202184E-29 -0.42713935E-30
  0.46916592E+14 -0.18182161E-29 -0.47789422E-30
  0.47009865E+14 -0.18199919E-29 -0.52900027E-30
  0.47103139E+14 -0.18154031E-29 -0.58396284E-30
  0.47196413E+14 -0.18096847E-29 -0.63556123E-30
  0.47289686E+14 -0.18037708E-29 -0.69285675E-30
  0.47382960E+14 -0.17918256E-29 -0.74739168E-30
  0.47476233E+14 -0.17832775E-29 -0.80385306E-30
  0.47569507E+14 -0.17655778E-29 -0.86330112E-30
  0.47662780E+14 -0.17496271E-29 -0.92022139E-30
  0.47756054E+14 -0.17299083E-29 -0.98329301E-30
  0.47849327E+14 -0.17063343E-29 -0.10434922E-29
  0.47942601E+14 -0.16836918E-29 -0.11125512E-29
  0.48035874E+14 -0.16401329E-29 -0.11859010E-29
  0.48129148E+14 -0.15926020E-29 -0.12496967E-29
  0.48222422E+14 -0.15332165E-29 -0.13070983E-29
  0.48315695E+14 -0.14775308E-29 -0.13574103E-29
  0.48408969E+14 -0.14159076E-29 -0.14070473E-29
  0.48502242E+14 -0.13534642E-29 -0.14484686E-29
  0.48595516E+14 -0.12890929E-29 -0.14894300E-29
  0.48688789E+14 -0.12238792E-29 -0.15223414E-29
  0.48782063E+14 -0.11589563E-29 -0.15558752E-29
  0.48875336E+14 -0.10896046E-29 -0.15808304E-29
  0.48968610E+14 -0.10169238E-29 -0.16043367E-29
  0.49061883E+14 -0.94323729E-30 -0.16222502E-29
  0.49155157E+14 -0.87131143E-30 -0.16384351E-29
  0.49248430E+14 -0.80259548E-30 -0.16483453E-29
  0.49341704E+14 -0.72924566E-30 -0.16542423E-29
  0.49434978E+14 -0.65401992E-30 -0.16568421E-29
  0.49528251E+14 -0.58066411E-30 -0.16559560E-29
  0.49621525E+14 -0.50823401E-30 -0.16504903E-29
  0.49714798E+14 -0.43828432E-30 -0.16403674E-29
  0.49808072E+14 -0.36394809E-30 -0.16249525E-29
  0.49901345E+14 -0.29243646E-30 -0.16079491E-29
  0.49994619E+14 -0.22463492E-30 -0.15847082E-29
  0.50087892E+14 -0.15538284E-30 -0.15576899E-29
  0.50181166E+14 -0.89405859E-31 -0.15271926E-29
  0.50274439E+14 -0.23670171E-31 -0.14910698E-29
  0.50367713E+14  0.38770041E-31 -0.14515823E-29
  0.50460987E+14  0.98126208E-31 -0.14085201E-29
  0.50554260E+14  0.15560367E-30 -0.13597591E-29
  0.50647534E+14  0.20902780E-30 -0.13077302E-29
  0.50740807E+14  0.25824899E-30 -0.12515855E-29
  0.50834081E+14  0.30496405E-30 -0.11896017E-29
  0.50927354E+14  0.34914495E-30 -0.11241023E-29
  0.51020628E+14  0.38819941E-30 -0.10550406E-29
  0.51113901E+14  0.42025011E-30 -0.98186830E-30
  0.51207175E+14  0.45113629E-30 -0.90236603E-30
  0.51300448E+14  0.46125105E-30 -0.82112108E-30
  0.51393722E+14  0.45637551E-30 -0.73583180E-30
  0.51486996E+14  0.45943948E-30 -0.63826705E-30
  0.51580269E+14  0.43341558E-30 -0.55138119E-30
  0.51673543E+14  0.40775684E-30 -0.45331350E-30
  0.51766816E+14  0.33964875E-30 -0.35833525E-30
  0.51860090E+14  0.18722732E-30 -0.27870272E-30
  0.51953363E+14  0.00000000E+00 -0.25426255E-30
  0.52046637E+14  0.00000000E+00 -0.39496895E-30
  0.52139910E+14  0.00000000E+00 -0.43009197E-30
  0.52233184E+14  0.00000000E+00 -0.44811126E-30
  0.52326457E+14  0.00000000E+00 -0.45787704E-30
  0.52419731E+14  0.00000000E+00 -0.46287746E-30
  0.52513004E+14  0.00000000E+00 -0.46485618E-30
  0.52606278E+14  0.00000000E+00 -0.46480643E-30
  0.52699552E+14  0.00000000E+00 -0.46334331E-30
  0.52792825E+14  0.00000000E+00 -0.46087064E-30
  0.52886099E+14  0.00000000E+00 -0.45766516E-30
  0.52979372E+14  0.00000000E+00 -0.45392285E-30
  0.53072646E+14  0.00000000E+00 -0.44978611E-30
  0.53165919E+14  0.00000000E+00 -0.44536055E-30
  0.53259193E+14  0.00000000E+00 -0.44072583E-30
  0.53352466E+14  0.00000000E+00 -0.43594282E-30
  0.53445740E+14  0.00000000E+00 -0.43105858E-30
  0.53539013E+14  0.00000000E+00 -0.42610978E-30
  0.53632287E+14  0.00000000E+00 -0.42112522E-30
  0.53725561E+14  0.00000000E+00 -0.41612764E-30
  0.53818834E+14  0.00000000E+00 -0.41113504E-30
  0.53912108E+14  0.00000000E+00 -0.40616171E-30
  0.54005381E+14  0.00000000E+00 -0.40121902E-30
  0.54098655E+14  0.00000000E+00 -0.39631598E-30
  0.54191928E+14  0.00000000E+00 -0.39145971E-30
  0.54285202E+14  0.00000000E+00 -0.38665581E-30
  0.54378475E+14  0.00000000E+00 -0.38190866E-30
  0.54471749E+14  0.00000000E+00 -0.37722163E-30
  0.54565022E+14  0.00000000E+00 -0.37259725E-30
  0.54658296E+14  0.00000000E+00 -0.36803740E-30
  0.54751570E+14  0.00000000E+00 -0.36354340E-30
  0.54844843E+14  0.00000000E+00 -0.35911610E-30
  0.54938117E+14  0.00000000E+00 -0.35475599E-30
  0.55031390E+14  0.00000000E+00 -0.35046326E-30
  0.55124664E+14  0.00000000E+00 -0.34623783E-30
  0.55217937E+14  0.00000000E+00 -0.34207942E-30
  0.55311211E+14  0.00000000E+00 -0.33798756E-30
  0.55404484E+14  0.00000000E+00 -0.33396168E-30
  0.55497758E+14  0.00000000E+00 -0.33000106E-30
  0.55591031E+14  0.00000000E+00 -0.32610490E-30
  0.55684305E+14  0.00000000E+00 -0.32227234E-30
  0.55777578E+14  0.00000000E+00 -0.31850245E-30
  0.55870852E+14  0.00000000E+00 -0.31479425E-30
  0.55964126E+14  0.00000000E+00 -0.31114674E-30
  0.56057399E+14  0.00000000E+00 -0.30755889E-30
  0.56150673E+14  0.00000000E+00 -0.30402965E-30
  0.56243946E+14  0.00000000E+00 -0.30055797E-30
  0.56337220E+14  0.00000000E+00 -0.29714279E-30
  0.56430493E+14  0.00000000E+00 -0.29378303E-30
  0.56523767E+14  0.00000000E+00 -0.29047765E-30
  0.56617040E+14  0.00000000E+00 -0.28722559E-30
  0.56710314E+14  0.00000000E+00 -0.28402580E-30
  0.56803587E+14  0.00000000E+00 -0.28087726E-30
  0.56896861E+14  0.00000000E+00 -0.27777895E-30
  0.56990135E+14  0.00000000E+00 -0.27472986E-30
  0.57083408E+14  0.00000000E+00 -0.27172901E-30
  0.57176682E+14  0.00000000E+00 -0.26877542E-30
  0.57269955E+14  0.00000000E+00 -0.26586814E-30
  0.57363229E+14  0.00000000E+00 -0.26300623E-30
  0.57456502E+14  0.00000000E+00 -0.26018878E-30
  0.57549776E+14  0.00000000E+00 -0.25741488E-30
  0.57643049E+14  0.00000000E+00 -0.25468365E-30
  0.57736323E+14  0.00000000E+00 -0.25199424E-30
  0.57829596E+14  0.00000000E+00 -0.24934579E-30
  0.57922870E+14  0.00000000E+00 -0.24673749E-30
  0.58016143E+14  0.00000000E+00 -0.24416851E-30
  0.58109417E+14  0.00000000E+00 -0.24163809E-30
  0.58202691E+14  0.00000000E+00 -0.23914544E-30
  0.58295964E+14  0.00000000E+00 -0.23668981E-30
  0.58389238E+14  0.00000000E+00 -0.23427047E-30
  0.58482511E+14  0.00000000E+00 -0.23188670E-30
  0.58575785E+14  0.00000000E+00 -0.22953779E-30
  0.58669058E+14  0.00000000E+00 -0.22722306E-30
  0.58762332E+14  0.00000000E+00 -0.22494185E-30
  0.58855605E+14  0.00000000E+00 -0.22269349E-30
  0.58948879E+14  0.00000000E+00 -0.22047736E-30
  0.59042152E+14  0.00000000E+00 -0.21829282E-30
  0.59135426E+14  0.00000000E+00 -0.21613927E-30
  0.59228700E+14  0.00000000E+00 -0.21401612E-30
  0.59321973E+14  0.00000000E+00 -0.21192279E-30
  0.59415247E+14  0.00000000E+00 -0.20985870E-30
  0.59508520E+14  0.00000000E+00 -0.20782332E-30
  0.59601794E+14  0.00000000E+00 -0.20581609E-30
  0.59695067E+14  0.00000000E+00 -0.20383649E-30
  0.59788341E+14  0.00000000E+00 -0.20188401E-30
  0.59881614E+14  0.00000000E+00 -0.19995815E-30
  0.59974888E+14  0.00000000E+00 -0.19805841E-30
  0.60068161E+14  0.00000000E+00 -0.19618431E-30
  0.60161435E+14  0.00000000E+00 -0.19433539E-30
  0.60254709E+14  0.00000000E+00 -0.19251119E-30
  0.60347982E+14  0.00000000E+00 -0.19071126E-30
  0.60441256E+14  0.00000000E+00 -0.18893516E-30
  0.60534529E+14  0.00000000E+00 -0.18718248E-30
  0.60627803E+14  0.00000000E+00 -0.18545278E-30
  0.60721076E+14  0.00000000E+00 -0.18374567E-30
  0.60814350E+14  0.00000000E+00 -0.18206075E-30
  0.60907623E+14  0.00000000E+00 -0.18039762E-30
  0.61000897E+14  0.00000000E+00 -0.17875590E-30
  0.61094170E+14  0.00000000E+00 -0.17713523E-30
  0.61187444E+14  0.00000000E+00 -0.17553524E-30
  0.61280717E+14  0.00000000E+00 -0.17395558E-30
  0.61373991E+14  0.00000000E+00 -0.17239589E-30
  0.61467265E+14  0.00000000E+00 -0.17085584E-30
  0.61560538E+14  0.00000000E+00 -0.16933508E-30
  0.61653812E+14  0.00000000E+00 -0.16783331E-30
  0.61747085E+14  0.00000000E+00 -0.16635019E-30
  0.61840359E+14  0.00000000E+00 -0.16488543E-30
  0.61933632E+14  0.00000000E+00 -0.16343870E-30
  0.62026906E+14  0.00000000E+00 -0.16200971E-30
  0.62120179E+14  0.00000000E+00 -0.16059818E-30
  0.62213453E+14  0.00000000E+00 -0.15920381E-30
  0.62306726E+14  0.00000000E+00 -0.15782633E-30
  0.62400000E+14  0.00000000E+00 -0.15646546E-30
  0.62493274E+14  0.00000000E+00 -0.15512093E-30
  0.62586547E+14  0.00000000E+00 -0.15379247E-30
  0.62679821E+14  0.00000000E+00 -0.15247984E-30
  0.62773094E+14  0.00000000E+00 -0.15118278E-30
  0.62866368E+14  0.00000000E+00 -0.14990105E-30
  0.62959641E+14  0.00000000E+00 -0.14863439E-30
  0.63052915E+14  0.00000000E+00 -0.14738258E-30
  0.63146188E+14  0.00000000E+00 -0.14614538E-30
  0.63239462E+14  0.00000000E+00 -0.14492256E-30
  0.63332735E+14  0.00000000E+00 -0.14371391E-30
  0.63426009E+14  0.00000000E+00 -0.14251919E-30
  0.63519283E+14  0.00000000E+00 -0.14133820E-30
  0.63612556E+14  0.00000000E+00 -0.14017074E-30
  0.63705830E+14  0.00000000E+00 -0.13901658E-30
  0.63799103E+14  0.00000000E+00 -0.13787553E-30
  0.63892377E+14  0.00000000E+00 -0.13674740E-30
  0.63985650E+14  0.00000000E+00 -0.13563198E-30
  0.64078924E+14  0.00000000E+00 -0.13452909E-30
  0.64172197E+14  0.00000000E+00 -0.13343854E-30
  0.64265471E+14  0.00000000E+00 -0.13236015E-30
  0.64358744E+14  0.00000000E+00 -0.13129374E-30
  0.64452018E+14  0.00000000E+00 -0.13023913E-30
  0.64545291E+14  0.00000000E+00 -0.12919614E-30
  0.64638565E+14  0.00000000E+00 -0.12816462E-30
  0.64731839E+14  0.00000000E+00 -0.12714439E-30
  0.64825112E+14  0.00000000E+00 -0.12613528E-30
  0.64918386E+14  0.00000000E+00 -0.12513715E-30
  0.65011659E+14  0.00000000E+00 -0.12414982E-30
  0.65104933E+14  0.00000000E+00 -0.12317315E-30
  0.65198206E+14  0.00000000E+00 -0.12220699E-30
  0.65291480E+14  0.00000000E+00 -0.12125118E-30
  0.65384753E+14  0.00000000E+00 -0.12030558E-30
  0.65478027E+14  0.00000000E+00 -0.11937004E-30
  0.65571300E+14  0.00000000E+00 -0.11844443E-30
  0.65664574E+14  0.00000000E+00 -0.11752861E-30
  0.65757848E+14  0.00000000E+00 -0.11662243E-30
  0.65851121E+14  0.00000000E+00 -0.11572577E-30
  0.65944395E+14  0.00000000E+00 -0.11483849E-30
  0.66037668E+14  0.00000000E+00 -0.11396047E-30
  0.66130942E+14  0.00000000E+00 -0.11309158E-30
  0.66224215E+14  0.00000000E+00 -0.11223169E-30
  0.66317489E+14  0.00000000E+00 -0.11138069E-30
  0.66410762E+14  0.00000000E+00 -0.11053844E-30
  0.66504036E+14  0.00000000E+00 -0.10970484E-30
  0.66597309E+14  0.00000000E+00 -0.10887977E-30
  0.66690583E+14  0.00000000E+00 -0.10806310E-30
  0.66783857E+14  0.00000000E+00 -0.10725474E-30
  0.66877130E+14  0.00000000E+00 -0.10645457E-30
  0.66970404E+14  0.00000000E+00 -0.10566248E-30
  0.67063677E+14  0.00000000E+00 -0.10487837E-30
  0.67156951E+14  0.00000000E+00 -0.10410212E-30
  0.67250224E+14  0.00000000E+00 -0.10333365E-30
  0.67343498E+14  0.00000000E+00 -0.10257284E-30
  0.67436771E+14  0.00000000E+00 -0.10181959E-30
  0.67530045E+14  0.00000000E+00 -0.10107381E-30
  0.67623318E+14  0.00000000E+00 -0.10033541E-30
  0.67716592E+14  0.00000000E+00 -0.99604275E-31
  0.67809865E+14  0.00000000E+00 -0.98880327E-31
  0.67903139E+14  0.00000000E+00 -0.98163471E-31
  0.67996413E+14  0.00000000E+00 -0.97453615E-31
  0.68089686E+14  0.00000000E+00 -0.96750671E-31
  0.68182960E+14  0.00000000E+00 -0.96054552E-31
  0.68276233E+14  0.00000000E+00 -0.95365170E-31
  0.68369507E+14  0.00000000E+00 -0.94682443E-31
  0.68462780E+14  0.00000000E+00 -0.94006285E-31
  0.68556054E+14  0.00000000E+00 -0.93336616E-31
  0.68649327E+14  0.00000000E+00 -0.92673354E-31
  0.68742601E+14  0.00000000E+00 -0.92016419E-31
  0.68835874E+14  0.00000000E+00 -0.91365735E-31
  0.68929148E+14  0.00000000E+00 -0.90721223E-31
  0.69022422E+14  0.00000000E+00 -0.90082808E-31
  0.69115695E+14  0.00000000E+00 -0.89450415E-31
  0.69208969E+14  0.00000000E+00 -0.88823970E-31
  0.69302242E+14  0.00000000E+00 -0.88203402E-31
  0.69395516E+14  0.00000000E+00 -0.87588639E-31
  0.69488789E+14  0.00000000E+00 -0.86979611E-31
  0.69582063E+14  0.00000000E+00 -0.86376248E-31
  0.69675336E+14  0.00000000E+00 -0.85778483E-31
  0.69768610E+14  0.00000000E+00 -0.85186248E-31
  0.69861883E+14  0.00000000E+00 -0.84599478E-31
  0.69955157E+14  0.00000000E+00 -0.84018107E-31
  0.70048430E+14  0.00000000E+00 -0.83442072E-31
  0.70141704E+14  0.00000000E+00 -0.82871309E-31
  0.70234978E+14  0.00000000E+00 -0.82305756E-31
  0.70328251E+14  0.00000000E+00 -0.81745352E-31
  0.70421525E+14  0.00000000E+00 -0.81190036E-31
  0.70514798E+14  0.00000000E+00 -0.80639749E-31
  0.70608072E+14  0.00000000E+00 -0.80094433E-31
  0.70701345E+14  0.00000000E+00 -0.79554030E-31
  0.70794619E+14  0.00000000E+00 -0.79018482E-31
  0.70887892E+14  0.00000000E+00 -0.78487733E-31
  0.70981166E+14  0.00000000E+00 -0.77961730E-31
  0.71074439E+14  0.00000000E+00 -0.77440416E-31
  0.71167713E+14  0.00000000E+00 -0.76923738E-31
  0.71260987E+14  0.00000000E+00 -0.76411643E-31
  0.71354260E+14  0.00000000E+00 -0.75904080E-31
  0.71447534E+14  0.00000000E+00 -0.75400996E-31
  0.71540807E+14  0.00000000E+00 -0.74902342E-31
  0.71634081E+14  0.00000000E+00 -0.74408066E-31
  0.71727354E+14  0.00000000E+00 -0.73918120E-31
  0.71820628E+14  0.00000000E+00 -0.73432455E-31
  0.71913901E+14  0.00000000E+00 -0.72951024E-31
  0.72007175E+14  0.00000000E+00 -0.72473778E-31
  0.72100448E+14  0.00000000E+00 -0.72000672E-31
  0.72193722E+14  0.00000000E+00 -0.71531659E-31
  0.72286996E+14  0.00000000E+00 -0.71066694E-31
  0.72380269E+14  0.00000000E+00 -0.70605733E-31
  0.72473543E+14  0.00000000E+00 -0.70148732E-31
  0.72566816E+14  0.00000000E+00 -0.69695646E-31
  0.72660090E+14  0.00000000E+00 -0.69246433E-31
  0.72753363E+14  0.00000000E+00 -0.68801051E-31
  0.72846637E+14  0.00000000E+00 -0.68359459E-31
  0.72939910E+14  0.00000000E+00 -0.67921614E-31
  0.73033184E+14  0.00000000E+00 -0.67487476E-31
  0.73126457E+14  0.00000000E+00 -0.67057006E-31
  0.73219731E+14  0.00000000E+00 -0.66630164E-31
  0.73313004E+14  0.00000000E+00 -0.66206911E-31
  0.73406278E+14  0.00000000E+00 -0.65787208E-31
  0.73499552E+14  0.00000000E+00 -0.65371017E-31
  0.73592825E+14  0.00000000E+00 -0.64958301E-31
  0.73686099E+14  0.00000000E+00 -0.64549024E-31
  0.73779372E+14  0.00000000E+00 -0.64143148E-31
  0.73872646E+14  0.00000000E+00 -0.63740638E-31
  0.73965919E+14  0.00000000E+00 -0.63341457E-31
  0.74059193E+14  0.00000000E+00 -0.62945572E-31
  0.74152466E+14  0.00000000E+00 -0.62552948E-31
  0.74245740E+14  0.00000000E+00 -0.62163549E-31
  0.74339013E+14  0.00000000E+00 -0.61777344E-31
  0.74432287E+14  0.00000000E+00 -0.61394297E-31
  0.74525561E+14  0.00000000E+00 -0.61014378E-31
  0.74618834E+14  0.00000000E+00 -0.60637552E-31
  0.74712108E+14  0.00000000E+00 -0.60263789E-31
  0.74805381E+14  0.00000000E+00 -0.59893056E-31
  0.74898655E+14  0.00000000E+00 -0.59525322E-31
  0.74991928E+14  0.00000000E+00 -0.59160557E-31
  0.75085202E+14  0.00000000E+00 -0.58798731E-31
  0.75178475E+14  0.00000000E+00 -0.58439812E-31
  0.75271749E+14  0.00000000E+00 -0.58083772E-31
  0.75365022E+14  0.00000000E+00 -0.57730582E-31
  0.75458296E+14  0.00000000E+00 -0.57380211E-31
  0.75551570E+14  0.00000000E+00 -0.57032633E-31
  0.75644843E+14  0.00000000E+00 -0.56687818E-31
  0.75738117E+14  0.00000000E+00 -0.56345740E-31
  0.75831390E+14  0.00000000E+00 -0.56006369E-31
  0.75924664E+14  0.00000000E+00 -0.55669680E-31
  0.76017937E+14  0.00000000E+00 -0.55335646E-31
  0.76111211E+14  0.00000000E+00 -0.55004239E-31
  0.76204484E+14  0.00000000E+00 -0.54675434E-31
  0.76297758E+14  0.00000000E+00 -0.54349206E-31
  0.76391031E+14  0.00000000E+00 -0.54025528E-31
  0.76484305E+14  0.00000000E+00 -0.53704375E-31
  0.76577578E+14  0.00000000E+00 -0.53385722E-31
  0.76670852E+14  0.00000000E+00 -0.53069546E-31
  0.76764126E+14  0.00000000E+00 -0.52755821E-31
  0.76857399E+14  0.00000000E+00 -0.52444523E-31
  0.76950673E+14  0.00000000E+00 -0.52135629E-31
  0.77043946E+14  0.00000000E+00 -0.51829116E-31
  0.77137220E+14  0.00000000E+00 -0.51524960E-31
  0.77230493E+14  0.00000000E+00 -0.51223138E-31
  0.77323767E+14  0.00000000E+00 -0.50923629E-31
  0.77417040E+14  0.00000000E+00 -0.50626408E-31
  0.77510314E+14  0.00000000E+00 -0.50331455E-31
  0.77603587E+14  0.00000000E+00 -0.50038748E-31
  0.77696861E+14  0.00000000E+00 -0.49748265E-31
  0.77790135E+14  0.00000000E+00 -0.49459984E-31
  0.77883408E+14  0.00000000E+00 -0.49173885E-31
  0.77976682E+14  0.00000000E+00 -0.48889947E-31
  0.78069955E+14  0.00000000E+00 -0.48608150E-31
  0.78163229E+14  0.00000000E+00 -0.48328472E-31
  0.78256502E+14  0.00000000E+00 -0.48050895E-31
  0.78349776E+14  0.00000000E+00 -0.47775398E-31
  0.78443049E+14  0.00000000E+00 -0.47501961E-31
  0.78536323E+14  0.00000000E+00 -0.47230565E-31
  0.78629596E+14  0.00000000E+00 -0.46961192E-31
  0.78722870E+14  0.00000000E+00 -0.46693821E-31
  0.78816143E+14  0.00000000E+00 -0.46428435E-31
  0.78909417E+14  0.00000000E+00 -0.46165015E-31
  0.79002691E+14  0.00000000E+00 -0.45903542E-31
  0.79095964E+14  0.00000000E+00 -0.45643998E-31
  0.79189238E+14  0.00000000E+00 -0.45386367E-31
  0.79282511E+14  0.00000000E+00 -0.45130629E-31
  0.79375785E+14  0.00000000E+00 -0.44876767E-31
  0.79469058E+14  0.00000000E+00 -0.44624764E-31
  0.79562332E+14  0.00000000E+00 -0.44374604E-31
  0.79655605E+14  0.00000000E+00 -0.44126269E-31
  0.79748879E+14  0.00000000E+00 -0.43879742E-31
  0.79842152E+14  0.00000000E+00 -0.43635007E-31
  0.79935426E+14  0.00000000E+00 -0.43392047E-31
  0.80028700E+14  0.00000000E+00 -0.43150847E-31
  0.80121973E+14  0.00000000E+00 -0.42911390E-31
  0.80215247E+14  0.00000000E+00 -0.42673661E-31
  0.80308520E+14  0.00000000E+00 -0.42437644E-31
  0.80401794E+14  0.00000000E+00 -0.42203324E-31
  0.80495067E+14  0.00000000E+00 -0.41970685E-31
  0.80588341E+14  0.00000000E+00 -0.41739712E-31
  0.80681614E+14  0.00000000E+00 -0.41510390E-31
  0.80774888E+14  0.00000000E+00 -0.41282704E-31
  0.80868161E+14  0.00000000E+00 -0.41056641E-31
  0.80961435E+14  0.00000000E+00 -0.40832185E-31
  0.81054709E+14  0.00000000E+00 -0.40609322E-31
  0.81147982E+14  0.00000000E+00 -0.40388037E-31
  0.81241256E+14  0.00000000E+00 -0.40168318E-31
  0.81334529E+14  0.00000000E+00 -0.39950150E-31
  0.81427803E+14  0.00000000E+00 -0.39733519E-31
  0.81521076E+14  0.00000000E+00 -0.39518412E-31
  0.81614350E+14  0.00000000E+00 -0.39304815E-31
  0.81707623E+14  0.00000000E+00 -0.39092715E-31
  0.81800897E+14  0.00000000E+00 -0.38882100E-31
  0.81894170E+14  0.00000000E+00 -0.38672955E-31
  0.81987444E+14  0.00000000E+00 -0.38465269E-31
  0.82080717E+14  0.00000000E+00 -0.38259029E-31
  0.82173991E+14  0.00000000E+00 -0.38054221E-31
  0.82267265E+14  0.00000000E+00 -0.37850834E-31
  0.82360538E+14  0.00000000E+00 -0.37648854E-31
  0.82453812E+14  0.00000000E+00 -0.37448271E-31
  0.82547085E+14  0.00000000E+00 -0.37249072E-31
  0.82640359E+14  0.00000000E+00 -0.37051246E-31
  0.82733632E+14  0.00000000E+00 -0.36854779E-31
  0.82826906E+14  0.00000000E+00 -0.36659661E-31
  0.82920179E+14  0.00000000E+00 -0.36465880E-31
  0.83013453E+14  0.00000000E+00 -0.36273424E-31
  0.83106726E+14  0.00000000E+00 -0.36082283E-31
  0.83200000E+14  0.00000000E+00 -0.35892445E-31
  0.83293274E+14  0.00000000E+00 -0.35703899E-31
  0.83386547E+14  0.00000000E+00 -0.35516635E-31
  0.83479821E+14  0.00000000E+00 -0.35330640E-31
  0.83573094E+14  0.00000000E+00 -0.35145905E-31
  0.83666368E+14  0.00000000E+00 -0.34962418E-31
  0.83759641E+14  0.00000000E+00 -0.34780170E-31
  0.83852915E+14  0.00000000E+00 -0.34599150E-31
  0.83946188E+14  0.00000000E+00 -0.34419348E-31
  0.84039462E+14  0.00000000E+00 -0.34240753E-31
  0.84132735E+14  0.00000000E+00 -0.34063355E-31
  0.84226009E+14  0.00000000E+00 -0.33887145E-31
  0.84319283E+14  0.00000000E+00 -0.33712112E-31
  0.84412556E+14  0.00000000E+00 -0.33538247E-31
  0.84505830E+14  0.00000000E+00 -0.33365539E-31
  0.84599103E+14  0.00000000E+00 -0.33193980E-31
  0.84692377E+14  0.00000000E+00 -0.33023560E-31
  0.84785650E+14  0.00000000E+00 -0.32854270E-31
  0.84878924E+14  0.00000000E+00 -0.32686099E-31
  0.84972197E+14  0.00000000E+00 -0.32519039E-31
  0.85065471E+14  0.00000000E+00 -0.32353081E-31
  0.85158744E+14  0.00000000E+00 -0.32188216E-31
  0.85252018E+14  0.00000000E+00 -0.32024435E-31
  0.85345291E+14  0.00000000E+00 -0.31861728E-31
  0.85438565E+14  0.00000000E+00 -0.31700088E-31
  0.85531839E+14  0.00000000E+00 -0.31539505E-31
  0.85625112E+14  0.00000000E+00 -0.31379972E-31
  0.85718386E+14  0.00000000E+00 -0.31221478E-31
  0.85811659E+14  0.00000000E+00 -0.31064017E-31
  0.85904933E+14  0.00000000E+00 -0.30907579E-31
  0.85998206E+14  0.00000000E+00 -0.30752156E-31
  0.86091480E+14  0.00000000E+00 -0.30597740E-31
  0.86184753E+14  0.00000000E+00 -0.30444324E-31
  0.86278027E+14  0.00000000E+00 -0.30291899E-31
  0.86371300E+14  0.00000000E+00 -0.30140456E-31
  0.86464574E+14  0.00000000E+00 -0.29989989E-31
  0.86557848E+14  0.00000000E+00 -0.29840490E-31
  0.86651121E+14  0.00000000E+00 -0.29691949E-31
  0.86744395E+14  0.00000000E+00 -0.29544362E-31
  0.86837668E+14  0.00000000E+00 -0.29397718E-31
  0.86930942E+14  0.00000000E+00 -0.29252011E-31
  0.87024215E+14  0.00000000E+00 -0.29107235E-31
  0.87117489E+14  0.00000000E+00 -0.28963380E-31
  0.87210762E+14  0.00000000E+00 -0.28820440E-31
  0.87304036E+14  0.00000000E+00 -0.28678408E-31
  0.87397309E+14  0.00000000E+00 -0.28537276E-31
  0.87490583E+14  0.00000000E+00 -0.28397038E-31
  0.87583857E+14  0.00000000E+00 -0.28257686E-31
  0.87677130E+14  0.00000000E+00 -0.28119214E-31
  0.87770404E+14  0.00000000E+00 -0.27981614E-31
  0.87863677E+14  0.00000000E+00 -0.27844881E-31
  0.87956951E+14  0.00000000E+00 -0.27709006E-31
  0.88050224E+14  0.00000000E+00 -0.27573984E-31
  0.88143498E+14  0.00000000E+00 -0.27439807E-31
  0.88236771E+14  0.00000000E+00 -0.27306470E-31
  0.88330045E+14  0.00000000E+00 -0.27173965E-31
  0.88423318E+14  0.00000000E+00 -0.27042287E-31
  0.88516592E+14  0.00000000E+00 -0.26911428E-31
  0.88609865E+14  0.00000000E+00 -0.26781383E-31
  0.88703139E+14  0.00000000E+00 -0.26652146E-31
  0.88796413E+14  0.00000000E+00 -0.26523709E-31
  0.88889686E+14  0.00000000E+00 -0.26396068E-31
  0.88982960E+14  0.00000000E+00 -0.26269215E-31
  0.89076233E+14  0.00000000E+00 -0.26143145E-31
  0.89169507E+14  0.00000000E+00 -0.26017852E-31
  0.89262780E+14  0.00000000E+00 -0.25893330E-31
  0.89356054E+14  0.00000000E+00 -0.25769572E-31
  0.89449327E+14  0.00000000E+00 -0.25646575E-31
  0.89542601E+14  0.00000000E+00 -0.25524330E-31
  0.89635874E+14  0.00000000E+00 -0.25402833E-31
  0.89729148E+14  0.00000000E+00 -0.25282079E-31
  0.89822422E+14  0.00000000E+00 -0.25162061E-31
  0.89915695E+14  0.00000000E+00 -0.25042774E-31
  0.90008969E+14  0.00000000E+00 -0.24924212E-31
  0.90102242E+14  0.00000000E+00 -0.24806371E-31
  0.90195516E+14  0.00000000E+00 -0.24689244E-31
  0.90288789E+14  0.00000000E+00 -0.24572826E-31
  0.90382063E+14  0.00000000E+00 -0.24457112E-31
  0.90475336E+14  0.00000000E+00 -0.24342097E-31
  0.90568610E+14  0.00000000E+00 -0.24227775E-31
  0.90661883E+14  0.00000000E+00 -0.24114142E-31
  0.90755157E+14  0.00000000E+00 -0.24001192E-31
  0.90848430E+14  0.00000000E+00 -0.23888920E-31
  0.90941704E+14  0.00000000E+00 -0.23777321E-31
  0.91034978E+14  0.00000000E+00 -0.23666390E-31
  0.91128251E+14  0.00000000E+00 -0.23556122E-31
  0.91221525E+14  0.00000000E+00 -0.23446512E-31
  0.91314798E+14  0.00000000E+00 -0.23337556E-31
  0.91408072E+14  0.00000000E+00 -0.23229249E-31
  0.91501345E+14  0.00000000E+00 -0.23121585E-31
  0.91594619E+14  0.00000000E+00 -0.23014561E-31
  0.91687892E+14  0.00000000E+00 -0.22908171E-31
  0.91781166E+14  0.00000000E+00 -0.22802410E-31
  0.91874439E+14  0.00000000E+00 -0.22697275E-31
  0.91967713E+14  0.00000000E+00 -0.22592761E-31
  0.92060987E+14  0.00000000E+00 -0.22488862E-31
  0.92154260E+14  0.00000000E+00 -0.22385576E-31
  0.92247534E+14  0.00000000E+00 -0.22282896E-31
  0.92340807E+14  0.00000000E+00 -0.22180819E-31
  0.92434081E+14  0.00000000E+00 -0.22079341E-31
  0.92527354E+14  0.00000000E+00 -0.21978457E-31
  0.92620628E+14  0.00000000E+00 -0.21878163E-31
  0.92713901E+14  0.00000000E+00 -0.21778454E-31
  0.92807175E+14  0.00000000E+00 -0.21679326E-31
  0.92900448E+14  0.00000000E+00 -0.21580776E-31
  0.92993722E+14  0.00000000E+00 -0.21482799E-31
  0.93086996E+14  0.00000000E+00 -0.21385390E-31
  0.93180269E+14  0.00000000E+00 -0.21288547E-31
  0.93273543E+14  0.00000000E+00 -0.21192264E-31
  0.93366816E+14  0.00000000E+00 -0.21096538E-31
  0.93460090E+14  0.00000000E+00 -0.21001365E-31
  0.93553363E+14  0.00000000E+00 -0.20906741E-31
  0.93646637E+14  0.00000000E+00 -0.20812662E-31
  0.93739910E+14  0.00000000E+00 -0.20719124E-31
  0.93833184E+14  0.00000000E+00 -0.20626123E-31
  0.93926457E+14  0.00000000E+00 -0.20533656E-31
  0.94019731E+14  0.00000000E+00 -0.20441718E-31
  0.94113004E+14  0.00000000E+00 -0.20350307E-31
  0.94206278E+14  0.00000000E+00 -0.20259418E-31
  0.94299552E+14  0.00000000E+00 -0.20169047E-31
  0.94392825E+14  0.00000000E+00 -0.20079192E-31
  0.94486099E+14  0.00000000E+00 -0.19989848E-31
  0.94579372E+14  0.00000000E+00 -0.19901012E-31
  0.94672646E+14  0.00000000E+00 -0.19812679E-31
  0.94765919E+14  0.00000000E+00 -0.19724848E-31
  0.94859193E+14  0.00000000E+00 -0.19637514E-31
  0.94952466E+14  0.00000000E+00 -0.19550673E-31
  0.95045740E+14  0.00000000E+00 -0.19464323E-31
  0.95139013E+14  0.00000000E+00 -0.19378460E-31
  0.95232287E+14  0.00000000E+00 -0.19293081E-31
  0.95325561E+14  0.00000000E+00 -0.19208181E-31
  0.95418834E+14  0.00000000E+00 -0.19123759E-31
  0.95512108E+14  0.00000000E+00 -0.19039810E-31
  0.95605381E+14  0.00000000E+00 -0.18956331E-31
  0.95698655E+14  0.00000000E+00 -0.18873319E-31
  0.95791928E+14  0.00000000E+00 -0.18790772E-31
  0.95885202E+14  0.00000000E+00 -0.18708684E-31
  0.95978475E+14  0.00000000E+00 -0.18627055E-31
  0.96071749E+14  0.00000000E+00 -0.18545880E-31
  0.96165022E+14  0.00000000E+00 -0.18465156E-31
  0.96258296E+14  0.00000000E+00 -0.18384880E-31
  0.96351570E+14  0.00000000E+00 -0.18305049E-31
  0.96444843E+14  0.00000000E+00 -0.18225661E-31
  0.96538117E+14  0.00000000E+00 -0.18146711E-31
  0.96631390E+14  0.00000000E+00 -0.18068198E-31
  0.96724664E+14  0.00000000E+00 -0.17990118E-31
  0.96817937E+14  0.00000000E+00 -0.17912468E-31
  0.96911211E+14  0.00000000E+00 -0.17835245E-31
  0.97004484E+14  0.00000000E+00 -0.17758447E-31
  0.97097758E+14  0.00000000E+00 -0.17682070E-31
  0.97191031E+14  0.00000000E+00 -0.17606112E-31
  0.97284305E+14  0.00000000E+00 -0.17530570E-31
  0.97377578E+14  0.00000000E+00 -0.17455441E-31
  0.97470852E+14  0.00000000E+00 -0.17380722E-31
  0.97564126E+14  0.00000000E+00 -0.17306411E-31
  0.97657399E+14  0.00000000E+00 -0.17232504E-31
  0.97750673E+14  0.00000000E+00 -0.17159000E-31
  0.97843946E+14  0.00000000E+00 -0.17085895E-31
  0.97937220E+14  0.00000000E+00 -0.17013187E-31
  0.98030493E+14  0.00000000E+00 -0.16940873E-31
  0.98123767E+14  0.00000000E+00 -0.16868950E-31
  0.98217040E+14  0.00000000E+00 -0.16797417E-31
  0.98310314E+14  0.00000000E+00 -0.16726269E-31
  0.98403587E+14  0.00000000E+00 -0.16655506E-31
  0.98496861E+14  0.00000000E+00 -0.16585124E-31
  0.98590135E+14  0.00000000E+00 -0.16515120E-31
  0.98683408E+14  0.00000000E+00 -0.16445493E-31
  0.98776682E+14  0.00000000E+00 -0.16376239E-31
  0.98869955E+14  0.00000000E+00 -0.16307357E-31
  0.98963229E+14  0.00000000E+00 -0.16238843E-31
  0.99056502E+14  0.00000000E+00 -0.16170696E-31
  0.99149776E+14  0.00000000E+00 -0.16102913E-31
  0.99243049E+14  0.00000000E+00 -0.16035491E-31
  0.99336323E+14  0.00000000E+00 -0.15968429E-31
  0.99429596E+14  0.00000000E+00 -0.15901723E-31
  0.99522870E+14  0.00000000E+00 -0.15835372E-31
  0.99616143E+14  0.00000000E+00 -0.15769374E-31
  0.99709417E+14  0.00000000E+00 -0.15703725E-31
  0.99802691E+14  0.00000000E+00 -0.15638424E-31
  0.99895964E+14  0.00000000E+00 -0.15573468E-31
  0.99989238E+14  0.00000000E+00 -0.15508856E-31
  0.10008251E+15  0.00000000E+00 -0.15444585E-31
  0.10017578E+15  0.00000000E+00 -0.15380652E-31
  0.10026906E+15  0.00000000E+00 -0.15317056E-31
  0.10036233E+15  0.00000000E+00 -0.15253794E-31
  0.10045561E+15  0.00000000E+00 -0.15190865E-31
  0.10054888E+15  0.00000000E+00 -0.15128266E-31
  0.10064215E+15  0.00000000E+00 -0.15065994E-31
  0.10073543E+15  0.00000000E+00 -0.15004049E-31
  0.10082870E+15  0.00000000E+00 -0.14942427E-31
  0.10092197E+15  0.00000000E+00 -0.14881128E-31
  0.10101525E+15  0.00000000E+00 -0.14820147E-31
  0.10110852E+15  0.00000000E+00 -0.14759485E-31
  0.10120179E+15  0.00000000E+00 -0.14699138E-31
  0.10129507E+15  0.00000000E+00 -0.14639104E-31
  0.10138834E+15  0.00000000E+00 -0.14579382E-31
  0.10148161E+15  0.00000000E+00 -0.14519970E-31
  0.10157489E+15  0.00000000E+00 -0.14460866E-31
  0.10166816E+15  0.00000000E+00 -0.14402067E-31
  0.10176143E+15  0.00000000E+00 -0.14343572E-31
  0.10185471E+15  0.00000000E+00 -0.14285378E-31
  0.10194798E+15  0.00000000E+00 -0.14227485E-31
  0.10204126E+15  0.00000000E+00 -0.14169889E-31
  0.10213453E+15  0.00000000E+00 -0.14112590E-31
  0.10222780E+15  0.00000000E+00 -0.14055585E-31
  0.10232108E+15  0.00000000E+00 -0.13998873E-31
  0.10241435E+15  0.00000000E+00 -0.13942451E-31
  0.10250762E+15  0.00000000E+00 -0.13886318E-31
  0.10260090E+15  0.00000000E+00 -0.13830472E-31
  0.10269417E+15  0.00000000E+00 -0.13774911E-31
  0.10278744E+15  0.00000000E+00 -0.13719634E-31
  0.10288072E+15  0.00000000E+00 -0.13664638E-31
  0.10297399E+15  0.00000000E+00 -0.13609922E-31
  0.10306726E+15  0.00000000E+00 -0.13555484E-31
  0.10316054E+15  0.00000000E+00 -0.13501322E-31
  0.10325381E+15  0.00000000E+00 -0.13447436E-31
  0.10334709E+15  0.00000000E+00 -0.13393822E-31
  0.10344036E+15  0.00000000E+00 -0.13340479E-31
  0.10353363E+15  0.00000000E+00 -0.13287406E-31
  0.10362691E+15  0.00000000E+00 -0.13234602E-31
  0.10372018E+15  0.00000000E+00 -0.13182063E-31
  0.10381345E+15  0.00000000E+00 -0.13129789E-31
  0.10390673E+15  0.00000000E+00 -0.13077778E-31
  0.10400000E+15  0.00000000E+00 -0.13026028E-31
