  0.93273543E+11  0.64642906E-30 -0.78931842E-29
  0.18654709E+12  0.64865949E-30 -0.74387004E-29
  0.27982063E+12  0.65319759E-30 -0.72314436E-29
  0.37309417E+12  0.65991503E-30 -0.70959458E-29
  0.46636771E+12  0.67004959E-30 -0.69890232E-29
  0.55964126E+12  0.67517361E-30 -0.69053154E-29
  0.65291480E+12  0.70055264E-30 -0.68140174E-29
  0.74618834E+12  0.71839846E-30 -0.66842919E-29
  0.83946188E+12  0.52741312E-30 -0.62953773E-29
  0.93273543E+12  0.32360464E-30 -0.70044550E-29
  0.10260090E+13  0.53367450E-30 -0.69154032E-29
  0.11192825E+13  0.60957849E-30 -0.68933085E-29
  0.12125561E+13  0.78094089E-30 -0.68438930E-29
  0.13058296E+13  0.78735609E-30 -0.67117349E-29
  0.13991031E+13  0.81361224E-30 -0.66224819E-29
  0.14923767E+13  0.78831510E-30 -0.63025378E-29
  0.15856502E+13  0.20576605E-30 -0.65391634E-29
  0.16789238E+13  0.46465534E-30 -0.69222489E-29
  0.17721973E+13  0.70806352E-30 -0.69255336E-29
  0.18654709E+13  0.81227735E-30 -0.68148277E-29
  0.19587444E+13  0.90184183E-30 -0.66595468E-29
  0.20520179E+13  0.68235371E-30 -0.63442573E-29
  0.21452915E+13  0.26849405E-30 -0.67547933E-29
  0.22385650E+13  0.60048128E-30 -0.70559966E-29
  0.23318386E+13  0.80144063E-30 -0.70069446E-29
  0.24251121E+13  0.96943334E-30 -0.68467678E-29
  0.25183857E+13  0.83583333E-30 -0.65478300E-29
  0.26116592E+13  0.40335224E-30 -0.67470131E-29
  0.27049327E+13  0.56037550E-30 -0.71686436E-29
  0.27982063E+13  0.85760889E-30 -0.72048393E-29
  0.28914798E+13  0.10448813E-29 -0.70528524E-29
  0.29847534E+13  0.88961251E-30 -0.67764964E-29
  0.30780269E+13  0.54879691E-30 -0.70042494E-29
  0.31713004E+13  0.70376156E-30 -0.73926168E-29
  0.32645740E+13  0.10186340E-29 -0.74104313E-29
  0.33578475E+13  0.11826880E-29 -0.72009756E-29
  0.34511211E+13  0.89022892E-30 -0.70563187E-29
  0.35443946E+13  0.71582400E-30 -0.73744457E-29
  0.36376682E+13  0.95112522E-30 -0.76914267E-29
  0.37309417E+13  0.12661787E-29 -0.76466289E-29
  0.38242152E+13  0.12915962E-29 -0.73894901E-29
  0.39174888E+13  0.10112286E-29 -0.74588569E-29
  0.40107623E+13  0.97339472E-30 -0.78045750E-29
  0.41040359E+13  0.13039664E-29 -0.80041158E-29
  0.41973094E+13  0.15563118E-29 -0.78540142E-29
  0.42905830E+13  0.13952016E-29 -0.77228256E-29
  0.43838565E+13  0.12667770E-29 -0.79402683E-29
  0.44771300E+13  0.14193785E-29 -0.82489452E-29
  0.45704036E+13  0.17333699E-29 -0.82877308E-29
  0.46636771E+13  0.18158000E-29 -0.81210998E-29
  0.47569507E+13  0.16635411E-29 -0.81853662E-29
  0.48502242E+13  0.16922815E-29 -0.84493782E-29
  0.49434978E+13  0.19520661E-29 -0.86273877E-29
  0.50367713E+13  0.21746162E-29 -0.85623502E-29
  0.51300448E+13  0.21466706E-29 -0.85184389E-29
  0.52233184E+13  0.21383533E-29 -0.87049030E-29
  0.53165919E+13  0.23143115E-29 -0.89009906E-29
  0.54098655E+13  0.25764696E-29 -0.89694137E-29
  0.55031390E+13  0.26894071E-29 -0.88995267E-29
  0.55964126E+13  0.26882000E-29 -0.89810047E-29
  0.56896861E+13  0.28003707E-29 -0.91579318E-29
  0.57829596E+13  0.30100842E-29 -0.92973854E-29
  0.58762332E+13  0.32504643E-29 -0.93102591E-29
  0.59695067E+13  0.33488768E-29 -0.92994554E-29
  0.60627803E+13  0.34396817E-29 -0.94205866E-29
  0.61560538E+13  0.36085577E-29 -0.95373757E-29
  0.62493274E+13  0.38594516E-29 -0.96436157E-29
  0.63426009E+13  0.40758270E-29 -0.96373843E-29
  0.64358744E+13  0.41994439E-29 -0.96746086E-29
  0.65291480E+13  0.43645394E-29 -0.97668354E-29
  0.66224215E+13  0.45872685E-29 -0.98663735E-29
  0.67156951E+13  0.48689308E-29 -0.99161038E-29
  0.68089686E+13  0.50546760E-29 -0.99016298E-29
  0.69022422E+13  0.52236708E-29 -0.99405123E-29
  0.69955157E+13  0.54485238E-29 -0.10016255E-28
  0.70887892E+13  0.57264034E-29 -0.10096463E-28
  0.71820628E+13  0.60274336E-29 -0.10086312E-28
  0.72753363E+13  0.62544174E-29 -0.10051127E-28
  0.73686099E+13  0.64571111E-29 -0.10065974E-28
  0.74618834E+13  0.67105248E-29 -0.10125721E-28
  0.75551570E+13  0.70660982E-29 -0.10147589E-28
  0.76484305E+13  0.73823477E-29 -0.10075982E-28
  0.77417040E+13  0.76254751E-29 -0.10018599E-28
  0.78349776E+13  0.78679724E-29 -0.10020646E-28
  0.79282511E+13  0.82025646E-29 -0.99991680E-29
  0.80215247E+13  0.85294343E-29 -0.99207976E-29
  0.81147982E+13  0.88399668E-29 -0.98505607E-29
  0.82080717E+13  0.91732590E-29 -0.97749677E-29
  0.83013453E+13  0.95332332E-29 -0.96643194E-29
  0.83946188E+13  0.98493612E-29 -0.95438408E-29
  0.84878924E+13  0.10202338E-28 -0.94283320E-29
  0.85811659E+13  0.10574451E-28 -0.92895969E-29
  0.86744395E+13  0.10919528E-28 -0.90808250E-29
  0.87677130E+13  0.11241288E-28 -0.88894459E-29
  0.88609865E+13  0.11572877E-28 -0.87053909E-29
  0.89542601E+13  0.11954603E-28 -0.84843737E-29
  0.90475336E+13  0.12332655E-28 -0.82276634E-29
  0.91408072E+13  0.12694552E-28 -0.79261806E-29
  0.92340807E+13  0.13056238E-28 -0.76143752E-29
  0.93273543E+13  0.13381759E-28 -0.72791158E-29
  0.94206278E+13  0.13725844E-28 -0.69027986E-29
  0.95139013E+13  0.14050142E-28 -0.65126630E-29
  0.96071749E+13  0.14375629E-28 -0.60771043E-29
  0.97004484E+13  0.14676672E-28 -0.55840463E-29
  0.97937220E+13  0.14928465E-28 -0.50688361E-29
  0.98869955E+13  0.15179556E-28 -0.45215420E-29
  0.99802691E+13  0.15383475E-28 -0.39274136E-29
  0.10073543E+14  0.15550036E-28 -0.32820039E-29
  0.10166816E+14  0.15660932E-28 -0.25611839E-29
  0.10260090E+14  0.15658452E-28 -0.17830391E-29
  0.10353363E+14  0.15457243E-28 -0.96290341E-30
  0.10446637E+14  0.15090439E-28 -0.39451381E-31
  0.10539910E+14  0.13531369E-28  0.31920426E-30
  0.10633184E+14  0.13799763E-28 -0.66013149E-31
  0.10726457E+14  0.13706075E-28  0.10968271E-30
  0.10819731E+14  0.13639284E-28  0.32960633E-30
  0.10913004E+14  0.13575242E-28  0.57714973E-30
  0.11006278E+14  0.13487065E-28  0.79098023E-30
  0.11099552E+14  0.13371617E-28  0.10556197E-29
  0.11192825E+14  0.13272391E-28  0.12956758E-29
  0.11286099E+14  0.13191276E-28  0.15587477E-29
  0.11379372E+14  0.13055928E-28  0.17885726E-29
  0.11472646E+14  0.12959148E-28  0.20362395E-29
  0.11565919E+14  0.12808596E-28  0.23075739E-29
  0.11659193E+14  0.12691974E-28  0.25242557E-29
  0.11752466E+14  0.12599201E-28  0.27928277E-29
  0.11845740E+14  0.12472692E-28  0.30349505E-29
  0.11939013E+14  0.12366635E-28  0.32399218E-29
  0.12032287E+14  0.12220484E-28  0.35107258E-29
  0.12125561E+14  0.11975550E-28  0.37315013E-29
  0.12218834E+14  0.11859725E-28  0.39433556E-29
  0.12312108E+14  0.11740672E-28  0.41855669E-29
  0.12405381E+14  0.11579686E-28  0.43951348E-29
  0.12498655E+14  0.11399492E-28  0.45948012E-29
  0.12591928E+14  0.11242244E-28  0.47091988E-29
  0.12685202E+14  0.11096822E-28  0.48988824E-29
  0.12778475E+14  0.10957192E-28  0.50717022E-29
  0.12871749E+14  0.10857154E-28  0.52478348E-29
  0.12965022E+14  0.10753797E-28  0.54537054E-29
  0.13058296E+14  0.10678687E-28  0.57056184E-29
  0.13151570E+14  0.10521424E-28  0.60008074E-29
  0.13244843E+14  0.10368489E-28  0.62818044E-29
  0.13338117E+14  0.99313842E-29  0.68047746E-29
  0.13431390E+14  0.89678317E-29  0.59355825E-29
  0.13524664E+14  0.10044338E-28  0.56224596E-29
  0.13617937E+14  0.10646553E-28  0.63438378E-29
  0.13711211E+14  0.10833737E-28  0.73127007E-29
  0.13804484E+14  0.10516759E-28  0.82576129E-29
  0.13897758E+14  0.99534878E-29  0.91501851E-29
  0.13991031E+14  0.89777569E-29  0.98449444E-29
  0.14084305E+14  0.79853118E-29  0.10026029E-28
  0.14177578E+14  0.72537937E-29  0.98987774E-29
  0.14270852E+14  0.67307478E-29  0.98346857E-29
  0.14364126E+14  0.62118742E-29  0.97613616E-29
  0.14457399E+14  0.57138178E-29  0.97335856E-29
  0.14550673E+14  0.52427940E-29  0.96805897E-29
  0.14643946E+14  0.47633575E-29  0.93348355E-29
  0.14737220E+14  0.47972858E-29  0.94539209E-29
  0.14830493E+14  0.43057525E-29  0.96293292E-29
  0.14923767E+14  0.37123580E-29  0.97110667E-29
  0.15017040E+14  0.30991284E-29  0.96369075E-29
  0.15110314E+14  0.25145004E-29  0.94521824E-29
  0.15203587E+14  0.19635424E-29  0.91990674E-29
  0.15296861E+14  0.14431152E-29  0.88740270E-29
  0.15390135E+14  0.98770183E-30  0.84782593E-29
  0.15483408E+14  0.62156965E-30  0.80465145E-29
  0.15576682E+14  0.30902671E-30  0.76112980E-29
  0.15669955E+14  0.39175711E-31  0.71530886E-29
  0.15763229E+14 -0.15945246E-30  0.66639512E-29
  0.15856502E+14 -0.27747022E-30  0.61838143E-29
  0.15949776E+14 -0.33871009E-30  0.57306263E-29
  0.16043049E+14 -0.34779833E-30  0.52809177E-29
  0.16136323E+14 -0.28034613E-30  0.48518147E-29
  0.16229596E+14 -0.13435219E-30  0.44936562E-29
  0.16322870E+14  0.57468132E-31  0.42778112E-29
  0.16416143E+14  0.68910034E-31  0.40882572E-29
  0.16509417E+14  0.14338282E-30  0.38309832E-29
  0.16602691E+14  0.26280076E-30  0.36335366E-29
  0.16695964E+14  0.37216316E-30  0.34623443E-29
  0.16789238E+14  0.45188311E-30  0.33189561E-29
  0.16882511E+14  0.52694271E-30  0.31785850E-29
  0.16975785E+14  0.60249391E-30  0.30482258E-29
  0.17069058E+14  0.65781295E-30  0.29114203E-29
  0.17162332E+14  0.72254470E-30  0.27745884E-29
  0.17255605E+14  0.79308238E-30  0.26516537E-29
  0.17348879E+14  0.84377707E-30  0.25128950E-29
  0.17442152E+14  0.93184290E-30  0.23591786E-29
  0.17535426E+14  0.10600355E-29  0.22158030E-29
  0.17628700E+14  0.12320288E-29  0.21706227E-29
  0.17721973E+14  0.12617188E-29  0.21938349E-29
  0.17815247E+14  0.12301267E-29  0.21165049E-29
  0.17908520E+14  0.11985214E-29  0.19751748E-29
  0.18001794E+14  0.12575092E-29  0.17803055E-29
  0.18095067E+14  0.13450531E-29  0.16218459E-29
  0.18188341E+14  0.14146995E-29  0.14429039E-29
  0.18281614E+14  0.15345041E-29  0.12199544E-29
  0.18374888E+14  0.16972522E-29  0.10489292E-29
  0.18468161E+14  0.18345337E-29  0.86988867E-30
  0.18561435E+14  0.20233020E-29  0.67230782E-30
  0.18654709E+14  0.22687378E-29  0.49902408E-30
  0.18747982E+14  0.25564479E-29  0.32785321E-30
  0.18841256E+14  0.28709144E-29  0.10623230E-30
  0.18934529E+14  0.31827273E-29 -0.62751220E-31
  0.19027803E+14  0.36550311E-29 -0.23446305E-30
  0.19121076E+14  0.42194399E-29 -0.40987856E-30
  0.19214350E+14  0.49616367E-29 -0.59076477E-30
  0.19307623E+14  0.61266380E-29 -0.76230307E-30
  0.19400897E+14  0.74385014E-29  0.92739636E-30
  0.19494170E+14  0.73797678E-29  0.19824354E-29
  0.19587444E+14  0.70312732E-29  0.26970186E-29
  0.19680717E+14  0.66838761E-29  0.28843378E-29
  0.19773991E+14  0.70970035E-29  0.31232171E-29
  0.19867265E+14  0.73766582E-29  0.34697323E-29
  0.19960538E+14  0.82317898E-29  0.43480832E-29
  0.20053812E+14  0.75099456E-29  0.61678888E-29
  0.20147085E+14  0.67544408E-29  0.66435695E-29
  0.20240359E+14  0.62783279E-29  0.72358482E-29
  0.20333632E+14  0.55018338E-29  0.77733882E-29
  0.20426906E+14  0.43257664E-29  0.76287339E-29
  0.20520179E+14  0.39300071E-29  0.73712376E-29
  0.20613453E+14  0.35771694E-29  0.72727162E-29
  0.20706726E+14  0.33195427E-29  0.72070941E-29
  0.20800000E+14  0.30811396E-29  0.71867942E-29
  0.20893274E+14  0.28346826E-29  0.71479556E-29
  0.20986547E+14  0.25731619E-29  0.71662102E-29
  0.21079821E+14  0.23721777E-29  0.71768457E-29
  0.21173094E+14  0.21347144E-29  0.72525570E-29
  0.21266368E+14  0.18636979E-29  0.74407676E-29
  0.21359641E+14  0.11263890E-29  0.72980089E-29
  0.21452915E+14  0.81892540E-30  0.69727250E-29
  0.21546188E+14  0.60892261E-30  0.66961680E-29
  0.21639462E+14  0.45809224E-30  0.64531756E-29
  0.21732735E+14  0.32743472E-30  0.62342559E-29
  0.21826009E+14  0.24399277E-30  0.60322911E-29
  0.21919283E+14  0.16210303E-30  0.58646856E-29
  0.22012556E+14  0.10368931E-30  0.56886879E-29
  0.22105830E+14  0.60433818E-31  0.55455537E-29
  0.22199103E+14  0.23179097E-31  0.54014073E-29
  0.22292377E+14 -0.91744792E-32  0.52837918E-29
  0.22385650E+14 -0.35564403E-31  0.51562768E-29
  0.22478924E+14 -0.56478150E-31  0.50494450E-29
  0.22572197E+14 -0.59783280E-31  0.49412728E-29
  0.22665471E+14 -0.85192549E-31  0.48423750E-29
  0.22758744E+14 -0.89740562E-31  0.47575165E-29
  0.22852018E+14 -0.86772848E-31  0.46690187E-29
  0.22945291E+14 -0.10514407E-30  0.45869129E-29
  0.23038565E+14 -0.89056011E-31  0.45139920E-29
  0.23131839E+14 -0.83815709E-31  0.44434110E-29
  0.23225112E+14 -0.64657002E-31  0.43787523E-29
  0.23318386E+14 -0.44693834E-31  0.43240349E-29
  0.23411659E+14 -0.12518183E-31  0.42802249E-29
  0.23504933E+14  0.00000000E+00  0.42660516E-29
  0.23598206E+14  0.00000000E+00  0.42406534E-29
  0.23691480E+14  0.00000000E+00  0.42136719E-29
  0.23784753E+14  0.00000000E+00  0.41873167E-29
  0.23878027E+14  0.00000000E+00  0.41622539E-29
  0.23971300E+14  0.00000000E+00  0.41387445E-29
  0.24064574E+14  0.00000000E+00  0.41168948E-29
  0.24157848E+14  0.00000000E+00  0.40967425E-29
  0.24251121E+14  0.00000000E+00  0.40782921E-29
  0.24344395E+14  0.00000000E+00  0.40615326E-29
  0.24437668E+14  0.00000000E+00  0.40464454E-29
  0.24530942E+14  0.00000000E+00  0.40330099E-29
  0.24624215E+14  0.00000000E+00  0.40212059E-29
  0.24717489E+14  0.00000000E+00  0.40110150E-29
  0.24810762E+14  0.00000000E+00  0.40024219E-29
  0.24904036E+14  0.00000000E+00  0.39954149E-29
  0.24997309E+14  0.00000000E+00  0.39899860E-29
  0.25090583E+14  0.00000000E+00  0.39861314E-29
  0.25183857E+14  0.00000000E+00  0.39838518E-29
  0.25277130E+14  0.00000000E+00  0.39831520E-29
  0.25370404E+14  0.00000000E+00  0.39840417E-29
  0.25463677E+14  0.00000000E+00  0.39865349E-29
  0.25556951E+14  0.00000000E+00  0.39906507E-29
  0.25650224E+14  0.00000000E+00  0.39964131E-29
  0.25743498E+14  0.00000000E+00  0.40038512E-29
  0.25836771E+14  0.00000000E+00  0.40129998E-29
  0.25930045E+14  0.00000000E+00  0.40238990E-29
  0.26023318E+14  0.00000000E+00  0.40365952E-29
  0.26116592E+14  0.00000000E+00  0.40511412E-29
  0.26209865E+14  0.00000000E+00  0.40675964E-29
  0.26303139E+14  0.00000000E+00  0.40860277E-29
  0.26396413E+14  0.00000000E+00  0.41065101E-29
  0.26489686E+14  0.00000000E+00  0.41291267E-29
  0.26582960E+14  0.00000000E+00  0.41539705E-29
  0.26676233E+14  0.00000000E+00  0.41811444E-29
  0.26769507E+14  0.00000000E+00  0.42107626E-29
  0.26862780E+14  0.00000000E+00  0.42429519E-29
  0.26956054E+14  0.00000000E+00  0.42778525E-29
  0.27049327E+14  0.00000000E+00  0.43156202E-29
  0.27142601E+14  0.00000000E+00  0.43564278E-29
  0.27235874E+14  0.00000000E+00  0.44004672E-29
  0.27329148E+14  0.00000000E+00  0.44479517E-29
  0.27422422E+14  0.00000000E+00  0.44991190E-29
  0.27515695E+14  0.00000000E+00  0.45542343E-29
  0.27608969E+14  0.00000000E+00  0.46135942E-29
  0.27702242E+14  0.00000000E+00  0.46775312E-29
  0.27795516E+14  0.00000000E+00  0.47464188E-29
  0.27888789E+14  0.00000000E+00  0.48206779E-29
  0.27982063E+14  0.00000000E+00  0.49007847E-29
  0.28075336E+14  0.00000000E+00  0.49872790E-29
  0.28168610E+14  0.00000000E+00  0.50807758E-29
  0.28261883E+14  0.00000000E+00  0.51819786E-29
  0.28355157E+14  0.00000000E+00  0.52916950E-29
  0.28448430E+14  0.00000000E+00  0.54108576E-29
  0.28541704E+14  0.00000000E+00  0.55405487E-29
  0.28634978E+14  0.00000000E+00  0.56820314E-29
  0.28728251E+14  0.00000000E+00  0.58367902E-29
  0.28821525E+14  0.00000000E+00  0.60065809E-29
  0.28914798E+14  0.00000000E+00  0.61934977E-29
  0.29008072E+14  0.00000000E+00  0.64000595E-29
  0.29101345E+14  0.00000000E+00  0.66293256E-29
  0.29194619E+14  0.00000000E+00  0.68850525E-29
  0.29287892E+14  0.00000000E+00  0.71719103E-29
  0.29381166E+14  0.00000000E+00  0.74957876E-29
  0.29474439E+14  0.00000000E+00  0.78642329E-29
  0.29567713E+14  0.00000000E+00  0.82871118E-29
  0.29660987E+14  0.00000000E+00  0.87776218E-29
  0.29754260E+14  0.00000000E+00  0.93539302E-29
  0.29847534E+14  0.00000000E+00  0.10041974E-28
  0.29940807E+14  0.00000000E+00  0.10880624E-28
  0.30034081E+14  0.00000000E+00  0.11932339E-28
  0.30127354E+14  0.00000000E+00  0.13309311E-28
  0.30220628E+14  0.00000000E+00  0.15262411E-28
  0.30313901E+14  0.00000000E+00  0.20248383E-28
  0.30407175E+14 -0.36231192E-29  0.18532965E-28
  0.30500448E+14 -0.31775544E-29  0.26605815E-28
  0.30593722E+14 -0.15016718E-28  0.32379890E-28
  0.30686996E+14 -0.26908889E-28  0.28163480E-28
  0.30780269E+14 -0.33853373E-28  0.19992388E-28
  0.30873543E+14 -0.36850671E-28  0.11307894E-28
  0.30966816E+14 -0.37404142E-28  0.28828612E-29
  0.31060090E+14 -0.34900705E-28 -0.46357714E-29
  0.31153363E+14 -0.31314243E-28 -0.10109541E-28
  0.31246637E+14 -0.27190900E-28 -0.14112892E-28
  0.31339910E+14 -0.22859882E-28 -0.16985875E-28
  0.31433184E+14 -0.18347166E-28 -0.18921945E-28
  0.31526457E+14 -0.13777794E-28 -0.19739985E-28
  0.31619731E+14 -0.93393992E-29 -0.19443518E-28
  0.31713004E+14 -0.54359869E-29 -0.18219935E-28
  0.31806278E+14 -0.17706410E-29 -0.15694185E-28
  0.31899552E+14 -0.15740266E-29 -0.11778117E-28
  0.31992825E+14 -0.13863347E-29 -0.10877537E-28
  0.32086099E+14 -0.98924734E-30 -0.99152047E-29
  0.32179372E+14 -0.63362956E-30 -0.90451225E-29
  0.32272646E+14 -0.32680277E-30 -0.82869498E-29
  0.32365919E+14 -0.73946838E-31 -0.76088574E-29
  0.32459193E+14  0.14891923E-30 -0.70008699E-29
  0.32552466E+14  0.33246894E-30 -0.64490845E-29
  0.32645740E+14  0.48173731E-30 -0.59486681E-29
  0.32739013E+14  0.60899571E-30 -0.54865693E-29
  0.32832287E+14  0.71817370E-30 -0.50557692E-29
  0.32925561E+14  0.79755244E-30 -0.46555075E-29
  0.33018834E+14  0.86166840E-30 -0.42825672E-29
  0.33112108E+14  0.90132813E-30 -0.39312409E-29
  0.33205381E+14  0.92629248E-30 -0.36063072E-29
  0.33298655E+14  0.93078208E-30 -0.33005718E-29
  0.33391928E+14  0.91938261E-30 -0.30205306E-29
  0.33485202E+14  0.89771683E-30 -0.27580341E-29
  0.33578475E+14  0.85853234E-30 -0.25178538E-29
  0.33671749E+14  0.81324371E-30 -0.23006141E-29
  0.33765022E+14  0.75457525E-30 -0.21007306E-29
  0.33858296E+14  0.68716470E-30 -0.19253563E-29
  0.33951570E+14  0.61655030E-30 -0.17682056E-29
  0.34044843E+14  0.53839784E-30 -0.16304569E-29
  0.34138117E+14  0.45864782E-30 -0.15151514E-29
  0.34231390E+14  0.37584008E-30 -0.14185523E-29
  0.34324664E+14  0.28874260E-30 -0.13438802E-29
  0.34417937E+14  0.20212657E-30 -0.12962790E-29
  0.34511211E+14  0.12154532E-30 -0.12821064E-29
  0.34604484E+14  0.68015938E-31 -0.13100811E-29
  0.34697758E+14  0.66688122E-31 -0.13550750E-29
  0.34791031E+14  0.11632788E-30 -0.13798959E-29
  0.34884305E+14  0.18351096E-30 -0.13621720E-29
  0.34977578E+14  0.24387440E-30 -0.13203386E-29
  0.35070852E+14  0.29727752E-30 -0.12647329E-29
  0.35164126E+14  0.34053655E-30 -0.11999842E-29
  0.35257399E+14  0.37377694E-30 -0.11344238E-29
  0.35350673E+14  0.40241445E-30 -0.10683056E-29
  0.35443946E+14  0.42990205E-30 -0.10000355E-29
  0.35537220E+14  0.45289354E-30 -0.93083213E-30
  0.35630493E+14  0.47400356E-30 -0.85904478E-30
  0.35723767E+14  0.48665638E-30 -0.77738203E-30
  0.35817040E+14  0.48452489E-30 -0.70438264E-30
  0.35910314E+14  0.48047815E-30 -0.63849477E-30
  0.36003587E+14  0.47712459E-30 -0.57606427E-30
  0.36096861E+14  0.47011293E-30 -0.51490408E-30
  0.36190135E+14  0.46082306E-30 -0.45856544E-30
  0.36283408E+14  0.45202459E-30 -0.40431620E-30
  0.36376682E+14  0.44152592E-30 -0.35077449E-30
  0.36469955E+14  0.42809656E-30 -0.30055893E-30
  0.36563229E+14  0.41548209E-30 -0.25330623E-30
  0.36656502E+14  0.40203068E-30 -0.20609476E-30
  0.36749776E+14  0.38546098E-30 -0.16101193E-30
  0.36843049E+14  0.36879459E-30 -0.11955489E-30
  0.36936323E+14  0.35186590E-30 -0.78507060E-31
  0.37029596E+14  0.33159360E-30 -0.40735655E-31
  0.37122870E+14  0.31182325E-30 -0.72475313E-32
  0.37216143E+14  0.29375292E-30  0.23688130E-31
  0.37309417E+14  0.27673481E-30  0.54387972E-31
  0.37402691E+14  0.25842428E-30  0.82599018E-31
  0.37495964E+14  0.24257529E-30  0.10941477E-30
  0.37589238E+14  0.22610216E-30  0.13594123E-30
  0.37682511E+14  0.21021430E-30  0.16083032E-30
  0.37775785E+14  0.19469949E-30  0.18503665E-30
  0.37869058E+14  0.18001532E-30  0.20869242E-30
  0.37962332E+14  0.16441107E-30  0.23245206E-30
  0.38055605E+14  0.14862532E-30  0.25392429E-30
  0.38148879E+14  0.13459859E-30  0.27511368E-30
  0.38242152E+14  0.11979874E-30  0.29715266E-30
  0.38335426E+14  0.10393391E-30  0.31742645E-30
  0.38428700E+14  0.89630238E-31  0.33673032E-30
  0.38521973E+14  0.74758176E-31  0.35720419E-30
  0.38615247E+14  0.58474350E-31  0.37558102E-30
  0.38708520E+14  0.44117542E-31  0.39339956E-30
  0.38801794E+14  0.28871696E-31  0.41212497E-30
  0.38895067E+14  0.12917478E-31  0.42951387E-30
  0.38988341E+14 -0.27430647E-32  0.44626752E-30
  0.39081614E+14 -0.18327180E-31  0.46258942E-30
  0.39174888E+14 -0.34419053E-31  0.47903713E-30
  0.39268161E+14 -0.51133068E-31  0.49407120E-30
  0.39361435E+14 -0.66865854E-31  0.50899756E-30
  0.39454709E+14 -0.83819669E-31  0.52422101E-30
  0.39547982E+14 -0.10092976E-30  0.53785144E-30
  0.39641256E+14 -0.11765053E-30  0.55143921E-30
  0.39734529E+14 -0.13505881E-30  0.56449206E-30
  0.39827803E+14 -0.15249342E-30  0.57716655E-30
  0.39921076E+14 -0.17055310E-30  0.58919554E-30
  0.40014350E+14 -0.18804427E-30  0.60060439E-30
  0.40107623E+14 -0.20635080E-30  0.61223893E-30
  0.40200897E+14 -0.22520123E-30  0.62223252E-30
  0.40294170E+14 -0.24327403E-30  0.63230526E-30
  0.40387444E+14 -0.26267856E-30  0.64203916E-30
  0.40480717E+14 -0.28144784E-30  0.65056276E-30
  0.40573991E+14 -0.30057169E-30  0.65939462E-30
  0.40667265E+14 -0.32045619E-30  0.66691276E-30
  0.40760538E+14 -0.33980923E-30  0.67428290E-30
  0.40853812E+14 -0.36023036E-30  0.68108269E-30
  0.40947085E+14 -0.37994351E-30  0.68676091E-30
  0.41040359E+14 -0.40001507E-30  0.69272677E-30
  0.41133632E+14 -0.42079082E-30  0.69738459E-30
  0.41226906E+14 -0.44105768E-30  0.70172697E-30
  0.41320179E+14 -0.46219721E-30  0.70555771E-30
  0.41413453E+14 -0.48273837E-30  0.70848797E-30
  0.41506726E+14 -0.50394404E-30  0.71113603E-30
  0.41600000E+14 -0.52495941E-30  0.71244232E-30
  0.41693274E+14 -0.54571985E-30  0.71412104E-30
  0.41786547E+14 -0.56806434E-30  0.71466803E-30
  0.41879821E+14 -0.58854844E-30  0.71391118E-30
  0.41973094E+14 -0.60994357E-30  0.71413940E-30
  0.42066368E+14 -0.63232777E-30  0.71207333E-30
  0.42159641E+14 -0.65281112E-30  0.70966626E-30
  0.42252915E+14 -0.67478154E-30  0.70775791E-30
  0.42346188E+14 -0.69674322E-30  0.70368662E-30
  0.42439462E+14 -0.71735012E-30  0.69947396E-30
  0.42532735E+14 -0.73906392E-30  0.69516652E-30
  0.42626009E+14 -0.76113206E-30  0.68955968E-30
  0.42719283E+14 -0.78225014E-30  0.68274652E-30
  0.42812556E+14 -0.80276485E-30  0.67649701E-30
  0.42905830E+14 -0.82494048E-30  0.66922577E-30
  0.42999103E+14 -0.84555029E-30  0.65961680E-30
  0.43092377E+14 -0.86550744E-30  0.65206859E-30
  0.43185650E+14 -0.88857829E-30  0.64242886E-30
  0.43278924E+14 -0.90769589E-30  0.63030711E-30
  0.43372197E+14 -0.92708135E-30  0.62132748E-30
  0.43465471E+14 -0.94968030E-30  0.60903610E-30
  0.43558744E+14 -0.96777161E-30  0.59537885E-30
  0.43652018E+14 -0.98759289E-30  0.58422626E-30
  0.43745291E+14 -0.10087562E-29  0.56947590E-30
  0.43838565E+14 -0.10262548E-29  0.55417997E-30
  0.43931839E+14 -0.10449272E-29  0.54045608E-30
  0.44025112E+14 -0.10651715E-29  0.52400088E-30
  0.44118386E+14 -0.10817286E-29  0.50646637E-30
  0.44211659E+14 -0.10992071E-29  0.49113050E-30
  0.44304933E+14 -0.11190709E-29  0.47239149E-30
  0.44398206E+14 -0.11336252E-29  0.45261395E-30
  0.44491480E+14 -0.11505597E-29  0.43606300E-30
  0.44584753E+14 -0.11692325E-29  0.41412907E-30
  0.44678027E+14 -0.11817823E-29  0.39328386E-30
  0.44771300E+14 -0.11985987E-29  0.37485622E-30
  0.44864574E+14 -0.12144560E-29  0.35000954E-30
  0.44957848E+14 -0.12253327E-29  0.32901622E-30
  0.45051121E+14 -0.12423510E-29  0.30727863E-30
  0.45144395E+14 -0.12544158E-29  0.28052924E-30
  0.45237668E+14 -0.12651705E-29  0.25902429E-30
  0.45330942E+14 -0.12804870E-29  0.23384991E-30
  0.45424215E+14 -0.12895533E-29  0.20653726E-30
  0.45517489E+14 -0.13000249E-29  0.18307890E-30
  0.45610762E+14 -0.13124147E-29  0.15508426E-30
  0.45704036E+14 -0.13190727E-29  0.12718671E-30
  0.45797309E+14 -0.13287535E-29  0.10190085E-30
  0.45890583E+14 -0.13380625E-29  0.70971055E-31
  0.45983857E+14 -0.13419665E-29  0.43213258E-31
  0.46077130E+14 -0.13518484E-29  0.15341883E-31
  0.46170404E+14 -0.13558834E-29 -0.17839045E-31
  0.46263677E+14 -0.13593677E-29 -0.44805675E-31
  0.46356951E+14 -0.13668243E-29 -0.77666098E-31
  0.46450224E+14 -0.13655906E-29 -0.10980539E-30
  0.46543498E+14 -0.13704014E-29 -0.13880989E-30
  0.46636771E+14 -0.13716896E-29 -0.17484040E-30
  0.46730045E+14 -0.13696491E-29 -0.20506565E-30
  0.46823318E+14 -0.13723595E-29 -0.23929749E-30
  0.46916592E+14 -0.13670869E-29 -0.27453718E-30
  0.47009865E+14 -0.13664827E-29 -0.30623197E-30
  0.47103139E+14 -0.13627278E-29 -0.34405956E-30
  0.47196413E+14 -0.13556646E-29 -0.37714385E-30
  0.47289686E+14 -0.13524677E-29 -0.41461937E-30
  0.47382960E+14 -0.13422719E-29 -0.45157474E-30
  0.47476233E+14 -0.13363823E-29 -0.48691459E-30
  0.47569507E+14 -0.13249588E-29 -0.52783525E-30
  0.47662780E+14 -0.13130532E-29 -0.56446356E-30
  0.47756054E+14 -0.13025035E-29 -0.60661103E-30
  0.47849327E+14 -0.12856705E-29 -0.64796794E-30
  0.47942601E+14 -0.12729918E-29 -0.69517508E-30
  0.48035874E+14 -0.12406615E-29 -0.74856560E-30
  0.48129148E+14 -0.12061504E-29 -0.78926652E-30
  0.48222422E+14 -0.11650542E-29 -0.82751896E-30
  0.48315695E+14 -0.11256623E-29 -0.85827213E-30
  0.48408969E+14 -0.10856206E-29 -0.88986488E-30
  0.48502242E+14 -0.10424984E-29 -0.91520648E-30
  0.48595516E+14 -0.10024065E-29 -0.93983912E-30
  0.48688789E+14 -0.95956229E-30 -0.96032634E-30
  0.48782063E+14 -0.92130102E-30 -0.97998319E-30
  0.48875336E+14 -0.87730876E-30 -0.99593511E-30
  0.48968610E+14 -0.83279046E-30 -0.10088958E-29
  0.49061883E+14 -0.78574386E-30 -0.10212331E-29
  0.49155157E+14 -0.74391074E-30 -0.10305037E-29
  0.49248430E+14 -0.70357575E-30 -0.10381495E-29
  0.49341704E+14 -0.66086274E-30 -0.10414480E-29
  0.49434978E+14 -0.61440316E-30 -0.10453572E-29
  0.49528251E+14 -0.57340428E-30 -0.10459239E-29
  0.49621525E+14 -0.53028872E-30 -0.10452695E-29
  0.49714798E+14 -0.49285344E-30 -0.10413356E-29
  0.49808072E+14 -0.44751098E-30 -0.10346965E-29
  0.49901345E+14 -0.40793086E-30 -0.10294951E-29
  0.49994619E+14 -0.36933309E-30 -0.10181594E-29
  0.50087892E+14 -0.32901011E-30 -0.10079700E-29
  0.50181166E+14 -0.29525369E-30 -0.99497767E-30
  0.50274439E+14 -0.25509911E-30 -0.97824507E-30
  0.50367713E+14 -0.21919638E-30 -0.96342849E-30
  0.50460987E+14 -0.18847921E-30 -0.94447798E-30
  0.50554260E+14 -0.15328911E-30 -0.92334482E-30
  0.50647534E+14 -0.12139999E-30 -0.90235217E-30
  0.50740807E+14 -0.95165290E-31 -0.87905913E-30
  0.50834081E+14 -0.66315952E-31 -0.85236374E-30
  0.50927354E+14 -0.36226112E-31 -0.82440813E-30
  0.51020628E+14 -0.82239659E-32 -0.79661809E-30
  0.51113901E+14  0.16510259E-31 -0.76670525E-30
  0.51207175E+14  0.38024644E-31 -0.73343111E-30
  0.51300448E+14  0.46883133E-31 -0.70174980E-30
  0.51393722E+14  0.49314860E-31 -0.66643462E-30
  0.51486996E+14  0.66114205E-31 -0.62690429E-30
  0.51580269E+14  0.57818701E-31 -0.60035559E-30
  0.51673543E+14  0.75275808E-31 -0.55971261E-30
  0.51766816E+14  0.65851617E-31 -0.52151338E-30
  0.51860090E+14 -0.13590101E-31 -0.50380450E-30
  0.51953363E+14  0.00000000E+00 -0.46099216E-30
  0.52046637E+14  0.00000000E+00 -0.48579379E-30
  0.52139910E+14  0.00000000E+00 -0.48027764E-30
  0.52233184E+14  0.00000000E+00 -0.47250028E-30
  0.52326457E+14  0.00000000E+00 -0.46398784E-30
  0.52419731E+14  0.00000000E+00 -0.45526372E-30
  0.52513004E+14  0.00000000E+00 -0.44655763E-30
  0.52606278E+14  0.00000000E+00 -0.43798194E-30
  0.52699552E+14  0.00000000E+00 -0.42959393E-30
  0.52792825E+14  0.00000000E+00 -0.42142230E-30
  0.52886099E+14  0.00000000E+00 -0.41348002E-30
  0.52979372E+14  0.00000000E+00 -0.40577100E-30
  0.53072646E+14  0.00000000E+00 -0.39829386E-30
  0.53165919E+14  0.00000000E+00 -0.39104409E-30
  0.53259193E+14  0.00000000E+00 -0.38401537E-30
  0.53352466E+14  0.00000000E+00 -0.37720037E-30
  0.53445740E+14  0.00000000E+00 -0.37059127E-30
  0.53539013E+14  0.00000000E+00 -0.36418006E-30
  0.53632287E+14  0.00000000E+00 -0.35795880E-30
  0.53725561E+14  0.00000000E+00 -0.35191965E-30
  0.53818834E+14  0.00000000E+00 -0.34605506E-30
  0.53912108E+14  0.00000000E+00 -0.34035774E-30
  0.54005381E+14  0.00000000E+00 -0.33482071E-30
  0.54098655E+14  0.00000000E+00 -0.32943730E-30
  0.54191928E+14  0.00000000E+00 -0.32420117E-30
  0.54285202E+14  0.00000000E+00 -0.31910629E-30
  0.54378475E+14  0.00000000E+00 -0.31414693E-30
  0.54471749E+14  0.00000000E+00 -0.30931765E-30
  0.54565022E+14  0.00000000E+00 -0.30461329E-30
  0.54658296E+14  0.00000000E+00 -0.30002897E-30
  0.54751570E+14  0.00000000E+00 -0.29556004E-30
  0.54844843E+14  0.00000000E+00 -0.29120209E-30
  0.54938117E+14  0.00000000E+00 -0.28695095E-30
  0.55031390E+14  0.00000000E+00 -0.28280263E-30
  0.55124664E+14  0.00000000E+00 -0.27875337E-30
  0.55217937E+14  0.00000000E+00 -0.27479959E-30
  0.55311211E+14  0.00000000E+00 -0.27093786E-30
  0.55404484E+14  0.00000000E+00 -0.26716495E-30
  0.55497758E+14  0.00000000E+00 -0.26347777E-30
  0.55591031E+14  0.00000000E+00 -0.25987336E-30
  0.55684305E+14  0.00000000E+00 -0.25634894E-30
  0.55777578E+14  0.00000000E+00 -0.25290181E-30
  0.55870852E+14  0.00000000E+00 -0.24952944E-30
  0.55964126E+14  0.00000000E+00 -0.24622938E-30
  0.56057399E+14  0.00000000E+00 -0.24299929E-30
  0.56150673E+14  0.00000000E+00 -0.23983697E-30
  0.56243946E+14  0.00000000E+00 -0.23674028E-30
  0.56337220E+14  0.00000000E+00 -0.23370717E-30
  0.56430493E+14  0.00000000E+00 -0.23073571E-30
  0.56523767E+14  0.00000000E+00 -0.22782402E-30
  0.56617040E+14  0.00000000E+00 -0.22497032E-30
  0.56710314E+14  0.00000000E+00 -0.22217288E-30
  0.56803587E+14  0.00000000E+00 -0.21943006E-30
  0.56896861E+14  0.00000000E+00 -0.21674028E-30
  0.56990135E+14  0.00000000E+00 -0.21410202E-30
  0.57083408E+14  0.00000000E+00 -0.21151382E-30
  0.57176682E+14  0.00000000E+00 -0.20897428E-30
  0.57269955E+14  0.00000000E+00 -0.20648206E-30
  0.57363229E+14  0.00000000E+00 -0.20403585E-30
  0.57456502E+14  0.00000000E+00 -0.20163440E-30
  0.57549776E+14  0.00000000E+00 -0.19927652E-30
  0.57643049E+14  0.00000000E+00 -0.19696105E-30
  0.57736323E+14  0.00000000E+00 -0.19468686E-30
  0.57829596E+14  0.00000000E+00 -0.19245290E-30
  0.57922870E+14  0.00000000E+00 -0.19025811E-30
  0.58016143E+14  0.00000000E+00 -0.18810150E-30
  0.58109417E+14  0.00000000E+00 -0.18598210E-30
  0.58202691E+14  0.00000000E+00 -0.18389898E-30
  0.58295964E+14  0.00000000E+00 -0.18185123E-30
  0.58389238E+14  0.00000000E+00 -0.17983800E-30
  0.58482511E+14  0.00000000E+00 -0.17785843E-30
  0.58575785E+14  0.00000000E+00 -0.17591172E-30
  0.58669058E+14  0.00000000E+00 -0.17399707E-30
  0.58762332E+14  0.00000000E+00 -0.17211374E-30
  0.58855605E+14  0.00000000E+00 -0.17026097E-30
  0.58948879E+14  0.00000000E+00 -0.16843805E-30
  0.59042152E+14  0.00000000E+00 -0.16664431E-30
  0.59135426E+14  0.00000000E+00 -0.16487906E-30
  0.59228700E+14  0.00000000E+00 -0.16314167E-30
  0.59321973E+14  0.00000000E+00 -0.16143149E-30
  0.59415247E+14  0.00000000E+00 -0.15974793E-30
  0.59508520E+14  0.00000000E+00 -0.15809039E-30
  0.59601794E+14  0.00000000E+00 -0.15645831E-30
  0.59695067E+14  0.00000000E+00 -0.15485112E-30
  0.59788341E+14  0.00000000E+00 -0.15326828E-30
  0.59881614E+14  0.00000000E+00 -0.15170927E-30
  0.59974888E+14  0.00000000E+00 -0.15017359E-30
  0.60068161E+14  0.00000000E+00 -0.14866074E-30
  0.60161435E+14  0.00000000E+00 -0.14717024E-30
  0.60254709E+14  0.00000000E+00 -0.14570163E-30
  0.60347982E+14  0.00000000E+00 -0.14425444E-30
  0.60441256E+14  0.00000000E+00 -0.14282825E-30
  0.60534529E+14  0.00000000E+00 -0.14142261E-30
  0.60627803E+14  0.00000000E+00 -0.14003713E-30
  0.60721076E+14  0.00000000E+00 -0.13867138E-30
  0.60814350E+14  0.00000000E+00 -0.13732498E-30
  0.60907623E+14  0.00000000E+00 -0.13599754E-30
  0.61000897E+14  0.00000000E+00 -0.13468869E-30
  0.61094170E+14  0.00000000E+00 -0.13339807E-30
  0.61187444E+14  0.00000000E+00 -0.13212532E-30
  0.61280717E+14  0.00000000E+00 -0.13087009E-30
  0.61373991E+14  0.00000000E+00 -0.12963205E-30
  0.61467265E+14  0.00000000E+00 -0.12841087E-30
  0.61560538E+14  0.00000000E+00 -0.12720624E-30
  0.61653812E+14  0.00000000E+00 -0.12601784E-30
  0.61747085E+14  0.00000000E+00 -0.12484536E-30
  0.61840359E+14  0.00000000E+00 -0.12368852E-30
  0.61933632E+14  0.00000000E+00 -0.12254702E-30
  0.62026906E+14  0.00000000E+00 -0.12142059E-30
  0.62120179E+14  0.00000000E+00 -0.12030894E-30
  0.62213453E+14  0.00000000E+00 -0.11921181E-30
  0.62306726E+14  0.00000000E+00 -0.11812894E-30
  0.62400000E+14  0.00000000E+00 -0.11706007E-30
  0.62493274E+14  0.00000000E+00 -0.11600495E-30
  0.62586547E+14  0.00000000E+00 -0.11496335E-30
  0.62679821E+14  0.00000000E+00 -0.11393502E-30
  0.62773094E+14  0.00000000E+00 -0.11291973E-30
  0.62866368E+14  0.00000000E+00 -0.11191725E-30
  0.62959641E+14  0.00000000E+00 -0.11092737E-30
  0.63052915E+14  0.00000000E+00 -0.10994986E-30
  0.63146188E+14  0.00000000E+00 -0.10898451E-30
  0.63239462E+14  0.00000000E+00 -0.10803112E-30
  0.63332735E+14  0.00000000E+00 -0.10708949E-30
  0.63426009E+14  0.00000000E+00 -0.10615941E-30
  0.63519283E+14  0.00000000E+00 -0.10524070E-30
  0.63612556E+14  0.00000000E+00 -0.10433317E-30
  0.63705830E+14  0.00000000E+00 -0.10343662E-30
  0.63799103E+14  0.00000000E+00 -0.10255088E-30
  0.63892377E+14  0.00000000E+00 -0.10167577E-30
  0.63985650E+14  0.00000000E+00 -0.10081113E-30
  0.64078924E+14  0.00000000E+00 -0.99956769E-31
  0.64172197E+14  0.00000000E+00 -0.99112535E-31
  0.64265471E+14  0.00000000E+00 -0.98278261E-31
  0.64358744E+14  0.00000000E+00 -0.97453790E-31
  0.64452018E+14  0.00000000E+00 -0.96638964E-31
  0.64545291E+14  0.00000000E+00 -0.95833633E-31
  0.64638565E+14  0.00000000E+00 -0.95037646E-31
  0.64731839E+14  0.00000000E+00 -0.94250858E-31
  0.64825112E+14  0.00000000E+00 -0.93473124E-31
  0.64918386E+14  0.00000000E+00 -0.92704305E-31
  0.65011659E+14  0.00000000E+00 -0.91944264E-31
  0.65104933E+14  0.00000000E+00 -0.91192864E-31
  0.65198206E+14  0.00000000E+00 -0.90449976E-31
  0.65291480E+14  0.00000000E+00 -0.89715468E-31
  0.65384753E+14  0.00000000E+00 -0.88989214E-31
  0.65478027E+14  0.00000000E+00 -0.88271090E-31
  0.65571300E+14  0.00000000E+00 -0.87560974E-31
  0.65664574E+14  0.00000000E+00 -0.86858747E-31
  0.65757848E+14  0.00000000E+00 -0.86164290E-31
  0.65851121E+14  0.00000000E+00 -0.85477489E-31
  0.65944395E+14  0.00000000E+00 -0.84798231E-31
  0.66037668E+14  0.00000000E+00 -0.84126406E-31
  0.66130942E+14  0.00000000E+00 -0.83461905E-31
  0.66224215E+14  0.00000000E+00 -0.82804622E-31
  0.66317489E+14  0.00000000E+00 -0.82154452E-31
  0.66410762E+14  0.00000000E+00 -0.81511292E-31
  0.66504036E+14  0.00000000E+00 -0.80875043E-31
  0.66597309E+14  0.00000000E+00 -0.80245604E-31
  0.66690583E+14  0.00000000E+00 -0.79622880E-31
  0.66783857E+14  0.00000000E+00 -0.79006776E-31
  0.66877130E+14  0.00000000E+00 -0.78397197E-31
  0.66970404E+14  0.00000000E+00 -0.77794052E-31
  0.67063677E+14  0.00000000E+00 -0.77197251E-31
  0.67156951E+14  0.00000000E+00 -0.76606705E-31
  0.67250224E+14  0.00000000E+00 -0.76022329E-31
  0.67343498E+14  0.00000000E+00 -0.75444035E-31
  0.67436771E+14  0.00000000E+00 -0.74871742E-31
  0.67530045E+14  0.00000000E+00 -0.74305366E-31
  0.67623318E+14  0.00000000E+00 -0.73744826E-31
  0.67716592E+14  0.00000000E+00 -0.73190044E-31
  0.67809865E+14  0.00000000E+00 -0.72640941E-31
  0.67903139E+14  0.00000000E+00 -0.72097440E-31
  0.67996413E+14  0.00000000E+00 -0.71559466E-31
  0.68089686E+14  0.00000000E+00 -0.71026945E-31
  0.68182960E+14  0.00000000E+00 -0.70499805E-31
  0.68276233E+14  0.00000000E+00 -0.69977973E-31
  0.68369507E+14  0.00000000E+00 -0.69461379E-31
  0.68462780E+14  0.00000000E+00 -0.68949955E-31
  0.68556054E+14  0.00000000E+00 -0.68443632E-31
  0.68649327E+14  0.00000000E+00 -0.67942344E-31
  0.68742601E+14  0.00000000E+00 -0.67446024E-31
  0.68835874E+14  0.00000000E+00 -0.66954608E-31
  0.68929148E+14  0.00000000E+00 -0.66468033E-31
  0.69022422E+14  0.00000000E+00 -0.65986237E-31
  0.69115695E+14  0.00000000E+00 -0.65509156E-31
  0.69208969E+14  0.00000000E+00 -0.65036732E-31
  0.69302242E+14  0.00000000E+00 -0.64568905E-31
  0.69395516E+14  0.00000000E+00 -0.64105616E-31
  0.69488789E+14  0.00000000E+00 -0.63646808E-31
  0.69582063E+14  0.00000000E+00 -0.63192423E-31
  0.69675336E+14  0.00000000E+00 -0.62742408E-31
  0.69768610E+14  0.00000000E+00 -0.62296705E-31
  0.69861883E+14  0.00000000E+00 -0.61855262E-31
  0.69955157E+14  0.00000000E+00 -0.61418026E-31
  0.70048430E+14  0.00000000E+00 -0.60984944E-31
  0.70141704E+14  0.00000000E+00 -0.60555965E-31
  0.70234978E+14  0.00000000E+00 -0.60131038E-31
  0.70328251E+14  0.00000000E+00 -0.59710113E-31
  0.70421525E+14  0.00000000E+00 -0.59293142E-31
  0.70514798E+14  0.00000000E+00 -0.58880076E-31
  0.70608072E+14  0.00000000E+00 -0.58470867E-31
  0.70701345E+14  0.00000000E+00 -0.58065469E-31
  0.70794619E+14  0.00000000E+00 -0.57663835E-31
  0.70887892E+14  0.00000000E+00 -0.57265921E-31
  0.70981166E+14  0.00000000E+00 -0.56871682E-31
  0.71074439E+14  0.00000000E+00 -0.56481072E-31
  0.71167713E+14  0.00000000E+00 -0.56094050E-31
  0.71260987E+14  0.00000000E+00 -0.55710573E-31
  0.71354260E+14  0.00000000E+00 -0.55330598E-31
  0.71447534E+14  0.00000000E+00 -0.54954083E-31
  0.71540807E+14  0.00000000E+00 -0.54580989E-31
  0.71634081E+14  0.00000000E+00 -0.54211275E-31
  0.71727354E+14  0.00000000E+00 -0.53844902E-31
  0.71820628E+14  0.00000000E+00 -0.53481830E-31
  0.71913901E+14  0.00000000E+00 -0.53122020E-31
  0.72007175E+14  0.00000000E+00 -0.52765436E-31
  0.72100448E+14  0.00000000E+00 -0.52412040E-31
  0.72193722E+14  0.00000000E+00 -0.52061794E-31
  0.72286996E+14  0.00000000E+00 -0.51714663E-31
  0.72380269E+14  0.00000000E+00 -0.51370611E-31
  0.72473543E+14  0.00000000E+00 -0.51029603E-31
  0.72566816E+14  0.00000000E+00 -0.50691604E-31
  0.72660090E+14  0.00000000E+00 -0.50356579E-31
  0.72753363E+14  0.00000000E+00 -0.50024496E-31
  0.72846637E+14  0.00000000E+00 -0.49695321E-31
  0.72939910E+14  0.00000000E+00 -0.49369021E-31
  0.73033184E+14  0.00000000E+00 -0.49045563E-31
  0.73126457E+14  0.00000000E+00 -0.48724917E-31
  0.73219731E+14  0.00000000E+00 -0.48407050E-31
  0.73313004E+14  0.00000000E+00 -0.48091932E-31
  0.73406278E+14  0.00000000E+00 -0.47779531E-31
  0.73499552E+14  0.00000000E+00 -0.47469819E-31
  0.73592825E+14  0.00000000E+00 -0.47162765E-31
  0.73686099E+14  0.00000000E+00 -0.46858340E-31
  0.73779372E+14  0.00000000E+00 -0.46556515E-31
  0.73872646E+14  0.00000000E+00 -0.46257262E-31
  0.73965919E+14  0.00000000E+00 -0.45960553E-31
  0.74059193E+14  0.00000000E+00 -0.45666359E-31
  0.74152466E+14  0.00000000E+00 -0.45374654E-31
  0.74245740E+14  0.00000000E+00 -0.45085410E-31
  0.74339013E+14  0.00000000E+00 -0.44798601E-31
  0.74432287E+14  0.00000000E+00 -0.44514201E-31
  0.74525561E+14  0.00000000E+00 -0.44232184E-31
  0.74618834E+14  0.00000000E+00 -0.43952524E-31
  0.74712108E+14  0.00000000E+00 -0.43675197E-31
  0.74805381E+14  0.00000000E+00 -0.43400176E-31
  0.74898655E+14  0.00000000E+00 -0.43127439E-31
  0.74991928E+14  0.00000000E+00 -0.42856960E-31
  0.75085202E+14  0.00000000E+00 -0.42588715E-31
  0.75178475E+14  0.00000000E+00 -0.42322682E-31
  0.75271749E+14  0.00000000E+00 -0.42058836E-31
  0.75365022E+14  0.00000000E+00 -0.41797156E-31
  0.75458296E+14  0.00000000E+00 -0.41537617E-31
  0.75551570E+14  0.00000000E+00 -0.41280199E-31
  0.75644843E+14  0.00000000E+00 -0.41024878E-31
  0.75738117E+14  0.00000000E+00 -0.40771634E-31
  0.75831390E+14  0.00000000E+00 -0.40520444E-31
  0.75924664E+14  0.00000000E+00 -0.40271287E-31
  0.76017937E+14  0.00000000E+00 -0.40024142E-31
  0.76111211E+14  0.00000000E+00 -0.39778989E-31
  0.76204484E+14  0.00000000E+00 -0.39535808E-31
  0.76297758E+14  0.00000000E+00 -0.39294577E-31
  0.76391031E+14  0.00000000E+00 -0.39055278E-31
  0.76484305E+14  0.00000000E+00 -0.38817890E-31
  0.76577578E+14  0.00000000E+00 -0.38582394E-31
  0.76670852E+14  0.00000000E+00 -0.38348772E-31
  0.76764126E+14  0.00000000E+00 -0.38117003E-31
  0.76857399E+14  0.00000000E+00 -0.37887069E-31
  0.76950673E+14  0.00000000E+00 -0.37658953E-31
  0.77043946E+14  0.00000000E+00 -0.37432635E-31
  0.77137220E+14  0.00000000E+00 -0.37208098E-31
  0.77230493E+14  0.00000000E+00 -0.36985323E-31
  0.77323767E+14  0.00000000E+00 -0.36764294E-31
  0.77417040E+14  0.00000000E+00 -0.36544994E-31
  0.77510314E+14  0.00000000E+00 -0.36327403E-31
  0.77603587E+14  0.00000000E+00 -0.36111507E-31
  0.77696861E+14  0.00000000E+00 -0.35897289E-31
  0.77790135E+14  0.00000000E+00 -0.35684731E-31
  0.77883408E+14  0.00000000E+00 -0.35473817E-31
  0.77976682E+14  0.00000000E+00 -0.35264532E-31
  0.78069955E+14  0.00000000E+00 -0.35056859E-31
  0.78163229E+14  0.00000000E+00 -0.34850783E-31
  0.78256502E+14  0.00000000E+00 -0.34646288E-31
  0.78349776E+14  0.00000000E+00 -0.34443359E-31
  0.78443049E+14  0.00000000E+00 -0.34241981E-31
  0.78536323E+14  0.00000000E+00 -0.34042138E-31
  0.78629596E+14  0.00000000E+00 -0.33843816E-31
  0.78722870E+14  0.00000000E+00 -0.33647001E-31
  0.78816143E+14  0.00000000E+00 -0.33451678E-31
  0.78909417E+14  0.00000000E+00 -0.33257832E-31
  0.79002691E+14  0.00000000E+00 -0.33065449E-31
  0.79095964E+14  0.00000000E+00 -0.32874516E-31
  0.79189238E+14  0.00000000E+00 -0.32685019E-31
  0.79282511E+14  0.00000000E+00 -0.32496944E-31
  0.79375785E+14  0.00000000E+00 -0.32310277E-31
  0.79469058E+14  0.00000000E+00 -0.32125006E-31
  0.79562332E+14  0.00000000E+00 -0.31941117E-31
  0.79655605E+14  0.00000000E+00 -0.31758597E-31
  0.79748879E+14  0.00000000E+00 -0.31577434E-31
  0.79842152E+14  0.00000000E+00 -0.31397614E-31
  0.79935426E+14  0.00000000E+00 -0.31219125E-31
  0.80028700E+14  0.00000000E+00 -0.31041955E-31
  0.80121973E+14  0.00000000E+00 -0.30866091E-31
  0.80215247E+14  0.00000000E+00 -0.30691522E-31
  0.80308520E+14  0.00000000E+00 -0.30518235E-31
  0.80401794E+14  0.00000000E+00 -0.30346218E-31
  0.80495067E+14  0.00000000E+00 -0.30175460E-31
  0.80588341E+14  0.00000000E+00 -0.30005950E-31
  0.80681614E+14  0.00000000E+00 -0.29837675E-31
  0.80774888E+14  0.00000000E+00 -0.29670624E-31
  0.80868161E+14  0.00000000E+00 -0.29504786E-31
  0.80961435E+14  0.00000000E+00 -0.29340151E-31
  0.81054709E+14  0.00000000E+00 -0.29176707E-31
  0.81147982E+14  0.00000000E+00 -0.29014443E-31
  0.81241256E+14  0.00000000E+00 -0.28853349E-31
  0.81334529E+14  0.00000000E+00 -0.28693413E-31
  0.81427803E+14  0.00000000E+00 -0.28534627E-31
  0.81521076E+14  0.00000000E+00 -0.28376978E-31
  0.81614350E+14  0.00000000E+00 -0.28220458E-31
  0.81707623E+14  0.00000000E+00 -0.28065055E-31
  0.81800897E+14  0.00000000E+00 -0.27910760E-31
  0.81894170E+14  0.00000000E+00 -0.27757563E-31
  0.81987444E+14  0.00000000E+00 -0.27605454E-31
  0.82080717E+14  0.00000000E+00 -0.27454424E-31
  0.82173991E+14  0.00000000E+00 -0.27304463E-31
  0.82267265E+14  0.00000000E+00 -0.27155561E-31
  0.82360538E+14  0.00000000E+00 -0.27007708E-31
  0.82453812E+14  0.00000000E+00 -0.26860897E-31
  0.82547085E+14  0.00000000E+00 -0.26715117E-31
  0.82640359E+14  0.00000000E+00 -0.26570360E-31
  0.82733632E+14  0.00000000E+00 -0.26426616E-31
  0.82826906E+14  0.00000000E+00 -0.26283877E-31
  0.82920179E+14  0.00000000E+00 -0.26142133E-31
  0.83013453E+14  0.00000000E+00 -0.26001377E-31
  0.83106726E+14  0.00000000E+00 -0.25861599E-31
  0.83200000E+14  0.00000000E+00 -0.25722791E-31
  0.83293274E+14  0.00000000E+00 -0.25584945E-31
  0.83386547E+14  0.00000000E+00 -0.25448052E-31
  0.83479821E+14  0.00000000E+00 -0.25312105E-31
  0.83573094E+14  0.00000000E+00 -0.25177094E-31
  0.83666368E+14  0.00000000E+00 -0.25043011E-31
  0.83759641E+14  0.00000000E+00 -0.24909850E-31
  0.83852915E+14  0.00000000E+00 -0.24777602E-31
  0.83946188E+14  0.00000000E+00 -0.24646258E-31
  0.84039462E+14  0.00000000E+00 -0.24515812E-31
  0.84132735E+14  0.00000000E+00 -0.24386256E-31
  0.84226009E+14  0.00000000E+00 -0.24257582E-31
  0.84319283E+14  0.00000000E+00 -0.24129782E-31
  0.84412556E+14  0.00000000E+00 -0.24002850E-31
  0.84505830E+14  0.00000000E+00 -0.23876778E-31
  0.84599103E+14  0.00000000E+00 -0.23751558E-31
  0.84692377E+14  0.00000000E+00 -0.23627183E-31
  0.84785650E+14  0.00000000E+00 -0.23503647E-31
  0.84878924E+14  0.00000000E+00 -0.23380942E-31
  0.84972197E+14  0.00000000E+00 -0.23259062E-31
  0.85065471E+14  0.00000000E+00 -0.23137998E-31
  0.85158744E+14  0.00000000E+00 -0.23017746E-31
  0.85252018E+14  0.00000000E+00 -0.22898297E-31
  0.85345291E+14  0.00000000E+00 -0.22779645E-31
  0.85438565E+14  0.00000000E+00 -0.22661783E-31
  0.85531839E+14  0.00000000E+00 -0.22544706E-31
  0.85625112E+14  0.00000000E+00 -0.22428406E-31
  0.85718386E+14  0.00000000E+00 -0.22312876E-31
  0.85811659E+14  0.00000000E+00 -0.22198112E-31
  0.85904933E+14  0.00000000E+00 -0.22084105E-31
  0.85998206E+14  0.00000000E+00 -0.21970851E-31
  0.86091480E+14  0.00000000E+00 -0.21858343E-31
  0.86184753E+14  0.00000000E+00 -0.21746574E-31
  0.86278027E+14  0.00000000E+00 -0.21635540E-31
  0.86371300E+14  0.00000000E+00 -0.21525232E-31
  0.86464574E+14  0.00000000E+00 -0.21415647E-31
  0.86557848E+14  0.00000000E+00 -0.21306778E-31
  0.86651121E+14  0.00000000E+00 -0.21198619E-31
  0.86744395E+14  0.00000000E+00 -0.21091164E-31
  0.86837668E+14  0.00000000E+00 -0.20984407E-31
  0.86930942E+14  0.00000000E+00 -0.20878344E-31
  0.87024215E+14  0.00000000E+00 -0.20772968E-31
  0.87117489E+14  0.00000000E+00 -0.20668274E-31
  0.87210762E+14  0.00000000E+00 -0.20564257E-31
  0.87304036E+14  0.00000000E+00 -0.20460910E-31
  0.87397309E+14  0.00000000E+00 -0.20358229E-31
  0.87490583E+14  0.00000000E+00 -0.20256209E-31
  0.87583857E+14  0.00000000E+00 -0.20154843E-31
  0.87677130E+14  0.00000000E+00 -0.20054127E-31
  0.87770404E+14  0.00000000E+00 -0.19954056E-31
  0.87863677E+14  0.00000000E+00 -0.19854624E-31
  0.87956951E+14  0.00000000E+00 -0.19755826E-31
  0.88050224E+14  0.00000000E+00 -0.19657658E-31
  0.88143498E+14  0.00000000E+00 -0.19560115E-31
  0.88236771E+14  0.00000000E+00 -0.19463190E-31
  0.88330045E+14  0.00000000E+00 -0.19366881E-31
  0.88423318E+14  0.00000000E+00 -0.19271181E-31
  0.88516592E+14  0.00000000E+00 -0.19176086E-31
  0.88609865E+14  0.00000000E+00 -0.19081592E-31
  0.88703139E+14  0.00000000E+00 -0.18987693E-31
  0.88796413E+14  0.00000000E+00 -0.18894385E-31
  0.88889686E+14  0.00000000E+00 -0.18801663E-31
  0.88982960E+14  0.00000000E+00 -0.18709523E-31
  0.89076233E+14  0.00000000E+00 -0.18617960E-31
  0.89169507E+14  0.00000000E+00 -0.18526970E-31
  0.89262780E+14  0.00000000E+00 -0.18436548E-31
  0.89356054E+14  0.00000000E+00 -0.18346690E-31
  0.89449327E+14  0.00000000E+00 -0.18257392E-31
  0.89542601E+14  0.00000000E+00 -0.18168649E-31
  0.89635874E+14  0.00000000E+00 -0.18080456E-31
  0.89729148E+14  0.00000000E+00 -0.17992811E-31
  0.89822422E+14  0.00000000E+00 -0.17905708E-31
  0.89915695E+14  0.00000000E+00 -0.17819143E-31
  0.90008969E+14  0.00000000E+00 -0.17733113E-31
  0.90102242E+14  0.00000000E+00 -0.17647613E-31
  0.90195516E+14  0.00000000E+00 -0.17562638E-31
  0.90288789E+14  0.00000000E+00 -0.17478186E-31
  0.90382063E+14  0.00000000E+00 -0.17394253E-31
  0.90475336E+14  0.00000000E+00 -0.17310833E-31
  0.90568610E+14  0.00000000E+00 -0.17227924E-31
  0.90661883E+14  0.00000000E+00 -0.17145521E-31
  0.90755157E+14  0.00000000E+00 -0.17063621E-31
  0.90848430E+14  0.00000000E+00 -0.16982219E-31
  0.90941704E+14  0.00000000E+00 -0.16901313E-31
  0.91034978E+14  0.00000000E+00 -0.16820898E-31
  0.91128251E+14  0.00000000E+00 -0.16740971E-31
  0.91221525E+14  0.00000000E+00 -0.16661527E-31
  0.91314798E+14  0.00000000E+00 -0.16582565E-31
  0.91408072E+14  0.00000000E+00 -0.16504079E-31
  0.91501345E+14  0.00000000E+00 -0.16426066E-31
  0.91594619E+14  0.00000000E+00 -0.16348523E-31
  0.91687892E+14  0.00000000E+00 -0.16271446E-31
  0.91781166E+14  0.00000000E+00 -0.16194832E-31
  0.91874439E+14  0.00000000E+00 -0.16118678E-31
  0.91967713E+14  0.00000000E+00 -0.16042979E-31
  0.92060987E+14  0.00000000E+00 -0.15967733E-31
  0.92154260E+14  0.00000000E+00 -0.15892936E-31
  0.92247534E+14  0.00000000E+00 -0.15818585E-31
  0.92340807E+14  0.00000000E+00 -0.15744677E-31
  0.92434081E+14  0.00000000E+00 -0.15671208E-31
  0.92527354E+14  0.00000000E+00 -0.15598175E-31
  0.92620628E+14  0.00000000E+00 -0.15525576E-31
  0.92713901E+14  0.00000000E+00 -0.15453406E-31
  0.92807175E+14  0.00000000E+00 -0.15381663E-31
  0.92900448E+14  0.00000000E+00 -0.15310343E-31
  0.92993722E+14  0.00000000E+00 -0.15239444E-31
  0.93086996E+14  0.00000000E+00 -0.15168962E-31
  0.93180269E+14  0.00000000E+00 -0.15098895E-31
  0.93273543E+14  0.00000000E+00 -0.15029239E-31
  0.93366816E+14  0.00000000E+00 -0.14959991E-31
  0.93460090E+14  0.00000000E+00 -0.14891149E-31
  0.93553363E+14  0.00000000E+00 -0.14822710E-31
  0.93646637E+14  0.00000000E+00 -0.14754670E-31
  0.93739910E+14  0.00000000E+00 -0.14687027E-31
  0.93833184E+14  0.00000000E+00 -0.14619778E-31
  0.93926457E+14  0.00000000E+00 -0.14552920E-31
  0.94019731E+14  0.00000000E+00 -0.14486450E-31
  0.94113004E+14  0.00000000E+00 -0.14420366E-31
  0.94206278E+14  0.00000000E+00 -0.14354664E-31
  0.94299552E+14  0.00000000E+00 -0.14289343E-31
  0.94392825E+14  0.00000000E+00 -0.14224399E-31
  0.94486099E+14  0.00000000E+00 -0.14159829E-31
  0.94579372E+14  0.00000000E+00 -0.14095631E-31
  0.94672646E+14  0.00000000E+00 -0.14031803E-31
  0.94765919E+14  0.00000000E+00 -0.13968342E-31
  0.94859193E+14  0.00000000E+00 -0.13905245E-31
  0.94952466E+14  0.00000000E+00 -0.13842509E-31
  0.95045740E+14  0.00000000E+00 -0.13780132E-31
  0.95139013E+14  0.00000000E+00 -0.13718112E-31
  0.95232287E+14  0.00000000E+00 -0.13656446E-31
  0.95325561E+14  0.00000000E+00 -0.13595131E-31
  0.95418834E+14  0.00000000E+00 -0.13534165E-31
  0.95512108E+14  0.00000000E+00 -0.13473546E-31
  0.95605381E+14  0.00000000E+00 -0.13413271E-31
  0.95698655E+14  0.00000000E+00 -0.13353338E-31
  0.95791928E+14  0.00000000E+00 -0.13293744E-31
  0.95885202E+14  0.00000000E+00 -0.13234487E-31
  0.95978475E+14  0.00000000E+00 -0.13175565E-31
  0.96071749E+14  0.00000000E+00 -0.13116975E-31
  0.96165022E+14  0.00000000E+00 -0.13058715E-31
  0.96258296E+14  0.00000000E+00 -0.13000784E-31
  0.96351570E+14  0.00000000E+00 -0.12943177E-31
  0.96444843E+14  0.00000000E+00 -0.12885894E-31
  0.96538117E+14  0.00000000E+00 -0.12828932E-31
  0.96631390E+14  0.00000000E+00 -0.12772288E-31
  0.96724664E+14  0.00000000E+00 -0.12715962E-31
  0.96817937E+14  0.00000000E+00 -0.12659949E-31
  0.96911211E+14  0.00000000E+00 -0.12604249E-31
  0.97004484E+14  0.00000000E+00 -0.12548860E-31
  0.97097758E+14  0.00000000E+00 -0.12493778E-31
  0.97191031E+14  0.00000000E+00 -0.12439002E-31
  0.97284305E+14  0.00000000E+00 -0.12384530E-31
  0.97377578E+14  0.00000000E+00 -0.12330360E-31
  0.97470852E+14  0.00000000E+00 -0.12276489E-31
  0.97564126E+14  0.00000000E+00 -0.12222916E-31
  0.97657399E+14  0.00000000E+00 -0.12169639E-31
  0.97750673E+14  0.00000000E+00 -0.12116656E-31
  0.97843946E+14  0.00000000E+00 -0.12063964E-31
  0.97937220E+14  0.00000000E+00 -0.12011562E-31
  0.98030493E+14  0.00000000E+00 -0.11959448E-31
  0.98123767E+14  0.00000000E+00 -0.11907619E-31
  0.98217040E+14  0.00000000E+00 -0.11856075E-31
  0.98310314E+14  0.00000000E+00 -0.11804812E-31
  0.98403587E+14  0.00000000E+00 -0.11753830E-31
  0.98496861E+14  0.00000000E+00 -0.11703125E-31
  0.98590135E+14  0.00000000E+00 -0.11652697E-31
  0.98683408E+14  0.00000000E+00 -0.11602544E-31
  0.98776682E+14  0.00000000E+00 -0.11552663E-31
  0.98869955E+14  0.00000000E+00 -0.11503053E-31
  0.98963229E+14  0.00000000E+00 -0.11453713E-31
  0.99056502E+14  0.00000000E+00 -0.11404639E-31
  0.99149776E+14  0.00000000E+00 -0.11355831E-31
  0.99243049E+14  0.00000000E+00 -0.11307287E-31
  0.99336323E+14  0.00000000E+00 -0.11259005E-31
  0.99429596E+14  0.00000000E+00 -0.11210983E-31
  0.99522870E+14  0.00000000E+00 -0.11163219E-31
  0.99616143E+14  0.00000000E+00 -0.11115713E-31
  0.99709417E+14  0.00000000E+00 -0.11068461E-31
  0.99802691E+14  0.00000000E+00 -0.11021463E-31
  0.99895964E+14  0.00000000E+00 -0.10974717E-31
  0.99989238E+14  0.00000000E+00 -0.10928221E-31
  0.10008251E+15  0.00000000E+00 -0.10881973E-31
  0.10017578E+15  0.00000000E+00 -0.10835973E-31
  0.10026906E+15  0.00000000E+00 -0.10790217E-31
  0.10036233E+15  0.00000000E+00 -0.10744706E-31
  0.10045561E+15  0.00000000E+00 -0.10699436E-31
  0.10054888E+15  0.00000000E+00 -0.10654407E-31
  0.10064215E+15  0.00000000E+00 -0.10609617E-31
  0.10073543E+15  0.00000000E+00 -0.10565064E-31
  0.10082870E+15  0.00000000E+00 -0.10520747E-31
  0.10092197E+15  0.00000000E+00 -0.10476664E-31
  0.10101525E+15  0.00000000E+00 -0.10432814E-31
  0.10110852E+15  0.00000000E+00 -0.10389196E-31
  0.10120179E+15  0.00000000E+00 -0.10345807E-31
  0.10129507E+15  0.00000000E+00 -0.10302647E-31
  0.10138834E+15  0.00000000E+00 -0.10259713E-31
  0.10148161E+15  0.00000000E+00 -0.10217005E-31
  0.10157489E+15  0.00000000E+00 -0.10174521E-31
  0.10166816E+15  0.00000000E+00 -0.10132259E-31
  0.10176143E+15  0.00000000E+00 -0.10090219E-31
  0.10185471E+15  0.00000000E+00 -0.10048398E-31
  0.10194798E+15  0.00000000E+00 -0.10006795E-31
  0.10204126E+15  0.00000000E+00 -0.99654094E-32
  0.10213453E+15  0.00000000E+00 -0.99242392E-32
  0.10222780E+15  0.00000000E+00 -0.98832831E-32
  0.10232108E+15  0.00000000E+00 -0.98425397E-32
  0.10241435E+15  0.00000000E+00 -0.98020078E-32
  0.10250762E+15  0.00000000E+00 -0.97616859E-32
  0.10260090E+15  0.00000000E+00 -0.97215728E-32
  0.10269417E+15  0.00000000E+00 -0.96816671E-32
  0.10278744E+15  0.00000000E+00 -0.96419675E-32
  0.10288072E+15  0.00000000E+00 -0.96024728E-32
  0.10297399E+15  0.00000000E+00 -0.95631815E-32
  0.10306726E+15  0.00000000E+00 -0.95240925E-32
  0.10316054E+15  0.00000000E+00 -0.94852045E-32
  0.10325381E+15  0.00000000E+00 -0.94465161E-32
  0.10334709E+15  0.00000000E+00 -0.94080262E-32
  0.10344036E+15  0.00000000E+00 -0.93697336E-32
  0.10353363E+15  0.00000000E+00 -0.93316368E-32
  0.10362691E+15  0.00000000E+00 -0.92937349E-32
  0.10372018E+15  0.00000000E+00 -0.92560265E-32
  0.10381345E+15  0.00000000E+00 -0.92185104E-32
  0.10390673E+15  0.00000000E+00 -0.91811854E-32
  0.10400000E+15  0.00000000E+00 -0.91440504E-32
