  0.47829938E+11 -0.43559907E-29  0.11114657E-28
  0.95659876E+11 -0.43475048E-29  0.80078465E-29
  0.14348981E+12 -0.43190402E-29  0.65448395E-29
  0.19131975E+12 -0.42585692E-29  0.55752863E-29
  0.23914969E+12 -0.41772178E-29  0.48580584E-29
  0.28697963E+12 -0.41763882E-29  0.43151134E-29
  0.33480957E+12 -0.41709201E-29  0.37364489E-29
  0.38263950E+12 -0.40823181E-29  0.30127346E-29
  0.43046944E+12 -0.32042338E-29  0.29774398E-29
  0.47829938E+12 -0.39154276E-29  0.32071193E-29
  0.52612932E+12 -0.38173205E-29  0.25754953E-29
  0.57395926E+12 -0.36255067E-29  0.22726689E-29
  0.62178919E+12 -0.36204494E-29  0.23800832E-29
  0.66961913E+12 -0.38843987E-29  0.19781288E-29
  0.71744907E+12 -0.38350753E-29  0.16423690E-29
  0.76527901E+12 -0.37650816E-29  0.10467290E-29
  0.81310895E+12 -0.28171690E-29  0.10213119E-29
  0.86093888E+12 -0.31310480E-29  0.15537027E-29
  0.90876882E+12 -0.35753150E-29  0.13681259E-29
  0.95659876E+12 -0.35762138E-29  0.10008548E-29
  0.10044287E+13 -0.36504340E-29  0.76090034E-30
  0.10522586E+13 -0.36818967E-29  0.95585520E-31
  0.11000886E+13 -0.27467751E-29 -0.20031040E-30
  0.11479185E+13 -0.24435747E-29  0.51410920E-30
  0.11957484E+13 -0.30460012E-29  0.85915737E-30
  0.12435784E+13 -0.33343228E-29  0.37390421E-30
  0.12914083E+13 -0.34619805E-29  0.24727039E-31
  0.13392383E+13 -0.32356204E-29 -0.65785394E-30
  0.13870682E+13 -0.25223795E-29 -0.78689249E-30
  0.14348981E+13 -0.21212173E-29 -0.29075367E-30
  0.14827281E+13 -0.25499942E-29  0.23825563E-30
  0.15305580E+13 -0.31035128E-29 -0.10171420E-30
  0.15783880E+13 -0.32361814E-29 -0.73833972E-30
  0.16262179E+13 -0.27100592E-29 -0.12087835E-29
  0.16740478E+13 -0.21955182E-29 -0.12190129E-29
  0.17218778E+13 -0.17681602E-29 -0.80705069E-30
  0.17697077E+13 -0.23188709E-29 -0.21701121E-30
  0.18175376E+13 -0.28607566E-29 -0.69276851E-30
  0.18653676E+13 -0.25922736E-29 -0.14042270E-29
  0.19131975E+13 -0.22404459E-29 -0.16020982E-29
  0.19610275E+13 -0.17421827E-29 -0.16107820E-29
  0.20088574E+13 -0.13770950E-29 -0.10421330E-29
  0.20566873E+13 -0.21508366E-29 -0.69065775E-30
  0.21045173E+13 -0.25019262E-29 -0.13998930E-29
  0.21523472E+13 -0.20885955E-29 -0.17626369E-29
  0.22001771E+13 -0.17389078E-29 -0.19425424E-29
  0.22480071E+13 -0.12949010E-29 -0.18930639E-29
  0.22958370E+13 -0.10154296E-29 -0.12361849E-29
  0.23436670E+13 -0.18853799E-29 -0.13133180E-29
  0.23914969E+13 -0.16646203E-29 -0.18540635E-29
  0.24393268E+13 -0.15728170E-29 -0.19977773E-29
  0.24871568E+13 -0.12313408E-29 -0.21848907E-29
  0.25349867E+13 -0.79538714E-30 -0.20500053E-29
  0.25828167E+13 -0.97104333E-30 -0.14480678E-29
  0.26306466E+13 -0.13468757E-29 -0.19116188E-29
  0.26784765E+13 -0.10973978E-29 -0.20612551E-29
  0.27263065E+13 -0.10256823E-29 -0.22512640E-29
  0.27741364E+13 -0.67652914E-30 -0.23769371E-29
  0.28219663E+13 -0.27804267E-30 -0.20722621E-29
  0.28697963E+13 -0.80008703E-30 -0.18365533E-29
  0.29176262E+13 -0.63491789E-30 -0.22065366E-29
  0.29654562E+13 -0.55486767E-30 -0.22458085E-29
  0.30132861E+13 -0.44099957E-30 -0.24151499E-29
  0.30611160E+13 -0.83629938E-31 -0.24843862E-29
  0.31089460E+13  0.16088332E-30 -0.20824750E-29
  0.31567759E+13 -0.17415102E-30 -0.22000119E-29
  0.32046058E+13 -0.14529345E-31 -0.22992259E-29
  0.32524358E+13  0.58746270E-31 -0.23592537E-29
  0.33002657E+13  0.20341526E-30 -0.24588532E-29
  0.33480957E+13  0.52532379E-30 -0.24162157E-29
  0.33959256E+13  0.37290478E-30 -0.21647274E-29
  0.34437555E+13  0.49166038E-30 -0.23596496E-29
  0.34915855E+13  0.61878613E-30 -0.23778141E-29
  0.35394154E+13  0.76257683E-30 -0.24035212E-29
  0.35872453E+13  0.95598507E-30 -0.23645443E-29
  0.36350753E+13  0.10958491E-29 -0.21582503E-29
  0.36829052E+13  0.92033193E-30 -0.22472396E-29
  0.37307352E+13  0.10909084E-29 -0.23446756E-29
  0.37785651E+13  0.12849394E-29 -0.23675268E-29
  0.38263950E+13  0.15214097E-29 -0.23346457E-29
  0.38742250E+13  0.17303783E-29 -0.21119703E-29
  0.39220549E+13  0.15598308E-29 -0.18921475E-29
  0.39698849E+13  0.15549109E-29 -0.20973756E-29
  0.40177148E+13  0.17235236E-29 -0.21912181E-29
  0.40655447E+13  0.19804170E-29 -0.22318179E-29
  0.41133747E+13  0.23296025E-29 -0.20693790E-29
  0.41612046E+13  0.24251240E-29 -0.17053896E-29
  0.42090345E+13  0.21547050E-29 -0.15830995E-29
  0.42568645E+13  0.21935262E-29 -0.17659233E-29
  0.43046944E+13  0.24042924E-29 -0.18334492E-29
  0.43525244E+13  0.26909813E-29 -0.18608553E-29
  0.44003543E+13  0.30359486E-29 -0.15618657E-29
  0.44481842E+13  0.30397990E-29 -0.11741268E-29
  0.44960142E+13  0.28528160E-29 -0.11357281E-29
  0.45438441E+13  0.28898780E-29 -0.11996840E-29
  0.45916740E+13  0.30760245E-29 -0.12498310E-29
  0.46395040E+13  0.33841598E-29 -0.11231478E-29
  0.46873339E+13  0.36012778E-29 -0.81288853E-30
  0.47351639E+13  0.34823214E-29 -0.49564044E-30
  0.47829938E+13  0.35104447E-29 -0.43360888E-30
  0.48308237E+13  0.35050872E-29 -0.35271276E-30
  0.48786537E+13  0.37076852E-29 -0.30955560E-30
  0.49264836E+13  0.38676974E-29 -0.53362733E-31
  0.49743136E+13  0.39193590E-29  0.23752314E-30
  0.50221435E+13  0.39174285E-29  0.41199508E-30
  0.50699734E+13  0.39355828E-29  0.66829032E-30
  0.51178034E+13  0.39446873E-29  0.86738759E-30
  0.51656333E+13  0.39343168E-29  0.10955629E-29
  0.52134632E+13  0.39269135E-29  0.13821024E-29
  0.52612932E+13  0.37913405E-29  0.15907075E-29
  0.53091231E+13  0.38555497E-29  0.18468276E-29
  0.53569531E+13  0.37585546E-29  0.22091593E-29
  0.54047830E+13  0.35309202E-29  0.26058717E-29
  0.54526129E+13  0.31567243E-29  0.29388757E-29
  0.55004429E+13  0.27327776E-29  0.31772143E-29
  0.55482728E+13  0.18989480E-29  0.33364248E-29
  0.55961027E+13  0.15034613E-29  0.23599124E-29
  0.56439327E+13  0.18202959E-29  0.23055897E-29
  0.56917626E+13  0.17644754E-29  0.21992453E-29
  0.57395926E+13  0.16070344E-29  0.21188556E-29
  0.57874225E+13  0.16410740E-29  0.19348818E-29
  0.58352524E+13  0.18055349E-29  0.19630429E-29
  0.58830824E+13  0.17899533E-29  0.18928021E-29
  0.59309123E+13  0.18826103E-29  0.20715510E-29
  0.59787422E+13  0.17841378E-29  0.19996427E-29
  0.60265722E+13  0.17826055E-29  0.20494110E-29
  0.60744021E+13  0.18646832E-29  0.19831972E-29
  0.61222321E+13  0.18262820E-29  0.21466653E-29
  0.61700620E+13  0.17702833E-29  0.20612964E-29
  0.62178919E+13  0.19231992E-29  0.21054411E-29
  0.62657219E+13  0.18454349E-29  0.22232487E-29
  0.63135518E+13  0.19062346E-29  0.22630524E-29
  0.63613818E+13  0.17911172E-29  0.23633567E-29
  0.64092117E+13  0.17818946E-29  0.23399240E-29
  0.64570416E+13  0.17908677E-29  0.23839495E-29
  0.65048716E+13  0.17949664E-29  0.23619078E-29
  0.65527015E+13  0.19445284E-29  0.25028315E-29
  0.66005314E+13  0.18306409E-29  0.27294704E-29
  0.66483614E+13  0.16118373E-29  0.26939245E-29
  0.66961913E+13  0.17081199E-29  0.26386404E-29
  0.67440213E+13  0.17405556E-29  0.26990382E-29
  0.67918512E+13  0.17908714E-29  0.28126287E-29
  0.68396811E+13  0.17577257E-29  0.30004637E-29
  0.68875111E+13  0.15935834E-29  0.30409997E-29
  0.69353410E+13  0.15666289E-29  0.29952448E-29
  0.69831709E+13  0.16927156E-29  0.30818725E-29
  0.70310009E+13  0.15929893E-29  0.32744862E-29
  0.70788308E+13  0.14713268E-29  0.32559295E-29
  0.71266608E+13  0.15426864E-29  0.33196230E-29
  0.71744907E+13  0.15092738E-29  0.34379435E-29
  0.72223206E+13  0.14552093E-29  0.35573365E-29
  0.72701506E+13  0.13846555E-29  0.36572276E-29
  0.73179805E+13  0.12612707E-29  0.36883523E-29
  0.73658105E+13  0.12653127E-29  0.36601901E-29
  0.74136404E+13  0.13920521E-29  0.38154582E-29
  0.74614703E+13  0.12626751E-29  0.40792501E-29
  0.75093003E+13  0.10334175E-29  0.41124895E-29
  0.75571302E+13  0.10434581E-29  0.40736770E-29
  0.76049601E+13  0.10673427E-29  0.41810888E-29
  0.76527901E+13  0.10162302E-29  0.43432210E-29
  0.77006200E+13  0.94175893E-30  0.44583606E-29
  0.77484500E+13  0.85655428E-30  0.46008783E-29
  0.77962799E+13  0.70821019E-30  0.46813260E-29
  0.78441098E+13  0.69593308E-30  0.47484262E-29
  0.78919398E+13  0.63613799E-30  0.48946865E-29
  0.79397697E+13  0.55548305E-30  0.50212242E-29
  0.79875996E+13  0.49338654E-30  0.51546793E-29
  0.80354296E+13  0.43194694E-30  0.53970246E-29
  0.80832595E+13  0.20277813E-30  0.55609174E-29
  0.81310895E+13  0.10491975E-30  0.56371512E-29
  0.81789194E+13  0.93003890E-31  0.58380851E-29
  0.82267493E+13 -0.52926679E-31  0.62053819E-29
  0.82745793E+13 -0.41938306E-30  0.64648055E-29
  0.83224092E+13 -0.71033313E-30  0.65813808E-29
  0.83702391E+13 -0.93130816E-30  0.67353893E-29
  0.84180691E+13 -0.12789429E-29  0.69910086E-29
  0.84658990E+13 -0.16622183E-29  0.70731388E-29
  0.85137290E+13 -0.19664904E-29  0.71731021E-29
  0.85615589E+13 -0.23588419E-29  0.72989169E-29
  0.86093888E+13 -0.28540913E-29  0.73247509E-29
  0.86572188E+13 -0.31897010E-29  0.73264976E-29
  0.87050487E+13 -0.35922267E-29  0.73041350E-29
  0.87528787E+13 -0.39122128E-29  0.73059885E-29
  0.88007086E+13 -0.42760881E-29  0.73275456E-29
  0.88485385E+13 -0.48314248E-29  0.73716987E-29
  0.88963685E+13 -0.52129492E-29  0.71728829E-29
  0.89441984E+13 -0.56062570E-29  0.71845898E-29
  0.89920283E+13 -0.60435843E-29  0.71452906E-29
  0.90398583E+13 -0.65133289E-29  0.70010366E-29
  0.90876882E+13 -0.69168674E-29  0.70465969E-29
  0.91355182E+13 -0.76290946E-29  0.70351061E-29
  0.91833481E+13 -0.82898557E-29  0.68596306E-29
  0.92311780E+13 -0.89570819E-29  0.67600177E-29
  0.92790080E+13 -0.10195982E-28  0.67071235E-29
  0.93268379E+13 -0.11855221E-28  0.62314407E-29
  0.93746678E+13 -0.12968451E-28  0.26965730E-29
  0.94224978E+13 -0.11547185E-28  0.20398181E-29
  0.94703277E+13 -0.11107922E-28  0.12051879E-29
  0.95181577E+13 -0.10806312E-28  0.12631348E-29
  0.95659876E+13 -0.11073512E-28  0.91498238E-30
  0.96138175E+13 -0.10917155E-28  0.38052188E-30
  0.96616475E+13 -0.11187669E-28  0.15234310E-30
  0.97094774E+13 -0.11261570E-28 -0.38739942E-30
  0.97573074E+13 -0.11399649E-28 -0.65591993E-30
  0.98051373E+13 -0.11572384E-28 -0.13839411E-29
  0.98529672E+13 -0.11866899E-28 -0.17540005E-29
  0.99007972E+13 -0.12035587E-28 -0.23123244E-29
  0.99486271E+13 -0.12385023E-28 -0.31311244E-29
  0.99964570E+13 -0.12751653E-28 -0.37915220E-29
  0.10044287E+14 -0.12985556E-28 -0.47348652E-29
  0.10092117E+14 -0.13326204E-28 -0.57275842E-29
  0.10139947E+14 -0.13686764E-28 -0.69989463E-29
  0.10187777E+14 -0.14198364E-28 -0.86239557E-29
  0.10235607E+14 -0.14281086E-28 -0.10357215E-28
  0.10283437E+14 -0.14485512E-28 -0.12957189E-28
  0.10331267E+14 -0.14156371E-28 -0.16551803E-28
  0.10379097E+14 -0.12441043E-28 -0.21700980E-28
  0.10426926E+14 -0.40139956E-29 -0.29352560E-28
  0.10474756E+14  0.68710249E-29 -0.19375410E-28
  0.10522586E+14  0.43780858E-29 -0.14630594E-28
  0.10570416E+14  0.45648078E-29 -0.13595758E-28
  0.10618246E+14  0.47713792E-29 -0.12437939E-28
  0.10666076E+14  0.49854767E-29 -0.11414539E-28
  0.10713906E+14  0.51458143E-29 -0.10662180E-28
  0.10761736E+14  0.53833921E-29 -0.10024303E-28
  0.10809566E+14  0.56232282E-29 -0.95089421E-29
  0.10857396E+14  0.59155323E-29 -0.89492642E-29
  0.10905226E+14  0.61435322E-29 -0.85541761E-29
  0.10953056E+14  0.64700670E-29 -0.81398386E-29
  0.11000886E+14  0.67923883E-29 -0.78447058E-29
  0.11048716E+14  0.72280724E-29 -0.74615554E-29
  0.11096546E+14  0.76330181E-29 -0.71585930E-29
  0.11144376E+14  0.81263528E-29 -0.68717635E-29
  0.11192205E+14  0.87566531E-29 -0.66074143E-29
  0.11240035E+14  0.96243355E-29 -0.63211782E-29
  0.11287865E+14  0.10887916E-28 -0.61398849E-29
  0.11335695E+14  0.13028373E-28 -0.42401250E-29
  0.11383525E+14  0.13326401E-28 -0.18710184E-29
  0.11431355E+14  0.13094010E-28  0.15371428E-30
  0.11479185E+14  0.12514819E-28  0.17760052E-29
  0.11527015E+14  0.11810093E-28  0.31658326E-29
  0.11574845E+14  0.11042492E-28  0.43847650E-29
  0.11622675E+14  0.10120855E-28  0.54015641E-29
  0.11670505E+14  0.92568605E-29  0.62393126E-29
  0.11718335E+14  0.83508121E-29  0.70022607E-29
  0.11766165E+14  0.73785146E-29  0.76785348E-29
  0.11813995E+14  0.63944547E-29  0.81928666E-29
  0.11861825E+14  0.54602802E-29  0.86795134E-29
  0.11909655E+14  0.44038520E-29  0.90860918E-29
  0.11957484E+14  0.33732149E-29  0.93932919E-29
  0.12005314E+14  0.22246858E-29  0.96860320E-29
  0.12053144E+14  0.61192497E-30  0.97168735E-29
  0.12100974E+14 -0.33209499E-30  0.86889264E-29
  0.12148804E+14 -0.82743100E-30  0.85359263E-29
  0.12196634E+14 -0.15665974E-29  0.83516731E-29
  0.12244464E+14 -0.23846780E-29  0.81342699E-29
  0.12292294E+14 -0.31392602E-29  0.77688466E-29
  0.12340124E+14 -0.39826008E-29  0.74118225E-29
  0.12387954E+14 -0.47235020E-29  0.69260047E-29
  0.12435784E+14 -0.56428779E-29  0.63604827E-29
  0.12483614E+14 -0.64886217E-29  0.56791129E-29
  0.12531444E+14 -0.73686589E-29  0.47830250E-29
  0.12579274E+14 -0.84754989E-29  0.35177946E-29
  0.12627104E+14 -0.10560090E-28 -0.19279147E-30
  0.12674934E+14 -0.63817092E-29 -0.15044097E-29
  0.12722764E+14 -0.55277648E-29 -0.15827248E-29
  0.12770593E+14 -0.48445844E-29 -0.17884687E-29
  0.12818423E+14 -0.42494903E-29 -0.20078908E-29
  0.12866253E+14 -0.37231252E-29 -0.21607326E-29
  0.12914083E+14 -0.32046165E-29 -0.22861543E-29
  0.12961913E+14 -0.27432743E-29 -0.23719951E-29
  0.13009743E+14 -0.22995118E-29 -0.24051020E-29
  0.13057573E+14 -0.18509006E-29 -0.24045953E-29
  0.13105403E+14 -0.14362769E-29 -0.23639199E-29
  0.13153233E+14 -0.10332385E-29 -0.22733223E-29
  0.13201063E+14 -0.65019747E-30 -0.21336326E-29
  0.13248893E+14 -0.28849454E-30 -0.19116689E-29
  0.13296723E+14  0.00000000E+00 -0.15098579E-29
  0.13344553E+14  0.00000000E+00 -0.11910962E-29
  0.13392383E+14  0.00000000E+00 -0.99538181E-30
  0.13440213E+14  0.00000000E+00 -0.84629341E-30
  0.13488043E+14  0.00000000E+00 -0.72611062E-30
  0.13535872E+14  0.00000000E+00 -0.62598413E-30
  0.13583702E+14  0.00000000E+00 -0.54065898E-30
  0.13631532E+14  0.00000000E+00 -0.46669894E-30
  0.13679362E+14  0.00000000E+00 -0.40171305E-30
  0.13727192E+14  0.00000000E+00 -0.34396340E-30
  0.13775022E+14  0.00000000E+00 -0.29214498E-30
  0.13822852E+14  0.00000000E+00 -0.24525266E-30
  0.13870682E+14  0.00000000E+00 -0.20249634E-30
  0.13918512E+14  0.00000000E+00 -0.16324438E-30
  0.13966342E+14  0.00000000E+00 -0.12698458E-30
  0.14014172E+14  0.00000000E+00 -0.93296464E-31
  0.14062002E+14  0.00000000E+00 -0.61831163E-31
  0.14109832E+14  0.00000000E+00 -0.32296439E-31
  0.14157662E+14  0.00000000E+00 -0.44454172E-32
  0.14205492E+14  0.00000000E+00  0.21932075E-31
  0.14253322E+14  0.00000000E+00  0.47016231E-31
  0.14301151E+14  0.00000000E+00  0.70962552E-31
  0.14348981E+14  0.00000000E+00  0.93906053E-31
  0.14396811E+14  0.00000000E+00  0.11596463E-30
  0.14444641E+14  0.00000000E+00  0.13724181E-30
  0.14492471E+14  0.00000000E+00  0.15782895E-30
  0.14540301E+14  0.00000000E+00  0.17780710E-30
  0.14588131E+14  0.00000000E+00  0.19724848E-30
  0.14635961E+14  0.00000000E+00  0.21621781E-30
  0.14683791E+14  0.00000000E+00  0.23477330E-30
  0.14731621E+14  0.00000000E+00  0.25296757E-30
  0.14779451E+14  0.00000000E+00  0.27084842E-30
  0.14827281E+14  0.00000000E+00  0.28845947E-30
  0.14875111E+14  0.00000000E+00  0.30584067E-30
  0.14922941E+14  0.00000000E+00  0.32302884E-30
  0.14970771E+14  0.00000000E+00  0.34005801E-30
  0.15018601E+14  0.00000000E+00  0.35695985E-30
  0.15066430E+14  0.00000000E+00  0.37376392E-30
  0.15114260E+14  0.00000000E+00  0.39049794E-30
  0.15162090E+14  0.00000000E+00  0.40718808E-30
  0.15209920E+14  0.00000000E+00  0.42385912E-30
  0.15257750E+14  0.00000000E+00  0.44053467E-30
  0.15305580E+14  0.00000000E+00  0.45723731E-30
  0.15353410E+14  0.00000000E+00  0.47398876E-30
  0.15401240E+14  0.00000000E+00  0.49081000E-30
  0.15449070E+14  0.00000000E+00  0.50772141E-30
  0.15496900E+14  0.00000000E+00  0.52474286E-30
  0.15544730E+14  0.00000000E+00  0.54189383E-30
  0.15592560E+14  0.00000000E+00  0.55919350E-30
  0.15640390E+14  0.00000000E+00  0.57666083E-30
  0.15688220E+14  0.00000000E+00  0.59431465E-30
  0.15736050E+14  0.00000000E+00  0.61217374E-30
  0.15783880E+14  0.00000000E+00  0.63025691E-30
  0.15831709E+14  0.00000000E+00  0.64858305E-30
  0.15879539E+14  0.00000000E+00  0.66717122E-30
  0.15927369E+14  0.00000000E+00  0.68604069E-30
  0.15975199E+14  0.00000000E+00  0.70521106E-30
  0.16023029E+14  0.00000000E+00  0.72470224E-30
  0.16070859E+14  0.00000000E+00  0.74453462E-30
  0.16118689E+14  0.00000000E+00  0.76472903E-30
  0.16166519E+14  0.00000000E+00  0.78530688E-30
  0.16214349E+14  0.00000000E+00  0.80629019E-30
  0.16262179E+14  0.00000000E+00  0.82770167E-30
  0.16310009E+14  0.00000000E+00  0.84956479E-30
  0.16357839E+14  0.00000000E+00  0.87190385E-30
  0.16405669E+14  0.00000000E+00  0.89474403E-30
  0.16453499E+14  0.00000000E+00  0.91811151E-30
  0.16501329E+14  0.00000000E+00  0.94203351E-30
  0.16549159E+14  0.00000000E+00  0.96653838E-30
  0.16596988E+14  0.00000000E+00  0.99165570E-30
  0.16644818E+14  0.00000000E+00  0.10174163E-29
  0.16692648E+14  0.00000000E+00  0.10438525E-29
  0.16740478E+14  0.00000000E+00  0.10709981E-29
  0.16788308E+14  0.00000000E+00  0.10988883E-29
  0.16836138E+14  0.00000000E+00  0.11275601E-29
  0.16883968E+14  0.00000000E+00  0.11570523E-29
  0.16931798E+14  0.00000000E+00  0.11874055E-29
  0.16979628E+14  0.00000000E+00  0.12186621E-29
  0.17027458E+14  0.00000000E+00  0.12508667E-29
  0.17075288E+14  0.00000000E+00  0.12840659E-29
  0.17123118E+14  0.00000000E+00  0.13183084E-29
  0.17170948E+14  0.00000000E+00  0.13536449E-29
  0.17218778E+14  0.00000000E+00  0.13901283E-29
  0.17266608E+14  0.00000000E+00  0.14278133E-29
  0.17314438E+14  0.00000000E+00  0.14667565E-29
  0.17362267E+14  0.00000000E+00  0.15070158E-29
  0.17410097E+14  0.00000000E+00  0.15486498E-29
  0.17457927E+14  0.00000000E+00  0.15917175E-29
  0.17505757E+14  0.00000000E+00  0.16362762E-29
  0.17553587E+14  0.00000000E+00  0.16823804E-29
  0.17601417E+14  0.00000000E+00  0.17300789E-29
  0.17649247E+14  0.00000000E+00  0.17794111E-29
  0.17697077E+14  0.00000000E+00  0.18304021E-29
  0.17744907E+14  0.00000000E+00  0.18830595E-29
  0.17792737E+14 -0.25432651E-34  0.19374292E-29
  0.17840567E+14 -0.48794100E-33  0.19932578E-29
  0.17888397E+14 -0.11707725E-32  0.20496072E-29
  0.17936227E+14 -0.12366196E-32  0.21058556E-29
  0.17984057E+14  0.27227869E-33  0.21615566E-29
  0.18031887E+14  0.43439518E-32  0.22159265E-29
  0.18079717E+14  0.13261674E-31  0.22685980E-29
  0.18127547E+14  0.30084801E-31  0.23183399E-29
  0.18175376E+14  0.57768228E-31  0.23657075E-29
  0.18223206E+14  0.10218644E-30  0.24052414E-29
  0.18271036E+14  0.18865421E-30  0.24341020E-29
  0.18318866E+14  0.42255684E-30  0.25089505E-29
  0.18366696E+14  0.53192338E-30  0.28636506E-29
  0.18414526E+14  0.48345217E-30  0.31012074E-29
  0.18462356E+14  0.46277938E-30  0.32721518E-29
  0.18510186E+14  0.44813639E-30  0.33756189E-29
  0.18558016E+14  0.53993201E-30  0.35453689E-29
  0.18605846E+14  0.65810453E-30  0.36417873E-29
  0.18653676E+14  0.74552835E-30  0.39060672E-29
  0.18701506E+14  0.91621998E-30  0.41606210E-29
  0.18749336E+14  0.10837941E-29  0.45083633E-29
  0.18797166E+14  0.14202417E-29  0.50820677E-29
  0.18844996E+14  0.18451542E-29  0.60025205E-29
  0.18892826E+14  0.13578729E-29  0.73686239E-29
  0.18940655E+14  0.54698606E-30  0.78369879E-29
  0.18988485E+14 -0.59251793E-32  0.87376874E-29
  0.19036315E+14 -0.11249199E-29  0.88384635E-29
  0.19084145E+14 -0.19088233E-29  0.93167301E-29
  0.19131975E+14 -0.23622057E-29  0.94001990E-29
  0.19179805E+14 -0.27379784E-29  0.96621043E-29
  0.19227635E+14 -0.33012927E-29  0.97781117E-29
  0.19275465E+14 -0.40533820E-29  0.10064039E-28
  0.19323295E+14 -0.46488555E-29  0.10208944E-28
  0.19371125E+14 -0.57073709E-29  0.10291828E-28
  0.19418955E+14 -0.69681117E-29  0.10266173E-28
  0.19466785E+14 -0.77937498E-29  0.99620656E-29
  0.19514615E+14 -0.85323093E-29  0.98490229E-29
  0.19562445E+14 -0.93518575E-29  0.10105422E-28
  0.19610275E+14 -0.99483232E-29  0.96039103E-29
  0.19658105E+14 -0.98979049E-29  0.93787135E-29
  0.19705934E+14 -0.11532978E-28  0.91849246E-29
  0.19753764E+14 -0.12825359E-28  0.84141869E-29
  0.19801594E+14 -0.13552451E-28  0.87724250E-29
  0.19849424E+14 -0.13864698E-28  0.78645939E-29
  0.19897254E+14 -0.14944482E-28  0.72118023E-29
  0.19945084E+14 -0.16347885E-28  0.62480102E-29
  0.19992914E+14 -0.17009639E-28  0.60062488E-29
  0.20040744E+14 -0.16987457E-28  0.46392146E-29
  0.20088574E+14 -0.18608408E-28  0.35809798E-29
  0.20136404E+14 -0.19248502E-28  0.25120838E-29
  0.20184234E+14 -0.19067062E-28  0.11744467E-29
  0.20232064E+14 -0.19296068E-28 -0.11299699E-30
  0.20279894E+14 -0.19996801E-28 -0.13547746E-29
  0.20327724E+14 -0.20026097E-28 -0.23145079E-29
  0.20375554E+14 -0.19556515E-28 -0.36602603E-29
  0.20423384E+14 -0.20391924E-28 -0.50226086E-29
  0.20471213E+14 -0.20555435E-28 -0.56752953E-29
  0.20519043E+14 -0.19750056E-28 -0.72475266E-29
  0.20566873E+14 -0.19662875E-28 -0.87318584E-29
  0.20614703E+14 -0.19795911E-28 -0.10050548E-28
  0.20662533E+14 -0.19673186E-28 -0.11424302E-28
  0.20710363E+14 -0.18067792E-28 -0.12377895E-28
  0.20758193E+14 -0.19700569E-28 -0.14041007E-28
  0.20806023E+14 -0.20405865E-28 -0.16443574E-28
  0.20853853E+14 -0.15444184E-28 -0.24366328E-28
  0.20901683E+14 -0.80496054E-29 -0.24352229E-28
  0.20949513E+14 -0.11812981E-29 -0.16077553E-28
  0.20997343E+14 -0.11944138E-28 -0.12018837E-28
  0.21045173E+14 -0.84673805E-29 -0.16745675E-28
  0.21093003E+14 -0.77472441E-29 -0.16005848E-28
  0.21140833E+14 -0.79960077E-29 -0.15554903E-28
  0.21188663E+14 -0.84257143E-29 -0.16114173E-28
  0.21236492E+14 -0.87939514E-29 -0.17169383E-28
  0.21284322E+14 -0.93462663E-29 -0.19240136E-28
  0.21332152E+14 -0.80691302E-29 -0.23025457E-28
  0.21379982E+14 -0.45787001E-29 -0.25744401E-28
  0.21427812E+14  0.22744638E-30 -0.28074989E-28
  0.21475642E+14  0.11606126E-28 -0.27351711E-28
  0.21523472E+14  0.14169471E-28 -0.14197352E-28
  0.21571302E+14  0.69513968E-29 -0.83097090E-29
  0.21619132E+14  0.94050273E-30 -0.12056151E-28
  0.21666962E+14  0.36254580E-29 -0.13747907E-28
  0.21714792E+14  0.42256875E-29 -0.13292394E-28
  0.21762622E+14  0.46257809E-29 -0.12839779E-28
  0.21810452E+14  0.49259231E-29 -0.12393443E-28
  0.21858282E+14  0.51532520E-29 -0.11928992E-28
  0.21906112E+14  0.53499151E-29 -0.11519760E-28
  0.21953942E+14  0.55459545E-29 -0.11095913E-28
  0.22001771E+14  0.57128771E-29 -0.10670423E-28
  0.22049601E+14  0.58599275E-29 -0.10266045E-28
  0.22097431E+14  0.60078157E-29 -0.98886289E-29
  0.22145261E+14  0.61479626E-29 -0.95084433E-29
  0.22193091E+14  0.62146857E-29 -0.91474047E-29
  0.22240921E+14  0.62806795E-29 -0.88131142E-29
  0.22288751E+14  0.63619030E-29 -0.84472144E-29
  0.22336581E+14  0.64353264E-29 -0.81388378E-29
  0.22384411E+14  0.64991500E-29 -0.78199819E-29
  0.22432241E+14  0.65108804E-29 -0.75245778E-29
  0.22480071E+14  0.65545929E-29 -0.72292887E-29
  0.22527901E+14  0.66452203E-29 -0.69495057E-29
  0.22575731E+14  0.66359864E-29 -0.66756996E-29
  0.22623561E+14  0.66600792E-29 -0.63963711E-29
  0.22671391E+14  0.66938813E-29 -0.61505924E-29
  0.22719221E+14  0.66733297E-29 -0.58955947E-29
  0.22767050E+14  0.67020877E-29 -0.56612247E-29
  0.22814880E+14  0.67098896E-29 -0.54225555E-29
  0.22862710E+14  0.67220651E-29 -0.51850310E-29
  0.22910540E+14  0.67140781E-29 -0.49598581E-29
  0.22958370E+14  0.66932962E-29 -0.47433675E-29
  0.23006200E+14  0.66958519E-29 -0.45229480E-29
  0.23054030E+14  0.66867193E-29 -0.43236072E-29
  0.23101860E+14  0.66580623E-29 -0.41103762E-29
  0.23149690E+14  0.66410936E-29 -0.39226217E-29
  0.23197520E+14  0.66131509E-29 -0.37165480E-29
  0.23245350E+14  0.66064125E-29 -0.35388656E-29
  0.23293180E+14  0.65715622E-29 -0.33465767E-29
  0.23341010E+14  0.65428411E-29 -0.31733619E-29
  0.23388840E+14  0.64990969E-29 -0.29868485E-29
  0.23436670E+14  0.64724141E-29 -0.28236133E-29
  0.23484500E+14  0.64443546E-29 -0.26418017E-29
  0.23532329E+14  0.63884566E-29 -0.24908436E-29
  0.23580159E+14  0.63620807E-29 -0.23208474E-29
  0.23627989E+14  0.62915447E-29 -0.21641886E-29
  0.23675819E+14  0.62730747E-29 -0.20128679E-29
  0.23723649E+14  0.61978292E-29 -0.18534976E-29
  0.23771479E+14  0.61702565E-29 -0.17207213E-29
  0.23819309E+14  0.61021717E-29 -0.15685288E-29
  0.23867139E+14  0.60545917E-29 -0.14357681E-29
  0.23914969E+14  0.59944102E-29 -0.12864471E-29
  0.23962799E+14  0.59339100E-29 -0.11599187E-29
  0.24010629E+14  0.58797947E-29 -0.10363966E-29
  0.24058459E+14  0.58022346E-29 -0.90390316E-30
  0.24106289E+14  0.57423684E-29 -0.78885457E-30
  0.24154119E+14  0.56715925E-29 -0.65266397E-30
  0.24201949E+14  0.55948608E-29 -0.57051404E-30
  0.24249779E+14  0.55298314E-29 -0.43442586E-30
  0.24297609E+14  0.54296973E-29 -0.36177721E-30
  0.24345438E+14  0.53683155E-29 -0.23996106E-30
  0.24393268E+14  0.52537458E-29 -0.17777323E-30
  0.24441098E+14  0.52423267E-29 -0.73579362E-31
  0.24488928E+14  0.50806381E-29 -0.14323503E-31
  0.24536758E+14  0.50461364E-29  0.56577614E-31
  0.24584588E+14  0.48921244E-29  0.76195720E-31
  0.24632418E+14  0.48793685E-29  0.97511928E-31
  0.24680248E+14  0.47557718E-29  0.10598332E-30
  0.24728078E+14  0.47162018E-29  0.38375940E-31
  0.24775908E+14  0.47217662E-29 -0.14913359E-30
  0.24823738E+14  0.50499030E-29 -0.98605899E-31
  0.24871568E+14  0.52198724E-29  0.99828519E-31
  0.24919398E+14  0.52603873E-29  0.36100410E-30
  0.24967228E+14  0.52811766E-29  0.49234475E-30
  0.25015058E+14  0.52027277E-29  0.74263915E-30
  0.25062888E+14  0.52089858E-29  0.86121892E-30
  0.25110717E+14  0.51248564E-29  0.10849322E-29
  0.25158547E+14  0.50850288E-29  0.12216679E-29
  0.25206377E+14  0.49178222E-29  0.14099450E-29
  0.25254207E+14  0.49551553E-29  0.15345289E-29
  0.25302037E+14  0.46647563E-29  0.16691216E-29
  0.25349867E+14  0.47752176E-29  0.18124526E-29
  0.25397697E+14  0.45779622E-29  0.19179521E-29
  0.25445527E+14  0.45707584E-29  0.21250830E-29
  0.25493357E+14  0.43836238E-29  0.21085068E-29
  0.25541187E+14  0.42880559E-29  0.23555570E-29
  0.25589017E+14  0.42058532E-29  0.23951760E-29
  0.25636847E+14  0.38917193E-29  0.25300364E-29
  0.25684677E+14  0.39348333E-29  0.26410443E-29
  0.25732507E+14  0.38337391E-29  0.26467997E-29
  0.25780337E+14  0.36058496E-29  0.27754208E-29
  0.25828167E+14  0.34686892E-29  0.28807433E-29
  0.25875996E+14  0.33568974E-29  0.29143664E-29
  0.25923826E+14  0.31770219E-29  0.30203244E-29
  0.25971656E+14  0.31600242E-29  0.30881112E-29
  0.26019486E+14  0.28667021E-29  0.30616605E-29
  0.26067316E+14  0.26875088E-29  0.31986449E-29
  0.26115146E+14  0.27270218E-29  0.32787747E-29
  0.26162976E+14  0.25876374E-29  0.32363683E-29
  0.26210806E+14  0.20166531E-29  0.33022123E-29
  0.26258636E+14  0.21049486E-29  0.33543762E-29
  0.26306466E+14  0.20394916E-29  0.33130222E-29
  0.26354296E+14  0.18950562E-29  0.33007443E-29
  0.26402126E+14  0.16259901E-29  0.33478198E-29
  0.26449956E+14  0.14194983E-29  0.33239712E-29
  0.26497786E+14  0.12730046E-29  0.33142439E-29
  0.26545616E+14  0.11010090E-29  0.32897452E-29
  0.26593446E+14  0.92835222E-30  0.32534189E-29
  0.26641275E+14  0.76218754E-30  0.32043776E-29
  0.26689105E+14  0.56854033E-30  0.31482220E-29
  0.26736935E+14  0.39501790E-30  0.30862196E-29
  0.26784765E+14  0.21011405E-30  0.29477579E-29
  0.26832595E+14  0.39038771E-31  0.28570195E-29
  0.26880425E+14 -0.15646112E-30  0.26728380E-29
  0.26928255E+14 -0.38236288E-30  0.24134029E-29
  0.26976085E+14 -0.51513822E-30  0.19804072E-29
  0.27023915E+14  0.00000000E+00  0.17583375E-29
  0.27071745E+14  0.00000000E+00  0.17907722E-29
  0.27119575E+14  0.00000000E+00  0.17500656E-29
  0.27167405E+14  0.00000000E+00  0.16973853E-29
  0.27215235E+14  0.00000000E+00  0.16429086E-29
  0.27263065E+14  0.00000000E+00  0.15895843E-29
  0.27310895E+14  0.00000000E+00  0.15383943E-29
  0.27358725E+14  0.00000000E+00  0.14896348E-29
  0.27406554E+14  0.00000000E+00  0.14433317E-29
  0.27454384E+14  0.00000000E+00  0.13994002E-29
  0.27502214E+14  0.00000000E+00  0.13577112E-29
  0.27550044E+14  0.00000000E+00  0.13181223E-29
  0.27597874E+14  0.00000000E+00  0.12804907E-29
  0.27645704E+14  0.00000000E+00  0.12446803E-29
  0.27693534E+14  0.00000000E+00  0.12105640E-29
  0.27741364E+14  0.00000000E+00  0.11780243E-29
  0.27789194E+14  0.00000000E+00  0.11469535E-29
  0.27837024E+14  0.00000000E+00  0.11172529E-29
  0.27884854E+14  0.00000000E+00  0.10888325E-29
  0.27932684E+14  0.00000000E+00  0.10616099E-29
  0.27980514E+14  0.00000000E+00  0.10355098E-29
  0.28028344E+14  0.00000000E+00  0.10104632E-29
  0.28076174E+14  0.00000000E+00  0.98640665E-30
  0.28124004E+14  0.00000000E+00  0.96328208E-30
  0.28171833E+14  0.00000000E+00  0.94103590E-30
  0.28219663E+14  0.00000000E+00  0.91961875E-30
  0.28267493E+14  0.00000000E+00  0.89898500E-30
  0.28315323E+14  0.00000000E+00  0.87909248E-30
  0.28363153E+14  0.00000000E+00  0.85990205E-30
  0.28410983E+14  0.00000000E+00  0.84137742E-30
  0.28458813E+14  0.00000000E+00  0.82348483E-30
  0.28506643E+14  0.00000000E+00  0.80619285E-30
  0.28554473E+14  0.00000000E+00  0.78947215E-30
  0.28602303E+14  0.00000000E+00  0.77329537E-30
  0.28650133E+14  0.00000000E+00  0.75763689E-30
  0.28697963E+14  0.00000000E+00  0.74247275E-30
  0.28745793E+14  0.00000000E+00  0.72778046E-30
  0.28793623E+14  0.00000000E+00  0.71353894E-30
  0.28841453E+14  0.00000000E+00  0.69972834E-30
  0.28889283E+14  0.00000000E+00  0.68633001E-30
  0.28937112E+14  0.00000000E+00  0.67332639E-30
  0.28984942E+14  0.00000000E+00  0.66070090E-30
  0.29032772E+14  0.00000000E+00  0.64843791E-30
  0.29080602E+14  0.00000000E+00  0.63652264E-30
  0.29128432E+14  0.00000000E+00  0.62494113E-30
  0.29176262E+14  0.00000000E+00  0.61368016E-30
  0.29224092E+14  0.00000000E+00  0.60272722E-30
  0.29271922E+14  0.00000000E+00  0.59207042E-30
  0.29319752E+14  0.00000000E+00  0.58169850E-30
  0.29367582E+14  0.00000000E+00  0.57160078E-30
  0.29415412E+14  0.00000000E+00  0.56176709E-30
  0.29463242E+14  0.00000000E+00  0.55218777E-30
  0.29511072E+14  0.00000000E+00  0.54285362E-30
  0.29558902E+14  0.00000000E+00  0.53375589E-30
  0.29606732E+14  0.00000000E+00  0.52488622E-30
  0.29654562E+14  0.00000000E+00  0.51623668E-30
  0.29702391E+14  0.00000000E+00  0.50779967E-30
  0.29750221E+14  0.00000000E+00  0.49956793E-30
  0.29798051E+14  0.00000000E+00  0.49153456E-30
  0.29845881E+14  0.00000000E+00  0.48369293E-30
  0.29893711E+14  0.00000000E+00  0.47603672E-30
  0.29941541E+14  0.00000000E+00  0.46855988E-30
  0.29989371E+14  0.00000000E+00  0.46125662E-30
  0.30037201E+14  0.00000000E+00  0.45412138E-30
  0.30085031E+14  0.00000000E+00  0.44714884E-30
  0.30132861E+14  0.00000000E+00  0.44033392E-30
  0.30180691E+14  0.00000000E+00  0.43367171E-30
  0.30228521E+14  0.00000000E+00  0.42715754E-30
  0.30276351E+14  0.00000000E+00  0.42078688E-30
  0.30324181E+14  0.00000000E+00  0.41455543E-30
  0.30372011E+14  0.00000000E+00  0.40845901E-30
  0.30419841E+14  0.00000000E+00  0.40249364E-30
  0.30467671E+14  0.00000000E+00  0.39665547E-30
  0.30515500E+14  0.00000000E+00  0.39094081E-30
  0.30563330E+14  0.00000000E+00  0.38534610E-30
  0.30611160E+14  0.00000000E+00  0.37986791E-30
  0.30658990E+14  0.00000000E+00  0.37450295E-30
  0.30706820E+14  0.00000000E+00  0.36924803E-30
  0.30754650E+14  0.00000000E+00  0.36410011E-30
  0.30802480E+14  0.00000000E+00  0.35905622E-30
  0.30850310E+14  0.00000000E+00  0.35411351E-30
  0.30898140E+14  0.00000000E+00  0.34926924E-30
  0.30945970E+14  0.00000000E+00  0.34452077E-30
  0.30993800E+14  0.00000000E+00  0.33986552E-30
  0.31041630E+14  0.00000000E+00  0.33530103E-30
  0.31089460E+14  0.00000000E+00  0.33082491E-30
  0.31137290E+14  0.00000000E+00  0.32643485E-30
  0.31185120E+14  0.00000000E+00  0.32212864E-30
  0.31232950E+14  0.00000000E+00  0.31790410E-30
  0.31280779E+14  0.00000000E+00  0.31375916E-30
  0.31328609E+14  0.00000000E+00  0.30969180E-30
  0.31376439E+14  0.00000000E+00  0.30570007E-30
  0.31424269E+14  0.00000000E+00  0.30178208E-30
  0.31472099E+14  0.00000000E+00  0.29793601E-30
  0.31519929E+14  0.00000000E+00  0.29416009E-30
  0.31567759E+14  0.00000000E+00  0.29045259E-30
  0.31615589E+14  0.00000000E+00  0.28681187E-30
  0.31663419E+14  0.00000000E+00  0.28323630E-30
  0.31711249E+14  0.00000000E+00  0.27972434E-30
  0.31759079E+14  0.00000000E+00  0.27627447E-30
  0.31806909E+14  0.00000000E+00  0.27288523E-30
  0.31854739E+14  0.00000000E+00  0.26955518E-30
  0.31902569E+14  0.00000000E+00  0.26628296E-30
  0.31950399E+14  0.00000000E+00  0.26306722E-30
  0.31998229E+14  0.00000000E+00  0.25990667E-30
  0.32046058E+14  0.00000000E+00  0.25680004E-30
  0.32093888E+14  0.00000000E+00  0.25374611E-30
  0.32141718E+14  0.00000000E+00  0.25074368E-30
  0.32189548E+14  0.00000000E+00  0.24779161E-30
  0.32237378E+14  0.00000000E+00  0.24488877E-30
  0.32285208E+14  0.00000000E+00  0.24203407E-30
  0.32333038E+14  0.00000000E+00  0.23922645E-30
  0.32380868E+14  0.00000000E+00  0.23646489E-30
  0.32428698E+14  0.00000000E+00  0.23374837E-30
  0.32476528E+14  0.00000000E+00  0.23107592E-30
  0.32524358E+14  0.00000000E+00  0.22844660E-30
  0.32572188E+14  0.00000000E+00  0.22585949E-30
  0.32620018E+14  0.00000000E+00  0.22331368E-30
  0.32667848E+14  0.00000000E+00  0.22080831E-30
  0.32715678E+14  0.00000000E+00  0.21834252E-30
  0.32763508E+14  0.00000000E+00  0.21591549E-30
  0.32811337E+14  0.00000000E+00  0.21352642E-30
  0.32859167E+14  0.00000000E+00  0.21117451E-30
  0.32906997E+14  0.00000000E+00  0.20885902E-30
  0.32954827E+14  0.00000000E+00  0.20657918E-30
  0.33002657E+14  0.00000000E+00  0.20433428E-30
  0.33050487E+14  0.00000000E+00  0.20212361E-30
  0.33098317E+14  0.00000000E+00  0.19994649E-30
  0.33146147E+14  0.00000000E+00  0.19780224E-30
  0.33193977E+14  0.00000000E+00  0.19569021E-30
  0.33241807E+14  0.00000000E+00  0.19360976E-30
  0.33289637E+14  0.00000000E+00  0.19156027E-30
  0.33337467E+14  0.00000000E+00  0.18954113E-30
  0.33385297E+14  0.00000000E+00  0.18755176E-30
  0.33433127E+14  0.00000000E+00  0.18559157E-30
  0.33480957E+14  0.00000000E+00  0.18366001E-30
  0.33528787E+14  0.00000000E+00  0.18175652E-30
  0.33576616E+14  0.00000000E+00  0.17988057E-30
  0.33624446E+14  0.00000000E+00  0.17803164E-30
  0.33672276E+14  0.00000000E+00  0.17620921E-30
  0.33720106E+14  0.00000000E+00  0.17441279E-30
  0.33767936E+14  0.00000000E+00  0.17264189E-30
  0.33815766E+14  0.00000000E+00  0.17089603E-30
  0.33863596E+14  0.00000000E+00  0.16917476E-30
  0.33911426E+14  0.00000000E+00  0.16747761E-30
  0.33959256E+14  0.00000000E+00  0.16580415E-30
  0.34007086E+14  0.00000000E+00  0.16415394E-30
  0.34054916E+14  0.00000000E+00  0.16252656E-30
  0.34102746E+14  0.00000000E+00  0.16092160E-30
  0.34150576E+14  0.00000000E+00  0.15933865E-30
  0.34198406E+14  0.00000000E+00  0.15777732E-30
  0.34246236E+14  0.00000000E+00  0.15623722E-30
  0.34294066E+14  0.00000000E+00  0.15471797E-30
  0.34341895E+14  0.00000000E+00  0.15321921E-30
  0.34389725E+14  0.00000000E+00  0.15174058E-30
  0.34437555E+14  0.00000000E+00  0.15028172E-30
  0.34485385E+14  0.00000000E+00  0.14884228E-30
  0.34533215E+14  0.00000000E+00  0.14742194E-30
  0.34581045E+14  0.00000000E+00  0.14602036E-30
  0.34628875E+14  0.00000000E+00  0.14463721E-30
  0.34676705E+14  0.00000000E+00  0.14327219E-30
  0.34724535E+14  0.00000000E+00  0.14192497E-30
  0.34772365E+14  0.00000000E+00  0.14059527E-30
  0.34820195E+14  0.00000000E+00  0.13928278E-30
  0.34868025E+14  0.00000000E+00  0.13798721E-30
  0.34915855E+14  0.00000000E+00  0.13670828E-30
  0.34963685E+14  0.00000000E+00  0.13544571E-30
  0.35011515E+14  0.00000000E+00  0.13419924E-30
  0.35059345E+14  0.00000000E+00  0.13296858E-30
  0.35107174E+14  0.00000000E+00  0.13175348E-30
  0.35155004E+14  0.00000000E+00  0.13055369E-30
  0.35202834E+14  0.00000000E+00  0.12936895E-30
  0.35250664E+14  0.00000000E+00  0.12819903E-30
  0.35298494E+14  0.00000000E+00  0.12704367E-30
  0.35346324E+14  0.00000000E+00  0.12590264E-30
  0.35394154E+14  0.00000000E+00  0.12477572E-30
  0.35441984E+14  0.00000000E+00  0.12366268E-30
  0.35489814E+14  0.00000000E+00  0.12256329E-30
  0.35537644E+14  0.00000000E+00  0.12147733E-30
  0.35585474E+14  0.00000000E+00  0.12040461E-30
  0.35633304E+14  0.00000000E+00  0.11934489E-30
  0.35681134E+14  0.00000000E+00  0.11829799E-30
  0.35728964E+14  0.00000000E+00  0.11726370E-30
  0.35776794E+14  0.00000000E+00  0.11624183E-30
  0.35824624E+14  0.00000000E+00  0.11523217E-30
  0.35872453E+14  0.00000000E+00  0.11423455E-30
  0.35920283E+14  0.00000000E+00  0.11324877E-30
  0.35968113E+14  0.00000000E+00  0.11227466E-30
  0.36015943E+14  0.00000000E+00  0.11131203E-30
  0.36063773E+14  0.00000000E+00  0.11036072E-30
  0.36111603E+14  0.00000000E+00  0.10942054E-30
  0.36159433E+14  0.00000000E+00  0.10849133E-30
  0.36207263E+14  0.00000000E+00  0.10757293E-30
  0.36255093E+14  0.00000000E+00  0.10666517E-30
  0.36302923E+14  0.00000000E+00  0.10576789E-30
  0.36350753E+14  0.00000000E+00  0.10488094E-30
  0.36398583E+14  0.00000000E+00  0.10400416E-30
  0.36446413E+14  0.00000000E+00  0.10313740E-30
  0.36494243E+14  0.00000000E+00  0.10228052E-30
  0.36542073E+14  0.00000000E+00  0.10143337E-30
  0.36589903E+14  0.00000000E+00  0.10059580E-30
  0.36637733E+14  0.00000000E+00  0.99767684E-31
  0.36685562E+14  0.00000000E+00  0.98948875E-31
  0.36733392E+14  0.00000000E+00  0.98139241E-31
  0.36781222E+14  0.00000000E+00  0.97338648E-31
  0.36829052E+14  0.00000000E+00  0.96546968E-31
  0.36876882E+14  0.00000000E+00  0.95764071E-31
  0.36924712E+14  0.00000000E+00  0.94989833E-31
  0.36972542E+14  0.00000000E+00  0.94224130E-31
  0.37020372E+14  0.00000000E+00  0.93466841E-31
  0.37068202E+14  0.00000000E+00  0.92717847E-31
  0.37116032E+14  0.00000000E+00  0.91977031E-31
  0.37163862E+14  0.00000000E+00  0.91244278E-31
  0.37211692E+14  0.00000000E+00  0.90519475E-31
  0.37259522E+14  0.00000000E+00  0.89802511E-31
  0.37307352E+14  0.00000000E+00  0.89093277E-31
  0.37355182E+14  0.00000000E+00  0.88391666E-31
  0.37403012E+14  0.00000000E+00  0.87697573E-31
  0.37450841E+14  0.00000000E+00  0.87010894E-31
  0.37498671E+14  0.00000000E+00  0.86331527E-31
  0.37546501E+14  0.00000000E+00  0.85659372E-31
  0.37594331E+14  0.00000000E+00  0.84994331E-31
  0.37642161E+14  0.00000000E+00  0.84336307E-31
  0.37689991E+14  0.00000000E+00  0.83685204E-31
  0.37737821E+14  0.00000000E+00  0.83040931E-31
  0.37785651E+14  0.00000000E+00  0.82403394E-31
  0.37833481E+14  0.00000000E+00  0.81772503E-31
  0.37881311E+14  0.00000000E+00  0.81148169E-31
  0.37929141E+14  0.00000000E+00  0.80530305E-31
  0.37976971E+14  0.00000000E+00  0.79918825E-31
  0.38024801E+14  0.00000000E+00  0.79313644E-31
  0.38072631E+14  0.00000000E+00  0.78714679E-31
  0.38120461E+14  0.00000000E+00  0.78121848E-31
  0.38168291E+14  0.00000000E+00  0.77535070E-31
  0.38216120E+14  0.00000000E+00  0.76954267E-31
  0.38263950E+14  0.00000000E+00  0.76379360E-31
  0.38311780E+14  0.00000000E+00  0.75810273E-31
  0.38359610E+14  0.00000000E+00  0.75246930E-31
  0.38407440E+14  0.00000000E+00  0.74689257E-31
  0.38455270E+14  0.00000000E+00  0.74137180E-31
  0.38503100E+14  0.00000000E+00  0.73590629E-31
  0.38550930E+14  0.00000000E+00  0.73049531E-31
  0.38598760E+14  0.00000000E+00  0.72513818E-31
  0.38646590E+14  0.00000000E+00  0.71983421E-31
  0.38694420E+14  0.00000000E+00  0.71458272E-31
  0.38742250E+14  0.00000000E+00  0.70938305E-31
  0.38790080E+14  0.00000000E+00  0.70423455E-31
  0.38837910E+14  0.00000000E+00  0.69913657E-31
  0.38885740E+14  0.00000000E+00  0.69408847E-31
  0.38933570E+14  0.00000000E+00  0.68908964E-31
  0.38981399E+14  0.00000000E+00  0.68413946E-31
  0.39029229E+14  0.00000000E+00  0.67923732E-31
  0.39077059E+14  0.00000000E+00  0.67438262E-31
  0.39124889E+14  0.00000000E+00  0.66957479E-31
  0.39172719E+14  0.00000000E+00  0.66481324E-31
  0.39220549E+14  0.00000000E+00  0.66009740E-31
  0.39268379E+14  0.00000000E+00  0.65542672E-31
  0.39316209E+14  0.00000000E+00  0.65080063E-31
  0.39364039E+14  0.00000000E+00  0.64621860E-31
  0.39411869E+14  0.00000000E+00  0.64168010E-31
  0.39459699E+14  0.00000000E+00  0.63718459E-31
  0.39507529E+14  0.00000000E+00  0.63273155E-31
  0.39555359E+14  0.00000000E+00  0.62832047E-31
  0.39603189E+14  0.00000000E+00  0.62395086E-31
  0.39651019E+14  0.00000000E+00  0.61962220E-31
  0.39698849E+14  0.00000000E+00  0.61533401E-31
  0.39746678E+14  0.00000000E+00  0.61108581E-31
  0.39794508E+14  0.00000000E+00  0.60687712E-31
  0.39842338E+14  0.00000000E+00  0.60270748E-31
  0.39890168E+14  0.00000000E+00  0.59857642E-31
  0.39937998E+14  0.00000000E+00  0.59448348E-31
  0.39985828E+14  0.00000000E+00  0.59042823E-31
  0.40033658E+14  0.00000000E+00  0.58641021E-31
  0.40081488E+14  0.00000000E+00  0.58242899E-31
  0.40129318E+14  0.00000000E+00  0.57848415E-31
  0.40177148E+14  0.00000000E+00  0.57457525E-31
  0.40224978E+14  0.00000000E+00  0.57070189E-31
  0.40272808E+14  0.00000000E+00  0.56686364E-31
  0.40320638E+14  0.00000000E+00  0.56306011E-31
  0.40368468E+14  0.00000000E+00  0.55929090E-31
  0.40416298E+14  0.00000000E+00  0.55555560E-31
  0.40464128E+14  0.00000000E+00  0.55185384E-31
  0.40511957E+14  0.00000000E+00  0.54818523E-31
  0.40559787E+14  0.00000000E+00  0.54454939E-31
  0.40607617E+14  0.00000000E+00  0.54094595E-31
  0.40655447E+14  0.00000000E+00  0.53737454E-31
  0.40703277E+14  0.00000000E+00  0.53383480E-31
  0.40751107E+14  0.00000000E+00  0.53032637E-31
  0.40798937E+14  0.00000000E+00  0.52684891E-31
  0.40846767E+14  0.00000000E+00  0.52340206E-31
  0.40894597E+14  0.00000000E+00  0.51998547E-31
  0.40942427E+14  0.00000000E+00  0.51659883E-31
  0.40990257E+14  0.00000000E+00  0.51324178E-31
  0.41038087E+14  0.00000000E+00  0.50991400E-31
  0.41085917E+14  0.00000000E+00  0.50661517E-31
  0.41133747E+14  0.00000000E+00  0.50334496E-31
  0.41181577E+14  0.00000000E+00  0.50010307E-31
  0.41229407E+14  0.00000000E+00  0.49688918E-31
  0.41277236E+14  0.00000000E+00  0.49370298E-31
  0.41325066E+14  0.00000000E+00  0.49054417E-31
  0.41372896E+14  0.00000000E+00  0.48741245E-31
  0.41420726E+14  0.00000000E+00  0.48430753E-31
  0.41468556E+14  0.00000000E+00  0.48122911E-31
  0.41516386E+14  0.00000000E+00  0.47817691E-31
  0.41564216E+14  0.00000000E+00  0.47515064E-31
  0.41612046E+14  0.00000000E+00  0.47215003E-31
  0.41659876E+14  0.00000000E+00  0.46917480E-31
  0.41707706E+14  0.00000000E+00  0.46622468E-31
  0.41755536E+14  0.00000000E+00  0.46329939E-31
  0.41803366E+14  0.00000000E+00  0.46039868E-31
  0.41851196E+14  0.00000000E+00  0.45752228E-31
  0.41899026E+14  0.00000000E+00  0.45466993E-31
  0.41946856E+14  0.00000000E+00  0.45184138E-31
  0.41994686E+14  0.00000000E+00  0.44903638E-31
  0.42042516E+14  0.00000000E+00  0.44625467E-31
  0.42090345E+14  0.00000000E+00  0.44349602E-31
  0.42138175E+14  0.00000000E+00  0.44076017E-31
  0.42186005E+14  0.00000000E+00  0.43804690E-31
  0.42233835E+14  0.00000000E+00  0.43535596E-31
  0.42281665E+14  0.00000000E+00  0.43268713E-31
  0.42329495E+14  0.00000000E+00  0.43004017E-31
  0.42377325E+14  0.00000000E+00  0.42741486E-31
  0.42425155E+14  0.00000000E+00  0.42481096E-31
  0.42472985E+14  0.00000000E+00  0.42222827E-31
  0.42520815E+14  0.00000000E+00  0.41966656E-31
  0.42568645E+14  0.00000000E+00  0.41712561E-31
  0.42616475E+14  0.00000000E+00  0.41460522E-31
  0.42664305E+14  0.00000000E+00  0.41210517E-31
  0.42712135E+14  0.00000000E+00  0.40962526E-31
  0.42759965E+14  0.00000000E+00  0.40716527E-31
  0.42807795E+14  0.00000000E+00  0.40472501E-31
  0.42855624E+14  0.00000000E+00  0.40230428E-31
  0.42903454E+14  0.00000000E+00  0.39990288E-31
  0.42951284E+14  0.00000000E+00  0.39752061E-31
  0.42999114E+14  0.00000000E+00  0.39515729E-31
  0.43046944E+14  0.00000000E+00  0.39281271E-31
  0.43094774E+14  0.00000000E+00  0.39048670E-31
  0.43142604E+14  0.00000000E+00  0.38817906E-31
  0.43190434E+14  0.00000000E+00  0.38588962E-31
  0.43238264E+14  0.00000000E+00  0.38361819E-31
  0.43286094E+14  0.00000000E+00  0.38136459E-31
  0.43333924E+14  0.00000000E+00  0.37912865E-31
  0.43381754E+14  0.00000000E+00  0.37691019E-31
  0.43429584E+14  0.00000000E+00  0.37470904E-31
  0.43477414E+14  0.00000000E+00  0.37252503E-31
  0.43525244E+14  0.00000000E+00  0.37035799E-31
  0.43573074E+14  0.00000000E+00  0.36820775E-31
  0.43620903E+14  0.00000000E+00  0.36607414E-31
  0.43668733E+14  0.00000000E+00  0.36395702E-31
  0.43716563E+14  0.00000000E+00  0.36185620E-31
  0.43764393E+14  0.00000000E+00  0.35977155E-31
  0.43812223E+14  0.00000000E+00  0.35770289E-31
  0.43860053E+14  0.00000000E+00  0.35565008E-31
  0.43907883E+14  0.00000000E+00  0.35361296E-31
  0.43955713E+14  0.00000000E+00  0.35159138E-31
  0.44003543E+14  0.00000000E+00  0.34958520E-31
  0.44051373E+14  0.00000000E+00  0.34759425E-31
  0.44099203E+14  0.00000000E+00  0.34561840E-31
  0.44147033E+14  0.00000000E+00  0.34365750E-31
  0.44194863E+14  0.00000000E+00  0.34171141E-31
  0.44242693E+14  0.00000000E+00  0.33977999E-31
  0.44290523E+14  0.00000000E+00  0.33786310E-31
  0.44338353E+14  0.00000000E+00  0.33596060E-31
  0.44386182E+14  0.00000000E+00  0.33407235E-31
  0.44434012E+14  0.00000000E+00  0.33219823E-31
  0.44481842E+14  0.00000000E+00  0.33033809E-31
  0.44529672E+14  0.00000000E+00  0.32849181E-31
  0.44577502E+14  0.00000000E+00  0.32665925E-31
  0.44625332E+14  0.00000000E+00  0.32484029E-31
  0.44673162E+14  0.00000000E+00  0.32303480E-31
  0.44720992E+14  0.00000000E+00  0.32124265E-31
  0.44768822E+14  0.00000000E+00  0.31946372E-31
  0.44816652E+14  0.00000000E+00  0.31769789E-31
  0.44864482E+14  0.00000000E+00  0.31594503E-31
  0.44912312E+14  0.00000000E+00  0.31420503E-31
  0.44960142E+14  0.00000000E+00  0.31247776E-31
  0.45007972E+14  0.00000000E+00  0.31076312E-31
  0.45055802E+14  0.00000000E+00  0.30906097E-31
  0.45103632E+14  0.00000000E+00  0.30737122E-31
  0.45151461E+14  0.00000000E+00  0.30569374E-31
  0.45199291E+14  0.00000000E+00  0.30402842E-31
  0.45247121E+14  0.00000000E+00  0.30237515E-31
  0.45294951E+14  0.00000000E+00  0.30073383E-31
  0.45342781E+14  0.00000000E+00  0.29910434E-31
  0.45390611E+14  0.00000000E+00  0.29748657E-31
  0.45438441E+14  0.00000000E+00  0.29588042E-31
  0.45486271E+14  0.00000000E+00  0.29428579E-31
  0.45534101E+14  0.00000000E+00  0.29270256E-31
  0.45581931E+14  0.00000000E+00  0.29113065E-31
  0.45629761E+14  0.00000000E+00  0.28956994E-31
  0.45677591E+14  0.00000000E+00  0.28802034E-31
  0.45725421E+14  0.00000000E+00  0.28648174E-31
  0.45773251E+14  0.00000000E+00  0.28495405E-31
  0.45821081E+14  0.00000000E+00  0.28343717E-31
  0.45868911E+14  0.00000000E+00  0.28193101E-31
  0.45916740E+14  0.00000000E+00  0.28043546E-31
  0.45964570E+14  0.00000000E+00  0.27895044E-31
  0.46012400E+14  0.00000000E+00  0.27747585E-31
  0.46060230E+14  0.00000000E+00  0.27601161E-31
  0.46108060E+14  0.00000000E+00  0.27455761E-31
  0.46155890E+14  0.00000000E+00  0.27311377E-31
  0.46203720E+14  0.00000000E+00  0.27168000E-31
  0.46251550E+14  0.00000000E+00  0.27025621E-31
  0.46299380E+14  0.00000000E+00  0.26884231E-31
  0.46347210E+14  0.00000000E+00  0.26743822E-31
  0.46395040E+14  0.00000000E+00  0.26604385E-31
  0.46442870E+14  0.00000000E+00  0.26465913E-31
  0.46490700E+14  0.00000000E+00  0.26328395E-31
  0.46538530E+14  0.00000000E+00  0.26191824E-31
  0.46586360E+14  0.00000000E+00  0.26056193E-31
  0.46634190E+14  0.00000000E+00  0.25921492E-31
  0.46682019E+14  0.00000000E+00  0.25787714E-31
  0.46729849E+14  0.00000000E+00  0.25654851E-31
  0.46777679E+14  0.00000000E+00  0.25522895E-31
  0.46825509E+14  0.00000000E+00  0.25391838E-31
  0.46873339E+14  0.00000000E+00  0.25261672E-31
  0.46921169E+14  0.00000000E+00  0.25132390E-31
  0.46968999E+14  0.00000000E+00  0.25003985E-31
  0.47016829E+14  0.00000000E+00  0.24876449E-31
  0.47064659E+14  0.00000000E+00  0.24749774E-31
  0.47112489E+14  0.00000000E+00  0.24623953E-31
  0.47160319E+14  0.00000000E+00  0.24498980E-31
  0.47208149E+14  0.00000000E+00  0.24374846E-31
  0.47255979E+14  0.00000000E+00  0.24251545E-31
  0.47303809E+14  0.00000000E+00  0.24129070E-31
  0.47351639E+14  0.00000000E+00  0.24007413E-31
  0.47399469E+14  0.00000000E+00  0.23886569E-31
  0.47447298E+14  0.00000000E+00  0.23766529E-31
  0.47495128E+14  0.00000000E+00  0.23647288E-31
  0.47542958E+14  0.00000000E+00  0.23528839E-31
  0.47590788E+14  0.00000000E+00  0.23411175E-31
  0.47638618E+14  0.00000000E+00  0.23294290E-31
  0.47686448E+14  0.00000000E+00  0.23178176E-31
  0.47734278E+14  0.00000000E+00  0.23062829E-31
  0.47782108E+14  0.00000000E+00  0.22948241E-31
  0.47829938E+14  0.00000000E+00  0.22834406E-31
  0.47877768E+14  0.00000000E+00  0.22721318E-31
  0.47925598E+14  0.00000000E+00  0.22608971E-31
  0.47973428E+14  0.00000000E+00  0.22497359E-31
  0.48021258E+14  0.00000000E+00  0.22386475E-31
  0.48069088E+14  0.00000000E+00  0.22276314E-31
  0.48116918E+14  0.00000000E+00  0.22166870E-31
  0.48164748E+14  0.00000000E+00  0.22058138E-31
  0.48212578E+14  0.00000000E+00  0.21950110E-31
  0.48260407E+14  0.00000000E+00  0.21842782E-31
  0.48308237E+14  0.00000000E+00  0.21736147E-31
  0.48356067E+14  0.00000000E+00  0.21630201E-31
  0.48403897E+14  0.00000000E+00  0.21524937E-31
  0.48451727E+14  0.00000000E+00  0.21420351E-31
  0.48499557E+14  0.00000000E+00  0.21316436E-31
  0.48547387E+14  0.00000000E+00  0.21213188E-31
  0.48595217E+14  0.00000000E+00  0.21110600E-31
  0.48643047E+14  0.00000000E+00  0.21008668E-31
  0.48690877E+14  0.00000000E+00  0.20907387E-31
  0.48738707E+14  0.00000000E+00  0.20806750E-31
  0.48786537E+14  0.00000000E+00  0.20706754E-31
  0.48834367E+14  0.00000000E+00  0.20607392E-31
  0.48882197E+14  0.00000000E+00  0.20508661E-31
  0.48930027E+14  0.00000000E+00  0.20410554E-31
  0.48977857E+14  0.00000000E+00  0.20313068E-31
  0.49025686E+14  0.00000000E+00  0.20216196E-31
  0.49073516E+14  0.00000000E+00  0.20119934E-31
  0.49121346E+14  0.00000000E+00  0.20024278E-31
  0.49169176E+14  0.00000000E+00  0.19929223E-31
  0.49217006E+14  0.00000000E+00  0.19834763E-31
  0.49264836E+14  0.00000000E+00  0.19740895E-31
  0.49312666E+14  0.00000000E+00  0.19647613E-31
  0.49360496E+14  0.00000000E+00  0.19554913E-31
  0.49408326E+14  0.00000000E+00  0.19462791E-31
  0.49456156E+14  0.00000000E+00  0.19371242E-31
  0.49503986E+14  0.00000000E+00  0.19280261E-31
  0.49551816E+14  0.00000000E+00  0.19189844E-31
  0.49599646E+14  0.00000000E+00  0.19099987E-31
  0.49647476E+14  0.00000000E+00  0.19010685E-31
  0.49695306E+14  0.00000000E+00  0.18921935E-31
  0.49743136E+14  0.00000000E+00  0.18833731E-31
  0.49790965E+14  0.00000000E+00  0.18746070E-31
  0.49838795E+14  0.00000000E+00  0.18658947E-31
  0.49886625E+14  0.00000000E+00  0.18572359E-31
  0.49934455E+14  0.00000000E+00  0.18486301E-31
  0.49982285E+14  0.00000000E+00  0.18400769E-31
  0.50030115E+14  0.00000000E+00  0.18315759E-31
  0.50077945E+14  0.00000000E+00  0.18231267E-31
  0.50125775E+14  0.00000000E+00  0.18147290E-31
  0.50173605E+14  0.00000000E+00  0.18063823E-31
  0.50221435E+14  0.00000000E+00  0.17980862E-31
  0.50269265E+14  0.00000000E+00  0.17898404E-31
  0.50317095E+14  0.00000000E+00  0.17816444E-31
  0.50364925E+14  0.00000000E+00  0.17734980E-31
  0.50412755E+14  0.00000000E+00  0.17654007E-31
  0.50460585E+14  0.00000000E+00  0.17573521E-31
  0.50508415E+14  0.00000000E+00  0.17493520E-31
  0.50556244E+14  0.00000000E+00  0.17413998E-31
  0.50604074E+14  0.00000000E+00  0.17334954E-31
  0.50651904E+14  0.00000000E+00  0.17256382E-31
  0.50699734E+14  0.00000000E+00  0.17178280E-31
  0.50747564E+14  0.00000000E+00  0.17100644E-31
  0.50795394E+14  0.00000000E+00  0.17023471E-31
  0.50843224E+14  0.00000000E+00  0.16946757E-31
  0.50891054E+14  0.00000000E+00  0.16870498E-31
  0.50938884E+14  0.00000000E+00  0.16794692E-31
  0.50986714E+14  0.00000000E+00  0.16719335E-31
  0.51034544E+14  0.00000000E+00  0.16644423E-31
  0.51082374E+14  0.00000000E+00  0.16569954E-31
  0.51130204E+14  0.00000000E+00  0.16495924E-31
  0.51178034E+14  0.00000000E+00  0.16422330E-31
  0.51225864E+14  0.00000000E+00  0.16349169E-31
  0.51273694E+14  0.00000000E+00  0.16276437E-31
  0.51321523E+14  0.00000000E+00  0.16204132E-31
  0.51369353E+14  0.00000000E+00  0.16132249E-31
  0.51417183E+14  0.00000000E+00  0.16060787E-31
  0.51465013E+14  0.00000000E+00  0.15989742E-31
  0.51512843E+14  0.00000000E+00  0.15919111E-31
  0.51560673E+14  0.00000000E+00  0.15848892E-31
  0.51608503E+14  0.00000000E+00  0.15779080E-31
  0.51656333E+14  0.00000000E+00  0.15709673E-31
  0.51704163E+14  0.00000000E+00  0.15640669E-31
  0.51751993E+14  0.00000000E+00  0.15572063E-31
  0.51799823E+14  0.00000000E+00  0.15503855E-31
  0.51847653E+14  0.00000000E+00  0.15436039E-31
  0.51895483E+14  0.00000000E+00  0.15368615E-31
  0.51943313E+14  0.00000000E+00  0.15301578E-31
  0.51991143E+14  0.00000000E+00  0.15234926E-31
  0.52038973E+14  0.00000000E+00  0.15168657E-31
  0.52086802E+14  0.00000000E+00  0.15102767E-31
  0.52134632E+14  0.00000000E+00  0.15037254E-31
  0.52182462E+14  0.00000000E+00  0.14972116E-31
  0.52230292E+14  0.00000000E+00  0.14907349E-31
  0.52278122E+14  0.00000000E+00  0.14842951E-31
  0.52325952E+14  0.00000000E+00  0.14778919E-31
  0.52373782E+14  0.00000000E+00  0.14715250E-31
  0.52421612E+14  0.00000000E+00  0.14651943E-31
  0.52469442E+14  0.00000000E+00  0.14588995E-31
  0.52517272E+14  0.00000000E+00  0.14526402E-31
  0.52565102E+14  0.00000000E+00  0.14464163E-31
  0.52612932E+14  0.00000000E+00  0.14402275E-31
  0.52660762E+14  0.00000000E+00  0.14340736E-31
  0.52708592E+14  0.00000000E+00  0.14279543E-31
  0.52756422E+14  0.00000000E+00  0.14218693E-31
  0.52804252E+14  0.00000000E+00  0.14158185E-31
  0.52852081E+14  0.00000000E+00  0.14098016E-31
  0.52899911E+14  0.00000000E+00  0.14038183E-31
  0.52947741E+14  0.00000000E+00  0.13978684E-31
  0.52995571E+14  0.00000000E+00  0.13919517E-31
  0.53043401E+14  0.00000000E+00  0.13860680E-31
  0.53091231E+14  0.00000000E+00  0.13802170E-31
  0.53139061E+14  0.00000000E+00  0.13743985E-31
  0.53186891E+14  0.00000000E+00  0.13686123E-31
  0.53234721E+14  0.00000000E+00  0.13628581E-31
  0.53282551E+14  0.00000000E+00  0.13571357E-31
  0.53330381E+14  0.00000000E+00  0.13514450E-31
  0.53378211E+14  0.00000000E+00  0.13457857E-31
  0.53426041E+14  0.00000000E+00  0.13401575E-31
  0.53473871E+14  0.00000000E+00  0.13345603E-31
  0.53521701E+14  0.00000000E+00  0.13289939E-31
  0.53569531E+14  0.00000000E+00  0.13234580E-31
  0.53617360E+14  0.00000000E+00  0.13179524E-31
  0.53665190E+14  0.00000000E+00  0.13124770E-31
  0.53713020E+14  0.00000000E+00  0.13070315E-31
  0.53760850E+14  0.00000000E+00  0.13016157E-31
  0.53808680E+14  0.00000000E+00  0.12962294E-31
  0.53856510E+14  0.00000000E+00  0.12908724E-31
  0.53904340E+14  0.00000000E+00  0.12855446E-31
  0.53952170E+14  0.00000000E+00  0.12802456E-31
  0.54000000E+14  0.00000000E+00  0.12749754E-31
