  0.47829938E+11  0.41490689E-29 -0.76916851E-29
  0.95659876E+11  0.41347402E-29 -0.47452255E-29
  0.14348981E+12  0.41259304E-29 -0.33899471E-29
  0.19131975E+12  0.41689274E-29 -0.24934575E-29
  0.23914969E+12  0.42045570E-29 -0.16513196E-29
  0.28697963E+12  0.41232316E-29 -0.99006371E-30
  0.33480957E+12  0.40377954E-29 -0.38576132E-30
  0.38263950E+12  0.39102694E-29  0.52559803E-30
  0.43046944E+12  0.23276003E-29  0.25069480E-30
  0.47829938E+12  0.36665239E-29 -0.47841232E-30
  0.52612932E+12  0.36648412E-29  0.29349439E-30
  0.57395926E+12  0.38812340E-29  0.45228954E-30
  0.62178919E+12  0.41168112E-29  0.11896249E-29
  0.66961913E+12  0.39956096E-29  0.17022115E-29
  0.71744907E+12  0.39067735E-29  0.24696859E-29
  0.76527901E+12  0.26911526E-29  0.28523238E-29
  0.81310895E+12  0.22522613E-29  0.22937303E-29
  0.86093888E+12  0.26710352E-29  0.18712430E-29
  0.90876882E+12  0.33735709E-29  0.21622293E-29
  0.95659876E+12  0.32046733E-29  0.28689578E-29
  0.10044287E+13  0.29819581E-29  0.34722375E-29
  0.10522586E+13  0.21269706E-29  0.38743584E-29
  0.11000886E+13  0.14979208E-29  0.31858106E-29
  0.11479185E+13  0.18372258E-29  0.29214414E-29
  0.11957484E+13  0.23438922E-29  0.27262508E-29
  0.12435784E+13  0.26776799E-29  0.36147307E-29
  0.12914083E+13  0.22420600E-29  0.43464936E-29
  0.13392383E+13  0.10778503E-29  0.45899073E-29
  0.13870682E+13  0.71529315E-30  0.38922733E-29
  0.14348981E+13  0.84529623E-30  0.35656989E-29
  0.14827281E+13  0.12972418E-29  0.32238055E-29
  0.15305580E+13  0.18207395E-29  0.39308582E-29
  0.15783880E+13  0.14169166E-29  0.49271247E-29
  0.16262179E+13  0.13124145E-30  0.47464769E-29
  0.16740478E+13 -0.24899266E-31  0.40945041E-29
  0.17218778E+13  0.28700580E-31  0.37923410E-29
  0.17697077E+13  0.79794192E-30  0.35670676E-29
  0.18175376E+13  0.93305069E-30  0.44927116E-29
  0.18653676E+13 -0.23279432E-30  0.52193654E-29
  0.19131975E+13 -0.83658390E-30  0.44959502E-29
  0.19610275E+13 -0.80172878E-30  0.40021791E-29
  0.20088574E+13 -0.71741424E-30  0.36486953E-29
  0.20566873E+13  0.20979459E-30  0.37375342E-29
  0.21045173E+13  0.17256789E-31  0.49461133E-29
  0.21523472E+13 -0.12754187E-29  0.48441668E-29
  0.22001771E+13 -0.15729782E-29  0.42775721E-29
  0.22480071E+13 -0.15841200E-29  0.38596132E-29
  0.22958370E+13 -0.14706289E-29  0.33026865E-29
  0.23436670E+13 -0.47893773E-30  0.39447010E-29
  0.23914969E+13 -0.14170670E-29  0.47190548E-29
  0.24393268E+13 -0.20333236E-29  0.42876435E-29
  0.24871568E+13 -0.22293390E-29  0.38526786E-29
  0.25349867E+13 -0.22357639E-29  0.34238635E-29
  0.25828167E+13 -0.15703505E-29  0.29830875E-29
  0.26306466E+13 -0.14312543E-29  0.40553798E-29
  0.26784765E+13 -0.22927389E-29  0.40526025E-29
  0.27263065E+13 -0.26369834E-29  0.36811508E-29
  0.27741364E+13 -0.27685188E-29  0.33006764E-29
  0.28219663E+13 -0.27540836E-29  0.27810285E-29
  0.28697963E+13 -0.17477736E-29  0.28624853E-29
  0.29176262E+13 -0.23791535E-29  0.35686203E-29
  0.29654562E+13 -0.28176821E-29  0.33501315E-29
  0.30132861E+13 -0.30695748E-29  0.30630956E-29
  0.30611160E+13 -0.31894119E-29  0.26859789E-29
  0.31089460E+13 -0.30601155E-29  0.20822354E-29
  0.31567759E+13 -0.23691256E-29  0.25926089E-29
  0.32046058E+13 -0.28786866E-29  0.27685633E-29
  0.32524358E+13 -0.31216117E-29  0.25772770E-29
  0.33002657E+13 -0.33045321E-29  0.23492397E-29
  0.33480957E+13 -0.33927666E-29  0.19841734E-29
  0.33959256E+13 -0.28529374E-29  0.15855095E-29
  0.34437555E+13 -0.28745671E-29  0.20007683E-29
  0.34915855E+13 -0.31184141E-29  0.19544537E-29
  0.35394154E+13 -0.32256964E-29  0.17978571E-29
  0.35872453E+13 -0.33285977E-29  0.16194487E-29
  0.36350753E+13 -0.34010513E-29  0.11966195E-29
  0.36829052E+13 -0.29272691E-29  0.12031104E-29
  0.37307352E+13 -0.30221247E-29  0.12714854E-29
  0.37785651E+13 -0.31139394E-29  0.11805538E-29
  0.38263950E+13 -0.31383367E-29  0.10452780E-29
  0.38742250E+13 -0.31758014E-29  0.87983592E-30
  0.39220549E+13 -0.30095374E-29  0.58402773E-30
  0.39698849E+13 -0.29142239E-29  0.67622547E-30
  0.40177148E+13 -0.28868326E-29  0.59490492E-30
  0.40655447E+13 -0.28865932E-29  0.49141267E-30
  0.41133747E+13 -0.28494167E-29  0.38624399E-30
  0.41612046E+13 -0.28362049E-29  0.21522366E-30
  0.42090345E+13 -0.25522621E-29  0.13384792E-30
  0.42568645E+13 -0.25981992E-29  0.12650208E-30
  0.43046944E+13 -0.25191961E-29  0.39043367E-31
  0.43525244E+13 -0.24647600E-29 -0.43507041E-31
  0.44003543E+13 -0.23796460E-29 -0.12641466E-30
  0.44481842E+13 -0.22940854E-29 -0.27257485E-30
  0.44960142E+13 -0.21142677E-29 -0.21599697E-30
  0.45438441E+13 -0.20664501E-29 -0.27750098E-30
  0.45916740E+13 -0.19641019E-29 -0.33460056E-30
  0.46395040E+13 -0.18714174E-29 -0.37528031E-30
  0.46873339E+13 -0.17698451E-29 -0.43429523E-30
  0.47351639E+13 -0.15376560E-29 -0.48967472E-30
  0.47829938E+13 -0.14750946E-29 -0.40867708E-30
  0.48308237E+13 -0.13965954E-29 -0.41508557E-30
  0.48786537E+13 -0.12875345E-29 -0.42289771E-30
  0.49264836E+13 -0.11831533E-29 -0.41094891E-30
  0.49743136E+13 -0.10872157E-29 -0.45180775E-30
  0.50221435E+13 -0.87951417E-30 -0.35640356E-30
  0.50699734E+13 -0.80494545E-30 -0.27624191E-30
  0.51178034E+13 -0.72355643E-30 -0.21701186E-30
  0.51656333E+13 -0.64579126E-30 -0.15060283E-30
  0.52134632E+13 -0.57146769E-30 -0.85602677E-31
  0.52612932E+13 -0.43786248E-30 -0.24538566E-31
  0.53091231E+13 -0.39253894E-30  0.13231048E-30
  0.53569531E+13 -0.37633284E-30  0.25611705E-30
  0.54047830E+13 -0.38384524E-30  0.37263559E-30
  0.54526129E+13 -0.44398555E-30  0.46917795E-30
  0.55004429E+13 -0.51691075E-30  0.49988597E-30
  0.55482728E+13 -0.58395904E-30  0.50034761E-30
  0.55961027E+13 -0.53984494E-30  0.41478423E-30
  0.56439327E+13 -0.47053484E-30  0.42222175E-30
  0.56917626E+13 -0.42339299E-30  0.45123634E-30
  0.57395926E+13 -0.37620824E-30  0.47359728E-30
  0.57874225E+13 -0.28745722E-30  0.48895704E-30
  0.58352524E+13 -0.23322286E-30  0.56713726E-30
  0.58830824E+13 -0.19208109E-30  0.63617794E-30
  0.59309123E+13 -0.15318865E-30  0.70303706E-30
  0.59787422E+13 -0.12782545E-30  0.77511143E-30
  0.60265722E+13 -0.99295588E-31  0.82434604E-30
  0.60744021E+13 -0.52723305E-31  0.90765476E-30
  0.61222321E+13 -0.30435397E-31  0.99342347E-30
  0.61700620E+13 -0.18132531E-31  0.10772759E-29
  0.62178919E+13 -0.12237869E-31  0.11561863E-29
  0.62657219E+13 -0.10485733E-31  0.12253278E-29
  0.63135518E+13  0.22343620E-31  0.13053439E-29
  0.63613818E+13  0.15953195E-31  0.14062591E-29
  0.64092117E+13  0.81838645E-32  0.14921658E-29
  0.64570416E+13 -0.47555733E-32  0.15799918E-29
  0.65048716E+13 -0.25325598E-31  0.16616007E-29
  0.65527015E+13 -0.33988149E-31  0.17288698E-29
  0.66005314E+13 -0.41544084E-31  0.18257169E-29
  0.66483614E+13 -0.68016805E-31  0.19190211E-29
  0.66961913E+13 -0.10021353E-30  0.20097394E-29
  0.67440213E+13 -0.14357563E-30  0.20935801E-29
  0.67918512E+13 -0.18425485E-30  0.21585414E-29
  0.68396811E+13 -0.19926596E-30  0.22454905E-29
  0.68875111E+13 -0.24433542E-30  0.23387265E-29
  0.69353410E+13 -0.29621818E-30  0.24251118E-29
  0.69831709E+13 -0.35262021E-30  0.25036789E-29
  0.70310009E+13 -0.41151570E-30  0.25705822E-29
  0.70788308E+13 -0.44502859E-30  0.26466761E-29
  0.71266608E+13 -0.50403987E-30  0.27372194E-29
  0.71744907E+13 -0.57257649E-30  0.28182424E-29
  0.72223206E+13 -0.64415375E-30  0.28905560E-29
  0.72701506E+13 -0.71468790E-30  0.29541128E-29
  0.73179805E+13 -0.76614089E-30  0.30202657E-29
  0.73658105E+13 -0.83501964E-30  0.31060422E-29
  0.74136404E+13 -0.91671554E-30  0.31821861E-29
  0.74614703E+13 -0.99972011E-30  0.32492552E-29
  0.75093003E+13 -0.10828922E-29  0.33099695E-29
  0.75571302E+13 -0.11493446E-29  0.33682405E-29
  0.76049601E+13 -0.12273362E-29  0.34471076E-29
  0.76527901E+13 -0.13174942E-29  0.35181212E-29
  0.77006200E+13 -0.14092561E-29  0.35823407E-29
  0.77484500E+13 -0.15012658E-29  0.36395285E-29
  0.77962799E+13 -0.15789000E-29  0.36940829E-29
  0.78441098E+13 -0.16612713E-29  0.37686428E-29
  0.78919398E+13 -0.17570003E-29  0.38357403E-29
  0.79397697E+13 -0.18522476E-29  0.38946896E-29
  0.79875996E+13 -0.19432170E-29  0.39493600E-29
  0.80354296E+13 -0.20105736E-29  0.39992012E-29
  0.80832595E+13 -0.20868138E-29  0.40647631E-29
  0.81310895E+13 -0.21542869E-29  0.41092057E-29
  0.81789194E+13 -0.21670257E-29  0.41401349E-29
  0.82267493E+13 -0.20958790E-29  0.41610898E-29
  0.82745793E+13 -0.18767824E-29  0.41785019E-29
  0.83224092E+13 -0.11476214E-29  0.43209774E-29
  0.83702391E+13 -0.16052675E-30  0.71467538E-29
  0.84180691E+13 -0.23298799E-29  0.84542111E-29
  0.84658990E+13 -0.43486141E-29  0.82102374E-29
  0.85137290E+13 -0.58639270E-29  0.80321497E-29
  0.85615589E+13 -0.68065359E-29  0.71271338E-29
  0.86093888E+13 -0.83087556E-29  0.63444523E-29
  0.86572188E+13 -0.87573251E-29  0.52086262E-29
  0.87050487E+13 -0.89844155E-29  0.39228769E-29
  0.87528787E+13 -0.90881150E-29  0.27531670E-29
  0.88007086E+13 -0.84073512E-29  0.15092122E-29
  0.88485385E+13 -0.77071525E-29  0.67647523E-30
  0.88963685E+13 -0.67455968E-29  0.40033060E-30
  0.89441984E+13 -0.59454350E-29  0.37270723E-30
  0.89920283E+13 -0.53960124E-29  0.50523097E-30
  0.90398583E+13 -0.49349564E-29  0.67231222E-30
  0.90876882E+13 -0.44578857E-29  0.92996692E-30
  0.91355182E+13 -0.41297495E-29  0.12279764E-29
  0.91833481E+13 -0.38280536E-29  0.16496945E-29
  0.92311780E+13 -0.35995848E-29  0.20433477E-29
  0.92790080E+13 -0.34276485E-29  0.25054739E-29
  0.93268379E+13 -0.33410597E-29  0.29481986E-29
  0.93746678E+13 -0.31850296E-29  0.36486164E-29
  0.94224978E+13 -0.32479764E-29  0.42863164E-29
  0.94703277E+13 -0.33425257E-29  0.49926452E-29
  0.95181577E+13 -0.36730351E-29  0.56883335E-29
  0.95659876E+13 -0.39603565E-29  0.64037591E-29
  0.96138175E+13 -0.43421218E-29  0.71998551E-29
  0.96616475E+13 -0.48669205E-29  0.79931074E-29
  0.97094774E+13 -0.54550490E-29  0.88157131E-29
  0.97573074E+13 -0.62179887E-29  0.96795001E-29
  0.98051373E+13 -0.71250757E-29  0.10617695E-28
  0.98529672E+13 -0.81758934E-29  0.11599769E-28
  0.99007972E+13 -0.94999950E-29  0.12661325E-28
  0.99486271E+13 -0.11143527E-28  0.13732604E-28
  0.99964570E+13 -0.13014138E-28  0.14824110E-28
  0.10044287E+14 -0.15327140E-28  0.15959296E-28
  0.10092117E+14 -0.18316421E-28  0.17041111E-28
  0.10139947E+14 -0.21830797E-28  0.18270496E-28
  0.10187777E+14 -0.26087205E-28  0.19257554E-28
  0.10235607E+14 -0.32076324E-28  0.20404849E-28
  0.10283437E+14 -0.40346479E-28  0.20888846E-28
  0.10331267E+14 -0.52577189E-28  0.20551354E-28
  0.10379097E+14 -0.74867111E-28  0.17840667E-28
  0.10426926E+14 -0.11936772E-27 -0.41404539E-28
  0.10474756E+14 -0.52458171E-28 -0.85214864E-28
  0.10522586E+14 -0.22643681E-30 -0.70659353E-28
  0.10570416E+14 -0.26439759E-30 -0.44214412E-28
  0.10618246E+14 -0.29610482E-30 -0.35574285E-28
  0.10666076E+14 -0.33994401E-30 -0.30497911E-28
  0.10713906E+14 -0.35865356E-30 -0.27108692E-28
  0.10761736E+14 -0.37597301E-30 -0.24683946E-28
  0.10809566E+14 -0.38623999E-30 -0.22859209E-28
  0.10857396E+14 -0.40498575E-30 -0.21466459E-28
  0.10905226E+14 -0.40423909E-30 -0.20380136E-28
  0.10953056E+14 -0.39447106E-30 -0.19527794E-28
  0.11000886E+14 -0.37856437E-30 -0.18836950E-28
  0.11048716E+14 -0.37297356E-30 -0.18306666E-28
  0.11096546E+14 -0.33411697E-30 -0.17897030E-28
  0.11144376E+14 -0.29632692E-30 -0.17577730E-28
  0.11192205E+14 -0.26173355E-30 -0.17342434E-28
  0.11240035E+14 -0.23855699E-30 -0.17199401E-28
  0.11287865E+14 -0.21217891E-30 -0.17117632E-28
  0.11335695E+14 -0.29469560E-30 -0.17193684E-28
  0.11383525E+14 -0.25538867E-30 -0.17500173E-28
  0.11431355E+14 -0.39287021E-31 -0.17896320E-28
  0.11479185E+14  0.26561199E-30 -0.18317539E-28
  0.11527015E+14  0.71267363E-30 -0.18776241E-28
  0.11574845E+14  0.12553430E-29 -0.19239992E-28
  0.11622675E+14  0.18945664E-29 -0.19697194E-28
  0.11670505E+14  0.26270118E-29 -0.20159051E-28
  0.11718335E+14  0.34590794E-29 -0.20628435E-28
  0.11766165E+14  0.44252419E-29 -0.21084601E-28
  0.11813995E+14  0.54932468E-29 -0.21519347E-28
  0.11861825E+14  0.67136163E-29 -0.21974096E-28
  0.11909655E+14  0.81373578E-29 -0.22417719E-28
  0.11957484E+14  0.98221322E-29 -0.22865832E-28
  0.12005314E+14  0.12011822E-28 -0.23356771E-28
  0.12053144E+14  0.16697379E-28 -0.22419848E-28
  0.12100974E+14  0.16971351E-28 -0.19269118E-28
  0.12148804E+14  0.17530837E-28 -0.18469805E-28
  0.12196634E+14  0.18747912E-28 -0.17459912E-28
  0.12244464E+14  0.19924359E-28 -0.16354299E-28
  0.12292294E+14  0.21047569E-28 -0.15143370E-28
  0.12340124E+14  0.22162215E-28 -0.13845957E-28
  0.12387954E+14  0.23373238E-28 -0.12344316E-28
  0.12435784E+14  0.24535258E-28 -0.10817310E-28
  0.12483614E+14  0.25644305E-28 -0.89288156E-29
  0.12531444E+14  0.26870898E-28 -0.68133992E-29
  0.12579274E+14  0.28069479E-28 -0.40832521E-29
  0.12627104E+14  0.30078888E-28  0.11257045E-29
  0.12674934E+14  0.25606673E-28  0.41330385E-29
  0.12722764E+14  0.24001948E-28  0.57866553E-29
  0.12770593E+14  0.22372105E-28  0.70690696E-29
  0.12818423E+14  0.21010544E-28  0.84006486E-29
  0.12866253E+14  0.19733313E-28  0.94859387E-29
  0.12914083E+14  0.18231989E-28  0.10569412E-28
  0.12961913E+14  0.16963978E-28  0.11656804E-28
  0.13009743E+14  0.15568781E-28  0.12504592E-28
  0.13057573E+14  0.13899666E-28  0.13426230E-28
  0.13105403E+14  0.12288494E-28  0.14251998E-28
  0.13153233E+14  0.10450042E-28  0.15049773E-28
  0.13201063E+14  0.83254294E-29  0.15841748E-28
  0.13248893E+14  0.59714800E-29  0.16714951E-28
  0.13296723E+14  0.00000000E+00  0.15432761E-28
  0.13344553E+14  0.00000000E+00  0.11464326E-28
  0.13392383E+14  0.00000000E+00  0.98014962E-29
  0.13440213E+14  0.00000000E+00  0.86403087E-29
  0.13488043E+14  0.00000000E+00  0.77491330E-29
  0.13535872E+14  0.00000000E+00  0.70304304E-29
  0.13583702E+14  0.00000000E+00  0.64324816E-29
  0.13631532E+14  0.00000000E+00  0.59241022E-29
  0.13679362E+14  0.00000000E+00  0.54848652E-29
  0.13727192E+14  0.00000000E+00  0.51005907E-29
  0.13775022E+14  0.00000000E+00  0.47610022E-29
  0.13822852E+14  0.00000000E+00  0.44584007E-29
  0.13870682E+14  0.00000000E+00  0.41868643E-29
  0.13918512E+14  0.00000000E+00  0.39417382E-29
  0.13966342E+14  0.00000000E+00  0.37192977E-29
  0.14014172E+14  0.00000000E+00  0.35165170E-29
  0.14062002E+14  0.00000000E+00  0.33309057E-29
  0.14109832E+14  0.00000000E+00  0.31603907E-29
  0.14157662E+14  0.00000000E+00  0.30032295E-29
  0.14205492E+14  0.00000000E+00  0.28579445E-29
  0.14253322E+14  0.00000000E+00  0.27232728E-29
  0.14301151E+14  0.00000000E+00  0.25981275E-29
  0.14348981E+14  0.00000000E+00  0.24815674E-29
  0.14396811E+14  0.00000000E+00  0.23727724E-29
  0.14444641E+14  0.00000000E+00  0.22710248E-29
  0.14492471E+14  0.00000000E+00  0.21756929E-29
  0.14540301E+14  0.00000000E+00  0.20862185E-29
  0.14588131E+14  0.00000000E+00  0.20021063E-29
  0.14635961E+14  0.00000000E+00  0.19229151E-29
  0.14683791E+14  0.00000000E+00  0.18482508E-29
  0.14731621E+14  0.00000000E+00  0.17777597E-29
  0.14779451E+14  0.00000000E+00  0.17111238E-29
  0.14827281E+14  0.00000000E+00  0.16480562E-29
  0.14875111E+14  0.00000000E+00  0.15882973E-29
  0.14922941E+14  0.00000000E+00  0.15316119E-29
  0.14970771E+14  0.00000000E+00  0.14777859E-29
  0.15018601E+14  0.00000000E+00  0.14266245E-29
  0.15066430E+14  0.00000000E+00  0.13779498E-29
  0.15114260E+14  0.00000000E+00  0.13315989E-29
  0.15162090E+14  0.00000000E+00  0.12874226E-29
  0.15209920E+14  0.00000000E+00  0.12452837E-29
  0.15257750E+14  0.00000000E+00  0.12050563E-29
  0.15305580E+14  0.00000000E+00  0.11666240E-29
  0.15353410E+14  0.00000000E+00  0.11298797E-29
  0.15401240E+14  0.00000000E+00  0.10947241E-29
  0.15449070E+14  0.00000000E+00  0.10610654E-29
  0.15496900E+14  0.00000000E+00  0.10288185E-29
  0.15544730E+14  0.00000000E+00  0.99790443E-30
  0.15592560E+14  0.00000000E+00  0.96824962E-30
  0.15640390E+14  0.00000000E+00  0.93978572E-30
  0.15688220E+14  0.00000000E+00  0.91244899E-30
  0.15736050E+14  0.00000000E+00  0.88617998E-30
  0.15783880E+14  0.00000000E+00  0.86092313E-30
  0.15831709E+14  0.00000000E+00  0.83662649E-30
  0.15879539E+14  0.00000000E+00  0.81324145E-30
  0.15927369E+14  0.00000000E+00  0.79072242E-30
  0.15975199E+14  0.00000000E+00  0.76902667E-30
  0.16023029E+14  0.00000000E+00  0.74811404E-30
  0.16070859E+14  0.00000000E+00  0.72794683E-30
  0.16118689E+14  0.00000000E+00  0.70848952E-30
  0.16166519E+14  0.00000000E+00  0.68970870E-30
  0.16214349E+14  0.00000000E+00  0.67157288E-30
  0.16262179E+14  0.00000000E+00  0.65405233E-30
  0.16310009E+14  0.00000000E+00  0.63711901E-30
  0.16357839E+14  0.00000000E+00  0.62074641E-30
  0.16405669E+14  0.00000000E+00  0.60490945E-30
  0.16453499E+14  0.00000000E+00  0.58958441E-30
  0.16501329E+14  0.00000000E+00  0.57474881E-30
  0.16549159E+14  0.00000000E+00  0.56038133E-30
  0.16596988E+14  0.00000000E+00  0.54646175E-30
  0.16644818E+14  0.00000000E+00  0.53297086E-30
  0.16692648E+14  0.00000000E+00  0.51989041E-30
  0.16740478E+14  0.00000000E+00  0.50720303E-30
  0.16788308E+14  0.00000000E+00  0.49489218E-30
  0.16836138E+14  0.00000000E+00  0.48294212E-30
  0.16883968E+14  0.00000000E+00  0.47133781E-30
  0.16931798E+14  0.00000000E+00  0.46006491E-30
  0.16979628E+14  0.00000000E+00  0.44910971E-30
  0.17027458E+14  0.00000000E+00  0.43845910E-30
  0.17075288E+14  0.00000000E+00  0.42810052E-30
  0.17123118E+14  0.00000000E+00  0.41802192E-30
  0.17170948E+14  0.00000000E+00  0.40821172E-30
  0.17218778E+14  0.00000000E+00  0.39865880E-30
  0.17266608E+14  0.00000000E+00  0.38935239E-30
  0.17314438E+14  0.00000000E+00  0.38028205E-30
  0.17362267E+14  0.00000000E+00  0.37143764E-30
  0.17410097E+14  0.00000000E+00  0.36280914E-30
  0.17457927E+14  0.00000000E+00  0.35438657E-30
  0.17505757E+14  0.00000000E+00  0.34615978E-30
  0.17553587E+14  0.00000000E+00  0.33811802E-30
  0.17601417E+14  0.00000000E+00  0.33024933E-30
  0.17649247E+14  0.00000000E+00  0.32253922E-30
  0.17697077E+14  0.00000000E+00  0.31496774E-30
  0.17744907E+14  0.00000000E+00  0.30750139E-30
  0.17792737E+14  0.11765623E-34  0.30004414E-30
  0.17840567E+14  0.26094898E-33  0.29253317E-30
  0.17888397E+14  0.90264879E-33  0.28514573E-30
  0.17936227E+14  0.19997172E-32  0.27797818E-30
  0.17984057E+14  0.35554082E-32  0.27128277E-30
  0.18031887E+14  0.55789305E-32  0.26529267E-30
  0.18079717E+14  0.80730679E-32  0.26042743E-30
  0.18127547E+14  0.10953454E-31  0.25695921E-30
  0.18175376E+14  0.13964091E-31  0.25552033E-30
  0.18223206E+14  0.15598221E-31  0.25661703E-30
  0.18271036E+14  0.14251708E-31  0.26142389E-30
  0.18318866E+14 -0.22299513E-32  0.27024974E-30
  0.18366696E+14 -0.12368990E-31  0.25055608E-30
  0.18414526E+14 -0.94704537E-32  0.24672011E-30
  0.18462356E+14 -0.95979529E-32  0.24711216E-30
  0.18510186E+14 -0.18535544E-31  0.25283577E-30
  0.18558016E+14 -0.30989604E-31  0.25639390E-30
  0.18605846E+14 -0.52588850E-31  0.25695987E-30
  0.18653676E+14 -0.59097526E-31  0.25228710E-30
  0.18701506E+14 -0.11573574E-30  0.25998095E-30
  0.18749336E+14 -0.12741359E-30  0.24613439E-30
  0.18797166E+14 -0.19214349E-30  0.22063366E-30
  0.18844996E+14 -0.23665235E-30  0.18704933E-30
  0.18892826E+14 -0.28310415E-30  0.13587919E-30
  0.18940655E+14 -0.34417388E-30  0.54704082E-31
  0.18988485E+14 -0.33357777E-30 -0.42472765E-31
  0.19036315E+14 -0.34230300E-30 -0.15083685E-30
  0.19084145E+14 -0.32254140E-30 -0.25146225E-30
  0.19131975E+14 -0.23528462E-30 -0.37139118E-30
  0.19179805E+14 -0.18792365E-30 -0.50268593E-30
  0.19227635E+14 -0.12811911E-30 -0.56082569E-30
  0.19275465E+14  0.12324780E-31 -0.65958907E-30
  0.19323295E+14  0.16146361E-30 -0.72466608E-30
  0.19371125E+14  0.35412952E-30 -0.73863454E-30
  0.19418955E+14  0.50409273E-30 -0.79674600E-30
  0.19466785E+14  0.63795844E-30 -0.75039321E-30
  0.19514615E+14  0.85491433E-30 -0.72856123E-30
  0.19562445E+14  0.99070058E-30 -0.66144549E-30
  0.19610275E+14  0.12184032E-29 -0.54632770E-30
  0.19658105E+14  0.13528643E-29 -0.43834290E-30
  0.19705934E+14  0.15039541E-29 -0.25398173E-30
  0.19753764E+14  0.16667856E-29 -0.79269322E-31
  0.19801594E+14  0.17318877E-29  0.17104513E-30
  0.19849424E+14  0.18525432E-29  0.42990165E-30
  0.19897254E+14  0.18430820E-29  0.67424435E-30
  0.19945084E+14  0.18937283E-29  0.10058349E-29
  0.19992914E+14  0.17656802E-29  0.12623468E-29
  0.20040744E+14  0.15846259E-29  0.15913426E-29
  0.20088574E+14  0.14238445E-29  0.17892123E-29
  0.20136404E+14  0.11482082E-29  0.19524835E-29
  0.20184234E+14  0.10189605E-29  0.20501725E-29
  0.20232064E+14  0.78858650E-30  0.21262485E-29
  0.20279894E+14  0.68933659E-30  0.22820071E-29
  0.20327724E+14  0.48425421E-30  0.23562971E-29
  0.20375554E+14  0.21356779E-30  0.25184199E-29
  0.20423384E+14  0.16514211E-30  0.26399681E-29
  0.20471213E+14 -0.96690427E-31  0.27579818E-29
  0.20519043E+14 -0.45514161E-30  0.29708509E-29
  0.20566873E+14 -0.87167662E-30  0.30701798E-29
  0.20614703E+14 -0.14699552E-29  0.31612725E-29
  0.20662533E+14 -0.19636244E-29  0.30528191E-29
  0.20710363E+14 -0.27781021E-29  0.27420455E-29
  0.20758193E+14 -0.32917879E-29  0.19135626E-29
  0.20806023E+14 -0.32321496E-29  0.15518706E-29
  0.20853853E+14 -0.47186678E-29  0.74752573E-30
  0.20901683E+14 -0.27246697E-29 -0.18862958E-29
  0.20949513E+14 -0.79736967E-30 -0.32815682E-30
  0.20997343E+14 -0.96707322E-30  0.10948978E-29
  0.21045173E+14 -0.22617070E-29  0.13806287E-29
  0.21093003E+14 -0.29239990E-29  0.12223268E-29
  0.21140833E+14 -0.35274950E-29  0.84637016E-30
  0.21188663E+14 -0.41020060E-29  0.29026290E-30
  0.21236492E+14 -0.47841652E-29 -0.50842165E-30
  0.21284322E+14 -0.49901772E-29 -0.19347455E-29
  0.21332152E+14 -0.55680012E-29 -0.35778618E-29
  0.21379982E+14 -0.33266325E-29 -0.59336962E-29
  0.21427812E+14 -0.11644683E-29 -0.60536546E-29
  0.21475642E+14  0.53558236E-30 -0.55438899E-29
  0.21523472E+14  0.16321014E-29 -0.48775486E-29
  0.21571302E+14  0.34402488E-29 -0.33719191E-29
  0.21619132E+14  0.38731296E-29 -0.16384742E-29
  0.21666962E+14  0.18458911E-29 -0.54247290E-30
  0.21714792E+14  0.14283880E-29 -0.63951663E-30
  0.21762622E+14  0.12667614E-29 -0.60726388E-30
  0.21810452E+14  0.11620249E-29 -0.52775266E-30
  0.21858282E+14  0.10805481E-29 -0.42977862E-30
  0.21906112E+14  0.99837465E-30 -0.33306098E-30
  0.21953942E+14  0.91835815E-30 -0.24695325E-30
  0.22001771E+14  0.83618142E-30 -0.17328387E-30
  0.22049601E+14  0.75835458E-30 -0.11457912E-30
  0.22097431E+14  0.68249352E-30 -0.66523663E-31
  0.22145261E+14  0.61026572E-30 -0.29847654E-31
  0.22193091E+14  0.54382968E-30 -0.39357969E-32
  0.22240921E+14  0.48369851E-30  0.12517933E-31
  0.22288751E+14  0.42658725E-30  0.23782994E-31
  0.22336581E+14  0.37873531E-30  0.26826305E-31
  0.22384411E+14  0.33131715E-30  0.26743989E-31
  0.22432241E+14  0.29457496E-30  0.22865556E-31
  0.22480071E+14  0.25924779E-30  0.14993647E-31
  0.22527901E+14  0.22923688E-30  0.63058053E-32
  0.22575731E+14  0.20392275E-30 -0.51741185E-32
  0.22623561E+14  0.18337248E-30 -0.17164352E-31
  0.22671391E+14  0.16410212E-30 -0.30615668E-31
  0.22719221E+14  0.15069769E-30 -0.43299958E-31
  0.22767050E+14  0.13983840E-30 -0.57060276E-31
  0.22814880E+14  0.13094889E-30 -0.70256820E-31
  0.22862710E+14  0.12571880E-30 -0.82395142E-31
  0.22910540E+14  0.12252151E-30 -0.95131995E-31
  0.22958370E+14  0.11922554E-30 -0.10671614E-30
  0.23006200E+14  0.12059449E-30 -0.11704829E-30
  0.23054030E+14  0.12374061E-30 -0.12699709E-30
  0.23101860E+14  0.12687660E-30 -0.13666470E-30
  0.23149690E+14  0.12948903E-30 -0.14367616E-30
  0.23197520E+14  0.13670419E-30 -0.15083466E-30
  0.23245350E+14  0.14398778E-30 -0.15687454E-30
  0.23293180E+14  0.15117459E-30 -0.16181297E-30
  0.23341010E+14  0.15980637E-30 -0.16550325E-30
  0.23388840E+14  0.16712851E-30 -0.16757322E-30
  0.23436670E+14  0.17665415E-30 -0.16981349E-30
  0.23484500E+14  0.18775052E-30 -0.16924203E-30
  0.23532329E+14  0.19757578E-30 -0.17004286E-30
  0.23580159E+14  0.20574430E-30 -0.16768811E-30
  0.23627989E+14  0.21481198E-30 -0.16543467E-30
  0.23675819E+14  0.22551111E-30 -0.16152782E-30
  0.23723649E+14  0.23715804E-30 -0.15709299E-30
  0.23771479E+14  0.24685432E-30 -0.15137759E-30
  0.23819309E+14  0.25552035E-30 -0.14554378E-30
  0.23867139E+14  0.26397283E-30 -0.13785189E-30
  0.23914969E+14  0.27230040E-30 -0.12934801E-30
  0.23962799E+14  0.27905293E-30 -0.12072535E-30
  0.24010629E+14  0.28787538E-30 -0.11108631E-30
  0.24058459E+14  0.29392334E-30 -0.10000497E-30
  0.24106289E+14  0.30196855E-30 -0.89410461E-31
  0.24154119E+14  0.30720395E-30 -0.76462117E-31
  0.24201949E+14  0.31287537E-30 -0.65034706E-31
  0.24249779E+14  0.31940233E-30 -0.49519245E-31
  0.24297609E+14  0.32388060E-30 -0.35283985E-31
  0.24345438E+14  0.32891231E-30 -0.18309706E-31
  0.24393268E+14  0.33075270E-30 -0.26895230E-32
  0.24441098E+14  0.32644388E-30  0.13576187E-31
  0.24488928E+14  0.33330451E-30  0.34119010E-31
  0.24536758E+14  0.32979294E-30  0.53782531E-31
  0.24584588E+14  0.33014510E-30  0.79019269E-31
  0.24632418E+14  0.32017384E-30  0.10457977E-30
  0.24680248E+14  0.31483233E-30  0.13247907E-30
  0.24728078E+14  0.29850326E-30  0.16837679E-30
  0.24775908E+14  0.26728049E-30  0.21739604E-30
  0.24823738E+14  0.19008801E-30  0.23097127E-30
  0.24871568E+14  0.14211418E-30  0.21403031E-30
  0.24919398E+14  0.10878792E-30  0.19194103E-30
  0.24967228E+14  0.83353342E-31  0.17196007E-30
  0.25015058E+14  0.59923648E-31  0.14931867E-30
  0.25062888E+14  0.44491631E-31  0.12704678E-30
  0.25110717E+14  0.34116446E-31  0.10346416E-30
  0.25158547E+14  0.23288652E-31  0.79680353E-31
  0.25206377E+14  0.18534545E-31  0.57856778E-31
  0.25254207E+14  0.15280896E-31  0.34087297E-31
  0.25302037E+14  0.19087291E-31  0.13657652E-31
  0.25349867E+14  0.19939419E-31 -0.80616838E-32
  0.25397697E+14  0.26670353E-31 -0.27379402E-31
  0.25445527E+14  0.34661629E-31 -0.45967733E-31
  0.25493357E+14  0.46982550E-31 -0.62275560E-31
  0.25541187E+14  0.57098614E-31 -0.77624121E-31
  0.25589017E+14  0.73535146E-31 -0.90605451E-31
  0.25636847E+14  0.88327642E-31 -0.10269205E-30
  0.25684677E+14  0.10553198E-30 -0.11128832E-30
  0.25732507E+14  0.12580189E-30 -0.11945592E-30
  0.25780337E+14  0.14206697E-30 -0.12547409E-30
  0.25828167E+14  0.15946870E-30 -0.12676812E-30
  0.25875996E+14  0.18570811E-30 -0.13003176E-30
  0.25923826E+14  0.20085339E-30 -0.12630489E-30
  0.25971656E+14  0.23488948E-30 -0.11858870E-30
  0.26019486E+14  0.24131054E-30 -0.12492249E-30
  0.26067316E+14  0.25571780E-30 -0.10430510E-30
  0.26115146E+14  0.30175656E-30 -0.89001572E-31
  0.26162976E+14  0.33042486E-30 -0.83767769E-31
  0.26210806E+14  0.27217122E-30 -0.66683187E-31
  0.26258636E+14  0.33485617E-30 -0.39341094E-31
  0.26306466E+14  0.36767497E-30 -0.31188153E-31
  0.26354296E+14  0.39140652E-30 -0.12116275E-31
  0.26402126E+14  0.37686236E-30  0.20678352E-31
  0.26449956E+14  0.37588196E-30  0.41551441E-31
  0.26497786E+14  0.38762565E-30  0.75624627E-31
  0.26545616E+14  0.38439920E-30  0.10526617E-30
  0.26593446E+14  0.38188874E-30  0.13463066E-30
  0.26641275E+14  0.38363182E-30  0.16248605E-30
  0.26689105E+14  0.37288410E-30  0.19919035E-30
  0.26736935E+14  0.37031421E-30  0.24010010E-30
  0.26784765E+14  0.35904680E-30  0.24848612E-30
  0.26832595E+14  0.36011984E-30  0.31347554E-30
  0.26880425E+14  0.32062227E-30  0.33361135E-30
  0.26928255E+14  0.31216644E-30  0.36557903E-30
  0.26976085E+14  0.32531678E-30  0.47390178E-30
  0.27023915E+14  0.00000000E+00  0.47490425E-30
  0.27071745E+14  0.00000000E+00  0.36268502E-30
  0.27119575E+14  0.00000000E+00  0.31146904E-30
  0.27167405E+14  0.00000000E+00  0.27824836E-30
  0.27215235E+14  0.00000000E+00  0.25387054E-30
  0.27263065E+14  0.00000000E+00  0.23476914E-30
  0.27310895E+14  0.00000000E+00  0.21917237E-30
  0.27358725E+14  0.00000000E+00  0.20606894E-30
  0.27406554E+14  0.00000000E+00  0.19482660E-30
  0.27454384E+14  0.00000000E+00  0.18502371E-30
  0.27502214E+14  0.00000000E+00  0.17636514E-30
  0.27550044E+14  0.00000000E+00  0.16863638E-30
  0.27597874E+14  0.00000000E+00  0.16167676E-30
  0.27645704E+14  0.00000000E+00  0.15536293E-30
  0.27693534E+14  0.00000000E+00  0.14959821E-30
  0.27741364E+14  0.00000000E+00  0.14430547E-30
  0.27789194E+14  0.00000000E+00  0.13942227E-30
  0.27837024E+14  0.00000000E+00  0.13489737E-30
  0.27884854E+14  0.00000000E+00  0.13068825E-30
  0.27932684E+14  0.00000000E+00  0.12675927E-30
  0.27980514E+14  0.00000000E+00  0.12308026E-30
  0.28028344E+14  0.00000000E+00  0.11962549E-30
  0.28076174E+14  0.00000000E+00  0.11637286E-30
  0.28124004E+14  0.00000000E+00  0.11330323E-30
  0.28171833E+14  0.00000000E+00  0.11039997E-30
  0.28219663E+14  0.00000000E+00  0.10764849E-30
  0.28267493E+14  0.00000000E+00  0.10503597E-30
  0.28315323E+14  0.00000000E+00  0.10255108E-30
  0.28363153E+14  0.00000000E+00  0.10018376E-30
  0.28410983E+14  0.00000000E+00  0.97925038E-31
  0.28458813E+14  0.00000000E+00  0.95766874E-31
  0.28506643E+14  0.00000000E+00  0.93702059E-31
  0.28554473E+14  0.00000000E+00  0.91724094E-31
  0.28602303E+14  0.00000000E+00  0.89827100E-31
  0.28650133E+14  0.00000000E+00  0.88005750E-31
  0.28697963E+14  0.00000000E+00  0.86255200E-31
  0.28745793E+14  0.00000000E+00  0.84571033E-31
  0.28793623E+14  0.00000000E+00  0.82949212E-31
  0.28841453E+14  0.00000000E+00  0.81386042E-31
  0.28889283E+14  0.00000000E+00  0.79878127E-31
  0.28937112E+14  0.00000000E+00  0.78422346E-31
  0.28984942E+14  0.00000000E+00  0.77015820E-31
  0.29032772E+14  0.00000000E+00  0.75655890E-31
  0.29080602E+14  0.00000000E+00  0.74340097E-31
  0.29128432E+14  0.00000000E+00  0.73066159E-31
  0.29176262E+14  0.00000000E+00  0.71831960E-31
  0.29224092E+14  0.00000000E+00  0.70635530E-31
  0.29271922E+14  0.00000000E+00  0.69475036E-31
  0.29319752E+14  0.00000000E+00  0.68348767E-31
  0.29367582E+14  0.00000000E+00  0.67255126E-31
  0.29415412E+14  0.00000000E+00  0.66192618E-31
  0.29463242E+14  0.00000000E+00  0.65159843E-31
  0.29511072E+14  0.00000000E+00  0.64155490E-31
  0.29558902E+14  0.00000000E+00  0.63178327E-31
  0.29606732E+14  0.00000000E+00  0.62227195E-31
  0.29654562E+14  0.00000000E+00  0.61301005E-31
  0.29702391E+14  0.00000000E+00  0.60398730E-31
  0.29750221E+14  0.00000000E+00  0.59519403E-31
  0.29798051E+14  0.00000000E+00  0.58662110E-31
  0.29845881E+14  0.00000000E+00  0.57825988E-31
  0.29893711E+14  0.00000000E+00  0.57010222E-31
  0.29941541E+14  0.00000000E+00  0.56214037E-31
  0.29989371E+14  0.00000000E+00  0.55436704E-31
  0.30037201E+14  0.00000000E+00  0.54677527E-31
  0.30085031E+14  0.00000000E+00  0.53935848E-31
  0.30132861E+14  0.00000000E+00  0.53211042E-31
  0.30180691E+14  0.00000000E+00  0.52502514E-31
  0.30228521E+14  0.00000000E+00  0.51809698E-31
  0.30276351E+14  0.00000000E+00  0.51132058E-31
  0.30324181E+14  0.00000000E+00  0.50469080E-31
  0.30372011E+14  0.00000000E+00  0.49820275E-31
  0.30419841E+14  0.00000000E+00  0.49185178E-31
  0.30467671E+14  0.00000000E+00  0.48563344E-31
  0.30515500E+14  0.00000000E+00  0.47954347E-31
  0.30563330E+14  0.00000000E+00  0.47357783E-31
  0.30611160E+14  0.00000000E+00  0.46773262E-31
  0.30658990E+14  0.00000000E+00  0.46200414E-31
  0.30706820E+14  0.00000000E+00  0.45638882E-31
  0.30754650E+14  0.00000000E+00  0.45088327E-31
  0.30802480E+14  0.00000000E+00  0.44548422E-31
  0.30850310E+14  0.00000000E+00  0.44018854E-31
  0.30898140E+14  0.00000000E+00  0.43499323E-31
  0.30945970E+14  0.00000000E+00  0.42989540E-31
  0.30993800E+14  0.00000000E+00  0.42489230E-31
  0.31041630E+14  0.00000000E+00  0.41998126E-31
  0.31089460E+14  0.00000000E+00  0.41515972E-31
  0.31137290E+14  0.00000000E+00  0.41042524E-31
  0.31185120E+14  0.00000000E+00  0.40577544E-31
  0.31232950E+14  0.00000000E+00  0.40120805E-31
  0.31280779E+14  0.00000000E+00  0.39672088E-31
  0.31328609E+14  0.00000000E+00  0.39231182E-31
  0.31376439E+14  0.00000000E+00  0.38797883E-31
  0.31424269E+14  0.00000000E+00  0.38371996E-31
  0.31472099E+14  0.00000000E+00  0.37953331E-31
  0.31519929E+14  0.00000000E+00  0.37541706E-31
  0.31567759E+14  0.00000000E+00  0.37136944E-31
  0.31615589E+14  0.00000000E+00  0.36738877E-31
  0.31663419E+14  0.00000000E+00  0.36347339E-31
  0.31711249E+14  0.00000000E+00  0.35962171E-31
  0.31759079E+14  0.00000000E+00  0.35583221E-31
  0.31806909E+14  0.00000000E+00  0.35210340E-31
  0.31854739E+14  0.00000000E+00  0.34843385E-31
  0.31902569E+14  0.00000000E+00  0.34482217E-31
  0.31950399E+14  0.00000000E+00  0.34126701E-31
  0.31998229E+14  0.00000000E+00  0.33776708E-31
  0.32046058E+14  0.00000000E+00  0.33432112E-31
  0.32093888E+14  0.00000000E+00  0.33092791E-31
  0.32141718E+14  0.00000000E+00  0.32758626E-31
  0.32189548E+14  0.00000000E+00  0.32429502E-31
  0.32237378E+14  0.00000000E+00  0.32105310E-31
  0.32285208E+14  0.00000000E+00  0.31785941E-31
  0.32333038E+14  0.00000000E+00  0.31471291E-31
  0.32380868E+14  0.00000000E+00  0.31161258E-31
  0.32428698E+14  0.00000000E+00  0.30855744E-31
  0.32476528E+14  0.00000000E+00  0.30554653E-31
  0.32524358E+14  0.00000000E+00  0.30257893E-31
  0.32572188E+14  0.00000000E+00  0.29965374E-31
  0.32620018E+14  0.00000000E+00  0.29677007E-31
  0.32667848E+14  0.00000000E+00  0.29392708E-31
  0.32715678E+14  0.00000000E+00  0.29112394E-31
  0.32763508E+14  0.00000000E+00  0.28835985E-31
  0.32811337E+14  0.00000000E+00  0.28563403E-31
  0.32859167E+14  0.00000000E+00  0.28294570E-31
  0.32906997E+14  0.00000000E+00  0.28029415E-31
  0.32954827E+14  0.00000000E+00  0.27767863E-31
  0.33002657E+14  0.00000000E+00  0.27509846E-31
  0.33050487E+14  0.00000000E+00  0.27255295E-31
  0.33098317E+14  0.00000000E+00  0.27004144E-31
  0.33146147E+14  0.00000000E+00  0.26756327E-31
  0.33193977E+14  0.00000000E+00  0.26511783E-31
  0.33241807E+14  0.00000000E+00  0.26270448E-31
  0.33289637E+14  0.00000000E+00  0.26032265E-31
  0.33337467E+14  0.00000000E+00  0.25797173E-31
  0.33385297E+14  0.00000000E+00  0.25565117E-31
  0.33433127E+14  0.00000000E+00  0.25336040E-31
  0.33480957E+14  0.00000000E+00  0.25109890E-31
  0.33528787E+14  0.00000000E+00  0.24886612E-31
  0.33576616E+14  0.00000000E+00  0.24666156E-31
  0.33624446E+14  0.00000000E+00  0.24448471E-31
  0.33672276E+14  0.00000000E+00  0.24233508E-31
  0.33720106E+14  0.00000000E+00  0.24021219E-31
  0.33767936E+14  0.00000000E+00  0.23811558E-31
  0.33815766E+14  0.00000000E+00  0.23604480E-31
  0.33863596E+14  0.00000000E+00  0.23399938E-31
  0.33911426E+14  0.00000000E+00  0.23197891E-31
  0.33959256E+14  0.00000000E+00  0.22998295E-31
  0.34007086E+14  0.00000000E+00  0.22801109E-31
  0.34054916E+14  0.00000000E+00  0.22606292E-31
  0.34102746E+14  0.00000000E+00  0.22413805E-31
  0.34150576E+14  0.00000000E+00  0.22223608E-31
  0.34198406E+14  0.00000000E+00  0.22035665E-31
  0.34246236E+14  0.00000000E+00  0.21849938E-31
  0.34294066E+14  0.00000000E+00  0.21666390E-31
  0.34341895E+14  0.00000000E+00  0.21484986E-31
  0.34389725E+14  0.00000000E+00  0.21305692E-31
  0.34437555E+14  0.00000000E+00  0.21128473E-31
  0.34485385E+14  0.00000000E+00  0.20953297E-31
  0.34533215E+14  0.00000000E+00  0.20780130E-31
  0.34581045E+14  0.00000000E+00  0.20608941E-31
  0.34628875E+14  0.00000000E+00  0.20439700E-31
  0.34676705E+14  0.00000000E+00  0.20272374E-31
  0.34724535E+14  0.00000000E+00  0.20106936E-31
  0.34772365E+14  0.00000000E+00  0.19943355E-31
  0.34820195E+14  0.00000000E+00  0.19781602E-31
  0.34868025E+14  0.00000000E+00  0.19621650E-31
  0.34915855E+14  0.00000000E+00  0.19463472E-31
  0.34963685E+14  0.00000000E+00  0.19307039E-31
  0.35011515E+14  0.00000000E+00  0.19152327E-31
  0.35059345E+14  0.00000000E+00  0.18999309E-31
  0.35107174E+14  0.00000000E+00  0.18847960E-31
  0.35155004E+14  0.00000000E+00  0.18698254E-31
  0.35202834E+14  0.00000000E+00  0.18550169E-31
  0.35250664E+14  0.00000000E+00  0.18403679E-31
  0.35298494E+14  0.00000000E+00  0.18258762E-31
  0.35346324E+14  0.00000000E+00  0.18115394E-31
  0.35394154E+14  0.00000000E+00  0.17973554E-31
  0.35441984E+14  0.00000000E+00  0.17833218E-31
  0.35489814E+14  0.00000000E+00  0.17694366E-31
  0.35537644E+14  0.00000000E+00  0.17556976E-31
  0.35585474E+14  0.00000000E+00  0.17421027E-31
  0.35633304E+14  0.00000000E+00  0.17286499E-31
  0.35681134E+14  0.00000000E+00  0.17153372E-31
  0.35728964E+14  0.00000000E+00  0.17021626E-31
  0.35776794E+14  0.00000000E+00  0.16891242E-31
  0.35824624E+14  0.00000000E+00  0.16762201E-31
  0.35872453E+14  0.00000000E+00  0.16634484E-31
  0.35920283E+14  0.00000000E+00  0.16508073E-31
  0.35968113E+14  0.00000000E+00  0.16382950E-31
  0.36015943E+14  0.00000000E+00  0.16259098E-31
  0.36063773E+14  0.00000000E+00  0.16136498E-31
  0.36111603E+14  0.00000000E+00  0.16015135E-31
  0.36159433E+14  0.00000000E+00  0.15894992E-31
  0.36207263E+14  0.00000000E+00  0.15776051E-31
  0.36255093E+14  0.00000000E+00  0.15658298E-31
  0.36302923E+14  0.00000000E+00  0.15541715E-31
  0.36350753E+14  0.00000000E+00  0.15426288E-31
  0.36398583E+14  0.00000000E+00  0.15312002E-31
  0.36446413E+14  0.00000000E+00  0.15198841E-31
  0.36494243E+14  0.00000000E+00  0.15086790E-31
  0.36542073E+14  0.00000000E+00  0.14975835E-31
  0.36589903E+14  0.00000000E+00  0.14865963E-31
  0.36637733E+14  0.00000000E+00  0.14757158E-31
  0.36685562E+14  0.00000000E+00  0.14649407E-31
  0.36733392E+14  0.00000000E+00  0.14542696E-31
  0.36781222E+14  0.00000000E+00  0.14437013E-31
  0.36829052E+14  0.00000000E+00  0.14332343E-31
  0.36876882E+14  0.00000000E+00  0.14228675E-31
  0.36924712E+14  0.00000000E+00  0.14125996E-31
  0.36972542E+14  0.00000000E+00  0.14024292E-31
  0.37020372E+14  0.00000000E+00  0.13923552E-31
  0.37068202E+14  0.00000000E+00  0.13823764E-31
  0.37116032E+14  0.00000000E+00  0.13724915E-31
  0.37163862E+14  0.00000000E+00  0.13626995E-31
  0.37211692E+14  0.00000000E+00  0.13529992E-31
  0.37259522E+14  0.00000000E+00  0.13433894E-31
  0.37307352E+14  0.00000000E+00  0.13338690E-31
  0.37355182E+14  0.00000000E+00  0.13244370E-31
  0.37403012E+14  0.00000000E+00  0.13150922E-31
  0.37450841E+14  0.00000000E+00  0.13058336E-31
  0.37498671E+14  0.00000000E+00  0.12966602E-31
  0.37546501E+14  0.00000000E+00  0.12875709E-31
  0.37594331E+14  0.00000000E+00  0.12785647E-31
  0.37642161E+14  0.00000000E+00  0.12696406E-31
  0.37689991E+14  0.00000000E+00  0.12607977E-31
  0.37737821E+14  0.00000000E+00  0.12520350E-31
  0.37785651E+14  0.00000000E+00  0.12433515E-31
  0.37833481E+14  0.00000000E+00  0.12347462E-31
  0.37881311E+14  0.00000000E+00  0.12262184E-31
  0.37929141E+14  0.00000000E+00  0.12177670E-31
  0.37976971E+14  0.00000000E+00  0.12093912E-31
  0.38024801E+14  0.00000000E+00  0.12010900E-31
  0.38072631E+14  0.00000000E+00  0.11928627E-31
  0.38120461E+14  0.00000000E+00  0.11847084E-31
  0.38168291E+14  0.00000000E+00  0.11766262E-31
  0.38216120E+14  0.00000000E+00  0.11686152E-31
  0.38263950E+14  0.00000000E+00  0.11606748E-31
  0.38311780E+14  0.00000000E+00  0.11528040E-31
  0.38359610E+14  0.00000000E+00  0.11450021E-31
  0.38407440E+14  0.00000000E+00  0.11372683E-31
  0.38455270E+14  0.00000000E+00  0.11296018E-31
  0.38503100E+14  0.00000000E+00  0.11220019E-31
  0.38550930E+14  0.00000000E+00  0.11144678E-31
  0.38598760E+14  0.00000000E+00  0.11069988E-31
  0.38646590E+14  0.00000000E+00  0.10995942E-31
  0.38694420E+14  0.00000000E+00  0.10922532E-31
  0.38742250E+14  0.00000000E+00  0.10849751E-31
  0.38790080E+14  0.00000000E+00  0.10777593E-31
  0.38837910E+14  0.00000000E+00  0.10706050E-31
  0.38885740E+14  0.00000000E+00  0.10635116E-31
  0.38933570E+14  0.00000000E+00  0.10564784E-31
  0.38981399E+14  0.00000000E+00  0.10495047E-31
  0.39029229E+14  0.00000000E+00  0.10425899E-31
  0.39077059E+14  0.00000000E+00  0.10357334E-31
  0.39124889E+14  0.00000000E+00  0.10289345E-31
  0.39172719E+14  0.00000000E+00  0.10221926E-31
  0.39220549E+14  0.00000000E+00  0.10155071E-31
  0.39268379E+14  0.00000000E+00  0.10088774E-31
  0.39316209E+14  0.00000000E+00  0.10023029E-31
  0.39364039E+14  0.00000000E+00  0.99578296E-32
  0.39411869E+14  0.00000000E+00  0.98931704E-32
  0.39459699E+14  0.00000000E+00  0.98290457E-32
  0.39507529E+14  0.00000000E+00  0.97654497E-32
  0.39555359E+14  0.00000000E+00  0.97023768E-32
  0.39603189E+14  0.00000000E+00  0.96398216E-32
  0.39651019E+14  0.00000000E+00  0.95777787E-32
  0.39698849E+14  0.00000000E+00  0.95162426E-32
  0.39746678E+14  0.00000000E+00  0.94552081E-32
  0.39794508E+14  0.00000000E+00  0.93946700E-32
  0.39842338E+14  0.00000000E+00  0.93346230E-32
  0.39890168E+14  0.00000000E+00  0.92750621E-32
  0.39937998E+14  0.00000000E+00  0.92159824E-32
  0.39985828E+14  0.00000000E+00  0.91573788E-32
  0.40033658E+14  0.00000000E+00  0.90992464E-32
  0.40081488E+14  0.00000000E+00  0.90415804E-32
  0.40129318E+14  0.00000000E+00  0.89843761E-32
  0.40177148E+14  0.00000000E+00  0.89276288E-32
  0.40224978E+14  0.00000000E+00  0.88713337E-32
  0.40272808E+14  0.00000000E+00  0.88154864E-32
  0.40320638E+14  0.00000000E+00  0.87600823E-32
  0.40368468E+14  0.00000000E+00  0.87051169E-32
  0.40416298E+14  0.00000000E+00  0.86505858E-32
  0.40464128E+14  0.00000000E+00  0.85964847E-32
  0.40511957E+14  0.00000000E+00  0.85428092E-32
  0.40559787E+14  0.00000000E+00  0.84895552E-32
  0.40607617E+14  0.00000000E+00  0.84367183E-32
  0.40655447E+14  0.00000000E+00  0.83842946E-32
  0.40703277E+14  0.00000000E+00  0.83322798E-32
  0.40751107E+14  0.00000000E+00  0.82806700E-32
  0.40798937E+14  0.00000000E+00  0.82294611E-32
  0.40846767E+14  0.00000000E+00  0.81786493E-32
  0.40894597E+14  0.00000000E+00  0.81282306E-32
  0.40942427E+14  0.00000000E+00  0.80782011E-32
  0.40990257E+14  0.00000000E+00  0.80285571E-32
  0.41038087E+14  0.00000000E+00  0.79792949E-32
  0.41085917E+14  0.00000000E+00  0.79304107E-32
  0.41133747E+14  0.00000000E+00  0.78819009E-32
  0.41181577E+14  0.00000000E+00  0.78337618E-32
  0.41229407E+14  0.00000000E+00  0.77859898E-32
  0.41277236E+14  0.00000000E+00  0.77385816E-32
  0.41325066E+14  0.00000000E+00  0.76915334E-32
  0.41372896E+14  0.00000000E+00  0.76448420E-32
  0.41420726E+14  0.00000000E+00  0.75985039E-32
  0.41468556E+14  0.00000000E+00  0.75525157E-32
  0.41516386E+14  0.00000000E+00  0.75068742E-32
  0.41564216E+14  0.00000000E+00  0.74615760E-32
  0.41612046E+14  0.00000000E+00  0.74166178E-32
  0.41659876E+14  0.00000000E+00  0.73719966E-32
  0.41707706E+14  0.00000000E+00  0.73277090E-32
  0.41755536E+14  0.00000000E+00  0.72837520E-32
  0.41803366E+14  0.00000000E+00  0.72401225E-32
  0.41851196E+14  0.00000000E+00  0.71968174E-32
  0.41899026E+14  0.00000000E+00  0.71538337E-32
  0.41946856E+14  0.00000000E+00  0.71111684E-32
  0.41994686E+14  0.00000000E+00  0.70688185E-32
  0.42042516E+14  0.00000000E+00  0.70267812E-32
  0.42090345E+14  0.00000000E+00  0.69850534E-32
  0.42138175E+14  0.00000000E+00  0.69436325E-32
  0.42186005E+14  0.00000000E+00  0.69025155E-32
  0.42233835E+14  0.00000000E+00  0.68616996E-32
  0.42281665E+14  0.00000000E+00  0.68211822E-32
  0.42329495E+14  0.00000000E+00  0.67809604E-32
  0.42377325E+14  0.00000000E+00  0.67410316E-32
  0.42425155E+14  0.00000000E+00  0.67013931E-32
  0.42472985E+14  0.00000000E+00  0.66620423E-32
  0.42520815E+14  0.00000000E+00  0.66229765E-32
  0.42568645E+14  0.00000000E+00  0.65841933E-32
  0.42616475E+14  0.00000000E+00  0.65456899E-32
  0.42664305E+14  0.00000000E+00  0.65074640E-32
  0.42712135E+14  0.00000000E+00  0.64695130E-32
  0.42759965E+14  0.00000000E+00  0.64318345E-32
  0.42807795E+14  0.00000000E+00  0.63944260E-32
  0.42855624E+14  0.00000000E+00  0.63572851E-32
  0.42903454E+14  0.00000000E+00  0.63204095E-32
  0.42951284E+14  0.00000000E+00  0.62837967E-32
  0.42999114E+14  0.00000000E+00  0.62474444E-32
  0.43046944E+14  0.00000000E+00  0.62113504E-32
  0.43094774E+14  0.00000000E+00  0.61755123E-32
  0.43142604E+14  0.00000000E+00  0.61399280E-32
  0.43190434E+14  0.00000000E+00  0.61045951E-32
  0.43238264E+14  0.00000000E+00  0.60695114E-32
  0.43286094E+14  0.00000000E+00  0.60346748E-32
  0.43333924E+14  0.00000000E+00  0.60000831E-32
  0.43381754E+14  0.00000000E+00  0.59657342E-32
  0.43429584E+14  0.00000000E+00  0.59316259E-32
  0.43477414E+14  0.00000000E+00  0.58977562E-32
  0.43525244E+14  0.00000000E+00  0.58641230E-32
  0.43573074E+14  0.00000000E+00  0.58307242E-32
  0.43620903E+14  0.00000000E+00  0.57975579E-32
  0.43668733E+14  0.00000000E+00  0.57646220E-32
  0.43716563E+14  0.00000000E+00  0.57319145E-32
  0.43764393E+14  0.00000000E+00  0.56994334E-32
  0.43812223E+14  0.00000000E+00  0.56671769E-32
  0.43860053E+14  0.00000000E+00  0.56351431E-32
  0.43907883E+14  0.00000000E+00  0.56033299E-32
  0.43955713E+14  0.00000000E+00  0.55717355E-32
  0.44003543E+14  0.00000000E+00  0.55403581E-32
  0.44051373E+14  0.00000000E+00  0.55091958E-32
  0.44099203E+14  0.00000000E+00  0.54782469E-32
  0.44147033E+14  0.00000000E+00  0.54475094E-32
  0.44194863E+14  0.00000000E+00  0.54169816E-32
  0.44242693E+14  0.00000000E+00  0.53866618E-32
  0.44290523E+14  0.00000000E+00  0.53565481E-32
  0.44338353E+14  0.00000000E+00  0.53266390E-32
  0.44386182E+14  0.00000000E+00  0.52969325E-32
  0.44434012E+14  0.00000000E+00  0.52674271E-32
  0.44481842E+14  0.00000000E+00  0.52381211E-32
  0.44529672E+14  0.00000000E+00  0.52090129E-32
  0.44577502E+14  0.00000000E+00  0.51801006E-32
  0.44625332E+14  0.00000000E+00  0.51513829E-32
  0.44673162E+14  0.00000000E+00  0.51228579E-32
  0.44720992E+14  0.00000000E+00  0.50945242E-32
  0.44768822E+14  0.00000000E+00  0.50663802E-32
  0.44816652E+14  0.00000000E+00  0.50384242E-32
  0.44864482E+14  0.00000000E+00  0.50106548E-32
  0.44912312E+14  0.00000000E+00  0.49830704E-32
  0.44960142E+14  0.00000000E+00  0.49556695E-32
  0.45007972E+14  0.00000000E+00  0.49284507E-32
  0.45055802E+14  0.00000000E+00  0.49014123E-32
  0.45103632E+14  0.00000000E+00  0.48745529E-32
  0.45151461E+14  0.00000000E+00  0.48478712E-32
  0.45199291E+14  0.00000000E+00  0.48213656E-32
  0.45247121E+14  0.00000000E+00  0.47950347E-32
  0.45294951E+14  0.00000000E+00  0.47688771E-32
  0.45342781E+14  0.00000000E+00  0.47428914E-32
  0.45390611E+14  0.00000000E+00  0.47170762E-32
  0.45438441E+14  0.00000000E+00  0.46914302E-32
  0.45486271E+14  0.00000000E+00  0.46659519E-32
  0.45534101E+14  0.00000000E+00  0.46406401E-32
  0.45581931E+14  0.00000000E+00  0.46154934E-32
  0.45629761E+14  0.00000000E+00  0.45905105E-32
  0.45677591E+14  0.00000000E+00  0.45656900E-32
  0.45725421E+14  0.00000000E+00  0.45410307E-32
  0.45773251E+14  0.00000000E+00  0.45165314E-32
  0.45821081E+14  0.00000000E+00  0.44921906E-32
  0.45868911E+14  0.00000000E+00  0.44680072E-32
  0.45916740E+14  0.00000000E+00  0.44439800E-32
  0.45964570E+14  0.00000000E+00  0.44201076E-32
  0.46012400E+14  0.00000000E+00  0.43963890E-32
  0.46060230E+14  0.00000000E+00  0.43728227E-32
  0.46108060E+14  0.00000000E+00  0.43494078E-32
  0.46155890E+14  0.00000000E+00  0.43261429E-32
  0.46203720E+14  0.00000000E+00  0.43030269E-32
  0.46251550E+14  0.00000000E+00  0.42800587E-32
  0.46299380E+14  0.00000000E+00  0.42572370E-32
  0.46347210E+14  0.00000000E+00  0.42345608E-32
  0.46395040E+14  0.00000000E+00  0.42120289E-32
  0.46442870E+14  0.00000000E+00  0.41896401E-32
  0.46490700E+14  0.00000000E+00  0.41673935E-32
  0.46538530E+14  0.00000000E+00  0.41452878E-32
  0.46586360E+14  0.00000000E+00  0.41233220E-32
  0.46634190E+14  0.00000000E+00  0.41014951E-32
  0.46682019E+14  0.00000000E+00  0.40798058E-32
  0.46729849E+14  0.00000000E+00  0.40582533E-32
  0.46777679E+14  0.00000000E+00  0.40368363E-32
  0.46825509E+14  0.00000000E+00  0.40155540E-32
  0.46873339E+14  0.00000000E+00  0.39944052E-32
  0.46921169E+14  0.00000000E+00  0.39733889E-32
  0.46968999E+14  0.00000000E+00  0.39525042E-32
  0.47016829E+14  0.00000000E+00  0.39317500E-32
  0.47064659E+14  0.00000000E+00  0.39111253E-32
  0.47112489E+14  0.00000000E+00  0.38906292E-32
  0.47160319E+14  0.00000000E+00  0.38702606E-32
  0.47208149E+14  0.00000000E+00  0.38500187E-32
  0.47255979E+14  0.00000000E+00  0.38299024E-32
  0.47303809E+14  0.00000000E+00  0.38099108E-32
  0.47351639E+14  0.00000000E+00  0.37900429E-32
  0.47399469E+14  0.00000000E+00  0.37702979E-32
  0.47447298E+14  0.00000000E+00  0.37506748E-32
  0.47495128E+14  0.00000000E+00  0.37311727E-32
  0.47542958E+14  0.00000000E+00  0.37117907E-32
  0.47590788E+14  0.00000000E+00  0.36925278E-32
  0.47638618E+14  0.00000000E+00  0.36733833E-32
  0.47686448E+14  0.00000000E+00  0.36543562E-32
  0.47734278E+14  0.00000000E+00  0.36354456E-32
  0.47782108E+14  0.00000000E+00  0.36166507E-32
  0.47829938E+14  0.00000000E+00  0.35979706E-32
  0.47877768E+14  0.00000000E+00  0.35794044E-32
  0.47925598E+14  0.00000000E+00  0.35609514E-32
  0.47973428E+14  0.00000000E+00  0.35426107E-32
  0.48021258E+14  0.00000000E+00  0.35243815E-32
  0.48069088E+14  0.00000000E+00  0.35062628E-32
  0.48116918E+14  0.00000000E+00  0.34882540E-32
  0.48164748E+14  0.00000000E+00  0.34703543E-32
  0.48212578E+14  0.00000000E+00  0.34525627E-32
  0.48260407E+14  0.00000000E+00  0.34348786E-32
  0.48308237E+14  0.00000000E+00  0.34173011E-32
  0.48356067E+14  0.00000000E+00  0.33998295E-32
  0.48403897E+14  0.00000000E+00  0.33824629E-32
  0.48451727E+14  0.00000000E+00  0.33652007E-32
  0.48499557E+14  0.00000000E+00  0.33480421E-32
  0.48547387E+14  0.00000000E+00  0.33309862E-32
  0.48595217E+14  0.00000000E+00  0.33140325E-32
  0.48643047E+14  0.00000000E+00  0.32971801E-32
  0.48690877E+14  0.00000000E+00  0.32804283E-32
  0.48738707E+14  0.00000000E+00  0.32637763E-32
  0.48786537E+14  0.00000000E+00  0.32472235E-32
  0.48834367E+14  0.00000000E+00  0.32307692E-32
  0.48882197E+14  0.00000000E+00  0.32144126E-32
  0.48930027E+14  0.00000000E+00  0.31981530E-32
  0.48977857E+14  0.00000000E+00  0.31819897E-32
  0.49025686E+14  0.00000000E+00  0.31659222E-32
  0.49073516E+14  0.00000000E+00  0.31499495E-32
  0.49121346E+14  0.00000000E+00  0.31340712E-32
  0.49169176E+14  0.00000000E+00  0.31182865E-32
  0.49217006E+14  0.00000000E+00  0.31025947E-32
  0.49264836E+14  0.00000000E+00  0.30869952E-32
  0.49312666E+14  0.00000000E+00  0.30714874E-32
  0.49360496E+14  0.00000000E+00  0.30560706E-32
  0.49408326E+14  0.00000000E+00  0.30407441E-32
  0.49456156E+14  0.00000000E+00  0.30255073E-32
  0.49503986E+14  0.00000000E+00  0.30103595E-32
  0.49551816E+14  0.00000000E+00  0.29953003E-32
  0.49599646E+14  0.00000000E+00  0.29803288E-32
  0.49647476E+14  0.00000000E+00  0.29654446E-32
  0.49695306E+14  0.00000000E+00  0.29506469E-32
  0.49743136E+14  0.00000000E+00  0.29359353E-32
  0.49790965E+14  0.00000000E+00  0.29213090E-32
  0.49838795E+14  0.00000000E+00  0.29067675E-32
  0.49886625E+14  0.00000000E+00  0.28923102E-32
  0.49934455E+14  0.00000000E+00  0.28779366E-32
  0.49982285E+14  0.00000000E+00  0.28636459E-32
  0.50030115E+14  0.00000000E+00  0.28494378E-32
  0.50077945E+14  0.00000000E+00  0.28353115E-32
  0.50125775E+14  0.00000000E+00  0.28212665E-32
  0.50173605E+14  0.00000000E+00  0.28073023E-32
  0.50221435E+14  0.00000000E+00  0.27934182E-32
  0.50269265E+14  0.00000000E+00  0.27796138E-32
  0.50317095E+14  0.00000000E+00  0.27658885E-32
  0.50364925E+14  0.00000000E+00  0.27522418E-32
  0.50412755E+14  0.00000000E+00  0.27386731E-32
  0.50460585E+14  0.00000000E+00  0.27251818E-32
  0.50508415E+14  0.00000000E+00  0.27117675E-32
  0.50556244E+14  0.00000000E+00  0.26984296E-32
  0.50604074E+14  0.00000000E+00  0.26851676E-32
  0.50651904E+14  0.00000000E+00  0.26719809E-32
  0.50699734E+14  0.00000000E+00  0.26588691E-32
  0.50747564E+14  0.00000000E+00  0.26458317E-32
  0.50795394E+14  0.00000000E+00  0.26328681E-32
  0.50843224E+14  0.00000000E+00  0.26199779E-32
  0.50891054E+14  0.00000000E+00  0.26071605E-32
  0.50938884E+14  0.00000000E+00  0.25944155E-32
  0.50986714E+14  0.00000000E+00  0.25817423E-32
  0.51034544E+14  0.00000000E+00  0.25691405E-32
  0.51082374E+14  0.00000000E+00  0.25566096E-32
  0.51130204E+14  0.00000000E+00  0.25441492E-32
  0.51178034E+14  0.00000000E+00  0.25317586E-32
  0.51225864E+14  0.00000000E+00  0.25194376E-32
  0.51273694E+14  0.00000000E+00  0.25071856E-32
  0.51321523E+14  0.00000000E+00  0.24950021E-32
  0.51369353E+14  0.00000000E+00  0.24828867E-32
  0.51417183E+14  0.00000000E+00  0.24708389E-32
  0.51465013E+14  0.00000000E+00  0.24588583E-32
  0.51512843E+14  0.00000000E+00  0.24469444E-32
  0.51560673E+14  0.00000000E+00  0.24350968E-32
  0.51608503E+14  0.00000000E+00  0.24233151E-32
  0.51656333E+14  0.00000000E+00  0.24115988E-32
  0.51704163E+14  0.00000000E+00  0.23999475E-32
  0.51751993E+14  0.00000000E+00  0.23883607E-32
  0.51799823E+14  0.00000000E+00  0.23768380E-32
  0.51847653E+14  0.00000000E+00  0.23653790E-32
  0.51895483E+14  0.00000000E+00  0.23539833E-32
  0.51943313E+14  0.00000000E+00  0.23426504E-32
  0.51991143E+14  0.00000000E+00  0.23313800E-32
  0.52038973E+14  0.00000000E+00  0.23201716E-32
  0.52086802E+14  0.00000000E+00  0.23090248E-32
  0.52134632E+14  0.00000000E+00  0.22979393E-32
  0.52182462E+14  0.00000000E+00  0.22869146E-32
  0.52230292E+14  0.00000000E+00  0.22759503E-32
  0.52278122E+14  0.00000000E+00  0.22650460E-32
  0.52325952E+14  0.00000000E+00  0.22542013E-32
  0.52373782E+14  0.00000000E+00  0.22434159E-32
  0.52421612E+14  0.00000000E+00  0.22326894E-32
  0.52469442E+14  0.00000000E+00  0.22220213E-32
  0.52517272E+14  0.00000000E+00  0.22114113E-32
  0.52565102E+14  0.00000000E+00  0.22008590E-32
  0.52612932E+14  0.00000000E+00  0.21903641E-32
  0.52660762E+14  0.00000000E+00  0.21799262E-32
  0.52708592E+14  0.00000000E+00  0.21695448E-32
  0.52756422E+14  0.00000000E+00  0.21592197E-32
  0.52804252E+14  0.00000000E+00  0.21489505E-32
  0.52852081E+14  0.00000000E+00  0.21387368E-32
  0.52899911E+14  0.00000000E+00  0.21285782E-32
  0.52947741E+14  0.00000000E+00  0.21184745E-32
  0.52995571E+14  0.00000000E+00  0.21084252E-32
  0.53043401E+14  0.00000000E+00  0.20984300E-32
  0.53091231E+14  0.00000000E+00  0.20884885E-32
  0.53139061E+14  0.00000000E+00  0.20786005E-32
  0.53186891E+14  0.00000000E+00  0.20687655E-32
  0.53234721E+14  0.00000000E+00  0.20589833E-32
  0.53282551E+14  0.00000000E+00  0.20492534E-32
  0.53330381E+14  0.00000000E+00  0.20395757E-32
  0.53378211E+14  0.00000000E+00  0.20299496E-32
  0.53426041E+14  0.00000000E+00  0.20203750E-32
  0.53473871E+14  0.00000000E+00  0.20108514E-32
  0.53521701E+14  0.00000000E+00  0.20013786E-32
  0.53569531E+14  0.00000000E+00  0.19919562E-32
  0.53617360E+14  0.00000000E+00  0.19825839E-32
  0.53665190E+14  0.00000000E+00  0.19732615E-32
  0.53713020E+14  0.00000000E+00  0.19639885E-32
  0.53760850E+14  0.00000000E+00  0.19547646E-32
  0.53808680E+14  0.00000000E+00  0.19455897E-32
  0.53856510E+14  0.00000000E+00  0.19364633E-32
  0.53904340E+14  0.00000000E+00  0.19273851E-32
  0.53952170E+14  0.00000000E+00  0.19183549E-32
  0.54000000E+14  0.00000000E+00  0.19093723E-32
