  0.47829938E+11  0.82158032E-29 -0.49559440E-28
  0.95659876E+11  0.82318805E-29 -0.43777792E-28
  0.14348981E+12  0.81849206E-29 -0.41154077E-28
  0.19131975E+12  0.80108332E-29 -0.39665440E-28
  0.23914969E+12  0.81062188E-29 -0.38954406E-28
  0.28697963E+12  0.85892028E-29 -0.38414724E-28
  0.33480957E+12  0.91252296E-29 -0.37726203E-28
  0.38263950E+12  0.92645017E-29 -0.37937025E-28
  0.43046944E+12  0.12465704E-28 -0.36557489E-28
  0.47829938E+12  0.10298621E-28 -0.33928579E-28
  0.52612932E+12  0.10327276E-28 -0.34710241E-28
  0.57395926E+12  0.11028048E-28 -0.34805432E-28
  0.62178919E+12  0.11627126E-28 -0.33856893E-28
  0.66961913E+12  0.11513825E-28 -0.33570260E-28
  0.71744907E+12  0.11472504E-28 -0.33809864E-28
  0.76527901E+12  0.12990652E-28 -0.34477456E-28
  0.81310895E+12  0.15225930E-28 -0.32756939E-28
  0.86093888E+12  0.13984392E-28 -0.30751185E-28
  0.90876882E+12  0.12867775E-28 -0.30934568E-28
  0.95659876E+12  0.13302140E-28 -0.31365137E-28
  0.10044287E+13  0.13434809E-28 -0.31762426E-28
  0.10522586E+13  0.14671243E-28 -0.32742089E-28
  0.11000886E+13  0.17208328E-28 -0.31565947E-28
  0.11479185E+13  0.17312897E-28 -0.29283256E-28
  0.11957484E+13  0.15811792E-28 -0.27947439E-28
  0.12435784E+13  0.15142932E-28 -0.29066278E-28
  0.12914083E+13  0.15444802E-28 -0.29941828E-28
  0.13392383E+13  0.17566143E-28 -0.30778316E-28
  0.13870682E+13  0.19213627E-28 -0.29274600E-28
  0.14348981E+13  0.19599244E-28 -0.27474260E-28
  0.14827281E+13  0.18299557E-28 -0.25789597E-28
  0.15305580E+13  0.17025030E-28 -0.26813270E-28
  0.15783880E+13  0.17495272E-28 -0.28571430E-28
  0.16262179E+13  0.20300654E-28 -0.28376474E-28
  0.16740478E+13  0.21361799E-28 -0.26738602E-28
  0.17218778E+13  0.21772132E-28 -0.25054193E-28
  0.17697077E+13  0.19717768E-28 -0.23424286E-28
  0.18175376E+13  0.18775631E-28 -0.25073173E-28
  0.18653676E+13  0.21028153E-28 -0.26864212E-28
  0.19131975E+13  0.22648273E-28 -0.25517734E-28
  0.19610275E+13  0.23404576E-28 -0.24118550E-28
  0.20088574E+13  0.23769086E-28 -0.22066883E-28
  0.20566873E+13  0.20885465E-28 -0.21247532E-28
  0.21045173E+13  0.20692188E-28 -0.24013626E-28
  0.21523472E+13  0.23631181E-28 -0.23827798E-28
  0.22001771E+13  0.24605446E-28 -0.22605537E-28
  0.22480071E+13  0.25217337E-28 -0.21252594E-28
  0.22958370E+13  0.25228671E-28 -0.18845483E-28
  0.23436670E+13  0.22026966E-28 -0.19980426E-28
  0.23914969E+13  0.24398143E-28 -0.21803379E-28
  0.24393268E+13  0.25656479E-28 -0.20543924E-28
  0.24871568E+13  0.26375156E-28 -0.19472672E-28
  0.25349867E+13  0.26846784E-28 -0.17937472E-28
  0.25828167E+13  0.24890036E-28 -0.15855546E-28
  0.26306466E+13  0.24086319E-28 -0.18724344E-28
  0.26784765E+13  0.26429382E-28 -0.18471761E-28
  0.27263065E+13  0.27203219E-28 -0.17460889E-28
  0.27741364E+13  0.27871860E-28 -0.16322355E-28
  0.28219663E+13  0.28156398E-28 -0.14295869E-28
  0.28697963E+13  0.24739766E-28 -0.14001933E-28
  0.29176262E+13  0.26617111E-28 -0.16063166E-28
  0.29654562E+13  0.27780037E-28 -0.15154450E-28
  0.30132861E+13  0.28454781E-28 -0.14269563E-28
  0.30611160E+13  0.28997773E-28 -0.13073130E-28
  0.31089460E+13  0.28774589E-28 -0.10715871E-28
  0.31567759E+13  0.26371561E-28 -0.12233629E-28
  0.32046058E+13  0.28061431E-28 -0.12595783E-28
  0.32524358E+13  0.28807026E-28 -0.11790257E-28
  0.33002657E+13  0.29398576E-28 -0.10923086E-28
  0.33480957E+13  0.29825130E-28 -0.95191282E-29
  0.33959256E+13  0.27723905E-28 -0.79293840E-29
  0.34437555E+13  0.27940476E-28 -0.94377406E-29
  0.34915855E+13  0.28923735E-28 -0.91873550E-29
  0.35394154E+13  0.29482235E-28 -0.84921925E-29
  0.35872453E+13  0.30009932E-28 -0.75961784E-29
  0.36350753E+13  0.30288233E-28 -0.57059028E-29
  0.36829052E+13  0.28363171E-28 -0.57545435E-29
  0.37307352E+13  0.28802610E-28 -0.60305361E-29
  0.37785651E+13  0.29373960E-28 -0.57034632E-29
  0.38263950E+13  0.29811963E-28 -0.50966173E-29
  0.38742250E+13  0.30261101E-28 -0.40924148E-29
  0.39220549E+13  0.29493806E-28 -0.26181342E-29
  0.39698849E+13  0.29210449E-28 -0.30111179E-29
  0.40177148E+13  0.29281924E-28 -0.26896221E-29
  0.40655447E+13  0.29608832E-28 -0.22584929E-29
  0.41133747E+13  0.29944195E-28 -0.16379654E-29
  0.41612046E+13  0.30177487E-28 -0.48785516E-30
  0.42090345E+13  0.28984662E-28  0.30290532E-31
  0.42568645E+13  0.29437364E-28  0.11374727E-30
  0.43046944E+13  0.29452616E-28  0.57106683E-30
  0.43525244E+13  0.29691292E-28  0.10424375E-29
  0.44003543E+13  0.29874283E-28  0.17664987E-29
  0.44481842E+13  0.29791888E-28  0.28856550E-29
  0.44960142E+13  0.29217735E-28  0.28132859E-29
  0.45438441E+13  0.29454040E-28  0.32751274E-29
  0.45916740E+13  0.29474575E-28  0.37795816E-29
  0.46395040E+13  0.29678545E-28  0.42978024E-29
  0.46873339E+13  0.29795799E-28  0.50731306E-29
  0.47351639E+13  0.29053594E-28  0.58342071E-29
  0.47829938E+13  0.29326852E-28  0.57995020E-29
  0.48308237E+13  0.29538752E-28  0.62838461E-29
  0.48786537E+13  0.29680655E-28  0.68288490E-29
  0.49264836E+13  0.29852126E-28  0.73432775E-29
  0.49743136E+13  0.30075642E-28  0.82521586E-29
  0.50221435E+13  0.29667895E-28  0.84221829E-29
  0.50699734E+13  0.30026724E-28  0.87204326E-29
  0.51178034E+13  0.30413323E-28  0.91907917E-29
  0.51656333E+13  0.30802142E-28  0.97031852E-29
  0.52134632E+13  0.31290238E-28  0.10240952E-28
  0.52612932E+13  0.31482659E-28  0.10892566E-28
  0.53091231E+13  0.32222444E-28  0.11047684E-28
  0.53569531E+13  0.33293851E-28  0.11382153E-28
  0.54047830E+13  0.34670527E-28  0.11866597E-28
  0.54526129E+13  0.36577976E-28  0.12293872E-28
  0.55004429E+13  0.39711402E-28  0.12963495E-28
  0.55482728E+13  0.46551130E-28  0.15105122E-28
  0.55961027E+13  0.48481669E-28  0.27017479E-28
  0.56439327E+13  0.44796639E-28  0.33263294E-28
  0.56917626E+13  0.41315569E-28  0.37322482E-28
  0.57395926E+13  0.38048972E-28  0.40757084E-28
  0.57874225E+13  0.34758261E-28  0.43490223E-28
  0.58352524E+13  0.31282406E-28  0.45677095E-28
  0.58830824E+13  0.28213541E-28  0.47351339E-28
  0.59309123E+13  0.25178644E-28  0.48963884E-28
  0.59787422E+13  0.21896883E-28  0.50319299E-28
  0.60265722E+13  0.18964752E-28  0.51313759E-28
  0.60744021E+13  0.15807313E-28  0.52335918E-28
  0.61222321E+13  0.12674088E-28  0.52793557E-28
  0.61700620E+13  0.98460262E-29  0.53299447E-28
  0.62178919E+13  0.69114468E-29  0.53622072E-28
  0.62657219E+13  0.42007799E-29  0.53945243E-28
  0.63135518E+13  0.10229609E-29  0.54048055E-28
  0.63613818E+13 -0.17236875E-29  0.53753851E-28
  0.64092117E+13 -0.43784811E-29  0.53649576E-28
  0.64570416E+13 -0.71842976E-29  0.53308930E-28
  0.65048716E+13 -0.97637846E-29  0.52780374E-28
  0.65527015E+13 -0.12444231E-28  0.52453804E-28
  0.66005314E+13 -0.15131247E-28  0.51684490E-28
  0.66483614E+13 -0.17604141E-28  0.50891613E-28
  0.66961913E+13 -0.20205241E-28  0.50015876E-28
  0.67440213E+13 -0.22477906E-28  0.48953114E-28
  0.67918512E+13 -0.24770571E-28  0.48172394E-28
  0.68396811E+13 -0.27455907E-28  0.46996809E-28
  0.68875111E+13 -0.29635438E-28  0.45627234E-28
  0.69353410E+13 -0.31874170E-28  0.44298538E-28
  0.69831709E+13 -0.33968085E-28  0.42840617E-28
  0.70310009E+13 -0.35950162E-28  0.41575601E-28
  0.70788308E+13 -0.38303116E-28  0.40010830E-28
  0.71266608E+13 -0.40277128E-28  0.38256282E-28
  0.71744907E+13 -0.42189672E-28  0.36483581E-28
  0.72223206E+13 -0.43900778E-28  0.34677515E-28
  0.72701506E+13 -0.45723099E-28  0.32995608E-28
  0.73179805E+13 -0.47599621E-28  0.31051103E-28
  0.73658105E+13 -0.49261596E-28  0.28998482E-28
  0.74136404E+13 -0.50861062E-28  0.26831279E-28
  0.74614703E+13 -0.52209295E-28  0.24754242E-28
  0.75093003E+13 -0.53686431E-28  0.22630603E-28
  0.75571302E+13 -0.55105240E-28  0.20482211E-28
  0.76049601E+13 -0.56482084E-28  0.18077229E-28
  0.76527901E+13 -0.57537700E-28  0.15643861E-28
  0.77006200E+13 -0.58652959E-28  0.13315663E-28
  0.77484500E+13 -0.59543180E-28  0.10879723E-28
  0.77962799E+13 -0.60611410E-28  0.85595649E-29
  0.78441098E+13 -0.61473222E-28  0.58950808E-29
  0.78919398E+13 -0.62157899E-28  0.33670630E-29
  0.79397697E+13 -0.62706455E-28  0.74581783E-30
  0.79875996E+13 -0.63147469E-28 -0.16654647E-29
  0.80354296E+13 -0.63697677E-28 -0.41267850E-29
  0.80832595E+13 -0.64070714E-28 -0.66655692E-29
  0.81310895E+13 -0.64240046E-28 -0.90865893E-29
  0.81789194E+13 -0.64621653E-28 -0.11240107E-28
  0.82267493E+13 -0.65071249E-28 -0.13437142E-28
  0.82745793E+13 -0.66014989E-28 -0.15788267E-28
  0.83224092E+13 -0.66653708E-28 -0.18467873E-28
  0.83702391E+13 -0.66953416E-28 -0.22008966E-28
  0.84180691E+13 -0.67092810E-28 -0.24210029E-28
  0.84658990E+13 -0.67365247E-28 -0.26946183E-28
  0.85137290E+13 -0.68018141E-28 -0.30160191E-28
  0.85615589E+13 -0.68631440E-28 -0.33401057E-28
  0.86093888E+13 -0.69245144E-28 -0.36921819E-28
  0.86572188E+13 -0.69326121E-28 -0.40386584E-28
  0.87050487E+13 -0.69541237E-28 -0.44222843E-28
  0.87528787E+13 -0.69510875E-28 -0.48161483E-28
  0.88007086E+13 -0.69260524E-28 -0.52566948E-28
  0.88485385E+13 -0.68942648E-28 -0.56901407E-28
  0.88963685E+13 -0.68310869E-28 -0.61313627E-28
  0.89441984E+13 -0.67782528E-28 -0.65957622E-28
  0.89920283E+13 -0.67163053E-28 -0.71251858E-28
  0.90398583E+13 -0.66024932E-28 -0.76843427E-28
  0.90876882E+13 -0.64824273E-28 -0.82920427E-28
  0.91355182E+13 -0.62622729E-28 -0.90171608E-28
  0.91833481E+13 -0.58858148E-28 -0.97427027E-28
  0.92311780E+13 -0.54025971E-28 -0.10408895E-27
  0.92790080E+13 -0.48708151E-28 -0.11026978E-27
  0.93268379E+13 -0.42774685E-28 -0.11616758E-27
  0.93746678E+13 -0.35688304E-28 -0.12281800E-27
  0.94224978E+13 -0.27997705E-28 -0.12729306E-27
  0.94703277E+13 -0.19965599E-28 -0.13242329E-27
  0.95181577E+13 -0.10908053E-28 -0.13639204E-27
  0.95659876E+13 -0.14895720E-29 -0.13967027E-27
  0.96138175E+13  0.89225714E-29 -0.14275309E-27
  0.96616475E+13  0.20437583E-28 -0.14458933E-27
  0.97094774E+13  0.32351969E-28 -0.14507072E-27
  0.97573074E+13  0.45384520E-28 -0.14432700E-27
  0.98051373E+13  0.59599409E-28 -0.14036687E-27
  0.98529672E+13  0.75208484E-28 -0.12873574E-27
  0.99007972E+13  0.70511639E-28 -0.11728127E-27
  0.99486271E+13  0.72299722E-28 -0.11936264E-27
  0.99964570E+13  0.78704712E-28 -0.12108619E-27
  0.10044287E+14  0.87103123E-28 -0.12339697E-27
  0.10092117E+14  0.98932071E-28 -0.12485952E-27
  0.10139947E+14  0.11354688E-27 -0.12686812E-27
  0.10187777E+14  0.13103204E-27 -0.12765580E-27
  0.10235607E+14  0.15613993E-27 -0.12840656E-27
  0.10283437E+14  0.19077060E-27 -0.12628782E-27
  0.10331267E+14  0.24256861E-27 -0.11806924E-27
  0.10379097E+14  0.34088349E-27 -0.94587648E-28
  0.10426926E+14  0.52025970E-27  0.25938683E-27
  0.10474756E+14  0.89453072E-28  0.27558719E-27
  0.10522586E+14  0.36068726E-29  0.17947104E-27
  0.10570416E+14  0.31033349E-29  0.11234560E-27
  0.10618246E+14  0.27942196E-29  0.83090050E-28
  0.10666076E+14  0.26266859E-29  0.64585217E-28
  0.10713906E+14  0.22166698E-29  0.51298836E-28
  0.10761736E+14  0.20399302E-29  0.41163920E-28
  0.10809566E+14  0.19980716E-29  0.33186697E-28
  0.10857396E+14  0.18129984E-29  0.26475904E-28
  0.10905226E+14  0.19190301E-29  0.20733420E-28
  0.10953056E+14  0.20737476E-29  0.15773322E-28
  0.11000886E+14  0.21550635E-29  0.11559505E-28
  0.11048716E+14  0.22946155E-29  0.72885935E-29
  0.11096546E+14  0.29166271E-29  0.35911705E-29
  0.11144376E+14  0.31738420E-29  0.37043854E-30
  0.11192205E+14  0.36414232E-29 -0.30547465E-29
  0.11240035E+14  0.42726201E-29 -0.62363616E-29
  0.11287865E+14  0.50139886E-29 -0.91365260E-29
  0.11335695E+14  0.54506446E-29 -0.12275485E-28
  0.11383525E+14  0.64166066E-29 -0.15733440E-28
  0.11431355E+14  0.77730139E-29 -0.19244123E-28
  0.11479185E+14  0.96727113E-29 -0.22553883E-28
  0.11527015E+14  0.11692072E-28 -0.25879252E-28
  0.11574845E+14  0.14422727E-28 -0.29345219E-28
  0.11622675E+14  0.17561156E-28 -0.32445755E-28
  0.11670505E+14  0.21091398E-28 -0.35531163E-28
  0.11718335E+14  0.25210219E-28 -0.38745117E-28
  0.11766165E+14  0.30307730E-28 -0.41737639E-28
  0.11813995E+14  0.35816052E-28 -0.44380465E-28
  0.11861825E+14  0.42683981E-28 -0.47554603E-28
  0.11909655E+14  0.51410715E-28 -0.50208889E-28
  0.11957484E+14  0.61788095E-28 -0.52906737E-28
  0.12005314E+14  0.77613718E-28 -0.56299294E-28
  0.12053144E+14  0.11576960E-27 -0.48644424E-28
  0.12100974E+14  0.13024794E-27 -0.86328212E-29
  0.12148804E+14  0.10994707E-27  0.37446865E-28
  0.12196634E+14  0.81236109E-28  0.38450297E-28
  0.12244464E+14  0.69923730E-28  0.34269152E-28
  0.12292294E+14  0.63802055E-28  0.31815986E-28
  0.12340124E+14  0.61067165E-28  0.29305878E-28
  0.12387954E+14  0.59923697E-28  0.28695796E-28
  0.12435784E+14  0.61451752E-28  0.28534536E-28
  0.12483614E+14  0.62741637E-28  0.30121192E-28
  0.12531444E+14  0.65336167E-28  0.34797250E-28
  0.12579274E+14  0.70149379E-28  0.43387196E-28
  0.12627104E+14  0.82014869E-28  0.82452315E-28
  0.12674934E+14  0.20424373E-28  0.66810981E-28
  0.12722764E+14  0.20373493E-28  0.48680873E-28
  0.12770593E+14  0.30038064E-28  0.44202375E-28
  0.12818423E+14  0.26488848E-28  0.47533295E-28
  0.12866253E+14  0.23679526E-28  0.46764299E-28
  0.12914083E+14  0.21044235E-28  0.45841949E-28
  0.12961913E+14  0.18943128E-28  0.44967317E-28
  0.13009743E+14  0.16930318E-28  0.43999132E-28
  0.13057573E+14  0.14790610E-28  0.43242579E-28
  0.13105403E+14  0.12839318E-28  0.42550790E-28
  0.13153233E+14  0.10758041E-28  0.41943983E-28
  0.13201063E+14  0.84637262E-29  0.41463947E-28
  0.13248893E+14  0.60063932E-29  0.41170112E-28
  0.13296723E+14  0.00000000E+00  0.38825225E-28
  0.13344553E+14  0.00000000E+00  0.33925147E-28
  0.13392383E+14  0.00000000E+00  0.31427036E-28
  0.13440213E+14  0.00000000E+00  0.29504196E-28
  0.13488043E+14  0.00000000E+00  0.27912575E-28
  0.13535872E+14  0.00000000E+00  0.26545753E-28
  0.13583702E+14  0.00000000E+00  0.25345186E-28
  0.13631532E+14  0.00000000E+00  0.24274232E-28
  0.13679362E+14  0.00000000E+00  0.23307990E-28
  0.13727192E+14  0.00000000E+00  0.22428541E-28
  0.13775022E+14  0.00000000E+00  0.21622444E-28
  0.13822852E+14  0.00000000E+00  0.20879288E-28
  0.13870682E+14  0.00000000E+00  0.20190806E-28
  0.13918512E+14  0.00000000E+00  0.19550299E-28
  0.13966342E+14  0.00000000E+00  0.18952252E-28
  0.14014172E+14  0.00000000E+00  0.18392056E-28
  0.14062002E+14  0.00000000E+00  0.17865815E-28
  0.14109832E+14  0.00000000E+00  0.17370205E-28
  0.14157662E+14  0.00000000E+00  0.16902360E-28
  0.14205492E+14  0.00000000E+00  0.16459795E-28
  0.14253322E+14  0.00000000E+00  0.16040336E-28
  0.14301151E+14  0.00000000E+00  0.15642071E-28
  0.14348981E+14  0.00000000E+00  0.15263310E-28
  0.14396811E+14  0.00000000E+00  0.14902551E-28
  0.14444641E+14  0.00000000E+00  0.14558452E-28
  0.14492471E+14  0.00000000E+00  0.14229809E-28
  0.14540301E+14  0.00000000E+00  0.13915540E-28
  0.14588131E+14  0.00000000E+00  0.13614667E-28
  0.14635961E+14  0.00000000E+00  0.13326303E-28
  0.14683791E+14  0.00000000E+00  0.13049644E-28
  0.14731621E+14  0.00000000E+00  0.12783953E-28
  0.14779451E+14  0.00000000E+00  0.12528560E-28
  0.14827281E+14  0.00000000E+00  0.12282849E-28
  0.14875111E+14  0.00000000E+00  0.12046255E-28
  0.14922941E+14  0.00000000E+00  0.11818258E-28
  0.14970771E+14  0.00000000E+00  0.11598378E-28
  0.15018601E+14  0.00000000E+00  0.11386170E-28
  0.15066430E+14  0.00000000E+00  0.11181226E-28
  0.15114260E+14  0.00000000E+00  0.10983162E-28
  0.15162090E+14  0.00000000E+00  0.10791625E-28
  0.15209920E+14  0.00000000E+00  0.10606284E-28
  0.15257750E+14  0.00000000E+00  0.10426834E-28
  0.15305580E+14  0.00000000E+00  0.10252985E-28
  0.15353410E+14  0.00000000E+00  0.10084471E-28
  0.15401240E+14  0.00000000E+00  0.99210382E-29
  0.15449070E+14  0.00000000E+00  0.97624524E-29
  0.15496900E+14  0.00000000E+00  0.96084917E-29
  0.15544730E+14  0.00000000E+00  0.94589480E-29
  0.15592560E+14  0.00000000E+00  0.93136252E-29
  0.15640390E+14  0.00000000E+00  0.91723387E-29
  0.15688220E+14  0.00000000E+00  0.90349141E-29
  0.15736050E+14  0.00000000E+00  0.89011868E-29
  0.15783880E+14  0.00000000E+00  0.87710011E-29
  0.15831709E+14  0.00000000E+00  0.86442093E-29
  0.15879539E+14  0.00000000E+00  0.85206716E-29
  0.15927369E+14  0.00000000E+00  0.84002552E-29
  0.15975199E+14  0.00000000E+00  0.82828339E-29
  0.16023029E+14  0.00000000E+00  0.81682876E-29
  0.16070859E+14  0.00000000E+00  0.80565018E-29
  0.16118689E+14  0.00000000E+00  0.79473675E-29
  0.16166519E+14  0.00000000E+00  0.78407804E-29
  0.16214349E+14  0.00000000E+00  0.77366406E-29
  0.16262179E+14  0.00000000E+00  0.76348527E-29
  0.16310009E+14  0.00000000E+00  0.75353249E-29
  0.16357839E+14  0.00000000E+00  0.74379692E-29
  0.16405669E+14  0.00000000E+00  0.73427007E-29
  0.16453499E+14  0.00000000E+00  0.72494377E-29
  0.16501329E+14  0.00000000E+00  0.71581012E-29
  0.16549159E+14  0.00000000E+00  0.70686145E-29
  0.16596988E+14  0.00000000E+00  0.69809034E-29
  0.16644818E+14  0.00000000E+00  0.68948956E-29
  0.16692648E+14  0.00000000E+00  0.68105207E-29
  0.16740478E+14  0.00000000E+00  0.67277095E-29
  0.16788308E+14  0.00000000E+00  0.66463942E-29
  0.16836138E+14  0.00000000E+00  0.65665082E-29
  0.16883968E+14  0.00000000E+00  0.64879854E-29
  0.16931798E+14  0.00000000E+00  0.64107600E-29
  0.16979628E+14  0.00000000E+00  0.63347667E-29
  0.17027458E+14  0.00000000E+00  0.62599396E-29
  0.17075288E+14  0.00000000E+00  0.61862127E-29
  0.17123118E+14  0.00000000E+00  0.61135186E-29
  0.17170948E+14  0.00000000E+00  0.60417887E-29
  0.17218778E+14  0.00000000E+00  0.59709525E-29
  0.17266608E+14  0.00000000E+00  0.59009370E-29
  0.17314438E+14  0.00000000E+00  0.58316660E-29
  0.17362267E+14  0.00000000E+00  0.57630596E-29
  0.17410097E+14  0.00000000E+00  0.56950326E-29
  0.17457927E+14  0.00000000E+00  0.56274945E-29
  0.17505757E+14  0.00000000E+00  0.55603470E-29
  0.17553587E+14  0.00000000E+00  0.54934834E-29
  0.17601417E+14  0.00000000E+00  0.54267860E-29
  0.17649247E+14  0.00000000E+00  0.53601241E-29
  0.17697077E+14  0.00000000E+00  0.52933508E-29
  0.17744907E+14  0.00000000E+00  0.52262993E-29
  0.17792737E+14 -0.18469529E-37  0.51587786E-29
  0.17840567E+14 -0.27261436E-35  0.50905689E-29
  0.17888397E+14 -0.21005300E-34  0.50214077E-29
  0.17936227E+14 -0.73589320E-34  0.49509676E-29
  0.17984057E+14 -0.18474071E-33  0.48788298E-29
  0.18031887E+14 -0.36791638E-33  0.48044487E-29
  0.18079717E+14 -0.61264259E-33  0.47271068E-29
  0.18127547E+14 -0.87349229E-33  0.46458191E-29
  0.18175376E+14 -0.10340024E-32  0.45591570E-29
  0.18223206E+14 -0.64146415E-33  0.44648973E-29
  0.18271036E+14  0.15201934E-32  0.43586725E-29
  0.18318866E+14  0.17575989E-31  0.42297003E-29
  0.18366696E+14  0.62333471E-31  0.41198725E-29
  0.18414526E+14  0.99271431E-31  0.39960127E-29
  0.18462356E+14  0.14894289E-30  0.38698544E-29
  0.18510186E+14  0.21110491E-30  0.37413018E-29
  0.18558016E+14  0.29176193E-30  0.35823482E-29
  0.18605846E+14  0.41192637E-30  0.34330233E-29
  0.18653676E+14  0.52444250E-30  0.32892979E-29
  0.18701506E+14  0.71441233E-30  0.31296697E-29
  0.18749336E+14  0.90201736E-30  0.29825121E-29
  0.18797166E+14  0.12008666E-29  0.28398856E-29
  0.18844996E+14  0.15420131E-29  0.27126742E-29
  0.18892826E+14  0.20260554E-29  0.26965848E-29
  0.18940655E+14  0.24595102E-29  0.29004535E-29
  0.18988485E+14  0.28333836E-29  0.31725121E-29
  0.19036315E+14  0.31474542E-29  0.35122204E-29
  0.19084145E+14  0.33397720E-29  0.38975661E-29
  0.19131975E+14  0.34579850E-29  0.43382793E-29
  0.19179805E+14  0.35125300E-29  0.47572436E-29
  0.19227635E+14  0.34903505E-29  0.51653973E-29
  0.19275465E+14  0.33862493E-29  0.55739163E-29
  0.19323295E+14  0.32063310E-29  0.59577003E-29
  0.19371125E+14  0.30204445E-29  0.63166943E-29
  0.19418955E+14  0.27485741E-29  0.66334592E-29
  0.19466785E+14  0.24153595E-29  0.68945501E-29
  0.19514615E+14  0.20650501E-29  0.71040264E-29
  0.19562445E+14  0.16899161E-29  0.72483377E-29
  0.19610275E+14  0.12957916E-29  0.73395039E-29
  0.19658105E+14  0.86186749E-30  0.73483663E-29
  0.19705934E+14  0.47425051E-30  0.73146453E-29
  0.19753764E+14  0.80054242E-31  0.71800758E-29
  0.19801594E+14 -0.29183248E-30  0.69942496E-29
  0.19849424E+14 -0.60381204E-30  0.67354755E-29
  0.19897254E+14 -0.84901277E-30  0.64067741E-29
  0.19945084E+14 -0.10444205E-29  0.60520237E-29
  0.19992914E+14 -0.11003863E-29  0.56915637E-29
  0.20040744E+14 -0.10712911E-29  0.52772866E-29
  0.20088574E+14 -0.90423972E-30  0.49375130E-29
  0.20136404E+14 -0.75362082E-30  0.48438345E-29
  0.20184234E+14 -0.60964634E-30  0.47299627E-29
  0.20232064E+14 -0.51296715E-30  0.45918316E-29
  0.20279894E+14 -0.44597733E-30  0.44074645E-29
  0.20327724E+14 -0.40817951E-30  0.42298717E-29
  0.20375554E+14 -0.24956576E-30  0.40062174E-29
  0.20423384E+14 -0.11129023E-30  0.37106237E-29
  0.20471213E+14  0.12526785E-30  0.34656557E-29
  0.20519043E+14  0.68613473E-30  0.31138984E-29
  0.20566873E+14  0.13500337E-29  0.27716492E-29
  0.20614703E+14  0.23168497E-29  0.24049716E-29
  0.20662533E+14  0.35616426E-29  0.19797310E-29
  0.20710363E+14  0.60759345E-29  0.14695288E-29
  0.20758193E+14  0.12115936E-28  0.47605914E-29
  0.20806023E+14  0.11521352E-28  0.10835344E-28
  0.20853853E+14  0.89237795E-29  0.15543495E-28
  0.20901683E+14  0.60552404E-29  0.17923287E-28
  0.20949513E+14  0.45585626E-29  0.19467075E-28
  0.20997343E+14 -0.20035190E-30  0.27998374E-28
  0.21045173E+14 -0.10913250E-28  0.26031039E-28
  0.21093003E+14 -0.16765098E-28  0.21105047E-28
  0.21140833E+14 -0.20184845E-28  0.15670586E-28
  0.21188663E+14 -0.21860719E-28  0.10274150E-28
  0.21236492E+14 -0.22257896E-28  0.50861322E-29
  0.21284322E+14 -0.22349281E-28 -0.36214154E-30
  0.21332152E+14 -0.18172902E-28 -0.72718483E-29
  0.21379982E+14 -0.12465879E-28 -0.60069153E-29
  0.21427812E+14 -0.13366897E-28 -0.64473265E-29
  0.21475642E+14 -0.14642369E-28 -0.12789277E-28
  0.21523472E+14 -0.38479661E-29 -0.21066298E-28
  0.21571302E+14  0.10969651E-28 -0.14672653E-28
  0.21619132E+14  0.15388117E-28  0.44488947E-29
  0.21666962E+14 -0.30169499E-30  0.37925967E-29
  0.21714792E+14 -0.87477341E-30  0.13596269E-29
  0.21762622E+14 -0.81890700E-30  0.65812580E-30
  0.21810452E+14 -0.67576676E-30  0.47386441E-30
  0.21858282E+14 -0.55473409E-30  0.48592943E-30
  0.21906112E+14 -0.46589818E-30  0.57785481E-30
  0.21953942E+14 -0.41044760E-30  0.69467298E-30
  0.22001771E+14 -0.37933180E-30  0.81384491E-30
  0.22049601E+14 -0.36669115E-30  0.92385290E-30
  0.22097431E+14 -0.36529277E-30  0.10181583E-29
  0.22145261E+14 -0.36902427E-30  0.10972970E-29
  0.22193091E+14 -0.37673378E-30  0.11650357E-29
  0.22240921E+14 -0.38707715E-30  0.12194473E-29
  0.22288751E+14 -0.39397362E-30  0.12627832E-29
  0.22336581E+14 -0.40384165E-30  0.12977835E-29
  0.22384411E+14 -0.40665436E-30  0.13245064E-29
  0.22432241E+14 -0.41261482E-30  0.13450406E-29
  0.22480071E+14 -0.41159004E-30  0.13604823E-29
  0.22527901E+14 -0.41068137E-30  0.13720271E-29
  0.22575731E+14 -0.40746994E-30  0.13792777E-29
  0.22623561E+14 -0.40110786E-30  0.13857618E-29
  0.22671391E+14 -0.39385838E-30  0.13880674E-29
  0.22719221E+14 -0.38369070E-30  0.13904703E-29
  0.22767050E+14 -0.37275109E-30  0.13910473E-29
  0.22814880E+14 -0.36085056E-30  0.13908131E-29
  0.22862710E+14 -0.34550566E-30  0.13910912E-29
  0.22910540E+14 -0.33407610E-30  0.13903034E-29
  0.22958370E+14 -0.31661478E-30  0.13897772E-29
  0.23006200E+14 -0.30133911E-30  0.13898482E-29
  0.23054030E+14 -0.28547484E-30  0.13890110E-29
  0.23101860E+14 -0.26879101E-30  0.13902228E-29
  0.23149690E+14 -0.25242429E-30  0.13900397E-29
  0.23197520E+14 -0.23735627E-30  0.13917994E-29
  0.23245350E+14 -0.21954924E-30  0.13923580E-29
  0.23293180E+14 -0.20513089E-30  0.13963373E-29
  0.23341010E+14 -0.18734275E-30  0.13953595E-29
  0.23388840E+14 -0.17465291E-30  0.14031117E-29
  0.23436670E+14 -0.16148546E-30  0.14022422E-29
  0.23484500E+14 -0.14442860E-30  0.14087913E-29
  0.23532329E+14 -0.13569476E-30  0.14105662E-29
  0.23580159E+14 -0.12036338E-30  0.14155095E-29
  0.23627989E+14 -0.11299040E-30  0.14196591E-29
  0.23675819E+14 -0.99247806E-31  0.14241524E-29
  0.23723649E+14 -0.89503205E-31  0.14289979E-29
  0.23771479E+14 -0.79343389E-31  0.14334134E-29
  0.23819309E+14 -0.75044051E-31  0.14398265E-29
  0.23867139E+14 -0.65765524E-31  0.14406444E-29
  0.23914969E+14 -0.60238476E-31  0.14493872E-29
  0.23962799E+14 -0.59054587E-31  0.14484165E-29
  0.24010629E+14 -0.47919008E-31  0.14551542E-29
  0.24058459E+14 -0.50287310E-31  0.14588119E-29
  0.24106289E+14 -0.38897212E-31  0.14583501E-29
  0.24154119E+14 -0.41240056E-31  0.14679819E-29
  0.24201949E+14 -0.40978387E-31  0.14623205E-29
  0.24249779E+14 -0.34379151E-31  0.14716861E-29
  0.24297609E+14 -0.36752443E-31  0.14697493E-29
  0.24345438E+14 -0.29533124E-31  0.14734735E-29
  0.24393268E+14 -0.34539102E-31  0.14752099E-29
  0.24441098E+14 -0.36745603E-31  0.14734276E-29
  0.24488928E+14 -0.33100527E-31  0.14789106E-29
  0.24536758E+14 -0.32979360E-31  0.14795740E-29
  0.24584588E+14 -0.30464991E-31  0.14849806E-29
  0.24632418E+14 -0.38516984E-31  0.14915715E-29
  0.24680248E+14 -0.41732982E-31  0.14981252E-29
  0.24728078E+14 -0.44728022E-31  0.15127752E-29
  0.24775908E+14 -0.66893762E-31  0.15483871E-29
  0.24823738E+14 -0.13350137E-30  0.15440173E-29
  0.24871568E+14 -0.17524695E-30  0.15221405E-29
  0.24919398E+14 -0.20958821E-30  0.14755462E-29
  0.24967228E+14 -0.22386458E-30  0.14435612E-29
  0.25015058E+14 -0.24779315E-30  0.13982685E-29
  0.25062888E+14 -0.25034847E-30  0.13574978E-29
  0.25110717E+14 -0.25388807E-30  0.13113332E-29
  0.25158547E+14 -0.25149090E-30  0.12628514E-29
  0.25206377E+14 -0.24243082E-30  0.12212159E-29
  0.25254207E+14 -0.23325019E-30  0.11722338E-29
  0.25302037E+14 -0.20491020E-30  0.11320606E-29
  0.25349867E+14 -0.19542081E-30  0.10868188E-29
  0.25397697E+14 -0.15744853E-30  0.10475536E-29
  0.25445527E+14 -0.13213306E-30  0.10068340E-29
  0.25493357E+14 -0.86338775E-31  0.97606078E-30
  0.25541187E+14 -0.52356797E-31  0.94248577E-30
  0.25589017E+14 -0.95947231E-33  0.91621081E-30
  0.25636847E+14  0.44719762E-31  0.89270470E-30
  0.25684677E+14  0.96708275E-31  0.87517429E-30
  0.25732507E+14  0.15406569E-30  0.86190855E-30
  0.25780337E+14  0.20306402E-30  0.85171802E-30
  0.25828167E+14  0.25212623E-30  0.85492503E-30
  0.25875996E+14  0.32618036E-30  0.84867158E-30
  0.25923826E+14  0.36301307E-30  0.86815295E-30
  0.25971656E+14  0.46179958E-30  0.89429922E-30
  0.26019486E+14  0.48260125E-30  0.87999356E-30
  0.26067316E+14  0.51849718E-30  0.94112458E-30
  0.26115146E+14  0.64212686E-30  0.98756842E-30
  0.26162976E+14  0.68988257E-30  0.10004670E-29
  0.26210806E+14  0.57071753E-30  0.10622111E-29
  0.26258636E+14  0.74567119E-30  0.11391568E-29
  0.26306466E+14  0.80659499E-30  0.11539198E-29
  0.26354296E+14  0.82922631E-30  0.12212782E-29
  0.26402126E+14  0.78431427E-30  0.13153107E-29
  0.26449956E+14  0.79296662E-30  0.13739385E-29
  0.26497786E+14  0.81899899E-30  0.14562822E-29
  0.26545616E+14  0.81292381E-30  0.15377931E-29
  0.26593446E+14  0.78931130E-30  0.16213064E-29
  0.26641275E+14  0.75900741E-30  0.17001104E-29
  0.26689105E+14  0.69859871E-30  0.17839067E-29
  0.26736935E+14  0.64832065E-30  0.18704818E-29
  0.26784765E+14  0.56289843E-30  0.19088365E-29
  0.26832595E+14  0.47034687E-30  0.19831349E-29
  0.26880425E+14  0.34222237E-30  0.19900003E-29
  0.26928255E+14  0.22134473E-30  0.19722624E-29
  0.26976085E+14  0.17309752E-30  0.19038669E-29
  0.27023915E+14  0.00000000E+00  0.18571109E-29
  0.27071745E+14  0.00000000E+00  0.17557463E-29
  0.27119575E+14  0.00000000E+00  0.16975171E-29
  0.27167405E+14  0.00000000E+00  0.16547282E-29
  0.27215235E+14  0.00000000E+00  0.16205541E-29
  0.27263065E+14  0.00000000E+00  0.15919975E-29
  0.27310895E+14  0.00000000E+00  0.15674224E-29
  0.27358725E+14  0.00000000E+00  0.15458225E-29
  0.27406554E+14  0.00000000E+00  0.15265298E-29
  0.27454384E+14  0.00000000E+00  0.15090762E-29
  0.27502214E+14  0.00000000E+00  0.14931207E-29
  0.27550044E+14  0.00000000E+00  0.14784069E-29
  0.27597874E+14  0.00000000E+00  0.14647371E-29
  0.27645704E+14  0.00000000E+00  0.14519560E-29
  0.27693534E+14  0.00000000E+00  0.14399394E-29
  0.27741364E+14  0.00000000E+00  0.14285863E-29
  0.27789194E+14  0.00000000E+00  0.14178139E-29
  0.27837024E+14  0.00000000E+00  0.14075533E-29
  0.27884854E+14  0.00000000E+00  0.13977468E-29
  0.27932684E+14  0.00000000E+00  0.13883456E-29
  0.27980514E+14  0.00000000E+00  0.13793079E-29
  0.28028344E+14  0.00000000E+00  0.13705981E-29
  0.28076174E+14  0.00000000E+00  0.13621851E-29
  0.28124004E+14  0.00000000E+00  0.13540422E-29
  0.28171833E+14  0.00000000E+00  0.13461460E-29
  0.28219663E+14  0.00000000E+00  0.13384757E-29
  0.28267493E+14  0.00000000E+00  0.13310134E-29
  0.28315323E+14  0.00000000E+00  0.13237428E-29
  0.28363153E+14  0.00000000E+00  0.13166497E-29
  0.28410983E+14  0.00000000E+00  0.13097214E-29
  0.28458813E+14  0.00000000E+00  0.13029465E-29
  0.28506643E+14  0.00000000E+00  0.12963146E-29
  0.28554473E+14  0.00000000E+00  0.12898166E-29
  0.28602303E+14  0.00000000E+00  0.12834441E-29
  0.28650133E+14  0.00000000E+00  0.12771896E-29
  0.28697963E+14  0.00000000E+00  0.12710462E-29
  0.28745793E+14  0.00000000E+00  0.12650077E-29
  0.28793623E+14  0.00000000E+00  0.12590683E-29
  0.28841453E+14  0.00000000E+00  0.12532229E-29
  0.28889283E+14  0.00000000E+00  0.12474666E-29
  0.28937112E+14  0.00000000E+00  0.12417951E-29
  0.28984942E+14  0.00000000E+00  0.12362043E-29
  0.29032772E+14  0.00000000E+00  0.12306905E-29
  0.29080602E+14  0.00000000E+00  0.12252503E-29
  0.29128432E+14  0.00000000E+00  0.12198805E-29
  0.29176262E+14  0.00000000E+00  0.12145781E-29
  0.29224092E+14  0.00000000E+00  0.12093404E-29
  0.29271922E+14  0.00000000E+00  0.12041649E-29
  0.29319752E+14  0.00000000E+00  0.11990492E-29
  0.29367582E+14  0.00000000E+00  0.11939910E-29
  0.29415412E+14  0.00000000E+00  0.11889884E-29
  0.29463242E+14  0.00000000E+00  0.11840393E-29
  0.29511072E+14  0.00000000E+00  0.11791420E-29
  0.29558902E+14  0.00000000E+00  0.11742948E-29
  0.29606732E+14  0.00000000E+00  0.11694961E-29
  0.29654562E+14  0.00000000E+00  0.11647443E-29
  0.29702391E+14  0.00000000E+00  0.11600382E-29
  0.29750221E+14  0.00000000E+00  0.11553763E-29
  0.29798051E+14  0.00000000E+00  0.11507574E-29
  0.29845881E+14  0.00000000E+00  0.11461803E-29
  0.29893711E+14  0.00000000E+00  0.11416439E-29
  0.29941541E+14  0.00000000E+00  0.11371472E-29
  0.29989371E+14  0.00000000E+00  0.11326891E-29
  0.30037201E+14  0.00000000E+00  0.11282687E-29
  0.30085031E+14  0.00000000E+00  0.11238851E-29
  0.30132861E+14  0.00000000E+00  0.11195374E-29
  0.30180691E+14  0.00000000E+00  0.11152248E-29
  0.30228521E+14  0.00000000E+00  0.11109466E-29
  0.30276351E+14  0.00000000E+00  0.11067020E-29
  0.30324181E+14  0.00000000E+00  0.11024902E-29
  0.30372011E+14  0.00000000E+00  0.10983107E-29
  0.30419841E+14  0.00000000E+00  0.10941627E-29
  0.30467671E+14  0.00000000E+00  0.10900456E-29
  0.30515500E+14  0.00000000E+00  0.10859589E-29
  0.30563330E+14  0.00000000E+00  0.10819021E-29
  0.30611160E+14  0.00000000E+00  0.10778744E-29
  0.30658990E+14  0.00000000E+00  0.10738755E-29
  0.30706820E+14  0.00000000E+00  0.10699048E-29
  0.30754650E+14  0.00000000E+00  0.10659618E-29
  0.30802480E+14  0.00000000E+00  0.10620461E-29
  0.30850310E+14  0.00000000E+00  0.10581573E-29
  0.30898140E+14  0.00000000E+00  0.10542948E-29
  0.30945970E+14  0.00000000E+00  0.10504584E-29
  0.30993800E+14  0.00000000E+00  0.10466475E-29
  0.31041630E+14  0.00000000E+00  0.10428618E-29
  0.31089460E+14  0.00000000E+00  0.10391010E-29
  0.31137290E+14  0.00000000E+00  0.10353646E-29
  0.31185120E+14  0.00000000E+00  0.10316524E-29
  0.31232950E+14  0.00000000E+00  0.10279639E-29
  0.31280779E+14  0.00000000E+00  0.10242989E-29
  0.31328609E+14  0.00000000E+00  0.10206571E-29
  0.31376439E+14  0.00000000E+00  0.10170380E-29
  0.31424269E+14  0.00000000E+00  0.10134416E-29
  0.31472099E+14  0.00000000E+00  0.10098673E-29
  0.31519929E+14  0.00000000E+00  0.10063150E-29
  0.31567759E+14  0.00000000E+00  0.10027845E-29
  0.31615589E+14  0.00000000E+00  0.99927531E-30
  0.31663419E+14  0.00000000E+00  0.99578734E-30
  0.31711249E+14  0.00000000E+00  0.99232028E-30
  0.31759079E+14  0.00000000E+00  0.98887389E-30
  0.31806909E+14  0.00000000E+00  0.98544795E-30
  0.31854739E+14  0.00000000E+00  0.98204220E-30
  0.31902569E+14  0.00000000E+00  0.97865644E-30
  0.31950399E+14  0.00000000E+00  0.97529043E-30
  0.31998229E+14  0.00000000E+00  0.97194397E-30
  0.32046058E+14  0.00000000E+00  0.96861683E-30
  0.32093888E+14  0.00000000E+00  0.96530882E-30
  0.32141718E+14  0.00000000E+00  0.96201973E-30
  0.32189548E+14  0.00000000E+00  0.95874937E-30
  0.32237378E+14  0.00000000E+00  0.95549754E-30
  0.32285208E+14  0.00000000E+00  0.95226406E-30
  0.32333038E+14  0.00000000E+00  0.94904874E-30
  0.32380868E+14  0.00000000E+00  0.94585141E-30
  0.32428698E+14  0.00000000E+00  0.94267188E-30
  0.32476528E+14  0.00000000E+00  0.93950998E-30
  0.32524358E+14  0.00000000E+00  0.93636554E-30
  0.32572188E+14  0.00000000E+00  0.93323840E-30
  0.32620018E+14  0.00000000E+00  0.93012840E-30
  0.32667848E+14  0.00000000E+00  0.92703537E-30
  0.32715678E+14  0.00000000E+00  0.92395915E-30
  0.32763508E+14  0.00000000E+00  0.92089960E-30
  0.32811337E+14  0.00000000E+00  0.91785656E-30
  0.32859167E+14  0.00000000E+00  0.91482988E-30
  0.32906997E+14  0.00000000E+00  0.91181942E-30
  0.32954827E+14  0.00000000E+00  0.90882503E-30
  0.33002657E+14  0.00000000E+00  0.90584658E-30
  0.33050487E+14  0.00000000E+00  0.90288391E-30
  0.33098317E+14  0.00000000E+00  0.89993691E-30
  0.33146147E+14  0.00000000E+00  0.89700542E-30
  0.33193977E+14  0.00000000E+00  0.89408933E-30
  0.33241807E+14  0.00000000E+00  0.89118850E-30
  0.33289637E+14  0.00000000E+00  0.88830280E-30
  0.33337467E+14  0.00000000E+00  0.88543211E-30
  0.33385297E+14  0.00000000E+00  0.88257631E-30
  0.33433127E+14  0.00000000E+00  0.87973526E-30
  0.33480957E+14  0.00000000E+00  0.87690886E-30
  0.33528787E+14  0.00000000E+00  0.87409698E-30
  0.33576616E+14  0.00000000E+00  0.87129950E-30
  0.33624446E+14  0.00000000E+00  0.86851632E-30
  0.33672276E+14  0.00000000E+00  0.86574731E-30
  0.33720106E+14  0.00000000E+00  0.86299237E-30
  0.33767936E+14  0.00000000E+00  0.86025139E-30
  0.33815766E+14  0.00000000E+00  0.85752425E-30
  0.33863596E+14  0.00000000E+00  0.85481085E-30
  0.33911426E+14  0.00000000E+00  0.85211108E-30
  0.33959256E+14  0.00000000E+00  0.84942484E-30
  0.34007086E+14  0.00000000E+00  0.84675203E-30
  0.34054916E+14  0.00000000E+00  0.84409254E-30
  0.34102746E+14  0.00000000E+00  0.84144627E-30
  0.34150576E+14  0.00000000E+00  0.83881313E-30
  0.34198406E+14  0.00000000E+00  0.83619301E-30
  0.34246236E+14  0.00000000E+00  0.83358582E-30
  0.34294066E+14  0.00000000E+00  0.83099147E-30
  0.34341895E+14  0.00000000E+00  0.82840985E-30
  0.34389725E+14  0.00000000E+00  0.82584088E-30
  0.34437555E+14  0.00000000E+00  0.82328446E-30
  0.34485385E+14  0.00000000E+00  0.82074051E-30
  0.34533215E+14  0.00000000E+00  0.81820893E-30
  0.34581045E+14  0.00000000E+00  0.81568963E-30
  0.34628875E+14  0.00000000E+00  0.81318252E-30
  0.34676705E+14  0.00000000E+00  0.81068753E-30
  0.34724535E+14  0.00000000E+00  0.80820455E-30
  0.34772365E+14  0.00000000E+00  0.80573351E-30
  0.34820195E+14  0.00000000E+00  0.80327433E-30
  0.34868025E+14  0.00000000E+00  0.80082692E-30
  0.34915855E+14  0.00000000E+00  0.79839119E-30
  0.34963685E+14  0.00000000E+00  0.79596707E-30
  0.35011515E+14  0.00000000E+00  0.79355447E-30
  0.35059345E+14  0.00000000E+00  0.79115333E-30
  0.35107174E+14  0.00000000E+00  0.78876354E-30
  0.35155004E+14  0.00000000E+00  0.78638505E-30
  0.35202834E+14  0.00000000E+00  0.78401777E-30
  0.35250664E+14  0.00000000E+00  0.78166163E-30
  0.35298494E+14  0.00000000E+00  0.77931654E-30
  0.35346324E+14  0.00000000E+00  0.77698245E-30
  0.35394154E+14  0.00000000E+00  0.77465926E-30
  0.35441984E+14  0.00000000E+00  0.77234691E-30
  0.35489814E+14  0.00000000E+00  0.77004533E-30
  0.35537644E+14  0.00000000E+00  0.76775444E-30
  0.35585474E+14  0.00000000E+00  0.76547417E-30
  0.35633304E+14  0.00000000E+00  0.76320445E-30
  0.35681134E+14  0.00000000E+00  0.76094522E-30
  0.35728964E+14  0.00000000E+00  0.75869640E-30
  0.35776794E+14  0.00000000E+00  0.75645792E-30
  0.35824624E+14  0.00000000E+00  0.75422973E-30
  0.35872453E+14  0.00000000E+00  0.75201174E-30
  0.35920283E+14  0.00000000E+00  0.74980389E-30
  0.35968113E+14  0.00000000E+00  0.74760613E-30
  0.36015943E+14  0.00000000E+00  0.74541837E-30
  0.36063773E+14  0.00000000E+00  0.74324056E-30
  0.36111603E+14  0.00000000E+00  0.74107264E-30
  0.36159433E+14  0.00000000E+00  0.73891454E-30
  0.36207263E+14  0.00000000E+00  0.73676619E-30
  0.36255093E+14  0.00000000E+00  0.73462754E-30
  0.36302923E+14  0.00000000E+00  0.73249852E-30
  0.36350753E+14  0.00000000E+00  0.73037908E-30
  0.36398583E+14  0.00000000E+00  0.72826915E-30
  0.36446413E+14  0.00000000E+00  0.72616866E-30
  0.36494243E+14  0.00000000E+00  0.72407757E-30
  0.36542073E+14  0.00000000E+00  0.72199582E-30
  0.36589903E+14  0.00000000E+00  0.71992333E-30
  0.36637733E+14  0.00000000E+00  0.71786007E-30
  0.36685562E+14  0.00000000E+00  0.71580596E-30
  0.36733392E+14  0.00000000E+00  0.71376096E-30
  0.36781222E+14  0.00000000E+00  0.71172500E-30
  0.36829052E+14  0.00000000E+00  0.70969803E-30
  0.36876882E+14  0.00000000E+00  0.70767999E-30
  0.36924712E+14  0.00000000E+00  0.70567084E-30
  0.36972542E+14  0.00000000E+00  0.70367050E-30
  0.37020372E+14  0.00000000E+00  0.70167894E-30
  0.37068202E+14  0.00000000E+00  0.69969610E-30
  0.37116032E+14  0.00000000E+00  0.69772192E-30
  0.37163862E+14  0.00000000E+00  0.69575635E-30
  0.37211692E+14  0.00000000E+00  0.69379933E-30
  0.37259522E+14  0.00000000E+00  0.69185083E-30
  0.37307352E+14  0.00000000E+00  0.68991078E-30
  0.37355182E+14  0.00000000E+00  0.68797913E-30
  0.37403012E+14  0.00000000E+00  0.68605584E-30
  0.37450841E+14  0.00000000E+00  0.68414085E-30
  0.37498671E+14  0.00000000E+00  0.68223411E-30
  0.37546501E+14  0.00000000E+00  0.68033558E-30
  0.37594331E+14  0.00000000E+00  0.67844520E-30
  0.37642161E+14  0.00000000E+00  0.67656293E-30
  0.37689991E+14  0.00000000E+00  0.67468872E-30
  0.37737821E+14  0.00000000E+00  0.67282251E-30
  0.37785651E+14  0.00000000E+00  0.67096428E-30
  0.37833481E+14  0.00000000E+00  0.66911395E-30
  0.37881311E+14  0.00000000E+00  0.66727150E-30
  0.37929141E+14  0.00000000E+00  0.66543687E-30
  0.37976971E+14  0.00000000E+00  0.66361001E-30
  0.38024801E+14  0.00000000E+00  0.66179089E-30
  0.38072631E+14  0.00000000E+00  0.65997946E-30
  0.38120461E+14  0.00000000E+00  0.65817566E-30
  0.38168291E+14  0.00000000E+00  0.65637947E-30
  0.38216120E+14  0.00000000E+00  0.65459082E-30
  0.38263950E+14  0.00000000E+00  0.65280968E-30
  0.38311780E+14  0.00000000E+00  0.65103601E-30
  0.38359610E+14  0.00000000E+00  0.64926977E-30
  0.38407440E+14  0.00000000E+00  0.64751090E-30
  0.38455270E+14  0.00000000E+00  0.64575937E-30
  0.38503100E+14  0.00000000E+00  0.64401513E-30
  0.38550930E+14  0.00000000E+00  0.64227815E-30
  0.38598760E+14  0.00000000E+00  0.64054837E-30
  0.38646590E+14  0.00000000E+00  0.63882577E-30
  0.38694420E+14  0.00000000E+00  0.63711030E-30
  0.38742250E+14  0.00000000E+00  0.63540191E-30
  0.38790080E+14  0.00000000E+00  0.63370058E-30
  0.38837910E+14  0.00000000E+00  0.63200625E-30
  0.38885740E+14  0.00000000E+00  0.63031889E-30
  0.38933570E+14  0.00000000E+00  0.62863846E-30
  0.38981399E+14  0.00000000E+00  0.62696492E-30
  0.39029229E+14  0.00000000E+00  0.62529823E-30
  0.39077059E+14  0.00000000E+00  0.62363836E-30
  0.39124889E+14  0.00000000E+00  0.62198526E-30
  0.39172719E+14  0.00000000E+00  0.62033889E-30
  0.39220549E+14  0.00000000E+00  0.61869923E-30
  0.39268379E+14  0.00000000E+00  0.61706622E-30
  0.39316209E+14  0.00000000E+00  0.61543985E-30
  0.39364039E+14  0.00000000E+00  0.61382005E-30
  0.39411869E+14  0.00000000E+00  0.61220681E-30
  0.39459699E+14  0.00000000E+00  0.61060009E-30
  0.39507529E+14  0.00000000E+00  0.60899984E-30
  0.39555359E+14  0.00000000E+00  0.60740604E-30
  0.39603189E+14  0.00000000E+00  0.60581864E-30
  0.39651019E+14  0.00000000E+00  0.60423761E-30
  0.39698849E+14  0.00000000E+00  0.60266293E-30
  0.39746678E+14  0.00000000E+00  0.60109454E-30
  0.39794508E+14  0.00000000E+00  0.59953242E-30
  0.39842338E+14  0.00000000E+00  0.59797654E-30
  0.39890168E+14  0.00000000E+00  0.59642685E-30
  0.39937998E+14  0.00000000E+00  0.59488333E-30
  0.39985828E+14  0.00000000E+00  0.59334594E-30
  0.40033658E+14  0.00000000E+00  0.59181465E-30
  0.40081488E+14  0.00000000E+00  0.59028943E-30
  0.40129318E+14  0.00000000E+00  0.58877024E-30
  0.40177148E+14  0.00000000E+00  0.58725705E-30
  0.40224978E+14  0.00000000E+00  0.58574982E-30
  0.40272808E+14  0.00000000E+00  0.58424854E-30
  0.40320638E+14  0.00000000E+00  0.58275315E-30
  0.40368468E+14  0.00000000E+00  0.58126364E-30
  0.40416298E+14  0.00000000E+00  0.57977997E-30
  0.40464128E+14  0.00000000E+00  0.57830210E-30
  0.40511957E+14  0.00000000E+00  0.57683002E-30
  0.40559787E+14  0.00000000E+00  0.57536368E-30
  0.40607617E+14  0.00000000E+00  0.57390306E-30
  0.40655447E+14  0.00000000E+00  0.57244812E-30
  0.40703277E+14  0.00000000E+00  0.57099884E-30
  0.40751107E+14  0.00000000E+00  0.56955519E-30
  0.40798937E+14  0.00000000E+00  0.56811713E-30
  0.40846767E+14  0.00000000E+00  0.56668464E-30
  0.40894597E+14  0.00000000E+00  0.56525769E-30
  0.40942427E+14  0.00000000E+00  0.56383624E-30
  0.40990257E+14  0.00000000E+00  0.56242027E-30
  0.41038087E+14  0.00000000E+00  0.56100975E-30
  0.41085917E+14  0.00000000E+00  0.55960466E-30
  0.41133747E+14  0.00000000E+00  0.55820495E-30
  0.41181577E+14  0.00000000E+00  0.55681062E-30
  0.41229407E+14  0.00000000E+00  0.55542161E-30
  0.41277236E+14  0.00000000E+00  0.55403792E-30
  0.41325066E+14  0.00000000E+00  0.55265951E-30
  0.41372896E+14  0.00000000E+00  0.55128635E-30
  0.41420726E+14  0.00000000E+00  0.54991842E-30
  0.41468556E+14  0.00000000E+00  0.54855569E-30
  0.41516386E+14  0.00000000E+00  0.54719813E-30
  0.41564216E+14  0.00000000E+00  0.54584572E-30
  0.41612046E+14  0.00000000E+00  0.54449842E-30
  0.41659876E+14  0.00000000E+00  0.54315622E-30
  0.41707706E+14  0.00000000E+00  0.54181908E-30
  0.41755536E+14  0.00000000E+00  0.54048699E-30
  0.41803366E+14  0.00000000E+00  0.53915991E-30
  0.41851196E+14  0.00000000E+00  0.53783782E-30
  0.41899026E+14  0.00000000E+00  0.53652069E-30
  0.41946856E+14  0.00000000E+00  0.53520850E-30
  0.41994686E+14  0.00000000E+00  0.53390123E-30
  0.42042516E+14  0.00000000E+00  0.53259884E-30
  0.42090345E+14  0.00000000E+00  0.53130131E-30
  0.42138175E+14  0.00000000E+00  0.53000862E-30
  0.42186005E+14  0.00000000E+00  0.52872075E-30
  0.42233835E+14  0.00000000E+00  0.52743767E-30
  0.42281665E+14  0.00000000E+00  0.52615935E-30
  0.42329495E+14  0.00000000E+00  0.52488577E-30
  0.42377325E+14  0.00000000E+00  0.52361691E-30
  0.42425155E+14  0.00000000E+00  0.52235274E-30
  0.42472985E+14  0.00000000E+00  0.52109324E-30
  0.42520815E+14  0.00000000E+00  0.51983839E-30
  0.42568645E+14  0.00000000E+00  0.51858816E-30
  0.42616475E+14  0.00000000E+00  0.51734253E-30
  0.42664305E+14  0.00000000E+00  0.51610148E-30
  0.42712135E+14  0.00000000E+00  0.51486498E-30
  0.42759965E+14  0.00000000E+00  0.51363301E-30
  0.42807795E+14  0.00000000E+00  0.51240555E-30
  0.42855624E+14  0.00000000E+00  0.51118258E-30
  0.42903454E+14  0.00000000E+00  0.50996407E-30
  0.42951284E+14  0.00000000E+00  0.50875001E-30
  0.42999114E+14  0.00000000E+00  0.50754036E-30
  0.43046944E+14  0.00000000E+00  0.50633511E-30
  0.43094774E+14  0.00000000E+00  0.50513424E-30
  0.43142604E+14  0.00000000E+00  0.50393772E-30
  0.43190434E+14  0.00000000E+00  0.50274554E-30
  0.43238264E+14  0.00000000E+00  0.50155766E-30
  0.43286094E+14  0.00000000E+00  0.50037408E-30
  0.43333924E+14  0.00000000E+00  0.49919477E-30
  0.43381754E+14  0.00000000E+00  0.49801971E-30
  0.43429584E+14  0.00000000E+00  0.49684887E-30
  0.43477414E+14  0.00000000E+00  0.49568224E-30
  0.43525244E+14  0.00000000E+00  0.49451980E-30
  0.43573074E+14  0.00000000E+00  0.49336153E-30
  0.43620903E+14  0.00000000E+00  0.49220740E-30
  0.43668733E+14  0.00000000E+00  0.49105739E-30
  0.43716563E+14  0.00000000E+00  0.48991150E-30
  0.43764393E+14  0.00000000E+00  0.48876968E-30
  0.43812223E+14  0.00000000E+00  0.48763194E-30
  0.43860053E+14  0.00000000E+00  0.48649824E-30
  0.43907883E+14  0.00000000E+00  0.48536857E-30
  0.43955713E+14  0.00000000E+00  0.48424291E-30
  0.44003543E+14  0.00000000E+00  0.48312123E-30
  0.44051373E+14  0.00000000E+00  0.48200352E-30
  0.44099203E+14  0.00000000E+00  0.48088977E-30
  0.44147033E+14  0.00000000E+00  0.47977994E-30
  0.44194863E+14  0.00000000E+00  0.47867403E-30
  0.44242693E+14  0.00000000E+00  0.47757201E-30
  0.44290523E+14  0.00000000E+00  0.47647387E-30
  0.44338353E+14  0.00000000E+00  0.47537958E-30
  0.44386182E+14  0.00000000E+00  0.47428913E-30
  0.44434012E+14  0.00000000E+00  0.47320250E-30
  0.44481842E+14  0.00000000E+00  0.47211967E-30
  0.44529672E+14  0.00000000E+00  0.47104063E-30
  0.44577502E+14  0.00000000E+00  0.46996535E-30
  0.44625332E+14  0.00000000E+00  0.46889382E-30
  0.44673162E+14  0.00000000E+00  0.46782602E-30
  0.44720992E+14  0.00000000E+00  0.46676194E-30
  0.44768822E+14  0.00000000E+00  0.46570154E-30
  0.44816652E+14  0.00000000E+00  0.46464483E-30
  0.44864482E+14  0.00000000E+00  0.46359178E-30
  0.44912312E+14  0.00000000E+00  0.46254237E-30
  0.44960142E+14  0.00000000E+00  0.46149658E-30
  0.45007972E+14  0.00000000E+00  0.46045441E-30
  0.45055802E+14  0.00000000E+00  0.45941583E-30
  0.45103632E+14  0.00000000E+00  0.45838082E-30
  0.45151461E+14  0.00000000E+00  0.45734937E-30
  0.45199291E+14  0.00000000E+00  0.45632146E-30
  0.45247121E+14  0.00000000E+00  0.45529708E-30
  0.45294951E+14  0.00000000E+00  0.45427621E-30
  0.45342781E+14  0.00000000E+00  0.45325884E-30
  0.45390611E+14  0.00000000E+00  0.45224493E-30
  0.45438441E+14  0.00000000E+00  0.45123449E-30
  0.45486271E+14  0.00000000E+00  0.45022750E-30
  0.45534101E+14  0.00000000E+00  0.44922393E-30
  0.45581931E+14  0.00000000E+00  0.44822378E-30
  0.45629761E+14  0.00000000E+00  0.44722702E-30
  0.45677591E+14  0.00000000E+00  0.44623365E-30
  0.45725421E+14  0.00000000E+00  0.44524364E-30
  0.45773251E+14  0.00000000E+00  0.44425698E-30
  0.45821081E+14  0.00000000E+00  0.44327366E-30
  0.45868911E+14  0.00000000E+00  0.44229366E-30
  0.45916740E+14  0.00000000E+00  0.44131696E-30
  0.45964570E+14  0.00000000E+00  0.44034356E-30
  0.46012400E+14  0.00000000E+00  0.43937342E-30
  0.46060230E+14  0.00000000E+00  0.43840655E-30
  0.46108060E+14  0.00000000E+00  0.43744292E-30
  0.46155890E+14  0.00000000E+00  0.43648253E-30
  0.46203720E+14  0.00000000E+00  0.43552534E-30
  0.46251550E+14  0.00000000E+00  0.43457136E-30
  0.46299380E+14  0.00000000E+00  0.43362057E-30
  0.46347210E+14  0.00000000E+00  0.43267295E-30
  0.46395040E+14  0.00000000E+00  0.43172848E-30
  0.46442870E+14  0.00000000E+00  0.43078716E-30
  0.46490700E+14  0.00000000E+00  0.42984897E-30
  0.46538530E+14  0.00000000E+00  0.42891390E-30
  0.46586360E+14  0.00000000E+00  0.42798192E-30
  0.46634190E+14  0.00000000E+00  0.42705303E-30
  0.46682019E+14  0.00000000E+00  0.42612722E-30
  0.46729849E+14  0.00000000E+00  0.42520447E-30
  0.46777679E+14  0.00000000E+00  0.42428476E-30
  0.46825509E+14  0.00000000E+00  0.42336808E-30
  0.46873339E+14  0.00000000E+00  0.42245443E-30
  0.46921169E+14  0.00000000E+00  0.42154378E-30
  0.46968999E+14  0.00000000E+00  0.42063612E-30
  0.47016829E+14  0.00000000E+00  0.41973144E-30
  0.47064659E+14  0.00000000E+00  0.41882972E-30
  0.47112489E+14  0.00000000E+00  0.41793096E-30
  0.47160319E+14  0.00000000E+00  0.41703514E-30
  0.47208149E+14  0.00000000E+00  0.41614224E-30
  0.47255979E+14  0.00000000E+00  0.41525226E-30
  0.47303809E+14  0.00000000E+00  0.41436517E-30
  0.47351639E+14  0.00000000E+00  0.41348098E-30
  0.47399469E+14  0.00000000E+00  0.41259966E-30
  0.47447298E+14  0.00000000E+00  0.41172120E-30
  0.47495128E+14  0.00000000E+00  0.41084559E-30
  0.47542958E+14  0.00000000E+00  0.40997282E-30
  0.47590788E+14  0.00000000E+00  0.40910288E-30
  0.47638618E+14  0.00000000E+00  0.40823575E-30
  0.47686448E+14  0.00000000E+00  0.40737141E-30
  0.47734278E+14  0.00000000E+00  0.40650987E-30
  0.47782108E+14  0.00000000E+00  0.40565110E-30
  0.47829938E+14  0.00000000E+00  0.40479509E-30
  0.47877768E+14  0.00000000E+00  0.40394184E-30
  0.47925598E+14  0.00000000E+00  0.40309132E-30
  0.47973428E+14  0.00000000E+00  0.40224354E-30
  0.48021258E+14  0.00000000E+00  0.40139847E-30
  0.48069088E+14  0.00000000E+00  0.40055610E-30
  0.48116918E+14  0.00000000E+00  0.39971643E-30
  0.48164748E+14  0.00000000E+00  0.39887943E-30
  0.48212578E+14  0.00000000E+00  0.39804511E-30
  0.48260407E+14  0.00000000E+00  0.39721344E-30
  0.48308237E+14  0.00000000E+00  0.39638443E-30
  0.48356067E+14  0.00000000E+00  0.39555804E-30
  0.48403897E+14  0.00000000E+00  0.39473428E-30
  0.48451727E+14  0.00000000E+00  0.39391313E-30
  0.48499557E+14  0.00000000E+00  0.39309458E-30
  0.48547387E+14  0.00000000E+00  0.39227863E-30
  0.48595217E+14  0.00000000E+00  0.39146525E-30
  0.48643047E+14  0.00000000E+00  0.39065444E-30
  0.48690877E+14  0.00000000E+00  0.38984618E-30
  0.48738707E+14  0.00000000E+00  0.38904047E-30
  0.48786537E+14  0.00000000E+00  0.38823730E-30
  0.48834367E+14  0.00000000E+00  0.38743665E-30
  0.48882197E+14  0.00000000E+00  0.38663852E-30
  0.48930027E+14  0.00000000E+00  0.38584289E-30
  0.48977857E+14  0.00000000E+00  0.38504975E-30
  0.49025686E+14  0.00000000E+00  0.38425909E-30
  0.49073516E+14  0.00000000E+00  0.38347090E-30
  0.49121346E+14  0.00000000E+00  0.38268518E-30
  0.49169176E+14  0.00000000E+00  0.38190191E-30
  0.49217006E+14  0.00000000E+00  0.38112107E-30
  0.49264836E+14  0.00000000E+00  0.38034267E-30
  0.49312666E+14  0.00000000E+00  0.37956668E-30
  0.49360496E+14  0.00000000E+00  0.37879311E-30
  0.49408326E+14  0.00000000E+00  0.37802193E-30
  0.49456156E+14  0.00000000E+00  0.37725314E-30
  0.49503986E+14  0.00000000E+00  0.37648674E-30
  0.49551816E+14  0.00000000E+00  0.37572270E-30
  0.49599646E+14  0.00000000E+00  0.37496102E-30
  0.49647476E+14  0.00000000E+00  0.37420169E-30
  0.49695306E+14  0.00000000E+00  0.37344471E-30
  0.49743136E+14  0.00000000E+00  0.37269005E-30
  0.49790965E+14  0.00000000E+00  0.37193771E-30
  0.49838795E+14  0.00000000E+00  0.37118768E-30
  0.49886625E+14  0.00000000E+00  0.37043996E-30
  0.49934455E+14  0.00000000E+00  0.36969452E-30
  0.49982285E+14  0.00000000E+00  0.36895137E-30
  0.50030115E+14  0.00000000E+00  0.36821049E-30
  0.50077945E+14  0.00000000E+00  0.36747188E-30
  0.50125775E+14  0.00000000E+00  0.36673551E-30
  0.50173605E+14  0.00000000E+00  0.36600140E-30
  0.50221435E+14  0.00000000E+00  0.36526952E-30
  0.50269265E+14  0.00000000E+00  0.36453986E-30
  0.50317095E+14  0.00000000E+00  0.36381242E-30
  0.50364925E+14  0.00000000E+00  0.36308719E-30
  0.50412755E+14  0.00000000E+00  0.36236416E-30
  0.50460585E+14  0.00000000E+00  0.36164332E-30
  0.50508415E+14  0.00000000E+00  0.36092466E-30
  0.50556244E+14  0.00000000E+00  0.36020817E-30
  0.50604074E+14  0.00000000E+00  0.35949385E-30
  0.50651904E+14  0.00000000E+00  0.35878168E-30
  0.50699734E+14  0.00000000E+00  0.35807165E-30
  0.50747564E+14  0.00000000E+00  0.35736377E-30
  0.50795394E+14  0.00000000E+00  0.35665801E-30
  0.50843224E+14  0.00000000E+00  0.35595437E-30
  0.50891054E+14  0.00000000E+00  0.35525284E-30
  0.50938884E+14  0.00000000E+00  0.35455341E-30
  0.50986714E+14  0.00000000E+00  0.35385608E-30
  0.51034544E+14  0.00000000E+00  0.35316083E-30
  0.51082374E+14  0.00000000E+00  0.35246766E-30
  0.51130204E+14  0.00000000E+00  0.35177656E-30
  0.51178034E+14  0.00000000E+00  0.35108752E-30
  0.51225864E+14  0.00000000E+00  0.35040053E-30
  0.51273694E+14  0.00000000E+00  0.34971559E-30
  0.51321523E+14  0.00000000E+00  0.34903268E-30
  0.51369353E+14  0.00000000E+00  0.34835180E-30
  0.51417183E+14  0.00000000E+00  0.34767293E-30
  0.51465013E+14  0.00000000E+00  0.34699608E-30
  0.51512843E+14  0.00000000E+00  0.34632123E-30
  0.51560673E+14  0.00000000E+00  0.34564838E-30
  0.51608503E+14  0.00000000E+00  0.34497751E-30
  0.51656333E+14  0.00000000E+00  0.34430863E-30
  0.51704163E+14  0.00000000E+00  0.34364171E-30
  0.51751993E+14  0.00000000E+00  0.34297676E-30
  0.51799823E+14  0.00000000E+00  0.34231376E-30
  0.51847653E+14  0.00000000E+00  0.34165272E-30
  0.51895483E+14  0.00000000E+00  0.34099361E-30
  0.51943313E+14  0.00000000E+00  0.34033643E-30
  0.51991143E+14  0.00000000E+00  0.33968118E-30
  0.52038973E+14  0.00000000E+00  0.33902785E-30
  0.52086802E+14  0.00000000E+00  0.33837643E-30
  0.52134632E+14  0.00000000E+00  0.33772691E-30
  0.52182462E+14  0.00000000E+00  0.33707928E-30
  0.52230292E+14  0.00000000E+00  0.33643354E-30
  0.52278122E+14  0.00000000E+00  0.33578968E-30
  0.52325952E+14  0.00000000E+00  0.33514770E-30
  0.52373782E+14  0.00000000E+00  0.33450757E-30
  0.52421612E+14  0.00000000E+00  0.33386931E-30
  0.52469442E+14  0.00000000E+00  0.33323290E-30
  0.52517272E+14  0.00000000E+00  0.33259833E-30
  0.52565102E+14  0.00000000E+00  0.33196559E-30
  0.52612932E+14  0.00000000E+00  0.33133469E-30
  0.52660762E+14  0.00000000E+00  0.33070561E-30
  0.52708592E+14  0.00000000E+00  0.33007834E-30
  0.52756422E+14  0.00000000E+00  0.32945288E-30
  0.52804252E+14  0.00000000E+00  0.32882922E-30
  0.52852081E+14  0.00000000E+00  0.32820735E-30
  0.52899911E+14  0.00000000E+00  0.32758727E-30
  0.52947741E+14  0.00000000E+00  0.32696897E-30
  0.52995571E+14  0.00000000E+00  0.32635244E-30
  0.53043401E+14  0.00000000E+00  0.32573768E-30
  0.53091231E+14  0.00000000E+00  0.32512468E-30
  0.53139061E+14  0.00000000E+00  0.32451343E-30
  0.53186891E+14  0.00000000E+00  0.32390392E-30
  0.53234721E+14  0.00000000E+00  0.32329616E-30
  0.53282551E+14  0.00000000E+00  0.32269012E-30
  0.53330381E+14  0.00000000E+00  0.32208581E-30
  0.53378211E+14  0.00000000E+00  0.32148322E-30
  0.53426041E+14  0.00000000E+00  0.32088235E-30
  0.53473871E+14  0.00000000E+00  0.32028318E-30
  0.53521701E+14  0.00000000E+00  0.31968570E-30
  0.53569531E+14  0.00000000E+00  0.31908993E-30
  0.53617360E+14  0.00000000E+00  0.31849583E-30
  0.53665190E+14  0.00000000E+00  0.31790342E-30
  0.53713020E+14  0.00000000E+00  0.31731268E-30
  0.53760850E+14  0.00000000E+00  0.31672361E-30
  0.53808680E+14  0.00000000E+00  0.31613619E-30
  0.53856510E+14  0.00000000E+00  0.31555044E-30
  0.53904340E+14  0.00000000E+00  0.31496633E-30
  0.53952170E+14  0.00000000E+00  0.31438386E-30
  0.54000000E+14  0.00000000E+00  0.31380303E-30
