  0.47829938E+11 -0.38605902E-29  0.98455010E-29
  0.95659876E+11 -0.38616308E-29  0.71005853E-29
  0.14348981E+12 -0.38528209E-29  0.58118162E-29
  0.19131975E+12 -0.38082900E-29  0.49389666E-29
  0.23914969E+12 -0.37602272E-29  0.43541855E-29
  0.28697963E+12 -0.37715726E-29  0.38450485E-29
  0.33480957E+12 -0.37832767E-29  0.33813999E-29
  0.38263950E+12 -0.37990978E-29  0.27532465E-29
  0.43046944E+12 -0.30195737E-29  0.27084042E-29
  0.47829938E+12 -0.37991557E-29  0.29021993E-29
  0.52612932E+12 -0.38431344E-29  0.22436896E-29
  0.57395926E+12 -0.36878184E-29  0.17616611E-29
  0.62178919E+12 -0.35165937E-29  0.16519098E-29
  0.66961913E+12 -0.35342606E-29  0.14035407E-29
  0.71744907E+12 -0.34834247E-29  0.10425702E-29
  0.76527901E+12 -0.30229522E-29  0.90842147E-30
  0.81310895E+12 -0.29569144E-29  0.10449016E-29
  0.86093888E+12 -0.31564309E-29  0.10869689E-29
  0.90876882E+12 -0.34722465E-29  0.91168387E-30
  0.95659876E+12 -0.34883580E-29  0.49726832E-30
  0.10044287E+13 -0.33845587E-29  0.39607706E-31
  0.10522586E+13 -0.29111930E-29 -0.27286376E-30
  0.11000886E+13 -0.24977438E-29  0.26283653E-31
  0.11479185E+13 -0.26604415E-29  0.20991126E-30
  0.11957484E+13 -0.30144178E-29  0.30598528E-30
  0.12435784E+13 -0.32495556E-29 -0.25207166E-30
  0.12914083E+13 -0.30451731E-29 -0.73680064E-30
  0.13392383E+13 -0.23792343E-29 -0.94537380E-30
  0.13870682E+13 -0.21812861E-29 -0.56486335E-30
  0.14348981E+13 -0.23266171E-29 -0.42767566E-30
  0.14827281E+13 -0.26110968E-29 -0.35503379E-30
  0.15305580E+13 -0.28559926E-29 -0.83625495E-30
  0.15783880E+13 -0.26065779E-29 -0.14094908E-29
  0.16262179E+13 -0.19068174E-29 -0.13255675E-29
  0.16740478E+13 -0.18534454E-29 -0.10018720E-29
  0.17218778E+13 -0.19137791E-29 -0.89790239E-30
  0.17697077E+13 -0.23459672E-29 -0.84178620E-30
  0.18175376E+13 -0.24294661E-29 -0.14046651E-29
  0.18653676E+13 -0.18034031E-29 -0.18823586E-29
  0.19131975E+13 -0.14548416E-29 -0.15568502E-29
  0.19610275E+13 -0.14534902E-29 -0.13467782E-29
  0.20088574E+13 -0.14664112E-29 -0.11772024E-29
  0.20566873E+13 -0.20086194E-29 -0.12488413E-29
  0.21045173E+13 -0.19325236E-29 -0.19954864E-29
  0.21523472E+13 -0.11885261E-29 -0.20159596E-29
  0.22001771E+13 -0.10151521E-29 -0.17390403E-29
  0.22480071E+13 -0.10283856E-29 -0.15780888E-29
  0.22958370E+13 -0.10556035E-29 -0.13465736E-29
  0.23436670E+13 -0.15886573E-29 -0.17521219E-29
  0.23914969E+13 -0.10416163E-29 -0.22482051E-29
  0.24393268E+13 -0.65818818E-30 -0.20360328E-29
  0.24871568E+13 -0.56966718E-30 -0.18220095E-29
  0.25349867E+13 -0.56540975E-30 -0.16805280E-29
  0.25828167E+13 -0.88637388E-30 -0.14870168E-29
  0.26306466E+13 -0.96482026E-30 -0.21376823E-29
  0.26784765E+13 -0.44364254E-30 -0.22335920E-29
  0.27263065E+13 -0.17253890E-30 -0.20586683E-29
  0.27741364E+13 -0.85125805E-31 -0.18627645E-29
  0.28219663E+13 -0.77680199E-31 -0.16312949E-29
  0.28697963E+13 -0.61240291E-30 -0.17216052E-29
  0.29176262E+13 -0.24059992E-30 -0.21938214E-29
  0.29654562E+13  0.74471210E-31 -0.21439425E-29
  0.30132861E+13  0.28270826E-30 -0.20099685E-29
  0.30611160E+13  0.38617827E-30 -0.18314641E-29
  0.31089460E+13  0.35721889E-30 -0.15398461E-29
  0.31567759E+13  0.13139546E-31 -0.18622737E-29
  0.32046058E+13  0.34341151E-30 -0.20152977E-29
  0.32524358E+13  0.54200833E-30 -0.19620225E-29
  0.33002657E+13  0.72618716E-30 -0.18711659E-29
  0.33480957E+13  0.83663115E-30 -0.16751777E-29
  0.33959256E+13  0.57841319E-30 -0.14817385E-29
  0.34437555E+13  0.64368061E-30 -0.17583203E-29
  0.34915855E+13  0.85568872E-30 -0.17707554E-29
  0.35394154E+13  0.99443284E-30 -0.17164830E-29
  0.35872453E+13  0.11423011E-29 -0.16306116E-29
  0.36350753E+13  0.12529491E-29 -0.13898467E-29
  0.36829052E+13  0.10472156E-29 -0.14082483E-29
  0.37307352E+13  0.11674348E-29 -0.14657890E-29
  0.37785651E+13  0.12996889E-29 -0.14334717E-29
  0.38263950E+13  0.13983292E-29 -0.13757687E-29
  0.38742250E+13  0.15247908E-29 -0.12840239E-29
  0.39220549E+13  0.15237975E-29 -0.10933464E-29
  0.39698849E+13  0.15395712E-29 -0.11281380E-29
  0.40177148E+13  0.16010160E-29 -0.10756813E-29
  0.40655447E+13  0.16897636E-29 -0.10046670E-29
  0.41133747E+13  0.17525711E-29 -0.93069553E-30
  0.41612046E+13  0.18446458E-29 -0.81823600E-30
  0.42090345E+13  0.17872151E-29 -0.73465612E-30
  0.42568645E+13  0.19067576E-29 -0.68462571E-30
  0.43046944E+13  0.19480483E-29 -0.58298358E-30
  0.43525244E+13  0.20039120E-29 -0.48298348E-30
  0.44003543E+13  0.20348848E-29 -0.38637719E-30
  0.44481842E+13  0.20818782E-29 -0.24899633E-30
  0.44960142E+13  0.20691789E-29 -0.21466764E-30
  0.45438441E+13  0.21412262E-29 -0.10495998E-30
  0.45916740E+13  0.21713483E-29  0.20051626E-31
  0.46395040E+13  0.22016234E-29  0.14273760E-30
  0.46873339E+13  0.22141169E-29  0.27936421E-30
  0.47351639E+13  0.21525351E-29  0.41839569E-30
  0.47829938E+13  0.21830517E-29  0.47898621E-30
  0.48308237E+13  0.22126182E-29  0.60483114E-30
  0.48786537E+13  0.22086200E-29  0.74829587E-30
  0.49264836E+13  0.22040033E-29  0.88591493E-30
  0.49743136E+13  0.21971932E-29  0.10709419E-29
  0.50221435E+13  0.20966046E-29  0.11853276E-29
  0.50699734E+13  0.20671211E-29  0.13042437E-29
  0.51178034E+13  0.20312393E-29  0.14471654E-29
  0.51656333E+13  0.19723987E-29  0.16013857E-29
  0.52134632E+13  0.18951881E-29  0.17583734E-29
  0.52612932E+13  0.17646610E-29  0.19306520E-29
  0.53091231E+13  0.16407777E-29  0.20473439E-29
  0.53569531E+13  0.15054971E-29  0.21700879E-29
  0.54047830E+13  0.13545962E-29  0.22918266E-29
  0.54526129E+13  0.11590824E-29  0.23989774E-29
  0.55004429E+13  0.93612879E-30  0.24910930E-29
  0.55482728E+13  0.62911304E-30  0.24295195E-29
  0.55961027E+13  0.53811944E-30  0.23024053E-29
  0.56439327E+13  0.46973450E-30  0.22538270E-29
  0.56917626E+13  0.40589125E-30  0.22417227E-29
  0.57395926E+13  0.34266354E-30  0.22408013E-29
  0.57874225E+13  0.24379698E-30  0.22596669E-29
  0.58352524E+13  0.17019156E-30  0.22463444E-29
  0.58830824E+13  0.85702277E-31  0.22459879E-29
  0.59309123E+13  0.10435301E-31  0.22374156E-29
  0.59787422E+13 -0.58893804E-31  0.22388648E-29
  0.60265722E+13 -0.13966677E-30  0.22504520E-29
  0.60744021E+13 -0.22614551E-30  0.22445282E-29
  0.61222321E+13 -0.30862002E-30  0.22408068E-29
  0.61700620E+13 -0.38707724E-30  0.22326769E-29
  0.62178919E+13 -0.46829038E-30  0.22274624E-29
  0.62657219E+13 -0.54488928E-30  0.22197236E-29
  0.63135518E+13 -0.63546078E-30  0.22119138E-29
  0.63613818E+13 -0.71567006E-30  0.21950972E-29
  0.64092117E+13 -0.79602291E-30  0.21746017E-29
  0.64570416E+13 -0.86955707E-30  0.21599992E-29
  0.65048716E+13 -0.95075233E-30  0.21458851E-29
  0.65527015E+13 -0.10379261E-29  0.21308738E-29
  0.66005314E+13 -0.11261887E-29  0.20992195E-29
  0.66483614E+13 -0.12017703E-29  0.20648498E-29
  0.66961913E+13 -0.12743399E-29  0.20376745E-29
  0.67440213E+13 -0.13535336E-29  0.20101418E-29
  0.67918512E+13 -0.14303095E-29  0.19831845E-29
  0.68396811E+13 -0.15194150E-29  0.19462804E-29
  0.68875111E+13 -0.15983439E-29  0.18996072E-29
  0.69353410E+13 -0.16686664E-29  0.18568745E-29
  0.69831709E+13 -0.17445150E-29  0.18138569E-29
  0.70310009E+13 -0.18120422E-29  0.17719850E-29
  0.70788308E+13 -0.18967835E-29  0.17305014E-29
  0.71266608E+13 -0.19746309E-29  0.16709537E-29
  0.71744907E+13 -0.20436098E-29  0.16142534E-29
  0.72223206E+13 -0.21125184E-29  0.15547617E-29
  0.72701506E+13 -0.21728424E-29  0.14995848E-29
  0.73179805E+13 -0.22504516E-29  0.14478759E-29
  0.73658105E+13 -0.23208774E-29  0.13777946E-29
  0.74136404E+13 -0.23876894E-29  0.13090571E-29
  0.74614703E+13 -0.24489574E-29  0.12348422E-29
  0.75093003E+13 -0.25038512E-29  0.11657892E-29
  0.75571302E+13 -0.25699389E-29  0.10983924E-29
  0.76049601E+13 -0.26306419E-29  0.10199814E-29
  0.76527901E+13 -0.26889834E-29  0.93918753E-30
  0.77006200E+13 -0.27437221E-29  0.85627686E-30
  0.77484500E+13 -0.27941085E-29  0.77350176E-30
  0.77962799E+13 -0.28478698E-29  0.69174972E-30
  0.78441098E+13 -0.29010578E-29  0.60173428E-30
  0.78919398E+13 -0.29465587E-29  0.51138577E-30
  0.79397697E+13 -0.29939340E-29  0.42042811E-30
  0.79875996E+13 -0.30375731E-29  0.32916203E-30
  0.80354296E+13 -0.30895036E-29  0.24101800E-30
  0.80832595E+13 -0.31382462E-29  0.14619853E-30
  0.81310895E+13 -0.31932584E-29  0.58326038E-31
  0.81789194E+13 -0.32690931E-29 -0.25624983E-31
  0.82267493E+13 -0.33817430E-29 -0.10782419E-30
  0.82745793E+13 -0.35630084E-29 -0.18060718E-30
  0.83224092E+13 -0.39889034E-29 -0.31769697E-30
  0.83702391E+13 -0.45286143E-29 -0.17143946E-29
  0.84180691E+13 -0.35876642E-29 -0.23931302E-29
  0.84658990E+13 -0.27259254E-29 -0.23414405E-29
  0.85137290E+13 -0.21083450E-29 -0.23296125E-29
  0.85615589E+13 -0.17529464E-29 -0.19788476E-29
  0.86093888E+13 -0.11390085E-29 -0.17031107E-29
  0.86572188E+13 -0.10000499E-29 -0.12570113E-29
  0.87050487E+13 -0.95468867E-30 -0.73387279E-30
  0.87528787E+13 -0.92613776E-30 -0.22686909E-30
  0.88007086E+13 -0.13662269E-29  0.37375933E-30
  0.88485385E+13 -0.18229272E-29  0.77635468E-30
  0.88963685E+13 -0.25138941E-29  0.82387321E-30
  0.89441984E+13 -0.30440910E-29  0.72067528E-30
  0.89920283E+13 -0.34342254E-29  0.55719583E-30
  0.90398583E+13 -0.38143668E-29  0.37782975E-30
  0.90876882E+13 -0.42426659E-29  0.17331429E-30
  0.91355182E+13 -0.45942986E-29 -0.10338262E-30
  0.91833481E+13 -0.49636278E-29 -0.44081847E-30
  0.92311780E+13 -0.53485392E-29 -0.76741591E-30
  0.92790080E+13 -0.58331408E-29 -0.11575259E-29
  0.93268379E+13 -0.67144192E-29 -0.19016435E-29
  0.93746678E+13 -0.63081149E-29 -0.38872063E-29
  0.94224978E+13 -0.56375024E-29 -0.41930500E-29
  0.94703277E+13 -0.52064943E-29 -0.46414289E-29
  0.95181577E+13 -0.50010922E-29 -0.49598571E-29
  0.95659876E+13 -0.46629386E-29 -0.53833244E-29
  0.96138175E+13 -0.43854501E-29 -0.57619310E-29
  0.96616475E+13 -0.40513689E-29 -0.61395328E-29
  0.97094774E+13 -0.36469066E-29 -0.65140643E-29
  0.97573074E+13 -0.33135418E-29 -0.68730504E-29
  0.98051373E+13 -0.28884399E-29 -0.72520490E-29
  0.98529672E+13 -0.23455503E-29 -0.75737688E-29
  0.99007972E+13 -0.18781887E-29 -0.78665622E-29
  0.99486271E+13 -0.13452606E-29 -0.81317014E-29
  0.99964570E+13 -0.75396887E-30 -0.84576237E-29
  0.10044287E+14 -0.91924118E-31 -0.87223083E-29
  0.10092117E+14  0.70837209E-30 -0.89500111E-29
  0.10139947E+14  0.15604746E-29 -0.91279017E-29
  0.10187777E+14  0.25081600E-29 -0.92426450E-29
  0.10235607E+14  0.36662704E-29 -0.92953936E-29
  0.10283437E+14  0.50703552E-29 -0.90889032E-29
  0.10331267E+14  0.66990377E-29 -0.86280864E-29
  0.10379097E+14  0.87863447E-29 -0.76753412E-29
  0.10426926E+14  0.12271309E-28 -0.40196343E-29
  0.10474756E+14  0.97446326E-29  0.15911587E-29
  0.10522586E+14  0.30323339E-29  0.23825865E-29
  0.10570416E+14  0.30661792E-29 -0.50224662E-30
  0.10618246E+14  0.30839806E-29 -0.11414486E-29
  0.10666076E+14  0.31362223E-29 -0.14068122E-29
  0.10713906E+14  0.31548382E-29 -0.15286155E-29
  0.10761736E+14  0.31836517E-29 -0.15677919E-29
  0.10809566E+14  0.32093607E-29 -0.15893284E-29
  0.10857396E+14  0.32638980E-29 -0.15535560E-29
  0.10905226E+14  0.32835240E-29 -0.14969486E-29
  0.10953056E+14  0.33092685E-29 -0.14346521E-29
  0.11000886E+14  0.33445014E-29 -0.13854212E-29
  0.11048716E+14  0.34073886E-29 -0.12960062E-29
  0.11096546E+14  0.34254397E-29 -0.11989627E-29
  0.11144376E+14  0.34578568E-29 -0.11245053E-29
  0.11192205E+14  0.35248515E-29 -0.10392212E-29
  0.11240035E+14  0.35913807E-29 -0.92638814E-30
  0.11287865E+14  0.36484756E-29 -0.84054022E-30
  0.11335695E+14  0.38071625E-29 -0.68925665E-30
  0.11383525E+14  0.38954618E-29 -0.44630625E-30
  0.11431355E+14  0.39318040E-29 -0.19357333E-30
  0.11479185E+14  0.39084066E-29  0.48702779E-31
  0.11527015E+14  0.38501527E-29  0.28362430E-30
  0.11574845E+14  0.37963811E-29  0.49192221E-30
  0.11622675E+14  0.36947831E-29  0.68815904E-30
  0.11670505E+14  0.36303436E-29  0.85044712E-30
  0.11718335E+14  0.35172231E-29  0.10300857E-29
  0.11766165E+14  0.34319092E-29  0.11428485E-29
  0.11813995E+14  0.33420258E-29  0.12807655E-29
  0.11861825E+14  0.32925654E-29  0.13681292E-29
  0.11909655E+14  0.32492613E-29  0.14484604E-29
  0.11957484E+14  0.32740680E-29  0.15280120E-29
  0.12005314E+14  0.34161606E-29  0.15848560E-29
  0.12053144E+14  0.37408222E-29  0.14334327E-29
  0.12100974E+14  0.51067500E-29  0.30633910E-29
  0.12148804E+14  0.35153807E-29  0.49838305E-29
  0.12196634E+14  0.21960630E-29  0.49019781E-29
  0.12244464E+14  0.13895367E-29  0.47420152E-29
  0.12292294E+14  0.76472743E-30  0.45749329E-29
  0.12340124E+14  0.25592082E-30  0.43740232E-29
  0.12387954E+14 -0.20807518E-30  0.41609325E-29
  0.12435784E+14 -0.58838746E-30  0.39509664E-29
  0.12483614E+14 -0.93729531E-30  0.36995830E-29
  0.12531444E+14 -0.12273333E-29  0.35013080E-29
  0.12579274E+14 -0.14151876E-29  0.33398325E-29
  0.12627104E+14 -0.14429623E-29  0.39697262E-29
  0.12674934E+14 -0.33622856E-29  0.30500132E-29
  0.12722764E+14 -0.35126933E-29  0.19739853E-29
  0.12770593E+14 -0.34539068E-29  0.11516998E-29
  0.12818423E+14 -0.32196310E-29  0.47524020E-30
  0.12866253E+14 -0.29628150E-29 -0.19731942E-31
  0.12914083E+14 -0.26461141E-29 -0.42743310E-30
  0.12961913E+14 -0.23484975E-29 -0.75915432E-30
  0.13009743E+14 -0.20274219E-29 -0.10084717E-29
  0.13057573E+14 -0.16741445E-29 -0.12037984E-29
  0.13105403E+14 -0.13308701E-29 -0.13387528E-29
  0.13153233E+14 -0.97958492E-30 -0.14085050E-29
  0.13201063E+14 -0.62877224E-30 -0.14122936E-29
  0.13248893E+14 -0.28488164E-30 -0.13185156E-29
  0.13296723E+14  0.00000000E+00 -0.10265537E-29
  0.13344553E+14  0.00000000E+00 -0.79815066E-30
  0.13392383E+14  0.00000000E+00 -0.68040805E-30
  0.13440213E+14  0.00000000E+00 -0.60028632E-30
  0.13488043E+14  0.00000000E+00 -0.54201997E-30
  0.13535872E+14  0.00000000E+00 -0.49811118E-30
  0.13583702E+14  0.00000000E+00 -0.46430271E-30
  0.13631532E+14  0.00000000E+00 -0.43792402E-30
  0.13679362E+14  0.00000000E+00 -0.41718771E-30
  0.13727192E+14  0.00000000E+00 -0.40084126E-30
  0.13775022E+14  0.00000000E+00 -0.38797628E-30
  0.13822852E+14  0.00000000E+00 -0.37791601E-30
  0.13870682E+14  0.00000000E+00 -0.37014533E-30
  0.13918512E+14  0.00000000E+00 -0.36426511E-30
  0.13966342E+14  0.00000000E+00 -0.35996152E-30
  0.14014172E+14  0.00000000E+00 -0.35698467E-30
  0.14062002E+14  0.00000000E+00 -0.35513341E-30
  0.14109832E+14  0.00000000E+00 -0.35424439E-30
  0.14157662E+14  0.00000000E+00 -0.35418379E-30
  0.14205492E+14  0.00000000E+00 -0.35484131E-30
  0.14253322E+14  0.00000000E+00 -0.35612541E-30
  0.14301151E+14  0.00000000E+00 -0.35795977E-30
  0.14348981E+14  0.00000000E+00 -0.36028045E-30
  0.14396811E+14  0.00000000E+00 -0.36303370E-30
  0.14444641E+14  0.00000000E+00 -0.36617418E-30
  0.14492471E+14  0.00000000E+00 -0.36966356E-30
  0.14540301E+14  0.00000000E+00 -0.37346938E-30
  0.14588131E+14  0.00000000E+00 -0.37756415E-30
  0.14635961E+14  0.00000000E+00 -0.38192454E-30
  0.14683791E+14  0.00000000E+00 -0.38653080E-30
  0.14731621E+14  0.00000000E+00 -0.39136626E-30
  0.14779451E+14  0.00000000E+00 -0.39641685E-30
  0.14827281E+14  0.00000000E+00 -0.40167078E-30
  0.14875111E+14  0.00000000E+00 -0.40711824E-30
  0.14922941E+14  0.00000000E+00 -0.41275113E-30
  0.14970771E+14  0.00000000E+00 -0.41856288E-30
  0.15018601E+14  0.00000000E+00 -0.42454823E-30
  0.15066430E+14  0.00000000E+00 -0.43070314E-30
  0.15114260E+14  0.00000000E+00 -0.43702458E-30
  0.15162090E+14  0.00000000E+00 -0.44351051E-30
  0.15209920E+14  0.00000000E+00 -0.45015970E-30
  0.15257750E+14  0.00000000E+00 -0.45697174E-30
  0.15305580E+14  0.00000000E+00 -0.46394689E-30
  0.15353410E+14  0.00000000E+00 -0.47108611E-30
  0.15401240E+14  0.00000000E+00 -0.47839091E-30
  0.15449070E+14  0.00000000E+00 -0.48586343E-30
  0.15496900E+14  0.00000000E+00 -0.49350629E-30
  0.15544730E+14  0.00000000E+00 -0.50132267E-30
  0.15592560E+14  0.00000000E+00 -0.50931619E-30
  0.15640390E+14  0.00000000E+00 -0.51749098E-30
  0.15688220E+14  0.00000000E+00 -0.52585162E-30
  0.15736050E+14  0.00000000E+00 -0.53440313E-30
  0.15783880E+14  0.00000000E+00 -0.54315098E-30
  0.15831709E+14  0.00000000E+00 -0.55210111E-30
  0.15879539E+14  0.00000000E+00 -0.56125986E-30
  0.15927369E+14  0.00000000E+00 -0.57063407E-30
  0.15975199E+14  0.00000000E+00 -0.58023101E-30
  0.16023029E+14  0.00000000E+00 -0.59005842E-30
  0.16070859E+14  0.00000000E+00 -0.60012453E-30
  0.16118689E+14  0.00000000E+00 -0.61043805E-30
  0.16166519E+14  0.00000000E+00 -0.62100822E-30
  0.16214349E+14  0.00000000E+00 -0.63184481E-30
  0.16262179E+14  0.00000000E+00 -0.64295812E-30
  0.16310009E+14  0.00000000E+00 -0.65435907E-30
  0.16357839E+14  0.00000000E+00 -0.66605915E-30
  0.16405669E+14  0.00000000E+00 -0.67807051E-30
  0.16453499E+14  0.00000000E+00 -0.69040597E-30
  0.16501329E+14  0.00000000E+00 -0.70307905E-30
  0.16549159E+14  0.00000000E+00 -0.71610402E-30
  0.16596988E+14  0.00000000E+00 -0.72949595E-30
  0.16644818E+14  0.00000000E+00 -0.74327073E-30
  0.16692648E+14  0.00000000E+00 -0.75744517E-30
  0.16740478E+14  0.00000000E+00 -0.77203698E-30
  0.16788308E+14  0.00000000E+00 -0.78706490E-30
  0.16836138E+14  0.00000000E+00 -0.80254873E-30
  0.16883968E+14  0.00000000E+00 -0.81850939E-30
  0.16931798E+14  0.00000000E+00 -0.83496901E-30
  0.16979628E+14  0.00000000E+00 -0.85195099E-30
  0.17027458E+14  0.00000000E+00 -0.86948010E-30
  0.17075288E+14  0.00000000E+00 -0.88758256E-30
  0.17123118E+14  0.00000000E+00 -0.90628613E-30
  0.17170948E+14  0.00000000E+00 -0.92562019E-30
  0.17218778E+14  0.00000000E+00 -0.94561589E-30
  0.17266608E+14  0.00000000E+00 -0.96630623E-30
  0.17314438E+14  0.00000000E+00 -0.98772620E-30
  0.17362267E+14  0.00000000E+00 -0.10099129E-29
  0.17410097E+14  0.00000000E+00 -0.10329057E-29
  0.17457927E+14  0.00000000E+00 -0.10567466E-29
  0.17505757E+14  0.00000000E+00 -0.10814802E-29
  0.17553587E+14  0.00000000E+00 -0.11071545E-29
  0.17601417E+14  0.00000000E+00 -0.11338213E-29
  0.17649247E+14  0.00000000E+00 -0.11615380E-29
  0.17697077E+14  0.00000000E+00 -0.11903704E-29
  0.17744907E+14  0.00000000E+00 -0.12203991E-29
  0.17792737E+14 -0.17030850E-34 -0.12517271E-29
  0.17840567E+14 -0.38283553E-34 -0.12847833E-29
  0.17888397E+14  0.81182101E-33 -0.13196674E-29
  0.17936227E+14  0.30397553E-32 -0.13559377E-29
  0.17984057E+14  0.66898926E-32 -0.13926946E-29
  0.18031887E+14  0.11952424E-31 -0.14290252E-29
  0.18079717E+14  0.18607376E-31 -0.14634364E-29
  0.18127547E+14  0.25924481E-31 -0.14947691E-29
  0.18175376E+14  0.32731600E-31 -0.15202130E-29
  0.18223206E+14  0.34133220E-31 -0.15364616E-29
  0.18271036E+14  0.22361808E-31 -0.15351605E-29
  0.18318866E+14 -0.76546018E-31 -0.15119133E-29
  0.18366696E+14 -0.15130281E-30 -0.16659742E-29
  0.18414526E+14 -0.16134941E-30 -0.17344659E-29
  0.18462356E+14 -0.17959960E-30 -0.18106285E-29
  0.18510186E+14 -0.21968592E-30 -0.18987885E-29
  0.18558016E+14 -0.25707367E-30 -0.19776708E-29
  0.18605846E+14 -0.35678312E-30 -0.20432666E-29
  0.18653676E+14 -0.29504406E-30 -0.22353664E-29
  0.18701506E+14 -0.50492012E-30 -0.22975826E-29
  0.18749336E+14 -0.49707349E-30 -0.24547688E-29
  0.18797166E+14 -0.64735677E-30 -0.26618302E-29
  0.18844996E+14 -0.75373444E-30 -0.28367838E-29
  0.18892826E+14 -0.95936614E-30 -0.32667351E-29
  0.18940655E+14 -0.10429912E-29 -0.37454181E-29
  0.18988485E+14 -0.65199959E-30 -0.42213545E-29
  0.19036315E+14 -0.69638544E-30 -0.49083121E-29
  0.19084145E+14 -0.50709059E-30 -0.51639490E-29
  0.19131975E+14  0.36531584E-30 -0.56739100E-29
  0.19179805E+14  0.68285291E-30 -0.62166219E-29
  0.19227635E+14  0.95124781E-30 -0.63424501E-29
  0.19275465E+14  0.18952428E-29 -0.66400025E-29
  0.19323295E+14  0.23200428E-29 -0.68987342E-29
  0.19371125E+14  0.32187082E-29 -0.67586748E-29
  0.19418955E+14  0.36330137E-29 -0.71045598E-29
  0.19466785E+14  0.38591567E-29 -0.69371465E-29
  0.19514615E+14  0.51139049E-29 -0.69743684E-29
  0.19562445E+14  0.53806067E-29 -0.67240953E-29
  0.19610275E+14  0.65374405E-29 -0.63009578E-29
  0.19658105E+14  0.72583407E-29 -0.63578121E-29
  0.19705934E+14  0.73912934E-29 -0.56713217E-29
  0.19753764E+14  0.82661991E-29 -0.55207171E-29
  0.19801594E+14  0.84237533E-29 -0.45962874E-29
  0.19849424E+14  0.94643064E-29 -0.40367375E-29
  0.19897254E+14  0.97181654E-29 -0.36547146E-29
  0.19945084E+14  0.10123011E-28 -0.27889452E-29
  0.19992914E+14  0.10137834E-28 -0.19234730E-29
  0.20040744E+14  0.10413652E-28 -0.12198925E-29
  0.20088574E+14  0.10126185E-28 -0.89123119E-30
  0.20136404E+14  0.10017280E-28  0.32573768E-30
  0.20184234E+14  0.10796659E-28  0.61683660E-30
  0.20232064E+14  0.99486530E-29  0.96353351E-30
  0.20279894E+14  0.10850811E-28  0.20313545E-29
  0.20327724E+14  0.99058660E-29  0.22991410E-29
  0.20375554E+14  0.95519418E-29  0.37250800E-29
  0.20423384E+14  0.98136517E-29  0.36159875E-29
  0.20471213E+14  0.68396936E-29  0.43128285E-29
  0.20519043E+14  0.92532085E-29  0.48302281E-29
  0.20566873E+14  0.87445282E-29  0.30032170E-29
  0.20614703E+14  0.52734886E-29  0.35453768E-29
  0.20662533E+14  0.96059468E-29  0.48133544E-29
  0.20710363E+14  0.10406084E-28  0.28101331E-29
  0.20758193E+14  0.81855226E-29  0.51266203E-29
  0.20806023E+14  0.10008910E-28  0.71199733E-29
  0.20853853E+14  0.67978311E-29  0.66814503E-29
  0.20901683E+14  0.85257195E-29  0.24935378E-29
  0.20949513E+14  0.16250855E-28  0.52691598E-29
  0.20997343E+14  0.17627338E-28  0.12454150E-28
  0.21045173E+14  0.14113321E-28  0.20185429E-28
  0.21093003E+14  0.82986521E-29  0.25171867E-28
  0.21140833E+14  0.55454209E-30  0.27600978E-28
  0.21188663E+14 -0.86563149E-29  0.26762480E-28
  0.21236492E+14 -0.17585208E-28  0.21386972E-28
  0.21284322E+14 -0.22214793E-28  0.11647264E-28
  0.21332152E+14 -0.23665204E-28  0.12764550E-29
  0.21379982E+14 -0.16120920E-28 -0.81330041E-29
  0.21427812E+14 -0.91138325E-29 -0.10474591E-28
  0.21475642E+14 -0.29180649E-29 -0.10674378E-28
  0.21523472E+14  0.20920514E-29 -0.69252868E-29
  0.21571302E+14 -0.98942632E-30 -0.84685205E-29
  0.21619132E+14  0.41985042E-29 -0.83721770E-29
  0.21666962E+14  0.10051676E-28 -0.52683071E-29
  0.21714792E+14  0.10644815E-28 -0.10886083E-29
  0.21762622E+14  0.10184874E-28  0.17746934E-29
  0.21810452E+14  0.93427825E-29  0.38019764E-29
  0.21858282E+14  0.83961927E-29  0.52937679E-29
  0.21906112E+14  0.74331006E-29  0.63775634E-29
  0.21953942E+14  0.64898856E-29  0.71868992E-29
  0.22001771E+14  0.55798940E-29  0.77724666E-29
  0.22049601E+14  0.47458362E-29  0.81880328E-29
  0.22097431E+14  0.39443076E-29  0.84938517E-29
  0.22145261E+14  0.31948335E-29  0.86893088E-29
  0.22193091E+14  0.25011647E-29  0.88111341E-29
  0.22240921E+14  0.18564178E-29  0.88556733E-29
  0.22288751E+14  0.12405969E-29  0.88608268E-29
  0.22336581E+14  0.69195197E-30  0.88105105E-29
  0.22384411E+14  0.15398203E-30  0.87316466E-29
  0.22432241E+14 -0.32047404E-30  0.86227070E-29
  0.22480071E+14 -0.78313159E-30  0.84911606E-29
  0.22527901E+14 -0.12227620E-29  0.83376347E-29
  0.22575731E+14 -0.16133779E-29  0.81612306E-29
  0.22623561E+14 -0.19847316E-29  0.79807491E-29
  0.22671391E+14 -0.23451575E-29  0.77807103E-29
  0.22719221E+14 -0.26405363E-29  0.75773077E-29
  0.22767050E+14 -0.29499701E-29  0.73607342E-29
  0.22814880E+14 -0.32500360E-29  0.71346095E-29
  0.22862710E+14 -0.35114278E-29  0.69081777E-29
  0.22910540E+14 -0.37369724E-29  0.66775919E-29
  0.22958370E+14 -0.39673385E-29  0.64352437E-29
  0.23006200E+14 -0.41847685E-29  0.62023667E-29
  0.23054030E+14 -0.43835243E-29  0.59527854E-29
  0.23101860E+14 -0.45625729E-29  0.57155991E-29
  0.23149690E+14 -0.47268737E-29  0.54656799E-29
  0.23197520E+14 -0.48715166E-29  0.52190694E-29
  0.23245350E+14 -0.50288265E-29  0.49655660E-29
  0.23293180E+14 -0.51644846E-29  0.47240410E-29
  0.23341010E+14 -0.52720065E-29  0.44755686E-29
  0.23388840E+14 -0.53594812E-29  0.42231674E-29
  0.23436670E+14 -0.54822638E-29  0.39695498E-29
  0.23484500E+14 -0.55662329E-29  0.37224185E-29
  0.23532329E+14 -0.56424378E-29  0.34752392E-29
  0.23580159E+14 -0.57078869E-29  0.32284178E-29
  0.23627989E+14 -0.57343720E-29  0.29846198E-29
  0.23675819E+14 -0.57996952E-29  0.27304308E-29
  0.23723649E+14 -0.58604915E-29  0.24868446E-29
  0.23771479E+14 -0.58830204E-29  0.22455786E-29
  0.23819309E+14 -0.59124084E-29  0.19962190E-29
  0.23867139E+14 -0.59141971E-29  0.17522235E-29
  0.23914969E+14 -0.59170172E-29  0.15015366E-29
  0.23962799E+14 -0.59014717E-29  0.12574403E-29
  0.24010629E+14 -0.58834839E-29  0.10194561E-29
  0.24058459E+14 -0.58662884E-29  0.77269045E-30
  0.24106289E+14 -0.58268257E-29  0.53208314E-30
  0.24154119E+14 -0.57920813E-29  0.29610557E-30
  0.24201949E+14 -0.57566459E-29  0.56604784E-31
  0.24249779E+14 -0.57002434E-29 -0.19269361E-30
  0.24297609E+14 -0.56495088E-29 -0.43889684E-30
  0.24345438E+14 -0.55769447E-29 -0.69882364E-30
  0.24393268E+14 -0.54892214E-29 -0.91936008E-30
  0.24441098E+14 -0.53405954E-29 -0.11744182E-29
  0.24488928E+14 -0.52798522E-29 -0.14167114E-29
  0.24536758E+14 -0.51304529E-29 -0.16764838E-29
  0.24584588E+14 -0.50205691E-29 -0.19565290E-29
  0.24632418E+14 -0.48252697E-29 -0.22333434E-29
  0.24680248E+14 -0.46559052E-29 -0.25232983E-29
  0.24728078E+14 -0.43752312E-29 -0.28462701E-29
  0.24775908E+14 -0.39944213E-29 -0.32223209E-29
  0.24823738E+14 -0.33549593E-29 -0.33404479E-29
  0.24871568E+14 -0.29130998E-29 -0.32056040E-29
  0.24919398E+14 -0.26097120E-29 -0.31057426E-29
  0.24967228E+14 -0.23663461E-29 -0.29882741E-29
  0.25015058E+14 -0.21478128E-29 -0.28962039E-29
  0.25062888E+14 -0.19631654E-29 -0.28038210E-29
  0.25110717E+14 -0.17749903E-29 -0.27226725E-29
  0.25158547E+14 -0.16398573E-29 -0.26298179E-29
  0.25206377E+14 -0.14760005E-29 -0.25402462E-29
  0.25254207E+14 -0.13402776E-29 -0.24675374E-29
  0.25302037E+14 -0.12159573E-29 -0.23799499E-29
  0.25349867E+14 -0.11278636E-29 -0.22994427E-29
  0.25397697E+14 -0.10247064E-29 -0.22142735E-29
  0.25445527E+14 -0.92393027E-30 -0.21396342E-29
  0.25493357E+14 -0.84107115E-30 -0.20588969E-29
  0.25541187E+14 -0.76992003E-30 -0.19810968E-29
  0.25589017E+14 -0.69027893E-30 -0.19049432E-29
  0.25636847E+14 -0.63203898E-30 -0.18306621E-29
  0.25684677E+14 -0.56956811E-30 -0.17512231E-29
  0.25732507E+14 -0.50850337E-30 -0.16869927E-29
  0.25780337E+14 -0.47941794E-30 -0.16175343E-29
  0.25828167E+14 -0.43807411E-30 -0.15390492E-29
  0.25875996E+14 -0.37696322E-30 -0.14781590E-29
  0.25923826E+14 -0.36624743E-30 -0.14094415E-29
  0.25971656E+14 -0.30895864E-30 -0.13302091E-29
  0.26019486E+14 -0.31163265E-30 -0.12976259E-29
  0.26067316E+14 -0.31722791E-30 -0.12126137E-29
  0.26115146E+14 -0.24390354E-30 -0.11395164E-29
  0.26162976E+14 -0.19820163E-30 -0.11010721E-29
  0.26210806E+14 -0.36756767E-30 -0.10462288E-29
  0.26258636E+14 -0.27634229E-30 -0.97671363E-30
  0.26306466E+14 -0.23600213E-30 -0.94844046E-30
  0.26354296E+14 -0.21642765E-30 -0.91025794E-30
  0.26402126E+14 -0.27336926E-30 -0.85096423E-30
  0.26449956E+14 -0.31963235E-30 -0.82150786E-30
  0.26497786E+14 -0.32734563E-30 -0.78023611E-30
  0.26545616E+14 -0.37328835E-30 -0.74454747E-30
  0.26593446E+14 -0.40111852E-30 -0.73440205E-30
  0.26641275E+14 -0.42298292E-30 -0.71795519E-30
  0.26689105E+14 -0.46814889E-30 -0.70954497E-30
  0.26736935E+14 -0.49771538E-30 -0.69728874E-30
  0.26784765E+14 -0.54749922E-30 -0.76278934E-30
  0.26832595E+14 -0.56546153E-30 -0.74935741E-30
  0.26880425E+14 -0.65469858E-30 -0.84976891E-30
  0.26928255E+14 -0.69951635E-30 -0.98524565E-30
  0.26976085E+14 -0.75960714E-30 -0.13156538E-29
  0.27023915E+14  0.00000000E+00 -0.13271701E-29
  0.27071745E+14  0.00000000E+00 -0.10799945E-29
  0.27119575E+14  0.00000000E+00 -0.96851622E-30
  0.27167405E+14  0.00000000E+00 -0.89525824E-30
  0.27215235E+14  0.00000000E+00 -0.84015267E-30
  0.27263065E+14  0.00000000E+00 -0.79564069E-30
  0.27310895E+14  0.00000000E+00 -0.75808091E-30
  0.27358725E+14  0.00000000E+00 -0.72544918E-30
  0.27406554E+14  0.00000000E+00 -0.69650741E-30
  0.27454384E+14  0.00000000E+00 -0.67044406E-30
  0.27502214E+14  0.00000000E+00 -0.64669843E-30
  0.27550044E+14  0.00000000E+00 -0.62486665E-30
  0.27597874E+14  0.00000000E+00 -0.60464777E-30
  0.27645704E+14  0.00000000E+00 -0.58581119E-30
  0.27693534E+14  0.00000000E+00 -0.56817592E-30
  0.27741364E+14  0.00000000E+00 -0.55159708E-30
  0.27789194E+14  0.00000000E+00 -0.53595656E-30
  0.27837024E+14  0.00000000E+00 -0.52115668E-30
  0.27884854E+14  0.00000000E+00 -0.50711552E-30
  0.27932684E+14  0.00000000E+00 -0.49376356E-30
  0.27980514E+14  0.00000000E+00 -0.48104122E-30
  0.28028344E+14  0.00000000E+00 -0.46889692E-30
  0.28076174E+14  0.00000000E+00 -0.45728564E-30
  0.28124004E+14  0.00000000E+00 -0.44616782E-30
  0.28171833E+14  0.00000000E+00 -0.43550842E-30
  0.28219663E+14  0.00000000E+00 -0.42527623E-30
  0.28267493E+14  0.00000000E+00 -0.41544331E-30
  0.28315323E+14  0.00000000E+00 -0.40598449E-30
  0.28363153E+14  0.00000000E+00 -0.39687702E-30
  0.28410983E+14  0.00000000E+00 -0.38810024E-30
  0.28458813E+14  0.00000000E+00 -0.37963531E-30
  0.28506643E+14  0.00000000E+00 -0.37146499E-30
  0.28554473E+14  0.00000000E+00 -0.36357346E-30
  0.28602303E+14  0.00000000E+00 -0.35594616E-30
  0.28650133E+14  0.00000000E+00 -0.34856963E-30
  0.28697963E+14  0.00000000E+00 -0.34143142E-30
  0.28745793E+14  0.00000000E+00 -0.33451998E-30
  0.28793623E+14  0.00000000E+00 -0.32782457E-30
  0.28841453E+14  0.00000000E+00 -0.32133518E-30
  0.28889283E+14  0.00000000E+00 -0.31504246E-30
  0.28937112E+14  0.00000000E+00 -0.30893766E-30
  0.28984942E+14  0.00000000E+00 -0.30301260E-30
  0.29032772E+14  0.00000000E+00 -0.29725958E-30
  0.29080602E+14  0.00000000E+00 -0.29167137E-30
  0.29128432E+14  0.00000000E+00 -0.28624118E-30
  0.29176262E+14  0.00000000E+00 -0.28096259E-30
  0.29224092E+14  0.00000000E+00 -0.27582954E-30
  0.29271922E+14  0.00000000E+00 -0.27083633E-30
  0.29319752E+14  0.00000000E+00 -0.26597753E-30
  0.29367582E+14  0.00000000E+00 -0.26124804E-30
  0.29415412E+14  0.00000000E+00 -0.25664300E-30
  0.29463242E+14  0.00000000E+00 -0.25215779E-30
  0.29511072E+14  0.00000000E+00 -0.24778805E-30
  0.29558902E+14  0.00000000E+00 -0.24352961E-30
  0.29606732E+14  0.00000000E+00 -0.23937853E-30
  0.29654562E+14  0.00000000E+00 -0.23533103E-30
  0.29702391E+14  0.00000000E+00 -0.23138352E-30
  0.29750221E+14  0.00000000E+00 -0.22753258E-30
  0.29798051E+14  0.00000000E+00 -0.22377494E-30
  0.29845881E+14  0.00000000E+00 -0.22010750E-30
  0.29893711E+14  0.00000000E+00 -0.21652725E-30
  0.29941541E+14  0.00000000E+00 -0.21303136E-30
  0.29989371E+14  0.00000000E+00 -0.20961710E-30
  0.30037201E+14  0.00000000E+00 -0.20628186E-30
  0.30085031E+14  0.00000000E+00 -0.20302313E-30
  0.30132861E+14  0.00000000E+00 -0.19983853E-30
  0.30180691E+14  0.00000000E+00 -0.19672575E-30
  0.30228521E+14  0.00000000E+00 -0.19368260E-30
  0.30276351E+14  0.00000000E+00 -0.19070695E-30
  0.30324181E+14  0.00000000E+00 -0.18779678E-30
  0.30372011E+14  0.00000000E+00 -0.18495013E-30
  0.30419841E+14  0.00000000E+00 -0.18216513E-30
  0.30467671E+14  0.00000000E+00 -0.17943997E-30
  0.30515500E+14  0.00000000E+00 -0.17677292E-30
  0.30563330E+14  0.00000000E+00 -0.17416231E-30
  0.30611160E+14  0.00000000E+00 -0.17160653E-30
  0.30658990E+14  0.00000000E+00 -0.16910404E-30
  0.30706820E+14  0.00000000E+00 -0.16665333E-30
  0.30754650E+14  0.00000000E+00 -0.16425298E-30
  0.30802480E+14  0.00000000E+00 -0.16190159E-30
  0.30850310E+14  0.00000000E+00 -0.15959784E-30
  0.30898140E+14  0.00000000E+00 -0.15734042E-30
  0.30945970E+14  0.00000000E+00 -0.15512809E-30
  0.30993800E+14  0.00000000E+00 -0.15295966E-30
  0.31041630E+14  0.00000000E+00 -0.15083396E-30
  0.31089460E+14  0.00000000E+00 -0.14874986E-30
  0.31137290E+14  0.00000000E+00 -0.14670629E-30
  0.31185120E+14  0.00000000E+00 -0.14470219E-30
  0.31232950E+14  0.00000000E+00 -0.14273655E-30
  0.31280779E+14  0.00000000E+00 -0.14080840E-30
  0.31328609E+14  0.00000000E+00 -0.13891678E-30
  0.31376439E+14  0.00000000E+00 -0.13706077E-30
  0.31424269E+14  0.00000000E+00 -0.13523949E-30
  0.31472099E+14  0.00000000E+00 -0.13345208E-30
  0.31519929E+14  0.00000000E+00 -0.13169770E-30
  0.31567759E+14  0.00000000E+00 -0.12997554E-30
  0.31615589E+14  0.00000000E+00 -0.12828483E-30
  0.31663419E+14  0.00000000E+00 -0.12662481E-30
  0.31711249E+14  0.00000000E+00 -0.12499473E-30
  0.31759079E+14  0.00000000E+00 -0.12339390E-30
  0.31806909E+14  0.00000000E+00 -0.12182161E-30
  0.31854739E+14  0.00000000E+00 -0.12027720E-30
  0.31902569E+14  0.00000000E+00 -0.11876002E-30
  0.31950399E+14  0.00000000E+00 -0.11726943E-30
  0.31998229E+14  0.00000000E+00 -0.11580482E-30
  0.32046058E+14  0.00000000E+00 -0.11436560E-30
  0.32093888E+14  0.00000000E+00 -0.11295119E-30
  0.32141718E+14  0.00000000E+00 -0.11156103E-30
  0.32189548E+14  0.00000000E+00 -0.11019457E-30
  0.32237378E+14  0.00000000E+00 -0.10885128E-30
  0.32285208E+14  0.00000000E+00 -0.10753065E-30
  0.32333038E+14  0.00000000E+00 -0.10623218E-30
  0.32380868E+14  0.00000000E+00 -0.10495538E-30
  0.32428698E+14  0.00000000E+00 -0.10369978E-30
  0.32476528E+14  0.00000000E+00 -0.10246491E-30
  0.32524358E+14  0.00000000E+00 -0.10125034E-30
  0.32572188E+14  0.00000000E+00 -0.10005562E-30
  0.32620018E+14  0.00000000E+00 -0.98880329E-31
  0.32667848E+14  0.00000000E+00 -0.97724057E-31
  0.32715678E+14  0.00000000E+00 -0.96586402E-31
  0.32763508E+14  0.00000000E+00 -0.95466972E-31
  0.32811337E+14  0.00000000E+00 -0.94365387E-31
  0.32859167E+14  0.00000000E+00 -0.93281277E-31
  0.32906997E+14  0.00000000E+00 -0.92214280E-31
  0.32954827E+14  0.00000000E+00 -0.91164044E-31
  0.33002657E+14  0.00000000E+00 -0.90130228E-31
  0.33050487E+14  0.00000000E+00 -0.89112497E-31
  0.33098317E+14  0.00000000E+00 -0.88110526E-31
  0.33146147E+14  0.00000000E+00 -0.87123998E-31
  0.33193977E+14  0.00000000E+00 -0.86152602E-31
  0.33241807E+14  0.00000000E+00 -0.85196039E-31
  0.33289637E+14  0.00000000E+00 -0.84254013E-31
  0.33337467E+14  0.00000000E+00 -0.83326239E-31
  0.33385297E+14  0.00000000E+00 -0.82412436E-31
  0.33433127E+14  0.00000000E+00 -0.81512332E-31
  0.33480957E+14  0.00000000E+00 -0.80625660E-31
  0.33528787E+14  0.00000000E+00 -0.79752160E-31
  0.33576616E+14  0.00000000E+00 -0.78891580E-31
  0.33624446E+14  0.00000000E+00 -0.78043671E-31
  0.33672276E+14  0.00000000E+00 -0.77208193E-31
  0.33720106E+14  0.00000000E+00 -0.76384909E-31
  0.33767936E+14  0.00000000E+00 -0.75573588E-31
  0.33815766E+14  0.00000000E+00 -0.74774007E-31
  0.33863596E+14  0.00000000E+00 -0.73985946E-31
  0.33911426E+14  0.00000000E+00 -0.73209190E-31
  0.33959256E+14  0.00000000E+00 -0.72443530E-31
  0.34007086E+14  0.00000000E+00 -0.71688760E-31
  0.34054916E+14  0.00000000E+00 -0.70944681E-31
  0.34102746E+14  0.00000000E+00 -0.70211098E-31
  0.34150576E+14  0.00000000E+00 -0.69487819E-31
  0.34198406E+14  0.00000000E+00 -0.68774657E-31
  0.34246236E+14  0.00000000E+00 -0.68071431E-31
  0.34294066E+14  0.00000000E+00 -0.67377962E-31
  0.34341895E+14  0.00000000E+00 -0.66694074E-31
  0.34389725E+14  0.00000000E+00 -0.66019599E-31
  0.34437555E+14  0.00000000E+00 -0.65354368E-31
  0.34485385E+14  0.00000000E+00 -0.64698219E-31
  0.34533215E+14  0.00000000E+00 -0.64050991E-31
  0.34581045E+14  0.00000000E+00 -0.63412530E-31
  0.34628875E+14  0.00000000E+00 -0.62782682E-31
  0.34676705E+14  0.00000000E+00 -0.62161297E-31
  0.34724535E+14  0.00000000E+00 -0.61548230E-31
  0.34772365E+14  0.00000000E+00 -0.60943337E-31
  0.34820195E+14  0.00000000E+00 -0.60346478E-31
  0.34868025E+14  0.00000000E+00 -0.59757516E-31
  0.34915855E+14  0.00000000E+00 -0.59176318E-31
  0.34963685E+14  0.00000000E+00 -0.58602750E-31
  0.35011515E+14  0.00000000E+00 -0.58036686E-31
  0.35059345E+14  0.00000000E+00 -0.57477998E-31
  0.35107174E+14  0.00000000E+00 -0.56926563E-31
  0.35155004E+14  0.00000000E+00 -0.56382261E-31
  0.35202834E+14  0.00000000E+00 -0.55844974E-31
  0.35250664E+14  0.00000000E+00 -0.55314585E-31
  0.35298494E+14  0.00000000E+00 -0.54790980E-31
  0.35346324E+14  0.00000000E+00 -0.54274050E-31
  0.35394154E+14  0.00000000E+00 -0.53763683E-31
  0.35441984E+14  0.00000000E+00 -0.53259775E-31
  0.35489814E+14  0.00000000E+00 -0.52762220E-31
  0.35537644E+14  0.00000000E+00 -0.52270915E-31
  0.35585474E+14  0.00000000E+00 -0.51785760E-31
  0.35633304E+14  0.00000000E+00 -0.51306657E-31
  0.35681134E+14  0.00000000E+00 -0.50833508E-31
  0.35728964E+14  0.00000000E+00 -0.50366220E-31
  0.35776794E+14  0.00000000E+00 -0.49904699E-31
  0.35824624E+14  0.00000000E+00 -0.49448855E-31
  0.35872453E+14  0.00000000E+00 -0.48998597E-31
  0.35920283E+14  0.00000000E+00 -0.48553840E-31
  0.35968113E+14  0.00000000E+00 -0.48114496E-31
  0.36015943E+14  0.00000000E+00 -0.47680481E-31
  0.36063773E+14  0.00000000E+00 -0.47251713E-31
  0.36111603E+14  0.00000000E+00 -0.46828112E-31
  0.36159433E+14  0.00000000E+00 -0.46409596E-31
  0.36207263E+14  0.00000000E+00 -0.45996089E-31
  0.36255093E+14  0.00000000E+00 -0.45587515E-31
  0.36302923E+14  0.00000000E+00 -0.45183797E-31
  0.36350753E+14  0.00000000E+00 -0.44784862E-31
  0.36398583E+14  0.00000000E+00 -0.44390639E-31
  0.36446413E+14  0.00000000E+00 -0.44001055E-31
  0.36494243E+14  0.00000000E+00 -0.43616042E-31
  0.36542073E+14  0.00000000E+00 -0.43235531E-31
  0.36589903E+14  0.00000000E+00 -0.42859454E-31
  0.36637733E+14  0.00000000E+00 -0.42487747E-31
  0.36685562E+14  0.00000000E+00 -0.42120345E-31
  0.36733392E+14  0.00000000E+00 -0.41757183E-31
  0.36781222E+14  0.00000000E+00 -0.41398200E-31
  0.36829052E+14  0.00000000E+00 -0.41043334E-31
  0.36876882E+14  0.00000000E+00 -0.40692525E-31
  0.36924712E+14  0.00000000E+00 -0.40345715E-31
  0.36972542E+14  0.00000000E+00 -0.40002845E-31
  0.37020372E+14  0.00000000E+00 -0.39663858E-31
  0.37068202E+14  0.00000000E+00 -0.39328699E-31
  0.37116032E+14  0.00000000E+00 -0.38997312E-31
  0.37163862E+14  0.00000000E+00 -0.38669643E-31
  0.37211692E+14  0.00000000E+00 -0.38345640E-31
  0.37259522E+14  0.00000000E+00 -0.38025249E-31
  0.37307352E+14  0.00000000E+00 -0.37708421E-31
  0.37355182E+14  0.00000000E+00 -0.37395105E-31
  0.37403012E+14  0.00000000E+00 -0.37085251E-31
  0.37450841E+14  0.00000000E+00 -0.36778810E-31
  0.37498671E+14  0.00000000E+00 -0.36475735E-31
  0.37546501E+14  0.00000000E+00 -0.36175979E-31
  0.37594331E+14  0.00000000E+00 -0.35879497E-31
  0.37642161E+14  0.00000000E+00 -0.35586241E-31
  0.37689991E+14  0.00000000E+00 -0.35296168E-31
  0.37737821E+14  0.00000000E+00 -0.35009235E-31
  0.37785651E+14  0.00000000E+00 -0.34725397E-31
  0.37833481E+14  0.00000000E+00 -0.34444613E-31
  0.37881311E+14  0.00000000E+00 -0.34166840E-31
  0.37929141E+14  0.00000000E+00 -0.33892039E-31
  0.37976971E+14  0.00000000E+00 -0.33620168E-31
  0.38024801E+14  0.00000000E+00 -0.33351189E-31
  0.38072631E+14  0.00000000E+00 -0.33085061E-31
  0.38120461E+14  0.00000000E+00 -0.32821747E-31
  0.38168291E+14  0.00000000E+00 -0.32561209E-31
  0.38216120E+14  0.00000000E+00 -0.32303411E-31
  0.38263950E+14  0.00000000E+00 -0.32048314E-31
  0.38311780E+14  0.00000000E+00 -0.31795884E-31
  0.38359610E+14  0.00000000E+00 -0.31546086E-31
  0.38407440E+14  0.00000000E+00 -0.31298884E-31
  0.38455270E+14  0.00000000E+00 -0.31054245E-31
  0.38503100E+14  0.00000000E+00 -0.30812134E-31
  0.38550930E+14  0.00000000E+00 -0.30572520E-31
  0.38598760E+14  0.00000000E+00 -0.30335368E-31
  0.38646590E+14  0.00000000E+00 -0.30100648E-31
  0.38694420E+14  0.00000000E+00 -0.29868327E-31
  0.38742250E+14  0.00000000E+00 -0.29638375E-31
  0.38790080E+14  0.00000000E+00 -0.29410761E-31
  0.38837910E+14  0.00000000E+00 -0.29185455E-31
  0.38885740E+14  0.00000000E+00 -0.28962428E-31
  0.38933570E+14  0.00000000E+00 -0.28741650E-31
  0.38981399E+14  0.00000000E+00 -0.28523092E-31
  0.39029229E+14  0.00000000E+00 -0.28306727E-31
  0.39077059E+14  0.00000000E+00 -0.28092527E-31
  0.39124889E+14  0.00000000E+00 -0.27880464E-31
  0.39172719E+14  0.00000000E+00 -0.27670511E-31
  0.39220549E+14  0.00000000E+00 -0.27462643E-31
  0.39268379E+14  0.00000000E+00 -0.27256832E-31
  0.39316209E+14  0.00000000E+00 -0.27053053E-31
  0.39364039E+14  0.00000000E+00 -0.26851281E-31
  0.39411869E+14  0.00000000E+00 -0.26651490E-31
  0.39459699E+14  0.00000000E+00 -0.26453657E-31
  0.39507529E+14  0.00000000E+00 -0.26257757E-31
  0.39555359E+14  0.00000000E+00 -0.26063766E-31
  0.39603189E+14  0.00000000E+00 -0.25871661E-31
  0.39651019E+14  0.00000000E+00 -0.25681419E-31
  0.39698849E+14  0.00000000E+00 -0.25493016E-31
  0.39746678E+14  0.00000000E+00 -0.25306431E-31
  0.39794508E+14  0.00000000E+00 -0.25121641E-31
  0.39842338E+14  0.00000000E+00 -0.24938625E-31
  0.39890168E+14  0.00000000E+00 -0.24757360E-31
  0.39937998E+14  0.00000000E+00 -0.24577827E-31
  0.39985828E+14  0.00000000E+00 -0.24400004E-31
  0.40033658E+14  0.00000000E+00 -0.24223871E-31
  0.40081488E+14  0.00000000E+00 -0.24049407E-31
  0.40129318E+14  0.00000000E+00 -0.23876592E-31
  0.40177148E+14  0.00000000E+00 -0.23705408E-31
  0.40224978E+14  0.00000000E+00 -0.23535834E-31
  0.40272808E+14  0.00000000E+00 -0.23367851E-31
  0.40320638E+14  0.00000000E+00 -0.23201441E-31
  0.40368468E+14  0.00000000E+00 -0.23036585E-31
  0.40416298E+14  0.00000000E+00 -0.22873265E-31
  0.40464128E+14  0.00000000E+00 -0.22711463E-31
  0.40511957E+14  0.00000000E+00 -0.22551160E-31
  0.40559787E+14  0.00000000E+00 -0.22392341E-31
  0.40607617E+14  0.00000000E+00 -0.22234987E-31
  0.40655447E+14  0.00000000E+00 -0.22079081E-31
  0.40703277E+14  0.00000000E+00 -0.21924607E-31
  0.40751107E+14  0.00000000E+00 -0.21771548E-31
  0.40798937E+14  0.00000000E+00 -0.21619887E-31
  0.40846767E+14  0.00000000E+00 -0.21469610E-31
  0.40894597E+14  0.00000000E+00 -0.21320699E-31
  0.40942427E+14  0.00000000E+00 -0.21173139E-31
  0.40990257E+14  0.00000000E+00 -0.21026916E-31
  0.41038087E+14  0.00000000E+00 -0.20882013E-31
  0.41085917E+14  0.00000000E+00 -0.20738415E-31
  0.41133747E+14  0.00000000E+00 -0.20596109E-31
  0.41181577E+14  0.00000000E+00 -0.20455079E-31
  0.41229407E+14  0.00000000E+00 -0.20315311E-31
  0.41277236E+14  0.00000000E+00 -0.20176790E-31
  0.41325066E+14  0.00000000E+00 -0.20039504E-31
  0.41372896E+14  0.00000000E+00 -0.19903437E-31
  0.41420726E+14  0.00000000E+00 -0.19768577E-31
  0.41468556E+14  0.00000000E+00 -0.19634910E-31
  0.41516386E+14  0.00000000E+00 -0.19502423E-31
  0.41564216E+14  0.00000000E+00 -0.19371102E-31
  0.41612046E+14  0.00000000E+00 -0.19240935E-31
  0.41659876E+14  0.00000000E+00 -0.19111910E-31
  0.41707706E+14  0.00000000E+00 -0.18984012E-31
  0.41755536E+14  0.00000000E+00 -0.18857231E-31
  0.41803366E+14  0.00000000E+00 -0.18731554E-31
  0.41851196E+14  0.00000000E+00 -0.18606969E-31
  0.41899026E+14  0.00000000E+00 -0.18483464E-31
  0.41946856E+14  0.00000000E+00 -0.18361027E-31
  0.41994686E+14  0.00000000E+00 -0.18239646E-31
  0.42042516E+14  0.00000000E+00 -0.18119312E-31
  0.42090345E+14  0.00000000E+00 -0.18000011E-31
  0.42138175E+14  0.00000000E+00 -0.17881733E-31
  0.42186005E+14  0.00000000E+00 -0.17764466E-31
  0.42233835E+14  0.00000000E+00 -0.17648201E-31
  0.42281665E+14  0.00000000E+00 -0.17532926E-31
  0.42329495E+14  0.00000000E+00 -0.17418631E-31
  0.42377325E+14  0.00000000E+00 -0.17305306E-31
  0.42425155E+14  0.00000000E+00 -0.17192939E-31
  0.42472985E+14  0.00000000E+00 -0.17081521E-31
  0.42520815E+14  0.00000000E+00 -0.16971043E-31
  0.42568645E+14  0.00000000E+00 -0.16861493E-31
  0.42616475E+14  0.00000000E+00 -0.16752862E-31
  0.42664305E+14  0.00000000E+00 -0.16645141E-31
  0.42712135E+14  0.00000000E+00 -0.16538320E-31
  0.42759965E+14  0.00000000E+00 -0.16432390E-31
  0.42807795E+14  0.00000000E+00 -0.16327341E-31
  0.42855624E+14  0.00000000E+00 -0.16223164E-31
  0.42903454E+14  0.00000000E+00 -0.16119850E-31
  0.42951284E+14  0.00000000E+00 -0.16017390E-31
  0.42999114E+14  0.00000000E+00 -0.15915776E-31
  0.43046944E+14  0.00000000E+00 -0.15814998E-31
  0.43094774E+14  0.00000000E+00 -0.15715049E-31
  0.43142604E+14  0.00000000E+00 -0.15615919E-31
  0.43190434E+14  0.00000000E+00 -0.15517600E-31
  0.43238264E+14  0.00000000E+00 -0.15420084E-31
  0.43286094E+14  0.00000000E+00 -0.15323362E-31
  0.43333924E+14  0.00000000E+00 -0.15227427E-31
  0.43381754E+14  0.00000000E+00 -0.15132271E-31
  0.43429584E+14  0.00000000E+00 -0.15037885E-31
  0.43477414E+14  0.00000000E+00 -0.14944262E-31
  0.43525244E+14  0.00000000E+00 -0.14851395E-31
  0.43573074E+14  0.00000000E+00 -0.14759274E-31
  0.43620903E+14  0.00000000E+00 -0.14667894E-31
  0.43668733E+14  0.00000000E+00 -0.14577247E-31
  0.43716563E+14  0.00000000E+00 -0.14487325E-31
  0.43764393E+14  0.00000000E+00 -0.14398121E-31
  0.43812223E+14  0.00000000E+00 -0.14309628E-31
  0.43860053E+14  0.00000000E+00 -0.14221839E-31
  0.43907883E+14  0.00000000E+00 -0.14134746E-31
  0.43955713E+14  0.00000000E+00 -0.14048344E-31
  0.44003543E+14  0.00000000E+00 -0.13962625E-31
  0.44051373E+14  0.00000000E+00 -0.13877582E-31
  0.44099203E+14  0.00000000E+00 -0.13793209E-31
  0.44147033E+14  0.00000000E+00 -0.13709499E-31
  0.44194863E+14  0.00000000E+00 -0.13626446E-31
  0.44242693E+14  0.00000000E+00 -0.13544043E-31
  0.44290523E+14  0.00000000E+00 -0.13462284E-31
  0.44338353E+14  0.00000000E+00 -0.13381162E-31
  0.44386182E+14  0.00000000E+00 -0.13300672E-31
  0.44434012E+14  0.00000000E+00 -0.13220808E-31
  0.44481842E+14  0.00000000E+00 -0.13141562E-31
  0.44529672E+14  0.00000000E+00 -0.13062930E-31
  0.44577502E+14  0.00000000E+00 -0.12984905E-31
  0.44625332E+14  0.00000000E+00 -0.12907482E-31
  0.44673162E+14  0.00000000E+00 -0.12830655E-31
  0.44720992E+14  0.00000000E+00 -0.12754417E-31
  0.44768822E+14  0.00000000E+00 -0.12678764E-31
  0.44816652E+14  0.00000000E+00 -0.12603690E-31
  0.44864482E+14  0.00000000E+00 -0.12529189E-31
  0.44912312E+14  0.00000000E+00 -0.12455256E-31
  0.44960142E+14  0.00000000E+00 -0.12381885E-31
  0.45007972E+14  0.00000000E+00 -0.12309072E-31
  0.45055802E+14  0.00000000E+00 -0.12236810E-31
  0.45103632E+14  0.00000000E+00 -0.12165096E-31
  0.45151461E+14  0.00000000E+00 -0.12093922E-31
  0.45199291E+14  0.00000000E+00 -0.12023285E-31
  0.45247121E+14  0.00000000E+00 -0.11953180E-31
  0.45294951E+14  0.00000000E+00 -0.11883601E-31
  0.45342781E+14  0.00000000E+00 -0.11814543E-31
  0.45390611E+14  0.00000000E+00 -0.11746002E-31
  0.45438441E+14  0.00000000E+00 -0.11677973E-31
  0.45486271E+14  0.00000000E+00 -0.11610451E-31
  0.45534101E+14  0.00000000E+00 -0.11543432E-31
  0.45581931E+14  0.00000000E+00 -0.11476910E-31
  0.45629761E+14  0.00000000E+00 -0.11410881E-31
  0.45677591E+14  0.00000000E+00 -0.11345341E-31
  0.45725421E+14  0.00000000E+00 -0.11280285E-31
  0.45773251E+14  0.00000000E+00 -0.11215709E-31
  0.45821081E+14  0.00000000E+00 -0.11151608E-31
  0.45868911E+14  0.00000000E+00 -0.11087978E-31
  0.45916740E+14  0.00000000E+00 -0.11024815E-31
  0.45964570E+14  0.00000000E+00 -0.10962114E-31
  0.46012400E+14  0.00000000E+00 -0.10899871E-31
  0.46060230E+14  0.00000000E+00 -0.10838083E-31
  0.46108060E+14  0.00000000E+00 -0.10776744E-31
  0.46155890E+14  0.00000000E+00 -0.10715851E-31
  0.46203720E+14  0.00000000E+00 -0.10655400E-31
  0.46251550E+14  0.00000000E+00 -0.10595386E-31
  0.46299380E+14  0.00000000E+00 -0.10535807E-31
  0.46347210E+14  0.00000000E+00 -0.10476657E-31
  0.46395040E+14  0.00000000E+00 -0.10417934E-31
  0.46442870E+14  0.00000000E+00 -0.10359633E-31
  0.46490700E+14  0.00000000E+00 -0.10301751E-31
  0.46538530E+14  0.00000000E+00 -0.10244283E-31
  0.46586360E+14  0.00000000E+00 -0.10187227E-31
  0.46634190E+14  0.00000000E+00 -0.10130578E-31
  0.46682019E+14  0.00000000E+00 -0.10074333E-31
  0.46729849E+14  0.00000000E+00 -0.10018489E-31
  0.46777679E+14  0.00000000E+00 -0.99630408E-32
  0.46825509E+14  0.00000000E+00 -0.99079863E-32
  0.46873339E+14  0.00000000E+00 -0.98533216E-32
  0.46921169E+14  0.00000000E+00 -0.97990433E-32
  0.46968999E+14  0.00000000E+00 -0.97451481E-32
  0.47016829E+14  0.00000000E+00 -0.96916325E-32
  0.47064659E+14  0.00000000E+00 -0.96384933E-32
  0.47112489E+14  0.00000000E+00 -0.95857272E-32
  0.47160319E+14  0.00000000E+00 -0.95333309E-32
  0.47208149E+14  0.00000000E+00 -0.94813013E-32
  0.47255979E+14  0.00000000E+00 -0.94296350E-32
  0.47303809E+14  0.00000000E+00 -0.93783291E-32
  0.47351639E+14  0.00000000E+00 -0.93273804E-32
  0.47399469E+14  0.00000000E+00 -0.92767857E-32
  0.47447298E+14  0.00000000E+00 -0.92265422E-32
  0.47495128E+14  0.00000000E+00 -0.91766466E-32
  0.47542958E+14  0.00000000E+00 -0.91270961E-32
  0.47590788E+14  0.00000000E+00 -0.90778877E-32
  0.47638618E+14  0.00000000E+00 -0.90290185E-32
  0.47686448E+14  0.00000000E+00 -0.89804856E-32
  0.47734278E+14  0.00000000E+00 -0.89322861E-32
  0.47782108E+14  0.00000000E+00 -0.88844171E-32
  0.47829938E+14  0.00000000E+00 -0.88368759E-32
  0.47877768E+14  0.00000000E+00 -0.87896597E-32
  0.47925598E+14  0.00000000E+00 -0.87427658E-32
  0.47973428E+14  0.00000000E+00 -0.86961914E-32
  0.48021258E+14  0.00000000E+00 -0.86499338E-32
  0.48069088E+14  0.00000000E+00 -0.86039903E-32
  0.48116918E+14  0.00000000E+00 -0.85583584E-32
  0.48164748E+14  0.00000000E+00 -0.85130354E-32
  0.48212578E+14  0.00000000E+00 -0.84680187E-32
  0.48260407E+14  0.00000000E+00 -0.84233058E-32
  0.48308237E+14  0.00000000E+00 -0.83788941E-32
  0.48356067E+14  0.00000000E+00 -0.83347811E-32
  0.48403897E+14  0.00000000E+00 -0.82909643E-32
  0.48451727E+14  0.00000000E+00 -0.82474413E-32
  0.48499557E+14  0.00000000E+00 -0.82042097E-32
  0.48547387E+14  0.00000000E+00 -0.81612670E-32
  0.48595217E+14  0.00000000E+00 -0.81186108E-32
  0.48643047E+14  0.00000000E+00 -0.80762387E-32
  0.48690877E+14  0.00000000E+00 -0.80341486E-32
  0.48738707E+14  0.00000000E+00 -0.79923379E-32
  0.48786537E+14  0.00000000E+00 -0.79508045E-32
  0.48834367E+14  0.00000000E+00 -0.79095460E-32
  0.48882197E+14  0.00000000E+00 -0.78685602E-32
  0.48930027E+14  0.00000000E+00 -0.78278449E-32
  0.48977857E+14  0.00000000E+00 -0.77873978E-32
  0.49025686E+14  0.00000000E+00 -0.77472169E-32
  0.49073516E+14  0.00000000E+00 -0.77072998E-32
  0.49121346E+14  0.00000000E+00 -0.76676446E-32
  0.49169176E+14  0.00000000E+00 -0.76282490E-32
  0.49217006E+14  0.00000000E+00 -0.75891110E-32
  0.49264836E+14  0.00000000E+00 -0.75502285E-32
  0.49312666E+14  0.00000000E+00 -0.75115994E-32
  0.49360496E+14  0.00000000E+00 -0.74732216E-32
  0.49408326E+14  0.00000000E+00 -0.74350933E-32
  0.49456156E+14  0.00000000E+00 -0.73972123E-32
  0.49503986E+14  0.00000000E+00 -0.73595767E-32
  0.49551816E+14  0.00000000E+00 -0.73221845E-32
  0.49599646E+14  0.00000000E+00 -0.72850338E-32
  0.49647476E+14  0.00000000E+00 -0.72481227E-32
  0.49695306E+14  0.00000000E+00 -0.72114492E-32
  0.49743136E+14  0.00000000E+00 -0.71750115E-32
  0.49790965E+14  0.00000000E+00 -0.71388077E-32
  0.49838795E+14  0.00000000E+00 -0.71028359E-32
  0.49886625E+14  0.00000000E+00 -0.70670943E-32
  0.49934455E+14  0.00000000E+00 -0.70315811E-32
  0.49982285E+14  0.00000000E+00 -0.69962945E-32
  0.50030115E+14  0.00000000E+00 -0.69612327E-32
  0.50077945E+14  0.00000000E+00 -0.69263939E-32
  0.50125775E+14  0.00000000E+00 -0.68917765E-32
  0.50173605E+14  0.00000000E+00 -0.68573786E-32
  0.50221435E+14  0.00000000E+00 -0.68231985E-32
  0.50269265E+14  0.00000000E+00 -0.67892346E-32
  0.50317095E+14  0.00000000E+00 -0.67554851E-32
  0.50364925E+14  0.00000000E+00 -0.67219484E-32
  0.50412755E+14  0.00000000E+00 -0.66886229E-32
  0.50460585E+14  0.00000000E+00 -0.66555068E-32
  0.50508415E+14  0.00000000E+00 -0.66225986E-32
  0.50556244E+14  0.00000000E+00 -0.65898967E-32
  0.50604074E+14  0.00000000E+00 -0.65573995E-32
  0.50651904E+14  0.00000000E+00 -0.65251053E-32
  0.50699734E+14  0.00000000E+00 -0.64930127E-32
  0.50747564E+14  0.00000000E+00 -0.64611200E-32
  0.50795394E+14  0.00000000E+00 -0.64294259E-32
  0.50843224E+14  0.00000000E+00 -0.63979286E-32
  0.50891054E+14  0.00000000E+00 -0.63666267E-32
  0.50938884E+14  0.00000000E+00 -0.63355188E-32
  0.50986714E+14  0.00000000E+00 -0.63046033E-32
  0.51034544E+14  0.00000000E+00 -0.62738788E-32
  0.51082374E+14  0.00000000E+00 -0.62433439E-32
  0.51130204E+14  0.00000000E+00 -0.62129970E-32
  0.51178034E+14  0.00000000E+00 -0.61828368E-32
  0.51225864E+14  0.00000000E+00 -0.61528618E-32
  0.51273694E+14  0.00000000E+00 -0.61230707E-32
  0.51321523E+14  0.00000000E+00 -0.60934620E-32
  0.51369353E+14  0.00000000E+00 -0.60640345E-32
  0.51417183E+14  0.00000000E+00 -0.60347866E-32
  0.51465013E+14  0.00000000E+00 -0.60057172E-32
  0.51512843E+14  0.00000000E+00 -0.59768247E-32
  0.51560673E+14  0.00000000E+00 -0.59481080E-32
  0.51608503E+14  0.00000000E+00 -0.59195657E-32
  0.51656333E+14  0.00000000E+00 -0.58911964E-32
  0.51704163E+14  0.00000000E+00 -0.58629990E-32
  0.51751993E+14  0.00000000E+00 -0.58349720E-32
  0.51799823E+14  0.00000000E+00 -0.58071144E-32
  0.51847653E+14  0.00000000E+00 -0.57794247E-32
  0.51895483E+14  0.00000000E+00 -0.57519018E-32
  0.51943313E+14  0.00000000E+00 -0.57245444E-32
  0.51991143E+14  0.00000000E+00 -0.56973512E-32
  0.52038973E+14  0.00000000E+00 -0.56703212E-32
  0.52086802E+14  0.00000000E+00 -0.56434530E-32
  0.52134632E+14  0.00000000E+00 -0.56167456E-32
  0.52182462E+14  0.00000000E+00 -0.55901976E-32
  0.52230292E+14  0.00000000E+00 -0.55638079E-32
  0.52278122E+14  0.00000000E+00 -0.55375755E-32
  0.52325952E+14  0.00000000E+00 -0.55114990E-32
  0.52373782E+14  0.00000000E+00 -0.54855775E-32
  0.52421612E+14  0.00000000E+00 -0.54598097E-32
  0.52469442E+14  0.00000000E+00 -0.54341945E-32
  0.52517272E+14  0.00000000E+00 -0.54087308E-32
  0.52565102E+14  0.00000000E+00 -0.53834176E-32
  0.52612932E+14  0.00000000E+00 -0.53582537E-32
  0.52660762E+14  0.00000000E+00 -0.53332380E-32
  0.52708592E+14  0.00000000E+00 -0.53083696E-32
  0.52756422E+14  0.00000000E+00 -0.52836472E-32
  0.52804252E+14  0.00000000E+00 -0.52590699E-32
  0.52852081E+14  0.00000000E+00 -0.52346366E-32
  0.52899911E+14  0.00000000E+00 -0.52103462E-32
  0.52947741E+14  0.00000000E+00 -0.51861979E-32
  0.52995571E+14  0.00000000E+00 -0.51621904E-32
  0.53043401E+14  0.00000000E+00 -0.51383229E-32
  0.53091231E+14  0.00000000E+00 -0.51145943E-32
  0.53139061E+14  0.00000000E+00 -0.50910036E-32
  0.53186891E+14  0.00000000E+00 -0.50675499E-32
  0.53234721E+14  0.00000000E+00 -0.50442321E-32
  0.53282551E+14  0.00000000E+00 -0.50210494E-32
  0.53330381E+14  0.00000000E+00 -0.49980007E-32
  0.53378211E+14  0.00000000E+00 -0.49750850E-32
  0.53426041E+14  0.00000000E+00 -0.49523016E-32
  0.53473871E+14  0.00000000E+00 -0.49296493E-32
  0.53521701E+14  0.00000000E+00 -0.49071273E-32
  0.53569531E+14  0.00000000E+00 -0.48847347E-32
  0.53617360E+14  0.00000000E+00 -0.48624706E-32
  0.53665190E+14  0.00000000E+00 -0.48403340E-32
  0.53713020E+14  0.00000000E+00 -0.48183241E-32
  0.53760850E+14  0.00000000E+00 -0.47964399E-32
  0.53808680E+14  0.00000000E+00 -0.47746806E-32
  0.53856510E+14  0.00000000E+00 -0.47530454E-32
  0.53904340E+14  0.00000000E+00 -0.47315333E-32
  0.53952170E+14  0.00000000E+00 -0.47101434E-32
  0.54000000E+14  0.00000000E+00 -0.46888750E-32
